=== Summary for solver: VF3 ===

-- test family: er --
group | 10_time(s) | 20_time(s) | 60_time(s) | 10_alloc(B) | 20_alloc(B) | 60_alloc(B)
0 | NaN | NaN | 5.666 | NaN | NaN | 1837624
1 | NaN | NaN | 6.479 | NaN | NaN | 1828492
2 | NaN | NaN | 3.862 | NaN | NaN | 1833088
3 | NaN | 15.864 | 4.526 | NaN | 1358628 | 1834120
4 | NaN | NaN | NaN | NaN | NaN | NaN
5 | NaN | NaN | 19.766 | NaN | NaN | 1837624
6 | NaN | 22.174 | 5.168 | NaN | 1355292 | 1841404
7 | NaN | NaN | 4.272 | NaN | NaN | 1847476
8 | NaN | NaN | 3.266 | NaN | NaN | 1847932
9 | NaN | NaN | 4.684 | NaN | NaN | 1833532
10 | NaN | NaN | 21.842 | NaN | NaN | 1870168
11 | NaN | NaN | 6.443 | NaN | NaN | 1832596
12 | NaN | NaN | NaN | NaN | NaN | NaN
13 | NaN | 9.136 | 3.430 | NaN | 1347468 | 1824940
14 | NaN | NaN | NaN | NaN | NaN | NaN
15 | NaN | NaN | NaN | NaN | NaN | NaN
16 | NaN | NaN | NaN | NaN | NaN | NaN
17 | NaN | NaN | 4.917 | NaN | NaN | 1868812
18 | NaN | NaN | 3.570 | NaN | NaN | 1866292
19 | NaN | NaN | 5.007 | NaN | NaN | 1834384
20 | NaN | NaN | 1.602 | NaN | NaN | 1838716
21 | NaN | NaN | 4.495 | NaN | NaN | 1854472
22 | NaN | NaN | 2.233 | NaN | NaN | 1862824
23 | NaN | NaN | NaN | NaN | NaN | NaN
24 | NaN | NaN | 6.947 | NaN | NaN | 1846900
25 | NaN | NaN | 12.028 | NaN | NaN | 1824988
26 | NaN | NaN | 3.369 | NaN | NaN | 1825480
27 | NaN | NaN | 5.762 | NaN | NaN | 1833760
28 | NaN | NaN | NaN | NaN | NaN | NaN
29 | NaN | NaN | NaN | NaN | NaN | NaN
30 | NaN | NaN | 5.648 | NaN | NaN | 1809544
31 | NaN | NaN | NaN | NaN | NaN | NaN
32 | NaN | NaN | 5.131 | NaN | NaN | 1873948
33 | NaN | NaN | NaN | NaN | NaN | NaN
34 | NaN | NaN | NaN | NaN | NaN | NaN
35 | NaN | NaN | NaN | NaN | NaN | NaN
36 | NaN | NaN | NaN | NaN | NaN | NaN
37 | NaN | NaN | NaN | NaN | NaN | NaN
38 | NaN | NaN | NaN | NaN | NaN | NaN
39 | NaN | NaN | NaN | NaN | NaN | NaN
40 | NaN | NaN | NaN | NaN | NaN | NaN
41 | NaN | NaN | NaN | NaN | NaN | NaN
42 | NaN | NaN | 6.846 | NaN | NaN | 1826740
43 | NaN | NaN | NaN | NaN | NaN | NaN
44 | NaN | NaN | NaN | NaN | NaN | NaN
45 | NaN | NaN | NaN | NaN | NaN | NaN
46 | NaN | NaN | NaN | NaN | NaN | NaN
47 | NaN | NaN | NaN | NaN | NaN | NaN
48 | NaN | NaN | NaN | NaN | NaN | NaN
49 | NaN | NaN | NaN | NaN | NaN | NaN
50 | NaN | NaN | NaN | NaN | NaN | NaN
51 | NaN | NaN | NaN | NaN | NaN | NaN
52 | NaN | NaN | NaN | NaN | NaN | NaN
53 | NaN | NaN | NaN | NaN | NaN | NaN
54 | NaN | NaN | NaN | NaN | NaN | NaN
55 | NaN | NaN | NaN | NaN | NaN | NaN
56 | NaN | NaN | NaN | NaN | NaN | NaN
57 | NaN | NaN | NaN | NaN | NaN | NaN
58 | NaN | NaN | NaN | NaN | NaN | NaN
59 | NaN | NaN | NaN | NaN | NaN | NaN
60 | NaN | NaN | NaN | NaN | NaN | NaN
61 | NaN | NaN | NaN | NaN | NaN | NaN
62 | NaN | NaN | NaN | NaN | NaN | NaN
63 | NaN | NaN | NaN | NaN | NaN | NaN
64 | NaN | NaN | NaN | NaN | NaN | NaN
65 | NaN | NaN | NaN | NaN | NaN | NaN
66 | NaN | NaN | NaN | NaN | NaN | NaN
67 | NaN | NaN | NaN | NaN | NaN | NaN
68 | NaN | NaN | NaN | NaN | NaN | NaN
69 | NaN | NaN | NaN | NaN | NaN | NaN
70 | NaN | NaN | NaN | NaN | NaN | NaN
71 | NaN | NaN | NaN | NaN | NaN | NaN
72 | NaN | NaN | NaN | NaN | NaN | NaN
73 | NaN | NaN | NaN | NaN | NaN | NaN
74 | NaN | NaN | NaN | NaN | NaN | NaN
75 | NaN | NaN | NaN | NaN | NaN | NaN
76 | NaN | NaN | NaN | NaN | NaN | NaN
77 | NaN | NaN | NaN | NaN | NaN | NaN
78 | NaN | NaN | NaN | NaN | NaN | NaN
79 | NaN | NaN | NaN | NaN | NaN | NaN
80 | NaN | NaN | NaN | NaN | NaN | NaN
81 | NaN | NaN | NaN | NaN | NaN | NaN
82 | NaN | NaN | NaN | NaN | NaN | NaN
83 | NaN | NaN | NaN | NaN | NaN | NaN
84 | NaN | NaN | NaN | NaN | NaN | NaN
85 | NaN | 0.582 | NaN | NaN | 1398888 | NaN
86 | NaN | NaN | NaN | NaN | NaN | NaN
87 | NaN | NaN | NaN | NaN | NaN | NaN
88 | NaN | NaN | NaN | NaN | NaN | NaN
89 | NaN | NaN | NaN | NaN | NaN | NaN
90 | NaN | NaN | NaN | NaN | NaN | NaN
91 | NaN | NaN | NaN | NaN | NaN | NaN
92 | NaN | NaN | NaN | NaN | NaN | NaN
93 | NaN | NaN | NaN | NaN | NaN | NaN
94 | NaN | NaN | NaN | NaN | NaN | NaN
95 | NaN | NaN | NaN | NaN | NaN | NaN
96 | NaN | NaN | NaN | NaN | NaN | NaN
97 | NaN | NaN | NaN | NaN | NaN | NaN
98 | NaN | NaN | NaN | NaN | NaN | NaN
99 | NaN | NaN | NaN | NaN | NaN | NaN

-- test family: tree --
group | 10_time(s) | 20_time(s) | 60_time(s) | 10_alloc(B) | 20_alloc(B) | 60_alloc(B)
0 | 1.295 | 0.172 | 1.960 | 548156 | 894660 | 835660
1 | 0.169 | 0.088 | 1.684 | 700656 | 1136520 | 835660
2 | 0.165 | 1.183 | 1.836 | 731156 | 604428 | 835660
3 | 1.208 | 1.189 | 0.343 | 548204 | 604476 | 1087812
4 | 1.514 | 1.446 | 1.786 | 548108 | 604380 | 835612
5 | 0.072 | 1.119 | 1.918 | 945328 | 604476 | 835708
6 | 0.056 | 0.183 | 1.720 | 1067520 | 846576 | 835708
7 | 1.102 | 1.257 | 2.338 | 548156 | 604428 | 835660
8 | 0.039 | 1.405 | 2.002 | 1341156 | 604428 | 835660
9 | 0.268 | 0.506 | 1.991 | 639464 | 652704 | 835612
10 | 3.322 | 1.015 | 1.698 | 548156 | 604428 | 835660
11 | 0.353 | 1.383 | 0.897 | 609156 | 604428 | 961664
12 | 0.094 | 0.171 | 0.301 | 853156 | 846288 | 1213672
13 | 0.513 | 1.463 | 1.339 | 578656 | 604428 | 835660
14 | 1.271 | 1.047 | 1.424 | 548252 | 604524 | 835756
15 | 1.024 | 0.181 | 0.710 | 548156 | 846288 | 961664
16 | 0.526 | 1.049 | 0.366 | 578560 | 604380 | 1087524
17 | 0.046 | 0.091 | 1.234 | 1188656 | 1088148 | 835660
18 | 1.197 | 1.244 | 1.396 | 548204 | 604476 | 835708
19 | 0.147 | 0.133 | 1.247 | 731156 | 943032 | 835660
20 | 0.544 | 0.539 | 0.613 | 578656 | 652800 | 961664
21 | 1.185 | 0.377 | 0.713 | 548348 | 701748 | 962048
22 | 0.125 | 0.521 | 1.281 | 762424 | 652992 | 835756
23 | 0.399 | 0.280 | 1.478 | 609012 | 749352 | 835612
24 | 0.208 | 1.066 | 1.729 | 670156 | 604428 | 835660
25 | 0.094 | 0.104 | 7.801 | 853156 | 1039776 | 835660
26 | 1.027 | 0.277 | 1.589 | 548156 | 749544 | 835660
27 | 0.075 | 1.251 | 1.166 | 944656 | 604428 | 835660
28 | 0.144 | 0.514 | 2.953 | 761656 | 652800 | 835660
29 | 1.042 | 0.345 | 1.542 | 548156 | 701172 | 835660
30 | 1.098 | 1.019 | 2.061 | 548252 | 604524 | 835756
31 | 0.050 | 0.387 | 1.544 | 1127656 | 701172 | 835660
32 | 0.059 | 0.273 | 1.363 | 1066656 | 749544 | 835660
33 | 0.153 | 0.257 | 1.209 | 731492 | 749736 | 835708
34 | 0.042 | 1.165 | 2.026 | 1249656 | 604428 | 835660
35 | 0.103 | 1.435 | 0.348 | 823136 | 604476 | 1087812
36 | 0.084 | 0.092 | 0.289 | 883656 | 1088148 | 1213672
37 | 0.549 | 2.221 | 0.535 | 578560 | 604380 | 961568
38 | 0.068 | 1.168 | 2.923 | 975876 | 604476 | 835708
39 | 0.045 | 0.130 | 2.262 | 1221364 | 943800 | 835756
40 | 1.318 | 0.533 | 1.418 | 548156 | 652800 | 835660
41 | 1.965 | 1.136 | 1.491 | 548156 | 604428 | 835660
42 | 0.143 | 1.161 | 1.219 | 730820 | 604380 | 835612
43 | 1.029 | 1.308 | 0.278 | 548204 | 604476 | 1213864
44 | 0.341 | 0.277 | 1.317 | 609156 | 749544 | 835660
45 | 0.350 | 0.532 | 1.428 | 609012 | 652704 | 835612
46 | 0.078 | 0.261 | 1.468 | 914156 | 749544 | 835660
47 | 0.203 | 0.509 | 1.460 | 670156 | 652800 | 835660
48 | 0.502 | 0.150 | 1.321 | 578560 | 894324 | 835612
49 | 0.208 | 6.166 | 0.505 | 670156 | 604428 | 961664
50 | 0.519 | 1.162 | 1.487 | 578656 | 604428 | 835660
51 | 0.361 | 0.175 | 1.102 | 609156 | 846288 | 835660
52 | 0.209 | 0.335 | 1.302 | 670156 | 701172 | 835660
53 | 0.252 | 1.051 | 1.210 | 639656 | 604428 | 835660
54 | 0.063 | 0.341 | 1.447 | 1005656 | 701172 | 835660
55 | 0.213 | 0.516 | 1.707 | 670396 | 652896 | 835708
56 | 0.054 | 0.172 | 1.371 | 1096244 | 846000 | 835612
57 | 0.146 | 0.200 | 1.212 | 731156 | 797916 | 835660
58 | 0.521 | 0.547 | 1.026 | 578656 | 652800 | 835660
59 | 0.252 | 0.165 | 4.056 | 639656 | 894660 | 835660
60 | 0.255 | 0.590 | 0.296 | 639656 | 652800 | 1213672
61 | 0.060 | 2.107 | 1.436 | 1036156 | 604428 | 835660
62 | 0.139 | 1.046 | 1.272 | 761656 | 604428 | 835660
63 | 0.502 | 0.353 | 0.751 | 578656 | 701172 | 961664
64 | 1.089 | 0.169 | 0.468 | 548108 | 846000 | 1087524
65 | 0.363 | 1.004 | NaN | 609300 | 604476 | NaN
66 | 0.204 | 4.583 | 1.444 | 670156 | 604428 | 835660
67 | 0.253 | 0.598 | NaN | 639656 | 652800 | NaN
68 | 0.341 | 0.284 | 1.103 | 609300 | 749736 | 835708
69 | 1.021 | 0.274 | 1.123 | 548108 | 749352 | 835612
70 | 0.250 | 1.024 | 1.462 | 639656 | 604428 | 835660
71 | 0.087 | 0.364 | 1.067 | 883656 | 701172 | 835660
72 | 1.353 | 0.362 | 0.634 | 548156 | 701172 | 961664
73 | 0.211 | 0.171 | 0.502 | 670156 | 846288 | 961664
74 | 0.102 | 0.592 | 1.283 | 822176 | 652704 | 835612
75 | 0.074 | 0.161 | 1.571 | 944656 | 894660 | 835660
76 | 0.043 | 0.271 | 1.216 | 1249656 | 749544 | 835660
77 | 0.080 | 0.104 | 1.132 | 914156 | 1039776 | 835660
78 | 0.079 | 1.007 | 1.086 | 914156 | 604428 | 835660
79 | 0.260 | 0.364 | 1.118 | 639656 | 701172 | 835660
80 | 0.102 | 1.024 | 1.511 | 822656 | 604428 | 835660
81 | 0.260 | 0.378 | 0.855 | 639656 | 701172 | 961664
82 | 0.149 | 0.095 | 1.302 | 731156 | 1088148 | 835660
83 | 0.145 | 1.067 | 0.744 | 731492 | 604476 | 961760
84 | 0.253 | 0.260 | 1.013 | 639656 | 749544 | 835660
85 | 0.208 | 0.172 | 0.415 | 670156 | 846288 | 1087668
86 | 0.629 | 0.583 | 1.227 | 578656 | 652800 | 835660
87 | 0.204 | 36.384 | 0.406 | 670396 | 604476 | 1087812
88 | 1.083 | 0.284 | 1.438 | 548252 | 749928 | 835756
89 | 0.214 | 0.260 | 1.102 | 670396 | 749736 | 835708
90 | 0.170 | 0.200 | 0.404 | 700656 | 797916 | 1087668
91 | 0.261 | 0.536 | 1.080 | 639464 | 652704 | 835612
92 | 0.147 | 0.131 | 1.182 | 731492 | 943416 | 835708
93 | 1.099 | 0.542 | 0.384 | 548108 | 652704 | 1087524
94 | 0.168 | 0.148 | 0.377 | 700656 | 894660 | 1087668
95 | 0.065 | 0.346 | 0.575 | 1005656 | 701172 | 961664
96 | 0.072 | 0.093 | 1.248 | 944656 | 1088148 | 835660
97 | 0.257 | 0.503 | 0.567 | 639464 | 652704 | 961568
98 | 0.144 | 0.513 | 0.460 | 731156 | 652800 | 1087668
99 | 0.259 | 0.201 | 1.030 | 639848 | 798156 | 835708

-- test family: scale_free --
group | 10_time(s) | 20_time(s) | 60_time(s) | 10_alloc(B) | 20_alloc(B) | 60_alloc(B)
0 | 0.739 | 0.308 | 0.336 | 774844 | 968940 | 1376820
1 | 0.261 | 23.141 | 8.901 | 855608 | 809976 | 1117708
2 | 1.217 | NaN | 0.590 | 740672 | NaN | 1245716
3 | NaN | NaN | 0.302 | NaN | NaN | 1511248
4 | 0.504 | 0.431 | 2.236 | 776416 | 915012 | 1114720
5 | 0.158 | 0.109 | 0.252 | 935180 | 1266876 | 1500460
6 | NaN | NaN | 2.149 | NaN | NaN | 1112860
7 | 1.698 | 2.287 | 33.034 | 740960 | 807852 | 1114144
8 | NaN | 0.816 | 1.149 | NaN | 859860 | 1114060
9 | 11.760 | 0.256 | 2.294 | 740696 | 969264 | 1114240
10 | 8.990 | NaN | 7.982 | 741512 | NaN | 1115056
11 | 14.596 | 0.675 | 1.805 | 740696 | 868680 | 1114600
12 | 33.226 | 0.844 | 0.367 | 738212 | 860112 | 1373256
13 | 0.568 | 1.059 | 1.459 | 772588 | 811464 | 1116856
14 | 0.802 | NaN | 0.279 | 771280 | NaN | 1499200
15 | 0.637 | 0.784 | 0.372 | 771448 | 858552 | 1375056
16 | NaN | 2.630 | 1.724 | NaN | 810960 | 1114732
17 | NaN | 0.543 | 0.579 | NaN | 862176 | 1245920
18 | 0.409 | NaN | 0.709 | 809172 | NaN | 1247288
19 | 1.009 | NaN | 0.539 | 738200 | NaN | 1244732
20 | 4.965 | NaN | 1.111 | 738632 | NaN | 1115776
21 | NaN | NaN | 0.402 | NaN | NaN | 1375236
22 | NaN | NaN | 1.307 | NaN | NaN | 1115968
23 | NaN | NaN | 0.555 | NaN | NaN | 1242320
24 | NaN | 39.732 | 1.902 | NaN | 809316 | 1115968
25 | NaN | 1.204 | 2.265 | NaN | 809820 | 1116292
26 | 11.725 | NaN | 0.530 | 738296 | NaN | 1244384
27 | 1.195 | 32.444 | 1.726 | 739448 | 805440 | 1114972
28 | 9.549 | 0.592 | 1.253 | 737384 | 859716 | 1117408
29 | NaN | 1.196 | 11.090 | NaN | 807516 | 1113268
30 | 1.252 | 1.289 | 1.861 | 739400 | 808992 | 1112584
31 | 2.608 | NaN | 1.029 | 740360 | NaN | 1113004
32 | NaN | 2.518 | 2.637 | NaN | 809304 | 1114156
33 | NaN | NaN | 2.141 | NaN | NaN | 1114900
34 | NaN | 3.948 | 1.380 | NaN | 809412 | 1115344
35 | NaN | 19.698 | 0.763 | NaN | 808548 | 1243544
36 | 18.131 | 1.686 | 3.020 | 738956 | 810348 | 1113760
37 | 2.761 | NaN | 1.509 | 738920 | NaN | 1116244
38 | 2.679 | NaN | 2.678 | 742208 | NaN | 1117372
39 | 1.884 | NaN | 1.942 | 739460 | NaN | 1114804
40 | 20.187 | NaN | NaN | 739700 | NaN | NaN
41 | NaN | NaN | 2.411 | NaN | NaN | 1115344
42 | NaN | NaN | 8.728 | NaN | NaN | 1114792
43 | NaN | NaN | 2.992 | NaN | NaN | 1113196
44 | NaN | 21.238 | NaN | NaN | 807180 | NaN
45 | NaN | NaN | 9.228 | NaN | NaN | 1115560
46 | 12.606 | 2.318 | 2.849 | 740720 | 810852 | 1113004
47 | NaN | 23.009 | 4.850 | NaN | 812268 | 1115860
48 | NaN | NaN | 4.004 | NaN | NaN | 1115548
49 | NaN | NaN | 12.568 | NaN | NaN | 1114900
50 | NaN | 7.080 | 15.340 | NaN | 812100 | 1115512
51 | 6.627 | NaN | 3.349 | 740744 | NaN | 1116808
52 | NaN | NaN | 6.020 | NaN | NaN | 1114144
53 | 8.181 | 3.302 | 8.885 | 738764 | 811056 | 1115188
54 | NaN | 3.734 | NaN | NaN | 810096 | NaN
55 | NaN | NaN | 23.876 | NaN | NaN | 1114900
56 | NaN | 8.969 | NaN | NaN | 807852 | NaN
57 | NaN | NaN | 2.371 | NaN | NaN | 1116280
58 | NaN | NaN | NaN | NaN | NaN | NaN
59 | 10.764 | 21.851 | NaN | 742772 | 810204 | NaN
60 | NaN | NaN | 14.028 | NaN | NaN | 1114576
61 | NaN | 1.873 | 2.948 | NaN | 805620 | 1114072
62 | 1.656 | NaN | 7.264 | 740876 | NaN | 1114240
63 | NaN | NaN | NaN | NaN | NaN | NaN
64 | NaN | NaN | 11.144 | NaN | NaN | 1113748
65 | NaN | NaN | NaN | NaN | NaN | NaN
66 | NaN | NaN | 6.541 | NaN | NaN | 1111444
67 | NaN | 3.760 | 2.569 | NaN | 810456 | 1114228
68 | NaN | NaN | 7.519 | NaN | NaN | 1116004
69 | NaN | 14.064 | 3.353 | NaN | 812100 | 1112452
70 | NaN | NaN | NaN | NaN | NaN | NaN
71 | NaN | 13.460 | 12.029 | NaN | 809544 | 1115116
72 | NaN | NaN | 5.375 | NaN | NaN | 1117204
73 | NaN | 4.107 | 3.139 | NaN | 811440 | 1116112
74 | NaN | NaN | 8.880 | NaN | NaN | 1116172
75 | NaN | NaN | NaN | NaN | NaN | NaN
76 | NaN | NaN | 7.357 | NaN | NaN | 1114084
77 | NaN | NaN | NaN | NaN | NaN | NaN
78 | NaN | NaN | NaN | NaN | NaN | NaN
79 | NaN | NaN | 1.361 | NaN | NaN | 1110052
80 | 2.544 | NaN | 20.228 | 740672 | NaN | 1113316
81 | 4.461 | 2.110 | 8.557 | 740300 | 809352 | 1114384
82 | 10.792 | NaN | 5.717 | 737804 | NaN | 1113868
83 | NaN | NaN | 6.240 | NaN | NaN | 1115368
84 | NaN | NaN | NaN | NaN | NaN | NaN
85 | NaN | NaN | NaN | NaN | NaN | NaN
86 | NaN | NaN | 12.067 | NaN | NaN | 1116412
87 | NaN | 11.422 | 7.540 | NaN | 810888 | 1117000
88 | NaN | NaN | 12.009 | NaN | NaN | 1115380
89 | NaN | 5.692 | NaN | NaN | 807564 | NaN
90 | NaN | NaN | 5.849 | NaN | NaN | 1117108
91 | NaN | NaN | 6.890 | NaN | NaN | 1115356
92 | 11.612 | NaN | 3.391 | 738464 | NaN | 1112908
93 | NaN | 5.429 | NaN | NaN | 810744 | NaN
94 | NaN | NaN | 3.528 | NaN | NaN | 1115956
95 | NaN | NaN | 6.529 | NaN | NaN | 1115632
96 | NaN | NaN | 3.442 | NaN | NaN | 1114336
97 | NaN | NaN | NaN | NaN | NaN | NaN
98 | NaN | NaN | NaN | NaN | NaN | NaN
99 | NaN | NaN | NaN | NaN | NaN | NaN

