100
3 26 71 86
2 44 51
2 52 83
3 32 72 96
1 6
3 7 69 76
4 4 46 51 88
3 5 42 97
2 25 32
1 63
4 16 29 78 91
7 12 15 16 23 43 78 79
5 61 11 29 38 72
2 62 48
3 27 49 83
5 57 11 35 83 93
2 10 11
3 64 53 70
2 54 33
2 26 89
1 91
3 74 84 87
2 59 67
2 11 46
4 54 29 31 46
4 57 8 87 91
5 0 19 47 52 78
3 14 66 95
2 58 48
4 10 12 24 85
2 82 85
2 24 40
3 3 8 91
4 18 72 34 46
4 71 78 33 41
2 15 92
3 67 69 95
1 93
1 12
1 63
2 68 31
1 34
3 7 72 96
1 11
3 1 48 99
3 63 78 49
6 6 59 23 24 77 33
2 59 26
4 13 28 44 91
2 14 45
1 81
3 1 6 81
3 2 26 96
2 17 90
4 18 24 60 76
3 58 77 90
2 84 88
2 15 25
3 55 28 79
6 22 46 47 75 76 92
3 54 77 94
4 12 63 71 76
3 13 84 95
5 9 61 39 45 87
4 17 79 81 98
2 73 97
2 27 92
4 22 36 69 90
2 40 72
3 5 67 36
1 17
3 0 61 34
7 3 12 68 33 42 84 88
2 65 96
2 21 88
2 59 94
5 54 5 59 61 79
3 55 60 46
6 10 11 26 34 45 81
5 58 11 64 76 96
1 88
4 64 78 50 51
1 30
4 2 14 15 96
4 56 62 72 21
2 29 30
2 0 91
3 63 21 25
5 56 6 72 74 80
1 19
3 55 67 53
7 10 20 25 32 86 48 94
3 59 66 35
2 15 37
3 60 75 91
3 62 27 36
6 3 73 79 83 42 52
2 7 65
1 64
1 44
