200
5 19 97 111 151 166
2 22 194
4 29 44 152 154
5 12 17 135 147 163
2 169 193
4 35 50 111 125
2 167 196
3 51 79 134
5 116 66 89 91 174
2 52 141
7 19 69 92 107 111 156 176
1 68
2 3 64
5 64 137 148 152 193
3 132 167 188
5 115 20 38 151 194
1 143
3 3 38 135
4 112 28 45 177
9 0 113 10 47 68 70 76 109 168
3 15 128 53
4 24 45 69 94
3 1 45 181
3 143 171 194
4 21 42 70 177
1 89
2 75 195
1 38
6 123 125 18 32 102 180
4 2 48 159 176
3 137 33 164
7 115 129 139 69 74 157 165
5 119 28 153 156 159
4 134 30 40 191
5 131 143 73 184 190
2 5 145
3 122 180 182
2 129 95
8 120 15 17 27 145 47 68 82
3 118 76 168
2 33 86
1 108
6 115 24 149 106 161 173
3 80 153 155
5 2 118 134 108 192
6 18 21 22 138 104 170
2 115 165
3 19 38 74
2 29 151
2 177 182
3 5 76 176
5 7 122 125 147 193
4 9 142 148 169
6 20 129 149 67 76 198
2 127 175
2 80 165
5 126 135 93 190 193
4 113 123 140 178
6 133 149 67 162 163 189
1 194
1 70
2 93 193
2 115 104
2 156 166
3 12 13 195
2 161 101
8 8 121 141 106 179 184 188 196
8 123 138 53 58 89 94 97 182
3 11 19 38
5 10 21 137 31 80
4 19 24 142 60
1 81
3 116 76 85
2 143 34
6 130 31 47 155 110 191
3 26 159 195
5 19 39 50 53 72
3 85 185 195
2 166 90
3 7 120 85
7 120 43 55 69 171 98 183
2 71 181
4 116 38 182 191
2 119 127
2 113 164
4 130 72 77 79
3 128 40 169
2 116 92
6 122 129 143 152 96 111
5 8 126 25 67 193
2 78 96
1 8
4 10 136 169 87
5 124 56 61 161 185
2 21 67
1 37
2 88 90
6 0 121 152 67 191 197
1 80
3 119 162 197
1 103
3 152 65 110
3 135 28 154
3 156 188 100
4 116 124 45 62
1 197
2 42 66
2 10 138
3 142 41 44
3 19 147 163
5 137 74 183 192 101
4 0 5 10 88
4 18 117 190 197
3 19 57 84
4 118 132 172 195
6 15 31 42 46 62 193
7 8 72 82 87 104 136 171
5 112 149 173 185 198
4 114 39 44 139
3 32 83 99
3 38 79 80
3 66 97 138
3 36 51 88
6 28 57 67 147 153 175
3 93 104 199
4 5 28 51 126
5 125 56 89 138 150
4 54 83 136 193
2 20 86
6 31 37 53 88 139 144
3 74 85 199
3 34 133 164
4 114 14 152 159
3 131 58 185
5 7 33 44 175 193
4 3 17 56 102
6 116 127 92 162 170 180
8 13 30 69 110 169 175 189 199
7 121 126 45 67 107 145 154
3 118 129 31
3 57 153 165
4 9 66 158 173
3 52 70 108
5 16 23 34 73 88
2 129 152
6 138 35 38 163 188 192
1 182
4 3 123 51 109
4 13 52 177 179
4 117 42 53 58
1 126
3 0 15 48
8 2 13 132 144 88 97 101 187
6 123 32 140 43 160 188
4 2 138 102 180
2 43 74
4 10 32 63 103
1 31
2 141 192
4 132 29 32 75
2 153 193
3 42 65 93
4 136 58 99 199
4 3 145 58 109
3 131 30 84
5 31 140 46 55 183
3 0 63 78
2 6 14
2 19 39
6 4 137 52 86 92 171
3 136 45 188
5 116 23 169 80 189
2 114 185
3 117 141 42
1 8
7 123 134 137 54 185 186 194
3 10 29 50
4 18 24 148 49
1 57
2 148 66
5 136 28 36 154 193
3 22 81 193
5 146 36 49 67 82
3 165 80 110
2 34 66
7 117 133 77 172 175 93 190
1 175
3 152 194 196
6 14 145 153 66 170 103
3 137 58 171
4 112 34 56 185
4 33 74 82 97
4 145 44 158 110
12 115 4 13 127 134 51 56 61 160 89 180 181
6 1 15 23 59 175 187
5 114 26 64 75 77
3 6 66 187
4 112 97 99 105
2 117 53
4 124 130 137 162
