1000
12 245 316 362 449 461 578 610 660 699 715 818 907
8 46 107 113 133 202 595 625 818
12 57 151 214 307 488 538 659 721 797 931 945 962
7 162 174 362 418 485 757 932
3 201 530 829
12 16 19 54 137 152 202 256 375 465 471 567 661
8 227 376 390 712 737 790 829 879
7 225 275 433 634 650 679 858
9 57 166 182 299 357 504 778 890 940
13 29 246 298 373 412 485 660 703 759 768 797 871 907
7 265 412 648 651 758 859 936
8 95 163 260 588 597 796 806 926
5 64 619 620 664 731
6 110 480 606 724 787 908
7 346 357 460 710 735 852 866
7 505 596 757 777 778 836 864
10 5 71 136 182 253 310 320 717 854 910
10 218 320 360 407 447 637 699 839 882 983
10 50 229 337 363 733 823 827 875 914 973
13 5 30 118 187 264 294 328 355 417 553 582 594 798
10 23 39 60 250 298 413 453 788 864 952
6 83 488 556 629 841 931
12 111 217 256 428 438 543 550 570 582 649 944 961
10 20 70 98 268 385 401 427 583 636 824
13 155 161 325 350 466 472 481 512 664 776 945 977 981
11 143 178 358 421 480 712 717 771 944 966 992
8 44 182 285 325 373 460 651 893
7 44 101 683 734 736 824 846
11 115 160 325 345 374 395 628 752 870 876 966
11 9 126 187 204 329 339 581 739 785 830 867
9 19 91 175 188 224 243 448 475 608
7 35 600 721 737 791 914 939
13 175 256 303 321 407 474 481 514 535 691 781 850 915
10 49 76 532 654 674 741 841 929 932 960
11 71 90 249 313 323 361 452 647 756 768 906
11 31 84 253 352 370 386 406 523 547 652 683
3 137 478 963
14 158 164 288 307 338 434 504 509 571 681 689 738 902 990
9 140 161 281 424 672 849 858 930 937
7 20 75 220 776 802 849 915
12 49 101 102 106 175 223 387 496 510 596 628 647
9 47 186 212 324 461 560 582 808 900
12 133 192 275 295 300 317 355 467 544 560 633 894
8 62 130 320 387 645 688 710 806
12 26 27 173 268 325 337 509 555 765 843 844 916
7 131 239 424 516 719 922 940
10 1 81 166 198 256 489 517 519 594 651
13 41 156 269 280 288 452 552 598 629 737 743 776 955
10 145 248 302 323 524 560 601 704 742 998
8 33 40 144 272 383 390 405 915
11 18 102 149 174 270 418 486 643 729 736 848
14 141 152 206 221 223 298 299 323 455 527 653 734 940 983
9 214 249 252 306 522 628 671 862 939
20 127 150 171 219 306 383 433 502 550 595 622 682 713 743 783 808 852 858 883 900
10 5 126 167 195 374 402 404 421 498 766
9 58 85 348 459 462 615 742 876 965
5 195 261 394 600 864
9 2 8 119 239 386 398 445 565 632
12 55 106 143 144 162 327 426 504 563 686 741 757
3 294 613 837
13 20 156 203 235 377 395 423 479 522 811 911 918 962
7 387 674 750 784 874 898 930
12 43 111 171 215 415 569 610 715 716 729 758 771
13 198 317 333 399 415 507 548 596 683 685 701 889 993
10 12 86 139 349 370 400 465 495 611 697
15 92 202 235 285 336 392 499 566 590 635 651 767 881 921 952
14 150 345 379 517 522 559 564 663 682 700 794 879 934 944
4 498 529 675 807
10 71 327 453 461 538 642 709 783 808 977
14 98 378 421 435 451 488 557 619 664 725 793 943 965 989
7 23 114 326 507 616 779 781
9 16 34 68 596 625 703 713 794 903
16 98 102 139 341 412 439 474 532 576 634 648 717 812 854 862 991
10 86 125 302 392 443 520 545 566 633 938
11 117 135 194 222 364 439 511 670 790 828 846
9 39 270 347 379 447 650 791 811 935
11 33 103 136 146 297 351 476 488 622 728 766
4 546 683 743 938
9 142 249 329 338 361 648 731 745 789
7 226 251 409 674 729 853 882
10 278 293 351 433 436 676 759 842 881 975
9 46 218 225 284 564 669 737 750 839
5 304 320 339 866 921
12 21 94 102 330 350 508 558 661 817 877 917 963
17 35 99 107 164 259 291 295 325 342 357 674 763 769 790 827 831 894
7 55 97 313 314 695 763 837
10 64 73 296 508 529 712 724 749 772 811
6 132 251 280 360 514 981
5 434 797 838 851 888
7 379 442 495 570 857 928 985
6 34 164 433 589 590 839
15 30 121 157 185 187 222 274 317 434 512 525 733 842 925 932
8 65 378 403 410 825 835 840 984
15 115 149 177 251 253 287 330 432 438 481 581 597 795 811 930
18 83 100 113 344 462 469 579 601 622 650 815 820 824 836 864 907 915 960
9 11 313 367 475 583 671 699 702 826
9 294 302 339 340 396 805 893 923 980
9 85 320 342 452 544 625 933 941 975
9 23 69 72 134 491 563 635 783 868
6 84 168 194 441 453 952
8 94 364 405 546 801 887 932 950
8 27 40 142 240 285 388 593 908
15 40 50 72 83 171 246 387 435 513 581 706 724 773 777 975
10 76 169 345 396 459 476 640 799 847 918
11 161 179 187 219 464 555 586 630 673 881 948
8 224 283 409 612 682 796 878 914
11 40 58 146 284 309 390 416 630 715 821 995
7 1 84 154 740 756 948 995
11 131 286 369 412 439 453 548 708 749 950 975
12 139 165 316 343 368 376 550 638 738 769 892 970
12 13 163 202 288 296 352 500 555 601 650 665 682
12 22 62 123 340 376 420 448 455 613 647 754 983
7 317 326 327 529 733 820 971
12 1 94 147 162 332 345 394 396 472 484 615 775
9 70 265 281 488 553 577 590 774 788
16 28 93 254 258 318 401 540 636 759 800 870 896 910 928 949 986
10 125 217 239 303 317 710 719 786 910 958
8 74 150 189 224 424 524 527 810
3 19 324 677
9 57 147 399 403 434 451 577 634 999
5 128 216 332 342 411
11 91 145 151 155 196 271 287 413 703 912 992
4 529 611 861 949
4 111 167 352 879
11 227 346 414 518 571 647 684 714 911 915 994
12 73 116 222 268 396 397 455 633 682 838 853 978
9 29 54 379 754 861 870 877 926 957
10 53 167 171 266 303 520 684 832 856 901
9 120 158 329 381 554 707 767 787 830
8 186 289 563 601 664 783 861 904
8 43 194 300 374 405 633 644 810
10 45 108 199 382 453 518 535 643 817 918
7 87 134 197 724 782 811 990
14 1 42 161 189 195 278 629 781 812 828 909 937 955 999
11 98 132 244 262 319 397 699 717 886 894 970
13 74 176 283 288 434 606 647 813 851 900 923 966 984
12 16 76 447 454 496 507 654 663 683 685 749 906
6 5 36 158 171 632 924
11 177 196 210 345 370 558 611 695 722 795 822
10 64 72 109 194 282 358 547 698 732 801
10 38 253 338 426 428 443 457 648 667 698
10 51 283 488 536 577 650 757 857 894 944
9 78 101 171 565 879 890 901 917 946
10 25 58 167 382 388 552 633 846 951 992
8 49 58 504 536 693 730 880 983
12 48 121 293 464 476 502 553 605 633 659 680 777
12 76 106 179 448 555 683 765 807 851 863 905 976
8 113 119 346 369 395 516 632 944
7 355 645 747 752 836 845 971
4 50 93 242 416
14 53 66 117 184 210 277 303 369 483 609 706 715 822 836
6 2 121 539 649 745 995
12 5 51 308 390 467 555 570 584 799 845 955 971
9 156 179 185 307 441 491 744 828 890
7 107 173 242 488 610 667 864
7 24 121 259 279 963 988 993
12 47 60 153 249 282 360 432 620 629 727 898 942
15 91 170 249 452 505 526 559 648 657 702 754 816 874 927 948
6 37 128 137 423 427 903
4 192 373 569 955
11 28 212 329 471 491 622 728 743 916 978 993
15 24 38 104 133 184 188 237 335 442 478 592 662 672 695 794
11 3 58 113 179 186 272 322 724 734 818 855
9 11 110 338 357 450 489 575 640 760
11 37 84 90 245 315 319 324 458 683 868 952
6 109 223 446 772 869 995
16 8 46 176 202 203 513 551 580 599 612 673 687 788 820 889 979
11 54 123 127 143 322 377 419 736 779 811 814
8 99 201 225 508 556 599 907 918
4 103 406 407 585
10 157 296 398 431 461 541 575 618 829 859
16 53 62 102 127 137 142 180 298 313 355 522 533 693 765 818 953
10 184 204 257 295 304 343 351 564 810 864
12 44 154 181 218 320 370 419 441 501 642 709 768
17 3 50 199 231 259 273 282 309 356 470 579 794 801 802 805 868 885
16 30 32 40 309 524 653 657 658 686 780 873 937 947 948 954 985
7 135 166 284 527 632 892 976
11 93 138 228 266 287 302 304 511 671 805 967
12 25 206 263 298 339 492 506 525 601 847 864 909
9 104 146 153 162 413 499 530 729 877
7 171 199 293 580 785 931 970
9 173 236 264 297 451 579 580 860 936
7 8 16 26 208 441 668 710
11 299 300 313 382 473 474 492 573 613 775 840
13 150 161 172 241 319 340 351 633 754 764 853 967 993
7 91 153 191 356 725 827 856
15 41 129 162 226 334 361 458 505 564 608 787 881 883 979 990
8 19 29 91 104 452 557 800 967
6 30 161 256 391 539 645
11 117 133 318 339 425 495 616 708 727 772 783
10 197 392 412 634 700 746 749 833 887 955
8 185 260 280 333 464 496 667 842
6 42 159 274 578 707 919
13 239 252 259 522 595 657 680 754 813 819 862 948 990
12 74 99 130 139 201 334 406 706 724 785 814 914
9 54 56 133 326 412 453 596 696 921
9 121 138 404 434 545 567 711 844 887
8 132 190 484 522 645 655 678 977
16 46 63 397 404 425 467 485 593 615 629 737 826 832 837 941 983
12 131 174 180 239 381 409 415 608 638 672 858 909
7 349 471 534 736 850 914 997
10 4 168 194 242 520 614 705 796 800 956
17 1 5 65 110 166 223 308 328 330 400 565 689 748 788 790 926 996
10 60 166 251 445 645 810 940 946 949 966
10 29 172 246 257 278 823 933 959 962 967
9 284 303 329 401 431 563 717 740 841
12 51 178 299 387 514 630 635 641 648 729 931 993
7 332 446 498 646 682 846 857
12 182 334 435 490 539 540 552 592 703 728 891 938
10 317 320 440 504 669 794 827 867 930 963
10 138 150 255 290 487 546 554 563 635 969
7 368 589 692 700 741 905 960
6 41 160 317 463 868 932
7 535 656 720 876 890 893 899
7 2 52 227 259 644 843 849
9 62 453 546 666 853 875 887 895 936
9 120 315 400 575 645 680 751 799 860
11 22 116 234 264 301 322 400 413 468 586 905
12 17 81 173 225 267 309 398 785 814 848 911 967
8 53 104 285 450 573 688 821 822
10 39 297 342 360 599 644 678 805 886 916
8 51 317 436 537 793 874 950 990
15 74 91 125 238 258 296 324 354 412 576 620 649 702 763 799
13 40 51 165 202 234 358 430 448 577 666 703 832 891
10 30 105 117 279 477 548 561 744 874 911
11 7 81 168 218 245 684 721 730 769 819 884
12 79 186 406 443 456 511 637 699 812 878 892 972
13 6 124 214 240 291 298 402 486 619 757 922 940 991
5 177 238 647 766 815
10 18 230 247 297 316 451 532 650 718 909
5 229 280 747 817 859
9 174 280 285 286 663 712 769 775 829
6 249 500 567 588 643 910
5 461 694 852 936 998
5 217 223 376 769 946
11 60 65 431 448 500 544 656 821 837 851 894
11 181 279 326 329 446 462 475 501 593 780 785
9 161 609 642 658 661 836 838 881 981
5 222 228 291 450 735
12 45 57 116 193 199 288 474 578 829 832 868 876
8 101 227 450 730 744 793 872 988
8 184 302 364 391 431 726 814 876
12 149 154 201 406 528 539 555 581 672 763 794 839
8 30 260 311 694 703 708 776 988
12 134 268 273 283 507 598 664 732 756 885 900 955
10 0 164 225 327 403 441 460 721 945 980
8 9 102 204 474 575 675 775 939
14 229 319 412 415 437 460 489 503 683 754 843 847 951 996
8 48 400 415 505 570 659 839 971
13 34 52 78 156 157 232 373 494 669 841 868 980 992
13 20 468 523 623 656 661 696 705 801 825 859 893 987
13 79 87 93 203 329 580 614 661 761 781 886 930 959
11 52 193 400 557 634 770 803 857 891 939 947
10 16 35 93 140 276 326 472 600 722 915
11 115 448 577 601 609 666 795 869 895 937 950
9 210 321 401 581 583 838 897 963 995
10 5 22 32 46 188 441 571 606 659 931
6 172 204 604 639 787 836
14 115 222 290 302 389 476 533 549 619 670 816 823 861 908
13 84 155 174 193 214 261 295 326 507 591 595 613 646
9 11 191 243 299 598 910 931 957 993
9 56 259 264 337 348 438 706 861 903
9 134 274 363 486 535 694 715 838 908
7 178 479 511 553 579 668 727
10 19 181 217 261 313 411 415 452 535 911
7 10 114 451 639 850 922 936
7 127 177 573 594 762 803 845
8 218 327 373 580 633 937 960 976
10 23 44 125 244 288 500 557 720 856 981
8 47 295 399 450 503 659 780 822
12 50 75 290 327 593 625 635 812 877 888 897 946
6 121 549 555 570 890 909
13 49 162 453 528 536 622 648 713 766 771 846 865 996
10 174 244 314 338 428 446 674 772 836 940
10 91 192 262 353 364 373 392 953 954 972
12 7 42 308 311 373 419 516 545 647 847 853 944
8 253 390 400 683 728 738 739 751
5 150 330 392 427 745
12 80 133 204 314 478 616 619 621 622 703 827 900
7 155 224 236 411 451 820 951
13 47 87 191 230 231 397 443 446 541 731 832 904 917
7 38 114 410 574 624 642 900
10 139 156 174 541 601 767 854 871 959 994
10 105 135 141 244 314 372 400 642 897 981
13 81 106 176 205 285 293 414 459 681 767 794 912 982
14 26 65 101 219 231 284 305 388 433 532 667 795 796 950
8 108 231 583 649 718 888 902 906
13 93 121 177 340 607 714 715 731 758 879 926 958 984
9 37 47 110 135 239 268 556 772 797
5 129 444 464 756 768
8 210 258 270 317 609 790 887 891
6 84 227 238 300 672 828
9 400 694 706 743 792 810 856 903 988
11 80 145 180 284 396 461 482 539 693 849 935
9 19 59 96 346 355 384 636 657 972
11 42 84 172 259 269 336 551 611 771 838 971
10 86 110 170 222 385 751 821 834 848 863
9 76 181 220 229 588 721 792 802 886
9 9 20 51 171 178 227 640 814 820
16 8 51 183 206 260 303 313 439 506 574 610 714 840 846 867 889
14 42 130 183 291 313 436 505 540 544 573 650 805 825 844
8 217 316 346 504 642 796 839 966
12 48 73 96 177 241 258 341 457 563 574 794 921
9 32 116 127 150 205 299 312 439 619
6 82 172 177 374 597 760
8 285 423 554 595 596 743 867 895
10 52 53 395 480 520 625 711 733 793 955
10 2 37 153 346 360 419 539 575 865 973
10 152 202 275 445 520 543 544 823 907 956
13 106 174 175 218 410 508 698 708 841 852 891 987 988
7 16 396 530 580 725 920 986
12 243 275 397 400 476 495 630 682 691 743 870 893
10 303 415 538 589 663 708 775 814 857 950
14 34 85 95 171 183 264 299 300 343 356 420 454 467 745
11 85 273 278 283 569 636 702 725 812 836 851
8 164 216 470 500 506 679 737 934
12 0 109 229 301 446 451 567 714 719 868 901 902
17 42 63 91 112 116 209 212 221 290 395 494 502 576 680 684 757 870
10 115 189 407 412 478 516 721 722 754 866
13 134 164 184 247 321 439 485 678 699 738 913 919 962
11 16 17 43 82 97 173 209 406 414 430 658
7 32 255 319 346 551 750 947
8 162 167 217 397 489 706 799 860
8 34 48 51 392 436 560 801 837
9 41 118 164 222 348 553 679 689 858
7 24 26 28 44 84 484 718
15 70 112 195 236 253 259 341 363 427 437 490 552 673 717 982
10 58 68 112 245 267 270 329 419 587 651
7 19 202 395 409 417 809 848
15 29 78 128 160 205 236 251 327 370 384 496 529 741 772 928
13 83 93 202 277 423 532 593 604 702 732 799 879 981
10 378 494 522 543 574 671 781 852 887 945
12 113 120 207 421 447 464 579 614 628 659 660 777
8 63 191 452 694 739 777 918 985
8 186 194 208 384 511 544 846 938
6 161 403 792 820 827 968
9 65 295 432 470 571 638 743 882 976
8 18 44 261 414 463 836 875 950
8 37 78 140 163 273 676 852 895
16 29 82 96 178 189 421 424 508 529 660 668 743 843 908 923 944
9 96 111 184 287 492 498 627 847 913
14 72 302 326 366 407 418 421 506 520 684 761 765 887 936
9 84 97 120 220 416 551 645 668 820
9 109 172 313 348 380 466 654 835 998
7 94 460 520 672 829 967 988
15 28 66 103 113 138 425 474 509 574 770 807 842 934 951 991
15 14 124 147 294 301 307 321 380 412 434 495 609 839 993 997
8 75 394 411 463 636 760 799 829
11 55 261 324 343 443 533 622 648 724 920 984
9 64 200 484 547 605 626 776 906 946
5 24 83 425 461 469
8 76 80 172 184 356 436 774 892
9 35 110 123 387 459 528 569 828 953
3 274 591 773
7 222 412 518 540 890 958 961
11 19 42 148 171 294 451 496 499 758 775 949
10 174 185 313 351 432 516 726 787 812 881
8 8 14 84 163 364 701 885 892
13 25 139 223 383 431 555 586 587 604 758 822 886 891
9 391 401 474 739 819 935 937 948 960
11 17 87 156 220 307 369 542 587 639 674 758
9 34 78 186 417 527 551 740 886 971
12 0 3 386 405 497 558 818 848 874 891 932 997
14 18 262 326 538 542 657 662 784 797 808 865 928 965 989
10 74 100 241 274 357 395 495 673 720 890
7 573 640 744 757 769 906 932
5 341 430 498 603 807
10 95 473 494 508 569 644 797 818 860 900
7 109 211 590 656 715 750 999
9 108 147 150 360 522 684 687 744 896
7 35 64 138 173 329 503 991
11 474 525 574 595 630 698 702 727 785 861 876
8 283 539 543 594 795 866 886 974
19 9 26 159 249 267 274 275 428 454 481 567 590 617 636 639 681 786 815 964
10 28 54 130 304 411 501 789 808 915 941
5 5 440 497 791 879
10 6 109 111 234 580 625 661 701 712 943
6 60 167 441 520 943 951
7 69 92 331 461 762 788 986
10 66 75 89 126 441 531 852 875 930 966
7 343 346 398 484 591 609 641
8 128 199 487 700 811 827 858 863
13 131 143 183 419 475 625 626 700 831 837 975 981 993
11 49 53 358 395 447 555 663 737 743 748 957
10 294 329 334 418 490 566 626 776 794 914
12 23 296 612 642 651 684 732 769 788 896 954 983
6 35 57 362 553 818 953
12 40 43 61 102 206 352 413 442 511 524 846 938
7 101 143 285 506 558 715 876
2 258 558
10 6 49 106 152 276 417 731 739 863 869
11 188 241 359 401 434 636 671 682 705 733 806
10 65 73 190 274 277 323 420 512 555 602
6 502 520 862 963 988 998
13 56 113 347 463 536 546 573 599 709 755 925 936 962
13 28 60 147 306 317 328 364 383 452 476 576 686 728
15 96 103 113 125 293 310 402 473 654 675 720 752 776 787 921
10 125 134 198 280 311 322 489 550 774 806
8 57 170 218 380 402 571 634 794
15 63 119 269 408 458 478 549 701 815 841 855 861 877 955 979
13 64 202 216 217 248 252 276 283 292 311 773 796 952
11 23 115 205 255 359 391 478 531 738 782 817
11 54 227 396 398 410 619 675 695 747 791 840
8 92 119 245 335 433 450 652 851
10 54 196 198 481 515 674 749 761 852 942
12 49 100 130 362 589 613 648 676 790 900 940 966
12 35 169 194 226 242 320 549 605 612 625 684 709
13 17 32 169 318 341 454 498 535 636 640 726 839 998
7 399 423 568 643 665 749 877
7 79 105 199 328 568 602 758
14 92 281 309 402 463 630 638 663 726 792 838 845 885 939
10 120 264 279 347 374 434 773 779 910 916
17 9 10 72 108 190 195 222 247 318 346 354 447 466 654 720 837 919
13 20 121 179 217 387 426 570 583 730 811 906 910 916
9 124 284 320 337 582 674 841 860 906
11 62 63 199 247 248 264 312 424 869 889 943
9 106 149 342 424 503 584 670 757 960
9 19 328 361 390 513 859 896 947 989
13 3 50 341 384 532 566 588 653 741 831 834 879 937
14 167 173 275 307 327 382 430 435 560 599 810 874 919 959
13 111 313 392 509 514 591 674 677 709 743 786 788 850
13 25 54 69 332 339 341 424 425 514 687 719 962 988
3 469 562 618
12 60 158 305 330 408 447 529 621 625 809 815 926
14 38 45 117 339 415 416 421 429 564 591 676 686 895 926
8 189 198 345 350 421 746 924 962
10 58 140 413 562 605 608 631 679 816 846
7 23 158 277 326 481 757 914
7 22 140 273 373 771 802 973
9 424 582 647 664 686 857 879 953 983
7 223 320 366 419 569 846 915
8 170 205 235 241 358 633 806 910
8 93 156 336 356 545 673 728 898
8 7 53 80 90 285 403 485 528
12 37 88 91 119 135 196 346 391 411 740 872 961
7 69 102 208 419 491 742 786
11 80 221 300 323 351 445 573 648 676 739 817
6 247 326 468 634 912 983
10 22 93 261 453 480 544 650 653 716 867
15 72 74 108 299 303 319 489 539 657 731 904 942 975 976 980
7 209 375 585 698 849 923 956
9 99 153 173 182 245 256 377 379 976
8 89 161 387 494 715 737 808 933
9 73 140 226 280 348 615 830 932 999
8 289 455 468 480 485 514 632 868
10 57 203 308 436 525 572 707 760 768 891
12 165 207 236 273 280 316 493 607 781 866 884 915
15 17 75 136 332 383 412 423 491 522 610 696 804 856 918 965
9 30 111 146 223 235 254 464 532 593
7 0 587 591 611 773 892 966
16 163 219 238 240 269 403 559 565 658 665 760 763 827 854 894 932
11 69 119 181 229 265 279 316 355 513 827 912
16 34 47 97 157 187 264 333 395 489 522 565 620 822 868 877 927
14 20 68 99 108 131 195 215 272 438 597 599 847 857 894
10 136 313 373 407 556 613 644 704 740 773
9 51 111 125 444 511 647 691 720 880
8 226 598 646 669 686 707 777 809
12 140 302 495 547 675 681 702 791 829 858 893 954
6 164 186 399 581 599 932
12 55 103 284 352 603 616 625 735 773 783 830 881
12 14 26 245 247 344 592 665 770 801 960 982 992
18 0 41 68 170 233 293 350 378 518 565 632 676 816 825 841 907 917 930
6 55 94 236 471 473 506
9 212 337 347 394 410 744 769 812 849
12 104 145 191 289 332 448 569 613 621 661 727 784
9 5 64 562 579 639 707 857 901 962
6 24 343 412 620 859 924
9 42 152 198 313 644 647 658 753 785
13 217 250 437 444 532 655 672 747 774 854 946 951 997
11 94 350 422 475 511 608 638 710 767 836 903
10 174 315 336 482 587 641 649 666 848 859
6 5 160 200 462 649 661
6 24 113 253 488 506 681
6 183 367 396 462 703 984
13 32 72 183 239 246 345 359 371 755 789 796 895 959
12 30 95 236 382 469 642 654 710 847 851 869 956
11 76 103 145 258 311 395 489 634 709 915 976
3 224 493 998
14 36 161 278 318 399 401 492 642 687 812 860 876 915 922
5 60 263 493 836 866
11 13 25 306 438 444 503 510 526 621 724 733
10 24 32 93 373 404 427 605 760 848 897
10 293 470 511 595 630 646 897 933 957 964
2 150 997
12 113 197 325 349 380 565 666 667 790 932 944 954
12 3 9 198 319 433 444 633 637 727 784 818 826
8 50 227 262 516 661 837 866 967
7 210 381 520 736 753 835 989
17 2 21 69 76 114 141 154 472 722 774 826 857 865 885 894 914 970
14 46 163 247 322 397 439 452 476 505 506 602 740 744 872
10 208 326 384 494 529 566 614 672 689 702
8 98 153 160 435 447 585 635 765
10 178 183 340 478 596 711 749 783 803 882
10 446 477 479 560 593 756 803 812 917 964
13 249 317 331 367 442 490 518 617 634 742 755 758 898
12 64 89 189 311 346 364 457 506 641 751 836 907
10 40 136 191 329 355 538 595 754 861 925
8 362 375 674 802 868 885 946 995
11 54 67 207 340 366 407 520 604 608 788 848
7 65 179 355 739 750 755 909
14 110 232 235 268 315 564 619 636 645 783 827 839 903 946
5 173 236 374 628 876
6 53 145 317 393 563 788
10 247 269 370 416 480 712 783 874 944 996
8 8 37 58 144 209 301 583 708
10 15 157 186 248 300 489 605 625 630 758
14 178 299 315 341 388 462 472 489 495 584 729 821 863 939
10 63 70 136 244 259 542 595 661 783 907
11 83 86 168 309 339 367 530 533 661 717 777
10 37 44 345 420 604 695 781 808 836 904
6 40 480 523 764 796 942
13 74 177 226 263 334 387 455 469 482 522 564 762 883
8 24 91 392 514 535 756 802 876
10 102 166 417 451 613 695 751 795 930 941
7 32 87 206 420 421 444 512
5 404 530 640 671 796
11 45 147 275 318 356 486 521 573 809 886 927
6 46 66 538 670 721 750
10 124 131 354 461 494 735 744 765 768 980
3 46 607 667
16 73 127 201 306 308 341 344 377 393 487 498 554 634 709 759 863
9 516 579 601 642 711 728 751 905 938
15 52 60 66 171 193 197 331 369 447 452 511 667 781 785 814
7 35 250 510 550 555 566 579
10 48 117 175 387 621 771 773 852 925 941
12 91 178 371 445 629 737 786 793 909 959 991 996
9 157 480 560 561 617 736 759 772 847
13 51 117 176 361 540 598 679 719 817 836 847 936 989
9 242 272 352 433 724 771 792 903 955
13 67 86 112 122 329 339 423 490 545 582 650 906 961
8 4 179 310 508 515 564 714 926
6 379 401 597 753 782 859
14 33 72 229 285 330 418 448 468 560 656 803 822 918 949
9 171 258 348 508 541 795 873 967 988
7 200 644 689 797 810 848 944
11 32 131 213 262 264 407 512 667 669 810 924
9 141 144 272 394 596 597 643 756 938
4 221 670 856 910
9 2 68 312 363 496 517 827 830 952
12 151 188 208 242 293 307 372 439 657 832 897 979
9 115 208 300 354 527 547 657 748 865
10 170 280 282 533 599 700 788 805 879 992
8 360 363 507 550 707 811 854 982
11 22 308 331 372 552 576 633 852 868 927 965
11 42 97 235 300 308 334 438 546 597 603 751
11 73 196 275 432 529 582 633 667 709 948 953
8 77 100 210 215 394 544 820 843
6 35 139 349 457 540 587
10 63 108 224 653 666 816 824 926 950 992
5 258 271 399 406 673
9 22 53 109 397 523 542 651 692 876
16 166 295 321 342 361 566 583 609 637 744 760 851 863 928 933 992
9 47 143 208 326 543 671 778 816 984
11 19 114 145 263 324 386 748 797 814 854 934
8 128 210 305 520 691 719 835 978
14 44 104 110 146 152 242 271 358 383 392 523 765 953 959
11 21 168 288 454 641 689 758 760 891 907 982
6 69 187 252 268 694 753
10 83 138 362 388 389 648 714 737 750 818
11 66 157 450 592 616 648 690 773 801 904 912
13 41 42 48 323 419 493 526 532 652 675 875 887 962
7 224 526 672 689 853 877 987
4 422 426 465 950
11 58 98 129 205 210 302 502 740 856 927 932
8 66 81 172 186 424 500 511 530
9 57 142 202 450 452 461 484 768 999
10 65 73 384 418 490 523 551 688 879 987
10 5 196 232 316 373 866 876 909 954 983
5 408 409 618 622 873
11 62 159 314 352 367 430 464 750 788 827 970
8 22 89 152 248 271 413 643 813
14 37 124 256 336 398 582 585 667 734 781 869 939 944 954
2 445 797
11 183 219 266 300 365 394 436 516 604 844 956
11 281 299 302 331 345 371 586 659 680 782 819
11 163 170 216 246 307 754 787 824 835 837 939
9 72 222 317 395 543 854 902 943 980
12 114 119 141 223 254 611 670 730 924 936 950 964
8 0 192 239 663 672 741 743 809
12 94 174 181 263 332 465 521 523 709 800 899 900
11 166 180 181 251 267 310 376 801 804 844 941
11 29 93 102 242 255 458 591 598 802 806 992
15 19 22 41 414 429 529 545 571 594 638 656 780 804 841 902
12 23 95 255 286 413 504 551 633 670 672 815 850
6 152 416 506 615 756 918
7 169 440 491 571 644 727 993
9 104 217 358 574 643 691 705 755 810
13 327 358 360 449 470 547 638 691 733 741 750 818 941
5 11 232 297 418 667
10 90 211 312 405 707 755 781 812 910 957
9 65 90 114 368 373 625 690 782 798
11 259 353 380 420 424 449 581 678 716 739 791
8 161 208 460 559 686 717 900 924
9 101 198 236 270 330 448 493 770 835
10 19 46 266 372 582 604 693 704 865 898
13 1 53 193 259 305 371 482 496 507 643 644 757 995
13 15 40 63 71 195 305 492 536 630 699 766 772 827
11 11 93 304 453 531 536 544 628 641 685 715
11 47 244 260 456 527 581 641 686 797 888 937
10 166 168 220 394 419 453 458 541 745 935
7 31 56 253 602 609 706 990
12 48 94 110 129 178 254 282 521 748 781 799 857
9 392 409 489 600 607 643 697 806 919
6 366 459 544 837 921 930
10 257 330 358 498 509 573 594 609 719 901
10 145 349 406 426 481 505 637 644 785 910
5 13 135 256 769 799
10 287 446 519 602 688 724 760 802 808 901
8 30 186 199 426 469 498 925 938
13 150 237 254 290 346 380 551 600 604 657 697 795 876
11 0 62 154 299 447 763 783 811 835 848 899
9 64 122 138 295 449 577 786 891 921
7 105 166 385 406 742 871 931
11 59 111 183 259 405 454 464 513 787 939 985
6 201 251 332 490 937 994
13 55 113 198 443 584 631 674 770 815 824 825 838 909
8 70 189 278 459 559 663 664 731
5 373 494 526 754 764
6 170 422 568 850 887 982
10 12 69 227 258 278 303 402 500 747 912
8 12 156 222 452 466 651 682 754
8 278 423 464 480 524 746 761 997
11 53 76 94 160 272 278 348 568 694 784 920
4 250 845 870 898
5 281 685 835 907 911
15 1 71 97 270 306 376 382 406 423 459 505 590 742 815 823
7 349 382 384 726 730 769 832
3 340 768 844
7 28 40 52 332 501 597 767
11 21 47 133 156 198 525 740 831 850 913 979
11 104 106 206 311 371 410 482 505 596 741 926
5 426 615 720 835 871
11 57 137 147 176 444 461 701 825 835 839 923
17 42 73 125 130 143 145 184 267 431 485 543 545 583 645 735 787 950
15 7 72 119 190 252 398 437 476 494 520 820 829 848 853 945
8 65 98 206 210 270 491 880 890
11 23 115 294 314 347 373 391 407 500 747 805
7 17 226 485 551 605 885 982
11 109 199 336 410 469 582 587 684 701 764 802
8 257 265 360 373 465 688 856 985
12 103 163 298 365 407 515 776 799 888 893 900 932
9 206 380 470 495 556 597 598 664 694
14 68 173 237 281 283 301 385 475 478 521 743 854 888 976
14 50 131 232 408 536 570 586 595 602 691 723 823 911 918
13 130 214 220 367 454 467 534 585 595 605 694 763 839
14 43 148 188 197 203 216 342 500 633 743 812 881 919 940
8 207 259 456 482 668 715 772 820
15 34 40 111 124 135 228 275 429 455 467 735 751 827 900 978
14 10 72 78 140 157 206 272 348 405 436 558 559 667 678
9 22 151 222 286 470 471 738 799 966
12 7 75 94 110 141 229 300 438 529 704 855 899
12 10 26 46 65 327 385 550 620 667 805 914 948
4 35 403 560 892
7 51 175 418 438 548 657 853
13 33 136 343 396 412 475 683 704 770 891 892 981 983
5 197 468 850 920 980
7 213 235 250 368 532 582 839
13 157 175 193 294 363 439 539 540 609 653 766 794 974
8 175 237 320 450 467 834 841 919
13 2 145 248 256 269 332 574 668 676 746 784 827 918
8 0 9 332 339 738 783 940 968
13 5 83 237 250 251 376 464 471 486 507 508 842 982
4 161 363 863 977
12 66 136 231 312 383 410 578 616 664 700 904 931
13 12 24 69 129 244 429 616 641 663 673 761 764 837
6 110 408 450 460 801 852
10 215 223 254 470 484 548 722 773 806 973
14 140 154 191 285 484 519 522 535 545 571 588 648 651 840
10 182 263 339 342 646 659 678 711 822 883
7 81 209 249 456 535 913 967
13 74 258 416 517 537 577 583 702 757 760 822 823 989
9 52 95 177 331 391 515 552 731 883
14 38 161 199 242 291 344 468 490 561 578 583 874 930 961
11 104 166 326 364 432 549 664 695 785 835 837
11 33 61 79 84 273 360 404 414 420 497 615
11 67 246 396 402 457 560 757 784 864 875 978
10 80 338 405 424 436 461 659 726 889 994
8 118 420 687 707 740 839 855 875
10 197 220 319 591 648 668 725 775 781 952
8 7 315 324 426 527 772 789 864
11 145 193 216 317 574 714 900 934 936 959 971
8 37 284 373 457 472 926 935 993
14 53 66 105 110 125 207 311 391 620 696 750 783 878 939
12 27 35 63 77 136 146 164 247 276 654 687 752
11 124 127 225 317 341 369 385 406 638 916 972
7 63 136 597 624 704 925 989
10 58 175 395 424 429 456 592 598 758 939
10 166 369 421 478 677 683 689 720 783 793
11 43 219 566 607 639 706 799 880 882 921 970
10 37 202 324 490 534 556 561 687 886 901
7 559 590 782 818 821 858 963
9 32 311 455 554 586 587 643 850 914
8 211 550 703 723 725 742 960 979
6 144 171 293 594 853 940
13 233 243 262 292 333 557 622 641 644 699 769 849 947
10 85 138 161 402 509 513 673 957 962 986
9 195 250 447 682 749 870 883 894 897
4 64 602 609 802
7 139 140 309 371 440 732 796
8 0 17 95 134 226 319 596 694
10 66 190 211 381 382 541 663 763 817 930
8 63 357 376 399 632 638 812 902
10 95 157 222 314 330 371 457 490 670 964
12 9 71 121 208 223 243 278 473 692 708 766 850
8 48 454 594 650 654 685 909 965
6 201 250 391 586 776 962
11 102 150 194 261 292 322 600 688 795 867 957
9 128 192 445 456 465 542 589 677 778
8 108 189 243 309 312 504 703 864
15 68 173 394 406 420 476 520 545 579 758 828 847 849 964 986
11 14 43 116 182 469 475 776 778 815 858 909
5 196 306 492 521 668
9 6 25 86 231 376 503 737 797 811
7 53 71 272 791 848 887 944
11 124 287 299 316 530 558 680 830 848 946 985
14 0 62 106 150 262 287 368 388 442 597 646 752 793 865
5 62 438 591 865 976
12 16 25 72 134 205 326 508 592 833 899 902 991
9 229 286 325 764 864 958 967 969 975
9 45 116 316 421 527 554 604 837 972
12 213 268 364 396 412 455 631 687 735 875 900 904
9 2 31 225 245 297 318 517 843 967
8 138 253 318 488 666 827 865 980
6 643 692 778 821 908 984
15 13 86 102 132 162 194 348 480 528 607 762 808 868 926 935
9 69 185 310 314 678 692 736 940 958
9 241 356 407 410 626 676 841 972 977
11 156 189 263 371 464 485 585 735 782 828 927
8 76 160 208 276 395 432 521 912
7 50 62 79 179 206 506 921
9 144 225 240 413 577 626 766 839 981
13 12 78 280 287 390 439 616 671 805 812 905 921 930
9 139 244 330 385 698 841 924 929 980
8 18 91 112 306 391 480 587 979
7 27 51 162 571 798 804 938
12 14 238 459 518 633 647 720 727 766 838 960 975
10 27 50 167 200 487 526 725 810 824 850
12 6 31 47 81 198 315 383 442 525 558 712 810
7 37 109 276 319 401 649 660
10 29 276 333 359 390 436 499 591 760 885
9 107 205 361 434 454 489 563 629 677
12 33 58 211 329 418 578 587 630 798 809 873 884
8 48 55 435 494 612 625 692 849
18 47 53 77 160 292 305 311 336 339 383 420 578 642 645 813 828 877 940
10 153 224 240 365 369 463 489 518 551 926
8 78 151 277 313 599 897 977 990
6 190 425 621 659 810 847
11 148 230 402 468 619 636 752 770 792 810 872
8 202 383 540 553 601 784 932 935
8 86 108 136 190 404 408 492 696
13 61 81 321 368 499 517 558 569 587 682 782 852 965
12 216 276 296 495 513 521 544 647 759 794 917 923
9 28 148 396 683 715 747 767 788 906
5 467 487 531 557 799
17 111 126 157 184 193 247 318 496 575 617 620 786 845 914 922 968 981
7 394 474 494 499 586 589 894
10 34 107 244 289 493 512 536 584 772 829
20 3 15 58 141 227 317 365 416 427 595 670 675 798 809 822 846 874 888 913 959
14 10 62 287 355 358 360 409 494 505 556 686 709 896 904
10 9 80 115 520 526 751 883 889 914 933
11 163 304 347 445 450 481 551 556 607 670 739
9 251 341 404 621 664 777 801 905 945
8 266 378 511 724 792 943 970 998
9 84 85 222 242 450 610 644 700 866
8 184 510 617 638 664 718 865 930
10 44 146 171 341 491 518 555 783 940 981
10 54 76 228 272 596 657 703 730 735 927
10 65 128 282 284 469 628 752 785 810 913
8 9 34 173 289 445 518 565 627
13 84 109 225 231 234 365 385 463 606 626 694 868 964
7 252 345 460 593 615 654 747
9 25 62 272 295 428 524 528 845 917
12 86 165 189 273 288 329 526 596 646 679 756 789
13 102 353 400 411 449 454 459 524 559 666 855 907 984
5 114 351 397 468 488
9 113 183 231 246 312 355 678 873 978
12 24 39 47 243 349 384 396 640 705 710 841 968
9 15 102 145 332 333 456 508 761 778
8 8 15 552 707 710 723 777 828
8 70 167 411 792 793 812 979 986
5 175 236 269 582 941
15 32 70 133 251 331 446 509 522 571 589 601 678 883 928 941
9 132 401 531 574 590 690 727 750 906
17 53 68 98 129 189 459 492 500 503 507 610 660 682 687 765 868 901
10 61 363 464 485 622 659 675 748 907 956
13 29 180 194 218 236 371 467 522 605 673 767 814 821
9 116 373 420 435 525 611 754 826 880
12 13 128 186 257 356 396 575 613 633 850 881 911
16 20 114 166 202 378 385 420 498 502 541 569 752 845 866 890 902
8 78 374 474 679 772 812 814 827
8 6 74 84 202 290 405 484 836
9 31 75 375 402 457 591 713 962 970
10 292 297 335 410 528 747 762 779 954 989
10 69 221 240 306 525 687 715 779 856 874
14 66 71 161 174 209 242 284 302 384 398 657 751 870 898
13 93 138 254 285 372 513 533 609 706 821 893 917 961
13 11 105 201 285 301 400 474 510 515 698 844 874 936
12 2 9 88 288 363 367 534 553 572 598 712 924
7 19 590 734 741 757 835 943
16 103 152 216 222 322 330 347 601 606 640 649 688 753 822 906 922
8 115 187 201 579 844 926 962 981
12 100 139 174 250 323 460 559 580 665 761 819 844
11 39 174 297 428 497 512 581 607 638 697 871
8 252 266 492 493 532 810 813 960
7 447 580 582 734 836 895 985
9 96 174 177 220 300 541 636 651 731
12 11 43 391 397 431 581 602 666 829 831 926 934
7 67 146 345 366 924 943 977
11 41 53 68 363 374 442 509 607 724 913 956
8 328 423 456 516 578 741 757 946
15 117 130 172 203 292 419 534 535 586 736 737 746 747 767 803
15 60 75 86 93 132 167 381 413 542 610 712 863 890 896 952
21 72 133 226 270 314 356 463 478 493 589 645 701 731 779 789 815 858 934 937 957 983
7 135 193 570 743 803 814 960
13 167 194 218 241 298 312 522 553 785 789 813 888 951
11 94 228 373 399 423 583 615 625 710 812 864
7 157 258 426 461 548 552 882
7 83 131 230 401 436 527 700
14 0 1 162 171 362 367 386 485 558 587 690 925 957 993
10 193 225 359 574 801 836 858 889 907 994
14 94 112 166 279 298 335 342 546 634 646 854 878 965 986
10 106 219 235 296 506 690 723 785 795 948
14 138 150 219 269 358 452 532 668 670 757 799 836 883 987
7 18 204 258 308 625 643 670
7 23 27 94 548 575 615 736
7 92 250 300 461 615 632 996
8 95 198 485 488 786 910 916 995
21 18 84 185 209 278 335 381 450 451 500 538 569 596 647 659 722 789 858 886 915 964
11 74 133 153 291 352 709 727 743 778 911 943
13 4 6 170 231 239 344 347 457 634 756 806 929 962
9 29 128 443 459 538 714 916 934 973
8 84 382 418 629 806 868 876 984
8 127 198 223 239 280 539 626 984
3 190 717 876
3 296 418 658
15 92 343 487 554 575 593 610 624 631 632 673 798 867 868 967
22 15 94 148 150 237 257 273 314 337 469 479 495 509 527 790 804 819 822 839 842 845 868
14 59 85 198 235 323 382 412 486 575 603 664 673 719 869
9 88 125 237 255 262 295 410 615 735
17 17 81 90 242 248 301 346 407 500 632 644 656 677 730 836 917 923
8 92 183 299 402 667 920 976 979
14 21 33 205 249 309 399 414 461 582 658 726 732 776 932
6 80 91 191 345 661 836
11 44 214 247 339 546 721 850 862 888 904 999
10 44 196 300 573 580 627 796 800 801 925
10 148 152 266 410 623 754 771 788 836 993
14 27 74 143 207 272 299 334 387 426 430 757 860 885 939
12 103 178 247 275 340 453 475 526 527 709 746 982
14 50 218 296 328 362 470 481 498 534 610 634 713 714 917
11 38 39 214 293 440 463 694 709 742 861 897
15 32 200 265 420 583 618 629 655 691 703 736 787 843 938 947
8 88 135 146 235 314 403 475 551
13 14 53 233 309 331 338 379 404 524 543 665 750 928
9 79 125 184 215 275 561 634 653 693
10 16 72 282 450 468 542 553 576 642 820
5 162 399 650 677 773
9 127 185 268 292 447 537 563 639 793
10 89 141 207 252 312 429 453 465 488 601
13 7 38 53 199 324 381 457 690 710 812 819 827 940
9 10 170 230 250 417 466 470 531 863
10 181 216 322 367 414 478 846 862 873 899
13 122 126 129 258 261 371 399 496 849 873 930 947 993
7 52 72 193 393 843 860 921
12 146 296 381 390 506 520 551 662 811 859 988 994
14 15 20 56 94 154 172 178 675 679 708 718 815 899 975
12 272 307 363 488 540 594 715 716 722 764 934 976
12 14 82 318 372 446 479 486 567 763 788 892 904
7 29 209 299 305 438 706 835
20 98 164 174 212 239 249 316 444 452 497 543 724 769 783 831 835 836 971 977 987
8 165 254 390 415 475 571 837 909
11 28 115 126 311 317 623 696 794 932 944 969
6 9 282 612 631 802 969
5 240 434 489 747 975
8 175 533 568 741 775 860 861 890
13 61 157 221 224 362 419 503 672 757 793 796 894 965
8 18 215 337 379 560 675 677 720
15 28 55 213 239 241 371 388 478 501 512 550 567 609 831 833
9 83 126 179 270 399 408 452 561 743
4 105 226 682 820
13 6 66 123 142 287 330 375 418 429 541 566 901 970
6 144 455 635 688 786 919
11 65 80 104 186 237 356 459 645 787 919 944
7 17 79 336 492 688 816 941
10 53 186 511 668 671 696 759 781 822 963
7 225 446 741 888 911 939 941
9 174 244 357 410 488 497 637 739 846
10 134 220 251 297 358 361 372 516 689 827
11 100 190 196 215 290 331 341 560 618 713 908
12 88 270 286 598 640 642 757 814 843 884 901 986
7 63 166 299 415 676 759 819
11 8 142 153 213 271 354 364 635 788 811 873
12 208 223 252 290 309 358 362 445 556 611 654 893
9 109 176 226 351 357 449 652 654 866
10 26 96 213 250 311 457 640 795 891 942
12 42 84 134 141 235 450 453 488 696 755 874 987
7 215 254 305 338 424 474 804
9 115 369 385 417 758 811 923 945 955
10 255 270 283 481 482 539 696 745 849 990
9 61 156 432 494 594 623 794 956 992
8 213 579 610 650 717 860 864 980
14 41 53 135 244 278 281 367 405 579 592 640 647 680 720
13 127 142 316 465 604 607 689 783 879 888 930 963 973
11 37 286 316 576 582 701 717 788 903 955 968
9 71 158 261 292 469 500 528 902 932
11 129 280 439 509 559 663 720 758 843 866 960
6 146 211 217 521 731 761
11 34 136 286 349 365 413 414 529 752 782 799
15 0 9 94 168 308 461 495 507 556 624 773 784 819 908 909
9 13 101 258 262 339 723 887 907 910
14 133 178 199 229 271 499 525 567 615 704 710 869 907 936
14 16 115 116 232 260 411 413 431 537 589 605 826 908 965
12 60 124 218 224 264 624 643 787 828 884 973 995
7 121 284 437 451 559 619 728
8 319 340 629 669 757 767 808 978
14 18 31 105 194 200 384 427 488 651 691 754 759 929 966
12 32 39 49 94 124 253 374 430 446 476 478 827
9 44 160 220 411 413 684 826 830 984
12 83 142 280 461 493 751 771 795 839 848 965 984
10 60 103 131 168 333 447 532 584 643 659
11 192 319 412 419 602 645 658 880 881 944 977
5 310 348 622 655 840
12 65 82 195 302 396 603 611 688 729 731 862 996
7 45 227 265 478 754 799 928
9 96 135 339 440 632 751 839 896 927
9 137 425 466 535 577 592 732 797 807
10 91 394 496 524 608 685 818 844 958 983
14 11 126 202 287 423 424 530 548 630 681 724 744 800 806
8 157 452 516 543 563 727 766 923
8 89 115 329 363 551 781 852 922
6 33 732 829 914 937 991
16 38 61 93 209 251 379 461 513 603 672 700 731 764 861 901 999
9 2 21 180 206 256 260 612 663 984
18 3 33 91 100 212 362 365 443 450 458 484 563 640 748 841 870 903 998
6 97 204 442 482 551 759
11 66 315 345 553 680 806 812 830 865 953 957
7 75 293 359 599 681 724 748
14 10 181 215 233 265 341 394 527 577 680 796 909 950 969
11 38 133 175 254 267 359 418 598 614 812 929
11 73 77 208 334 387 521 536 608 734 850 970
13 31 52 246 252 410 506 571 575 613 682 686 846 884
15 8 45 51 203 227 273 405 645 660 693 725 743 765 858 970
12 97 198 374 513 524 580 587 780 781 882 884 994
5 156 404 439 510 893
9 69 376 377 415 576 762 798 807 828
16 22 25 66 141 147 275 339 484 503 534 571 713 870 881 919 994
7 2 24 245 331 634 761 896
10 142 203 234 270 349 468 497 500 714 809
7 175 252 321 417 694 850 861
9 104 107 157 175 193 359 545 651 821
6 115 122 203 355 532 962
12 100 108 221 254 285 312 337 548 562 577 633 936
8 143 247 279 345 377 468 814 973
8 20 65 99 164 400 538 678 811
9 171 274 352 386 429 545 555 934 960
8 175 274 385 457 484 567 571 792
11 47 133 152 159 190 244 306 399 528 896 902
9 201 308 440 475 573 784 808 898 999
10 126 260 383 482 589 695 706 812 818 934
9 116 287 354 718 725 925 965 977 989
9 204 251 282 419 474 525 555 680 757
13 33 94 211 267 359 416 460 692 735 803 813 904 953
6 22 354 434 529 672 795
15 2 60 204 319 394 421 425 465 560 695 705 791 800 829 949
10 36 83 155 209 255 393 690 883 901 982
8 373 482 493 577 702 709 769 827
12 55 69 363 447 543 704 750 820 874 910 917 958
11 25 28 135 203 301 379 405 449 649 914 995
12 177 184 187 204 218 344 486 533 669 718 721 835
5 335 660 754 776 902
5 210 718 870 871 936
11 109 134 180 488 569 688 762 791 879 938 940
8 112 148 152 248 295 361 680 868
6 226 274 294 684 719 726
8 18 307 428 666 830 901 911 951
3 372 657 975
11 80 97 102 108 382 439 718 735 864 872 974
11 146 176 267 336 439 441 476 642 716 840 865
10 24 68 197 662 726 745 807 868 919 958
8 125 160 554 647 675 775 913 992
9 166 186 399 539 629 692 733 779 840
10 96 245 249 439 518 576 655 722 732 899
12 24 87 237 268 283 330 382 654 730 754 765 800
11 284 326 460 542 556 618 637 661 847 963 994
12 17 51 111 144 198 385 429 437 567 654 812 925
13 92 135 287 348 473 552 723 773 831 832 916 917 931
7 89 175 333 613 639 714 804
8 115 310 378 695 709 779 820 888
7 250 309 561 566 822 868 894
10 155 240 243 292 309 344 393 421 533 863
9 69 363 417 487 527 670 685 792 958
8 37 132 186 193 221 600 745 897
7 72 227 345 370 525 717 929
12 25 121 143 249 460 541 548 551 581 898 978 995
13 63 155 160 184 206 260 346 382 585 681 818 845 861
9 124 282 614 676 819 863 941 944 982
11 106 107 151 165 255 497 595 826 911 966 992
7 202 247 272 503 525 825 921
6 200 346 362 468 483 621
8 48 233 343 393 407 477 762 932
8 119 133 368 443 565 843 930 956
