100
4 10 28 55 71
2 23 95
4 51 60 64 79
1 22
1 13
1 10
5 20 28 39 49 52
2 11 83
4 13 22 31 76
1 89
4 0 5 12 81
5 7 18 26 41 44
2 10 22
4 4 8 15 47
3 82 83 85
5 64 13 25 73 95
2 65 19
4 60 24 80 97
1 11
5 16 37 78 91 95
2 6 50
1 58
4 3 8 12 35
4 1 25 74 84
3 17 69 85
3 60 15 23
3 11 67 76
2 48 82
3 0 6 41
5 58 63 42 43 93
1 80
2 8 47
6 75 76 81 41 91 99
1 67
3 65 43 95
3 54 22 82
2 43 92
3 19 87 53
1 70
2 6 93
1 76
5 62 11 28 32 99
4 56 29 46 50
4 29 34 36 93
2 55 11
1 94
2 82 42
4 13 68 31 52
2 64 27
2 6 89
5 20 70 82 90 42
1 2
2 6 47
3 61 37 94
3 35 75 89
4 0 44 74 87
4 42 67 82 88
2 61 72
2 21 29
1 77
3 2 17 25
2 57 53
2 41 88
2 29 81
4 2 15 48 96
4 16 34 77 81
1 79
4 56 26 33 98
1 47
2 24 83
4 38 50 78 98
2 0 86
2 57 91
4 15 81 92 94
2 55 23
2 54 32
5 8 26 32 40 85
2 59 65
2 19 70
4 2 66 81 83
2 17 30
6 63 65 10 73 79 32
7 56 14 27 35 46 50 91
4 7 14 69 79
1 23
4 14 24 76 92
1 71
2 55 37
2 56 62
3 54 9 49
1 50
4 19 72 82 32
3 73 85 36
3 29 39 43
3 73 45 53
4 1 15 19 34
1 64
1 17
2 67 70
2 32 41
