1000
5 154 210 252 472 935
6 63 75 183 515 779 798
11 100 121 262 357 411 659 709 761 875 885 897
9 236 245 276 392 528 623 667 872 880
13 12 53 182 192 337 398 486 500 524 554 846 863 924
10 30 31 39 81 176 252 303 346 679 850
7 69 219 375 498 666 710 870
9 78 116 148 188 232 287 485 798 888
17 87 95 121 277 286 334 362 398 474 557 572 594 739 781 814 836 920
14 15 149 191 269 291 357 428 513 523 525 592 879 951 993
9 95 241 417 499 708 710 730 759 810
13 24 56 72 125 181 214 218 259 563 665 816 915 918
13 4 72 215 265 273 291 421 452 620 669 827 841 925
8 104 491 589 762 814 957 980 982
9 486 497 636 646 807 813 916 935 938
6 9 65 173 269 558 569
8 159 176 290 301 512 638 843 958
14 88 153 182 356 444 447 479 513 561 599 840 874 914 966
11 48 94 212 315 466 468 566 779 911 916 952
7 270 284 322 579 778 907 978
10 30 297 332 337 423 541 594 605 615 627
7 194 200 436 533 555 814 937
9 91 218 310 764 777 811 864 897 947
13 36 71 337 411 425 442 500 555 620 653 776 858 935
8 11 35 186 469 626 710 735 834
6 254 482 490 705 897 986
12 35 220 279 282 354 538 565 615 788 881 937 984
9 50 51 138 266 518 744 797 826 970
9 54 57 96 106 191 554 764 831 950
8 45 124 155 376 438 513 603 917
16 5 20 38 80 149 189 190 213 215 335 366 405 504 515 644 723
6 5 131 168 225 457 791
7 144 360 521 617 730 807 943
11 93 194 243 303 490 502 550 576 793 840 960
7 58 192 215 252 266 451 943
13 24 26 210 289 320 329 362 596 713 767 844 846 868
17 23 97 124 165 246 268 315 503 598 643 707 739 857 892 940 964 994
7 140 413 468 595 645 802 992
9 30 88 367 565 590 667 886 987 994
11 5 143 198 240 285 442 719 791 846 903 985
14 117 230 264 271 313 485 651 655 683 750 853 933 960 972
9 131 154 201 322 346 398 472 495 989
8 126 325 603 669 740 742 755 848
10 83 125 154 191 419 449 517 520 532 827
9 80 114 319 475 558 636 667 871 919
12 29 102 125 151 184 215 289 562 665 887 921 923
15 67 77 81 89 181 188 233 250 280 306 679 738 883 956 974
12 100 133 322 519 616 715 748 784 870 928 958 982
8 18 165 287 328 370 467 885 949
14 82 100 230 265 350 479 569 619 639 670 703 727 827 847
7 27 112 128 555 727 863 951
5 27 257 567 600 962
5 261 672 687 715 951
10 4 211 252 481 536 655 688 731 790 885
12 28 71 141 168 189 268 437 498 566 636 644 999
10 303 325 330 405 444 534 606 629 759 855
13 11 102 127 133 244 249 277 311 327 426 843 890 967
5 28 99 573 735 850
8 34 145 172 343 393 479 517 741
10 101 182 226 247 272 453 483 496 736 976
7 71 98 280 431 459 588 794
4 294 784 878 920
10 249 257 326 389 401 583 655 720 788 875
15 1 122 136 153 156 225 320 432 483 500 542 583 596 653 719
8 91 112 422 502 684 699 748 880
5 15 154 672 743 907
16 146 181 191 205 255 337 390 505 507 518 553 608 620 633 701 847
10 46 278 392 529 622 827 874 889 952 980
8 181 355 527 531 581 671 736 748
9 6 254 339 510 552 723 760 797 989
14 156 171 210 273 391 398 421 486 487 604 702 767 782 900
11 23 54 60 101 289 431 443 576 741 929 987
13 11 12 275 420 503 633 689 731 735 774 803 892 913
4 197 727 763 929
17 77 177 187 191 251 351 437 503 506 531 645 646 652 676 688 955 998
8 1 119 182 456 504 558 709 981
8 82 123 257 344 361 364 406 938
17 46 74 164 210 222 232 316 358 415 443 501 515 542 578 595 658 660
9 7 131 167 332 333 410 415 790 808
9 155 295 482 504 692 789 874 918 931
6 30 44 573 717 842 921
9 5 46 129 302 371 503 626 766 824
12 49 76 99 114 267 448 548 569 593 692 827 875
11 43 89 253 273 372 399 412 488 686 739 976
10 108 173 180 608 687 724 762 789 919 944
12 111 173 246 279 285 299 421 442 497 548 962 977
11 141 209 238 312 315 346 396 673 694 926 976
9 8 185 274 375 500 516 765 799 923
10 17 38 178 254 277 701 708 763 799 884
11 46 83 106 265 376 423 568 591 654 713 874
15 167 176 177 289 315 356 475 618 760 794 812 830 853 889 906
11 22 64 166 192 264 337 338 343 733 867 928
6 179 253 440 557 907 936
10 33 257 270 502 580 631 759 792 894 989
10 18 181 194 274 511 516 769 772 839 887
14 8 10 121 174 275 296 399 520 546 549 669 858 890 894
11 28 181 234 250 386 388 502 571 722 785 846
11 36 181 540 586 687 725 731 812 825 870 980
12 60 140 202 306 309 559 590 668 709 743 770 837
5 57 82 683 890 902
14 2 47 49 173 320 334 340 351 438 440 445 556 758 810
12 59 71 179 183 201 245 292 299 320 796 841 950
14 45 56 160 169 468 491 609 651 659 687 753 852 975 992
11 192 268 327 459 610 660 714 775 886 946 957
10 13 175 202 355 504 529 542 597 763 917
4 164 263 398 880
7 28 89 139 145 350 754 906
7 150 258 330 470 620 669 839
6 84 332 428 550 816 871
7 332 354 471 742 753 774 857
7 111 134 240 460 468 657 736
5 85 110 578 675 904
10 50 64 144 162 332 420 571 729 827 928
7 127 145 347 413 639 881 955
13 44 82 175 198 309 320 387 388 392 636 644 671 876
9 196 226 235 278 282 529 606 677 891
4 7 180 671 754
12 40 158 317 411 560 572 596 725 737 749 786 926
4 313 550 606 787
13 75 229 244 388 489 545 655 685 742 754 790 950 988
8 233 361 407 471 531 799 986 990
10 2 8 95 293 294 468 528 697 785 854
8 63 165 241 336 416 489 611 772
12 76 127 182 220 243 294 331 524 828 836 858 897
14 29 36 164 244 335 350 353 407 413 635 685 805 878 964
8 11 43 45 491 505 586 746 844
10 42 238 401 484 488 587 747 894 968 977
9 56 113 123 146 205 263 324 419 946
9 50 151 200 360 581 585 935 960 995
11 81 141 173 183 342 653 660 699 774 866 961
12 190 299 338 350 353 414 643 657 798 869 915 980
9 31 41 78 332 473 571 810 832 978
9 176 298 300 352 711 764 789 814 986
12 47 56 181 350 362 449 473 536 538 566 730 893
11 110 187 412 436 445 455 554 728 833 896 991
9 192 350 418 500 573 598 655 664 774
8 63 159 262 362 429 559 746 985
7 360 606 704 748 800 811 822
9 27 164 254 279 455 488 577 723 814
12 106 180 202 373 601 632 660 678 689 765 813 997
9 37 98 325 414 475 702 809 904 966
12 54 86 129 165 219 287 336 369 451 604 693 889
12 160 166 376 461 499 777 820 824 845 943 959 993
7 39 451 526 649 761 834 903
10 32 112 187 284 304 412 650 765 774 851
11 58 106 113 194 234 302 309 326 592 834 861
10 66 127 193 247 482 561 596 743 749 819
5 304 468 747 812 847
10 7 189 239 357 776 799 841 854 866 888
10 9 30 398 448 668 778 860 868 896 975
11 107 188 260 312 459 620 646 690 886 917 923
7 45 128 230 436 459 603 748
8 159 336 367 388 487 699 777 881
15 17 63 170 203 241 249 309 370 386 540 565 636 800 880 887
8 0 41 43 65 326 449 656 937
10 29 79 228 290 299 389 586 659 703 918
11 63 70 189 252 291 312 434 517 688 727 895
4 260 279 371 625
10 117 381 559 573 660 662 763 830 860 977
9 16 136 152 185 207 411 604 638 768
8 102 142 363 449 527 792 839 877
8 366 524 583 622 804 805 811 892
13 112 298 332 351 358 442 569 679 716 726 730 746 940
11 203 208 304 328 404 411 412 424 551 875 946
13 77 105 124 138 203 273 395 514 577 690 732 787 919
9 36 48 122 141 183 736 911 918 922
16 91 142 253 467 477 490 494 500 566 573 638 646 663 706 726 956
5 78 90 280 742 790
12 31 54 335 391 484 578 622 651 666 837 852 895
10 102 199 229 486 520 532 605 620 730 963
11 153 366 384 565 653 691 747 829 868 946 988
10 70 267 295 454 560 628 690 729 897 937
9 58 220 258 322 360 386 433 658 904
15 15 84 85 100 129 191 401 406 409 421 471 693 755 890 910
15 95 366 412 413 486 507 515 555 575 678 695 804 896 947 950
6 104 114 197 251 557 925
9 5 16 90 132 181 470 670 741 975
18 74 90 213 240 335 432 456 464 468 492 584 671 675 790 855 882 989 990
14 88 182 240 348 404 423 551 567 679 717 820 832 988 997
6 92 101 369 499 535 612
10 84 116 139 282 406 657 834 922 949 989
19 11 46 66 68 94 96 97 133 176 298 324 389 703 769 799 833 857 878 928
9 4 17 59 75 123 178 401 613 777
16 1 101 129 165 322 345 363 444 468 594 623 688 716 745 758 990
10 45 372 377 468 472 542 567 593 810 857
11 87 159 212 350 373 696 766 804 880 925 937
10 24 191 355 421 602 660 773 780 794 853
6 74 134 144 363 709 928
10 7 46 150 266 442 447 735 750 879 931
12 30 54 148 156 232 240 386 520 794 818 863 921
10 30 130 232 314 439 541 629 663 903 919
15 9 28 43 66 74 173 186 297 328 584 743 881 884 961 981
12 4 34 91 103 135 316 350 358 609 828 919 959
11 146 259 292 383 483 510 527 788 855 864 953
15 21 33 94 145 331 348 352 355 364 365 615 704 837 884 993
10 275 324 532 566 751 830 854 872 892 949
11 115 198 352 397 538 630 804 841 846 912 979
5 73 175 228 441 638
15 39 114 196 237 299 443 444 485 507 513 616 712 723 844 991
11 169 296 320 385 578 584 711 826 870 930 946
11 21 128 270 436 479 657 733 833 862 923 953
8 41 101 212 231 383 537 669 765
10 98 104 139 275 336 495 702 793 916 990
7 153 163 164 209 235 559 729
11 215 286 307 370 479 570 622 646 735 914 963
13 66 127 231 264 309 373 388 405 432 540 629 712 797
11 377 388 482 552 553 571 620 723 824 872 878
11 159 338 364 398 442 522 539 707 775 836 852
9 163 359 368 406 506 651 851 960 984
7 86 203 240 293 487 619 932
13 0 35 70 77 247 353 425 447 514 651 728 752 798
8 53 328 465 546 551 795 847 920
10 18 185 201 265 535 731 810 821 823 976
9 30 177 265 330 509 584 712 717 767
12 11 286 307 352 402 480 530 619 748 851 899 964
11 12 30 34 45 204 356 392 430 551 597 893
13 285 335 343 389 497 570 591 606 745 778 786 796 856
8 272 286 320 417 445 595 836 990
6 11 22 231 310 942 951
11 6 141 221 323 466 479 546 600 937 947 982
10 26 123 172 255 501 550 557 630 694 706
7 219 270 277 398 444 535 954
9 77 254 292 515 520 593 766 827 841
11 253 342 462 492 543 695 727 749 779 942 978
3 681 684 997
13 31 63 269 343 494 514 573 594 684 746 749 779 824
9 59 115 240 393 636 696 763 815 862
11 282 334 378 386 395 548 687 852 890 901 908
10 155 197 310 445 447 574 633 703 821 850
14 119 169 249 317 432 468 587 756 874 913 950 986 988 996
18 40 49 151 338 349 361 389 413 452 570 587 687 709 712 755 788 824 867
13 201 205 218 496 516 625 706 729 894 946 962 981 998
12 7 77 189 190 318 337 679 707 819 835 838 857
12 46 120 314 355 397 415 457 481 594 809 904 985
9 96 145 260 545 585 595 604 835 991
8 115 203 334 561 608 872 955 973
10 3 283 284 364 594 637 673 766 943 951
7 198 422 572 679 830 892 893
13 86 126 275 325 347 371 467 643 689 792 803 823 842
7 148 261 461 650 716 945 964
19 39 110 177 178 189 209 226 298 310 350 388 406 422 447 476 563 807 829 956
9 10 122 153 506 674 686 734 760 854
9 264 270 400 548 572 585 652 670 817
7 33 123 297 486 500 785 839
7 56 119 124 371 416 469 686
9 3 101 273 318 432 640 691 743 886
6 36 85 329 502 588 961
13 59 146 210 332 370 476 511 528 691 740 838 916 978
6 263 327 408 522 691 805
9 56 62 153 229 255 707 828 862 868
13 46 96 314 346 425 478 562 609 746 754 827 914 923
10 74 175 340 397 476 568 733 778 857 894
14 0 5 34 53 156 286 390 427 615 617 674 740 774 951
10 83 92 166 223 277 307 634 714 763 984
11 25 69 88 138 222 369 488 588 599 663 744
9 66 220 249 315 352 405 567 615 642
7 272 376 640 711 758 835 899
12 51 62 76 93 349 432 540 695 727 749 935 994
8 107 172 317 333 380 643 876 952
15 11 193 268 282 368 377 385 409 542 559 649 663 755 950 984
10 150 157 234 410 548 565 663 672 727 772
12 52 239 265 311 393 453 515 520 596 764 801 819
10 2 136 534 775 791 797 928 930 933 980
16 105 127 248 376 402 516 549 606 657 666 734 817 918 954 964 977
9 40 91 205 242 268 308 315 436 456
15 12 49 89 212 213 261 276 281 330 427 430 728 749 820 903
9 27 34 188 322 411 614 623 783 854
14 82 171 331 371 418 513 539 703 741 776 851 858 925 999
13 36 54 103 259 264 330 443 616 719 723 751 788 955
12 9 15 225 458 479 549 556 762 848 888 965 994
11 19 93 200 221 242 310 360 711 795 930 941
5 40 401 499 602 630
13 59 217 256 351 377 421 459 575 628 792 884 951 953
11 12 70 83 164 245 335 428 490 572 828 910
8 87 94 383 409 586 650 842 865
10 72 95 195 202 238 280 350 414 635 683
12 3 265 282 304 418 476 510 532 613 720 879 940
7 8 56 88 221 253 411 837
6 67 115 431 459 809 834
12 26 85 138 157 309 410 528 572 668 912 935 967
13 46 60 167 275 311 349 353 641 685 715 835 948 969
10 265 474 506 574 613 811 867 875 890 915
12 26 115 180 227 259 276 453 546 575 660 777 987
8 236 326 442 445 451 749 967 981
7 19 144 236 291 354 582 721
13 39 85 216 572 627 712 763 778 836 840 869 970 982
13 8 204 214 217 252 385 388 483 640 723 810 934 951
11 7 48 141 341 407 508 588 672 756 790 943
6 353 376 440 451 641 883
11 35 45 71 90 330 390 506 646 813 877 994
12 16 155 422 489 522 540 541 603 616 754 846 990
10 9 12 156 284 381 538 633 803 836 847
10 101 193 222 478 726 784 815 817 972 994
11 121 209 307 329 405 423 515 529 697 748 883
11 61 121 123 326 383 386 619 687 751 944 990
10 79 171 430 439 745 780 833 838 848 945
11 95 199 495 556 560 570 645 730 773 839 958
12 20 191 243 337 405 409 424 535 573 597 612 900
10 132 162 181 240 379 470 576 605 651 954
10 85 101 130 155 198 533 591 843 907 992
6 132 338 342 454 466 540
13 16 322 452 485 499 522 568 690 787 862 869 921 961
11 81 145 312 433 482 554 590 608 626 648 746
10 5 33 55 350 403 521 808 822 939 951
14 144 147 163 276 366 446 559 652 688 791 868 894 934 950
9 341 417 436 498 548 647 769 802 952
10 46 98 319 372 678 684 744 793 870 979
10 204 214 253 293 416 442 510 568 665 807
6 264 545 554 796 823 978
19 98 114 145 153 205 279 424 479 509 513 552 595 643 665 704 723 902 985 990
9 22 218 228 240 270 654 674 755 816
9 56 261 280 453 456 643 691 794 823
11 86 150 156 302 468 480 580 652 658 666 939
7 40 118 342 448 530 681 948
11 190 233 250 368 401 409 528 553 760 821 990
15 18 36 86 90 255 264 347 475 580 581 633 694 712 764 809
8 77 192 447 516 564 596 651 956
11 117 229 258 427 432 554 573 605 832 902 940
5 232 245 719 747 897
7 44 306 460 647 660 800 883
16 35 63 100 101 114 199 217 341 386 413 440 532 583 648 781 855
3 504 593 818
12 19 41 47 172 183 266 301 635 724 780 782 979
10 219 421 439 450 527 553 714 770 974 996
9 127 181 195 381 609 783 807 883 899
12 42 55 140 238 457 478 627 659 708 875 919 993
9 62 145 154 283 294 507 577 628 778
9 56 103 248 331 397 684 797 882 907
9 48 163 191 211 340 389 484 717 722
11 35 246 293 627 660 754 829 876 921 923 973
12 55 107 213 265 268 289 376 449 454 622 773 903
11 123 194 267 327 505 618 651 760 765 897 987
12 20 78 108 109 112 131 162 247 350 658 844 850
11 78 258 334 338 394 543 577 600 624 791 988
11 8 100 227 235 333 335 480 829 840 902 911
12 30 124 168 177 216 273 334 399 643 765 890 995
9 122 141 152 202 465 644 824 853 909
10 4 20 23 66 91 232 297 443 809 990
15 91 130 207 230 300 333 362 450 457 467 726 760 765 916 953
7 69 359 462 573 724 785 795
8 100 251 328 563 577 662 719 940
8 287 305 320 488 694 711 833 851
11 129 223 300 313 383 387 398 464 564 666 703
15 58 91 216 225 397 406 430 574 628 783 792 871 882 952 959
9 76 456 483 516 580 710 835 910 940
6 183 371 399 688 693 905
11 5 41 86 250 361 609 654 776 887 892 984
10 113 238 315 362 363 425 611 639 668 984
8 178 194 413 471 532 763 780 784
8 230 257 280 441 455 688 699 859
19 49 106 124 130 133 135 185 192 240 275 303 332 378 427 515 563 637 754 773
16 74 100 162 272 433 484 510 563 577 597 617 686 830 836 849 949
14 132 194 196 214 255 517 547 583 609 797 823 827 898 909
9 124 130 210 280 288 441 514 640 943
9 26 109 284 380 621 648 807 831 869
14 68 104 186 194 233 398 557 710 734 796 841 884 891 994
9 17 90 215 365 628 714 733 929 981
9 2 9 148 398 410 431 547 730 803
9 77 162 192 371 489 561 577 661 679
9 208 339 401 458 628 737 788 792 974
10 32 128 137 172 270 579 667 687 723 891
7 76 120 230 346 374 516 880
9 8 35 133 136 338 347 652 665 956
12 160 183 187 347 418 491 503 598 910 950 971 979
14 76 194 207 236 373 390 617 641 719 806 861 876 952 973
10 194 356 404 410 566 633 688 834 848 957
16 30 161 170 174 304 396 447 530 606 717 766 782 806 832 900 998
8 38 152 517 554 591 747 799 871
8 208 259 314 493 551 644 652 736
9 141 179 254 476 656 694 793 888 931
14 48 153 204 247 405 416 565 623 715 719 746 854 855 916
11 81 157 238 244 267 345 358 782 810 970 987
8 83 184 306 569 683 828 877 999
11 139 185 205 364 439 517 550 615 839 894 928
10 361 591 609 614 620 677 769 844 983 987
4 6 87 541 966
9 29 89 142 256 263 288 330 447 632
13 184 206 259 272 405 518 564 654 751 771 864 934 990
7 227 350 429 627 753 905 977
6 298 473 523 600 668 684
9 258 354 463 485 489 524 592 732 944
7 158 291 324 385 426 490 703
2 781 941
10 193 201 274 294 342 541 683 721 982 987
10 170 395 460 480 557 627 773 866 971 989
13 199 259 286 381 484 602 609 681 870 884 938 961 982
10 96 153 172 189 227 294 320 419 816 928
5 114 342 393 589 640
11 96 114 119 152 205 206 240 286 455 737 967
12 62 155 181 216 230 328 419 500 760 837 900 999
12 66 252 289 364 408 432 637 696 722 778 811 830
7 70 168 509 540 639 830 952
11 3 67 114 215 500 513 613 649 701 740 926
10 58 226 261 387 443 567 592 607 890 982
12 333 412 451 552 704 729 827 832 917 921 924 943
10 164 227 384 449 453 570 659 707 817 911
5 86 366 718 866 887
12 196 233 251 327 343 560 610 639 688 851 964 974
18 4 8 41 70 105 149 207 221 342 355 357 482 579 584 634 650 788 891
10 83 95 335 345 412 439 461 575 701 909
8 242 435 453 466 795 879 914 999
12 62 126 173 182 271 314 359 455 478 755 782 957
15 214 263 445 614 622 640 725 735 776 780 793 816 902 918 929
11 303 412 432 479 491 495 556 761 811 841 871
11 163 178 365 695 743 753 776 798 807 818 911
14 30 55 205 255 293 297 370 377 410 662 785 791 877 881
12 76 173 180 208 240 343 451 471 755 829 856 878
11 120 124 287 490 542 611 619 759 768 924 928
13 248 390 481 504 508 533 586 655 684 697 763 822 962
16 173 259 274 297 314 488 507 668 693 707 759 880 895 898 978 982
7 78 260 279 357 365 405 916
14 2 23 117 159 163 266 277 475 549 593 640 723 873 909
13 83 134 144 163 174 394 399 403 575 650 679 682 833
11 37 113 124 174 230 320 348 414 679 812 894
9 130 140 275 413 429 491 555 823 846
9 77 78 233 483 604 694 788 848 949
8 122 244 307 370 543 630 707 913
8 10 217 305 513 568 605 688 746
11 135 267 276 363 540 661 679 764 849 858 925
11 43 127 386 389 431 448 484 586 616 802 832
7 72 112 473 494 817 938 946
14 12 70 85 173 186 272 323 509 602 656 684 749 883 901
13 64 237 240 290 564 594 708 748 765 915 927 940 992
9 20 89 178 293 711 724 795 864 874
10 163 297 309 522 570 592 606 717 797 847
11 23 210 250 347 435 519 571 661 805 826 850
7 56 381 449 562 572 742 958
12 252 265 317 350 577 617 689 720 761 840 894 929
6 9 108 273 606 659 881
6 136 378 414 567 747 864
12 215 265 295 343 577 748 821 832 863 944 960 965
10 60 71 278 357 419 595 660 793 834 977
17 63 177 205 229 245 257 317 390 403 529 674 681 707 869 957 984 989
8 172 302 351 474 568 690 799 812
9 156 491 597 706 712 805 851 852 999
7 400 425 500 552 607 649 968
10 21 134 151 200 264 305 486 568 594 712
9 54 74 439 480 551 556 586 855 931
8 29 100 496 531 548 620 859 967
14 190 295 323 373 399 437 565 569 679 694 695 738 862 907
6 92 100 288 320 584 700
14 197 349 353 546 553 690 691 739 778 801 896 924 966 982
15 23 39 85 162 188 207 283 307 621 796 821 832 851 868 968
13 71 77 198 268 337 393 447 542 603 640 692 752 814
9 17 55 183 198 221 473 670 791 968
13 100 134 217 228 283 402 459 463 494 502 547 588 704
7 304 449 511 520 672 694 831
14 17 188 210 228 240 316 366 376 443 498 514 599 771 964
10 82 149 313 419 547 666 778 850 878 944
8 43 133 154 160 330 395 426 446
10 323 338 464 487 567 571 592 601 712 774
13 34 141 143 283 288 394 406 657 683 698 768 865 880
9 12 230 301 525 676 883 942 953 999
11 59 261 282 311 395 400 473 527 551 623 914
5 171 300 330 726 986
7 134 138 349 388 401 620 648
10 75 177 264 311 344 459 510 603 744 989
11 31 233 325 338 481 569 639 659 831 842 957
6 269 359 499 916 942 956
14 60 103 150 151 272 278 445 456 472 492 624 836 931 948
3 110 319 384
6 142 239 399 673 709 781
7 223 339 659 821 837 839 954
5 380 445 667 706 997
10 177 342 450 487 493 718 734 812 903 964
8 211 336 538 597 621 751 792 826
9 18 219 300 400 559 641 739 946 948
13 48 166 238 338 505 537 541 576 581 599 696 743 841
17 18 37 102 110 121 147 177 183 184 229 312 545 563 607 749 776 851
7 24 244 552 608 615 867 922
7 107 176 298 698 719 799 821
13 109 120 173 348 406 644 647 759 827 861 870 921 990
8 0 41 184 459 618 660 695 699
11 131 133 379 420 444 453 501 534 831 846 966
11 8 281 433 551 690 701 766 802 872 897 953
8 44 90 140 315 411 502 680 756
6 240 247 251 276 369 872
6 166 631 652 709 854 973
10 250 292 325 401 541 617 733 744 803 913
16 17 49 58 200 204 219 269 309 403 480 522 725 751 860 876 986
16 214 312 334 384 437 479 511 516 663 692 709 760 902 973 974 980
11 53 233 408 457 586 588 657 667 711 830 834
11 25 79 146 206 302 398 491 644 699 744 789
6 59 63 193 286 344 415
9 126 168 328 351 385 419 541 668 683
11 7 40 198 301 380 555 567 572 716 821 854
11 4 14 70 169 174 243 436 607 647 831 881
6 70 152 209 450 464 740
8 83 126 138 254 341 409 667 679
10 119 122 290 358 380 520 566 577 654 798
11 25 33 166 273 381 407 567 585 817 953 990
17 13 102 125 363 403 414 434 482 508 526 576 586 695 749 768 836 973
8 177 223 459 574 603 698 904 940
9 368 464 503 520 598 804 834 857 941
9 166 225 420 445 495 560 664 817 873
10 41 202 296 403 494 529 594 613 826 837
10 59 231 438 626 768 859 864 866 984 985
6 14 85 216 542 912 931
8 6 54 305 447 641 767 937 960
7 10 142 179 271 301 458 529
13 4 23 63 87 135 166 243 389 392 435 706 759 875
10 77 220 473 506 554 571 692 799 961 991
11 33 64 93 96 246 445 475 617 637 769 944
10 36 72 74 81 363 493 539 543 693 838
10 30 75 79 104 321 408 662 717 719 967
11 66 125 331 467 610 693 759 825 848 868 915
14 74 208 241 281 289 501 569 594 598 610 676 708 830 876
9 66 174 198 326 409 571 714 734 938
10 287 408 491 557 642 732 788 938 962 979
11 213 309 391 421 563 685 718 722 810 815 817
15 69 193 276 307 351 456 593 646 648 677 681 756 864 869 898
5 94 247 446 480 702
10 16 631 682 692 813 837 880 884 885 931
10 9 17 29 198 267 309 392 417 908 980
10 164 210 225 353 447 533 554 577 666 993
13 1 30 77 174 222 261 293 350 583 731 739 766 997
15 87 94 231 263 316 344 361 480 555 563 745 869 917 957 966
12 43 58 156 352 367 373 576 697 704 825 871 892
11 27 66 377 662 732 748 786 932 943 945 975
7 47 425 610 613 690 720 978
16 43 95 169 189 222 261 446 489 493 536 726 758 784 814 954 980
3 32 303 662
12 207 248 290 301 424 479 539 608 716 826 910 991
14 9 379 544 545 558 630 793 811 863 866 895 916 950 966
5 4 123 161 380 996
7 9 452 702 771 775 785 933
6 143 491 645 717 869 960
10 68 160 193 323 453 528 552 726 900 934
12 3 121 247 279 314 527 600 735 815 862 946 977
13 67 104 115 293 432 495 499 636 780 786 929 949 954
8 214 313 366 609 704 930 932 976
11 68 74 120 438 553 659 721 734 842 865 941
11 43 169 195 276 320 348 554 663 745 899 978
12 21 299 408 514 568 729 839 848 941 964 971 999
5 55 262 473 737 865
9 179 212 221 297 550 585 731 750 962
7 53 133 520 615 687 883 945
8 201 467 597 611 672 709 831 953
10 26 133 196 291 465 680 813 814 839 991
9 207 267 503 522 586 699 729 739 938
14 97 153 205 257 290 300 391 418 582 636 650 687 743 850
12 20 190 290 375 383 467 478 484 570 585 782 925
14 63 77 104 184 259 407 443 497 661 682 741 803 879 962
8 223 333 416 503 645 757 876 934
9 523 653 825 850 892 898 925 949 964
9 119 234 308 468 523 751 826 894 928
11 95 211 219 282 441 557 604 610 709 811 827
7 352 357 445 448 758 811 901
12 82 85 227 242 260 305 438 583 650 751 808 877
10 95 263 269 411 627 646 681 754 792 960
9 33 108 118 220 373 535 612 801 955
13 163 178 211 215 368 437 453 474 581 714 742 875 888
16 69 206 309 394 435 469 527 579 598 660 661 676 776 780 825 844
10 66 206 314 323 441 531 612 655 676 805
13 4 28 134 302 308 317 367 501 514 532 637 639 735
11 21 23 50 174 414 485 516 630 665 698 778
9 100 269 296 403 437 594 844 947 978
12 8 92 175 220 355 384 508 546 648 701 740 858
10 15 44 75 523 597 598 695 750 936 998
9 98 136 158 203 259 304 466 577 852
8 117 171 296 397 494 584 912 964
10 17 146 235 358 693 696 718 829 838 922
14 45 250 426 590 633 642 671 677 688 729 760 838 966 973
13 11 240 340 350 351 468 509 516 653 687 698 773 824
8 316 342 377 422 671 748 751 963
12 26 38 153 170 260 370 439 576 577 584 594 677
13 18 54 133 166 195 365 489 576 741 762 851 900 996
17 51 178 184 255 393 429 450 485 490 574 592 654 684 702 727 762 967
12 89 251 301 307 417 433 436 533 675 738 878 893
11 15 49 82 162 372 439 457 506 744 750 953
15 204 216 230 296 395 424 541 583 644 671 699 703 864 910 947
12 96 112 131 206 425 450 501 507 693 714 949 989
11 8 117 237 242 273 279 285 426 485 726 946
11 57 80 135 158 166 225 297 317 339 786 912
7 228 281 343 492 567 666 804
10 174 272 282 399 412 648 675 928 951 975
13 33 71 298 467 491 517 565 566 663 749 819 857 890
16 138 164 326 333 340 351 358 427 430 489 514 559 565 600 633 853
10 77 111 168 199 647 658 663 782 911 975
6 19 360 398 552 737 907
4 93 312 315 344
11 68 128 315 467 551 759 767 799 825 831 911
4 284 540 670 690
11 62 63 161 320 352 515 548 570 731 822 849
11 177 191 199 213 398 440 560 565 682 721 809
10 128 234 242 490 535 541 878 881 922 952
16 97 125 155 274 408 419 437 481 491 539 627 633 806 856 877 966
9 126 229 230 680 762 812 822 867 944
11 60 246 254 287 445 481 601 737 812 844 856
3 13 387 799
7 38 98 302 562 769 780 886
6 89 216 299 367 374 655
9 9 145 380 393 424 450 567 722 758
8 82 184 222 321 411 510 665 928
15 8 20 183 225 233 236 422 436 495 506 556 565 702 997 998
10 37 77 217 234 309 431 711 779 817 989
10 35 63 117 146 261 316 606 715 744 929
13 104 215 297 351 434 465 537 558 704 720 764 900 904
12 36 135 363 493 506 552 558 673 757 777 797 812
5 17 254 447 467 662
7 51 219 333 379 528 577 755
3 139 450 588
6 186 271 385 421 679 982
9 29 42 151 290 443 456 492 771 997
9 70 141 159 234 415 546 634 727 866
10 20 169 298 317 417 676 750 775 813 910
15 55 115 118 137 216 263 366 424 428 596 623 646 680 853 902
12 393 435 468 486 659 752 786 790 833 849 933 955
7 66 84 235 302 469 522 785
14 102 192 250 324 346 352 374 385 530 684 718 744 993 995
7 103 397 505 506 519 546 748
5 122 347 407 537 890
6 179 297 550 553 653 795
8 182 276 281 392 495 519 662 746
10 266 374 402 630 658 782 825 921 975 984
14 20 26 194 252 255 373 469 536 628 661 906 941 955 994
7 47 198 268 290 419 658 902
11 32 252 351 364 427 478 502 825 834 912 973
8 90 331 472 682 776 786 918 943
9 49 209 214 294 407 671 800 850 995
13 12 23 66 107 150 169 206 374 438 455 695 744 912
5 354 442 465 705 905
9 67 161 168 204 330 402 643 820 923
10 3 183 266 370 453 606 726 844 865 909
8 333 459 768 777 801 878 905 952
5 157 231 661 865 923
6 24 81 302 496 657 818
13 20 285 325 329 378 384 549 586 638 820 826 855 910
9 171 272 326 343 356 359 615 665 801
5 55 190 205 820 907
10 196 220 271 416 523 555 614 775 799 933
6 93 477 512 727 827 870
7 139 376 770 778 795 880 920
11 66 72 228 291 315 365 562 577 586 643 864
7 253 398 604 871 918 951 991
10 124 275 322 658 711 734 749 762 849 853
9 14 44 54 114 153 226 529 540 903
7 236 350 390 502 554 663 708
7 16 159 166 197 627 716 783
9 49 113 347 391 397 457 554 737 780
13 245 256 286 353 387 402 411 443 750 779 874 875 894
9 280 288 364 466 498 653 709 786 984
4 255 508 562 941
14 36 130 238 258 309 311 335 622 633 658 775 842 871 887
15 30 54 114 336 368 471 482 570 645 748 818 835 914 918 954
10 37 74 296 526 543 644 659 782 813 863
16 14 74 150 166 204 289 510 549 606 659 754 808 907 918 945 977
9 305 319 471 486 578 670 786 812 863
10 302 320 354 455 510 557 575 687 753 926
9 143 259 392 435 844 877 910 917 988
8 144 239 274 398 412 540 548 798
9 40 102 168 208 210 298 316 331 703
12 74 242 304 312 362 368 477 666 676 886 912 985
10 23 63 129 170 544 563 612 641 755 765
9 89 310 346 377 489 567 660 812 860
11 40 53 62 119 135 408 553 591 680 724 958
9 154 369 421 697 711 722 797 815 832
10 110 130 180 200 263 451 481 626 703 993
13 77 172 312 332 578 614 616 635 643 699 770 878 973
15 2 102 155 325 395 428 457 462 531 607 645 646 722 768 972
18 77 103 129 139 158 186 282 319 329 431 472 552 654 669 755 766 945 974
9 358 418 425 542 552 615 625 927 933
12 158 340 405 504 518 521 599 613 697 793 932 975
13 166 190 254 259 260 480 532 576 578 637 763 792 885
7 135 494 745 836 877 964 968
11 11 45 307 309 362 555 593 628 703 745 822
14 6 168 263 312 342 448 514 574 652 695 765 773 839 946
11 3 38 44 360 463 481 488 847 874 885 943
11 98 149 279 347 379 409 484 719 725 817 931
9 12 42 95 107 201 660 838 890 975
12 49 176 242 444 582 647 691 725 878 900 914 979
8 68 114 116 177 562 564 570 619
10 52 65 260 287 446 537 686 873 893 964
6 86 236 461 598 712 765
7 241 252 310 432 810 907 953
6 111 177 568 575 887 938
8 74 452 506 552 553 605 652 691
9 115 374 510 562 565 680 841 896 971
7 139 174 306 822 869 926 930
15 5 46 162 178 232 237 358 412 413 418 439 488 602 907 959
7 475 538 587 606 655 677 956
13 224 313 385 432 510 549 764 790 829 846 900 942 973
9 412 512 542 584 618 746 766 842 957
11 40 99 275 372 383 451 484 762 786 823 959
15 64 224 225 306 327 379 408 421 567 609 691 735 762 780 871
8 119 124 280 509 688 796 852 975
8 83 241 244 351 672 725 865 922
15 52 84 97 102 227 230 294 360 536 540 563 648 739 871 902
14 53 74 156 183 304 345 349 365 397 417 562 685 921 995
10 72 139 238 427 721 888 937 947 984 985
12 150 164 171 301 433 441 474 519 582 791 912 931
11 170 245 247 248 311 441 670 676 684 776 801
9 79 82 443 480 501 512 728 745 885
11 141 173 345 409 503 505 561 571 701 756 934
13 86 220 315 341 369 415 439 446 819 833 873 949 954
12 174 223 257 404 439 472 491 558 620 666 755 905
9 185 226 390 467 561 830 920 992 996
10 121 293 408 517 656 662 706 731 754 997
7 451 470 492 555 563 792 890
15 64 129 152 349 472 482 539 570 658 709 732 824 853 856 863
1 440
9 66 88 392 399 474 557 693 780 964
10 70 140 202 511 525 567 594 847 894 952
14 49 155 181 228 267 342 381 570 651 657 665 789 820 935
10 137 194 309 394 445 517 530 597 732 802
4 25 621 724 746
9 166 220 231 434 463 500 697 870 934
10 36 207 232 249 395 409 416 432 839 946
9 10 88 325 422 506 637 717 831 965
14 2 75 98 187 230 461 477 480 537 546 641 699 861 987
7 6 10 24 344 355 817 992
14 132 199 256 270 341 423 481 595 635 656 750 850 867 973
10 198 205 213 230 285 315 434 436 450 673
6 35 89 726 887 926 952
9 103 253 323 356 507 551 571 872 989
7 47 52 280 370 596 790 908
7 162 183 239 485 522 638 997
11 80 178 213 328 366 424 504 526 708 802 845
9 396 464 509 561 609 759 779 927 947
15 39 63 268 318 340 364 370 470 504 668 795 823 893 961 975
5 62 276 427 519 597
7 284 383 531 584 689 751 912
10 96 328 390 509 592 656 659 769 873 944
12 30 69 138 198 206 268 286 309 360 411 973 990
7 84 322 339 423 655 705 993
9 97 117 402 479 668 670 686 781 889
13 162 166 292 338 454 520 527 572 623 713 735 814 879
15 49 50 73 156 223 257 260 567 604 631 750 752 789 856 872
5 134 210 265 692 832
12 112 171 203 231 394 533 539 562 806 856 985 992
10 10 32 133 162 169 296 357 831 832 961
10 53 72 97 212 515 535 583 697 791 912
9 164 380 508 518 699 704 875 941 955
10 91 200 251 356 478 770 803 809 839 922
13 241 263 355 464 507 531 635 820 863 910 927 932 964
10 24 57 72 188 204 402 528 554 684 726
5 59 68 110 165 368
11 117 359 388 534 579 588 639 798 904 957 978
5 46 439 568 752 851
9 8 36 83 441 466 515 539 687 756
6 42 247 252 392 487 557
10 58 71 176 267 542 566 769 779 801 822
10 42 109 119 167 426 551 801 880 953 967
10 65 98 146 191 245 404 467 540 810 848
11 27 254 306 456 478 482 569 596 609 620 948
9 183 216 295 516 532 664 665 692 768
13 125 136 162 225 250 302 370 417 613 682 705 798 934
8 126 147 170 318 367 429 875 952
17 47 64 68 137 151 214 293 422 430 518 564 610 644 803 931 970 988
13 117 146 223 225 257 265 283 421 468 491 576 635 926
12 40 188 535 558 569 605 640 711 727 850 954 999
11 195 268 294 377 465 479 545 548 564 721 855
7 210 443 607 727 738 805 938
9 102 109 378 404 648 796 833 838 889
11 106 116 119 250 290 329 350 549 646 697 917
14 42 173 230 259 310 401 406 600 653 660 695 776 804 822
8 229 287 475 510 693 739 961 965
6 543 598 878 913 962 986
14 100 183 256 520 547 592 794 801 802 819 820 831 927 978
12 10 55 93 407 409 471 500 505 581 718 960 998
10 69 90 241 314 331 338 389 480 562 960
7 2 143 403 427 806 917 939
11 13 84 269 566 567 587 635 683 684 930 989
10 73 88 104 158 226 253 285 348 408 663
12 22 28 132 261 315 418 597 681 780 884 902 943
15 87 139 144 201 331 335 338 422 653 666 673 789 800 867 992
11 81 185 222 236 366 474 515 660 682 898 918
9 35 70 213 498 581 798 850 938 990
11 159 407 451 491 496 624 659 745 786 939 980
12 94 181 305 374 502 590 722 741 816 932 946 984
6 98 323 632 658 733 833
7 377 447 525 603 895 917 977
9 94 122 260 779 783 836 966 989 991
11 186 296 330 350 384 563 666 779 829 897 914
9 72 109 129 135 144 252 450 842 919
9 103 207 262 525 605 630 643 918 922
15 23 148 267 346 402 404 468 552 618 691 755 826 896 929 977
8 22 142 152 182 282 598 624 917
14 19 149 216 251 285 326 390 441 448 555 632 785 898 912
13 1 18 223 225 595 640 718 741 772 773 862 864 928
14 186 295 322 348 402 529 552 590 639 684 701 764 961 991
8 8 320 382 461 725 952 985 999
11 70 322 366 371 401 541 578 614 645 787 958
9 266 324 343 638 772 824 826 862 967
5 47 61 292 348 520
10 96 121 243 339 405 525 608 778 833 884
14 117 216 518 529 573 607 618 641 647 683 768 836 855 899
6 118 164 301 782 806 967
13 26 62 193 230 268 359 398 415 508 831 842 887 915
7 79 84 132 482 703 727 765
9 53 78 119 167 177 287 607 681 715
10 31 39 262 304 333 405 444 690 731 971
13 93 160 238 272 343 359 465 549 663 698 803 895 937
10 33 202 306 369 402 431 523 662 863 970
10 60 90 186 189 311 758 804 825 937 953
8 211 270 339 400 423 612 632 719
7 101 216 308 355 442 685 753
10 27 69 205 262 327 352 424 598 656 894
11 1 7 130 210 404 489 650 737 746 767 999
19 87 88 120 148 181 367 433 470 501 581 589 630 804 885 886 898 930 945 994
9 137 153 319 619 765 840 914 935 989
10 261 441 550 624 628 691 741 742 758 846
8 37 305 419 474 704 717 758 964
10 72 238 291 357 478 542 733 748 792 819
9 161 174 185 196 493 574 755 794 799
8 124 161 248 425 434 553 752 858
10 364 366 586 729 761 787 823 831 862 954
8 14 32 240 307 324 354 404 988
5 78 303 548 646 911
10 140 233 278 315 337 584 733 824 948 958
14 10 100 131 184 212 286 371 509 674 743 903 918 938 949
9 22 137 161 281 390 403 523 546 547
11 90 97 147 413 433 464 587 588 598 647 654
10 14 139 289 512 538 605 645 828 834 929
13 8 13 21 132 138 443 520 538 726 822 865 919 927
5 226 292 509 528 656
7 11 108 310 386 402 769 977
12 242 263 292 395 420 490 494 509 595 668 710 819
7 189 321 404 626 644 913 942
9 146 232 261 576 694 758 803 817 937
10 142 178 265 622 627 629 703 734 758 980
11 212 228 314 430 442 462 470 485 830 910 959
13 137 303 408 583 587 665 678 741 755 814 919 974 993
11 212 238 308 311 352 414 683 719 806 964 981
13 81 142 206 225 230 336 563 699 783 809 844 888 905
10 97 505 517 544 552 581 614 617 794 890
14 27 199 425 465 495 522 545 627 776 783 856 919 922 984
15 12 43 49 67 82 112 222 250 352 394 471 546 631 855 954
10 123 192 249 273 372 813 848 869 892 987
14 170 240 329 334 406 561 681 773 844 914 923 952 958 981
12 90 158 195 237 351 390 391 481 506 696 821 904
15 28 354 446 457 473 486 537 581 708 730 758 788 806 924 980
13 131 178 317 366 394 419 430 442 656 728 730 864 866
12 134 181 200 295 341 412 607 694 753 770 785 937
13 24 143 145 180 278 365 431 481 493 617 813 857 898
8 232 234 256 280 344 644 922 968
14 8 123 207 217 285 291 351 459 491 664 772 786 962 969
9 98 168 194 277 389 462 495 512 912
9 232 247 295 503 561 562 669 753 982
16 94 107 160 243 296 373 462 533 538 666 707 733 874 934 957 986
11 17 33 285 334 427 800 879 895 903 904 962
11 12 101 148 196 222 355 403 467 677 867 936
12 80 238 274 457 531 643 682 774 788 917 946 976
4 16 56 299 872
14 35 125 198 332 374 552 556 588 623 649 824 829 912 996
3 142 717 979
10 4 35 39 96 196 290 414 473 681 801
9 49 66 147 211 291 424 667 702 867
10 42 269 295 365 415 505 533 743 828 859
6 351 418 583 607 635 912
13 5 57 228 332 425 448 540 544 619 711 750 767 982
12 144 208 214 267 341 397 434 442 468 566 738 979
9 102 168 207 227 434 559 685 981 987
9 40 90 186 336 577 606 635 699 984
8 121 148 195 241 266 370 477 485
13 55 177 193 320 370 437 627 751 786 827 927 931 981
10 216 406 586 588 699 727 729 826 884 897
11 36 109 181 184 232 251 493 576 834 936 939
9 23 95 123 267 418 557 805 912 959
4 349 438 496 848
4 149 158 479 654
5 145 364 471 709 929
9 200 226 249 301 439 528 779 783 806
12 4 50 189 430 523 645 647 699 734 793 894 908
12 22 193 377 423 429 496 510 570 633 779 832 921
10 274 451 531 534 623 625 686 814 961 980
9 129 148 384 396 496 523 604 832 922
10 91 230 281 469 587 711 765 841 847 905
7 35 149 170 249 304 442 505
10 130 285 301 354 432 510 516 526 678 828
9 6 47 97 199 306 385 471 631 706
13 44 108 343 367 403 517 634 643 684 687 884 905 939
10 3 195 206 235 474 476 714 727 843 952
6 411 494 672 694 722 920
12 17 67 79 89 229 423 640 667 839 902 922 989
12 2 62 82 163 281 325 500 551 640 732 747 951
9 114 258 329 364 479 506 543 958 961
8 160 289 372 405 548 586 649 664
13 61 124 181 206 406 448 568 585 624 658 670 757 932
8 9 188 276 400 542 726 840 893
13 3 64 105 153 185 361 409 451 512 632 742 905 971
11 26 113 152 191 405 428 486 585 912 916 962
4 177 327 343 962
9 46 288 293 319 324 421 452 536 896
12 88 191 194 272 355 385 512 764 785 856 871 893
10 2 48 53 512 663 667 692 799 897 965
8 38 103 150 245 590 652 799 936
11 45 94 153 346 396 643 675 713 788 897 940
7 7 148 269 369 551 689 824
7 67 90 141 725 753 907 949
15 56 95 99 173 227 281 335 393 576 611 669 698 825 910 926
4 115 355 360 398
12 36 72 161 195 237 346 517 544 828 907 928 999
9 133 215 237 568 672 719 879 884 972
14 93 95 126 231 251 304 373 413 427 545 640 702 797 863
8 156 168 409 523 771 792 840 970
8 134 149 174 441 677 776 883 974
13 2 22 25 123 171 318 331 474 773 856 885 887 923
9 352 409 510 544 766 778 799 834 925
6 214 256 324 532 786 993
11 70 297 366 389 527 566 597 670 681 980 990
5 227 421 547 963 969
13 99 309 317 334 402 480 606 616 687 764 874 924 931
10 39 143 190 265 330 464 636 810 840 911
10 111 140 172 233 492 597 737 830 840 934
9 345 378 621 624 695 824 867 871 880
4 90 106 615 960
14 19 65 92 299 327 439 579 629 646 674 679 889 892 971
5 227 513 715 863 933
7 336 352 399 411 623 941 960
12 173 273 344 363 522 570 605 627 649 734 821 890
10 18 165 334 395 404 578 581 808 903 931
17 196 279 497 560 573 617 620 652 690 721 731 778 837 844 849 858 881
6 72 229 416 478 757 818
11 17 204 250 400 453 644 670 773 800 829 940
7 11 130 281 422 505 788 975
10 14 18 202 247 338 370 410 458 523 881
11 29 104 150 394 516 649 754 761 771 777 842
14 11 79 155 165 263 402 618 634 644 646 766 775 810 998
10 44 84 164 190 192 325 774 814 822 826
10 8 61 211 632 696 873 921 931 940 996
13 45 80 189 301 329 394 471 614 688 864 920 962 984
12 165 180 469 561 585 686 733 775 826 835 866 874
11 45 87 150 200 250 329 622 625 829 897 993
7 4 394 407 441 831 902 980
8 12 175 185 267 418 541 544 898
8 86 117 392 648 678 713 749 890
7 422 661 718 734 758 814 855
15 47 91 112 181 187 262 373 386 407 545 575 593 779 892 961
12 71 73 356 402 427 529 596 776 813 861 950 972
7 199 262 270 530 678 762 799
16 79 188 369 437 459 497 512 668 690 748 855 902 911 920 934 963
8 209 518 530 662 734 769 878 936
9 40 262 525 607 630 661 908 936 951
13 286 304 377 527 543 693 706 746 839 904 931 951 997
8 0 14 23 128 257 279 703 800
7 92 558 841 857 886 932 933
12 21 26 154 171 185 219 498 689 792 794 819 833
11 14 76 385 420 507 508 539 675 752 767 810
6 303 312 761 768 857 871
11 36 162 276 317 340 344 422 492 887 914 920
11 270 382 493 531 533 615 642 732 909 948 973
7 218 223 452 458 681 818 989
12 32 34 142 236 287 353 394 518 618 667 764 967
9 84 294 380 430 448 502 587 722 986
9 239 295 518 536 646 660 799 976 983
14 103 127 163 170 199 231 420 466 528 572 666 707 769 842
8 22 174 219 556 570 689 718 995
7 280 313 459 466 744 809 941
11 48 180 195 351 415 529 544 571 694 810 889
10 28 101 119 174 229 259 304 363 523 929
14 9 50 52 218 236 252 272 286 303 575 634 875 933 934
16 18 67 258 305 343 364 391 585 624 702 713 747 781 829 872 974
12 193 200 272 338 452 474 490 537 569 674 742 794
11 221 263 298 462 520 529 644 694 750 806 827
8 74 113 235 268 550 607 615 732
7 46 166 240 316 362 458 680
10 13 103 365 401 432 457 516 682 737 839
10 16 47 296 426 655 782 809 829 876 972
8 142 192 343 679 683 821 858 970
13 33 40 128 208 430 498 526 549 759 760 906 909 970
13 129 191 246 301 385 501 719 730 756 780 865 876 928
14 51 85 231 408 508 535 542 757 836 840 881 882 921 986
5 169 204 564 901 931
17 36 124 214 239 263 397 447 464 533 544 560 664 672 701 734 802 823
6 269 430 708 756 885 992
10 17 140 375 441 473 516 523 562 586 772
12 56 279 283 388 438 504 567 742 783 787 943 984
7 126 435 442 444 664 835 970
4 280 836 901 988
9 27 285 371 748 793 895 959 960 968
9 363 384 533 677 791 880 907 978 991
6 40 292 659 893 929 958
15 235 329 364 477 480 491 562 617 658 681 711 723 941 977 986
9 46 323 359 397 480 660 822 896 952
12 102 149 176 518 575 578 614 662 669 685 719 915
7 59 83 86 212 530 842 945
12 85 126 158 263 378 431 528 646 771 776 816 973
12 19 131 223 247 308 409 519 532 556 737 758 971
9 196 306 322 363 508 670 845 851 993
14 13 67 97 130 262 480 513 520 768 820 831 865 900 924
9 75 191 231 283 356 823 829 852 855
12 13 47 219 285 383 385 393 409 441 602 838 850
3 374 945 993
16 26 208 253 259 346 347 432 496 614 641 689 769 826 853 921 967
9 39 136 233 309 496 652 689 729 781
11 25 120 132 229 454 479 757 839 944 962 973
10 38 71 282 331 371 374 383 709 828 852
9 119 170 178 229 333 649 748 807 969
16 41 69 93 177 180 384 432 456 571 595 714 762 772 800 874 942
16 120 177 183 202 217 290 294 309 314 337 377 471 490 723 767 900
10 134 198 234 501 522 538 634 772 780 971
9 37 102 299 422 696 710 729 765 965
13 9 142 194 325 514 609 657 724 822 899 923 979 983
9 36 38 257 269 289 292 355 615 799
6 128 335 609 619 688 947
7 229 323 524 566 696 844 920
10 139 178 224 463 515 594 603 697 716 934
7 74 231 366 558 594 759 918
12 54 267 372 389 400 434 452 533 750 781 798 892
