600
4 92 145 276 558
9 60 70 153 214 246 442 521 526 533
4 161 357 385 518
8 32 237 283 291 326 503 512 550
4 225 290 384 410
4 48 88 133 282
11 53 56 70 162 198 217 237 335 428 480 547
7 10 89 168 214 306 524 596
6 64 443 480 572 586 588
7 283 289 366 370 475 479 558
3 7 41 333
6 95 104 167 175 368 573
8 91 213 261 327 500 520 544 578
8 31 55 121 272 274 331 541 569
6 158 188 337 455 539 584
8 21 172 196 253 317 348 352 361
6 24 246 254 291 375 558
6 147 281 285 406 533 591
9 126 163 165 211 314 330 352 560 590
6 81 156 303 432 489 580
5 29 72 93 226 545
12 15 89 111 112 122 123 199 220 242 293 300 420
7 113 139 177 285 336 500 575
4 123 145 156 563
14 16 58 72 98 292 346 369 408 428 509 532 562 577 597
7 85 137 166 417 464 503 538
8 76 92 119 188 206 237 276 288
4 191 387 430 437
9 51 73 92 249 264 302 305 310 490
10 20 62 73 108 123 328 383 528 548 549
10 60 78 188 304 353 414 459 553 573 588
6 13 98 221 273 526 568
8 3 145 280 313 376 424 463 526
7 101 111 258 290 331 366 599
10 177 191 195 242 261 311 349 363 440 508
8 62 78 142 162 183 193 255 530
4 61 140 266 583
4 170 459 523 547
8 142 150 192 240 340 376 418 521
10 80 91 94 187 291 318 340 344 375 417
2 252 402
4 10 92 431 539
7 308 356 490 520 529 569 586
11 94 159 233 237 251 283 347 403 447 457 536
8 250 292 396 424 453 471 532 543
10 47 105 110 144 258 292 294 370 392 598
4 50 71 150 205
7 45 128 133 300 318 378 379
8 5 76 100 196 197 245 463 476
6 93 281 293 462 520 554
9 46 68 157 263 322 333 343 490 521
6 28 146 159 238 428 583
7 135 184 206 236 399 552 583
9 6 109 160 225 291 301 445 468 549
3 146 539 559
10 13 106 113 160 299 301 449 451 499 528
9 6 70 171 238 305 321 323 387 530
6 106 143 231 334 460 503
9 24 106 316 395 422 424 478 488 586
5 83 181 386 431 498
7 1 30 187 198 202 439 477
7 36 107 119 169 174 187 501
11 29 35 96 102 274 350 374 395 435 506 595
6 193 379 413 527 566 572
7 8 212 293 308 318 345 545
6 90 151 195 275 387 499
6 196 211 430 435 453 509
3 79 137 274
5 50 181 187 366 389
5 134 243 468 591 593
8 1 6 56 170 274 400 460 507
6 46 126 139 170 491 533
8 20 24 199 209 243 473 523 577
3 28 29 434
6 118 216 338 341 558 575
7 112 174 200 209 369 516 586
8 26 48 196 277 334 477 495 584
8 104 173 210 411 444 462 480 591
10 30 35 106 209 217 264 277 313 314 331
5 67 110 267 326 594
5 39 95 153 217 434
6 19 147 163 267 420 480
6 223 365 379 396 445 479
4 59 191 403 578
9 96 99 226 270 454 485 563 574 596
5 25 372 442 496 538
6 110 178 373 445 453 505
6 140 281 327 344 431 484
8 5 111 136 214 468 501 507 515
7 7 21 237 263 386 455 510
6 65 184 370 527 545 549
12 12 39 138 142 181 221 231 316 330 366 469 528
8 0 26 28 41 192 264 377 560
5 20 49 167 174 404
7 39 43 111 145 168 184 302
7 11 80 109 246 347 368 448
8 62 84 218 264 307 465 499 522
7 173 196 333 415 423 434 562
4 24 31 107 541
13 84 146 273 278 285 287 291 331 368 370 382 407 423
4 48 164 430 463
8 33 199 233 356 374 384 498 506
7 62 117 130 283 305 310 348
6 126 151 188 216 231 378
6 11 77 106 275 388 429
12 45 122 137 199 268 271 274 389 391 463 508 593
13 55 57 58 78 104 173 190 404 449 468 509 523 553
11 61 98 188 218 261 274 357 415 433 439 593
7 29 274 276 318 343 477 509
9 53 95 121 209 223 446 472 551 560
5 45 79 86 218 553
12 21 33 88 94 133 137 231 305 466 483 512 548
10 21 75 133 186 259 317 363 382 538 546
10 22 55 208 210 212 219 352 405 498 596
8 190 310 331 493 507 518 532 568
8 210 314 364 472 501 503 542 585
2 260 368
7 102 171 187 230 411 489 566
6 74 158 426 511 549 570
7 26 61 121 132 229 387 445
6 123 180 221 356 370 544
9 13 109 119 155 312 424 477 487 583
6 21 105 155 195 297 447
8 21 23 29 120 213 257 324 345
7 166 199 204 289 349 433 455
2 132 182
7 18 71 103 148 364 399 407
6 158 162 237 261 312 571
9 47 147 169 300 305 343 446 490 501
8 165 198 231 235 322 395 506 530
7 102 142 274 342 520 543 591
5 200 265 342 395 437
9 119 125 301 359 407 566 576 587 598
8 5 47 111 112 408 484 497 509
5 69 186 212 269 280
11 52 191 207 222 273 369 396 465 471 487 502
7 88 152 270 373 415 565 577
11 25 67 105 111 173 182 209 252 329 475 492
6 91 294 390 427 441 507
7 22 71 172 283 291 460 499
7 36 87 196 221 299 397 584
4 154 193 397 473
8 35 38 91 130 148 408 491 511
11 57 186 206 254 328 350 434 436 490 544 549
6 45 202 332 426 455 509
9 0 23 32 94 232 256 352 390 453
7 51 54 99 162 180 413 590
5 17 81 128 382 432
5 126 142 210 242 352
5 226 411 439 497 535
5 38 46 316 558 597
6 65 103 197 227 369 569
10 136 155 183 266 300 305 344 444 470 484
7 1 80 311 464 553 556 586
11 141 226 241 301 323 349 384 427 482 571 577
9 121 122 152 161 195 256 257 485 538
8 19 23 188 246 351 357 458 507
9 50 222 248 315 404 429 505 551 599
7 14 118 127 182 216 411 467
7 43 51 199 285 335 491 540
7 53 55 229 244 373 502 514
10 2 155 165 178 248 298 310 418 524 562
6 6 35 127 146 246 498
8 18 81 181 245 335 386 542 558
4 100 183 414 497
8 18 129 161 266 321 379 454 592
9 25 124 335 361 455 500 516 580 588
10 11 93 252 284 316 317 353 436 503 593
5 7 94 228 314 471
6 61 128 423 459 482 597
10 37 70 71 192 229 231 354 395 564 593
6 56 117 288 452 499 573
7 15 139 242 244 312 345 536
9 77 97 106 137 275 336 348 374 571
5 61 75 93 539 595
9 11 188 265 282 332 461 511 516 548
6 184 281 326 360 371 434
6 22 34 209 476 486 561
6 86 161 220 262 464 557
5 203 290 322 449 569
7 120 146 247 298 332 383 475
11 59 68 91 163 297 369 383 405 420 537 593
6 125 137 158 390 437 481
9 35 152 164 266 268 369 397 466 487
9 52 90 94 176 274 279 378 384 561
2 263 309
8 112 134 143 240 244 325 441 593
11 39 60 61 68 117 203 231 310 340 371 508
11 14 26 30 103 107 156 175 421 456 457 585
5 251 259 307 325 413
8 106 114 228 350 458 475 525 535
10 27 34 83 135 269 361 409 521 546 596
6 38 92 170 295 362 455
4 35 63 141 539
7 361 379 436 492 548 549 582
9 34 65 122 155 226 264 356 452 538
9 15 48 66 76 97 140 209 378 504
8 48 151 198 200 234 319 358 464
10 6 60 129 197 199 279 492 500 537 541
11 21 72 101 105 124 159 198 238 369 445 530
10 75 131 197 217 269 273 423 441 445 570
4 215 421 460 467
6 60 144 329 381 417 562
5 179 187 399 411 505
8 124 257 362 458 465 517 569 574
7 46 268 301 410 497 540 562
7 26 52 143 350 528 532 590
6 135 217 218 254 386 590
4 113 310 456 459
13 72 75 78 109 137 177 196 256 300 329 367 436 452
10 77 113 115 148 302 340 350 487 490 534
8 18 66 227 355 371 475 494 516
9 64 113 134 237 410 427 501 531 597
7 12 123 219 362 413 426 587
6 1 7 88 237 245 471
4 201 240 362 465
8 74 103 158 337 385 395 420 531
6 6 78 80 200 207 383
10 96 107 110 207 248 292 346 540 581 585
6 113 213 245 331 496 572
11 21 178 236 309 349 446 457 474 495 536 598
13 31 91 120 140 242 247 330 357 414 417 434 507 508
6 135 157 457 477 580 592
7 82 109 259 302 352 499 553
6 350 351 393 449 589 592
4 4 53 317 578
6 20 84 149 154 195 365
6 151 211 282 284 425 564
6 168 190 230 255 285 404
7 119 160 170 317 419 588 592
4 117 228 350 588
10 57 91 103 111 129 170 187 249 481 553
4 145 367 455 493
6 43 101 297 316 493 569
8 197 405 490 495 545 548 550 563
6 129 264 266 408 482 541
5 52 220 416 515 528
12 3 6 26 43 89 127 212 214 281 337 373 531
5 51 56 199 259 270
6 266 272 467 524 544 599
7 38 186 215 267 437 457 572
7 154 351 356 422 456 481 537
10 21 34 148 172 221 245 381 460 464 522
9 69 72 285 318 354 440 448 550 553
11 160 172 186 295 386 398 408 440 534 584 588
5 48 163 214 219 242
9 1 16 95 156 162 323 343 420 519
6 180 221 319 364 408 543
7 157 161 218 316 380 444 551
5 28 231 263 353 495
5 44 277 287 482 566
5 43 189 297 377 525
7 40 137 167 409 445 562 595
6 15 411 421 467 513 520
9 16 143 207 304 334 380 473 489 504
7 35 228 264 328 335 430 573
7 145 155 209 396 418 442 500
7 123 155 204 495 512 564 575
7 33 45 259 279 324 508 554
10 112 189 223 238 258 330 333 399 511 539
10 116 321 325 397 428 455 470 550 578 588
8 12 34 107 127 277 388 464 579
6 178 264 299 305 399 494
9 50 89 185 249 384 455 504 523 564
8 28 78 92 96 195 235 255 262
6 131 175 392 525 570 599
11 36 152 165 183 235 239 277 307 324 357 544
4 79 81 240 371
5 105 183 205 298 432
8 134 191 200 280 333 494 502 572
3 84 136 238
7 105 286 416 427 478 538 577
4 13 239 428 566
9 31 99 135 200 317 336 338 431 501
11 13 62 67 70 105 107 108 130 184 329 505
6 65 104 173 401 417 468
5 0 26 108 379 402
9 76 78 250 261 266 311 494 503 578
3 99 507 582
10 184 198 258 299 301 382 441 537 582 586
7 32 134 269 385 411 493 496
8 17 49 87 176 237 402 432 462
6 5 175 227 335 415 507
6 3 9 43 102 139 494
4 167 227 305 331
10 17 22 99 159 228 243 341 482 570 593
7 271 292 305 346 472 496 509
5 99 250 288 482 519
6 26 171 287 308 489 498
5 9 124 318 542 554
6 4 33 179 447 560 575
9 3 16 39 53 99 139 407 440 521
8 24 44 45 218 286 315 319 398
5 21 49 64 381 417
7 45 138 333 346 392 409 493
5 192 244 334 413 427
3 425 576 585
8 122 181 233 251 329 416 477 482
10 161 180 268 343 370 371 393 513 516 534
5 55 140 262 279 403
9 21 47 128 152 209 340 424 428 446
12 53 55 132 154 205 279 329 433 516 545 572 578
10 28 94 210 223 336 400 405 488 517 532
6 19 381 425 555 563 565
4 30 254 418 584
16 28 56 102 111 128 152 262 284 286 313 423 439 459 480 571 586
6 7 320 364 512 515 578
6 96 189 266 423 536 557
7 42 64 288 366 456 568 571
6 185 220 350 405 555 583
11 28 102 114 161 187 208 326 382 433 535 584
4 34 153 277 514
6 121 127 172 341 424 576
7 32 78 305 352 395 525 565
8 18 78 115 168 479 480 499 594
4 157 292 402 428
12 58 91 150 167 233 248 339 366 373 395 431 504
9 15 112 167 225 229 273 341 457 551
12 39 47 64 108 243 289 380 394 429 471 524 576
5 197 247 292 438 557
9 306 375 488 504 532 534 551 568 577
5 56 165 260 347 490
7 50 129 179 340 373 476 522
8 56 154 246 361 370 436 465 575
7 123 258 266 338 413 430 521
6 186 189 260 376 392 473
5 3 79 176 310 367
5 12 87 398 416 492
8 29 143 255 389 393 441 578 582
10 137 202 209 274 297 301 375 395 401 452
6 18 91 221 259 336 393
12 13 33 78 99 114 219 284 336 429 443 505 536
5 144 175 180 391 523
8 10 50 97 259 269 294 432 570
7 57 76 254 295 398 413 568
8 6 159 163 166 255 282 423 566
10 22 173 273 302 330 331 382 484 509 530
4 14 216 237 539
9 74 273 324 440 447 468 488 494 541
2 316 388
8 38 39 187 210 300 322 424 486
6 74 285 312 317 523 569
6 130 131 443 478 486 564
7 50 108 128 246 298 383 553
6 39 87 152 349 414 432
7 64 123 172 405 418 444 536
7 24 218 286 294 438 454 478
4 43 95 321 515
6 15 102 173 392 479 540
8 34 124 154 220 344 357 370 537
11 62 143 190 206 210 224 230 309 416 432 596
9 156 224 241 364 378 457 488 548 590
10 15 18 113 145 148 223 313 362 380 597
5 30 167 249 378 537
5 170 243 389 469 504
2 211 406
8 42 101 120 195 241 369 485 549
8 2 107 156 221 266 349 423 514
6 197 448 454 470 523 569
4 132 380 514 549
2 176 483
10 15 166 191 194 323 368 485 489 508 540
7 192 204 213 215 352 383 470
4 34 112 485 539
7 115 126 247 306 351 468 556
5 82 226 455 467 547
7 9 33 68 91 308 316 538
5 209 232 326 382 409
7 11 95 99 116 361 415 458
12 24 75 135 151 181 183 199 356 378 502 517 528
12 9 45 90 99 120 298 323 349 436 476 539 565
8 176 187 211 267 298 395 435 552
4 85 522 540 545
6 86 136 160 237 316 322
4 62 101 173 404
6 16 39 320 329 437 445
5 32 38 325 421 573
5 92 251 400 411 495
10 47 103 184 196 351 353 369 402 523 582
10 47 63 82 165 194 276 387 437 446 565
6 248 254 318 352 359 556
6 202 242 293 303 400 555
9 99 112 147 279 310 336 367 465 526
9 29 180 181 217 343 362 404 433 486
9 4 101 154 184 263 445 452 499 566
6 2 216 280 520 526 563
9 59 89 163 207 244 417 422 482 554
6 27 56 65 119 379 530
9 104 261 339 397 422 523 536 544 585
4 68 105 328 354
6 138 145 182 477 539 570
3 105 332 528
6 45 265 294 325 348 397
6 224 298 328 330 501 581
5 318 434 446 502 572
13 58 62 129 131 170 216 313 316 329 371 428 517 537
8 44 82 135 256 419 560 567 590
7 140 141 183 260 388 392 470
5 244 292 327 334 557
9 52 126 203 259 262 484 519 568 571
7 70 302 377 381 407 424 436
4 275 329 465 530
7 40 276 281 315 378 425 512
4 43 83 299 569
9 93 106 157 228 374 383 462 485 558
7 113 181 234 302 309 345 425
4 17 355 421 434
6 99 126 132 291 400 557
8 24 133 142 235 244 247 499 566
5 191 252 294 367 494
5 4 205 212 482 595
10 77 117 149 158 203 253 280 377 504 582
4 423 528 552 569
8 63 146 189 213 295 324 334 518
5 30 164 221 344 463
5 97 107 136 282 368
7 236 271 297 327 350 440 567
9 25 39 202 221 275 293 386 467 487
5 38 161 256 304 345
3 229 396 542
7 21 81 181 216 246 582 593
6 188 201 253 376 406 596
5 58 241 386 388 529
11 97 99 169 200 305 307 335 357 412 480 524
10 32 44 58 121 300 312 340 400 464 542
6 227 296 303 402 405 521
5 118 144 213 471 499
10 138 154 212 271 295 485 512 540 555 577
8 6 24 51 260 272 300 315 395
7 104 157 318 331 449 470 486
7 27 66 100 255 324 470 570
6 41 59 87 273 316 477
7 19 147 268 281 333 344 350
6 107 124 301 310 383 448
9 73 80 97 143 176 221 394 406 557
4 62 66 371 529
8 143 167 194 209 323 370 400 545
8 27 131 182 240 375 379 472 486
6 319 346 523 543 576 591
10 60 107 149 305 466 470 484 485 494 584
8 34 243 244 291 338 416 575 598
6 138 186 200 279 328 575
6 1 85 256 474 545 561
3 8 331 342
7 77 152 248 345 456 537 563
12 53 82 86 119 199 200 252 375 384 462 469 595
7 109 128 220 300 379 394 534
6 43 122 290 338 504 593
6 95 243 358 433 561 586
9 55 106 179 224 429 481 555 566 590
1 545
4 55 458 578 594
8 171 195 209 329 384 492 533 544
6 44 66 86 145 502 546
5 84 165 346 358 545
13 14 89 124 144 166 192 232 260 263 365 460 534 542
6 188 208 241 308 444 594
9 43 188 220 222 240 317 351 461 573
7 156 190 204 368 451 489 511
5 30 37 169 208 305
6 57 70 139 201 242 455
3 175 457 474
5 49 77 281 404 445
5 32 48 100 105 414
8 25 153 178 197 242 261 424 581
9 96 135 204 215 323 382 401 471 560
7 111 183 439 472 488 560 570
6 158 201 239 253 365 417
13 53 69 88 106 275 338 364 472 526 527 534 565 597
6 91 354 445 500 544 558
9 152 260 358 362 397 429 430 439 503
8 44 135 168 214 318 426 465 484
6 109 115 286 437 466 468
4 72 141 254 325
7 220 442 461 487 494 511 571
5 9 137 180 190 211
5 48 177 322 370 541
10 60 76 108 121 222 297 390 431 538 568
4 58 271 342 346
6 9 82 314 348 491 496
10 6 8 77 81 305 314 423 486 514 546
4 182 231 241 449
10 154 169 235 250 285 287 297 386 410 484
3 111 360 543
9 87 133 152 336 399 439 471 482 560
9 84 155 356 361 363 404 427 439 586
9 177 340 342 383 429 437 480 546 596
8 121 135 183 210 417 474 577 587
7 58 302 320 338 351 466 530
8 19 117 254 288 361 458 546 590
10 28 42 50 128 143 210 234 321 508 571
7 71 142 159 479 516 532 592
10 137 194 198 327 452 544 549 569 573 587
5 114 232 233 280 294
11 211 262 269 277 283 338 409 439 474 550 586
8 76 220 234 249 257 377 513 515
7 85 219 280 286 479 509 534
5 133 149 164 205 579
6 59 101 113 162 288 542
14 55 65 96 139 171 223 314 384 408 426 520 557 572 591
9 12 22 166 198 256 469 524 538 576
8 61 88 115 128 212 273 393 559
9 135 160 269 369 394 453 545 566 583
7 3 25 57 115 167 277 470
9 196 254 263 316 320 354 411 447 588
6 86 157 203 274 331 585
5 62 101 129 587 592
8 70 88 114 138 156 221 278 282
9 34 105 187 221 258 361 490 554 587
11 24 66 106 108 133 144 286 336 496 559 561
1 89
6 118 142 175 259 458 474
6 3 111 257 306 402 427
4 253 298 495 548
6 160 311 357 359 480 586
5 88 236 306 347 495
7 75 166 175 211 298 301 491
5 204 302 369 395 561
4 2 114 413 569
4 246 287 399 547
8 12 42 49 130 253 385 499 537
7 1 38 50 191 291 324 425
4 96 242 322 372
11 37 72 106 263 332 341 358 378 388 438 555
6 7 161 239 318 423 500
4 190 251 265 313
7 1 31 32 382 385 468 533
4 63 90 468 559
10 29 55 91 206 236 369 391 412 533 562
5 42 422 435 539 568
10 35 56 129 199 336 387 401 488 540 552
3 212 216 237
10 24 44 114 206 302 320 491 539 553 599
7 1 17 71 452 526 528 549
9 210 244 298 320 446 455 468 496 551
4 149 190 310 596
9 43 172 220 307 331 345 388 586 593
11 181 198 241 279 349 353 395 444 520 550 554
10 25 85 112 155 195 271 366 477 500 541
13 14 41 54 174 193 259 337 363 370 390 529 532 581
8 159 205 218 348 361 372 427 530
8 13 98 198 235 338 476 538 554
7 115 163 289 419 424 455 498
5 44 130 247 438 483
10 12 120 143 239 266 388 452 469 492 562
11 20 64 90 234 301 372 436 442 450 454 502
6 112 191 453 480 486 489
7 6 37 365 519 548 554 562
10 29 111 175 194 234 351 513 547 576 590
11 29 53 90 118 143 194 356 359 492 533 596
7 3 234 243 260 494 537 586
6 109 157 248 317 320 534
4 52 371 412 530
9 30 106 110 153 223 231 243 343 532
9 49 258 289 386 508 537 541 547 557
7 303 309 381 427 449 523 559
4 153 364 380 559
8 178 307 319 398 407 434 499 554
8 0 9 16 74 150 163 404 469
6 54 501 509 527 555 556
8 18 92 109 290 396 465 466 484
6 177 184 442 448 509 517
9 24 97 161 202 205 252 528 544 547
6 23 84 234 303 385 444
6 170 227 257 263 342 591
8 136 303 313 370 379 468 583 589
10 63 117 132 250 272 335 384 408 449 502
2 396 416
8 31 114 308 320 334 399 477 529
12 13 42 151 179 204 233 341 358 403 412 492 518
8 118 200 265 285 333 390 430 466
8 127 154 173 305 308 399 474 490
8 8 63 219 240 269 301 394 499
7 11 30 171 255 376 457 492
3 84 204 580
8 22 74 257 290 323 440 441 580
8 132 296 312 318 438 500 548 591
8 24 72 136 154 271 320 427 487
9 12 83 225 260 277 301 306 328 451
3 261 497 580
6 19 166 222 574 575 579
6 218 393 464 539 584 594
8 194 278 279 328 378 411 420 591
7 36 51 52 121 309 502 565
8 14 76 140 244 304 310 439 581
7 115 188 218 296 388 505 596
13 8 42 58 75 153 279 305 448 485 494 514 536 550
6 132 213 487 492 506 508
8 8 30 166 229 230 244 260 504
3 224 565 596
9 18 146 206 207 351 396 449 489 548
9 17 69 77 130 438 499 564 576 582
6 165 222 224 229 491 506
11 69 105 107 167 170 181 186 285 420 447 536
5 79 314 451 456 581
5 62 174 252 410 445
11 7 84 113 191 350 421 486 535 549 585 589
6 24 150 169 212 352 468
4 45 132 220 440
5 33 157 239 265 532
