200
3 46 50 165
5 96 110 146 160 199
3 55 150 169
3 135 167 171
3 63 73 91
2 26 143
3 20 36 49
4 11 82 88 109
2 27 30
4 165 177 191 199
4 30 50 73 151
4 7 20 82 140
3 58 77 152
3 100 47 165
2 23 146
3 100 193 198
7 38 43 56 57 63 130 184
6 105 22 46 69 121 135
2 148 176
2 159 199
3 6 11 51
3 32 73 174
1 17
3 14 161 172
2 139 184
2 90 154
7 5 108 43 75 95 142 198
4 103 8 81 141
3 53 142 159
2 67 150
5 8 10 56 84 128
4 64 138 141 188
3 107 21 50
3 129 142 171
5 123 59 89 152 175
4 104 36 137 162
4 6 35 75 150
2 134 186
1 16
1 153
4 98 44 51 165
4 100 70 71 178
3 132 55 85
3 16 26 68
2 109 40
4 134 144 49 69
3 0 17 162
8 97 13 132 140 149 68 79 168
5 134 55 65 153 186
4 6 45 88 192
5 0 10 32 59 181
4 20 138 40 93
3 141 56 83
5 103 120 28 128 171
6 100 119 148 156 78 191
7 2 121 124 42 143 48 161
7 16 120 122 30 52 94 187
2 16 130
5 107 12 116 60 72
3 34 50 178
5 138 58 86 87 192
2 107 188
2 181 188
6 4 16 113 121 149 176
3 107 31 68
1 48
4 79 96 181 196
4 29 142 154 172
5 43 47 151 158 64
3 17 117 45
4 41 81 180 198
2 41 161
5 101 133 165 58 183
3 4 10 21
2 153 182
5 26 36 143 151 93
4 149 161 179 85
1 12
6 97 105 112 128 141 54
3 47 168 66
2 185 188
5 104 27 142 169 70
4 7 11 111 198
5 105 154 159 52 92
3 30 157 96
5 109 133 42 76 88
3 104 60 89
2 166 60
5 7 116 49 85 91
4 34 159 86 194
3 25 119 165
4 4 115 131 88
3 156 83 192
2 51 75
4 56 179 197 199
1 26
7 1 99 131 147 66 84 197
3 47 78 199
5 40 138 144 160 199
3 96 118 137
4 13 15 41 54
4 72 125 149 167
2 125 157
3 27 53 107
6 35 81 86 121 146 195
4 17 78 83 173
4 123 132 169 181
5 103 32 58 61 64
5 26 146 159 163 170
6 7 44 85 139 159 167
2 1 154
2 82 134
3 78 125 181
1 63
1 179
2 91 149
8 58 88 147 150 155 173 180 191
3 69 153 174
2 99 151
3 54 90 159
4 53 56 122 125
5 104 17 55 63 159
3 120 56 131
2 106 34
3 55 158 192
5 101 102 112 120 129
3 163 184 186
3 152 189 197
3 30 53 78
4 125 33 149 155
3 16 57 190
5 122 91 96 143 180
4 106 42 47 162
3 72 85 156
6 111 37 45 48 170 197
6 3 17 138 176 184 191
1 152
3 99 35 156
6 98 31 135 51 60 160
2 109 24
5 11 47 148 155 163
4 27 31 52 78
6 26 28 33 67 81 191
6 5 131 55 75 149 163
7 98 45 155 156 162 166 185
2 183 187
5 1 104 108 14 186
4 116 96 187 199
4 18 140 54 161
8 101 115 129 143 47 63 76 198
5 2 116 29 36 183
4 10 118 68 75
4 12 127 34 136
4 117 39 48 74
5 110 25 67 83 186
4 116 129 140 144
6 133 137 144 54 92 194
3 102 84 168
3 124 68 190
8 108 109 19 119 121 28 83 89
5 98 1 138 163 185
6 23 148 55 71 76 198
5 35 132 144 46 199
5 108 126 140 143 160
2 167 180
6 0 9 13 40 72 90
3 144 87 199
4 3 101 109 164
3 47 157 79
3 2 106 81
3 108 134 180
3 3 33 53
4 23 67 180 187
2 105 116
4 21 117 180 196
2 34 193
4 18 135 63 188
2 9 190
4 41 59 181 184
3 114 76 94
7 116 131 164 170 172 174 70
6 106 112 50 62 66 178
2 74 188
3 145 150 72
5 16 24 126 135 178
3 144 160 80
5 126 37 146 48 154
4 145 147 56 172
6 31 61 62 176 182 80
1 127
3 130 158 177
5 9 116 135 142 54
4 124 49 60 92
2 15 175
2 156 89
1 104
2 66 174
5 127 134 94 96 198
7 15 26 149 161 70 82 197
9 97 98 1 9 19 147 162 166 94
