100
2 33 81
2 70 89
3 9 10 86
1 98
4 60 68 94 97
3 67 70 78
2 46 65
5 60 21 45 48 55
1 89
5 2 20 24 33 73
6 59 2 19 33 55 85
2 31 37
2 60 24
2 51 77
2 16 72
4 17 27 72 90
1 14
4 63 64 15 54
2 85 91
5 61 10 33 52 58
2 9 35
3 7 44 99
6 65 66 32 39 76 90
2 38 51
3 9 12 82
2 39 54
1 38
3 15 57 78
1 34
1 80
2 41 82
3 11 81 89
2 22 73
6 0 9 10 67 19 76
2 28 96
2 20 45
2 66 74
2 11 77
4 60 23 26 92
4 22 25 80 99
2 87 91
1 30
3 64 77 91
3 59 64 44
2 21 43
3 7 35 48
5 6 56 89 94 96
1 73
2 7 45
1 60
3 87 53 94
4 13 23 78 58
1 19
3 60 81 50
3 17 25 57
2 7 10
2 46 57
3 27 54 56
4 19 79 51 96
5 10 43 60 70 94
7 59 4 7 12 38 49 53
5 19 62 86 91 94
1 61
1 17
4 17 42 43 66
3 6 22 96
3 64 22 36
2 5 33
1 4
1 73
7 59 1 5 74 76 82 83
1 99
2 14 15
5 9 69 32 47 99
2 70 36
1 85
3 70 22 33
4 13 37 42 88
4 5 27 51 90
2 58 88
3 29 39 82
5 0 31 53 86 97
6 70 24 30 80 90 91
1 70
2 91 95
3 10 18 75
4 2 61 81 95
5 40 50 90 96 97
2 77 79
4 1 8 31 46
6 15 22 78 82 87 93
8 61 18 82 84 40 42 92 98
2 38 91
2 90 96
5 59 4 61 46 50
2 84 86
6 65 34 87 46 93 58
3 4 81 87
2 3 91
4 21 71 73 39
