1000
18 14 66 125 134 160 262 267 275 505 697 714 723 738 766 770 795 852 933
11 235 364 435 539 666 813 835 885 934 946 998
11 15 57 139 168 316 320 420 568 607 823 904
10 76 86 222 240 454 589 862 899 959 987
7 177 344 419 699 772 822 826
6 383 553 617 639 905 993
5 226 427 474 506 730
9 299 301 349 595 635 638 741 768 933
11 117 147 174 199 231 393 415 654 669 705 810
11 243 252 333 377 416 487 509 633 696 902 960
11 45 260 338 370 425 516 540 553 628 700 751
9 38 91 251 288 350 403 588 791 795
12 58 174 210 288 362 422 466 610 687 751 803 876
4 165 469 729 941
10 0 179 202 484 505 540 653 820 956 981
5 2 457 908 967 977
10 36 73 88 215 495 496 529 654 869 955
16 44 61 228 247 345 494 509 541 571 575 691 744 833 867 876 994
12 21 113 137 176 265 293 392 514 702 724 801 820
8 238 310 373 542 643 739 772 957
10 27 64 152 204 257 260 280 445 545 780
14 18 90 97 122 169 342 396 424 622 755 762 772 821 973
12 166 200 426 459 512 587 731 751 760 813 949 969
5 285 656 765 795 922
11 102 425 476 482 515 516 611 630 652 852 861
6 122 277 396 656 765 780
9 145 317 374 541 548 600 718 865 934
5 20 83 587 868 932
7 62 118 125 214 389 569 853
10 118 147 235 288 294 411 445 508 725 751
15 68 91 145 152 164 261 436 515 604 608 685 688 822 885 981
6 63 420 467 553 598 615
10 155 289 358 395 464 531 727 875 913 994
4 189 192 316 978
7 182 228 359 369 721 733 811
10 50 93 94 288 317 329 376 389 542 599
4 16 224 561 630
9 81 146 223 396 398 441 615 904 917
16 11 99 187 246 335 338 434 459 531 605 623 682 683 754 829 928
9 43 374 428 435 610 652 655 771 975
13 88 118 176 218 307 396 425 443 668 736 795 921 945
7 117 192 195 205 494 872 962
13 158 205 212 237 286 313 322 346 635 700 715 832 874
6 39 323 498 676 721 975
13 17 155 241 268 292 412 452 464 527 637 766 773 866
6 10 324 538 622 861 990
12 90 136 150 162 277 307 329 391 477 574 610 929
8 59 110 202 338 421 485 500 851
6 211 496 498 618 879 880
13 89 108 132 242 311 351 568 577 586 598 602 773 934
9 35 61 71 241 467 483 709 732 919
17 68 75 183 188 220 265 412 440 523 550 597 634 653 697 762 774 887
11 96 263 401 410 448 454 544 591 724 801 895
6 145 193 208 849 920 963
11 209 242 363 644 671 708 732 737 798 920 981
6 195 231 535 609 926 931
7 80 194 380 723 787 889 934
6 2 213 240 581 835 889
8 12 73 423 460 546 631 795 992
5 47 447 528 851 935
8 215 253 269 406 517 743 746 773
10 17 50 282 490 710 719 731 846 877 997
11 28 136 138 265 295 306 497 713 885 933 966
10 31 68 238 695 741 793 841 878 924 968
8 20 93 216 347 419 605 855 872
10 144 241 337 374 418 440 450 501 770 925
10 0 100 125 369 384 541 597 602 820 898
11 73 205 229 250 308 345 391 406 433 437 996
13 30 51 63 213 265 451 456 512 563 679 728 820 831
12 240 460 469 470 551 553 556 708 713 893 896 951
10 264 323 459 501 630 889 901 920 952 981
9 50 120 196 360 372 569 754 940 983
11 120 147 215 241 303 371 498 553 637 642 691
10 16 58 67 107 203 395 679 764 818 891
11 161 372 384 480 493 515 578 607 638 646 680
12 51 203 221 361 362 414 549 602 716 740 752 812
8 3 196 284 517 653 685 807 953
7 110 278 390 656 896 957 996
6 247 321 560 666 871 924
13 208 444 468 479 567 621 638 691 721 755 838 915 959
8 56 151 394 404 678 707 820 835
15 37 93 161 227 378 415 513 563 694 732 770 792 859 872 933
12 274 287 313 373 405 425 468 483 567 813 875 881
10 27 158 174 343 409 437 591 630 821 903
10 141 219 270 410 541 543 663 670 810 813
8 122 135 281 743 837 859 919 973
8 3 172 273 462 466 720 724 760
12 108 181 257 310 448 567 606 730 806 899 967 982
16 16 40 89 93 120 193 288 320 412 492 629 804 820 841 852 982
9 49 88 169 329 539 560 646 889 927
13 21 46 147 256 338 356 442 444 474 563 639 932 954
15 11 30 130 205 226 285 301 341 407 494 538 590 609 815 832
12 151 197 225 240 246 283 353 608 629 648 695 781
10 35 64 81 88 213 519 713 760 765 943
6 35 642 735 771 790 855
6 132 290 448 662 852 902
9 52 423 458 566 571 648 707 754 884
11 21 285 324 345 481 550 855 857 870 917 991
9 374 399 434 514 570 732 872 889 941
11 38 138 201 372 438 577 629 700 741 759 840
12 66 309 383 423 514 517 556 698 850 891 918 988
11 183 201 375 376 381 457 542 669 733 802 955
12 24 133 142 184 209 356 381 550 734 821 928 977
9 195 210 278 282 310 401 432 578 835
6 241 622 885 925 930 990
7 197 573 593 626 689 727 846
10 140 205 407 525 540 574 604 677 747 944
8 73 625 658 679 925 926 955 971
9 49 87 208 377 389 443 583 886 924
6 352 562 637 653 708 995
6 47 77 157 275 529 650
9 179 212 288 311 351 680 712 765 992
2 145 734
5 18 260 633 699 957
4 420 696 853 890
11 121 168 226 300 710 720 728 843 849 928 949
8 250 265 281 517 636 651 874 983
13 8 41 134 261 324 354 576 765 766 831 843 975 987
6 28 29 40 228 697 786
8 170 181 315 607 621 645 820 988
10 71 72 88 245 259 341 443 474 478 585
16 115 176 236 255 293 353 423 428 469 478 569 637 676 730 757 833
14 21 25 85 204 282 291 305 351 418 520 630 769 861 936
4 377 457 560 774
6 303 686 770 878 930 991
18 0 28 66 127 195 209 263 282 300 478 486 637 723 730 871 925 969 999
4 186 217 688 709
9 125 163 193 302 476 526 568 880 954
6 147 367 683 703 708 928
5 210 682 777 934 937
12 91 237 404 411 426 479 524 575 647 672 734 942
6 165 232 280 537 819 979
17 49 95 140 180 186 416 574 590 680 703 709 719 773 784 839 879 966
7 102 287 443 614 818 866 914
13 0 117 141 459 462 612 667 735 754 795 855 974 982
11 85 172 173 198 466 566 680 736 743 774 867
12 46 62 228 388 462 604 675 759 851 859 866 932
8 18 138 438 554 692 701 823 948
11 62 99 137 219 331 343 382 512 554 873 986
11 2 204 251 361 433 435 726 737 871 947 949
6 106 132 240 340 621 999
14 84 134 216 220 258 361 451 523 541 613 652 724 913 964
11 102 245 401 408 524 609 613 676 783 891 959
8 207 262 348 539 609 645 653 713
16 65 208 239 265 289 296 302 651 724 738 771 773 816 862 934 976
10 26 30 53 112 159 234 428 565 771 809
11 37 252 309 338 339 452 547 573 631 666 705
17 8 29 72 90 128 155 257 282 347 378 414 623 670 697 723 873 874
10 161 181 183 222 244 344 507 514 569 811
9 248 260 410 555 602 737 749 887 981
4 46 666 836 878
8 80 92 284 389 535 784 832 940
10 20 30 159 265 296 468 664 693 809 822
9 231 272 347 569 605 724 898 899 908
7 410 435 504 569 726 844 863
15 32 44 147 212 213 235 239 265 316 356 660 875 899 951 967
13 217 303 366 403 454 472 590 720 805 828 900 916 950
13 110 197 300 419 527 598 709 762 764 807 824 889 943
10 42 83 169 228 448 474 830 881 886 930
16 145 152 174 211 225 243 321 375 414 467 551 650 686 727 839 978
8 0 310 699 705 730 849 891 894
11 74 81 148 241 492 509 559 628 645 750 999
6 46 599 647 654 870 925
7 127 228 359 601 733 789 909
10 30 297 352 383 708 781 815 836 893 965
9 13 131 325 356 641 757 783 848 882
11 22 253 428 429 625 633 770 803 880 927 993
8 217 279 359 494 530 710 851 968
9 2 115 179 486 511 519 609 925 946
14 21 89 158 212 374 412 414 599 677 803 811 972 981 997
9 119 214 293 303 314 396 421 586 791
10 242 334 466 548 559 568 570 586 980 998
8 86 135 390 434 450 565 854 946
11 135 182 249 379 405 480 553 555 591 647 746
12 8 12 83 159 366 384 515 583 608 694 716 963
10 195 316 392 450 520 539 721 821 912 964
17 18 40 121 178 209 285 312 345 376 422 429 494 506 603 627 784 986
10 4 391 400 518 567 604 639 702 767 910
9 176 253 433 450 463 487 800 925 942
9 14 111 168 194 285 567 571 973 974
9 132 220 240 429 537 627 642 890 983
8 87 119 148 200 204 356 595 790
10 34 173 219 353 435 466 735 785 816 947
11 51 101 148 235 563 566 608 650 684 732 840
5 102 530 602 635 637
9 249 434 520 523 565 600 706 895 938
12 126 132 308 373 434 532 753 769 785 786 845 930
8 38 216 231 415 498 520 598 777
7 51 296 499 509 599 748 992
10 33 259 414 452 601 646 779 844 862 952
5 194 464 705 712 785
8 205 580 706 713 758 838 897 978
5 33 41 322 845 850
8 53 88 127 454 462 475 563 908
14 56 179 190 236 255 285 404 467 490 540 798 804 873 889
14 41 55 103 125 175 384 484 534 632 687 705 835 989 992
6 71 76 460 727 854 891
16 92 105 157 203 230 281 402 488 506 590 704 736 761 954 956 999
4 135 295 434 476
15 8 334 489 518 560 671 817 860 880 888 953 961 975 987 991
9 22 181 435 488 649 655 709 816 878
8 99 101 311 329 745 835 939 973
3 14 47 320
5 73 75 197 266 843
6 20 122 139 181 510 688
15 41 42 67 91 106 191 364 517 521 626 740 808 870 925 984
10 282 304 338 378 466 488 706 786 898 977
6 143 253 573 857 875 973
17 53 79 108 144 302 305 410 412 414 497 579 632 634 656 799 880 932
6 54 102 125 176 323 435
8 12 103 129 240 271 347 379 636
8 48 159 274 306 633 739 746 831
6 42 111 155 169 862 939
9 57 68 93 155 339 343 392 512 655
7 28 170 230 270 380 480 796
4 16 60 72 560
11 64 141 187 400 540 644 722 764 845 970 990
6 126 156 167 399 660 982
6 40 588 848 850 910 937
16 84 138 182 355 436 496 503 512 536 629 643 696 699 717 764 868
8 51 141 180 541 719 727 902 925
6 75 324 564 663 872 882
11 3 148 231 436 495 558 636 715 744 869 923
6 37 235 252 283 298 510
8 36 248 409 483 533 742 921 959
12 92 159 255 323 325 518 573 676 764 937 954 975
12 6 91 115 227 243 517 568 604 650 699 871 959
8 81 226 539 578 732 754 827 838
11 17 34 118 136 158 163 618 658 867 927 969
11 67 245 375 410 545 575 588 661 837 931 947
9 197 214 240 250 313 624 939 990 999
9 8 55 153 187 222 375 412 526 813
7 131 328 556 575 612 743 928
10 256 261 265 343 533 582 648 649 677 702
9 145 251 301 370 542 718 736 928 965
14 1 29 155 183 223 305 371 375 477 503 562 742 835 894
15 121 194 260 271 402 421 433 451 664 785 793 827 915 926 982
5 42 130 673 752 809
10 19 63 370 419 471 641 656 684 715 964
5 144 155 614 671 702
16 3 57 69 92 140 180 210 230 242 290 393 630 681 816 902 909
12 44 50 65 72 104 161 494 567 663 679 751 876
13 49 54 171 240 380 564 591 665 683 734 791 877 889
13 9 159 226 286 314 330 396 549 561 686 757 902 926
12 148 288 593 628 630 633 639 665 743 844 862 912
11 120 142 229 275 439 535 551 585 617 701 961
12 38 92 249 252 273 294 313 370 631 720 889 930
9 17 78 263 342 454 473 695 833 852
17 149 224 298 313 554 580 653 670 689 705 770 774 817 843 851 949 957
13 173 185 246 355 361 500 547 573 608 705 710 864 978
12 67 116 230 296 324 404 447 512 518 560 623 782
11 11 139 234 498 536 608 632 713 874 897 943
14 9 146 223 246 288 464 553 566 619 744 769 861 915 993
13 60 166 178 207 464 557 583 636 791 911 959 976 983
5 613 757 761 796 946
6 121 194 225 351 549 749
13 90 233 278 285 578 792 808 820 849 916 917 938 973
10 20 87 147 429 595 647 667 766 800 833
6 141 634 662 727 879 999
12 120 189 270 318 403 649 665 727 728 950 955 959
17 10 20 113 149 236 272 298 322 347 373 517 722 870 950 951 980 987
9 30 117 233 613 649 678 715 765 829
14 0 143 309 352 444 589 601 660 703 752 794 934 959 988
7 52 125 247 332 356 380 653
12 70 273 280 329 332 413 463 632 646 831 842 887
16 18 51 62 68 116 144 152 155 233 539 607 667 672 721 937 993
11 203 267 309 318 348 360 421 509 651 824 925
13 0 266 295 296 305 316 396 545 557 568 729 739 914
7 44 521 625 774 805 881 922
10 60 474 571 581 661 769 790 875 907 966
13 84 214 259 293 386 435 469 564 601 765 886 899 998
9 210 236 313 395 534 764 779 791 836
10 153 260 277 284 300 462 582 639 669 859
15 86 246 264 358 364 385 490 559 593 605 648 720 771 810 891
9 82 211 328 436 485 693 776 836 922
12 0 110 245 387 408 462 480 584 587 618 680 835
12 373 438 520 579 616 675 678 704 709 863 871 891
14 25 46 272 284 299 432 553 795 862 871 916 924 955 968
8 77 103 256 450 673 851 894 957
11 167 327 383 390 542 556 570 578 743 863 900
14 20 131 264 373 481 500 538 565 574 637 638 806 878 911
13 85 116 197 377 495 522 558 603 606 656 674 739 853
12 61 103 122 125 147 206 507 526 724 792 843 918
9 92 223 399 419 449 595 628 682 885
9 76 151 272 277 387 570 733 775 948
13 23 91 97 176 179 194 256 601 653 743 938 942 992
7 42 243 314 322 482 598 621
4 82 133 470 818
13 11 12 29 35 88 111 244 252 332 415 427 704 868
13 32 144 308 442 461 571 586 666 775 779 859 969 992
12 95 240 322 336 441 452 505 561 585 602 675 776
7 122 500 576 578 814 952 966
12 44 348 475 593 652 672 704 743 869 944 959 963
11 18 121 170 270 338 556 610 659 716 722 779
13 29 246 308 332 521 624 727 745 835 849 886 901 946
13 62 198 267 318 333 368 485 528 600 626 776 901 917
11 144 152 188 250 267 355 535 568 569 778 919
11 164 309 316 381 406 407 433 706 793 899 905
10 223 248 260 530 543 602 647 695 800 819
10 7 277 568 692 732 773 811 829 873 899
13 115 125 157 272 423 443 481 493 543 775 807 870 894
6 7 91 234 411 531 618
7 127 144 208 318 557 705 957
13 72 124 156 170 436 454 525 578 728 740 785 929 951
11 206 482 547 556 595 620 690 695 717 835 962
9 122 208 235 267 330 491 587 879 956
9 62 211 482 504 586 603 728 928 992
8 40 46 664 826 856 869 887 994
15 67 186 289 294 313 376 484 538 573 627 692 743 793 803 966
11 100 146 262 266 297 381 495 588 889 934 956
12 19 87 103 160 327 561 683 789 910 921 939 979
12 49 111 201 454 514 602 637 662 769 862 898 957
9 176 364 420 479 868 886 910 916 934
12 42 82 230 246 248 271 308 421 425 471 531 534
11 170 243 286 444 518 598 610 735 839 846 958
8 119 400 419 609 638 813 888 956
14 2 33 155 175 267 297 365 569 703 735 754 762 808 899
7 26 35 508 511 621 721 957
10 259 266 295 302 358 442 536 671 731 764
8 440 442 448 497 510 583 620 924
9 2 88 202 410 495 623 646 778 854
12 78 159 361 458 518 640 723 748 769 805 818 973
13 42 192 260 286 290 339 457 515 703 857 865 900 927
11 43 70 209 225 338 507 529 540 655 769 912
13 45 97 117 221 250 360 411 560 707 719 895 932 999
9 165 225 477 554 682 721 768 769 944
3 432 616 807
8 279 310 392 399 655 745 810 945
6 232 274 437 534 937 945
16 35 46 89 201 264 344 349 393 416 498 499 648 827 876 911 956
7 243 305 435 704 715 781 807
11 138 346 352 354 368 381 418 454 455 508 882
15 263 264 288 294 342 356 423 512 530 580 617 625 803 921 951
6 9 295 482 680 705 980
7 171 199 354 407 727 932 986
10 38 507 604 687 721 731 791 829 871 932
5 290 456 564 921 990
8 65 367 606 832 868 902 917 926
17 10 38 47 90 146 206 293 323 472 490 508 521 538 634 684 757 874
11 146 213 322 370 396 397 611 638 677 678 939
4 140 492 704 763
9 91 120 361 548 592 600 851 901 971
12 21 247 332 365 371 382 455 659 720 786 818 991
14 83 138 213 233 346 462 517 615 632 653 696 708 725 845
8 4 148 329 397 510 880 911 912
9 17 67 97 176 355 500 543 632 898
11 42 331 343 370 489 567 635 746 859 894 921
10 64 147 153 210 260 560 632 751 899 998
8 143 266 292 351 648 919 924 926
7 7 329 367 756 757 846 969
11 11 365 389 418 568 673 706 773 781 857 958
11 49 111 122 255 348 393 418 442 444 532 736
11 109 164 262 331 415 478 607 730 760 799 921
6 92 121 182 364 453 625
11 117 331 334 396 573 590 680 799 836 895 976
10 219 249 296 345 362 421 448 622 720 739
13 90 102 155 165 181 263 332 547 567 690 785 786 846
3 390 668 685
7 32 273 318 377 387 707 798
8 34 163 167 497 516 647 757 826
8 71 266 324 454 460 504 927 997
12 75 139 141 249 321 341 494 532 551 778 928 971
5 12 75 355 827 956
10 54 508 511 547 565 573 656 735 921 930
11 1 205 273 312 353 518 543 623 717 954 998
11 316 342 350 496 511 592 619 648 655 690 876
5 156 174 368 542 567
10 128 337 349 426 472 667 712 770 797 924
13 295 331 366 413 485 523 577 665 667 762 860 900 954
11 34 66 389 470 490 529 653 742 755 849 984
17 10 234 238 246 339 346 396 429 480 676 712 742 841 931 962 985 988
10 72 235 342 434 505 513 563 744 842 997
7 71 74 99 436 617 749 783
14 19 82 186 260 276 280 397 417 428 440 603 887 978 983
9 26 39 65 98 169 441 739 752 998
12 101 159 229 231 235 407 427 458 472 696 748 946
8 35 101 176 308 379 449 520 793
12 9 108 123 281 358 482 545 759 791 880 886 995
6 81 147 206 590 646 769
12 173 210 376 409 450 521 559 682 880 927 936 965
14 56 214 242 263 391 439 441 452 455 533 727 898 951 995
13 101 102 297 309 331 479 601 621 629 702 787 805 809
9 138 342 444 552 715 744 839 894 901
11 5 100 164 279 491 661 673 684 692 879 974
14 66 74 174 195 398 526 566 692 778 887 915 945 957 960
4 273 403 515 660
7 270 394 725 775 896 993 996
8 275 284 358 559 813 865 945 986
8 136 390 410 559 699 733 947 976
12 28 35 108 151 350 369 486 673 682 725 845 980
12 77 172 279 357 388 426 540 551 734 847 923 981
7 46 67 177 380 466 593 933
14 18 175 213 327 427 486 559 605 654 776 891 904 912 935
6 8 240 329 351 739 771
4 80 386 617 796
11 32 73 271 404 589 593 730 833 860 879 972
22 21 25 37 40 170 243 267 339 354 370 436 476 516 552 644 659 672 701 740 752 831 877
11 339 344 373 483 490 601 645 726 794 808 957
9 37 384 518 678 682 827 944 947 960
7 98 217 283 327 577 637 722
9 177 216 315 404 532 729 858 907 963
11 52 103 142 469 532 664 686 729 852 977 998
9 197 236 492 509 562 655 892 938 958
11 11 156 259 385 429 541 663 677 709 724 742
16 80 130 194 250 395 400 424 470 480 596 611 614 632 859 900 942
10 82 173 415 539 579 685 753 832 910 960
9 60 67 297 630 763 792 839 841 982
8 91 106 297 334 375 465 763 808
9 142 275 465 474 576 665 714 803 880
8 83 224 379 416 434 590 765 905
16 52 84 149 154 208 229 320 388 413 558 563 664 706 757 855 862
13 29 130 301 324 492 495 596 611 661 849 861 863 938
13 44 51 88 169 208 231 432 558 636 739 811 888 966
7 264 368 410 480 613 813 891
12 75 147 159 169 189 208 429 451 485 583 900 960
16 8 81 187 288 352 405 419 427 430 486 574 703 738 754 863 899
14 9 132 329 409 456 596 654 679 708 727 742 848 899 970
6 373 520 586 725 755 934
9 65 122 331 350 351 457 634 677 977
12 4 64 157 238 283 315 415 713 725 873 877 896
4 2 31 114 312
10 47 170 236 266 313 355 483 621 801 942
10 12 176 452 489 764 769 797 801 917 954
11 58 96 100 121 300 332 450 503 652 757 789
7 21 404 636 867 899 965 997
8 10 24 40 82 313 467 693 780
15 22 130 367 390 456 485 502 590 665 669 826 842 850 953 969
14 6 288 375 392 415 600 604 616 645 732 803 829 839 845
9 39 121 145 166 373 599 749 824 864
14 166 176 180 257 370 403 414 452 776 780 823 868 922 958
5 415 599 674 738 783
3 610 774 815
9 103 277 326 412 480 491 500 769 984
10 67 139 178 236 297 673 831 856 933 983
16 38 98 172 185 186 198 371 409 534 550 562 579 865 939 958 983
14 1 39 139 154 182 200 209 270 330 513 591 635 882 956
15 30 219 222 274 303 372 396 470 517 556 603 658 836 838 950
12 67 83 328 494 674 724 725 775 859 884 891 950
11 99 137 276 516 531 568 600 628 641 849 963
6 245 380 709 711 852 871
10 51 65 319 373 614 694 696 735 791 832
7 37 290 374 380 558 600 753
17 90 289 318 319 351 478 501 616 672 673 690 730 731 752 754 805 852
12 40 108 120 133 300 453 578 621 816 894 905 986
11 79 90 262 314 351 382 468 498 840 852 874
5 20 29 649 788 999
5 462 525 737 872 956
4 59 250 514 766
10 52 87 95 158 319 355 453 455 573 989
3 283 376 806
12 65 172 175 178 278 379 423 518 527 653 665 946
9 68 141 236 414 496 534 823 891 958
10 44 146 189 290 380 422 429 599 879 896
10 353 443 448 531 651 666 712 785 858 907
12 3 52 156 193 247 303 311 331 360 723 926 927
11 331 342 380 448 484 559 831 906 909 968 999
7 68 336 416 426 698 846 985
13 15 101 123 322 418 483 568 805 877 900 910 931 968
9 96 321 375 464 572 634 647 879 982
9 22 38 70 134 481 512 576 577 633
12 58 69 196 360 598 640 783 869 885 897 965 992
7 289 553 768 880 901 920 952
14 86 134 136 193 272 275 343 446 540 608 676 744 787 866
6 178 264 620 648 771 886
10 32 44 190 252 253 458 488 739 799 944
7 407 408 730 786 845 987 993
11 12 86 135 171 182 206 391 588 700 924 947
8 31 50 159 194 425 617 871 928
7 79 82 152 444 517 810 936
9 13 69 121 270 401 666 895 903 935
10 69 287 369 404 436 760 843 886 937 962
7 238 313 828 833 838 874 963
11 156 338 367 375 581 616 645 657 789 878 943
5 247 485 703 718 748
11 6 90 120 158 269 408 780 889 929 944 989
7 193 292 534 594 763 807 892
11 24 127 198 396 584 607 702 808 912 925 948
10 46 235 325 517 601 626 654 659 749 980
13 120 121 125 352 442 523 541 736 758 832 866 978 997
9 79 130 312 381 540 573 575 787 837
12 74 173 214 275 370 404 413 432 626 749 770 973
9 97 280 300 459 605 860 902 954 995
14 24 286 304 306 333 377 548 729 732 881 894 933 987 988
14 50 82 224 397 421 457 588 638 671 749 790 807 815 817
8 14 195 308 455 547 558 585 586
7 47 274 295 368 414 426 473
11 125 168 389 392 415 742 806 836 839 907 956
6 9 178 544 690 801 919
13 197 200 206 464 561 630 687 777 788 834 836 928 984
9 199 346 422 491 509 587 625 893 913
8 61 194 273 338 369 397 540 936
9 305 383 432 489 589 707 743 825 888
12 88 161 340 402 411 549 552 571 716 841 912 956
9 74 300 515 708 718 791 830 935 975
12 17 41 91 167 176 241 361 437 526 558 624 820
12 16 222 281 309 320 411 646 681 779 852 905 963
9 16 48 219 365 451 617 777 787 891
10 62 208 319 359 502 640 703 802 821 963
13 43 48 72 187 251 329 444 598 668 683 754 810 819
5 188 329 523 847 860
9 47 249 280 291 345 432 547 769 959
10 65 70 442 602 658 744 745 756 867 961
6 426 497 726 779 790 943
3 219 235 423
7 154 306 360 696 941 958 966
8 0 14 290 371 510 539 748 795
10 6 176 197 542 557 597 762 818 826 899
10 148 282 323 335 577 678 828 842 853 962
11 29 317 331 338 363 514 660 783 823 950 958
14 9 17 161 188 266 402 489 532 539 638 907 910 934 957
9 204 223 319 344 505 665 779 941 972
12 168 317 363 365 565 574 669 773 931 939 942 985
11 22 68 138 213 219 250 332 459 668 703 856
7 81 371 435 566 681 975 979
13 18 98 100 148 311 447 508 576 672 782 788 918 999
10 24 30 74 174 322 385 493 644 969 993
9 10 24 359 396 438 642 672 744 934
12 60 76 100 116 205 226 260 343 436 468 477 967
13 177 199 225 250 314 321 364 398 450 794 822 856 898
9 93 168 527 543 589 666 668 721 728
12 122 175 185 187 276 376 417 528 718 833 845 976
9 205 268 294 338 379 597 708 848 962
9 281 631 638 745 767 804 812 940 999
11 51 141 185 368 478 499 628 738 796 853 953
9 130 142 550 608 662 738 778 869 886
8 106 303 446 544 633 743 893 925
9 127 231 282 384 494 559 657 711 719
10 44 157 450 519 528 639 758 925 928 941
9 59 295 520 527 538 551 572 682 937
7 16 110 323 369 556 846 857
11 167 184 298 332 546 709 765 814 835 902 972
11 32 38 301 313 438 453 534 686 711 784 937
12 186 351 361 400 401 509 690 826 854 867 925 957
8 224 233 380 600 812 845 880 887
12 195 271 313 328 434 451 475 531 779 829 932 997
11 55 151 245 296 597 641 690 726 879 921 946
9 219 251 318 558 765 876 878 888 892
8 131 180 589 625 759 811 925 965
12 45 91 280 308 338 528 569 609 771 781 914 955
14 1 89 143 175 227 265 405 505 509 578 599 685 729 810
14 10 14 106 194 216 323 390 462 479 490 656 718 799 962
12 17 26 66 84 141 220 403 478 591 660 912 980
13 19 35 101 234 279 366 506 614 715 865 884 888 895
13 84 298 300 345 364 519 601 735 879 890 891 916 919
4 52 487 525 617
12 20 229 267 377 625 662 700 723 821 841 942 999
5 58 530 743 761 953
13 146 249 304 356 363 484 500 587 615 648 748 880 993
9 26 171 341 482 639 648 760 889 972
8 75 243 255 492 673 756 848 972
9 51 97 102 434 524 594 681 930 939
12 69 159 245 361 390 528 633 669 809 862 940 965
7 382 396 492 773 970 972 998
15 5 10 31 69 72 173 252 277 461 652 669 772 845 881 973
9 137 138 248 325 562 616 724 775 776
4 149 173 583 668
9 69 100 232 279 293 304 436 529 728
6 253 267 302 506 593 900
14 222 281 410 412 441 484 494 536 594 609 677 763 783 855
13 161 171 273 379 387 388 392 455 526 569 665 693 977
9 78 89 123 199 215 250 324 347 711
7 36 243 290 310 488 638 876
10 109 235 402 434 554 657 764 836 845 960
12 68 81 90 183 193 371 410 624 832 858 877 912
8 221 242 270 336 566 571 665 769
10 145 172 185 280 363 511 575 599 961 965
16 96 135 183 252 384 513 564 596 611 629 664 689 717 821 868 949
15 79 82 87 177 179 241 346 356 366 670 869 896 946 971 984
14 2 49 127 171 226 267 296 299 350 438 457 664 799 874
13 28 71 121 148 153 154 296 316 538 559 920 987 990
7 98 171 279 284 642 724 780
10 17 96 179 269 289 492 564 586 667 766
6 458 528 617 658 744 789
14 105 146 207 225 249 308 354 363 448 479 712 802 913 978
10 46 106 132 280 415 511 601 725 845 870
7 17 130 229 232 479 565 806
9 117 291 408 459 514 589 701 705 828
7 49 99 368 399 459 507 918
12 74 103 227 256 279 291 303 443 539 637 768 916
6 208 276 405 434 606 763
10 191 248 332 676 784 813 823 916 978 989
6 57 269 472 605 704 777
5 233 272 726 757 876
9 108 174 253 319 414 555 632 739 759
2 275 476
8 120 245 290 484 681 915 963 971
11 49 170 171 289 306 417 484 571 812 820 889
12 22 27 275 305 489 547 628 669 712 726 736 913
13 11 218 229 309 466 483 638 714 718 805 837 861 872
9 3 262 395 491 519 537 576 644 831
11 91 132 156 197 354 378 409 426 648 702 732
9 52 83 173 242 435 541 683 804 984
5 341 365 730 885 946
10 105 244 273 292 391 395 557 667 938 975
7 475 550 558 626 675 757 791
8 7 181 257 283 304 831 870 881
9 404 411 416 566 678 811 831 854 855
8 51 66 506 521 535 688 891 916
11 31 49 157 187 286 314 460 498 754 830 893
12 35 162 169 188 428 430 452 539 565 776 779 837
14 26 185 295 341 427 438 441 533 638 643 731 820 826 956
15 163 189 262 270 285 381 397 477 543 574 630 766 790 823 889
14 49 66 75 149 184 290 298 311 501 614 707 730 829 850
6 176 281 306 373 436 616
11 30 106 136 177 226 335 427 851 874 912 926
11 38 64 153 273 392 481 581 620 706 732 826
5 87 281 337 579 766
11 2 74 119 265 352 476 679 704 716 730 844
11 30 92 174 183 249 251 462 524 636 680 725
12 55 91 142 143 168 315 538 558 656 701 729 850
8 12 39 46 293 314 431 855 996
8 24 339 404 411 566 671 674 837
9 134 232 647 707 728 813 817 918 962
10 141 142 254 261 413 627 653 691 698 836
10 133 239 404 440 542 602 694 886 961 991
7 31 37 343 547 848 890 902
11 276 326 427 442 472 554 603 735 739 754 982
10 5 245 332 372 394 467 496 544 572 823
8 48 228 275 301 680 711 796 889
7 252 365 657 685 709 935 946
6 304 319 463 605 893 979
13 79 119 140 286 317 381 421 443 660 703 707 788 790
8 21 45 104 355 651 660 823 953
6 38 147 250 320 364 883
8 230 294 494 563 775 776 877 940
8 107 166 268 332 353 489 537 545
13 105 205 295 477 480 594 658 707 731 733 763 778 825
12 176 180 308 613 652 658 660 725 771 826 841 889
8 10 161 244 283 438 523 587 693
9 88 92 99 219 381 566 732 756 889
13 24 36 70 83 122 240 244 406 488 601 674 683 840
13 58 146 246 522 690 788 815 823 848 892 938 958 990
9 195 208 251 264 343 345 347 404 583
14 9 113 166 211 244 459 525 551 664 696 742 831 905 911
7 51 208 258 338 418 458 773
14 7 42 184 346 435 648 671 691 765 776 788 792 805 851
7 116 210 222 253 412 424 608
11 44 72 109 121 125 184 280 311 399 578 662
17 7 74 79 280 315 339 483 509 522 561 588 600 674 731 916 959 989
11 5 90 177 244 272 527 548 762 763 896 903
8 321 460 497 798 813 850 864 979
5 165 238 438 535 689
12 72 94 180 516 570 680 690 829 850 855 876 992
7 19 219 600 687 770 777 999
12 54 216 396 515 589 676 736 766 780 870 887 953
7 119 143 161 397 427 472 971
8 74 89 189 264 320 378 495 865
11 130 162 173 257 298 359 458 612 766 920 969
16 92 96 233 273 329 348 365 463 547 548 590 635 687 785 830 970
8 200 233 259 261 445 700 943 994
9 110 159 183 226 652 656 710 855 976
6 116 144 266 453 622 970
12 24 39 141 292 423 553 627 650 681 682 685 738
14 14 51 76 109 143 248 263 285 343 369 450 613 749 841
9 8 16 162 392 416 477 715 716 768
10 39 200 213 323 327 365 402 682 767 971
16 23 25 77 208 238 281 363 540 609 650 661 678 683 826 942 946
10 472 526 562 619 673 692 700 784 788 940
13 107 228 436 501 572 626 627 710 745 756 786 898 940
5 293 342 396 477 944
13 155 217 262 385 508 541 621 622 627 732 824 869 960
8 229 269 383 411 656 716 819 864
11 95 258 311 524 545 637 665 789 791 829 872
6 84 221 241 403 833 997
8 152 236 307 401 410 566 568 633
13 242 244 259 368 408 426 450 510 559 564 662 704 861
10 1 78 146 150 289 453 469 519 747 930
9 134 257 265 367 368 571 593 897 914
8 40 357 498 512 519 555 696 798
12 8 101 272 426 511 551 553 587 760 939 943 985
7 84 147 248 567 710 879 886
14 54 199 239 318 483 611 635 704 752 812 846 856 908 939
9 130 265 292 396 442 514 516 836 967
11 237 278 350 383 389 433 442 549 657 699 730
8 281 430 437 611 630 638 774 953
8 136 276 290 594 828 888 919 925
14 43 121 142 225 370 462 580 644 713 763 772 778 825 829
10 106 169 233 339 403 418 558 793 960 963
10 80 261 276 339 398 507 596 656 830 898
12 68 73 107 241 416 607 729 742 787 793 886 888
14 74 111 132 135 275 333 354 608 618 642 715 746 809 910
8 240 495 513 550 585 652 763 992
10 38 129 283 325 379 389 398 528 652 655
11 38 128 242 310 498 591 630 656 849 887 906
5 183 238 338 383 752
7 30 76 357 405 539 619 652
9 124 159 243 401 531 708 745 857 949
12 12 195 335 488 643 648 725 757 812 827 832 868
6 30 126 204 597 790 869
8 105 248 566 641 699 704 842 954
12 304 356 365 442 487 532 535 631 642 694 860 965
8 17 72 79 613 635 791 821 830
8 137 299 308 383 384 657 943 960
8 152 274 425 559 628 732 929 980
5 81 174 440 614 690
7 63 92 247 298 304 970 994
14 9 114 219 343 375 440 504 633 668 698 755 797 882 934
10 0 51 118 147 706 821 937 947 963 965
7 100 456 613 696 800 833 885
11 4 113 160 219 226 388 673 689 832 870 961
9 10 42 99 466 545 649 657 829 846
5 137 245 396 576 609
10 18 177 233 239 381 476 590 780 787 927
13 128 132 262 316 322 415 473 497 512 621 731 759 977
14 197 276 288 292 330 340 581 607 665 671 689 726 826 959
14 8 146 160 190 195 248 249 302 333 576 738 777 840 914
12 185 191 206 297 350 410 605 697 940 951 955 965
10 80 96 324 358 491 602 612 621 626 938
11 54 69 109 128 164 343 416 493 521 686 759
12 50 126 132 157 200 276 403 439 530 619 809 904
7 61 115 167 249 650 658 670
7 439 526 531 560 618 725 918
10 111 190 367 370 453 573 587 879 933 946
9 62 69 93 143 191 251 419 676 765
5 0 408 588 992 998
11 42 222 238 261 330 382 542 654 680 890 952
11 75 174 293 492 607 654 661 755 893 940 988
7 219 304 364 566 757 864 998
7 26 234 473 493 520 540 588
10 61 132 220 324 526 844 901 920 977 994
11 86 115 156 246 273 342 355 790 873 906 945
12 34 43 79 175 265 317 325 335 519 747 865 946
7 216 260 293 399 921 944 949
13 0 56 125 147 321 454 545 822 831 907 917 936 982
13 18 52 86 141 144 153 282 403 437 554 570 758 911
18 29 343 386 389 417 419 437 574 608 627 687 711 728 734 750 864 869 877
10 139 154 397 502 535 582 587 704 781 916
13 32 105 159 196 220 258 259 294 334 380 416 827 858
10 68 115 259 303 306 519 556 612 725 906
14 13 267 400 401 482 539 609 679 739 755 903 909 977 980
17 6 87 121 125 160 352 395 442 465 592 602 607 673 741 802 900 985
11 22 61 318 335 442 600 626 638 703 734 917
15 50 54 81 98 183 227 299 427 482 590 605 629 660 693 926
11 34 101 163 284 388 626 797 838 862 874 973
7 102 112 130 242 390 725 731
11 94 134 182 314 316 363 440 543 616 845 895
10 40 135 197 234 351 478 587 644 811 927
7 54 139 149 446 749 770 824
11 0 144 415 430 523 524 652 705 759 872 962
14 19 211 267 281 355 374 393 412 464 583 616 729 879 976
8 75 205 303 396 910 921 956 977
12 7 63 99 730 775 810 813 867 894 906 921 991
11 224 235 369 370 403 416 486 633 679 767 792
15 60 85 135 232 244 279 285 292 308 491 525 546 895 913 972
11 17 222 252 371 382 462 501 516 572 757 758
8 201 294 327 501 522 658 686 812
8 60 173 211 346 680 776 848 974
5 106 666 721 781 901
9 188 321 375 473 505 547 749 803 808
14 149 255 372 428 477 480 483 653 737 748 762 878 970 996
6 161 725 790 818 884 951
9 10 12 22 29 241 347 833 859 947
13 75 237 262 374 396 442 671 684 761 814 823 870 993
8 186 405 441 845 855 885 977 989
16 38 71 96 134 227 316 415 442 498 598 616 768 805 827 845 905
8 21 79 369 417 696 716 729 800
9 349 501 549 629 658 776 821 936 941
18 121 165 243 254 338 349 359 410 423 582 594 687 717 744 785 958 962 969
9 191 478 527 724 744 762 769 874 906
10 99 136 377 537 583 703 708 738 896 952
10 22 86 93 352 470 548 669 925 970 981
6 197 254 546 752 787 820
12 21 51 157 316 368 506 639 749 758 823 837 965
12 340 406 407 475 558 579 626 639 676 681 814 950
10 73 157 216 219 225 271 318 422 562 903
12 23 25 93 111 117 261 270 409 530 536 635 713
13 0 44 117 257 447 571 601 606 644 647 814 817 855
8 177 522 655 742 793 799 857 986
8 7 325 461 578 654 754 791 895
16 122 186 252 269 311 321 323 325 378 422 432 500 564 758 802 939
13 0 65 81 124 166 248 367 480 643 737 796 874 926
12 39 94 144 145 273 393 463 538 627 910 922 927
9 4 19 21 553 676 796 830 843 905
13 44 49 60 132 144 299 350 511 552 634 831 892 902
8 51 123 135 248 268 431 674 799
12 284 289 300 386 437 554 624 741 818 855 862 989
14 274 290 295 392 429 554 599 624 635 746 756 819 820 938
8 129 187 488 496 581 643 705 983
10 296 320 361 384 524 626 676 824 861 878
15 189 271 289 293 495 502 510 534 599 797 907 914 927 934 938
11 20 25 425 429 474 570 644 702 821 898 940
7 92 164 330 350 538 726 747
4 250 514 860 940
8 142 165 372 430 460 508 558 785
9 132 151 176 531 580 657 874 914 956
10 182 186 190 236 303 356 453 648 757 783
8 118 186 206 342 356 465 658 812
9 56 381 462 479 496 679 702 761 814
8 445 488 514 621 631 635 657 794
6 163 310 423 472 572 662
13 94 181 269 483 502 601 621 688 720 750 807 821 825
14 11 170 242 253 271 335 377 440 493 594 662 691 768 923
8 81 256 282 406 635 742 930 968
12 63 236 297 308 376 677 679 767 844 847 853 887
6 262 397 518 788 971 975
11 0 11 23 40 58 134 277 505 799 807 870
10 214 254 394 523 618 770 772 855 896 938
6 367 422 696 733 779 986
6 54 194 358 640 668 984
10 208 352 354 464 540 568 767 774 795 934
8 178 257 298 698 755 918 985 994
7 18 52 421 422 487 915 998
8 101 497 573 730 769 908 915 920
11 12 166 169 308 332 408 427 748 846 861 871
7 88 194 522 591 818 861 953
11 156 268 321 381 442 457 588 635 754 889 968
6 87 280 449 486 575 968
11 76 157 300 326 330 475 483 790 795 876 997
9 205 256 316 397 407 476 748 856 864
7 145 152 237 381 551 680 709
10 8 84 273 327 468 498 539 741 934 993
11 34 148 169 299 412 537 596 736 824 845 849
8 75 522 533 586 671 687 745 786
14 1 22 82 84 231 315 387 413 580 612 640 741 864 918
6 291 530 752 763 766 787
10 91 164 431 483 631 890 901 910 962 971
6 144 182 200 240 443 936
8 199 248 483 612 766 831 867 902
10 73 133 287 321 342 506 750 775 804 966
5 131 298 498 661 776
13 14 18 66 68 80 88 119 256 494 586 600 761 776
15 21 83 102 175 497 545 566 691 697 756 780 790 825 923 964
8 4 30 152 518 723 919 949 988
12 2 137 429 451 508 580 601 617 622 631 752 762
8 157 266 428 660 737 778 811 933
5 491 626 676 790 821
11 4 307 359 426 506 532 600 605 627 656 704
11 227 236 329 362 398 687 727 754 872 981 988
7 156 471 507 576 675 932 993
13 38 261 299 335 427 534 602 642 662 676 700 830 854
9 158 493 598 648 678 691 772 829 944
20 68 117 211 264 396 433 455 589 595 596 633 723 773 817 848 863 914 933 951 967
12 42 91 151 337 405 440 478 563 687 699 838 887
11 17 121 247 257 395 471 520 663 698 751 916
4 488 855 912 986
14 1 57 80 103 195 201 235 275 294 304 530 904 936 964
12 150 164 271 274 354 436 486 488 562 613 672 940
7 85 229 479 588 599 611 762
8 79 191 227 436 471 733 832 962
10 132 159 314 382 406 427 486 849 866 914
7 99 183 444 630 705 906 945
8 63 88 370 406 492 545 627 653
7 264 371 426 507 689 911 971
8 115 117 203 248 282 470 772 993
7 154 189 244 607 719 793 919
18 186 192 216 343 389 427 465 520 533 553 562 574 735 753 754 811 864 935
12 61 105 314 349 356 456 529 671 700 803 874 896
5 390 499 793 954 989
12 165 218 416 521 549 615 631 746 831 908 924 971
14 53 115 160 256 294 369 411 438 683 811 839 873 883 897
8 100 192 218 426 602 609 640 642
9 47 59 136 167 248 278 341 604 635
10 0 24 88 95 247 401 439 442 444 495
6 28 114 281 507 523 793
9 172 196 320 532 596 829 918 921 925
15 64 94 97 134 410 558 596 610 642 650 753 766 775 796 834
8 307 433 512 518 671 808 934 984
9 97 207 322 350 529 686 767 889 925
6 400 453 563 727 885 954
13 81 85 136 272 289 346 404 437 751 874 923 942 945
7 199 368 395 481 499 690 782
11 24 45 122 252 411 588 665 778 803 804 967
11 3 144 189 212 244 277 311 410 551 733 775
6 154 276 279 411 415 831
12 249 428 640 661 717 725 808 813 845 868 926 983
9 26 322 387 434 542 646 721 956 980
6 44 133 136 462 478 839
9 17 135 228 424 501 532 741 817 966
9 27 219 288 312 337 429 566 687 864
12 16 222 292 307 460 524 567 660 688 725 949 968
11 97 162 205 260 300 574 595 644 699 752 795
10 78 125 139 226 276 277 335 439 467 803
10 41 64 81 98 221 446 588 662 738 827
9 138 147 194 299 419 720 849 889 915
16 42 116 147 251 338 444 471 568 604 733 758 770 784 846 859 986
6 32 82 155 207 269 884
14 12 17 241 329 365 536 561 582 642 807 885 922 987 997
8 61 242 396 419 457 563 624 725
9 63 124 150 200 280 472 536 749 778
13 48 132 258 305 383 395 452 458 535 543 670 712 739
14 48 127 166 199 208 344 377 379 408 461 533 547 987 995
8 82 158 268 482 553 595 974 978
7 165 221 331 435 696 913 917
4 623 849 890 964
5 96 437 542 750 875
12 1 30 62 104 283 460 592 698 753 858 876 988
13 108 158 270 294 312 377 463 470 524 614 670 679 896
11 51 149 264 307 373 384 533 644 683 793 832
8 199 315 412 491 536 542 675 679
21 56 57 70 89 98 157 194 242 246 309 474 548 586 601 618 627 629 805 857 873 915
7 114 180 543 615 715 815 883
14 73 100 142 160 196 273 276 392 413 437 451 496 543 597
5 402 475 536 631 773
7 69 164 489 525 598 620 716
10 160 235 278 300 346 382 443 482 741 901
11 52 185 324 354 469 542 735 743 768 919 991
13 69 77 386 419 452 567 639 759 796 846 886 971 999
8 191 251 460 667 849 922 942 967
11 66 153 206 311 345 380 518 658 678 780 977
13 3 87 153 155 270 297 299 316 347 415 416 424 506
10 156 279 322 368 404 414 457 557 730 907
12 70 294 295 341 382 461 719 747 815 894 949 952
11 9 95 220 240 243 337 481 530 615 773 817
5 83 469 639 729 764
6 2 37 392 709 835 910
12 5 297 409 443 495 633 754 772 908 911 967 998
10 455 683 720 728 741 758 840 930 957 976
8 269 400 453 486 509 723 779 900
10 15 153 193 671 802 848 905 920 987 994
5 163 240 455 729 967
12 177 218 310 312 405 457 509 680 740 771 815 904
8 253 280 329 344 633 724 842 905
13 175 244 323 344 392 476 492 541 563 604 834 945 946
7 32 141 489 573 587 743 882
9 133 267 538 667 705 779 784 831 839
9 79 236 252 384 585 801 802 873 889
14 156 256 277 312 543 578 580 597 638 726 833 935 966 993
9 37 97 256 295 337 422 723 731 882
10 100 282 514 577 612 711 800 813 854 965
12 50 85 296 348 487 543 675 822 844 895 929 975
11 53 54 70 461 569 647 719 802 908 927 986
14 40 224 310 332 336 346 352 363 535 722 740 741 854 989
8 23 268 274 429 771 876 897 946
7 222 390 791 821 859 934 997
9 63 78 108 277 319 348 367 466 848
19 65 104 107 125 162 168 178 205 220 266 476 525 527 532 537 675 760 854 857
11 55 107 236 243 337 348 454 604 732 770 864
14 89 166 228 322 360 379 454 702 736 771 779 920 966 972
11 38 102 115 128 232 234 306 361 467 488 527
5 46 303 474 693 919
13 104 124 158 186 246 363 550 666 792 906 939 941 987
6 55 229 370 457 511 941
9 27 90 136 208 324 334 335 534 828
10 0 7 62 81 391 433 482 712 824 831
18 1 26 49 56 129 144 262 309 312 417 509 516 696 779 799 810 856 923
8 59 392 469 493 619 845 916 970
8 122 379 468 490 723 756 816 835
9 129 218 225 265 328 470 528 531 697
11 185 256 285 402 411 593 631 707 776 779 796
12 201 212 230 310 339 434 511 550 669 671 769 930
12 71 151 522 551 624 657 658 706 716 780 782 836
8 13 98 504 510 527 756 930 931
10 130 178 285 404 421 511 545 656 859 897
9 93 157 251 472 502 649 669 692 989
9 106 292 325 398 464 474 659 722 830
9 40 327 328 384 387 720 840 859 912
18 1 168 172 254 294 375 450 535 567 592 619 656 712 721 912 922 956 971
8 139 182 229 388 398 466 697 751
3 137 284 476
10 22 115 139 248 566 686 722 822 869 901
7 156 259 260 436 437 508 763
9 69 155 260 303 332 380 706 750 831
7 70 189 291 461 715 759 901
9 76 199 426 523 546 622 644 674 804
11 90 127 197 225 364 368 422 481 689 847 858
7 16 101 107 259 277 538 706
16 14 197 305 309 315 329 362 435 446 486 492 600 740 784 865 946
14 19 77 113 248 278 302 311 317 384 397 509 532 906 984
10 314 350 402 429 434 451 504 508 631 757
12 3 79 142 224 226 253 259 262 292 500 638 704
11 9 384 398 405 414 562 660 677 692 961 993
8 199 245 501 565 614 699 960 998
12 41 304 370 470 507 521 540 612 738 757 815 838
11 53 174 292 400 438 471 495 497 585 677 697
6 141 175 238 821 835 883
13 164 234 379 424 460 537 551 565 690 697 706 762 918
11 62 132 269 291 308 412 504 818 867 916 927
11 15 87 155 517 672 831 861 897 905 909 986
9 63 167 277 455 457 792 805 806 869
9 22 125 228 289 349 426 515 647 757
9 216 416 552 648 651 695 749 760 935
13 107 341 361 567 585 645 655 794 815 842 848 896 946
10 169 395 510 530 548 549 552 743 927 998
11 21 85 179 201 207 256 321 480 553 733 989
5 134 179 383 746 881
10 39 43 117 199 225 493 513 593 794 919
8 144 253 354 388 520 650 739 906
12 15 102 206 401 418 559 703 719 729 740 753 898
9 33 159 191 249 373 478 573 580 881
5 131 310 513 620 640
10 171 260 333 389 477 541 693 729 865 998
9 14 30 54 70 149 169 390 760 827
9 87 88 134 217 236 406 458 616 723
9 71 116 180 253 373 433 434 777 864
9 205 369 432 488 567 591 798 856 957
6 370 456 511 669 730 800
11 138 176 334 387 443 767 797 834 874 920 967
11 3 117 199 260 465 482 569 876 880 908 930
9 100 119 262 370 482 716 822 827 885
11 195 448 474 580 638 753 775 847 921 943 973
7 45 104 216 230 336 569 631
7 97 124 199 342 614 741 895
11 58 111 188 195 285 289 306 460 642 681 714
14 5 166 252 265 386 465 515 547 752 810 828 843 916 960
8 17 32 307 649 695 719 800 908
5 109 377 380 481 880
5 67 77 386 610 749
11 61 169 360 371 424 478 534 663 807 876 923
15 1 171 270 347 364 374 401 552 714 717 801 905 961 972 980
14 125 140 161 197 230 258 324 445 455 514 522 545 643 896
