200
5 86 106 158 184 199
4 15 61 74 154
3 100 127 191
4 14 104 171 190
7 41 101 107 135 143 170 198
2 46 72
5 40 54 55 59 173
4 93 139 142 180
4 11 46 127 149
2 47 144
6 112 65 69 117 124 133
7 108 8 37 64 78 115 145
2 127 189
2 41 172
4 3 19 32 98
6 1 22 50 52 58 118
4 50 56 166 167
5 110 68 165 174 197
3 35 70 90
4 14 44 58 90
2 53 80
5 96 140 141 172 181
7 15 40 75 81 95 130 188
4 33 133 149 170
6 106 118 127 34 45 60
2 83 157
1 161
3 70 152 187
3 74 176 179
5 62 68 151 161 194
4 84 91 181 188
3 55 162 165
2 111 14
2 23 85
2 24 167
5 18 53 77 78 155
3 164 165 178
3 11 129 56
4 106 112 142 146
2 110 183
5 6 22 131 145 157
2 4 13
4 127 54 149 192
4 112 50 179 185
3 19 74 190
6 114 24 145 62 184 197
5 5 106 8 117 130
3 9 177 195
4 121 139 172 174
5 110 112 68 71 176
7 114 15 16 127 43 185 188
4 115 55 89 100
2 15 122
3 20 35 191
2 6 42
8 6 31 51 57 92 167 169 176
3 16 138 37
5 119 124 132 55 186
4 15 113 19 64
3 6 144 168
3 24 180 182
8 1 131 137 151 167 70 80 193
7 117 29 141 147 45 155 79
3 133 155 161
5 105 109 11 58 183
2 10 87
3 145 89 199
2 88 89
4 17 131 29 49
2 10 192
6 18 27 131 162 61 96
3 109 49 81
4 5 174 82 96
3 105 177 75
7 1 107 129 28 132 139 44
6 119 22 168 176 73 188
3 106 178 79
4 111 137 35 166
3 11 35 176
6 146 62 175 76 82 96
4 20 132 61 92
4 22 165 71 189
7 113 121 142 159 162 72 79
1 25
3 131 30 160
4 33 169 186 193
2 0 191
4 110 116 161 65
3 139 172 67
4 113 51 66 67
3 112 18 19
2 127 30
5 55 176 178 80 196
3 7 172 183
1 114
1 22
8 21 156 161 70 72 177 79 191
2 161 183
3 108 14 191
1 146
5 2 106 154 51 102
8 4 105 106 124 177 178 184 192
2 150 100
4 126 130 143 184
4 3 110 163 167
7 64 73 101 134 170 181 192
8 0 24 38 46 76 100 101 112
2 4 74
4 11 98 131 164
5 64 71 157 187 194
5 104 17 39 49 87
2 32 77
7 106 10 38 43 49 90 179
5 58 82 89 124 191
3 45 50 94
6 11 51 138 141 159 165
2 87 121
4 10 46 62 141
3 15 24 165
2 57 75
3 127 135 161
4 116 48 82 146
2 52 133
4 134 164 185 193
5 10 113 57 101 179
2 158 165
6 103 133 134 159 165 166
8 2 8 12 120 24 42 50 91
3 131 152 187
2 37 74
4 103 22 46 161
9 108 128 40 61 68 70 84 136 141
4 57 74 80 153
8 10 122 126 23 63 144 157 178
4 105 123 126 194
2 4 120
1 131
5 61 77 187 190 194
3 115 56 185
5 7 48 74 88 157
3 21 160 177
6 115 117 21 131 62 176
4 7 38 82 182
2 103 4
4 9 133 59 164
4 11 40 45 66
5 121 38 79 99 162
2 62 181
3 153 155 167
4 8 23 42 155
4 102 177 184 185
2 29 61
4 128 27 173 191
2 132 148
3 1 100 155
7 35 148 149 154 62 63 184
2 96 196
5 109 25 133 139 40
2 0 125
3 115 126 82
3 140 84 164
9 120 26 130 29 63 87 96 97 187
4 31 146 70 82
2 104 173
5 108 123 36 144 160
8 115 118 17 125 126 31 36 81
3 16 126 77
7 104 16 34 148 55 61 181
4 59 75 173 188
3 55 85 191
4 4 105 23 195
2 3 196
5 13 21 48 88 93
4 6 152 163 168
3 17 48 72
1 79
8 28 141 49 55 75 78 92 177
7 140 150 47 176 73 96 101
5 133 36 76 92 101
5 112 124 28 43 195
2 7 60
5 105 21 30 147 167
2 142 60
4 39 64 93 97
6 0 103 45 150 155 101
5 123 138 43 150 50
2 57 85
5 109 128 27 137 161
5 22 30 50 168 75
2 12 81
3 3 137 44
8 2 113 152 53 169 86 96 98
4 105 42 69 101
3 123 61 85
4 109 29 134 137
3 47 170 179
3 156 171 92
2 17 45
1 4
2 0 66
