1000
11 143 159 184 231 278 307 365 397 447 458 807
10 67 145 247 310 436 449 490 553 556 881
14 204 240 278 304 356 461 467 568 615 621 692 811 868 954
9 145 214 219 238 363 568 677 738 966
2 36 822
11 63 146 464 571 648 676 770 776 786 798 937
14 188 261 274 305 308 344 391 402 562 571 669 698 831 890
12 36 290 328 397 408 411 552 707 734 769 776 842
11 165 194 277 297 311 389 462 580 646 706 782
17 35 80 83 141 146 192 237 326 393 410 461 508 650 657 705 981 990
15 36 55 98 252 364 616 657 665 723 770 826 835 885 924 975
12 239 294 412 521 566 618 627 732 780 786 890 947
11 15 62 120 300 305 408 450 568 639 692 952
11 272 315 373 405 452 531 535 549 615 679 861
9 143 187 479 489 583 625 696 716 930
13 12 194 203 268 417 449 559 585 630 653 717 746 970
8 81 104 134 146 209 339 616 711
10 171 184 211 335 360 648 693 724 916 933
12 68 300 320 322 389 566 687 697 756 819 978 987
9 107 310 341 428 538 543 601 679 998
12 58 76 178 201 204 211 489 529 545 686 704 947
5 192 258 456 494 642
10 96 329 358 629 634 638 755 812 830 977
11 92 233 370 560 568 694 700 827 856 972 982
6 81 91 115 375 733 776
6 27 54 272 701 743 755
8 60 186 269 270 687 693 820 920
8 25 102 246 517 649 696 868 964
9 30 250 261 304 460 678 840 927 964
13 35 68 170 205 250 360 577 649 684 700 897 985 996
11 28 83 257 305 400 465 473 481 663 730 809
7 60 265 371 441 583 877 923
9 67 141 172 507 694 783 799 802 915
4 98 577 592 688
14 116 151 189 208 306 330 439 545 565 681 729 730 753 923
14 9 29 194 224 269 334 536 552 590 713 860 884 904 914
17 4 7 10 58 107 164 193 385 408 488 731 735 761 770 820 833 977
8 150 229 292 505 533 565 680 732
11 57 103 177 502 540 678 794 804 860 862 976
7 343 443 465 657 798 808 952
13 54 221 236 268 386 391 411 442 469 544 917 977 983
9 55 171 294 354 512 618 773 898 954
11 130 305 494 546 603 614 618 738 791 874 954
4 134 423 740 896
9 88 164 212 344 598 606 629 750 815
8 98 151 237 262 440 586 621 817
12 66 130 134 202 344 382 425 495 584 616 715 917
9 64 217 351 383 548 631 779 854 946
8 52 129 365 378 575 759 840 900
9 58 91 115 218 325 379 540 747 931
9 227 231 532 604 651 663 723 898 996
7 63 116 250 283 290 462 785
9 48 59 102 306 394 411 447 823 954
12 102 424 455 496 614 647 654 794 817 849 867 960
9 25 40 209 231 284 407 644 827 873
14 10 41 176 234 256 330 591 671 693 789 905 928 942 961
7 189 319 381 519 825 869 936
9 38 180 187 202 617 625 845 923 946
10 20 36 49 253 289 377 383 592 616 953
7 52 417 428 518 522 826 970
12 26 31 108 122 555 558 668 700 858 893 949 970
12 231 302 429 479 499 605 665 813 814 818 844 907
11 12 262 330 423 474 618 619 629 753 866 885
10 5 51 163 270 412 719 816 925 929 948
8 47 321 586 667 736 795 924 954
9 165 250 340 346 352 371 456 738 764
10 46 155 205 236 253 627 692 730 804 908
16 1 32 130 140 183 240 266 379 447 533 546 554 761 827 893 930
12 18 29 79 135 241 259 274 391 404 534 668 972
8 189 207 240 302 415 554 604 926
7 72 86 221 493 621 625 992
8 176 287 388 469 676 693 922 933
13 70 276 306 377 455 525 556 607 639 817 859 865 933
3 693 731 747
12 119 226 240 374 529 596 628 650 712 778 834 885
6 216 317 392 621 973 977
11 20 84 173 285 332 401 515 663 938 985 987
10 166 280 406 506 569 584 616 726 727 938
9 219 436 486 542 556 627 674 724 819
15 68 108 111 165 302 341 415 420 472 512 593 601 791 836 994
8 9 117 248 528 592 703 807 815
15 16 24 133 174 210 247 297 315 329 424 487 567 739 753 911
9 288 296 334 400 412 434 549 562 626
13 9 30 97 204 233 324 332 416 593 638 796 889 905
8 76 339 353 497 504 548 740 942
8 120 153 200 341 368 570 589 913
13 70 181 233 254 325 399 625 628 701 788 807 926 967
6 99 691 692 760 811 972
13 44 172 208 226 235 280 291 493 649 724 843 974 999
7 157 592 716 786 905 914 948
14 239 256 387 443 511 621 698 726 749 794 865 939 983 988
13 24 49 147 209 301 387 455 545 669 736 760 968 976
15 23 199 364 408 489 643 685 694 751 791 832 847 880 957 973
3 329 704 979
14 124 148 254 277 403 434 530 541 579 603 658 710 775 817
8 100 348 439 531 642 651 704 810
14 22 136 144 174 191 463 495 548 618 674 761 765 782 912
7 83 231 363 436 607 615 901
14 10 33 45 319 389 435 500 572 604 750 876 884 898 970
11 87 112 226 536 683 690 694 731 736 958 959
11 95 285 394 445 484 506 606 631 677 731 972
8 187 214 221 332 455 790 926 948
12 27 52 53 104 284 320 321 525 544 693 836 993
18 38 160 273 404 439 502 552 586 641 643 676 711 757 798 801 810 962 994
11 16 102 254 258 411 502 628 704 752 773 978
7 479 492 526 599 638 764 775
11 161 442 504 572 705 722 761 928 938 967 993
12 19 36 140 311 386 580 778 843 851 918 950 963
12 60 79 253 313 350 371 400 609 654 829 839 976
6 139 234 802 824 877 996
6 287 369 499 700 752 878
8 79 230 355 366 394 671 683 712
13 99 234 268 276 397 436 491 506 538 598 645 872 937
8 125 156 157 619 624 815 845 916
7 137 203 240 584 885 901 916
11 24 49 117 368 427 490 588 683 701 786 938
10 34 51 374 526 629 741 832 966 967 993
10 80 115 268 389 398 591 746 763 864 891
11 148 173 241 554 671 709 716 790 811 901 903
11 74 215 256 316 490 645 706 713 771 919 954
9 12 85 244 347 398 434 520 523 735
8 143 213 217 474 603 886 920 937
12 60 183 271 333 347 392 595 628 691 721 821 978
5 257 320 393 650 896
9 94 448 476 563 637 668 691 738 995
13 113 139 284 481 543 625 665 730 767 786 792 978 992
6 284 427 462 626 817 898
7 223 234 237 366 505 773 868
5 243 244 495 583 619
11 48 260 269 315 392 478 488 505 754 809 866
15 42 46 67 277 441 459 537 558 568 678 801 817 869 911 995
7 195 377 623 629 660 903 908
7 209 334 437 752 788 920 952
9 81 239 247 259 421 552 698 796 817
14 16 43 46 158 205 376 384 401 433 470 712 796 870 985
8 68 205 345 427 455 769 850 973
8 96 390 477 524 579 608 788 796
7 114 212 220 526 727 762 841
10 450 483 538 568 599 734 878 919 981 983
9 109 125 157 210 327 434 578 765 777
12 67 107 152 211 284 376 385 429 457 807 855 951
8 9 32 208 350 730 738 921 991
8 228 444 449 656 678 737 888 926
12 0 14 121 166 438 492 513 526 594 689 868 941
10 96 159 248 530 591 720 762 854 865 955
15 1 3 179 185 313 425 430 443 465 506 779 796 827 859 984
10 5 9 16 161 189 376 485 486 491 943
13 91 156 215 241 352 376 441 443 487 493 587 792 842
7 94 118 348 601 631 699 873
14 254 363 398 463 545 593 599 608 680 738 773 777 803 856
8 37 181 287 319 361 370 503 572
10 34 45 265 563 599 635 709 712 874 909
8 140 301 342 359 510 585 792 965
7 85 154 404 424 504 599 934
5 153 190 227 269 692
9 66 431 522 542 583 621 666 825 899
11 113 147 207 312 519 583 648 663 664 819 884
16 89 113 139 257 344 351 372 410 448 563 624 707 776 799 869 892
12 134 181 263 270 293 364 475 483 525 718 883 933
14 0 144 199 288 292 308 334 375 383 406 471 705 707 852
7 103 308 555 604 665 886 987
12 106 146 358 375 418 644 695 772 790 813 928 942
8 181 184 316 325 331 332 749 785
9 63 359 500 538 724 768 789 815 910
13 36 44 171 251 309 590 594 753 808 835 853 876 956
11 8 65 79 359 366 480 633 639 654 724 809
11 77 143 181 196 222 290 307 391 542 745 818
2 422 747
4 389 533 864 938
13 359 456 458 475 506 515 590 623 642 658 771 804 931
10 29 216 439 452 627 675 889 910 972 996
6 17 41 164 312 449 714
12 32 88 199 230 264 323 397 516 639 794 859 939
11 76 118 355 388 394 414 461 469 484 670 772
6 81 96 402 427 439 839
6 271 291 440 496 561 790
13 55 71 195 293 424 610 679 751 807 874 878 894 905
8 38 209 259 266 296 444 722 880
8 20 369 520 667 687 727 827 942
9 145 344 420 559 709 774 813 956 958
9 57 185 214 261 360 550 890 924 997
8 86 150 158 162 166 801 961 998
14 185 195 214 288 587 600 696 703 713 837 845 945 967 975
11 67 122 298 347 423 478 537 580 642 728 894
13 0 17 162 217 235 355 488 699 731 845 880 918 925
13 145 180 182 287 458 567 645 687 713 837 847 940 987
5 26 265 444 577 734
11 14 57 101 197 239 266 582 600 795 845 867
9 6 225 412 610 618 652 720 940 974
10 34 56 69 146 359 648 652 745 859 975
9 154 287 334 376 429 476 518 533 835
9 96 268 332 355 537 742 752 814 932
5 9 21 328 389 512
9 36 306 310 389 507 631 829 945 952
13 8 15 35 295 392 499 622 752 850 864 893 915 981
10 131 176 182 201 425 525 686 692 883 923
7 166 456 496 551 580 650 733
7 187 239 412 418 891 900 968
10 535 555 569 805 819 832 850 892 899 968
16 92 159 172 209 286 288 290 389 392 523 548 625 827 872 902 933
9 85 338 503 542 566 619 672 857 955
8 20 195 297 540 683 827 877 944
8 46 57 319 331 530 558 715 736
6 15 114 258 495 513 665
9 2 20 83 245 405 530 558 689 966
15 29 66 134 135 213 302 456 700 760 841 876 886 890 901 963
8 277 417 439 492 518 546 563 862
9 69 156 281 349 508 582 611 780 810
14 34 88 141 272 312 350 372 516 556 614 713 771 815 867
9 16 54 91 132 177 199 363 849 863
6 81 139 667 759 806 988
10 17 20 140 246 254 257 637 755 857 939
6 44 137 221 555 663 874
5 121 205 318 331 713
10 3 101 180 182 352 438 560 827 879 921
9 119 147 418 511 774 827 843 885 992
11 75 170 299 316 327 378 440 863 873 902 979
10 47 121 184 242 480 601 611 644 655 747
6 49 334 437 516 542 686
8 3 78 381 528 635 699 719 970
4 137 384 872 913
13 40 70 101 212 283 465 491 506 743 793 829 838 903
14 166 349 356 362 368 619 734 790 816 827 853 913 917 965
14 127 329 433 510 538 556 567 722 726 739 746 861 957 975
12 35 283 386 421 453 515 517 551 695 721 779 805
13 188 244 274 445 514 516 536 604 645 654 789 806 996
9 74 88 99 296 562 588 647 744 823
5 50 154 663 675 688
11 142 316 368 682 698 713 845 869 956 996 999
12 37 250 343 348 355 403 453 702 774 825 849 865
10 111 172 242 299 729 737 815 829 833 895
9 0 50 54 61 97 400 525 828 868
9 261 402 420 469 503 537 601 817 997
12 23 83 86 270 617 634 698 700 737 839 947 997
8 55 109 112 127 307 518 747 986
6 88 184 278 404 442 541
12 40 66 275 338 341 578 620 779 862 896 920 978
10 9 45 127 359 366 469 562 659 798 983
8 3 303 309 476 547 609 755 804
10 11 90 133 187 197 256 428 616 868 935
9 2 67 69 74 114 315 404 639 647
11 68 118 147 285 354 408 507 594 853 958 959
9 217 230 479 605 613 640 733 856 879
8 128 360 361 554 707 708 765 995
12 120 128 225 249 360 407 458 531 616 841 885 920
10 204 329 376 450 601 703 749 821 933 990
14 27 211 367 511 547 564 641 690 775 791 806 811 881 936
10 1 81 133 270 332 831 862 871 928 953
6 80 144 373 522 601 697
8 244 281 332 488 496 662 716 830
11 28 29 51 65 229 267 343 534 591 649 698
8 164 379 414 572 626 676 803 942
8 10 326 419 445 667 788 932 933
9 58 66 108 282 357 643 744 764 985
13 86 94 104 149 211 289 470 503 555 672 835 879 922
5 293 337 571 714 825
10 55 90 119 239 381 660 706 764 837 939
10 30 123 157 211 445 463 589 612 745 965
10 21 104 203 263 410 464 539 617 629 740
14 68 133 177 283 443 450 507 519 521 559 564 648 668 805
9 129 414 451 582 587 750 855 859 967
10 6 28 180 232 308 555 608 615 718 786
8 45 62 388 407 596 601 749 878
9 158 258 303 372 539 604 772 856 934
10 172 327 385 446 472 520 529 667 924 939
5 31 151 186 340 807
11 67 177 187 342 452 588 645 755 819 825 879
7 250 508 541 789 827 851 991
10 15 40 112 117 191 324 355 532 740 973
12 26 35 129 154 366 389 463 536 543 556 579 827
15 26 63 158 233 247 351 384 402 455 591 619 908 941 978 996
12 122 175 499 500 524 567 678 704 769 806 874 938
9 13 25 208 493 596 641 723 807 860
11 103 342 402 403 555 630 707 806 928 931 941
8 6 68 225 282 399 795 912 974
5 236 626 817 818 901
7 72 112 364 477 500 651 781
8 8 94 130 206 407 644 793 910
8 0 2 235 617 619 655 842 899
5 326 409 499 625 639
5 77 88 302 682 962
6 207 249 327 685 838 996
12 253 274 330 353 401 803 853 883 898 911 960 981
10 51 221 224 259 339 381 837 875 924 968
12 54 102 125 126 140 292 311 372 562 566 654 735
5 76 100 241 308 888
6 199 340 770 853 893 968
13 71 110 150 185 190 322 335 341 370 659 791 913 967
10 82 159 182 199 385 406 516 535 752 775
6 58 254 528 601 728 986
15 7 51 166 199 323 449 493 510 565 606 630 694 800 817 843
8 88 175 292 490 548 656 741 859
10 37 159 284 291 341 547 590 654 969 986
12 158 176 255 366 379 564 602 749 759 844 866 878
12 11 41 305 726 729 738 743 755 785 825 875 997
9 194 308 506 537 792 826 913 978 980
8 82 177 226 389 865 879 897 964
9 8 81 201 360 552 603 689 816 913
10 183 371 509 531 582 674 830 867 877 920
10 216 230 423 476 596 880 892 899 933 968
18 12 18 364 450 464 504 535 608 657 684 705 771 793 847 857 899 917 924
10 91 152 435 505 524 536 682 843 857 868
12 61 69 79 205 280 317 414 513 626 683 842 945
6 238 263 813 877 886 985
5 2 28 358 536 753
12 6 12 30 42 294 348 513 527 676 684 865 954
10 34 52 72 193 365 441 551 735 794 855
11 0 166 234 345 446 450 479 616 650 837 999
15 6 159 160 261 285 295 465 540 666 673 692 735 867 910 917
9 164 238 392 454 650 780 823 828 924
8 1 19 193 378 390 455 512 778
10 8 107 284 412 443 455 466 615 629 847
11 156 171 208 365 462 481 721 726 748 895 973
7 108 145 361 414 813 843 994
11 536 609 610 617 670 674 731 747 881 897 981
10 13 81 129 240 354 432 446 543 673 906
15 119 162 216 228 409 541 547 575 592 647 655 823 897 962 978
5 75 302 347 727 985
8 213 355 431 457 546 596 599 692
9 56 98 150 202 376 443 457 732 784
9 18 102 123 396 402 436 650 680 690
7 64 102 527 602 730 893 945
10 18 287 434 459 471 784 795 805 892 983
8 172 290 397 408 675 842 867 914
9 83 268 401 448 618 686 704 852 856
9 49 86 162 424 436 443 447 810 919
12 9 252 279 420 467 474 524 634 687 785 872 959
9 139 216 264 281 368 716 795 869 890
10 7 192 446 493 697 778 800 857 952 989
11 22 81 93 223 245 521 622 767 820 951 989
11 34 55 62 282 333 451 465 667 703 759 915
8 162 202 213 407 593 689 938 970
10 76 83 101 162 191 247 249 351 662 737
14 122 330 447 503 533 563 633 654 718 800 844 853 900 937
12 35 82 132 159 190 218 454 471 703 864 881 932
7 17 287 370 534 625 904 905
10 473 480 522 545 560 565 685 807 908 998
8 255 369 423 442 508 712 802 962
8 200 236 454 490 679 696 699 751
7 16 84 283 519 548 657 827
15 65 265 286 348 438 461 541 602 614 624 705 758 805 826 923
12 19 79 85 236 287 292 479 592 669 813 855 883
8 152 266 273 626 743 797 811 916
9 39 229 250 569 596 693 708 720 882
9 6 44 46 157 179 734 803 904 941
12 135 307 414 435 464 663 675 783 795 900 946 984
5 65 362 439 793 973
9 120 122 183 317 380 456 582 608 613
14 95 148 229 305 340 442 516 619 676 711 822 829 849 860
9 207 222 351 505 521 655 693 770 886
8 108 141 208 661 704 822 847 947
13 47 157 270 332 349 434 564 596 648 692 708 835 845
7 65 147 214 774 873 953 989
7 84 282 512 513 533 675 729
8 41 241 315 494 595 807 835 956
14 111 173 184 191 229 268 318 455 515 657 711 758 759 939
12 2 222 430 473 621 677 681 808 837 946 978 992
6 253 368 557 596 724 905
12 22 161 304 377 389 413 443 474 604 639 853 946
14 152 163 165 169 189 237 475 480 531 757 799 865 895 919
9 17 29 180 243 244 297 391 681 909
9 150 243 313 407 463 510 685 711 937
9 222 346 385 421 465 527 634 874 966
10 3 97 149 209 482 521 730 778 955 968
10 10 92 158 276 300 409 525 676 816 871
10 0 48 306 312 375 451 566 756 840 912
11 111 127 165 237 269 293 416 427 619 738 984
5 246 459 593 614 726
10 85 115 222 228 327 357 595 648 748 768
9 110 178 337 480 530 540 586 592 722
12 23 150 287 335 396 431 609 753 858 859 882 962
9 31 65 108 298 401 431 903 992 993
6 157 208 263 284 750 879
9 13 248 382 461 653 816 866 889 904
8 74 116 409 551 702 716 753 971
12 24 159 161 365 519 557 729 753 829 870 921 974
12 134 140 146 147 190 245 319 679 681 730 827 833
5 58 72 131 358 784
11 48 216 310 434 437 452 644 713 733 865 867
8 49 67 251 293 667 700 896 963
2 347 983
9 56 219 256 283 501 519 549 796 875
8 46 373 384 538 603 615 685 800
10 47 58 159 406 507 559 658 707 708 957
8 134 220 270 382 643 734 768 914
14 36 140 264 288 362 430 438 465 521 563 607 628 709 931
11 40 107 224 398 432 671 813 850 866 901 999
7 90 91 745 773 779 847 879
11 71 173 262 481 485 492 574 604 630 664 873
18 8 18 98 117 168 192 193 199 269 296 358 425 451 552 600 767 902 996
8 136 310 444 464 521 747 880 910
10 6 40 68 166 360 565 639 847 859 918
11 75 122 129 194 199 309 525 574 608 768 987
8 9 123 446 449 485 725 863 869
12 52 100 111 173 403 475 718 756 798 857 900 952
8 432 542 543 644 837 918 938 958
4 320 370 517 971
12 0 7 112 172 323 490 639 728 730 802 821 903
11 117 120 149 386 486 546 568 742 802 831 935
9 86 274 510 513 624 670 704 844 990
9 30 82 108 231 539 621 701 816 860
10 76 134 282 324 371 602 656 692 972 993
8 6 174 232 270 273 320 692 766
9 94 229 273 394 459 663 691 865 874
12 68 103 153 235 240 475 517 521 542 569 606 833
8 13 204 514 515 518 535 968 981
11 77 159 288 383 426 635 722 772 795 799 800
10 54 244 262 277 331 361 419 548 698 904
13 7 12 36 92 241 323 410 589 603 719 755 830 877
12 279 316 364 374 430 585 767 817 854 900 958 988
9 9 157 258 408 465 484 519 575 755
7 7 40 52 104 650 810 818
13 11 63 82 188 197 311 434 438 547 810 831 935 957
9 358 442 449 486 497 535 540 606 607
9 173 251 260 302 313 345 445 731 828
10 69 79 450 452 488 504 852 872 878 981
6 83 366 438 578 586 594
13 15 59 206 437 506 524 547 589 667 677 729 788 791
8 161 197 215 542 563 693 962 988
7 252 407 438 752 837 918 931
8 79 179 232 326 443 459 771 810
8 133 224 362 458 482 561 636 724
3 167 485 725
12 43 62 183 299 337 506 532 543 610 791 818 953
13 53 81 153 176 325 447 476 754 758 778 843 895 904
10 46 145 195 389 461 471 620 635 686 803
12 406 464 510 598 610 633 678 800 870 952 988 996
12 115 126 135 174 366 736 758 850 855 882 937 992
5 19 59 239 460 505
9 61 140 190 435 478 527 879 984 990
7 145 356 385 409 432 736 805
12 155 318 370 371 528 605 628 643 728 891 960 978
15 315 386 395 430 707 737 739 789 811 817 818 891 926 936 984
7 134 223 500 746 751 796 799
11 82 94 120 139 322 351 378 412 528 789 918
15 98 301 345 429 449 604 647 700 703 716 769 786 870 874 933
9 1 78 97 112 320 325 489 734 818
6 132 218 378 417 457 685
13 143 214 340 385 412 416 419 509 532 731 746 841 968
12 34 95 103 170 174 206 346 526 569 614 799 973
8 45 175 216 658 733 754 825 991
14 31 130 147 306 518 542 618 633 658 801 836 908 915 953
10 40 106 235 337 348 413 616 682 916 923
13 39 90 145 147 259 311 319 325 358 420 583 774 815
7 142 177 186 390 610 817 820
9 100 225 252 257 414 465 577 667 758
9 264 307 315 328 393 591 636 745 828
11 0 52 67 325 333 424 500 685 858 944 964
9 124 157 324 518 525 596 626 722 849
19 1 15 142 171 290 393 413 435 464 514 543 547 593 650 766 869 881 887 914
11 12 138 245 259 300 307 415 487 542 555 674
11 260 330 365 389 457 473 477 649 731 769 878
14 13 170 266 378 415 489 586 721 800 824 827 859 929 980
8 224 229 583 625 669 684 711 828
8 309 334 338 693 696 778 866 981
16 53 72 91 101 135 270 310 311 355 542 605 795 808 894 938 959
7 21 65 169 196 205 347 580
11 140 318 319 437 451 527 535 759 765 851 963
9 0 169 185 244 421 609 757 832 863
8 130 322 367 403 420 798 873 984
12 28 428 515 519 609 729 761 768 788 853 930 984
10 2 9 173 340 373 425 678 690 959 984
11 8 51 126 312 504 604 621 628 758 817 916
7 96 149 257 269 361 608 987
14 5 258 300 345 390 426 449 525 583 591 673 739 866 907
14 30 39 145 221 308 330 362 385 410 445 484 680 893 917
9 311 508 603 656 661 768 874 978 982
12 2 326 492 513 572 581 602 622 910 919 936 975
9 514 532 618 650 741 775 835 840 992
9 40 71 173 232 237 575 741 849 979
5 134 254 489 522 974
10 159 322 334 425 583 612 613 772 870 941
10 79 264 475 686 736 817 819 876 967 988
8 30 336 356 451 486 582 719 773
10 62 121 326 358 494 513 577 596 769 791
10 158 169 359 394 404 472 479 511 766 770
12 124 190 238 299 424 485 499 670 781 786 877 878
9 136 276 451 605 679 793 891 912 975
6 129 183 429 620 900 921
12 14 61 105 242 307 341 475 590 659 732 768 834
7 165 217 336 359 369 897 966
5 30 125 312 388 763
7 363 421 561 576 671 899 978
5 138 158 635 698 811
10 100 173 410 465 533 648 764 804 907 998
9 146 388 393 422 476 512 515 621 805
15 78 146 398 413 473 506 520 606 629 692 694 734 750 783 941
12 81 147 450 500 503 541 667 690 746 793 802 973
10 36 129 184 249 415 700 820 830 836 851
14 14 20 92 436 452 470 527 593 595 621 690 749 789 798
9 1 115 119 291 338 397 525 602 774
10 112 146 221 543 658 672 735 791 810 984
10 105 143 206 388 467 605 624 688 867 896
16 70 88 147 272 290 328 581 595 652 693 754 761 829 951 964 982
7 21 42 354 474 522 862 910
8 46 96 128 203 560 697 718 766
8 53 175 196 249 577 707 746 772
6 84 413 666 709 778 989
6 598 734 808 832 971 992
12 61 110 194 271 279 476 552 797 824 853 868 878
15 98 163 271 276 433 447 487 535 580 611 655 664 816 872 976
7 381 622 834 852 923 959 989
16 38 103 104 546 564 598 678 698 712 721 865 927 946 954 959 979
11 150 200 232 254 333 487 530 567 643 755 973
13 84 106 153 300 415 462 610 631 641 649 902 964 986
13 37 127 129 301 349 428 513 554 572 670 673 715 848
12 77 100 112 145 169 221 295 417 423 486 648 887
9 32 193 241 259 383 511 560 679 815
10 9 207 267 337 466 602 808 875 967 975
7 298 438 597 632 920 926 927
11 152 223 290 361 399 426 561 692 759 768 783
8 90 215 246 475 507 642 922 978
8 41 79 192 310 353 485 809 986
11 143 203 302 305 353 399 467 474 505 607 881
7 225 405 449 468 663 783 891
11 76 169 224 355 405 460 485 551 702 878 962
10 172 208 218 225 288 348 801 824 856 937
8 27 224 396 404 530 603 837 903
11 59 190 206 234 405 441 448 594 709 919 931
16 56 156 259 339 375 381 410 460 583 631 811 814 838 873 880 936
9 120 178 264 486 617 703 738 746 994
11 11 259 329 349 363 385 390 404 569 646 996
10 59 155 248 336 470 494 566 836 981 986
4 120 199 591 839
7 136 271 301 326 417 605 703
14 72 102 158 195 231 364 392 448 464 490 741 744 874 926
16 105 116 137 143 439 550 558 675 710 758 789 791 830 862 873 909
14 305 321 362 429 457 489 558 560 668 778 795 800 910 940
7 80 219 289 431 434 539 943
5 20 74 264 706 731
8 94 144 202 204 369 503 517 881
8 13 95 244 298 359 556 637 648
10 50 268 423 438 468 773 778 844 894 919
10 37 67 168 190 333 353 484 560 864 950
9 68 250 335 585 608 654 709 838 994
13 13 198 288 300 405 413 457 500 577 706 730 785 947
9 35 99 225 269 301 304 314 772 786
8 130 183 191 232 295 571 691 695
12 19 112 138 163 223 382 550 650 759 916 933 985
5 258 263 400 528 743
9 38 49 201 308 369 413 708 828 850
8 94 235 267 316 340 487 630 839
21 78 155 166 200 218 395 404 418 441 450 455 576 590 591 604 619 634 638 694 769 916
10 19 125 269 315 395 423 449 491 566 788
8 40 102 575 634 842 881 934 990
8 20 34 91 149 336 646 774 981
11 42 67 206 318 398 502 580 697 757 903 999
12 238 246 292 316 412 417 449 686 712 731 961 990
14 47 84 96 199 291 339 407 567 582 609 646 695 725 737
9 13 82 381 555 669 777 825 960 973
7 180 526 538 603 648 825 933
8 196 224 306 374 515 572 781 865
10 7 35 103 133 297 389 499 857 920 945
5 1 582 772 830 986
11 67 69 118 243 505 682 737 866 901 934 980
14 60 160 198 212 254 261 273 450 549 645 799 816 842 864
11 1 72 78 208 223 269 531 598 869 874 909
6 357 375 727 821 960 994
10 60 130 202 204 526 527 635 689 802 953
12 15 179 259 383 560 577 622 680 742 809 905 997
9 23 214 336 495 507 527 533 559 885
10 175 421 482 510 565 600 632 775 986 997
6 6 82 226 237 284 957
15 124 151 157 206 333 385 418 593 621 636 701 762 780 796 962
6 246 259 293 351 502 809
10 34 37 290 336 391 561 600 628 650 763
12 11 18 200 284 365 522 543 570 818 849 854 988
8 81 185 223 271 503 548 820 871
12 2 3 12 23 130 138 398 601 678 743 790 893
9 77 198 343 404 439 521 764 889 963
5 85 566 659 858 913
7 5 6 255 537 592 830 887
10 98 106 150 251 467 505 551 774 842 985
2 636 664
9 388 392 684 701 777 784 791 798 801
8 48 316 410 469 544 673 933 967
11 482 542 719 749 757 835 873 882 912 945 990
10 29 33 186 445 474 496 535 559 592 951
6 139 236 416 683 810 927
9 94 136 269 636 797 817 892 948 981
12 8 107 183 196 456 500 546 658 664 877 896 907
5 467 493 697 744 976
14 187 207 260 298 347 473 548 553 630 714 719 889 901 954
15 14 31 128 155 156 443 453 464 471 519 718 739 781 786 891
9 46 77 114 733 762 854 964 974 986
8 15 152 409 534 663 686 699 821
13 45 64 103 369 416 452 672 686 729 799 821 835 904
7 147 182 260 755 837 930 989
8 115 226 266 629 748 754 833 843
6 85 257 408 417 623 663
10 35 164 169 292 479 542 786 803 902 977
11 55 117 144 250 270 446 464 523 542 782 933
12 33 58 80 89 316 341 369 571 577 677 874 925
12 79 83 149 331 367 449 489 563 726 911 957 968
9 143 164 241 416 518 694 715 855 933
10 122 354 368 489 493 621 668 686 744 760
13 74 262 272 299 318 343 351 357 448 474 610 643 947
9 509 653 696 793 844 953 962 968 982
6 44 112 426 498 502 556
13 105 138 149 151 153 318 616 628 641 732 751 958 967
14 182 187 389 561 565 686 761 790 813 888 902 949 962 963
13 19 79 148 217 232 245 248 262 289 568 675 830 885
10 293 321 340 401 467 490 508 615 920 924
17 42 94 121 297 382 408 466 517 550 658 684 711 744 769 775 858 918
15 50 69 98 160 225 263 358 388 435 462 542 633 724 954 963
10 61 242 431 455 477 492 524 696 746 911
9 44 100 290 404 413 486 691 867 991
8 72 97 385 413 513 788 795 967
13 136 149 261 300 347 392 463 534 654 745 843 933 997
15 108 238 314 370 458 460 548 681 695 773 804 815 882 951 978
13 176 188 314 423 426 444 504 596 671 760 770 845 944
3 207 217 500
3 257 471 625
8 242 347 471 735 740 776 801 988
11 42 53 208 340 367 439 623 758 798 830 902
15 2 13 97 261 311 382 602 616 710 795 807 815 866 898 914
16 10 16 46 58 77 239 244 307 442 599 615 617 865 908 915 986
10 57 233 258 278 314 520 616 663 666 980
13 11 41 42 62 96 188 324 441 468 667 861 964 971
15 62 113 128 200 222 270 278 348 366 542 627 640 743 841 955
9 236 425 478 626 693 753 798 932 989
15 2 45 70 75 90 155 356 400 462 485 489 563 595 632 717
7 194 329 467 501 559 672 901
4 131 169 589 614
7 113 157 340 399 492 819 920
11 14 57 70 86 125 199 279 335 453 612 648
12 82 126 251 275 302 342 448 620 687 798 833 920
10 11 66 78 170 619 678 785 824 832 976
15 74 86 104 122 385 431 462 565 599 696 779 886 890 904 955
12 22 44 62 116 131 258 311 486 588 647 688 694
9 15 273 290 388 541 582 758 834 867
13 47 100 148 193 504 519 666 715 724 736 747 804 919
6 509 561 621 767 886 931
7 165 333 426 441 604 905 914
12 22 233 326 362 542 544 670 717 756 813 837 934
13 151 219 406 425 483 558 816 923 928 930 932 946 977
8 421 446 563 573 579 880 892 956
7 124 211 531 712 765 861 896
6 22 83 105 542 690 700
14 12 72 165 172 240 279 358 391 397 674 769 835 876 941
6 242 619 678 841 978 987
13 103 246 272 504 599 663 714 754 768 795 839 851 894
11 21 95 169 183 511 713 795 858 880 959 978
10 92 103 253 384 431 503 596 708 722 945
12 54 161 217 277 378 395 676 708 853 881 916 932
8 112 119 185 225 266 555 691 742
10 8 521 545 548 683 785 786 827 887 976
7 53 226 240 316 435 629 786
14 5 17 156 189 259 351 368 484 506 531 550 625 653 725
10 27 29 88 250 451 504 657 734 884 958
15 9 74 123 196 307 309 320 411 449 468 538 565 659 774 910
8 50 95 276 677 721 745 793 874
9 188 189 493 734 751 771 772 835 935
6 15 373 597 648 972 998
12 53 108 165 225 284 292 333 534 608 751 830 975
11 217 278 316 349 500 657 723 777 865 883 905
5 142 291 401 466 888
13 9 10 39 300 339 355 649 655 671 850 857 879 951
13 94 169 383 440 441 491 580 603 667 692 734 963 983
7 237 287 479 570 650 666 733
7 131 256 663 742 797 801 940
6 350 466 735 768 783 919
6 249 332 768 866 873 925
15 30 50 76 156 212 227 345 403 514 585 589 617 641 660 741
8 156 388 500 573 580 779 838 973
10 10 61 125 160 203 716 719 792 892 954
11 155 308 497 617 631 659 679 739 769 804 957
12 64 178 210 252 264 330 379 417 445 487 618 658
10 60 68 124 259 527 595 689 694 755 762
9 6 91 341 453 549 675 729 776 997
12 173 314 399 476 505 634 774 787 792 802 919 953
13 55 111 118 386 482 610 657 750 769 787 788 882 926
9 200 254 491 586 622 679 823 943 946
9 308 315 464 505 575 891 914 936 999
11 78 96 298 314 450 639 862 874 899 910 920
10 170 227 323 345 353 526 601 669 760 907
13 5 71 103 251 305 348 364 644 727 768 809 815 835
8 3 100 356 417 592 651 873 892
16 28 38 130 142 271 426 461 502 568 627 640 709 737 809 879 881
12 13 19 176 338 376 477 507 666 672 682 708 769
6 37 149 320 465 559 871
6 34 356 360 376 609 843
10 228 280 301 442 554 679 790 807 857 882
7 99 111 115 201 302 578 646
8 29 300 305 453 574 603 700 819
9 92 281 336 361 382 437 447 751 822
15 20 195 218 324 425 472 547 585 586 595 600 712 718 822 940
7 18 26 178 185 326 626 862
5 33 227 492 629 780
9 143 204 297 331 558 668 734 900 965
10 99 246 320 461 487 489 638 782 801 998
9 87 122 124 403 537 606 645 700 951
16 2 12 66 87 154 195 308 318 351 401 402 486 510 658 808 923
14 17 26 55 71 73 102 343 349 418 454 493 620 888 946
15 23 32 92 99 290 486 542 594 629 668 704 714 724 763 918
7 161 224 537 548 609 770 798
14 14 27 182 338 454 597 605 628 771 835 839 864 936 999
9 18 248 328 495 546 581 848 867 949
16 6 90 133 228 233 250 407 483 502 759 806 849 872 935 966 980
7 148 184 219 338 585 719 928
14 23 29 60 110 205 233 379 435 488 638 684 691 798 806
10 25 86 115 400 563 574 713 925 931 940
4 229 374 515 841
10 80 182 245 330 334 435 520 524 766 782
14 20 93 95 104 271 324 350 399 694 722 761 786 892 922
7 9 106 159 300 340 960 997
7 8 119 256 529 535 869 965
10 7 157 159 243 273 383 432 496 711 810
12 243 343 351 383 540 643 644 679 773 791 897 992
11 118 151 179 385 497 518 534 678 742 811 984
6 94 526 615 757 945 969
12 16 103 348 355 361 453 603 707 765 927 929 964
13 74 111 134 151 337 502 547 637 686 722 783 784 989
11 35 119 182 185 208 213 228 378 642 701 754
8 171 255 582 641 694 764 832 885
10 46 202 505 594 631 761 796 868 925 935
11 14 89 118 249 327 374 435 665 754 962 967
3 15 621 634
15 158 261 333 394 495 583 686 741 770 799 825 843 879 962 988
15 63 219 408 473 576 582 665 699 819 830 859 864 928 974 999
6 144 188 343 787 874 896
9 122 224 312 452 502 651 736 815 929
11 106 177 223 369 406 448 643 704 712 848 887
6 10 50 272 655 817 853
12 17 78 88 163 165 357 421 604 631 694 863 884
5 393 422 548 648 840
9 77 90 223 294 312 367 593 830 868
10 77 137 178 317 557 676 779 803 833 963
5 183 289 397 431 843
13 34 230 294 353 375 417 460 586 669 794 812 891 899
13 30 34 66 125 141 321 363 376 397 535 798 837 883
14 36 73 99 100 184 314 414 438 451 529 547 957 958 963
10 11 37 319 479 599 777 796 817 818 885
11 24 196 242 378 440 584 659 745 810 864 978
18 7 138 186 222 344 384 436 486 498 649 652 658 689 824 896 934 957 963
12 36 120 284 306 308 491 613 661 751 805 812 860
13 64 91 99 202 427 430 472 631 721 761 803 857 897
8 142 230 233 332 432 548 554 678
11 3 42 65 124 141 149 294 366 520 809 887
9 81 223 432 464 583 666 788 899 981
10 43 84 258 268 613 754 845 910 917 931
9 116 291 468 469 525 663 718 756 881
11 191 398 559 645 660 709 819 931 938 967 974
13 25 221 294 342 539 568 619 755 821 843 846 882 968
8 226 253 525 581 595 603 788 868
11 166 189 257 387 446 608 651 733 880 909 980
12 15 117 223 433 438 487 496 520 605 817 854 937
10 49 73 167 217 234 314 390 631 832 845
7 312 368 588 769 909 945 975
14 90 162 245 262 293 489 576 767 776 781 844 933 953 957
8 44 98 260 372 486 671 806 923
15 92 176 338 433 599 652 654 685 735 814 819 906 950 965 996
8 104 110 132 191 194 288 419 910
12 34 62 81 164 304 370 374 375 620 769 862 880
13 129 424 440 493 588 641 713 716 740 890 918 945 981
17 22 25 211 238 266 294 408 410 503 587 668 743 757 783 870 932 999
8 18 365 394 634 741 798 804 950
8 103 359 458 546 576 710 755 982
11 340 355 424 427 445 462 526 614 630 843 973
13 48 210 293 330 355 457 510 538 698 825 907 916 933
7 87 91 205 595 610 675 913
16 36 67 96 106 460 493 600 704 715 736 848 863 875 902 921 959
8 137 144 563 584 668 887 925 961
7 117 481 565 694 874 928 994
9 65 105 253 256 484 569 714 805 845
6 96 139 243 457 637 711
8 402 449 475 495 703 767 895 948
7 125 329 389 409 632 749 766
14 163 368 384 392 460 466 479 510 641 661 662 676 793 958
15 7 135 271 435 451 474 542 603 639 666 671 679 748 753 961
11 5 10 36 286 349 475 610 695 718 927 950
11 119 169 208 300 420 652 696 848 884 911 999
12 161 173 263 406 471 496 536 553 652 791 875 971
9 41 104 127 149 387 473 532 609 708
14 179 215 229 352 443 490 545 572 650 670 878 904 938 979
8 94 105 246 288 468 561 603 805
10 5 7 24 157 613 669 749 814 850 991
7 139 149 549 574 655 732 823
12 74 107 310 328 363 424 454 497 527 532 802 850
8 47 145 224 236 387 628 664 727
7 11 207 309 563 688 819 893
5 276 476 551 583 749
7 8 96 591 690 703 863 996
9 32 345 486 510 514 661 712 755 952
6 319 322 377 574 712 964
8 51 162 294 326 535 627 646 880
15 5 11 89 115 125 261 435 476 536 583 590 646 647 704 907
7 670 671 720 949 972 974 991
11 86 132 136 252 417 460 543 607 671 739 744
11 55 163 225 267 432 434 489 526 857 869 945
11 101 118 161 175 222 568 600 682 887 902 909
14 42 79 92 246 287 417 423 474 491 526 574 708 772 889
8 125 147 152 295 665 670 813 968
12 221 277 300 346 477 487 597 651 768 809 834 877
8 38 53 90 172 306 729 859 910
15 64 187 274 322 327 345 406 455 527 607 615 641 642 948 951
11 83 133 134 136 145 381 433 563 715 732 925
6 342 499 579 660 815 826
17 5 39 103 237 394 459 489 574 614 620 626 695 700 730 756 923 940
11 32 157 359 406 433 439 555 586 718 907 925
9 290 328 333 382 406 426 452 527 933
10 103 130 181 441 516 574 613 660 690 997
11 32 109 337 397 398 487 558 670 778 843 877
10 149 251 282 344 425 590 727 736 810 936
12 38 66 169 238 484 609 631 666 756 879 893 899
13 198 224 259 322 340 430 485 735 764 775 814 943 955
10 210 225 246 271 273 698 700 750 837 879
13 0 80 86 140 176 265 272 336 354 615 682 880 903
9 39 164 356 455 498 508 692 990 994
12 30 129 165 512 559 564 676 678 738 793 850 929
15 95 103 207 325 411 412 420 491 578 707 733 803 875 968 991
11 2 87 118 246 342 432 483 519 709 918 920
6 22 729 735 877 889 990
11 61 161 179 303 313 341 386 600 634 792 918
10 61 191 519 751 776 805 870 929 973 986
17 44 80 113 163 208 230 443 507 609 615 676 721 797 827 878 961 991
13 63 222 297 364 373 400 500 555 635 912 931 943 954
20 45 53 72 94 126 130 133 232 275 290 409 432 444 462 472 579 723 732 746 989
10 61 166 275 411 423 432 436 566 732 977
17 18 78 156 198 266 472 624 684 719 742 751 780 897 909 925 955 976
8 26 36 329 444 488 567 837 903
9 122 245 397 557 585 586 743 894 972
7 4 348 350 685 686 895 916
9 52 226 309 316 672 777 840 915 951
8 109 452 499 516 627 734 831 950
13 56 155 229 255 266 294 440 549 550 718 759 836 902
6 10 59 295 340 797 965
20 23 54 67 145 178 199 201 214 215 222 267 269 339 376 452 646 815 851 919 957
8 231 309 414 446 453 540 864 897
7 108 193 221 230 348 375 493
16 22 249 298 408 488 526 553 571 601 614 654 719 726 841 882 929
6 6 247 398 412 824 881
10 92 116 198 458 498 627 714 747 856 963
8 36 230 376 404 588 626 727 881
8 74 479 501 630 793 850 883 993
16 10 164 190 254 351 354 468 576 586 639 652 676 696 852 876 915
7 79 102 441 488 522 825 845
16 182 185 256 283 307 356 395 419 517 587 634 730 806 820 864 892
7 221 281 519 534 664 975 978
8 108 174 233 523 541 641 696 997
8 28 48 365 468 725 823 923 960
10 137 205 244 438 619 640 702 830 909 967
9 7 147 278 302 323 544 555 572 942
16 88 107 215 290 301 313 424 588 608 681 718 728 743 758 802 958
8 61 293 333 399 532 597 749 850
13 57 113 182 184 187 228 351 610 740 747 764 836 934
3 743 959 970
7 92 185 300 311 350 387 391
7 505 697 722 761 771 866 905
8 53 209 229 348 448 469 566 698
13 135 194 198 386 427 540 657 776 778 809 834 844 962
7 107 267 457 488 641 827 982
5 159 324 415 501 835
15 164 222 241 282 286 333 358 460 499 644 723 914 936 983 993
6 47 144 409 566 584 746
8 140 260 306 341 427 594 939 977
8 23 149 242 263 324 516 832 920
13 200 211 300 301 328 394 552 657 682 736 789 913 942
7 60 370 447 570 603 642 892
13 72 145 172 189 260 291 370 391 452 719 794 865 962
7 35 38 272 348 400 735 936
6 13 223 618 637 916 976
9 38 206 236 247 494 526 674 687 753
7 209 216 393 458 724 761 782
11 117 168 194 334 533 555 696 719 733 828 837
15 72 90 144 229 296 305 359 378 403 502 551 616 655 859 880
12 62 129 293 373 386 454 464 554 615 662 848 955
11 53 187 208 298 308 323 378 492 606 630 697
12 2 27 127 143 231 239 301 499 715 726 744 921
12 56 130 157 228 327 393 449 556 706 789 927 938
9 134 375 426 435 471 755 814 892 930
7 247 364 567 680 899 921 967
7 112 199 220 326 415 500 698
12 54 148 216 352 388 459 519 526 576 662 677 914
18 42 151 176 212 271 362 403 435 466 525 556 592 651 674 720 763 937 957
9 283 294 381 508 761 772 810 881 975
7 98 164 205 472 639 835 889
13 31 109 201 298 303 408 476 580 793 802 812 897 956
13 110 138 176 262 293 415 451 476 499 515 774 815 976
17 214 242 254 266 296 372 387 429 657 678 718 804 806 904 920 930 978
14 92 177 184 299 390 519 636 642 745 753 785 807 865 978
14 1 246 314 334 449 513 530 544 644 678 741 831 833 875
10 343 370 427 576 609 671 682 743 830 946
7 158 195 282 341 655 730 834
9 35 98 156 649 724 771 913 942 978
12 10 62 74 114 215 244 560 601 714 732 900 955
7 121 160 205 303 349 628 632
8 449 506 571 646 722 738 762 790
7 142 285 600 656 693 908 999
11 83 170 373 569 582 791 812 876 926 938 984
10 6 11 180 205 327 628 754 933 961 966
9 117 197 431 432 477 514 583 673 729
12 157 198 299 322 579 636 665 677 704 837 858 870
11 60 67 194 286 321 465 568 780 804 952 977
6 176 183 455 532 641 821
7 230 312 359 424 766 822 982
9 43 123 236 379 492 580 637 720 734
12 29 296 314 316 480 708 736 819 828 877 927 980
9 41 50 98 126 282 615 921 927 995
12 155 198 278 299 300 482 674 729 739 804 871 962
9 48 197 333 345 394 409 478 689 885
9 97 114 118 205 275 386 554 582 622
11 199 216 389 504 590 600 614 761 790 825 964
10 118 131 221 371 397 517 546 807 820 935
10 35 335 344 373 407 424 586 628 774 879
11 55 83 89 176 335 357 559 633 655 848 934
3 315 751 987
8 61 464 484 580 675 759 786 799
8 66 131 270 336 441 616 888 957
9 151 360 526 556 745 748 790 819 841
17 163 170 277 308 390 467 494 527 650 674 740 752 794 926 929 951 971
8 81 130 282 593 605 771 978 998
8 96 274 365 477 576 816 937 987
13 85 220 222 287 295 297 570 760 857 884 944 955 988
11 35 89 323 384 449 615 633 673 853 873 972
8 32 194 330 441 616 823 835 933
14 17 113 114 342 442 462 538 542 644 759 822 861 931 962
8 40 46 222 300 308 465 740 992
12 107 184 391 395 419 434 603 694 754 811 813 998
14 119 138 325 359 467 518 532 631 661 670 827 941 964 989
15 26 121 132 236 244 298 509 552 602 624 626 674 811 856 879
11 141 214 375 478 761 868 871 898 976 986 989
6 71 254 511 704 944 953
13 31 34 57 195 340 442 501 635 692 750 798 840 989
10 10 64 180 264 283 300 309 602 944 990
11 63 184 592 662 701 715 762 796 799 819 979
10 69 86 101 142 432 509 525 671 889 910
9 28 502 509 578 711 770 869 897 898
12 55 106 161 247 273 635 699 719 763 969 977 984
8 63 452 711 721 809 814 830 910
9 14 67 460 587 635 870 879 938 958
13 49 169 273 385 419 518 632 701 740 742 816 916 968
7 191 252 334 620 635 644 755
21 17 71 72 158 199 245 252 299 435 538 550 575 591 594 608 749 759 800 890 915 938
9 153 263 544 554 634 734 845 905 940
10 239 398 412 652 698 715 903 972 991 996
11 56 246 432 467 519 673 696 803 853 860 968
10 5 112 121 333 361 427 516 746 874 912
17 76 77 106 115 168 271 331 395 455 742 774 869 889 930 933 944 949
8 90 172 211 256 264 355 855 954
8 185 188 527 660 686 701 798 934
8 143 270 273 344 471 486 639 919
8 55 84 161 178 251 842 857 884
7 146 528 672 805 816 968 985
7 201 447 610 913 922 924 938
11 182 193 302 321 552 576 643 710 748 754 789
12 47 57 345 356 358 502 635 672 693 882 965 978
6 11 20 233 350 535 596
6 63 89 101 579 766 795
5 60 600 697 787 938
7 107 533 751 756 770 824 967
10 140 329 493 577 609 657 691 795 823 910
10 12 39 132 193 328 394 426 783 893 977
10 58 247 352 423 441 558 597 670 749 922
14 2 41 42 52 64 119 305 502 582 604 665 816 939 991
10 144 200 363 619 628 805 819 866 885 913
6 164 179 228 354 636 877
14 92 223 383 412 562 593 666 731 734 749 827 874 908 972
11 99 179 241 395 409 599 649 731 768 843 930
10 99 241 326 455 461 501 502 642 761 846
7 53 282 431 549 557 705 840
7 55 181 547 762 769 815 890
16 103 280 316 337 370 418 515 563 597 600 716 718 850 859 899 916
12 107 205 379 457 569 600 604 658 727 731 734 832
12 27 28 296 447 493 504 584 618 711 784 902 919
8 152 222 257 689 706 751 826 946
7 3 116 204 362 480 698 890
16 86 106 116 182 260 287 472 508 575 599 607 716 742 841 871 950
17 91 197 198 283 286 299 363 405 438 593 597 743 792 810 931 936 943
3 292 710 928
7 15 59 60 98 219 331 846
7 374 396 498 618 772 910 995
12 23 68 87 100 170 401 653 787 821 914 935 957
13 75 92 135 268 312 346 439 487 503 549 664 758 814
9 88 188 274 375 470 584 719 742 787
11 10 182 189 223 467 477 508 654 748 838 875
12 38 91 108 500 581 627 646 819 861 878 921 985
11 22 36 40 75 590 635 818 855 893 928 952
23 18 104 122 125 236 270 295 316 356 431 466 482 511 609 640 642 733 838 879 880 884 911 946
6 93 216 469 502 774 925
7 295 452 554 617 698 745 897
13 9 138 194 282 314 405 415 454 522 545 579 739 754
7 23 466 493 597 757 851 895
8 40 90 138 237 322 380 658 853
12 145 345 366 429 432 459 460 461 491 709 889 928
10 29 76 134 253 303 317 538 572 943 976
12 234 289 292 504 512 522 553 561 584 616 814 921
9 18 76 160 185 392 463 640 906 912
11 90 210 409 418 426 472 566 613 718 913 990
13 328 329 352 497 501 587 620 712 817 919 921 923 992
11 9 245 399 429 544 547 576 808 812 924 988
10 141 267 440 606 776 787 810 815 935 954
11 70 125 215 356 371 427 468 498 708 917 989
8 102 106 116 371 401 834 853 995
8 79 103 313 520 534 557 763 808
6 124 130 243 898 971 993
14 29 50 109 170 225 228 270 281 389 426 521 751 782 935
11 180 232 233 294 559 561 608 669 705 801 839
8 19 181 336 484 653 690 911 918
11 88 228 307 386 546 673 696 719 755 771 888
