600
8 15 40 58 108 264 296 388 410
9 39 46 132 339 369 391 537 550 582
2 16 102
8 21 25 106 135 264 307 397 425
7 100 303 310 317 362 370 524
3 114 267 360
8 195 199 204 268 288 326 358 488
10 80 136 277 360 366 424 490 523 525 532
4 148 186 471 485
6 174 282 315 332 399 489
5 22 26 143 315 385
11 33 45 58 61 191 206 317 448 493 514 546
6 22 23 211 319 320 379
2 244 318
9 45 46 81 147 222 250 309 494 560
6 0 91 140 298 390 451
6 2 67 146 359 482 542
8 111 175 216 373 491 529 563 573
8 60 256 276 281 287 358 400 529
8 80 189 295 395 418 436 455 517
6 123 275 276 525 531 594
6 3 113 153 197 402 474
9 10 12 34 143 161 206 363 380 448
5 12 112 250 275 518
7 72 151 192 207 300 349 451
7 3 194 232 237 282 365 480
10 10 71 82 123 137 174 180 273 379 500
8 184 234 273 323 422 424 464 527
7 105 169 317 345 370 375 504
5 51 92 100 214 537
6 102 221 297 466 485 555
5 69 127 206 502 552
5 162 451 495 505 519
8 11 148 193 224 315 334 410 453
6 22 181 300 429 526 547
12 40 80 110 232 274 308 349 371 392 420 443 451
8 185 222 311 432 445 482 490 591
7 183 242 299 314 396 516 597
5 239 467 497 553 588
6 1 129 153 162 448 591
2 0 35
5 94 128 144 459 531
10 61 123 142 156 206 381 387 465 538 568
4 96 400 569 599
8 128 267 318 322 351 377 405 483
8 11 14 218 219 254 298 484 570
11 1 14 63 98 99 166 250 253 291 451 484
13 73 153 156 237 254 260 281 311 333 406 407 428 494
7 136 209 247 257 497 511 552
13 56 74 83 208 295 358 389 444 454 503 537 576 598
8 168 202 301 364 382 388 533 591
4 29 84 212 277
6 140 186 201 353 480 525
4 73 116 215 493
3 491 511 512
5 132 175 214 268 402
7 49 82 93 160 286 397 404
5 220 237 248 362 581
7 0 11 154 200 361 421 512
9 182 194 219 275 277 286 296 304 520
10 18 163 165 249 290 293 411 417 547 563
8 11 42 167 182 293 311 395 545
4 84 107 233 266
7 46 145 476 480 510 585 593
7 81 145 217 372 460 584 586
8 194 222 266 377 404 432 447 470
4 361 496 505 560
6 16 192 217 257 344 468
6 110 149 212 214 233 363
5 31 284 299 451 530
5 227 326 336 406 542
5 26 255 345 353 378
3 24 273 475
5 47 53 103 166 354
7 49 100 155 332 483 489 574
7 81 85 94 186 248 485 585
6 105 147 290 314 491 535
2 284 327
4 143 182 445 483
6 227 235 309 311 415 525
7 7 19 35 86 101 200 599
7 14 64 75 94 178 316 470
6 26 56 145 169 430 546
8 49 95 212 239 273 331 398 434
5 51 62 110 212 469
6 75 180 283 290 317 409
8 80 101 118 195 258 274 312 395
9 89 94 127 130 252 266 302 416 552
7 96 126 224 238 243 412 599
10 87 102 145 169 183 299 344 448 449 558
6 212 266 396 520 536 594
9 15 159 160 227 255 381 428 587 596
8 29 160 187 255 397 425 486 591
5 56 231 288 311 366
10 41 75 81 87 119 196 278 452 532 588
8 83 135 209 338 385 442 474 576
12 43 88 250 255 257 267 287 345 444 468 559 582
6 148 282 321 384 490 504
10 46 111 115 123 186 337 426 517 562 569
3 46 110 429
9 4 29 74 127 234 243 342 555 557
12 80 86 168 252 280 305 358 400 435 452 510 526
9 2 30 89 364 406 430 440 584 590
6 73 105 227 388 430 539
6 152 257 407 537 551 557
7 28 76 103 106 179 298 555
8 3 105 320 411 481 496 522 550
4 62 141 250 568
4 0 182 490 509
5 139 176 483 564 590
13 35 68 84 99 124 338 349 446 507 509 512 571 598
7 17 98 204 328 388 389 413
6 23 279 456 487 500 559
5 21 225 397 430 432
11 5 140 180 192 198 247 274 390 447 495 556
3 98 147 372
7 53 237 275 285 388 421 446
9 267 298 335 362 389 412 499 502 523
4 86 145 350 381
10 94 159 196 235 251 349 363 382 403 584
8 127 133 148 343 460 497 523 547
8 134 141 387 463 488 528 554 560
13 130 139 171 244 249 280 353 379 414 426 524 535 587
9 20 26 42 98 145 230 293 428 440
6 110 330 340 366 413 496
8 214 236 271 307 320 325 386 492
8 88 153 207 284 308 404 458 551
10 31 87 100 120 156 175 276 330 443 585
7 41 44 158 191 224 260 499
9 39 198 211 243 384 411 439 448 459
5 87 122 206 318 500
5 194 241 247 350 378
7 1 55 222 353 439 530 585
3 120 232 413
10 121 155 159 208 365 388 397 414 498 560
6 3 95 254 347 529 555
4 7 48 192 312
6 26 173 269 321 483 550
6 207 222 356 407 485 583
10 109 122 187 199 293 303 366 432 500 507
6 15 52 114 420 535 591
8 107 121 152 273 333 403 416 483
7 42 209 223 255 339 370 413
14 10 22 78 173 180 227 229 247 353 395 399 507 515 585
7 41 179 227 331 404 465 485
8 63 64 82 89 118 123 337 444
5 16 227 251 391 500
4 14 76 115 253
11 8 33 97 120 209 268 317 335 373 458 496
6 68 292 419 440 473 558
3 266 353 548
7 24 215 317 330 545 563 568
14 104 141 172 221 233 280 288 324 370 385 405 452 539 578
6 21 39 47 126 417 442
3 58 398 477
7 74 134 299 301 372 395 558
6 42 47 127 199 330 431
3 220 300 385
10 128 199 213 226 262 318 327 409 530 570
17 91 119 134 160 164 169 207 210 223 272 328 347 438 499 509 511 575
6 56 91 92 159 177 371
5 22 304 365 523 530
10 32 39 169 297 437 480 485 544 553 556
5 60 261 432 484 575
5 159 400 413 473 594
4 60 231 452 465
10 46 73 244 349 356 466 527 545 550 569
5 61 208 306 508 562
6 50 101 215 244 274 500
9 28 82 89 159 162 216 251 258 355
6 216 230 301 363 391 499
6 122 228 296 426 439 598
5 152 354 470 502 537
7 137 143 208 420 446 459 489
11 9 26 198 207 275 308 316 368 397 483 525
6 17 55 127 337 346 539
6 109 187 238 284 476 545
5 160 285 435 456 535
3 81 334 338
10 105 144 223 224 251 442 447 464 502 541
10 26 85 114 143 194 260 322 357 469 495
4 34 236 342 492
8 59 61 78 108 331 478 479 576
10 37 89 318 331 499 525 530 566 578 580
5 27 246 316 407 582
4 36 225 235 357
7 8 52 75 98 233 472 558
10 92 139 176 202 267 293 298 482 514 518
10 194 200 234 279 289 435 468 473 555 593
5 19 230 361 501 575
4 290 292 317 403
6 11 128 193 250 301 578
12 24 67 114 136 201 243 298 382 396 512 537 549
4 33 191 414 546
13 25 59 65 131 180 188 283 301 328 351 406 505 531
7 6 86 277 337 399 400 477
6 94 119 243 439 447 482
5 21 222 273 364 527
7 114 129 174 270 310 446 485
6 6 139 156 158 457 579
9 58 80 188 373 391 418 421 567 569
7 52 192 217 246 328 461 514
10 50 187 250 339 369 391 424 458 466 594
7 266 281 361 449 465 568 569
4 6 111 361 531
5 278 332 365 532 585
7 11 22 31 42 130 513 569
9 24 126 138 159 174 231 306 438 441
10 49 134 167 173 252 273 372 373 391 419
9 48 95 142 148 296 357 436 501 507
7 159 214 232 265 373 441 470
8 12 129 213 238 358 460 520 523
13 51 68 83 84 90 213 224 285 367 431 473 557 579
7 158 211 212 226 291 310 575
8 29 55 68 125 210 291 299 513
11 53 151 168 232 265 351 366 422 552 567 590
10 17 169 170 220 253 296 331 386 426 580
7 64 67 201 240 341 524 599
5 45 431 436 446 457
5 45 59 276 334 534
9 57 157 216 389 396 505 520 551 589
7 30 152 231 241 398 468 549
10 14 36 65 132 138 197 248 514 591 593
12 142 159 179 309 369 436 536 541 553 570 590 592
12 33 88 128 179 212 227 256 311 458 491 513 582
6 113 185 263 387 452 513
7 158 213 283 299 330 395 595
15 70 79 91 103 143 144 146 224 283 295 300 312 319 390 449
5 171 245 286 459 570
3 143 398 450
5 123 170 189 346 530
11 93 165 207 221 256 273 433 455 495 516 577
8 25 35 133 210 215 279 414 435
6 62 68 152 186 377 444
6 27 100 188 339 483 536
8 79 119 185 300 302 332 538 591
8 125 181 281 439 452 482 593 597
10 25 47 57 116 240 241 350 423 523 567
7 88 176 211 273 374 415 474
7 38 83 277 360 376 407 415
7 217 237 314 402 425 427 492
8 131 221 237 255 257 417 500 557
8 37 295 352 385 427 442 452 509
9 88 100 129 192 196 329 384 432 545
10 13 122 166 168 256 314 341 346 442 521
6 228 314 450 471 517 574
6 184 201 331 347 511 568
9 48 114 131 143 269 287 534 581 584
5 57 75 222 373 527
8 60 122 330 352 443 475 478 504
11 14 23 46 96 107 191 202 282 289 335 571
9 119 146 169 179 348 399 415 481 559
5 87 101 208 362 496
6 46 147 216 430 474 526
7 45 47 135 329 345 480 525
10 71 91 92 96 142 241 333 359 459 543
7 18 224 231 244 346 538 585
9 48 67 96 104 241 352 432 445 472
5 86 169 334 381 596
3 347 399 485
7 47 128 180 363 371 467 500
6 163 338 392 403 455 534
7 158 326 410 481 484 538 599
4 225 268 412 499
8 0 3 299 371 538 546 588 595
8 210 215 369 447 534 544 561 598
10 62 65 87 90 150 203 313 366 393 584
10 5 44 96 117 187 304 362 395 434 496
6 6 55 148 263 398 580
9 137 247 283 355 360 429 444 479 567
2 198 410
5 125 298 389 450 506
5 159 311 345 567 582
12 26 27 72 83 141 197 208 231 238 283 302 496
9 35 86 114 168 377 495 557 566 588
9 20 23 59 116 174 298 319 400 589
7 18 20 127 219 354 468 509
12 7 51 59 195 239 319 338 382 383 409 470 507
7 94 205 281 316 374 394 555
6 112 188 232 425 452 522
6 101 122 152 438 492 564
9 18 47 203 236 278 411 484 498 527
9 9 25 97 250 329 344 435 522 530
7 85 194 226 227 269 273 467
11 69 77 126 176 299 300 315 441 482 502 582
8 116 177 212 312 367 445 451 575
5 56 59 228 413 591
8 18 96 247 364 365 375 467 596
7 6 93 152 427 447 453 486
7 188 250 377 463 466 495 564
8 60 76 85 190 411 509 542 553
6 46 213 214 506 543 551
8 149 190 346 398 452 511 571 583
9 60 61 123 139 187 502 505 515 554
3 351 393 445
11 19 49 227 242 299 310 381 402 445 514 571
7 0 59 171 209 216 500 595
5 30 162 331 402 593
10 15 45 105 117 187 192 271 275 443 580
13 37 69 89 155 214 226 264 284 295 313 335 455 598
8 24 34 157 227 235 284 312 364
11 50 155 170 191 194 305 359 417 441 457 514
4 87 235 273 427
4 4 139 423 573
10 59 161 267 353 393 422 442 458 526 597
5 101 301 441 461 562
5 167 207 396 400 514
4 3 125 390 394
4 35 126 174 335
7 14 79 223 418 454 486 494
12 4 198 213 295 338 402 437 459 463 489 534 599
9 36 47 61 79 93 224 272 399 572
7 86 136 227 285 300 444 580
4 266 299 371 376
5 37 76 240 244 245
6 9 10 33 284 567 571
6 81 174 184 278 520 561
9 4 11 28 85 148 151 190 327 350
7 13 44 130 158 183 323 524
12 12 227 275 277 333 341 390 432 444 528 533 546
6 12 106 125 336 443 455
6 97 137 357 500 541 597
4 44 180 380 543
5 27 318 445 488 516
6 152 393 413 419 470 590
8 125 381 472 482 496 511 526 595
8 6 70 262 328 342 360 419 448
12 77 158 317 359 411 458 470 509 516 564 576 597
6 111 159 194 201 326 462
5 243 254 282 396 437
7 124 127 151 156 226 249 475
12 83 144 182 183 216 246 297 347 348 374 475 535
6 9 74 205 235 470 552
5 47 141 255 319 544
7 33 178 219 258 404 553 566
7 117 148 250 299 308 421 521
5 70 320 355 411 481
7 98 145 175 195 345 413 414
9 95 110 178 261 277 310 340 450 564
9 1 142 202 234 384 420 434 481 536
4 124 338 512 541
5 217 244 319 408 579
6 100 181 326 363 390 522
4 120 445 512 542
5 67 89 282 425 476
10 28 71 96 254 272 337 420 438 455 573
9 175 230 244 256 292 476 484 527 575
6 135 159 246 259 331 388
6 251 331 360 550 559 581
10 24 35 110 119 166 398 471 514 560 563
7 118 131 237 317 384 422 423
6 44 194 215 294 524 528
4 242 249 257 479
9 52 71 122 132 143 150 304 526 574
4 73 172 276 537
5 169 269 336 361 412
7 138 166 412 509 553 572 589
7 180 185 209 321 438 520 563
11 6 18 49 101 211 416 430 474 489 523 555
8 16 255 301 327 420 442 475 595
10 5 7 239 269 326 348 370 426 509 577
8 58 66 189 203 204 355 457 461
10 4 57 117 252 267 394 419 497 526 584
8 22 68 119 170 260 342 464 523
6 50 102 197 287 300 488
7 25 134 161 205 287 395 455
8 7 93 124 139 215 266 400 553
4 212 285 538 576
4 174 467 563 571
6 1 202 223 265 396 488
8 4 28 142 152 360 379 479 581
6 35 160 260 264 313 516
5 64 115 155 208 432
7 17 148 200 208 210 248 433
8 238 278 331 426 472 531 559 574
6 28 287 384 444 465 480
6 239 313 395 408 481 590
7 44 65 233 274 289 504 579
9 71 131 385 420 432 433 479 516 529
8 12 26 122 370 397 429 448 561
3 22 322 476
11 42 91 118 258 295 325 386 404 406 420 503
5 50 119 192 277 484
5 277 395 465 575 583
7 97 129 243 339 350 375 429
13 10 95 152 157 242 378 404 459 460 478 493 528 553
5 125 216 381 427 444
5 42 121 225 486 552
9 0 50 103 111 116 134 347 399 486
10 49 111 117 220 271 391 392 443 486 583
10 15 114 227 307 319 342 420 424 535 547
9 1 146 170 200 202 208 389 499 511
6 35 261 389 489 494 582
5 266 294 304 324 555
4 278 307 362 551
11 19 61 86 143 155 226 267 365 376 383 585
7 37 90 192 220 306 329 369
11 3 56 92 113 134 174 379 408 434 557 565
10 83 154 221 229 268 292 349 513 563 574
10 9 143 195 251 259 311 388 489 584 590
10 18 43 101 164 195 275 306 366 447 532
1 569
7 21 55 240 295 297 310 422
5 119 141 190 261 420
10 56 65 126 144 334 381 385 420 491 550
3 44 152 512
7 47 70 102 194 381 418 420
6 47 104 138 184 239 559
9 341 376 397 420 422 455 465 540 545
4 85 158 277 463
7 0 33 262 270 505 525 560
8 60 106 129 281 290 327 336 471
5 88 117 263 355 356
8 111 124 133 142 164 286 324 337
11 122 134 193 232 337 427 481 483 491 493 544
5 79 238 239 251 431
6 87 141 358 475 501 589
5 60 153 241 301 444
4 19 200 309 406
6 149 208 324 326 362 564
17 35 140 173 339 345 359 378 381 390 403 404 406 408 422 468 475 497
5 58 116 200 335 450
12 27 215 304 350 402 408 420 489 502 530 554 577
5 237 303 350 508 515
7 7 27 202 390 439 522 552
7 3 92 240 279 344 455 460
10 98 122 171 216 360 374 438 442 446 579
11 240 242 288 302 386 414 456 483 563 576 587
4 47 91 123 586
9 34 99 269 379 384 470 495 555 578
7 82 102 103 113 253 358 513
6 156 212 218 415 504 580
12 36 65 113 139 163 243 257 319 372 378 501 532
5 231 373 378 486 523
5 83 267 339 397 444
8 101 177 188 232 282 454 540 550
6 19 209 218 223 456 595
6 162 310 329 456 495 507
9 159 207 280 345 357 426 574 575 596
9 129 132 171 196 236 424 506 537 583
9 102 123 149 486 512 541 549 560 571
6 207 210 284 301 305 590
10 95 153 179 242 244 304 359 426 459 578
7 35 127 249 298 320 389 529
13 49 96 145 233 269 312 319 375 386 417 434 527 585
9 36 78 257 285 294 295 323 343 478
9 110 116 173 198 218 426 473 540 565
9 65 114 179 196 265 288 400 459 491
11 11 22 39 89 129 326 379 465 535 541 548
3 89 203 227
6 229 245 271 338 421 543
10 15 24 32 35 46 69 285 475 495 593
10 94 101 152 165 225 236 242 279 292 501
4 33 288 478 577
4 49 309 435 519
13 19 231 261 299 320 345 365 408 425 456 458 495 519
8 112 177 427 436 437 455 540 583
5 199 218 301 361 550
9 126 148 202 224 304 327 455 542 549
10 41 129 173 228 255 310 385 442 447 505
7 64 120 211 385 425 473 588
4 201 305 361 534
2 328 570
9 121 289 310 409 471 484 500 587 590
4 27 179 363 487
11 42 144 165 203 375 383 408 448 526 537 538
5 30 166 202 289 576
5 38 260 283 287 368
11 67 96 188 221 276 420 492 494 503 515 578
4 84 180 482 578
11 65 81 172 210 277 324 327 332 429 502 558
9 8 245 349 411 463 497 528 565 568
5 186 257 325 374 551
8 149 164 188 212 446 460 572 595
6 21 95 238 253 358 597
13 72 249 330 331 359 416 420 451 527 529 545 556 557
6 63 176 344 346 380 496
4 154 195 482 527
8 182 249 385 445 453 519 549 565
8 182 269 352 370 378 499 550 586
6 25 52 63 162 254 375
8 106 251 262 336 339 376 414 525
10 16 36 187 196 236 284 325 469 477 485
11 44 74 78 109 137 141 174 234 414 427 541
9 45 46 163 262 281 346 382 463 569
11 8 30 75 138 144 162 198 259 482 534 592
8 92 288 309 387 388 389 433 440
3 112 464 512
6 6 121 323 364 369 570
9 9 74 173 310 358 392 399 422 504
5 7 36 97 108 578
9 17 54 76 224 404 414 447 516 533
5 125 181 240 280 468
6 11 53 385 414 538 555
8 14 47 309 392 468 529 568 579
10 32 114 180 231 274 289 429 437 451 455
9 66 106 124 148 252 267 273 325 476
6 38 48 120 362 420 471
4 134 281 524 555
9 117 128 159 170 183 263 391 479 544
12 26 112 130 139 146 168 241 260 296 321 463 541
5 189 209 416 432 452
10 31 117 172 179 284 293 422 470 510 523
5 49 381 468 586 588
6 28 97 249 377 431 489
9 32 66 194 220 293 410 459 518 527
5 271 291 439 536 545
6 110 139 143 209 277 437
3 167 423 558
11 108 110 159 242 276 290 327 356 360 521 589
3 63 101 502
8 48 54 159 246 292 325 391 522
10 54 58 110 192 340 343 405 440 487 563
7 206 214 224 225 398 430 588
9 11 187 201 222 295 301 306 349 591
4 143 293 423 468
8 37 231 323 327 371 378 491 576
5 19 98 245 547 550
4 23 187 505 573
4 32 454 455 478
6 59 90 211 220 316 357
4 244 335 509 555
6 106 279 282 342 424 511
10 7 117 120 161 211 237 358 363 433 502
7 4 122 217 318 351 498 594
9 7 20 52 79 174 183 254 410 481
10 34 101 253 304 325 353 362 465 542 561
11 27 166 197 248 281 346 444 475 477 505 528
6 121 319 351 385 471 527
7 17 18 135 378 443 475 494
8 69 132 158 161 183 230 282 422
6 20 41 194 204 374 545
5 7 94 205 400 432
3 50 319 491
7 219 247 261 265 310 461 485
7 76 122 140 177 331 390 448
6 90 223 234 339 506 574
9 1 29 49 104 172 192 354 439 465
8 42 235 256 262 264 367 465 493
3 103 152 175
5 408 435 446 456 573
10 179 223 321 340 440 448 483 500 586 590
9 16 70 290 343 458 526 579 584 587
5 255 291 322 450 598
6 162 265 333 414 499 560
9 61 151 166 176 243 408 475 506 531
6 11 82 193 264 319 591
5 34 60 120 390 517
2 150 448
5 192 221 440 458 478
10 1 106 137 166 348 404 435 457 479 517
7 104 126 220 291 394 472 563
9 31 48 87 215 332 387 424 554 598
8 38 162 223 290 334 356 366 385
4 121 293 422 552
13 30 100 105 135 188 278 358 393 429 493 498 521 558
3 114 162 475
7 100 104 212 241 274 397 475
7 89 149 155 186 470 508 555
6 96 112 251 348 374 407
8 14 66 121 134 349 410 440 544
5 265 316 379 526 566
4 98 167 305 567
10 17 60 151 349 357 368 398 427 512 551
6 109 280 289 327 338 419
5 397 446 471 478 577
5 183 274 334 561 583
8 200 215 237 269 272 315 562 585
7 42 107 151 203 246 471 494
8 43 98 166 200 203 206 401 484
6 45 158 223 228 462 488
7 110 250 292 295 315 368 440
4 311 356 473 596
6 17 303 345 518 540 574
8 74 245 353 374 398 438 536 573
8 159 163 189 213 285 346 383 438
8 49 95 182 327 367 427 466 516
5 231 360 422 453 565
8 152 183 191 429 442 468 469 490
7 199 212 341 377 426 494 542
6 183 216 268 298 312 431
4 57 247 348 370
7 1 96 184 224 272 284 392
7 138 292 383 389 439 456 566
8 64 102 119 247 266 362 399 542
10 63 75 127 132 143 205 256 395 444 567
5 64 428 479 503 541
5 91 122 427 463 542
7 38 94 264 274 460 503 513
5 220 275 356 416 509
10 102 109 215 223 324 376 399 441 463 541
10 36 39 50 92 140 222 235 286 514 546
2 223 485
7 63 188 222 236 297 451 596
5 20 90 164 202 524
7 226 264 296 325 359 436 473
6 91 258 287 438 572 593
6 37 236 304 321 327 474
7 49 110 171 265 299 543 552
6 43 80 88 217 262 310
