1000
9 9 75 97 154 197 586 604 620 689
15 17 57 61 208 229 242 257 296 436 518 543 700 816 836 923
9 12 264 330 333 584 658 664 712 924
11 55 167 213 243 352 377 385 404 410 759 903
6 133 156 758 787 866 907
4 321 384 523 801
10 125 145 195 397 431 443 448 615 621 741
9 92 191 233 261 294 769 818 890 995
7 174 589 676 709 742 973 990
9 0 380 497 674 679 726 729 743 792
12 50 119 374 504 523 583 692 750 832 844 916 925
7 154 522 590 776 806 987 993
11 2 42 56 358 405 569 623 693 700 900 948
10 60 302 369 389 553 621 672 754 949 997
9 312 427 493 796 806 891 947 955 992
16 56 75 80 251 257 275 280 450 542 557 656 686 719 754 759 957
10 279 516 655 661 716 751 906 945 973 984
8 1 68 184 703 758 851 951 987
8 23 37 264 316 411 451 715 788
18 23 103 213 224 230 252 253 269 356 375 462 555 639 682 742 849 864 941
11 49 206 275 353 371 422 437 554 586 844 895
9 160 252 392 419 546 649 773 949 974
7 207 408 453 484 523 605 996
10 18 19 34 130 228 376 501 807 836 858
13 210 236 240 307 487 572 602 612 713 747 862 872 958
8 57 110 353 446 455 661 745 964
11 31 59 133 155 217 286 502 575 586 705 891
13 69 98 112 211 258 472 544 727 738 761 922 949 957
8 75 148 262 428 559 616 636 941
8 120 348 477 487 641 729 807 827
8 58 68 234 439 464 566 602 621
9 26 90 147 237 281 541 548 571 599
9 230 299 374 514 610 630 868 921 981
8 293 427 438 547 573 593 831 963
3 23 612 884
9 80 161 434 571 603 753 819 984 990
13 42 146 166 210 260 338 552 610 755 810 852 931 956
11 18 58 134 160 202 319 399 452 548 889 897
7 149 273 348 467 514 546 948
11 57 234 235 258 260 369 492 664 763 779 988
9 58 145 365 750 810 847 885 932 971
8 181 307 385 387 636 701 726 792
14 12 36 127 172 179 213 291 342 414 424 521 560 661 857
8 45 75 91 367 414 546 969 980
8 76 90 244 645 659 821 886 980
8 43 48 67 197 223 418 551 641
11 62 152 164 165 424 590 724 799 846 900 974
9 179 256 321 355 611 763 835 846 904
11 45 107 292 318 359 473 500 502 573 816 891
10 20 61 131 235 255 351 368 401 449 513
19 10 64 94 145 154 214 233 238 256 262 374 453 464 490 697 712 739 823 887
5 179 595 758 945 960
4 117 310 711 893
6 108 217 266 290 326 936
10 149 456 479 490 719 831 837 839 907 982
8 3 69 145 345 356 430 562 861
11 12 15 170 176 327 390 431 546 594 795 950
18 1 25 39 152 157 256 263 272 280 342 394 550 651 655 746 770 942 984
12 30 37 40 220 230 251 304 336 427 571 716 874
10 26 196 257 583 647 710 727 761 829 937
4 13 405 432 642
8 1 49 340 506 533 581 761 889
6 46 88 120 140 467 899
5 122 223 550 786 962
8 50 197 466 649 675 718 747 863
10 180 182 198 265 277 380 455 466 518 951
11 83 131 248 256 413 561 697 700 801 927 943
5 45 403 541 792 934
8 17 30 368 477 536 830 896 989
8 27 55 166 170 306 455 893 919
10 345 437 452 776 800 809 828 843 903 920
13 104 130 449 482 576 598 605 649 843 855 914 925 997
6 93 203 252 348 798 913
10 217 228 468 556 560 646 698 706 788 995
10 225 270 319 340 364 472 475 627 756 894
9 0 15 28 43 109 173 600 743 805
8 44 125 180 324 377 405 591 730
14 82 125 133 268 391 566 586 634 640 690 829 849 950 972
12 85 151 154 201 221 374 390 489 827 848 863 912
17 96 121 192 197 221 314 495 554 586 630 655 778 814 846 912 980 985
13 15 35 179 182 196 354 449 490 684 719 823 902 937
8 89 163 341 463 624 668 823 911
7 77 119 331 370 740 824 976
8 66 100 145 267 293 617 942 974
7 251 310 421 462 537 729 978
15 78 167 205 249 355 410 413 432 447 458 504 532 888 969 979
18 112 195 251 272 290 360 400 405 422 454 488 666 718 745 769 895 909 954
11 121 170 318 351 565 583 701 708 744 758 876
6 62 91 690 788 831 941
10 81 144 383 392 521 629 661 731 862 982
9 31 44 206 266 312 358 398 549 640
15 43 88 95 119 448 457 491 513 540 573 615 631 644 763 836
11 7 191 233 239 503 516 558 578 585 781 821
12 72 107 241 307 384 523 579 625 786 851 919 976
14 50 247 248 289 458 500 532 592 603 803 829 853 919 970
11 91 145 270 410 500 515 648 833 861 967 992
11 79 212 232 246 266 309 357 470 750 755 980
13 0 117 118 281 284 382 543 632 694 718 727 836 981
10 27 210 428 514 587 618 633 671 930 956
13 190 361 405 411 459 503 607 622 705 846 882 911 916
15 83 455 509 518 667 712 733 754 765 772 774 892 919 924 948
7 120 164 382 799 820 910 983
10 140 163 551 600 670 797 817 826 831 921
7 19 144 313 387 491 647 859
6 71 125 182 341 559 608
9 150 179 401 526 548 552 619 689 989
9 309 501 513 522 540 657 872 916 992
8 48 93 140 353 471 544 772 976
10 53 146 177 192 199 274 530 784 806 926
15 75 187 237 279 286 315 410 503 515 709 761 821 858 864 951
5 25 290 540 809 972
5 211 536 658 737 815
12 27 86 138 139 262 362 370 419 562 773 877 969
13 175 231 326 335 386 399 427 428 559 673 675 831 953
11 177 178 322 366 452 556 762 766 833 854 876
5 190 367 673 877 905
9 277 297 361 392 465 640 666 743 841
8 52 97 584 726 749 809 909 936
12 97 135 234 256 360 372 572 674 676 746 814 873
14 10 82 91 240 241 593 648 732 769 786 788 862 874 904
11 29 62 101 129 153 278 393 416 503 582 604
9 79 87 187 214 252 270 425 491 839
8 63 260 358 382 427 540 895 995
11 221 262 349 382 402 579 584 663 747 923 983
9 229 410 494 547 567 767 809 927 988
11 6 76 77 104 337 477 491 555 593 648 904
14 232 361 399 548 553 579 597 698 758 772 800 815 882 989
12 42 161 226 253 281 302 424 483 725 815 883 988
3 271 723 935
6 120 329 737 738 871 891
11 23 71 266 405 496 534 617 679 691 729 910
11 49 66 184 285 340 390 627 647 708 724 791
8 181 191 430 432 519 637 789 867
13 4 26 77 270 286 303 540 614 690 742 830 846 920
10 37 156 172 207 312 500 766 773 826 904
5 118 198 284 616 793
9 145 410 461 617 619 805 905 908 996
15 154 212 434 498 517 534 580 638 654 683 720 728 816 839 878
11 112 152 198 381 435 445 454 472 759 772 904
9 112 273 405 420 431 510 545 582 716
13 62 102 107 248 480 494 498 540 665 689 730 752 866
5 354 864 913 932 987
9 208 278 345 573 641 682 723 854 939
8 165 312 322 425 552 756 969 982
12 89 103 215 219 256 295 612 791 801 822 940 983
17 6 40 50 55 83 95 136 271 377 381 428 501 691 692 699 825 936
11 36 108 149 320 345 430 601 728 730 792 946
7 31 342 477 635 698 830 990
8 28 241 452 467 558 644 656 930
13 38 54 146 203 306 324 702 792 822 851 923 974 975
9 105 235 296 445 455 540 635 913 916
7 78 276 393 412 418 524 700
16 46 57 138 154 208 283 349 375 513 557 658 771 785 814 899 995
13 120 245 274 303 365 460 575 778 882 885 921 966 986
17 0 11 50 78 137 152 457 460 466 507 705 718 766 808 820 838 867
8 26 428 440 534 575 826 925 990
12 4 134 163 383 627 681 695 720 741 748 774 874
8 57 182 205 299 358 450 930 979
13 239 311 356 366 434 449 474 560 775 777 805 818 946
6 371 436 627 734 865 935
9 21 37 382 458 481 535 701 912 965
11 35 127 228 245 339 490 561 579 728 819 934
6 172 388 427 571 660 867
11 81 102 156 209 595 638 736 741 843 936 973
9 46 101 294 322 407 674 690 694 846
11 46 143 180 400 446 561 677 710 758 795 954
7 36 69 228 260 277 957 966
11 3 85 276 317 362 447 598 605 807 849 993
8 296 446 527 535 591 643 829 921
7 172 256 262 333 476 739 890
14 56 69 87 231 266 283 305 421 480 503 650 663 888 988
6 175 348 667 683 796 806
7 42 134 162 169 441 740 991
14 75 202 204 377 471 503 506 704 731 778 837 882 966 984
7 8 260 566 701 735 966 997
6 113 171 548 570 762 945
6 56 225 305 560 571 637
10 108 114 228 522 534 816 871 874 892 897
6 114 188 234 320 580 833
13 42 47 51 80 105 198 287 304 469 667 881 952 993
6 65 76 165 313 488 651
7 41 132 486 548 604 830 860
16 65 80 104 157 419 452 472 528 543 553 647 693 738 782 787 791
8 324 426 434 616 694 796 828 937
7 17 131 594 604 670 823 897
9 189 195 272 286 363 401 457 583 740
5 316 387 436 652 684
10 109 121 203 241 374 558 633 780 881 924
10 178 251 316 325 476 479 509 596 644 780
8 185 396 480 525 719 735 899 936
13 99 115 220 325 383 404 418 498 519 547 716 850 870
14 7 92 132 204 323 335 430 436 536 544 696 736 752 783
12 79 108 201 280 356 476 496 595 637 755 756 840
14 280 444 499 500 502 506 639 753 801 831 869 884 950 952
9 286 289 339 447 527 563 611 806 909
14 6 86 185 249 624 636 651 695 710 769 794 857 886 995
12 59 80 202 225 288 334 511 607 700 772 808 839
18 0 45 64 79 199 214 266 375 414 502 721 733 793 801 808 846 888 895
15 65 135 138 179 281 315 356 359 503 670 672 719 746 891 965
5 108 197 326 661 682
6 207 388 389 643 738 781
10 78 192 238 300 301 319 712 876 953 990
12 37 173 196 255 472 491 505 550 581 612 616 652
8 72 149 187 506 530 607 709 767
10 173 191 207 316 391 454 608 850 918 996
7 85 157 231 244 636 662 783
15 20 90 269 277 327 407 457 490 510 518 680 692 764 933 958
11 22 134 200 204 247 258 648 709 727 810 874
14 1 142 152 217 265 482 603 606 720 869 882 913 974 995
5 163 333 396 511 584
7 24 36 98 444 667 761 829
9 27 111 229 290 371 544 578 785 823
10 96 137 263 285 317 349 399 626 775 964
13 3 19 42 214 397 530 552 691 702 842 847 930 968
14 50 121 197 213 256 272 342 347 415 682 724 771 878 928
6 144 316 533 685 717 877
8 388 547 657 698 714 804 833 946
10 26 53 73 208 233 370 618 665 676 958
8 275 302 532 632 669 828 840 862
9 144 293 300 341 370 486 511 630 751
14 58 190 278 283 321 329 353 386 558 647 746 873 914 955
11 78 79 123 265 295 384 586 625 761 829 920
10 256 325 365 386 543 557 698 746 906 954
15 45 63 333 448 455 517 520 559 565 766 816 817 832 961 996
12 19 248 308 396 461 526 591 637 682 702 859 862
11 74 176 196 280 356 465 511 750 879 880 896
6 127 818 881 947 968 979
8 244 309 344 549 629 816 934 983
11 23 73 161 166 177 422 750 847 850 901 913
9 1 124 211 286 361 446 843 981 997
10 19 32 58 257 418 540 672 796 903 968
13 113 170 205 299 329 447 554 643 774 810 859 874 887
11 96 126 275 308 581 604 633 737 744 777 895
14 7 50 92 217 271 282 348 646 675 685 820 911 914 970
11 30 39 118 178 303 452 467 468 565 576 688
11 39 49 150 247 401 555 640 645 730 733 932
4 24 630 960 980
9 31 109 277 279 654 757 878 902 952
12 50 201 239 265 269 389 516 586 703 772 911 984
8 92 158 238 448 611 615 755 885
9 24 119 306 404 414 632 693 833 941
9 93 119 148 187 414 427 457 525 639
6 1 493 582 639 670 782
10 3 328 403 482 486 568 665 740 778 933
6 44 205 227 633 739 817
10 153 161 247 282 420 438 587 607 661 835
10 96 461 495 524 579 720 812 896 920 950
15 94 207 235 245 280 357 375 439 455 500 721 769 777 781 955
15 66 94 140 224 267 420 429 542 688 700 720 834 861 887 953
15 85 195 445 453 505 566 578 625 664 683 717 774 856 963 990
4 267 430 715 788
13 15 58 84 86 188 314 359 471 622 669 721 801 858
10 19 21 72 121 430 499 567 605 659 798
10 19 127 441 472 496 601 718 857 874 896
11 327 350 370 375 440 677 809 879 894 949 999
9 49 202 296 330 581 714 772 954 984
21 47 50 57 66 118 144 169 214 222 318 329 349 498 504 544 574 639 644 745 789 874
8 1 15 59 230 473 495 534 767
8 27 39 207 299 341 542 598 801
9 408 434 618 640 641 665 781 936 938
7 36 39 122 166 174 675 803
6 7 450 520 711 748 768
15 28 50 112 123 169 297 316 381 590 668 772 788 870 937 989
8 57 212 330 826 959 963 965 974
5 2 18 592 833 857
9 65 208 221 238 311 362 377 796 874
10 53 90 96 130 170 197 284 354 581 871
9 83 248 250 492 615 706 721 893 928
7 77 317 349 543 583 888 940
13 19 206 238 279 298 323 349 425 494 552 727 816 861
8 74 95 121 133 449 715 781 906
9 128 145 233 372 376 394 512 702 895
12 57 86 185 214 452 460 500 649 770 826 934 988
7 38 139 312 447 608 712 849
12 108 153 400 469 555 673 677 689 786 812 831 883
10 15 20 218 232 446 507 577 615 714 827
11 151 167 385 450 653 664 667 827 859 953 964
10 65 116 166 206 237 326 464 470 555 904
9 120 142 220 328 358 359 533 603 855
10 16 109 237 269 304 373 467 570 735 890
16 15 57 192 193 225 247 331 351 620 625 677 705 723 915 963 994
11 31 97 127 198 388 531 628 776 845 932 961
4 233 245 845 904
7 152 170 220 514 557 639 875
15 97 135 266 346 359 369 442 463 467 486 603 748 809 815 837
9 131 212 366 443 509 563 627 816 840
16 26 109 133 185 194 229 337 377 382 438 484 630 779 784 869 969
6 179 619 796 815 844 981
6 196 472 632 666 699 883
7 94 194 326 500 757 760 931
14 53 86 110 211 315 319 337 400 559 607 719 829 868 920
7 42 657 707 787 887 921 990
7 48 295 560 564 725 818 959
11 33 83 219 338 440 445 460 499 530 629 987
9 7 164 401 426 612 623 651 825 898
11 144 221 292 366 431 738 816 874 895 944 998
14 1 150 168 255 401 413 445 671 721 738 752 906 949 985
7 116 262 338 387 706 773 933
6 269 415 764 769 783 850
21 32 157 231 258 353 373 405 409 421 492 493 522 524 544 665 722 730 781 937 949 992
10 201 219 321 339 617 795 798 869 898 980
5 201 457 511 658 753
11 13 127 218 368 495 506 613 721 749 782 929
6 133 153 234 466 837 856
14 58 179 279 396 435 485 627 657 803 856 858 882 910 962
8 170 176 395 400 473 576 685 988
10 69 149 240 376 722 771 779 904 926 962
12 24 41 93 392 451 612 652 667 845 880 937 951
14 224 232 404 465 479 487 498 515 530 573 605 796 810 975
11 96 106 227 535 630 649 653 695 733 795 987
11 52 84 448 517 526 538 572 717 720 845 885
8 158 265 464 679 713 725 739 895
12 14 90 134 143 273 446 498 500 591 745 802 917
11 103 180 513 606 626 631 722 764 808 825 878
10 79 251 399 563 628 706 719 739 758 929
9 109 198 290 370 383 416 541 823 923
15 18 186 188 204 215 262 577 656 730 734 768 797 943 956 961
8 167 212 268 417 446 573 917 959
15 48 87 256 423 592 599 788 794 816 864 872 876 881 908 910
10 37 74 201 290 357 729 735 771 908 997
5 146 178 415 770 832
12 5 47 220 300 349 387 528 640 755 782 835 894
11 114 143 164 434 451 625 690 708 733 840 870
7 191 269 449 471 622 791 813
6 76 149 183 352 376 550
9 188 190 222 381 392 562 906 928 987
16 53 113 199 277 289 380 391 574 652 701 733 773 805 842 878 951
11 56 206 254 392 444 447 614 824 886 925 949
11 243 278 420 479 511 521 668 676 725 894 972
11 129 220 231 256 431 551 589 718 834 856 951
10 2 255 263 339 554 585 720 836 848 902
9 82 280 340 551 585 596 661 858 921
7 476 523 826 871 929 952 960
7 2 169 209 223 640 809 849
7 196 371 440 459 519 717 837
4 113 191 375 983
6 58 592 595 754 855 877
6 125 286 290 354 855 901
9 36 293 297 351 475 479 580 774 803
12 161 194 300 330 487 523 549 626 803 845 892 908
18 61 74 131 331 362 410 414 514 532 561 574 584 610 643 685 691 731 818
12 81 104 219 258 391 489 524 538 566 629 835 964
11 42 57 147 214 445 473 635 639 851 938 998
7 344 406 424 466 583 737 745
11 227 343 408 427 439 444 548 568 572 713 953
13 55 70 142 146 432 495 516 577 710 892 893 957 987
7 284 372 638 747 796 887 952
4 214 461 507 719
8 29 38 72 171 233 476 938 981
18 123 152 212 256 268 269 321 370 374 384 461 466 530 599 603 898 908 925
9 254 355 537 772 806 807 850 914 954
11 49 87 280 338 383 423 460 466 490 822 867
7 3 324 408 711 893 914 978
11 20 25 107 220 299 596 685 691 695 763 779
11 80 141 266 337 388 552 558 859 913 926 960
10 47 85 350 429 462 553 591 738 850 909
15 19 55 158 192 198 225 374 386 478 666 803 812 897 899 907
13 96 247 319 472 598 608 629 697 800 804 840 849 996
9 12 90 122 157 278 366 769 778 955
7 48 198 251 278 284 525 727
8 86 118 440 469 540 686 753 964
10 99 116 126 229 481 543 758 801 838 881
13 112 167 265 340 366 415 466 525 559 580 852 868 893
5 185 490 573 696 961
5 74 464 497 662 916
12 40 153 222 390 405 438 629 642 647 834 925 950
14 114 158 285 295 358 362 454 456 484 761 887 888 907 925
12 43 115 476 512 516 546 673 705 798 825 834 842
7 49 68 302 369 519 630 836
7 13 39 284 368 502 729 873
14 82 112 217 219 254 315 349 386 517 652 666 750 812 973
9 20 159 211 334 518 631 787 877 882
9 118 271 346 442 624 696 855 911 993
8 279 299 560 584 608 633 662 943
16 10 32 50 78 187 349 356 486 525 717 731 740 816 828 866 916
11 19 152 197 247 254 335 451 601 636 743 790
13 23 271 306 324 473 502 593 600 699 763 826 958 977
12 3 76 145 173 265 286 425 751 767 903 989 992
5 401 491 687 722 787
6 600 681 805 886 918 994
8 9 65 326 423 444 476 658 659
4 138 145 262 325
8 97 101 122 123 160 286 413 832
11 89 156 190 315 351 487 517 531 532 540 562
8 5 93 221 349 802 819 853 984
10 3 41 276 456 562 711 717 844 903 972
14 113 220 222 356 370 425 455 522 543 567 672 834 861 902
12 41 103 186 297 321 421 430 544 572 589 609 850
10 162 200 216 281 354 398 400 456 502 766
12 13 200 238 393 452 592 658 661 671 700 924 951
8 56 78 131 365 448 454 634 948
10 77 204 326 341 496 621 666 682 810 839
12 21 89 116 307 325 327 487 771 785 829 838 840
4 120 151 389 909
3 57 271 678
8 305 453 561 583 601 661 897 973
15 189 209 224 304 419 448 501 728 776 813 825 842 957 970 993
4 6 213 721 959
6 90 388 408 554 645 900
8 37 113 126 212 314 429 569 876
12 86 165 274 290 305 388 420 433 447 469 605 879
9 49 105 185 235 294 296 378 658 973
5 123 428 436 630 759
3 67 243 404
9 3 190 240 308 403 616 678 686 700
14 12 60 76 86 99 130 139 299 365 537 640 757 840 873
7 343 420 635 676 680 803 991
6 164 206 431 434 581 599
12 22 259 344 352 398 438 498 520 615 627 770 937
5 299 448 483 594 922
12 3 85 95 109 124 136 340 450 531 575 585 694
6 18 99 454 845 888 907
6 151 475 711 910 933 954
14 66 85 296 382 440 491 638 659 703 735 752 838 935 973
11 42 43 197 240 241 340 439 576 781 800 944
6 214 298 320 362 422 869
9 120 315 582 702 713 743 770 924 992
6 317 585 780 836 894 895
9 45 151 190 230 529 697 702 919 945
9 21 112 182 396 529 578 768 783 877
11 139 245 248 328 400 406 615 625 673 754 929
11 84 170 299 387 432 565 625 685 687 695 771
7 20 86 228 415 502 588 939
9 318 351 380 431 462 510 707 878 983
12 42 46 127 343 472 522 579 598 628 782 931 933
10 121 143 269 377 386 429 569 593 677 763
11 183 294 495 543 627 672 835 854 953 968 991
13 14 33 58 113 122 162 241 344 469 594 921 947 956
18 28 98 113 145 155 402 485 499 539 553 600 637 662 689 792 930 933 978
11 248 355 399 425 453 617 621 661 746 747 962
9 55 132 146 191 250 252 387 432 729
12 6 56 139 295 329 407 423 462 650 786 805 822
11 60 85 132 345 421 430 468 538 834 840 867
7 400 489 539 846 875 876 943
14 35 137 158 183 259 322 407 494 549 575 690 830 904 905
9 138 304 468 512 715 847 886 889 993
10 1 159 186 191 402 535 706 717 776 787
4 20 70 772 839
10 33 245 286 365 408 489 503 599 712 930
7 30 247 344 414 539 604 705
9 155 254 293 334 360 413 624 789 818
6 172 253 463 526 552 849
11 284 372 522 544 554 568 585 668 713 795 825
12 6 285 492 547 575 581 646 675 730 923 954 974
10 193 210 327 344 380 461 483 569 618 748
12 138 150 249 293 296 342 600 618 624 660 769 983
15 25 165 168 229 275 312 317 513 543 585 602 750 762 817 907
16 85 167 194 231 273 327 400 452 474 480 587 789 798 802 971 979
11 6 91 223 239 310 390 396 409 505 869 975
11 49 71 80 158 270 323 694 747 860 928 969
11 15 157 261 276 410 479 516 742 826 978 993
7 18 307 322 375 857 912 991
14 37 70 114 148 182 234 272 389 447 485 673 866 888 997
11 22 50 249 395 429 524 532 579 628 692 746
9 86 138 204 366 390 411 720 728 996
17 25 65 69 100 150 223 247 386 556 581 644 670 834 912 944 966 986
10 54 366 385 388 538 583 596 605 785 841
12 91 154 185 206 241 301 502 603 621 672 695 702
9 85 94 160 470 567 585 696 857 939
8 99 334 532 534 583 614 811 865
13 153 154 272 293 351 524 572 641 661 814 822 872 923
11 136 224 246 347 349 444 599 739 740 936 973
10 19 84 355 423 431 583 595 773 783 876
8 81 284 441 765 843 909 939 965
7 30 50 277 311 364 761 833
4 116 225 308 890
13 64 65 154 303 343 349 351 362 646 685 694 795 881
12 38 62 148 234 279 284 553 729 732 819 916 922
8 73 234 432 435 545 632 647 951
7 179 274 360 400 427 591 971
7 96 277 458 555 580 672 819
6 107 173 251 323 920 973
16 27 74 138 182 202 253 288 357 424 532 572 613 893 902 970 983
9 48 257 305 342 376 483 554 561 944
8 158 447 497 627 630 671 692 911
10 74 338 412 549 725 800 844 882 922 963
13 169 188 192 332 348 367 380 489 740 833 920 952 975
9 29 68 125 147 478 523 666 753 875
10 356 477 540 624 641 689 905 919 926 993
11 54 188 308 328 338 450 658 661 768 788 959
8 140 170 189 447 565 618 624 858
4 160 361 869 954
8 71 208 243 487 575 600 630 883
11 127 409 444 473 528 651 727 840 858 939 976
6 22 286 366 495 829 930
7 304 428 452 687 768 863 912
9 181 219 243 284 374 603 897 917 969
9 24 29 308 339 383 392 482 505 785
7 86 180 747 758 844 858 949
12 78 341 433 438 476 517 550 715 819 901 915 975
15 50 54 80 161 206 351 363 526 595 736 784 793 800 802 870
12 91 103 121 125 202 378 413 516 589 717 901 950
8 39 267 299 443 593 771 829 836
5 14 242 299 536 710
7 124 140 269 434 559 664 954
12 79 246 257 302 345 426 484 552 718 749 921 956
8 130 192 253 391 533 747 765 873
9 9 364 474 510 569 673 696 819 826
11 137 140 190 256 308 312 408 568 645 779 900
13 193 252 293 428 508 527 578 588 795 799 819 874 905
15 48 94 95 134 193 247 272 289 312 576 662 666 780 781 858
10 23 106 145 396 561 645 659 680 925 976
12 26 48 193 197 369 376 388 422 457 539 724 921
15 92 99 109 120 170 173 198 438 619 644 662 751 804 867 906
9 10 85 256 524 620 708 731 883 941
7 202 249 448 487 686 764 840
11 61 173 193 203 302 573 766 802 804 873 896
9 154 275 347 665 697 765 796 905 981
6 499 517 664 798 802 839
8 100 188 285 526 665 773 787 907
9 139 206 423 497 659 797 817 841 930
9 196 209 219 225 301 328 603 735 758
9 271 367 435 518 582 674 856 861 966
11 49 91 106 152 313 446 586 724 793 797 853
10 32 38 98 283 340 573 674 690 701 855
6 95 109 308 618 672 920
11 16 92 238 345 367 450 491 805 824 849 859
14 137 223 310 370 383 489 508 635 691 795 804 813 823 861
7 1 65 100 206 371 512 976
8 132 190 334 368 661 909 943 992
8 223 261 408 556 645 766 947 968
8 42 89 328 631 638 729 790 994
11 11 106 177 299 386 424 442 580 602 932 985
13 5 10 22 93 332 339 477 535 594 692 751 754 871
11 151 246 299 341 453 460 504 665 764 790 922
12 189 241 359 362 374 614 681 696 712 761 762 781
11 105 224 310 441 490 509 556 577 679 880 993
6 168 194 499 634 679 789
7 182 321 483 606 684 714 865
5 418 419 706 818 918
13 108 203 213 293 308 349 550 570 647 811 937 947 966
6 281 383 410 543 606 839
13 85 94 218 340 383 453 459 472 668 712 743 852 981
8 61 215 278 496 572 672 682 901
15 130 137 155 177 257 459 585 606 630 639 663 844 864 927 991
11 160 168 309 436 523 563 718 784 855 856 995
9 68 111 191 493 569 760 893 952 961
7 84 350 405 584 946 965 992
8 310 341 432 456 636 747 889 958
6 428 433 439 502 679 694
12 91 106 110 122 133 140 150 230 360 383 478 964
8 31 67 315 653 745 754 838 848
6 15 248 258 679 750 964
16 1 97 182 222 268 361 386 426 446 531 713 802 890 899 947 989
12 27 107 191 211 256 299 387 442 675 839 846 962
6 139 468 641 670 703 750
15 21 38 43 56 367 572 617 625 631 696 697 736 760 768 956
9 33 124 190 216 443 725 770 778 795
15 31 37 105 126 175 181 344 607 615 707 763 764 879 883 902
9 90 227 339 434 475 553 717 827 936
7 57 63 202 324 489 530 821
9 45 102 329 331 576 644 687 715 734
13 36 105 143 213 269 354 441 495 572 597 699 844 866
13 13 126 182 355 428 467 549 725 791 799 851 863 976
14 20 79 231 330 398 442 473 610 631 634 673 680 704 842
9 19 125 235 274 277 470 574 582 794
8 73 114 455 520 526 567 679 835
10 15 152 222 283 558 710 831 856 950 959
9 92 148 187 220 354 557 627 704 849
14 28 104 113 223 290 362 494 584 585 601 739 741 881 902
8 42 73 158 176 292 373 797 977
13 66 161 165 340 395 473 501 562 606 623 714 838 990
12 55 112 325 383 385 561 615 670 701 804 809 813
8 194 285 314 535 644 951 957 975
6 292 633 741 803 849 907
9 87 223 234 421 480 725 812 932 984
9 30 77 174 249 341 642 801 923 958
7 124 252 386 458 556 756 882
10 243 344 442 498 601 631 722 761 784 860
9 12 399 425 444 497 536 603 819 937
5 175 279 530 582 837
6 31 35 58 162 176 779
13 24 118 310 344 387 460 472 533 546 552 591 729 849
16 33 48 91 142 308 317 363 506 514 639 783 815 902 924 925 962
6 256 326 340 555 649 773
12 26 153 155 410 434 443 482 644 798 833 867 881
12 71 234 305 414 500 551 609 635 652 793 796 940
8 275 316 345 526 584 690 701 813
10 92 211 249 419 499 650 698 760 839 987
12 93 123 126 161 246 424 453 613 906 908 980 981
9 137 178 338 362 470 522 642 838 977
10 61 202 232 255 266 407 443 455 605 764
10 120 139 242 416 512 555 570 648 838 870
15 10 59 87 185 268 343 395 456 459 462 632 648 679 688 758
14 2 117 123 209 340 373 537 559 577 753 780 848 951 989
16 92 330 331 410 417 442 446 458 534 559 662 690 737 750 754 828
10 0 20 26 77 79 221 238 513 694 768
8 98 245 447 646 695 750 754 859
8 422 499 619 650 700 797 825 968
6 8 329 387 491 604 768
7 11 46 262 593 602 715 994
11 76 168 224 312 355 469 572 658 764 817 994
9 94 264 318 336 389 617 652 851 929
8 33 119 125 376 425 492 590 938
9 56 184 409 427 523 626 744 806 875
10 51 163 192 336 462 490 692 816 820 952
7 188 331 353 456 858 973 997
8 126 552 635 679 741 757 856 988
10 71 167 258 357 424 611 662 723 975 988
11 31 318 349 407 438 461 734 754 855 863 866
12 75 102 376 379 428 445 482 649 681 765 810 855
9 146 253 375 395 559 568 664 765 964
7 24 30 446 522 590 771 778
13 35 94 208 278 284 349 457 486 511 569 613 787 917
10 0 120 181 184 232 439 589 761 839 891
11 22 71 167 252 308 400 456 581 640 808 889
7 208 313 528 531 534 561 793
9 99 196 203 245 290 548 700 777 787
7 104 204 273 357 373 735 810
7 387 576 741 804 819 860 939
11 32 36 340 554 627 640 688 704 718 785 860
10 47 194 239 598 653 670 683 846 862 902
13 24 34 144 202 294 307 633 668 710 718 740 797 835
6 302 472 579 603 662 713
10 133 327 459 525 680 832 887 978 990 998
11 6 91 239 267 275 408 420 548 562 784 853
8 28 135 183 202 404 767 795 895
9 83 130 136 300 429 546 592 716 873
8 98 217 259 444 445 480 515 917
9 105 136 287 503 588 684 868 870 992
8 0 280 504 691 706 769 842 913
10 6 13 30 391 429 457 733 761 768 882
6 99 251 323 698 955 997
10 12 294 561 643 652 691 755 795 864 967
8 81 195 372 440 445 478 480 629
10 93 221 249 280 322 420 421 546 819 911
11 212 313 339 594 687 787 868 874 940 945 973
11 74 131 156 159 285 304 408 426 474 558 610
9 281 314 424 453 761 801 895 899 982
8 89 227 293 341 357 365 624 986
16 32 79 219 236 286 309 368 402 474 482 534 704 716 717 887 938
8 91 313 371 521 546 554 568 938
14 97 218 240 288 468 583 656 677 722 815 816 845 909 929
13 98 187 232 244 373 564 612 659 675 701 757 987 990
9 77 390 527 554 674 760 828 876 986
11 147 150 342 406 517 576 597 707 796 834 837
9 28 41 195 205 375 538 735 894 970
10 132 176 192 224 428 689 715 740 778 881
7 137 163 346 413 521 882 983
13 19 193 241 242 256 283 342 534 573 643 646 802 978
14 77 90 116 235 259 321 333 405 605 610 743 919 970 990
13 29 45 142 259 460 478 545 774 806 827 857 910 979
6 60 365 566 580 649 936
10 168 200 231 340 623 639 790 874 903 944
14 91 148 188 256 455 503 551 563 575 798 836 864 877 993
11 44 235 398 498 501 520 659 687 794 795 818
9 73 233 443 466 587 639 692 711 986
12 59 103 131 182 220 365 468 530 745 788 824 876
6 95 119 125 207 582 583
10 21 64 71 272 309 574 600 642 772 810
5 170 431 578 588 729
9 57 180 195 294 483 714 794 931 950
11 186 202 307 326 370 576 592 623 671 725 938
10 276 309 541 611 785 788 826 861 879 896
6 137 237 741 767 841 988
5 16 57 79 756 990
7 15 148 316 632 764 785 883
5 106 216 291 304 681
9 2 111 152 301 380 389 401 479 591
12 44 252 380 413 501 510 633 645 670 722 796 813
4 162 445 917 978
18 16 25 42 89 199 245 331 389 395 429 460 479 519 688 697 805 865 888
10 205 364 373 428 500 503 585 598 613 868
9 123 170 534 715 733 767 875 885 970
8 2 39 249 276 494 508 601 715
12 140 217 243 259 299 507 509 524 737 909 936 981
9 86 116 288 356 370 391 477 500 678
6 100 171 179 210 276 307
10 81 262 328 442 532 612 822 876 930 990
10 218 251 674 700 737 796 873 875 984 998
13 102 184 198 242 455 545 562 611 659 673 786 866 894
9 98 296 389 474 652 681 799 815 830
13 13 198 230 386 426 457 470 515 533 694 861 891 971
13 113 115 274 367 420 452 497 554 670 696 772 779 801
11 9 118 164 512 514 634 669 701 793 902 947
11 64 113 233 260 443 544 633 742 929 974 997
9 8 118 217 328 406 692 712 748 802
13 165 254 274 280 425 632 684 739 773 797 823 955 981
6 394 404 666 767 832 941
15 9 130 311 526 527 539 542 556 583 597 723 819 844 936 947
9 206 406 501 554 614 767 858 862 922
9 156 379 525 600 657 671 783 843 884
8 19 142 199 214 224 391 533 922
6 137 171 249 611 961 971
10 80 186 528 619 677 731 735 903 958 989
11 215 233 305 340 353 421 466 863 865 904 979
7 15 360 404 505 714 855 960
12 378 421 485 551 626 645 691 702 735 857 935 972
8 234 248 583 610 661 751 950 992
14 0 105 140 274 428 478 637 715 736 761 790 807 828 851
10 77 88 133 164 322 434 514 577 585 953
14 130 145 213 340 353 517 620 623 687 693 746 761 940 963
11 10 145 206 453 474 523 595 646 676 736 991
7 12 182 240 691 805 833 987
11 97 164 183 410 449 466 539 586 672 786 815
14 156 195 309 353 421 457 587 714 739 742 799 848 898 981
10 191 363 372 458 497 525 546 673 732 961
10 50 66 357 418 507 546 661 834 934 988
8 73 126 147 216 222 578 622 903
6 145 288 376 552 707 798
16 1 12 66 151 196 248 389 404 588 607 669 717 825 880 892 981
13 41 87 160 174 326 514 562 577 633 674 740 744 902
10 149 213 224 271 416 418 457 687 845 868
9 17 238 413 545 816 848 850 867 930
10 173 554 558 610 630 737 741 775 815 858
7 26 99 154 280 367 439 862
8 73 267 297 314 436 529 620 785
10 291 423 548 635 699 738 784 800 840 865
5 87 131 322 504 780
8 8 109 203 207 738 770 805 827
8 59 165 195 345 493 557 612 835
9 52 261 352 385 412 646 816 817 990
10 2 50 100 201 273 438 525 532 676 767
10 24 311 344 416 442 543 613 774 808 841
11 216 255 275 528 561 651 686 695 773 982 984
13 18 250 270 435 489 551 590 637 663 664 689 805 816
8 16 58 139 190 617 630 956 998
13 215 249 310 334 374 385 436 491 549 630 700 820 821
13 64 86 97 154 253 329 495 535 610 612 723 931 982
8 15 54 80 189 198 290 314 347
11 137 156 208 246 248 310 330 454 878 921 981
8 197 247 251 267 296 302 397 991
10 299 306 313 378 568 632 659 823 829 908
9 128 142 280 598 679 718 767 780 838
10 46 131 214 502 513 804 895 952 956 965
10 127 292 311 328 475 547 553 565 652 977
4 9 41 117 991
11 27 59 97 207 269 359 483 750 830 860 947
7 137 146 161 396 454 840 962
15 9 29 84 130 319 369 430 467 521 572 650 731 754 860 961
11 76 140 146 235 299 316 443 778 820 958 984
11 89 173 340 374 504 684 729 742 781 884 939
4 119 467 696 875
8 100 197 235 309 322 326 621 663
6 159 316 551 599 777 990
15 174 189 279 319 413 511 608 636 684 687 738 772 798 800 804
6 163 191 490 546 689 692
13 111 129 232 343 585 665 669 704 793 830 871 884 974
13 27 129 182 200 295 296 355 707 709 735 948 969 987
17 50 169 244 311 314 461 559 677 695 793 795 811 829 857 867 934 999
11 82 172 185 243 374 461 476 612 637 701 895
11 6 156 163 559 564 597 609 654 704 799 967
9 8 19 133 450 675 695 731 817 959
8 9 75 116 375 416 532 640 979
4 87 232 594 701
7 25 86 256 312 343 541 647
9 57 118 198 220 222 429 453 691 957
12 24 64 123 346 429 449 488 496 538 797 845 933
7 156 261 284 444 676 825 911
3 117 302 495
14 10 40 96 225 228 370 446 542 545 585 587 727 758 899
10 16 219 377 503 523 688 758 807 893 910
7 140 191 296 413 754 792 866
7 35 193 301 360 477 584 826
13 13 15 100 336 420 523 541 585 587 599 729 752 946
9 36 96 192 239 321 623 810 837 910
7 74 143 192 567 655 848 928
6 237 289 405 597 633 991
16 4 17 51 87 126 165 314 361 488 511 583 750 751 842 847 969
9 3 15 138 402 781 788 841 855 947
7 289 536 546 578 634 809 948
21 27 59 61 109 210 221 366 464 525 568 604 621 628 689 691 776 826 937 947 983 998
5 114 175 446 525 782
10 39 47 91 353 376 425 548 953 986 998
9 206 298 313 505 524 548 581 591 656
11 100 463 496 507 600 601 769 809 873 917 977
12 114 134 154 223 388 506 520 806 858 941 945 990
17 124 203 257 377 616 654 663 678 680 712 723 816 823 879 920 930 980
11 261 316 419 479 485 546 586 589 621 775 845
11 7 86 119 195 247 298 358 445 620 765 944
7 57 272 320 408 416 547 709
12 152 214 306 319 392 421 492 602 798 848 893 924
16 100 107 126 138 196 238 255 262 350 437 649 673 735 798 873 982
10 21 112 134 297 326 462 509 574 677 714
9 100 156 231 249 338 641 713 819 958
7 158 212 704 768 875 980 998
11 11 70 281 396 436 761 843 847 889 949 995
9 158 232 247 607 734 819 894 927 990
11 79 153 173 243 358 547 602 637 730 811 860
10 39 286 306 353 498 571 673 801 896 954
9 187 188 417 500 584 708 723 800 890
15 92 200 247 259 270 299 414 500 525 731 759 815 839 864 914
10 182 242 302 321 424 762 801 870 911 925
8 191 205 298 419 462 573 681 848
8 108 286 490 535 568 615 707 980
11 152 211 392 456 487 610 653 656 706 806 920
7 63 93 119 274 431 670 694
10 4 182 291 371 378 436 509 603 607 626
15 18 73 88 119 250 262 318 479 647 653 759 829 917 971 974
7 132 256 440 447 527 848 911
7 375 521 524 643 689 919 960
7 131 144 182 323 553 953 983
9 9 41 67 146 149 428 752 797 938
13 135 197 490 513 576 606 674 737 739 859 874 892 911
9 195 318 555 645 651 807 830 986 998
14 56 165 300 309 442 466 499 517 547 616 623 645 739 973
15 14 171 183 230 265 287 308 346 507 576 635 659 669 949 977
16 102 316 510 513 560 588 612 677 747 792 806 831 878 911 956 997
12 72 252 300 367 447 508 575 644 699 735 771 772
8 46 101 499 553 671 695 741 805
11 70 126 357 414 475 490 707 735 780 896 996
18 5 66 144 193 197 251 258 361 566 628 673 779 782 812 876 903 960 964
10 312 384 447 490 506 508 543 639 676 977
8 94 260 304 338 339 356 406 564
11 216 357 503 506 517 562 609 724 735 903 987
14 75 136 158 326 379 431 516 661 693 709 715 799 899 930
13 11 14 108 171 194 350 594 641 766 785 797 837 851
8 23 29 167 350 689 751 794 841
7 154 196 197 313 605 713 981
13 70 110 117 124 254 284 333 562 760 765 908 956 979
13 36 40 207 231 308 391 600 608 649 755 841 848 873
7 459 530 739 778 816 828 880
8 246 274 356 370 565 801 969 987
9 323 396 517 562 577 659 940 972 981
6 79 118 152 460 828 845
13 111 126 127 284 287 573 632 671 694 704 781 920 943
18 1 48 137 177 223 227 269 285 295 318 374 595 632 703 711 715 767 811
10 102 223 244 446 510 591 711 742 882 952
9 7 158 226 292 340 440 529 645 981
17 35 161 384 467 470 489 497 499 569 609 625 679 774 777 888 920 926
10 101 154 233 595 717 730 832 864 881 981
6 44 92 109 550 717 910
8 144 149 351 431 460 668 937 956
12 50 80 81 184 211 315 517 677 722 767 835 853
6 82 327 516 647 977 982
12 145 294 313 367 396 442 588 700 748 865 948 956
14 102 134 155 263 272 332 376 450 497 653 753 761 907 983
9 29 78 275 276 549 641 709 913 931
13 70 183 218 374 585 634 689 811 814 876 900 926 959
15 59 77 94 168 210 221 290 392 484 492 722 739 788 875 909
9 68 133 147 181 434 671 727 737 794
12 33 54 88 102 113 193 274 557 797 940 944 966
9 10 223 320 382 614 678 820 946 972
12 95 114 178 216 240 264 464 476 575 693 844 861
9 248 329 365 367 386 432 455 635 697
10 47 245 321 341 426 556 612 710 823 965
9 1 23 91 97 330 368 417 492 644
11 54 173 284 303 334 570 635 755 806 902 994
10 154 361 392 413 541 561 580 582 723 922
14 54 121 137 196 391 437 508 531 544 578 604 781 878 963
16 192 218 285 322 357 392 405 432 483 505 707 728 865 899 918 990
10 116 456 510 654 713 759 807 810 932 998
8 213 326 367 396 554 620 758 930
7 70 71 163 229 463 681 776
11 10 20 287 385 475 488 534 552 679 833 864
12 281 282 307 310 339 411 632 702 747 768 814 913
11 46 47 79 99 133 164 197 433 544 611 944
8 40 213 228 435 758 776 938 989
12 78 330 541 584 695 703 756 771 783 789 810 858
11 19 77 167 273 333 357 441 516 558 564 572
9 190 204 228 298 350 355 387 703 944
11 17 93 149 342 553 592 689 806 863 879 955
5 36 362 532 863 878
6 94 384 513 615 823 913
5 114 142 426 889 939
12 71 278 336 337 372 514 535 599 600 686 759 874
9 249 303 304 329 512 535 557 597 894
9 42 195 253 264 451 458 641 687 739
19 23 109 251 304 331 480 483 488 500 596 680 704 766 848 862 883 895 948 978
8 103 224 231 276 354 516 587 793
11 181 449 568 609 610 727 729 778 906 935 967
13 55 95 248 269 386 512 517 653 672 833 864 887 969
11 24 89 119 218 224 611 680 705 858 960 996
9 64 78 485 553 599 685 851 852 873
13 19 109 141 318 534 623 644 781 820 844 861 906 974
10 159 459 528 661 685 707 825 840 950 977
9 4 140 374 452 552 599 670 752 999
9 132 154 162 351 432 503 575 703 739
9 32 290 362 619 626 662 702 898 971
8 193 208 286 300 415 448 481 936
8 190 262 322 490 582 619 782 904
7 129 177 266 332 523 737 949
5 24 106 318 460 961
14 118 220 369 405 496 506 617 669 765 772 810 863 885 983
16 58 119 156 177 207 231 253 256 265 295 499 626 643 793 855 895
12 283 433 477 594 663 669 732 775 829 883 895 992
13 87 114 201 318 399 433 462 634 647 668 801 828 894
11 112 115 215 336 371 419 644 891 920 931 994
11 137 214 237 313 326 423 720 797 839 852 879
8 225 254 400 548 653 767 851 878
6 225 307 526 700 811 889
10 179 187 226 318 361 466 559 575 637 820
12 99 126 153 173 208 304 371 475 567 621 638 817
9 127 274 288 482 504 548 656 858 875
5 34 193 681 731 737
6 40 153 239 310 663 873
5 44 195 327 379 435
10 50 231 248 291 346 366 614 630 861 966
9 85 170 197 268 366 411 452 661 819
9 37 61 435 538 605 776 854 880 901
7 7 169 279 465 543 780 956
11 14 26 48 129 198 604 672 877 917 937 981
6 100 177 339 345 700 793
10 52 69 267 345 352 362 472 536 751 771
11 74 254 321 328 417 636 670 777 856 876 933
18 20 86 122 197 232 271 295 311 417 616 628 724 740 858 874 875 903 980
8 68 225 246 253 506 653 779 800
6 37 177 184 356 395 486
6 294 300 349 695 868 929
10 62 152 189 356 543 628 750 805 840 959
6 12 46 398 498 828 910
7 228 337 489 491 533 889 907
12 80 237 330 386 472 548 559 573 611 674 701 837
12 3 70 230 377 385 643 684 698 801 804 895 925
14 47 119 125 134 138 277 282 306 434 685 870 949 988 995
7 115 136 434 478 499 507 963
10 16 222 270 296 325 503 579 860 864 908
10 4 54 356 366 411 446 509 564 826 901
9 136 318 319 339 349 579 722 809 906
10 86 117 194 355 393 463 519 632 665 829
10 101 130 304 318 412 641 751 755 821 900
12 81 99 233 238 372 474 625 748 782 789 793 797
6 78 79 160 451 455 485
11 72 141 150 208 228 354 620 827 845 853 988
7 71 220 233 350 352 781 944
3 280 489 928
7 10 99 106 150 364 374 467
9 312 317 486 603 618 660 765 788 891
4 204 379 529 840
8 69 93 94 100 418 478 640 790
13 70 133 221 246 290 471 476 515 767 785 815 819 877
12 32 102 153 168 291 331 427 495 502 720 942 968
9 27 409 467 475 524 680 682 838 971
9 1 123 149 315 443 460 566 968 972
7 2 100 187 389 416 573 771
11 10 71 155 327 349 365 366 501 573 782 903
7 108 306 354 478 819 828 935
4 66 124 534 777
6 214 267 325 449 756 915
8 302 314 332 420 592 632 675 898
13 98 148 157 213 428 438 484 510 668 703 767 805 842
7 36 289 424 651 718 827 877
7 40 141 235 281 522 565 841
8 206 243 297 412 424 428 747 894
6 67 161 227 272 697 739
6 128 159 413 687 860 926
12 53 117 145 163 189 259 461 549 642 665 679 869
12 59 80 183 262 299 307 408 530 569 761 822 891
9 259 342 348 593 630 631 652 792 847
8 142 422 458 463 483 609 731 854
7 144 268 576 626 691 813 831
9 19 28 88 240 504 678 766 952 993
4 57 83 921 985
9 66 316 373 433 519 815 947 952 980
12 295 414 455 473 643 769 831 846 850 914 968 974
7 16 51 175 418 626 766 986
6 146 158 216 537 754 832
12 14 226 427 520 530 543 674 679 727 759 761 943
8 12 38 100 390 738 760 825 858
12 13 21 27 254 296 299 327 488 776 796 871 904
10 56 77 193 246 365 491 557 651 688 865
11 17 65 109 307 326 329 389 468 563 584 980
12 179 193 237 332 346 476 536 595 724 817 941 943
10 113 201 248 276 344 426 690 763 791 999
10 86 165 222 255 350 412 443 481 494 779
8 14 220 247 358 622 677 851 959
13 36 98 316 427 495 546 716 724 797 809 822 825 890
8 15 27 166 345 396 563 746 971
9 24 206 217 376 538 566 684 730 774
10 263 292 317 397 479 557 742 828 899 955
9 51 236 332 354 686 790 801 862 971
9 223 281 316 363 536 683 696 729 872
7 63 304 306 429 544 573 728
9 33 249 263 280 475 691 839 905 989
10 25 212 276 341 360 540 542 601 801 992
8 160 198 263 463 537 724 835 995
9 153 166 173 174 455 512 530 831 887
5 95 623 741 860 988
9 213 226 230 426 520 588 921 923 944
11 43 85 112 143 286 449 486 738 758 812 861
7 94 233 396 472 636 640 663
10 40 447 469 672 683 788 868 922 957 960
8 77 110 328 385 687 813 832 923
12 8 16 163 370 395 401 413 461 471 596 626 795
12 21 46 83 149 208 263 443 675 737 788 864 944
7 149 308 448 476 489 563 598
7 82 93 107 483 501 518 553
9 376 560 580 725 765 796 802 824 865
8 84 352 428 450 614 639 660 858
8 85 157 226 447 641 685 743 809
14 43 44 79 96 236 300 579 767 775 784 895 943 951 981
19 32 97 229 287 348 507 532 579 665 677 695 700 720 808 813 818 820 891 980
8 54 89 143 628 714 718 772 824
13 101 123 144 227 335 423 445 472 638 761 791 826 873
11 16 35 57 173 238 255 384 565 669 714 730
4 79 296 522 942
8 153 455 629 634 646 763 794 945
13 11 17 141 293 309 325 345 578 633 693 738 804 812
13 39 124 127 170 272 305 597 598 654 697 904 913 967
10 68 105 126 262 377 543 584 684 847 963
18 8 35 147 155 201 249 291 561 614 633 640 655 668 711 734 766 777 840
9 172 406 426 451 534 692 721 726 757
12 14 95 106 299 377 416 519 537 619 688 875 964
11 11 167 179 372 396 435 450 478 526 644 941
7 280 379 521 590 591 837 877
10 7 73 122 152 195 208 535 776 904 965
8 22 136 204 223 357 454 800 862
10 13 71 174 229 319 452 596 622 675 797
10 295 342 614 669 716 761 763 775 794 841
4 254 739 866 953
