100
4 2 33 46 85
2 30 94
3 0 70 97
2 91 98
3 27 35 41
1 87
4 9 17 62 82
1 53
1 62
4 6 30 55 97
2 16 84
2 73 74
2 15 93
4 33 48 49 95
2 60 47
5 12 67 69 75 76
3 61 10 26
5 6 21 55 78 87
1 74
1 46
3 64 21 34
5 17 20 27 53 56
2 68 71
1 81
1 32
3 70 29 40
2 64 16
3 4 21 33
1 44
3 25 30 85
4 1 9 72 29
1 84
3 24 74 85
9 0 13 66 74 27 41 42 48 94
7 57 20 71 87 37 47 50
2 4 89
3 74 88 51
1 34
6 62 67 82 91 96 99
1 71
3 66 25 97
2 4 33
5 70 72 33 47 53
1 89
3 60 28 93
1 91
4 0 19 71 77
4 65 14 34 42
4 62 65 13 33
1 13
1 34
2 79 36
1 65
4 7 21 71 42
1 80
5 9 17 81 89 94
1 21
1 34
1 70
2 64 92
3 14 44 89
3 16 94 98
6 6 8 38 48 67 83
1 78
3 59 20 26
3 47 48 52
5 33 40 67 80 84
6 62 15 66 38 79 90
2 22 93
2 15 80
7 2 58 25 42 85 88 89
6 22 34 39 46 53 86
4 30 42 74 81
2 11 90
6 11 18 72 32 33 36
2 15 80
1 15
1 46
2 63 17
2 67 51
5 66 69 75 54 82
3 23 72 55
3 6 80 38
1 62
3 10 66 31
4 0 70 29 32
1 71
5 5 17 34 92 99
2 70 36
5 60 70 35 43 55
2 67 73
3 3 38 45
2 59 87
3 12 68 44
4 1 61 33 55
1 13
1 38
4 2 9 40 98
3 3 61 97
2 87 38
