600
9 6 51 63 96 119 348 361 371 412
10 11 39 43 128 160 266 312 493 508 561
7 8 164 204 346 394 397 427
6 84 98 450 469 527 555
7 92 117 243 272 369 372 442
4 60 115 145 457
6 0 301 433 435 444 474
9 35 78 229 306 345 414 448 513 562
6 2 30 373 415 550 574
10 42 186 226 239 330 372 403 449 575 597
9 51 55 160 174 274 393 449 451 578
8 1 46 110 423 450 520 576 593
8 16 26 164 194 249 275 429 470
12 16 133 139 143 156 157 167 217 230 443 518 571
8 34 126 216 228 258 331 348 513
4 127 248 296 362
10 12 13 25 81 142 231 304 486 508 523
11 130 149 188 298 338 359 366 428 447 526 531
5 39 216 278 395 445
7 41 84 97 135 305 340 348
13 47 64 73 131 161 290 324 434 439 452 560 575 578
6 51 162 261 333 382 571
5 213 298 386 435 486
6 40 46 146 285 359 372
7 143 184 229 364 378 528 589
3 16 366 540
10 12 40 85 123 197 244 276 326 544 547
4 93 213 286 574
7 40 92 223 448 488 516 584
8 107 188 236 238 382 421 433 474
8 8 104 133 180 252 313 395 522
7 32 51 59 225 252 582 588
7 31 33 119 138 255 328 386
7 32 70 196 219 303 305 493
4 14 43 82 273
17 7 62 92 96 134 145 147 159 162 229 285 300 418 427 440 498 542
4 354 450 572 579
7 93 279 294 300 504 555 590
5 47 92 211 217 334
10 1 18 95 99 159 163 170 174 392 446
7 23 26 28 136 143 260 533
10 19 118 160 345 390 426 434 452 502 568
3 9 263 387
8 1 34 208 307 319 344 452 544
7 108 120 165 173 278 312 576
6 82 154 159 251 418 482
5 11 23 321 503 546
4 20 38 278 559
8 81 273 341 362 512 558 562 597
6 61 124 156 213 479 557
9 140 168 197 208 222 290 292 376 545
9 0 10 21 31 71 105 357 444 485
9 56 84 166 348 381 385 502 518 585
8 57 94 96 122 137 229 240 517
10 116 119 137 331 348 378 392 491 515 588
9 10 108 118 273 300 408 498 552 568
6 52 78 227 441 499 587
12 53 103 125 155 251 263 271 281 306 318 543 582
5 196 335 345 421 450
8 31 78 272 280 323 369 379 508
9 5 115 145 148 310 332 342 347 497
7 49 70 188 343 520 559 587
12 35 153 154 281 303 318 352 360 483 502 559 583
7 0 77 176 380 434 508 589
6 20 130 261 349 402 564
5 114 249 282 363 515
10 278 312 427 437 449 453 459 461 559 574
3 480 496 591
8 89 102 328 357 401 478 494 504
4 190 304 323 531
7 33 61 89 216 324 459 587
8 51 112 193 425 452 497 523 576
4 131 321 394 492
10 20 88 162 220 227 256 334 460 535 582
11 144 200 205 237 244 260 261 333 404 405 504
6 106 224 276 454 505 521
7 173 183 241 385 399 444 510
7 63 146 159 338 446 491 532
9 7 56 59 149 457 470 526 533 554
9 137 162 214 246 343 346 447 561 591
9 244 326 330 343 419 450 459 481 492
5 16 48 320 413 435
8 34 45 110 208 240 376 390 473
5 107 115 263 383 471
10 3 19 52 168 187 323 368 443 503 515
8 26 98 104 127 303 454 460 554
5 92 284 370 485 556
10 96 132 264 302 311 320 384 407 493 536
10 73 95 120 234 265 277 290 451 459 554
9 68 70 154 295 302 323 398 412 527
5 128 211 386 521 570
6 159 182 366 473 482 591
15 4 28 35 38 86 169 232 234 261 304 413 414 420 500 567
7 27 37 124 422 474 520 561
4 53 172 250 255
11 39 88 96 128 214 230 394 458 468 491 549
10 0 35 53 87 95 280 283 454 487 496
7 19 261 267 320 340 562 594
9 3 85 102 235 376 416 442 461 533
6 39 108 125 184 274 564
6 142 151 207 300 343 495
2 104 260
9 68 98 129 354 384 442 512 567 586
8 57 172 195 220 271 362 486 518
6 30 85 101 268 441 595
6 51 123 232 307 424 436
6 75 142 320 493 533 547
7 29 83 297 326 361 503 525
13 44 55 99 256 276 290 330 390 415 439 465 469 473
5 259 264 477 501 568
7 11 82 353 361 401 498 547
7 113 117 170 221 280 345 441
4 71 124 229 332
7 111 242 295 314 438 549 567
8 65 136 199 235 255 302 519 530
10 5 60 83 198 205 266 321 324 417 466
8 54 122 174 217 293 354 383 509
11 4 111 155 374 382 416 426 457 475 522 541
9 41 55 123 140 178 308 363 459 487
13 0 32 54 134 230 252 305 431 437 482 487 515 543
8 44 88 193 217 219 401 403 446
4 127 239 388 439
7 53 116 147 185 197 427 594
7 26 105 118 290 344 366 391
8 49 93 112 307 317 363 425 455
7 57 99 144 150 382 396 466
10 14 167 173 201 280 300 312 406 414 565
9 15 85 121 153 161 425 434 488 533
8 1 90 95 135 165 360 529 557
4 102 242 308 346
5 17 64 270 452 502
8 20 72 179 228 324 342 468 498
7 87 163 195 214 244 375 462
11 13 30 134 243 317 329 413 422 511 516 564
9 35 119 133 159 170 212 253 458 536
5 19 128 145 227 398
11 40 114 203 216 237 332 390 446 532 558 577
8 53 54 79 165 182 348 452 502
10 32 272 278 311 333 335 454 493 494 580
11 13 154 189 242 284 315 351 383 422 524 526
9 50 118 174 217 308 448 537 538 546
7 150 190 210 327 377 493 591
9 16 100 106 258 448 516 519 551 557
9 13 24 40 160 255 323 403 477 553
12 74 125 184 203 271 331 388 461 488 524 533 542
13 5 35 60 135 169 175 213 389 405 409 496 558 583
9 23 77 187 276 286 287 335 341 411
10 35 122 148 165 167 239 310 348 423 459
5 60 147 272 365 369
7 17 78 252 380 415 505 571
4 125 141 440 494
7 100 153 175 349 363 395 507
4 284 343 490 546
12 62 127 151 174 218 230 278 303 431 457 464 577
8 45 62 89 139 262 411 506 542
9 57 117 342 397 407 430 461 581 594
4 13 49 362 479
7 13 268 290 358 522 533 546
9 201 215 227 230 267 537 545 575 599
16 35 39 45 77 91 134 196 203 214 302 306 324 339 445 471 533
6 1 10 41 143 320 455
5 20 127 184 209 482
12 21 35 73 79 183 194 234 400 459 470 530 568
4 39 132 204 581
5 2 12 352 505 522
9 44 128 137 147 191 220 232 477 533
5 52 195 214 345 543
8 13 126 147 198 214 329 434 493
4 50 84 273 429
5 92 145 231 309 422
6 39 111 134 276 283 303
7 245 288 404 412 490 504 539
6 94 103 236 274 397 524
7 44 76 126 200 285 289 554
8 10 39 116 140 153 371 581 596
4 145 151 514 554
8 63 219 226 269 286 297 360 492
5 370 477 492 513 589
6 118 290 380 399 420 539
8 131 193 197 245 333 363 502 528
4 30 469 542 594
6 206 267 283 317 377 593
7 91 137 224 439 493 533 598
6 76 162 206 238 460 565
11 24 99 144 161 216 257 324 398 432 568 575
7 122 207 476 479 529 548 588
6 9 307 367 431 465 563
2 84 146
11 17 29 61 241 275 366 391 514 538 568 576
8 139 294 298 302 317 362 477 488
7 69 141 378 416 437 476 593
4 165 285 428 440
6 375 379 432 487 500 536
7 71 120 179 227 235 498 561
6 12 162 393 456 478 580
4 103 132 166 254
10 33 58 159 352 356 470 475 493 531 556
10 26 50 122 179 218 435 438 458 556 597
4 115 167 273 473
5 114 234 241 334 593
11 74 173 339 391 421 437 460 485 511 536 576
10 126 158 241 270 271 368 499 541 562 575
6 294 308 313 400 545 585
6 136 144 159 328 506 576
8 2 163 207 331 347 508 517 552
4 74 115 230 591
6 181 183 292 294 461 483
9 100 185 204 298 327 375 483 514 556
13 43 50 82 220 252 318 339 346 364 388 409 413 436
4 161 322 377 507
8 141 248 260 270 326 336 338 428
7 38 90 263 310 426 578 593
2 134 284
7 22 27 49 145 293 569 589
15 79 95 132 159 166 167 227 229 284 317 356 360 548 556 562
5 158 459 486 519 558
9 14 18 70 136 184 355 409 413 416
13 13 38 116 120 140 229 237 399 483 490 547 549 555
9 153 197 290 377 418 481 484 509 518
5 33 120 176 314 434
9 73 103 165 208 224 253 314 333 528
4 111 300 417 580
4 50 285 301 396
7 28 240 377 387 390 506 562
11 75 182 220 277 279 296 452 542 543 555 562
9 31 293 309 310 404 479 500 506 511
5 9 176 305 435 532
13 56 73 135 158 193 214 237 311 391 399 448 490 586
6 14 131 312 379 469 535
15 7 24 35 53 112 214 217 297 314 430 436 441 493 501 527
11 13 95 119 153 158 205 275 358 382 444 472
5 16 169 305 357 420
5 92 105 165 455 553
4 357 485 541 596
4 88 92 162 199
8 98 114 193 298 311 318 323 334
8 29 172 279 334 430 513 553 585
8 74 136 217 227 278 403 506 552
6 29 183 257 324 338 519
9 9 121 147 276 352 394 395 402 576
7 53 82 223 272 277 381 574
9 76 188 199 201 298 458 468 502 509
11 113 129 139 256 272 304 463 500 511 578 583
3 4 133 431
5 26 74 80 132 262
6 171 179 271 288 362 537
5 79 261 266 378 451
3 406 483 595
6 15 210 302 369 376 568
6 12 65 277 514 543 555
3 94 292 565
8 45 57 267 384 423 438 566 586
7 30 31 119 149 208 341 481
4 134 220 258 529
4 195 347 508 545
9 32 94 114 143 316 418 422 559 572
8 73 108 242 316 342 456 466 535
8 184 238 263 335 409 410 416 458
6 14 142 253 305 350 570
6 109 376 403 507 521 595
7 40 74 101 210 288 353 573
14 21 64 74 92 97 246 330 357 383 396 412 474 564 565
6 154 244 372 395 446 447
9 42 57 83 211 257 287 322 506 509
6 87 109 327 340 503 554
7 88 287 309 429 516 541 544
6 1 115 246 430 463 469
6 97 158 181 251 374 471
5 104 157 315 329 518
9 176 324 331 336 347 400 428 476 500
4 130 201 210 284
12 57 103 144 201 245 276 291 295 349 471 479 584
7 4 59 138 148 240 242 529
8 34 48 55 168 198 447 525 582
6 10 99 172 294 310 443
5 12 188 230 522 595
11 26 75 108 146 170 239 271 404 527 543 597
4 88 224 240 249
11 18 44 47 66 138 153 237 344 401 506 592
9 37 224 236 322 345 355 362 468 510
10 59 96 111 126 305 360 372 403 416 422
7 57 62 289 347 417 522 570
6 65 318 320 345 368 489
9 96 170 181 338 386 395 491 531 561
11 86 139 152 212 214 270 356 440 441 567 586
7 23 35 173 191 222 452 505
7 27 146 176 330 435 495 560
7 146 263 265 325 380 390 576
5 171 245 260 351 584
4 173 281 403 495
14 20 50 88 108 123 157 178 218 318 338 367 552 583 591
6 271 301 376 378 402 414
8 50 206 250 327 481 513 560 581
5 116 213 225 441 505
9 37 189 202 206 274 394 395 456 470
6 89 113 271 335 374 523
4 15 224 502 564
6 107 176 229 360 547 582
7 17 22 189 207 235 241 468
5 447 450 513 523 575
11 35 37 55 100 126 221 315 354 467 481 530
6 6 222 291 404 417 495
8 87 89 114 159 189 248 336 550
9 33 62 85 153 170 341 396 399 523
7 16 69 92 242 406 562 587
7 19 33 119 226 231 258 280
7 7 57 159 371 436 539 571
8 43 105 124 186 454 484 532 546
7 118 129 140 202 360 438 450
4 169 225 265 312
9 60 147 211 225 274 485 499 518 524
8 87 138 227 235 413 476 484 498
7 1 44 66 126 228 309 587
7 30 202 379 384 435 472 596
8 113 219 220 229 368 417 427 452
4 139 268 300 538
2 255 256
10 124 133 181 189 214 337 390 489 568 573
10 57 62 208 235 282 290 400 427 444 589
4 43 338 403 551
10 81 87 97 106 160 282 347 378 513 595
4 46 72 115 580
6 209 263 279 382 447 544
6 59 69 84 89 143 235
10 20 70 115 131 159 184 238 269 405 515
5 287 386 401 423 448
9 26 80 107 210 363 369 537 539 552
7 141 207 264 292 330 430 567
6 32 68 203 341 410 429
7 133 167 268 338 420 513 527
10 9 80 108 261 286 327 473 480 520 587
12 14 54 144 204 269 364 379 381 404 406 424 511
6 60 112 136 376 424 518
11 21 74 138 179 220 346 347 358 440 442 552
9 38 73 199 235 236 369 401 421 484
6 58 138 146 257 295 490
9 210 269 302 358 379 432 452 467 525
1 317
11 17 77 210 238 283 290 319 329 351 435 518
4 159 200 208 460
5 19 97 264 479 505
7 48 146 252 303 328 391 477
6 60 131 155 256 419 593
9 61 79 80 100 152 367 556 588 589
4 43 123 278 362
10 7 41 58 111 166 279 282 380 411 450
7 2 79 129 208 333 517 576
11 60 204 254 269 281 320 333 396 448 449 501
8 0 14 19 52 54 137 147 456
8 64 151 271 389 416 448 449 524
4 258 370 478 500
6 139 288 338 394 494 596
7 62 164 196 239 391 520 563
4 110 260 375 534
7 36 102 116 300 414 493 496
5 216 279 523 586 597
5 196 214 284 449 527
7 51 68 231 233 261 453 488
6 157 230 333 336 397 453
3 17 23 458
9 62 128 176 214 280 297 308 367 469
4 0 107 110 452
11 15 48 103 156 189 245 279 344 385 487 544
8 65 118 124 151 179 326 464 469
9 24 208 331 376 385 411 424 468 525
6 148 401 407 515 526 552
10 17 25 91 123 188 400 426 441 478 507
6 186 290 343 360 396 428
8 84 201 282 314 406 542 594 598
7 4 59 148 248 326 334 467
6 86 177 350 408 528 530
7 0 174 306 413 457 511 557
8 4 9 23 262 280 437 452 456
5 8 388 391 413 476
4 117 267 295 377
10 132 192 207 353 410 469 528 533 572 586
8 50 82 98 248 259 291 332 364
7 141 181 209 218 223 374 592
10 24 54 190 246 291 320 424 430 542 569
7 59 192 228 313 331 336 569
11 63 149 178 287 345 393 432 492 493 514 563
5 52 240 331 501 592
9 21 29 117 125 230 322 438 545 583
7 83 116 139 261 412 429 441
5 87 102 251 313 591
8 52 76 362 364 444 559 583 594
7 22 32 90 283 325 461 522
3 42 223 567
7 121 144 208 373 472 533 553
4 145 349 414 592
10 41 82 108 136 223 287 317 445 470 499
9 123 188 200 227 341 352 373 402 569
3 39 54 594
5 10 194 380 468 539
6 2 72 95 239 294 351
11 18 30 151 239 262 283 294 411 418 485 543
7 125 222 261 303 347 367 528
5 2 155 172 358 429
5 89 135 184 567 589
5 76 178 217 227 303
7 162 202 269 318 366 564 594
10 68 110 120 278 325 334 365 404 527 545
7 64 239 291 391 480 492 503
9 9 120 143 237 259 280 289 319 584
10 74 171 225 276 301 331 401 417 459 482
6 74 145 324 443 563 597
9 126 247 304 331 368 455 523 526 560
5 87 155 365 580 584
5 55 370 436 438 553
5 145 208 216 257 554
9 257 328 375 413 422 438 522 566 585
5 146 154 345 364 395
11 0 89 171 261 383 429 452 472 486 501 520
13 81 92 133 208 216 311 371 373 410 415 446 452 581
7 7 92 126 291 354 389 595
7 8 108 149 413 485 505 593
13 98 117 190 216 257 280 349 440 443 480 517 548 589
7 115 221 281 301 314 404 580
6 35 45 218 255 395 506
3 80 342 553
5 92 178 231 329 479
6 29 58 200 334 441 552
9 93 133 139 169 255 280 410 514 528
8 11 147 251 325 493 517 519 564
9 105 331 332 364 378 442 462 492 523
5 71 124 127 439 485
5 41 117 211 366 507
7 2 35 66 122 314 318 455
8 17 191 210 269 367 461 487 510
9 12 168 265 328 383 397 412 485 493
8 155 229 236 266 327 378 496 497
5 119 153 186 243 595
7 184 192 336 380 498 502 556
3 6 29 595
10 20 41 63 127 167 219 448 503 525 573
12 6 22 81 197 226 286 313 338 436 449 525 580
9 105 208 229 306 408 435 443 540 570
5 66 119 190 200 372
12 113 197 251 308 382 408 410 439 459 479 481 484
9 20 108 121 182 425 438 574 582 593
11 35 150 191 284 333 416 476 489 502 522 599
9 56 104 111 229 284 293 366 383 421
6 4 98 102 333 424 480
7 13 84 274 405 416 436 494
6 6 51 76 230 318 385
3 18 159 390
7 39 77 120 136 262 413 578
9 17 79 262 273 299 322 478 514 565
11 7 28 140 142 227 325 347 349 434 450 549
7 9 10 66 347 349 356 435
12 3 11 36 58 80 299 308 345 448 511 516 582
6 10 88 246 470 510 573
19 20 41 43 71 130 137 224 285 314 336 361 372 412 413 463 568 573 591 598
5 66 357 358 457 532
9 75 85 96 138 307 523 571 572 594
10 124 160 232 406 427 493 498 537 564 588
7 194 256 294 348 372 462 514
6 5 78 117 153 371 453
8 95 134 197 241 257 359 479 517
13 66 70 80 88 118 147 162 215 404 438 479 532 590
5 73 85 183 200 339
8 66 98 144 155 206 386 428 495
6 132 424 456 534 588 598
7 242 266 452 512 516 544 575
5 153 363 495 545 594
5 108 186 482 530 562
4 115 125 256 517
4 300 336 369 588
7 95 131 241 279 298 364 393
8 3 108 180 228 266 360 363 375
9 12 78 162 196 294 390 451 502 584
5 83 159 267 271 517
6 230 313 388 412 559 579
6 82 91 108 198 330 591
6 6 29 93 261 478 569
6 117 196 486 503 592 598
7 185 190 269 311 373 440 586
7 109 143 165 177 189 341 575
9 68 194 350 366 447 474 504 536 597
10 49 156 185 225 271 340 420 438 458 459
6 67 330 402 416 442 485
7 80 218 252 292 300 438 546
9 45 91 119 161 404 465 490 553 579
5 62 206 207 217 247
7 218 307 311 334 438 553 593
12 51 86 200 233 310 395 415 425 429 480 549 564
7 16 22 103 215 412 475 510
7 96 118 119 192 362 428 589
8 28 127 144 189 357 510 517 532
6 282 317 440 493 501 538
8 152 171 217 227 335 482 582 593
6 54 77 95 283 501 514
7 72 80 176 177 380 402 424
16 1 33 87 106 138 141 167 182 196 229 354 380 423 429 455 489
5 68 138 150 351 443
7 100 286 289 301 461 464 543
6 67 96 145 354 430 589
3 60 71 430
9 35 55 110 131 193 311 432 455 507
5 56 201 310 390 590
7 92 192 225 242 269 350 574
8 109 229 347 381 412 489 491 550
12 41 52 62 130 137 179 241 296 432 440 470 534
7 46 84 107 264 402 434 475
5 37 68 74 171 478
8 75 149 164 285 293 340 415 513
8 154 203 223 225 237 263 278 418
6 151 209 259 366 426 498
6 1 16 59 63 204 254
6 116 218 241 263 549 594
7 76 279 428 451 486 488 598
8 133 200 225 242 331 371 450 564
3 48 102 463
9 7 14 177 236 292 299 320 329 505
10 175 188 207 249 380 422 447 456 491 557
6 54 65 84 119 324 365
7 28 133 142 265 450 463 569
10 53 204 346 416 423 458 466 471 488 523
8 13 52 103 218 268 310 332 338
5 114 142 215 238 423
8 11 61 93 330 352 412 537 577
5 75 90 259 544 570
9 30 117 157 164 275 281 386 410 440
13 16 71 295 299 303 355 406 424 454 517 526 539 574
5 139 144 172 310 349
7 107 273 336 364 434 435 566
7 17 78 139 365 406 523 579
8 3 89 229 276 329 356 401 599
9 24 179 220 370 375 396 422 548 584
5 128 185 253 272 567
6 114 162 300 370 465 554
5 17 69 196 283 580
8 77 136 226 307 453 459 488 591
12 40 78 98 106 127 144 157 159 165 182 375 388
4 353 462 502 539
4 73 228 256 596
6 87 134 192 200 478 537
7 140 158 245 326 455 520 536
5 140 188 315 489 544
7 171 178 306 326 393 523 534
2 25 436
4 117 201 233 265
7 35 144 154 180 224 368 378
8 57 119 166 224 249 276 395 495
9 26 43 265 322 362 463 521 538 551
8 50 158 202 254 382 401 464 565
6 46 140 152 157 307 481
5 26 106 110 217 297
5 185 214 416 528 563
6 95 113 217 448 485 509
3 8 302 501
4 142 319 544 555
8 55 204 237 290 326 333 365 421
9 143 232 236 388 408 419 482 484 562
9 78 85 88 173 175 264 409 530 575
6 3 37 217 224 249 551
7 86 196 197 207 214 343 432
5 49 128 142 371 514
4 48 136 145 215
7 47 61 62 66 255 385 472
5 20 286 292 406 584
6 1 79 93 193 283 585
10 7 48 97 201 214 223 224 304 465 553
5 186 352 380 405 548
10 64 99 133 261 296 400 423 455 485 511
6 126 183 250 261 447 545
3 251 410 525
8 92 102 113 284 327 387 398 529
9 41 55 109 162 184 188 248 317 452
6 213 378 379 391 474 516
5 90 258 281 436 521
5 13 21 149 306 454
5 36 255 375 454 592
5 260 317 434 451 452
7 8 27 66 240 439 500 523
9 9 20 158 184 201 299 463 477 554
10 11 44 71 188 200 203 239 287 346 588
3 136 153 520
6 10 20 211 242 446 584
5 36 472 482 526 584
8 138 194 221 321 407 417 435 531
5 155 163 174 292 413
8 31 57 73 273 297 439 450 490
6 62 145 242 290 382 385
10 28 271 288 403 407 470 528 560 578 579
5 52 202 236 410 561
7 102 227 251 284 355 375 476
6 56 61 70 304 312 330
9 31 54 185 343 455 462 467 576 589
11 24 63 177 213 318 343 398 416 487 496 588
3 37 459 499
10 67 79 91 141 205 290 384 452 473 532
6 278 377 381 389 475 572
10 11 181 190 199 211 342 415 439 484 490
11 97 122 155 180 368 385 392 400 454 464 509
8 104 247 259 275 320 414 431 433
5 174 233 313 351 535
7 9 48 197 276 355 405 478
6 182 368 452 462 475 510
3 158 440 527
