1000
7 2 53 144 168 620 822 939
8 231 344 359 447 534 784 835 996
12 0 72 208 482 660 792 843 854 876 886 931 992
12 136 192 408 412 514 571 608 678 767 813 838 870
9 75 219 439 512 544 583 688 714 928
12 21 58 93 265 417 447 450 509 518 601 624 712
6 87 376 666 754 757 761
9 10 34 107 153 190 685 857 870 922
11 78 127 160 232 457 630 666 812 822 949 997
12 78 89 97 115 223 425 455 462 557 663 806 930
12 7 22 315 329 414 465 494 679 764 771 781 871
8 278 308 417 578 629 645 812 952
6 299 360 473 505 801 954
9 242 301 330 678 747 851 866 906 952
10 22 200 242 349 366 431 461 644 797 960
7 180 479 594 605 648 895 925
7 121 228 262 269 683 688 712
11 58 145 269 347 484 538 548 723 785 878 959
14 37 83 188 209 212 397 399 598 674 837 868 922 943 992
15 52 110 146 168 209 270 322 360 436 539 636 647 766 822 930
10 24 372 487 534 577 618 649 782 875 964
16 5 36 123 221 443 547 574 576 647 752 761 772 901 914 970 976
10 10 14 49 145 284 601 651 798 890 955
14 55 95 144 145 221 234 244 245 363 636 755 788 878 947
8 20 220 221 315 515 569 779 923
8 119 240 252 347 505 518 778 841
9 188 272 346 359 485 542 642 700 794
7 260 605 689 785 812 896 971
7 267 404 504 570 680 911 960
8 48 205 262 271 541 703 928 975
7 190 358 620 627 850 858 935
8 42 49 155 180 201 419 534 727
9 148 209 357 367 399 501 521 909 973
16 96 200 206 237 245 268 329 360 392 568 596 644 708 861 887 955
11 7 91 278 285 479 527 647 658 793 899 931
8 183 191 202 610 660 719 813 857
8 21 54 229 251 321 346 497 663
11 18 49 146 228 318 326 327 549 795 906 945
10 512 538 588 620 639 761 764 806 818 831
9 104 178 291 360 443 551 637 773 930
9 111 228 237 278 373 434 582 651 804
9 65 193 257 285 399 500 721 802 879
14 31 50 101 177 191 319 427 519 695 713 777 869 951 968
15 101 183 193 301 344 447 517 541 681 799 838 851 956 983 998
7 66 172 315 448 585 887 908
6 153 165 301 568 573 713
11 74 77 101 198 296 334 377 617 643 650 819
11 48 74 116 346 448 589 606 649 852 912 963
14 29 47 52 69 98 153 154 219 285 345 420 449 542 583
10 22 31 37 131 319 524 582 749 813 883
9 42 62 137 252 327 361 526 715 846
10 179 223 236 304 478 607 663 676 733 767
9 19 48 81 252 537 626 666 708 783
10 0 84 137 262 357 533 603 636 708 725
8 36 91 103 397 575 717 753 767
12 23 119 258 311 313 491 569 585 694 839 889 900
9 192 200 356 429 438 474 587 750 768
8 426 511 526 543 756 762 928 962
13 5 17 115 147 367 389 466 482 574 661 800 882 984
11 162 206 450 464 526 693 797 821 964 979 984
12 245 277 354 359 444 526 545 553 558 662 845 884
9 62 144 175 177 400 483 599 604 656
8 50 61 307 471 484 602 795 840
11 107 187 249 390 397 564 571 599 632 944 965
12 83 257 275 424 478 542 633 647 698 757 774 788
18 41 163 177 205 250 282 310 330 333 345 540 749 756 858 871 895 900 989
14 44 79 114 119 233 283 306 460 490 614 776 833 880 923
13 79 201 349 356 382 388 404 461 639 752 805 974 998
17 96 153 194 221 233 235 270 356 462 485 533 597 616 659 755 826 830
6 48 107 258 301 430 482
5 545 578 622 695 728
8 178 230 347 386 459 507 790 962
13 2 101 108 368 403 448 465 472 509 879 968 976 985
10 107 158 189 194 195 427 554 556 682 765
12 46 47 276 433 500 511 564 636 638 654 662 952
10 4 88 128 185 320 350 379 540 618 782
15 235 258 324 395 440 479 577 591 638 639 776 890 907 916 986
13 46 92 204 367 396 406 425 461 500 585 767 773 848
10 8 9 111 150 169 411 695 734 931 956
11 66 67 188 210 221 300 401 745 789 865 945
8 180 305 350 683 786 867 896 982
8 52 223 278 285 318 556 678 800
10 138 177 301 310 325 518 595 732 757 931
10 18 64 104 249 338 385 453 462 571 958
8 53 148 214 227 402 738 855 983
13 179 198 265 280 324 356 495 622 623 632 661 741 965
9 159 200 228 354 375 458 478 568 590
11 6 124 202 286 309 327 356 509 603 895 948
8 75 150 383 622 643 901 939 992
8 9 97 387 654 773 793 841 843
9 91 180 208 397 514 548 922 940 974
7 34 54 90 173 526 741 890
8 77 203 406 550 581 595 631 725
9 5 112 157 168 187 199 559 656 664
8 102 237 298 436 451 472 479 790
15 23 189 236 253 259 502 526 566 669 686 788 830 853 975 977
5 33 68 107 679 921
8 9 89 222 236 292 404 674 859
6 48 215 425 797 807 880
7 142 232 328 438 449 682 734
7 154 415 495 540 859 904 929
13 42 43 46 72 111 116 150 178 256 545 556 564 578
10 94 115 177 213 245 445 481 744 883 889
13 54 157 167 232 257 418 467 762 808 908 911 917 928
15 39 83 272 273 292 374 432 436 445 580 582 626 644 715 926
4 187 304 368 433
7 122 556 662 905 908 938 983
11 7 63 69 73 96 250 275 311 619 839 996
9 72 249 250 305 502 532 667 727 935
9 207 222 346 347 426 470 707 783 919
4 19 186 315 444
10 40 78 101 230 295 729 907 928 975 985
8 93 340 427 593 622 737 885 891
4 308 358 446 457
11 66 239 248 353 420 538 615 784 823 929 936
10 9 58 102 236 316 327 374 426 498 703
8 47 101 226 330 461 495 501 768
9 224 236 425 454 544 585 725 908 944
6 134 142 152 294 330 691
7 25 55 66 302 328 355 666
13 221 321 331 414 472 518 612 701 807 843 862 870 983
14 16 185 230 280 306 425 478 521 646 791 809 847 947 996
8 106 160 293 445 547 563 776 994
8 21 144 269 277 331 435 461 944
6 87 244 426 547 732 756
10 157 299 347 485 525 634 827 898 909 951
8 296 390 570 710 735 798 858 940
10 8 209 227 245 346 407 503 599 611 833
5 75 467 616 913 941
9 203 266 306 316 374 431 433 500 603
12 165 293 408 629 630 643 686 721 722 857 949 954
12 49 229 276 327 391 428 472 527 691 724 786 822
6 139 169 231 269 300 823
7 582 606 676 766 785 863 902
15 118 217 247 282 331 368 397 431 456 466 639 882 885 971 985
10 150 165 406 408 449 525 626 729 765 832
8 3 226 323 336 477 495 554 950
11 50 53 295 377 413 508 627 663 680 782 981
10 82 166 186 283 377 508 571 657 803 951
9 132 159 514 567 585 676 798 813 874
6 141 174 326 656 746 867
7 140 465 534 654 759 874 961
6 99 118 328 448 977 981
6 151 200 212 433 894 998
12 0 23 61 123 145 358 373 395 412 660 803 849
9 17 22 23 144 155 198 261 342 838
12 19 37 193 364 373 420 744 757 758 782 972 990
9 58 240 297 344 551 585 629 660 739
15 32 84 184 210 281 319 350 356 548 556 583 712 734 737 952
5 276 428 607 757 762
11 78 88 101 135 178 288 294 310 388 446 852
13 143 286 304 372 433 510 623 663 749 777 811 940 972
11 118 240 278 464 530 639 748 772 794 872 951
17 7 45 48 68 232 346 413 469 561 710 716 754 802 805 833 896 926
15 48 100 250 528 557 578 587 588 601 823 870 871 881 946 992
8 31 145 247 339 393 506 616 620
11 404 422 450 566 585 635 683 785 878 971 983
11 93 103 125 192 197 441 543 753 876 927 933
12 73 523 617 681 684 710 734 739 825 841 919 945
6 86 139 442 471 492 911
14 8 122 175 215 216 237 342 371 477 556 700 744 865 890
12 202 270 272 319 495 719 838 878 898 919 921 944
3 59 371 415
7 65 410 441 457 643 702 918
8 230 477 576 722 753 841 867 924
12 45 130 135 257 356 396 397 408 487 627 921 995
8 138 232 523 591 600 633 777 914
9 103 338 384 518 529 571 581 774 975
11 0 19 93 172 295 477 724 725 866 916 988
5 78 132 564 900 999
8 219 286 415 616 753 780 919 961
12 275 351 554 597 638 653 706 729 783 867 947 958
10 44 168 299 325 372 551 563 573 584 848
8 91 207 243 370 376 573 669 941
10 140 212 298 398 436 439 626 703 800 920
12 61 160 336 342 404 648 663 718 731 969 973 998
6 226 327 527 728 808 839
19 42 61 65 82 102 214 215 231 331 334 438 468 521 631 661 676 750 909 982
15 39 71 101 150 204 235 263 563 615 635 654 658 686 790 982
7 51 85 409 453 541 867 983
10 15 31 80 90 357 402 419 624 655 963
2 508 891
8 400 491 520 563 653 702 728 925
11 35 43 194 247 299 314 431 577 714 913 977
9 148 228 260 499 502 514 566 660 982
14 75 121 201 332 335 348 415 480 654 659 713 847 946 983
14 110 138 343 416 438 447 498 529 582 614 641 771 848 971
12 63 93 105 192 319 365 389 631 640 661 815 836
7 18 26 79 203 268 394 602
10 73 95 405 446 545 552 585 599 634 959
11 7 30 241 267 456 495 605 899 918 920 938
16 35 42 337 426 428 483 503 514 599 623 624 674 834 894 964 996
13 3 56 157 187 290 394 437 489 510 641 677 788 861
5 41 43 146 964 966
11 68 73 183 478 577 637 740 748 823 868 931
11 73 231 380 412 476 576 602 645 651 847 957
11 362 401 407 462 465 577 798 815 828 915 956
6 157 275 494 646 693 823
12 46 85 145 307 422 568 804 871 892 930 935 960
10 93 504 515 695 707 709 752 820 901 969
10 14 33 56 86 143 297 425 524 525 643
9 31 67 185 655 761 827 846 873 976
20 35 87 161 226 299 323 410 446 524 542 606 687 826 909 917 923 969 971 993 995
15 92 129 188 306 496 509 523 546 632 638 654 801 890 894 995
9 77 178 283 342 429 452 561 811 913
7 29 65 255 322 563 752 989
11 33 59 416 549 585 627 807 841 884 928 983
9 109 173 222 261 408 646 654 758 858
7 2 90 668 688 703 773 922
11 18 19 32 127 318 591 601 705 710 717 892
12 79 148 270 340 375 439 480 513 742 786 936 976
8 223 363 514 562 612 731 863 994
9 18 143 174 293 411 499 606 800 910
9 102 241 481 499 611 695 749 813 824
13 84 177 239 322 402 407 491 589 632 697 815 835 958
15 98 160 177 292 363 413 424 447 463 474 492 526 561 579 742
9 160 281 307 642 673 678 727 831 933
10 134 403 515 701 740 751 771 812 942 974
6 404 663 673 788 803 804
8 4 48 170 412 572 660 705 889
12 24 238 253 329 648 780 807 838 845 904 936 948
17 21 23 24 68 79 120 247 274 417 450 486 490 689 863 877 889 948
14 97 109 207 310 318 374 588 634 766 802 852 907 917 938
12 9 51 81 211 247 293 388 425 736 807 838 914
11 117 276 290 348 408 440 608 644 762 895 923
12 267 290 312 445 455 591 721 814 868 899 932 967
13 116 136 176 202 265 403 524 546 659 744 840 865 960
11 84 127 366 413 420 450 567 627 713 728 985
14 16 37 40 86 184 242 306 439 510 655 715 720 812 929
12 36 131 235 311 388 394 421 489 650 673 780 783
9 71 111 121 164 417 623 699 709 988
7 1 132 177 195 432 461 799
12 8 99 103 153 166 501 542 587 673 826 924 932
14 66 68 244 268 392 526 564 587 712 785 827 859 928 968
8 23 364 413 486 493 594 665 720
9 68 76 178 229 292 429 433 826 978
13 51 95 97 115 117 307 378 424 560 636 638 760 931
9 33 40 94 160 253 418 574 609 725
7 220 345 613 689 741 852 916
6 114 214 450 497 534 742
8 25 147 152 459 549 613 636 827
13 190 213 298 299 344 440 486 565 646 762 791 939 997
10 13 14 228 352 411 563 722 756 818 976
5 173 488 626 812 914
12 23 124 233 297 352 396 489 594 612 640 662 934
16 23 33 60 102 127 386 430 432 440 625 706 711 866 905 916 936
9 342 345 380 501 553 695 720 806 994
15 134 155 183 221 223 308 327 347 367 397 398 508 542 682 778
4 114 329 801 898
9 63 83 108 503 541 686 717 769 931
16 65 107 108 154 311 496 550 561 566 579 604 611 694 791 952 968
8 36 272 348 419 676 755 765 779
12 25 50 52 350 373 442 559 645 734 796 808 855
8 95 220 237 293 336 547 742 823
8 387 500 585 587 741 761 763 919
6 205 483 532 886 980 991
13 101 276 318 463 472 615 717 740 786 824 900 964 974
10 41 64 103 165 348 454 459 507 702 761
8 55 69 76 374 388 472 594 751
6 95 429 478 677 792 930
7 27 184 703 753 791 849 877
14 145 207 406 521 592 617 692 757 790 791 837 883 886 914
15 16 29 53 298 342 375 422 511 525 533 556 600 798 887 955
11 178 359 404 430 643 648 701 766 811 831 882
7 315 396 473 655 758 792 891
9 5 85 226 350 524 602 758 880 946
8 129 435 459 552 572 880 912 941
11 28 190 225 321 326 464 512 683 818 896 945
8 33 188 233 642 664 695 911 981
5 16 17 123 132 788
10 19 68 161 210 316 422 460 609 730 811
13 29 465 471 568 598 622 628 800 805 849 877 897 965
11 26 104 161 251 278 315 402 474 766 986 994
8 104 543 588 736 755 776 823 934
6 221 348 470 663 690 851
12 64 107 171 197 280 334 492 681 725 772 790 946
10 74 131 149 224 256 282 373 638 734 850
8 60 123 295 381 489 617 745 771
14 11 34 40 81 152 272 360 460 600 653 761 870 896 991
11 350 507 540 558 600 617 634 638 654 841 948
13 85 121 275 314 392 645 674 701 769 840 849 922 929
14 148 216 315 517 560 565 584 673 734 764 766 906 974 990
8 65 134 276 499 649 701 869 924
9 66 138 204 292 383 704 839 878 957
9 22 289 548 602 673 703 750 867 894
12 34 41 48 81 331 352 408 565 705 929 959 973
11 87 151 170 373 425 478 482 775 867 884 968
1 822
3 150 778 980
5 284 493 632 813 950
13 192 224 225 319 403 454 481 585 617 724 820 896 970
7 39 294 523 549 911 913 961
9 97 104 215 235 283 309 343 427 714
15 122 130 212 223 253 304 509 585 649 656 840 847 892 920 952
7 118 150 291 342 362 392 843
8 111 137 168 277 485 575 599 673
12 46 126 369 389 390 433 473 585 646 815 825 975
13 147 200 244 311 380 515 535 641 690 748 809 937 960
12 94 174 241 262 400 510 539 635 733 800 949 968
10 12 125 172 183 202 241 634 639 668 800
14 79 132 317 328 338 398 604 624 689 734 766 776 811 884
12 13 43 45 69 82 344 630 810 824 835 923 926
7 119 308 323 486 744 872 932
9 383 440 635 648 659 695 766 947 959
12 51 105 151 293 393 420 690 697 809 817 881 892
8 80 108 473 621 767 894 950 994
15 66 121 129 203 228 345 372 398 478 493 495 506 756 822 825
15 62 198 216 236 461 469 474 530 617 634 703 768 795 990 999
10 11 113 247 302 405 520 572 699 778 906
4 87 292 370 879
10 65 82 150 222 323 359 667 731 789 865
8 55 107 229 250 297 526 894 954
7 225 315 327 358 364 589 976
7 55 336 604 647 861 931 951
10 183 280 349 433 511 602 650 668 910 987
14 10 24 44 110 264 272 281 312 583 585 653 831 865 969
9 115 129 270 694 744 777 802 921 926
9 300 442 498 559 575 601 757 802 804
14 37 81 209 222 256 319 350 379 474 555 594 655 821 978
16 42 49 148 161 187 290 318 371 426 445 715 723 792 830 854 897
12 75 322 334 335 370 385 392 470 474 576 592 654
13 36 120 267 460 490 513 599 625 666 720 840 843 913
14 19 205 214 320 324 421 445 529 608 810 845 847 871 964
14 136 202 302 310 472 606 674 704 716 830 836 910 962 968
7 76 85 322 400 414 650 998
7 82 172 360 461 655 692 817
12 37 140 267 371 510 620 627 777 850 892 920 955
11 37 50 87 115 131 176 247 312 483 615 645
16 99 119 142 300 377 385 460 467 486 669 694 706 826 836 876 961
15 10 33 220 248 408 529 577 578 607 700 772 805 822 905 935
10 13 65 116 118 335 380 592 653 785 970
15 120 123 134 177 285 344 555 573 574 642 649 863 890 893 930
8 185 414 448 461 582 585 717 910
6 65 449 521 717 888 942
12 46 177 275 320 336 415 444 458 602 641 749 793
13 185 320 330 420 497 655 676 770 793 816 865 866 979
13 136 175 253 313 334 378 512 565 714 719 738 771 881
5 191 551 574 678 933
8 83 167 300 403 644 649 709 714
8 155 350 410 439 519 619 678 939
11 112 210 412 509 665 782 909 917 949 955 983
8 382 494 514 551 566 660 781 887
10 145 160 175 204 246 262 294 569 775 824
6 186 292 441 521 702 728
12 1 43 147 241 301 331 556 630 666 675 724 822
15 48 65 238 246 306 435 445 470 526 633 766 826 924 980 987
10 26 36 47 109 127 153 401 711 974 983
12 17 25 71 109 125 247 408 651 668 790 792 917
12 185 224 251 257 274 402 575 648 650 691 701 883
14 14 67 314 493 522 528 599 600 690 698 809 871 890 902
18 75 80 148 252 265 279 318 339 398 622 654 710 730 818 842 881 944 974
7 171 387 425 763 925 932 967
9 242 244 285 419 532 617 664 676 701
7 114 448 463 640 709 769 823
9 60 86 438 508 550 741 746 785 879
6 119 697 753 795 807 968
16 56 67 68 85 87 148 165 409 486 514 570 590 731 751 956 968
9 32 53 180 405 428 592 711 756 798
10 30 113 144 312 388 631 663 712 753 963
17 1 26 60 263 310 383 571 684 713 714 774 818 894 908 916 920 930
11 12 19 33 39 278 325 561 572 592 860 951
14 50 498 512 514 551 578 601 604 644 652 700 788 790 878
7 196 294 427 503 517 524 638
10 23 211 215 448 449 601 692 928 979 994
9 146 234 312 404 429 528 828 940 981
7 187 534 547 583 725 855 890
7 14 227 436 438 499 829 882
9 32 58 77 247 460 557 667 669 886
9 72 105 134 593 614 632 633 835 899
8 296 460 558 611 843 913 948 962
6 173 309 320 841 866 965
8 160 162 319 326 435 614 638 810
7 20 151 172 306 519 521 622
10 40 144 146 252 276 286 565 606 642 651
12 104 115 129 222 258 455 616 641 679 730 775 883
11 86 210 262 499 617 638 660 806 808 831 837
12 6 173 510 604 639 658 685 711 790 812 879 995
10 46 137 138 328 574 589 619 718 872 994
8 236 336 747 831 850 854 877 983
7 75 318 529 604 723 852 901
10 195 246 297 330 432 587 662 729 766 994
8 277 444 501 556 676 795 849 911
15 67 341 580 592 610 617 650 704 755 815 827 853 872 876 934
11 88 283 303 359 398 480 664 686 709 813 979
5 167 646 703 732 747
11 83 320 328 398 406 470 574 730 761 883 964
10 71 245 395 479 626 758 841 884 894 914
10 89 254 351 585 843 847 906 931 977 984
13 67 150 223 229 258 358 646 654 657 847 915 918 952
10 58 187 296 396 397 443 515 545 582 801
15 63 126 296 417 456 464 557 791 793 813 858 874 910 932 938
4 131 414 582 780
13 33 233 280 294 320 470 513 526 604 686 847 933 938
7 155 304 429 506 739 911 981
9 188 192 229 430 539 542 652 821 994
11 76 144 386 448 481 614 710 718 830 835 857
12 77 165 244 264 389 433 447 487 537 792 943 996
19 18 54 63 90 134 165 247 389 400 437 584 604 612 805 858 901 945 954 979
15 174 247 300 306 350 383 385 423 427 469 473 488 494 741 946
9 18 32 41 419 442 564 661 683 896
8 61 182 298 324 397 700 767 935
10 79 196 346 525 528 628 767 827 835 993
11 84 180 214 272 348 575 718 902 935 987 999
11 72 217 226 290 338 449 453 533 679 742 832
13 28 67 97 156 175 218 263 364 547 559 822 879 918
10 189 308 357 578 584 598 658 776 892 925
17 77 92 135 261 385 451 461 532 703 799 808 822 835 881 908 909 961
9 127 196 214 452 490 673 766 887 999
17 3 130 135 165 207 224 285 329 347 745 813 823 832 879 942 970 984
6 179 356 598 632 832 861
11 163 202 339 564 632 686 693 757 789 896 939
9 78 212 242 439 531 577 780 781 834
17 3 144 195 219 340 497 593 606 705 788 806 815 840 940 948 965 993
10 137 153 215 227 234 424 454 550 681 866
9 10 120 324 332 391 726 837 877 901
10 100 162 170 185 334 502 660 666 749 799
10 186 206 449 455 490 526 544 726 766 768
12 5 11 221 230 390 629 675 784 798 813 845 902
5 103 237 472 482 985
13 31 180 251 352 399 511 577 602 632 665 717 769 887
7 48 114 146 227 304 335 628
7 229 322 510 563 726 761 882
12 156 198 262 270 467 494 584 634 707 796 857 935
6 398 548 722 819 904 959
11 64 215 236 413 545 567 808 809 899 950 965
16 9 77 98 117 121 200 223 286 351 433 505 634 669 758 928 959
14 57 109 115 124 191 319 442 552 636 667 707 735 777 861
9 42 73 112 292 362 398 555 848 948
7 131 149 191 357 474 812 908
13 56 204 235 259 364 393 507 577 638 760 787 814 995
11 69 245 263 394 741 757 792 833 913 964 975
14 14 129 134 183 451 549 551 614 707 736 786 832 848 998
4 104 231 245 380
16 74 105 129 143 151 235 296 314 396 425 530 659 718 725 881 992
8 40 641 750 806 834 842 881 922
9 123 266 345 371 479 484 765 821 914
13 19 94 104 174 366 512 560 579 730 744 761 766 869
6 192 397 555 561 818 895
11 56 99 177 186 354 366 744 756 777 849 933
10 4 174 210 228 339 411 534 584 773 909
14 76 224 241 245 303 442 452 498 549 632 667 669 716 849
8 157 163 343 529 571 620 893 997
12 159 252 317 399 426 440 517 697 810 821 823 858
11 21 39 389 513 522 534 721 752 785 936 981
9 60 110 334 381 463 653 743 914 959
10 102 104 122 225 319 322 345 487 493 504
11 113 150 189 202 476 518 552 563 568 920 941
12 1 5 43 186 215 396 669 806 893 928 930 989
12 44 47 72 142 332 353 363 395 621 741 789 956
13 48 99 135 333 363 403 416 450 469 709 775 900 912
14 5 59 156 221 227 239 449 472 477 510 560 631 821 837
11 94 406 431 596 622 672 680 807 908 944 955
6 204 407 440 486 739 886
9 83 179 403 458 459 540 720 750 993
13 117 257 290 413 501 520 586 602 742 785 831 971 979
10 9 225 374 416 579 710 721 764 902 956
8 134 190 390 531 555 671 676 700
6 8 113 163 578 797 973
6 86 334 453 476 483 814
5 71 240 257 266 453
11 66 270 278 321 328 367 369 911 926 980 987
13 14 67 77 116 123 231 307 325 332 406 740 764 909
12 9 68 83 196 524 539 582 596 935 967 982 991
11 215 256 353 444 520 644 672 719 820 835 949
7 59 152 267 390 777 914 943
17 10 72 141 196 271 509 516 531 599 607 620 659 780 782 824 838 889
11 58 134 524 533 578 579 698 747 831 861 974
13 103 128 328 422 524 636 649 719 740 769 778 796 807
3 177 737 902
8 153 307 398 449 510 631 816 905
14 109 274 320 345 385 392 550 686 721 754 763 849 900 917
9 62 159 271 511 557 667 708 947 996
15 72 94 120 131 256 258 323 418 450 611 768 949 956 966 980
12 12 264 296 305 398 530 648 665 745 848 943 991
10 56 215 272 307 318 320 428 581 767 905
5 492 517 737 784 900
4 195 446 458 884
12 136 160 164 168 450 504 520 551 868 906 939 986
12 51 64 86 121 194 259 286 306 648 717 719 765
11 15 34 76 94 386 435 514 546 601 694 777
11 185 210 383 517 586 680 695 729 859 909 911
11 102 213 290 395 501 502 585 691 776 880 902
10 2 58 69 286 418 512 523 546 614 933
9 61 191 255 327 458 492 766 773 984
10 17 62 435 511 691 703 800 836 863 946
5 26 68 125 295 833
13 221 234 241 302 328 356 452 542 563 565 723 813 875
7 20 165 396 445 641 654 935
6 243 398 606 662 806 947
7 192 229 244 277 894 944 997
8 66 221 321 407 416 681 703 776
11 55 182 214 728 764 833 840 865 867 884 961
11 159 215 275 475 483 523 744 818 829 901 941
9 234 289 306 349 445 610 694 725 889
7 10 197 341 398 422 556 624
10 85 100 116 136 161 190 306 606 728 860
8 203 250 528 615 686 858 924 964
11 36 239 335 412 590 626 721 799 918 923 942
12 115 186 317 361 440 565 642 671 850 852 855 973
9 184 212 213 282 366 375 596 972 988
10 41 74 77 129 254 724 763 862 897 918
11 32 116 232 246 381 454 481 910 945 947 971
7 95 108 184 415 481 536 593
8 127 191 249 362 683 713 789 956
8 28 199 445 477 785 829 857 879
9 12 25 425 509 558 583 791 816 893
4 155 306 393 649
8 71 257 279 429 669 690 780 986
10 137 138 181 247 354 514 519 530 877 941
14 5 72 87 203 293 340 465 505 539 669 670 707 808 954
12 151 192 228 298 326 376 421 450 469 564 718 928
14 57 74 262 314 419 471 484 547 577 652 801 833 849 889
14 4 38 267 336 361 436 482 530 542 739 789 907 972 980
9 210 321 392 443 553 613 614 624 994
12 3 90 139 184 191 211 341 356 361 479 508 611
9 24 199 217 297 389 737 790 793 907
2 465 738
15 43 281 362 442 475 480 528 568 586 587 719 746 810 964 996
14 5 25 82 120 167 446 569 655 728 775 777 814 838 958
10 42 339 372 508 562 575 643 678 684 960
9 182 308 454 463 477 590 676 893 945
12 32 121 177 261 333 343 372 542 548 721 822 977
7 349 443 602 678 759 829 918
10 158 166 203 291 482 492 748 835 846 912
13 49 200 202 226 265 362 462 466 467 570 596 844 926
7 125 135 200 262 401 756 852
16 50 57 59 60 91 95 215 233 311 345 392 416 539 645 870 998
4 34 131 176 740
6 154 349 364 401 496 517
11 167 186 322 329 379 441 550 564 569 844 919
11 152 307 433 473 508 512 766 855 869 899 945
8 411 456 465 736 768 790 953 970
7 108 255 352 406 646 655 825
12 53 68 262 403 466 614 633 666 690 782 921 945
15 1 20 31 141 239 365 439 443 581 603 620 660 824 930 967
5 297 654 723 768 844
6 502 538 775 780 903 935
5 52 396 685 710 806
10 17 38 114 536 651 840 910 922 956 979
10 19 298 394 462 509 526 551 629 840 891
8 65 75 100 279 453 607 872 884
11 29 43 179 249 565 610 621 655 729 885 973
13 26 48 64 202 232 247 394 486 512 521 562 705 729
12 57 157 273 562 615 660 665 729 772 908 983 998
9 4 117 416 594 749 828 856 888 931
11 60 70 101 189 389 424 551 671 749 907 931
8 203 226 479 482 580 637 752 958
11 21 122 124 253 365 404 511 597 609 785 862
12 17 90 148 284 423 521 562 599 616 871 905 934
12 37 206 240 291 431 440 578 592 611 724 836 969
9 92 250 354 413 470 529 613 647 710
12 39 147 172 337 341 361 431 477 539 545 872 895
6 189 266 426 446 862 900
8 60 246 513 592 721 745 834 957
4 73 136 171 630
10 318 331 427 437 456 600 609 697 887 994
18 73 81 101 106 148 160 262 344 381 494 583 603 685 686 763 798 800 888
11 9 154 367 390 471 574 803 838 853 880 953
10 60 279 369 505 615 733 783 798 928 952
9 93 252 317 404 714 748 784 848 981
10 236 281 436 450 589 716 812 850 874 941
11 153 204 215 250 360 437 608 719 797 928 939
8 211 519 542 543 548 622 794 914
14 122 172 178 182 205 242 421 446 486 639 684 691 755 990
12 63 74 101 169 233 399 410 510 529 596 791 884
10 241 281 285 336 373 486 498 541 604 813
8 95 156 184 250 341 601 617 815
11 139 227 424 610 652 710 733 758 814 930 955
10 33 45 86 198 271 446 517 586 659 715
13 24 55 342 518 529 801 815 844 894 906 958 970 989
9 28 126 356 524 745 750 865 954 975
11 3 63 83 138 167 359 441 643 672 729 766
11 219 266 308 360 585 614 694 891 892 919 923
9 45 172 173 331 588 732 746 802 854
13 21 58 237 331 337 377 385 557 585 588 620 778 931
10 54 295 317 348 402 519 731 843 870 921
10 21 164 195 320 595 683 712 815 844 908
12 20 76 183 194 196 329 411 419 429 511 783 944
13 11 70 101 154 329 361 405 457 466 549 646 771 837
10 215 250 436 455 466 597 827 889 893 982
7 104 382 546 597 659 699 831
6 92 167 474 534 672 701
14 40 49 104 133 186 332 389 391 462 614 649 675 706 980
12 4 48 148 315 365 505 556 751 764 894 934 959
8 172 281 397 405 422 439 771 922
23 44 55 77 117 139 147 156 189 206 254 290 293 296 315 332 387 481 572 574 701 742 837 960
11 454 480 517 568 734 742 758 779 897 903 959
11 56 154 232 233 254 380 517 642 729 737 794
14 38 154 222 273 573 574 674 687 786 803 862 874 949 999
12 47 214 312 377 560 624 631 643 738 743 906 963
5 86 356 497 520 845
8 76 166 209 225 690 780 787 891
10 261 320 330 357 360 382 549 553 594 664
9 112 368 412 502 622 663 711 762 996
11 15 234 244 258 318 544 592 691 770 892 939
6 82 92 576 697 841 888
9 33 451 462 499 524 564 650 822 830
7 68 171 547 579 580 885 965
7 18 271 405 409 638 821 988
17 61 63 127 189 191 295 321 349 465 548 609 628 652 710 953 966 993
11 166 262 278 279 349 555 624 657 802 863 996
15 5 22 154 209 317 361 363 479 566 652 733 807 893 947 948
15 62 188 195 265 284 314 334 419 454 522 632 650 710 752 784
10 53 87 129 534 556 646 670 850 932 984
12 61 250 300 313 361 376 379 392 397 565 698 976
5 15 27 190 659 669
11 47 133 202 212 323 373 412 488 495 732 742
10 51 149 329 465 540 673 815 865 878 931
11 3 224 322 561 651 678 685 733 826 836 993
8 237 270 547 555 599 703 769 954
11 35 382 493 541 567 631 653 700 753 800 855
14 127 213 250 369 472 514 549 621 667 765 794 830 846 902
6 120 211 244 397 850 921
8 238 240 513 550 761 823 889 971
15 66 186 368 371 395 431 482 513 533 572 582 615 917 939 980
14 114 178 256 327 496 543 558 614 619 741 845 873 877 897
10 68 128 155 170 374 548 623 739 768 799
17 46 158 261 277 279 290 307 352 375 382 566 775 818 901 937 981 989
6 20 75 631 671 717 927
11 107 339 377 615 656 688 838 888 895 942 972
14 0 30 38 155 326 441 465 534 574 623 681 770 804 961
8 305 448 541 611 671 697 748 755
14 70 85 88 112 271 350 372 451 562 593 693 710 862 887
9 85 151 191 230 616 620 804 872 990
11 5 180 191 300 494 513 589 600 800 896 918
3 245 321 635
9 52 104 135 174 243 386 497 708 912
8 30 137 165 206 227 326 733 918
8 271 401 420 599 721 776 778 891
10 11 130 147 417 539 648 664 778 866 974
9 8 130 301 344 554 747 760 872 934
11 92 177 187 358 450 469 589 610 618 766 787
16 63 85 203 214 289 368 409 410 419 440 602 680 782 879 943 989
13 64 166 345 368 533 639 692 757 799 840 872 931 958
17 125 189 222 279 299 307 422 425 678 685 703 737 766 785 938 988 996
6 156 178 298 303 625 850
11 19 23 53 74 236 240 426 467 686 891 916
6 39 194 546 661 674 717
12 74 76 171 203 236 276 279 362 371 375 429 598
10 38 67 76 134 152 299 376 563 633 871
5 187 244 353 647 781
9 186 192 297 334 374 434 487 649 811
12 26 216 268 331 373 498 587 715 766 785 815 847
11 46 88 130 163 200 263 519 571 589 693 836
10 14 33 104 224 338 361 463 729 826 921
10 11 195 252 280 327 526 679 826 856 942
12 121 197 207 241 296 384 388 532 578 603 861 977
14 19 21 34 64 313 550 640 712 834 881 886 926 955 961
15 15 175 220 263 303 348 473 478 629 674 676 754 761 810 861
13 20 47 282 293 331 338 467 506 582 641 797 871 894
16 46 229 314 324 348 382 596 602 689 737 803 834 861 871 960 978
7 22 40 195 347 373 538 608
9 361 394 511 567 599 601 835 848 933
10 171 182 278 315 330 444 610 726 951 959
18 74 89 141 178 185 203 207 279 320 350 388 487 535 732 763 829 831 865
15 180 201 228 264 318 325 335 518 532 541 660 701 925 940 970
6 61 93 140 293 619 740
7 138 388 600 675 760 939 947
8 34 178 376 405 700 818 912 960
14 68 185 226 303 433 465 568 580 605 674 818 934 941 958
16 2 35 144 147 184 219 341 375 415 534 543 655 702 774 846 939
9 58 85 177 187 399 637 860 943 951
8 60 74 106 244 380 488 695 888
14 9 36 51 137 151 175 218 274 358 593 727 730 954 993
10 93 268 352 383 592 629 734 770 815 982
14 234 340 419 473 543 684 692 696 767 773 822 851 874 879
10 6 8 52 119 321 344 415 533 870 880
13 108 310 367 426 440 471 611 701 812 822 881 894 914
7 208 299 314 347 684 778 974
15 95 173 328 367 425 440 447 507 509 605 738 743 770 774 777
6 509 603 784 877 974 979
10 456 498 545 618 621 724 806 844 932 950
6 451 463 571 581 722 809
15 216 218 229 232 281 284 295 407 607 756 804 805 830 932 980
9 18 97 191 280 323 588 637 648 659
7 344 417 582 657 737 890 937
16 51 133 139 177 251 335 352 381 456 520 648 716 738 827 889 976
5 192 259 699 775 935
13 3 13 81 216 337 339 519 522 608 634 733 779 784
7 10 96 374 403 645 832 911
10 28 137 451 480 632 700 709 846 855 926
9 43 158 275 413 490 620 695 961 994
5 73 99 247 761 878
9 16 80 156 267 399 503 576 903 909
9 158 359 519 563 665 668 722 850 999
9 7 376 537 556 608 634 750 827 860
16 95 130 178 249 383 392 410 470 496 556 636 745 768 784 800 978
7 202 588 781 818 836 884 985
7 4 16 208 619 693 704 877
9 27 221 238 300 650 736 772 798 902
10 274 297 304 349 507 533 591 706 725 755
9 118 131 348 481 484 563 594 709 783
8 261 325 363 633 665 718 720 944
7 59 197 410 622 643 688 739
8 55 250 316 328 479 493 572 968
15 42 70 78 199 213 246 268 303 480 662 681 751 802 856 914
3 665 812 900
12 214 304 355 442 555 595 621 734 750 765 796 807
8 64 349 466 604 727 815 876 919
6 230 308 580 677 708 875
14 26 160 329 361 400 456 610 658 680 702 861 934 944 992
11 120 217 263 280 282 348 352 581 585 655 667
10 163 182 257 343 660 700 838 869 914 944
16 29 115 174 208 260 284 307 384 406 484 490 609 634 784 829 921
5 283 323 382 688 936
5 209 219 285 412 542
9 171 245 328 582 690 714 782 800 935
10 109 199 422 426 431 509 800 846 869 953
12 33 52 53 471 626 699 804 826 930 944 961 998
10 199 230 338 353 383 449 680 691 782 913
16 126 153 158 209 350 395 455 537 550 567 599 602 622 773 808 909
12 245 346 357 376 593 738 747 785 823 846 924 951
9 5 16 148 233 358 576 647 811 837
8 42 45 185 227 359 503 728 951
12 4 183 292 336 338 359 559 706 757 819 822 981
7 50 104 228 319 568 642 981
6 153 323 440 560 676 906
11 54 209 249 256 332 333 419 478 618 637 969
11 175 377 395 402 433 510 692 740 751 866 950
12 35 161 336 463 467 478 517 561 722 748 811 944
8 228 234 246 321 453 692 888 939
13 41 130 225 443 455 470 497 521 553 628 882 909 947
10 130 164 242 423 672 684 719 807 849 890
10 17 319 379 486 535 827 902 933 992 994
10 131 168 290 344 500 549 671 860 888 941
10 53 92 117 168 237 275 365 433 493 690
7 414 416 421 653 830 861 963
11 31 108 216 663 698 762 833 866 871 948 991
13 70 176 182 227 343 491 495 518 713 771 774 781 872
13 111 135 171 380 480 541 542 543 571 587 644 732 904
7 270 350 374 385 436 663 905
7 175 211 310 356 575 765 801
8 82 124 384 573 606 654 729 797
11 51 298 558 567 601 608 627 678 803 929 956
15 78 99 148 158 252 276 281 300 586 664 697 769 778 785 958
4 126 426 765 935
10 223 273 431 531 689 815 817 872 884 892
12 112 148 468 475 515 587 634 650 675 825 854 862
9 84 336 516 589 669 676 711 772 813
12 147 158 393 452 512 616 693 776 866 905 980 994
9 194 217 256 461 467 527 656 718 804
13 85 91 238 254 354 398 430 448 615 760 889 908 950
12 210 215 239 253 403 454 585 586 606 780 894 968
6 444 589 669 768 778 792
10 102 146 160 226 302 316 436 438 492 939
8 79 277 408 473 553 570 686 893
5 140 354 517 573 810
9 13 378 384 466 630 711 812 814 926
8 152 194 297 523 559 621 719 813
11 49 65 151 213 334 415 544 545 945 969 983
12 56 177 284 434 453 570 685 697 814 903 917 926
9 217 258 356 583 695 718 790 909 961
9 21 67 199 205 443 546 602 776 913
10 54 157 164 170 260 355 358 610 806 918
9 6 153 470 648 760 873 885 913 975
10 23 68 251 273 382 563 621 690 865 991
10 57 65 124 242 306 357 438 525 673 801
15 6 64 82 146 149 261 317 410 430 633 714 771 978 980 994
11 146 207 264 265 386 425 567 586 862 892 894
4 141 522 786 979
9 236 429 630 657 741 754 810 934 942
15 6 21 38 201 254 257 278 385 421 436 613 648 682 811 945
11 57 103 149 224 241 593 727 869 894 966 976
8 254 351 470 500 556 654 821 931
9 10 38 281 455 461 491 583 820 836
11 73 135 251 435 478 611 697 731 735 815 939
22 19 133 222 263 272 281 300 303 345 380 407 416 436 483 530 571 631 634 642 827 844 914
11 3 51 54 77 305 400 401 474 665 773 946
14 56 116 307 416 472 531 535 616 686 743 826 854 858 911
8 249 280 353 419 467 609 734 906
6 335 594 620 664 669 890
11 10 186 217 277 336 578 584 728 757 811 849
10 21 152 275 329 543 689 738 833 940 970
10 39 77 89 208 439 483 665 710 767 818
8 64 167 359 660 669 728 880 952
8 286 342 374 449 518 536 617 677
15 66 76 122 273 300 405 481 490 628 739 752 861 905 918 979
14 42 151 166 316 326 426 438 464 479 518 669 931 950 998
15 25 247 288 308 467 574 628 629 668 734 743 834 886 927 987
6 24 251 586 678 916 999
12 170 220 229 391 411 465 507 536 591 742 863 960
7 10 341 411 640 687 728 794
11 20 75 137 146 340 465 533 632 706 709 970
10 52 109 171 229 558 577 691 799 869 963
13 1 114 417 475 559 602 670 678 686 703 818 861 905
15 17 27 133 156 233 330 354 443 454 504 547 634 642 711 734
9 80 131 210 256 431 588 759 827 900
7 429 591 631 794 808 837 859
14 23 64 95 192 218 269 361 412 840 848 893 894 907 976
7 79 310 410 448 503 512 798
12 71 94 178 261 275 347 361 376 515 531 751 873
9 121 241 250 260 261 390 505 564 971
8 2 259 264 319 347 396 430 743
9 34 89 334 335 390 515 834 876 881
12 26 152 562 587 611 781 787 801 840 924 937 943
7 37 62 307 355 381 861 866
5 252 422 467 697 949
10 14 59 98 457 561 649 732 876 895 999
14 22 126 139 196 262 357 417 556 558 689 789 834 847 921
11 43 231 406 415 497 616 633 783 808 939 998
15 58 81 174 212 271 298 299 484 556 610 624 686 706 707 859
12 12 203 248 389 511 569 731 756 794 810 950 956
9 41 153 222 316 317 573 600 695 843
8 138 144 218 557 588 650 733 903
12 40 198 218 317 620 623 673 708 740 907 920 934
8 67 153 271 329 397 673 994 997
12 9 38 246 375 412 434 447 488 537 671 753 961
11 98 120 206 220 223 355 451 467 601 697 722
12 103 176 252 375 406 424 509 710 787 799 911 935
7 121 297 304 349 424 672 916
13 301 322 371 442 517 648 746 760 801 931 950 954 956
13 151 204 263 270 300 641 712 719 761 771 888 889 923
14 8 11 27 217 228 243 376 428 560 667 696 747 822 994
17 3 35 49 139 213 289 383 390 408 417 486 565 738 748 818 821 871
9 225 429 458 518 567 747 750 869 886
16 187 196 214 296 382 412 566 569 576 607 642 664 698 736 765 940
4 335 469 505 822
4 304 325 736 937
14 38 242 267 350 359 437 492 617 658 659 687 773 784 813
4 46 423 714 957
5 199 290 463 764 824
12 59 318 394 435 442 450 598 763 813 835 859 928
20 0 8 19 131 287 306 329 344 404 406 521 596 665 667 714 812 816 887 991 994
12 114 132 154 194 197 253 273 353 408 442 613 711
7 213 256 301 342 465 534 820
8 158 296 306 532 737 917 922 953
12 68 202 232 235 328 345 608 644 645 708 768 836
14 125 201 233 240 382 401 579 676 685 723 766 786 900 998
8 196 364 544 841 868 872 904 966
9 366 492 504 522 654 703 857 927 988
9 68 95 319 323 395 596 611 673 726
12 38 216 263 315 375 378 454 466 580 654 870 939
6 135 403 408 409 431 679
9 66 127 153 430 485 491 511 727 772
10 191 411 434 553 647 650 778 793 798 907
12 1 214 301 368 395 401 406 463 523 652 821 878
12 187 323 328 484 549 608 643 687 764 826 935 942
11 18 261 375 414 450 578 585 712 787 850 899
12 3 43 145 161 220 223 465 518 557 619 702 965
5 55 107 176 283 872
14 62 226 280 293 321 412 491 538 539 633 788 794 931 935
12 25 89 158 164 206 279 370 386 595 828 900 983
7 350 434 884 886 907 974 994
11 2 89 120 294 321 369 387 575 802 933 950
8 524 529 535 569 576 671 766 889
9 60 220 322 417 590 615 898 957 967
9 50 201 523 611 660 680 707 711 940
11 121 185 195 293 322 387 388 392 642 798 935
10 77 172 186 427 431 473 559 652 788 972
13 144 260 271 280 381 438 440 470 511 722 771 884 897
12 30 276 326 378 498 560 603 612 635 684 837 861
5 13 43 274 665 964
10 47 150 222 238 379 498 525 853 879 949
8 95 382 557 852 935 946 952 989
7 2 319 378 573 737 768 971
9 84 252 365 498 530 610 680 872 958
6 544 645 695 861 874 991
7 7 35 130 395 422 504 829
9 30 65 126 207 390 397 442 496 768
10 97 100 233 480 787 800 821 863 871 985
7 360 495 661 685 724 892 934
16 33 192 313 409 426 466 646 648 650 700 726 776 784 795 850 856
12 120 500 547 552 588 622 737 758 892 928 949 972
9 133 211 221 331 484 600 780 859 900
1 967
12 79 160 226 310 315 335 491 570 607 654 755 929
12 13 168 245 335 370 413 629 718 727 739 795 952
12 80 140 164 171 179 284 286 491 927 968 988 991
7 18 194 225 477 828 925 956
10 42 282 436 530 702 707 762 783 814 922
10 3 7 120 154 278 526 575 666 831 885
14 10 65 154 198 322 349 548 639 649 650 727 813 859 916
16 152 302 377 382 540 551 623 630 633 728 736 828 839 855 889 891
6 201 615 754 790 926 989
9 139 141 390 560 588 665 856 921 964
3 20 486 699
7 2 157 328 382 698 793 797
11 221 260 271 378 414 508 615 670 688 900 907
9 17 23 156 161 283 361 607 682 835
11 41 72 309 354 376 404 408 504 632 665 852
8 66 98 265 266 481 557 666 774
12 154 304 336 350 406 433 434 647 667 793 883 932
6 58 134 263 366 421 721
9 49 102 261 348 374 385 881 927 957
13 60 206 286 300 386 476 491 540 564 687 736 842 849
6 112 134 541 597 754 870
11 2 255 261 367 452 647 778 814 842 929 937
12 33 44 262 341 407 419 555 622 822 892 901 953
9 333 544 556 595 619 662 720 724 811
16 55 102 219 221 465 493 511 579 613 676 741 811 844 872 935 970
13 22 76 91 160 203 331 349 365 675 722 770 951 989
13 112 181 264 539 572 591 628 636 872 928 933 941 996
14 198 209 293 304 326 405 572 594 736 758 860 862 887 909
9 331 441 447 505 520 579 601 745 788
18 143 191 203 284 305 311 359 386 489 569 583 649 667 742 758 762 788 920
11 15 65 87 224 437 551 619 797 933 948 975
11 27 80 153 267 278 290 399 410 624 991 996
6 271 319 500 586 615 849
6 125 161 248 845 935 982
7 34 190 225 368 424 530 837
14 55 65 169 256 449 470 475 552 696 786 827 841 863 877
9 21 88 199 379 397 414 492 617 887
11 133 349 402 417 455 468 481 611 689 723 977
5 536 586 683 750 803
5 100 220 423 729 828
11 106 245 329 469 474 548 730 739 776 784 947
10 13 37 281 308 387 477 569 589 716 769
12 76 111 222 512 515 545 788 804 834 842 877 958
12 44 103 106 117 359 406 428 451 543 576 741 949
15 32 125 177 202 340 406 439 461 480 683 710 721 751 892 954
9 212 314 323 332 390 501 538 915 937
13 28 103 159 268 291 381 393 460 480 679 768 808 921
6 47 266 449 523 626 658
11 128 183 204 291 321 369 430 709 752 754 981
15 21 166 223 243 261 386 435 444 464 562 667 695 702 766 968
3 196 388 910
11 76 168 238 245 359 636 779 809 871 918 942
10 103 202 222 340 347 470 614 750 825 929
12 163 190 388 404 497 500 522 624 627 753 776 916
8 109 158 161 170 254 529 572 698
9 174 190 293 326 359 446 804 894 959
12 96 161 165 316 533 575 612 644 703 798 874 911
11 7 18 90 208 280 434 538 584 825 869 962
8 24 66 202 224 301 497 572 811
7 164 232 282 345 496 711 794
6 15 182 351 405 655 868
11 104 153 301 316 460 524 647 680 747 750 873
7 157 618 778 829 867 883 978
16 4 29 57 103 111 206 233 363 425 447 510 558 561 821 862 891
10 100 114 228 280 285 733 865 886 917 940
11 9 19 39 198 259 331 359 447 534 567 708
18 2 34 78 82 194 236 249 313 387 544 545 574 607 633 763 777 810 840
9 225 232 302 351 390 603 671 673 881
11 157 216 337 392 438 482 652 723 843 891 895
12 244 273 382 548 583 630 659 700 760 804 860 954
21 30 108 198 329 400 402 422 462 487 536 677 706 735 808 836 840 847 853 889 898 985
6 114 210 220 245 443 704
10 297 617 675 794 817 886 910 947 964 968
6 106 190 222 390 392 634
16 0 88 241 339 410 477 561 594 614 657 660 720 744 765 799 831
11 90 126 151 364 412 655 772 815 846 929 969
10 128 173 266 446 492 508 560 659 724 891
9 217 333 408 497 619 645 760 836 916
7 18 396 464 473 632 661 794
13 63 117 123 161 350 451 489 577 692 700 702 708 719
13 37 79 158 267 397 501 520 530 533 749 761 971 990
8 154 185 265 275 398 484 767 853
12 23 121 171 303 471 488 501 601 657 721 905 937
13 87 220 221 279 369 412 427 601 727 895 953 970 989
11 8 130 298 340 463 472 588 796 852 862 908
11 136 289 305 424 671 718 741 777 801 810 843
12 42 125 138 152 313 360 653 661 711 713 890 968
12 11 13 74 148 250 293 388 558 774 853 866 954
7 531 557 599 707 825 887 948
13 12 130 311 397 509 570 609 663 810 909 934 952 998
8 22 33 262 326 340 451 567 647
15 43 78 196 356 448 455 472 503 538 733 801 810 868 990 993
7 195 283 553 819 845 883 986
12 83 171 214 518 546 569 633 659 734 855 907 969
12 17 189 285 303 423 425 444 583 586 653 920 964
10 14 28 198 226 297 519 585 650 658 780
12 141 170 291 328 406 491 620 647 681 708 751 806
7 57 71 323 369 922 965 979
7 47 180 358 589 726 783 975
14 20 59 191 193 256 322 385 430 496 517 851 874 937 959
10 63 85 271 370 412 424 597 838 962 970
6 193 472 599 762 828 992
6 225 351 462 534 845 864
16 42 72 233 250 286 298 323 355 356 694 742 867 914 937 951 999
9 175 199 202 315 549 717 749 940 958
13 21 290 330 408 531 569 655 772 782 889 948 965 975
11 27 134 156 186 202 454 501 613 791 854 945
8 146 151 499 512 619 848 862 983
6 32 175 285 457 498 541
12 67 90 217 256 281 346 350 466 629 668 670 842
11 29 95 111 167 296 430 570 754 895 963 970
10 21 72 201 210 242 312 604 676 762 788
7 95 142 183 387 521 646 902
6 235 318 650 686 757 927
13 59 335 363 383 397 454 538 670 759 776 962 982 997
11 255 288 345 460 472 512 582 614 673 739 757
11 137 142 268 364 393 443 559 617 714 715 913
10 80 177 178 184 462 579 664 898 979 993
15 43 84 106 120 156 179 185 206 340 346 378 543 749 841 972
8 58 59 387 408 483 603 992 997
8 72 111 134 227 418 687 859 935
5 76 272 477 507 957
5 314 345 402 460 778
7 168 230 499 598 634 829 867
10 65 205 447 569 617 632 853 873 890 948
7 146 281 307 563 623 945 956
10 255 278 462 473 727 755 822 856 867 896
9 2 18 88 154 433 700 723 966 984
9 202 401 412 453 599 608 663 956 982
19 122 211 246 272 305 363 377 380 394 513 555 681 723 739 757 805 812 822 842
5 165 202 203 376 429
12 1 107 121 191 396 471 517 593 600 634 891 896
7 8 241 441 489 805 979 984
13 43 67 143 175 324 431 526 543 708 777 799 827 954
9 169 307 402 407 588 684 779 797 968
