100
1 72
1 66
4 53 13 24 94
4 12 41 80 95
2 36 47
2 33 96
3 28 61 89
1 25
2 59 74
4 14 47 81 99
5 11 64 76 79 86
4 10 39 44 87
1 3
2 2 88
5 9 29 66 81 91
1 81
1 27
1 58
1 49
1 51
3 53 72 96
3 65 22 84
4 21 49 79 92
2 25 81
3 2 60 78
3 7 23 35
2 77 39
8 58 16 78 28 40 81 85 95
2 6 27
2 64 14
1 40
3 53 61 51
2 55 88
2 5 81
4 79 82 86 42
4 25 38 87 97
2 4 92
3 69 83 39
2 61 35
7 53 11 78 80 26 82 37
3 27 30 49
3 3 80 45
2 64 34
1 52
2 11 99
2 94 41
2 53 74
4 4 9 62 67
3 68 72 84
3 18 22 40
3 59 82 95
4 66 19 31 94
2 43 70
10 2 20 31 39 46 56 67 78 95 99
1 76
3 32 59 76
2 53 75
1 70
3 17 27 98
4 55 8 50 71
1 24
3 6 31 38
5 47 63 64 78 83
1 62
5 62 10 29 42 70
2 21 74
4 1 14 51 68
2 53 47
2 66 48
2 37 90
5 52 57 64 73 79
2 59 92
3 0 20 48
1 70
4 8 65 46 83
1 56
4 54 55 10 81
1 26
8 53 62 24 27 39 92 93 94
6 10 70 22 34 80 85
4 3 79 39 41
8 9 14 15 76 23 27 33 90
3 34 39 50
3 62 74 37
2 21 48
3 79 27 89
3 10 34 95
2 11 35
3 13 32 97
2 6 85
2 69 81
1 14
4 71 22 78 36
1 78
5 2 78 45 51 98
5 53 3 27 86 50
2 5 20
2 35 88
2 58 94
3 53 9 44
