600
5 1 39 374 494 567
5 0 285 509 533 562
12 86 118 239 243 303 343 367 408 465 489 506 524
8 133 258 302 323 355 416 434 560
11 16 41 161 245 264 265 300 305 363 378 432
5 8 25 71 97 524
6 52 101 381 402 494 598
6 52 137 251 269 401 487
10 5 17 184 194 273 292 409 462 472 525
7 165 182 245 350 380 389 577
6 176 212 280 297 483 578
8 144 178 195 408 451 521 547 577
4 282 358 392 541
7 41 90 287 317 327 475 582
6 27 56 232 360 505 570
5 19 218 349 393 586
12 4 26 135 262 326 346 348 391 460 468 544 552
6 8 90 170 363 481 579
10 63 90 135 141 146 147 214 455 476 573
6 15 134 135 184 341 558
5 163 211 321 425 478
5 235 296 342 410 550
4 31 98 124 246
5 93 216 232 307 549
8 64 147 194 212 340 518 534 579
6 5 165 282 391 543 562
4 16 40 152 401
7 14 91 186 192 328 479 547
10 302 317 357 374 387 460 462 487 492 501
5 74 165 254 354 486
4 46 232 484 530
12 22 36 67 110 187 252 306 422 433 523 576 588
12 67 114 178 205 264 304 320 411 506 580 592 599
4 47 107 184 534
6 97 103 178 340 345 433
6 67 123 197 221 388 394
6 31 43 87 153 213 310
7 111 137 366 401 407 443 465
6 54 153 316 379 402 473
5 0 57 87 159 315
4 26 347 454 465
10 4 13 92 216 274 285 346 399 482 593
8 265 310 420 480 493 586 590 593
7 36 181 278 287 364 479 508
8 71 116 227 343 361 383 571 587
8 56 164 321 384 391 457 469 476
10 30 110 151 195 206 319 456 515 525 541
9 33 53 169 272 290 370 470 531 558
7 53 124 210 224 235 387 599
12 64 97 119 135 210 315 359 372 398 455 496 500
4 324 350 376 422
10 71 99 117 119 120 252 331 333 412 463
8 6 7 74 242 422 444 562 580
6 47 48 135 177 450 520
7 38 137 165 186 333 408 482
7 88 110 178 305 442 457 562
7 14 45 69 225 268 343 581
6 39 93 130 233 513 592
12 111 123 161 167 191 210 293 376 377 383 399 587
5 125 210 300 541 574
4 376 388 544 567
5 126 237 329 353 382
6 68 256 266 279 282 477
10 18 117 154 295 310 338 414 476 500 589
5 24 49 71 409 557
5 131 251 480 488 531
4 193 257 412 444
8 31 32 35 74 156 324 333 350
7 62 110 147 263 284 449 536
8 56 163 256 263 352 354 379 559
5 80 333 400 546 592
9 5 44 51 64 151 164 373 507 597
5 151 180 295 314 564
6 128 136 277 430 473 556
7 29 52 67 140 439 548 560
4 202 252 376 537
1 182
4 138 251 323 571
11 135 196 279 305 369 426 488 509 519 524 592
9 115 140 167 251 307 390 510 573 597
8 70 101 173 263 326 337 470 596
6 176 385 497 542 549 576
6 227 342 431 481 515 568
9 103 173 239 380 381 388 414 438 578
6 149 196 253 270 274 387
7 103 237 239 379 439 463 502
7 2 139 190 199 293 331 575
7 36 39 221 244 299 401 410
8 55 104 169 221 299 343 485 576
7 100 303 339 407 481 489 528
8 13 17 18 98 123 158 204 506
6 27 247 449 457 458 594
6 41 175 205 330 380 446
12 23 57 168 187 208 210 327 333 355 432 444 577
2 366 457
4 218 377 401 568
8 165 313 387 452 468 478 526 576
9 5 34 49 244 276 335 431 484 559
8 22 90 149 201 228 298 372 374
9 51 308 411 413 431 444 446 495 556
5 89 261 278 291 550
9 6 80 109 131 204 333 425 449 520
10 125 163 187 293 436 506 542 556 557 571
6 34 83 85 210 239 557
5 88 308 362 384 552
5 133 372 454 556 583
10 164 331 359 396 429 439 473 522 573 581
6 33 176 218 330 337 345
5 128 145 217 220 345
9 101 199 204 235 392 401 435 441 599
15 31 46 55 68 130 131 196 197 257 307 382 399 407 453 549
7 37 58 240 268 320 522 592
2 299 537
2 337 396
8 32 119 149 176 253 349 434 589
11 79 124 198 207 283 397 398 433 510 572 592
7 44 118 187 382 399 490 504
7 51 63 236 324 361 385 582
6 2 116 172 229 476 518
8 49 51 114 349 386 447 452 562
8 51 222 243 281 348 364 389 510
7 238 273 349 481 490 498 580
4 164 292 390 420
10 35 58 90 181 249 340 486 525 538 564
6 22 48 115 460 497 527
14 59 102 139 176 190 241 309 321 365 415 496 549 554 558
8 61 300 308 325 383 397 483 540
4 169 204 267 335
9 73 108 136 158 239 390 397 458 515
7 137 214 303 336 369 441 596
11 57 110 142 189 233 238 383 423 490 503 581
11 65 101 110 214 244 264 291 310 335 351 448
6 235 401 406 476 485 486
5 3 105 243 344 536
8 19 154 194 392 488 506 565 574
14 16 18 19 49 53 78 149 245 265 288 290 529 536 574
9 73 128 186 357 385 464 484 548 554
11 7 37 54 129 149 173 251 445 488 506 552
8 77 172 207 239 259 367 541 558
10 86 125 161 234 309 325 398 449 508 520
5 74 79 245 377 424
5 18 244 288 358 437
3 130 265 448
7 176 205 259 288 390 567 598
7 11 209 242 337 438 456 492
4 108 289 379 552
6 18 175 209 358 369 400
10 18 24 68 226 259 429 521 546 553 565
7 204 206 222 422 437 487 596
12 84 98 114 135 137 182 216 231 299 321 412 471
3 194 483 542
10 46 71 72 329 335 338 351 421 577 588
7 26 163 207 246 407 455 463
8 36 38 208 261 334 389 444 513
6 63 134 173 199 326 448
5 286 314 533 591 595
6 67 186 279 371 447 586
4 427 454 511 529
10 90 128 237 307 419 457 477 505 533 552
11 39 204 219 249 301 315 333 362 481 534 579
4 184 280 458 537
9 4 58 139 208 309 364 458 531 572
4 255 344 531 551
9 20 69 102 152 165 184 233 464 596
11 45 71 106 122 167 197 291 411 468 477 572
13 9 25 29 54 96 163 212 272 362 396 460 524 595
6 208 319 362 385 397 574
9 58 79 164 389 426 466 508 511 561
9 93 184 304 406 444 462 464 547 594
5 47 88 127 428 507
9 17 171 327 364 406 427 453 522 540
4 170 383 489 575
5 118 138 187 234 284
10 80 83 137 154 300 393 508 510 538 577
2 204 509
6 92 146 222 417 452 566
10 10 81 107 114 125 143 385 387 403 482
8 53 193 231 378 444 464 470 532
9 11 32 34 55 205 381 503 558 559
5 182 190 288 449 526
7 72 280 375 465 540 575 596
8 43 123 276 313 385 427 479 594
9 9 76 149 179 236 344 424 471 547
5 199 391 518 562 576
10 8 19 33 160 163 168 355 396 501 520
5 421 449 484 557 559
9 27 54 136 156 187 208 332 358 493
8 31 93 102 116 172 186 263 500
8 189 197 198 217 225 277 348 397
10 130 188 191 248 263 312 367 510 525 586
10 86 125 179 279 365 428 500 504 584 588
4 58 189 394 599
5 27 374 512 538 579
12 66 177 221 225 272 275 288 421 429 496 504 583
14 8 24 134 150 239 312 349 350 366 425 468 494 546 564
6 11 46 198 222 396 475
9 78 84 110 205 332 345 346 393 539
7 35 110 164 188 199 271 364
10 115 188 195 247 407 467 491 520 521 590
8 86 109 154 183 197 302 434 436
4 330 346 408 563
8 98 208 241 258 306 373 408 567
7 75 243 300 549 554 579 592
7 224 292 303 330 338 472 534
8 90 101 109 127 148 159 174 341
9 32 92 143 178 196 333 381 402 494
10 46 148 255 263 277 310 384 464 496 591
9 115 138 152 233 347 392 394 418 426
13 93 153 161 166 186 201 231 376 397 431 440 492 571
6 144 146 246 314 407 426
13 48 49 58 59 93 103 240 288 303 342 441 580 588
9 20 343 413 433 434 469 492 540 553
7 10 24 165 335 344 517 576
11 36 294 302 303 330 350 363 395 425 476 477
8 18 129 131 363 419 560 590 596
3 256 257 499
5 23 41 149 272 533
4 108 188 521 587
6 15 95 107 306 307 376
4 159 487 501 505
4 108 387 477 530
9 35 87 88 193 346 373 435 526 596
8 120 148 175 195 400 439 464 596
5 333 407 479 511 550
10 48 203 352 368 394 428 455 490 497 526
10 56 188 193 231 237 277 346 440 460 586
8 147 230 282 379 458 532 540 552
7 44 82 245 270 489 515 528
4 98 298 446 550
6 118 318 321 395 493 596
7 226 284 370 431 435 500 503
11 149 177 208 225 250 252 276 280 289 292 572
6 14 23 30 246 261 399
7 57 130 163 207 347 435 564
7 139 172 268 315 409 448 502
9 21 48 109 132 326 334 494 530 555
6 117 182 350 360 470 538
11 61 85 158 225 266 314 427 494 503 549 583
7 121 130 267 290 406 464 534
13 2 83 85 103 128 138 194 450 489 502 530 569 593
6 111 210 360 383 502 518
7 125 201 383 414 420 457 567
5 52 144 258 349 472
12 2 120 133 202 365 476 487 490 508 568 574 587
7 87 97 131 141 329 411 521
9 4 9 135 140 227 380 474 481 489
10 22 152 209 232 301 349 364 383 466 534
2 91 198
3 189 337 460
7 123 159 275 292 385 430 564
4 231 327 438 582
10 7 65 77 79 137 297 385 458 560 582
6 31 51 75 231 332 574
10 84 114 266 328 330 370 430 445 502 599
3 29 453 487
7 162 206 282 287 463 493 552
10 62 69 215 302 351 440 449 460 464 523
7 66 110 215 449 456 511 563
4 3 201 242 549
9 138 143 147 261 267 294 328 383 511
5 312 343 374 539 598
8 100 153 232 259 304 423 493 515
3 16 475 565
7 68 69 80 187 189 206 296
6 4 32 131 487 539 560
8 4 42 135 142 279 382 493 505
8 62 237 253 376 410 488 571 579
6 127 238 259 288 446 533
7 56 111 234 271 319 437 453
5 7 351 431 462 580
6 84 227 332 405 407 425
4 197 268 281 286
7 47 165 193 216 550 559 591
9 8 121 300 361 366 374 398 506 536
9 41 84 309 315 350 351 451 501 518
9 193 249 309 393 436 447 466 471 488
6 97 181 231 382 491 546
9 73 188 206 225 329 414 461 511 554
5 43 100 301 573 597
7 62 78 156 190 265 580 591
9 10 160 180 231 313 392 450 570 595
3 120 271 532
9 12 25 62 226 255 303 325 363 421
9 115 304 356 410 422 439 516 549 550
7 68 172 230 295 418 470 531
7 1 41 302 308 325 370 563
5 155 271 291 464 593
9 13 43 255 301 418 427 482 504 572
10 135 141 143 179 193 210 267 321 337 489
6 145 231 365 400 487 573
6 47 135 238 411 427 470
9 100 131 164 286 308 449 492 499 544
7 8 122 203 231 249 333 378
5 58 86 102 365 517
5 213 259 405 512 513
3 63 72 284
5 21 263 475 499 530
6 10 251 300 355 491 539
3 98 228 393
8 87 88 112 149 303 306 313 529
11 4 59 126 173 202 273 297 318 404 430 578
10 159 246 278 287 326 349 395 483 511 536
11 3 28 199 213 256 285 313 321 446 548 591
8 2 89 129 203 210 213 282 299
10 32 168 261 283 311 340 356 436 586 597
6 4 55 78 341 506 581
9 31 201 218 299 336 347 388 408 413
9 23 79 110 158 218 321 327 494 589
8 99 104 126 285 291 452 503 551
7 125 139 161 274 275 342 559
9 36 42 63 131 206 318 389 524 599
1 304
6 189 194 260 329 341 556
9 96 181 280 299 302 464 513 523 543
6 72 155 209 237 390 495
10 39 49 159 234 274 370 384 402 417 557
3 38 431 487
5 13 28 508 580 590
7 229 300 310 330 380 508 537
6 46 166 268 366 526 532
5 32 111 368 375 439
10 20 45 125 149 229 288 302 307 336 439
6 336 371 439 468 592 599
7 3 77 358 498 514 535 562
7 50 67 117 330 405 548 562
7 126 139 282 285 352 386 581
8 16 80 154 235 301 359 475 519
10 13 93 170 250 307 336 361 372 525 546
5 27 253 259 350 504
7 61 151 244 277 312 391 431
10 92 107 200 203 213 253 318 324 526 541
4 51 86 106 381
8 186 196 252 270 362 423 534 596
16 51 54 67 70 93 101 159 205 223 292 355 414 461 481 482 535
5 153 235 434 452 474
10 97 127 131 151 212 367 436 480 560 567
8 129 306 321 322 327 376 478 552
11 80 107 113 144 248 288 387 413 418 455 594
5 63 151 203 363 490
7 89 368 395 431 443 458 579
6 24 34 123 304 356 398
9 19 204 305 312 483 490 540 547 581
8 21 82 210 309 450 453 520 578
9 2 44 56 88 211 260 388 439 464
10 133 162 182 212 370 421 537 538 556 558
7 34 107 108 196 357 442 484
10 16 41 196 200 221 225 357 374 471 562
8 40 207 233 306 441 509 524 557
5 16 120 188 432 490
10 15 114 119 121 194 242 246 301 473 571
10 9 50 67 194 213 236 274 328 390 505
9 131 151 256 269 274 359 497 536 539
7 69 224 325 359 398 424 501
2 61 426
6 29 69 370 393 429 591
8 3 93 184 297 333 462 540 582
8 283 304 340 444 448 458 545 582
8 28 136 345 346 415 485 519 528
9 12 141 146 186 323 418 467 538 567
6 49 106 326 351 352 587
4 14 236 240 493
6 44 117 273 327 395 431
8 104 159 165 166 332 378 484 597
12 4 17 213 214 282 338 395 443 488 539 573 574
10 43 120 161 170 197 246 383 394 431 474
7 125 190 243 289 293 442 448
9 37 94 194 273 319 406 490 520 562
8 2 138 189 335 408 443 496 504
9 224 320 339 382 396 425 454 482 513
5 78 129 146 512 557
11 47 230 253 285 315 344 354 371 554 567 591
6 156 322 370 373 527 529
6 49 98 105 327 377 446
9 71 201 221 371 416 506 535 541 569
12 0 28 98 192 260 273 346 377 411 467 486 583
6 180 320 405 423 452 455
12 50 58 60 75 208 218 266 336 420 431 519 534
8 58 95 140 372 374 486 526 594
6 4 177 292 362 482 555
6 38 69 85 145 226 551
8 9 83 92 245 318 392 471 521
7 6 83 178 205 331 451 526
7 61 110 116 265 276 368 464
13 44 58 126 130 171 240 241 246 259 364 410 530 570
11 45 104 206 315 387 419 457 508 526 562 581
13 81 117 136 166 176 181 249 251 408 427 464 475 597
3 119 325 399
9 28 48 84 96 176 220 337 384 525
7 35 60 83 306 343 420 504
9 9 120 153 167 310 409 496 514 569
8 79 122 128 143 314 350 518 589
10 16 25 45 183 329 432 533 559 579 583
9 12 109 134 207 280 380 407 460 518
9 15 173 196 275 298 354 480 525 540
8 35 191 207 224 364 485 518 525
8 213 229 301 339 361 363 503 563
8 106 113 165 184 195 368 576 582
11 115 126 128 166 188 208 442 461 499 501 520
8 49 115 139 273 340 352 492 581
9 41 58 110 116 232 386 517 570 576
6 70 146 222 289 422 535
9 7 26 37 87 95 109 132 440 578
6 6 38 205 315 524 531
3 176 413 471
4 300 474 529 590
6 270 294 324 375 487 575
9 132 168 170 238 366 456 486 500 591
11 37 89 110 152 198 209 223 270 392 497 536
10 2 11 54 200 201 306 367 385 443 474
6 8 64 234 389 502 550
8 21 87 266 283 383 425 513 559
9 32 99 164 244 290 374 422 583 596
4 51 66 149 460
7 99 211 306 337 403 438 512
8 63 83 241 277 333 450 474 482
6 125 357 472 492 504 532
5 3 373 420 428 529
4 175 315 429 455
6 207 284 287 337 358 473
6 158 214 384 435 437 571
7 42 122 241 376 388 416 446
6 151 185 193 282 344 588
10 31 50 52 148 283 400 411 484 514 552
8 130 261 332 375 444 453 463 488
3 140 182 352
9 20 101 194 213 270 368 410 518 571
5 78 167 207 209 353
10 157 170 181 237 287 290 385 474 499 557
5 169 190 224 416 565
8 106 147 193 354 417 434 482 564
6 73 249 253 300 482 523
13 82 97 99 208 230 269 316 329 339 361 364 376 549
5 4 93 348 391 505
5 31 34 115 211 576
8 3 114 199 211 334 429 457 494
8 109 221 230 233 419 447 521 575
8 102 199 275 304 335 438 452 571
6 141 148 268 419 535 567
7 83 144 250 413 436 488 511
10 74 85 106 222 283 320 321 322 343 442
5 208 225 256 401 546
6 109 129 210 347 463 483
6 55 345 365 397 439 480
8 37 339 363 367 408 485 561 580
13 52 66 93 99 153 168 177 356 423 466 471 475 581
6 137 253 490 526 532 538
12 92 99 228 267 302 372 420 470 521 546 591 596
5 119 156 275 435 486
8 131 142 154 234 356 365 540 588
10 68 91 101 139 179 185 256 257 291 567
6 53 239 280 342 414 539
4 11 274 381 559
8 96 119 175 308 334 375 436 489
9 110 170 254 268 342 423 545 554 559
6 40 105 157 368 487 555
9 18 49 152 224 337 375 417 520 595
5 46 144 257 406 483
10 45 55 91 94 158 241 384 434 591 596
11 91 128 160 161 226 251 339 356 519 538 540
1 590
9 16 28 124 165 225 248 256 392 412
5 277 333 397 493 562
6 8 28 168 269 355 504
8 51 85 152 255 423 441 490 567
15 136 163 168 177 206 222 238 256 286 313 343 382 385 497 552
5 2 37 40 180 572
5 167 246 275 444 547
3 198 358 374
6 16 96 164 194 322 568
4 45 211 531 577
11 47 80 177 236 284 290 446 518 546 555 590
8 149 182 275 346 380 403 444 533
5 8 203 242 415 478
7 38 73 106 349 418 523 585
10 245 334 364 404 408 414 427 492 518 546
7 13 195 262 296 326 385 444
11 18 45 63 118 132 213 243 508 539 540 548
6 62 158 164 213 220 527
8 20 96 336 472 483 508 566 570
6 27 43 181 223 518 521
6 42 65 335 393 442 541
9 17 82 89 121 159 245 333 510 557
11 41 54 176 287 333 368 378 414 429 430 516
10 10 126 150 301 341 441 456 478 575 580
8 30 97 136 185 345 362 422 509
6 88 132 357 394 443 545
8 29 123 132 374 377 406 447 548
12 7 28 148 219 243 254 264 289 316 405 454 583
9 65 78 134 137 266 275 363 423 438
11 2 89 171 227 239 245 288 452 492 493 525
12 116 121 130 224 243 338 341 348 366 445 463 568
4 198 276 297 494
9 28 144 208 211 291 398 415 474 489
12 42 186 229 255 261 265 360 461 489 503 516 560
12 0 6 194 205 235 237 307 434 491 534 595 596
3 99 314 554
7 49 125 193 206 367 389 504
7 81 124 224 351 407 464 599
3 121 323 526
5 215 291 296 397 427
6 49 63 187 190 230 406
8 28 184 219 274 352 397 524 567
6 85 234 239 240 253 409
7 130 178 230 237 308 395 493
12 116 190 193 287 328 367 388 415 462 496 564 569
8 14 158 219 265 350 432 512 543
10 2 32 90 102 134 137 273 305 373 587
3 71 169 526
12 43 139 167 173 243 317 318 384 476 478 562 564
7 1 78 174 347 484 563 575
7 79 115 120 173 189 481 564
9 157 167 223 257 259 277 301 438 532
6 192 294 369 413 505 518
8 57 153 294 313 368 410 526 581
6 323 389 422 518 528 595
5 46 82 128 227 261
4 283 482 493 525
4 212 293 399 538
14 24 118 183 240 274 390 392 394 425 470 474 479 512 514
7 78 326 357 376 458 538 560
10 53 101 139 184 198 342 366 397 455 561
10 11 147 198 217 244 380 435 446 479 577
5 106 111 170 588 595
5 31 256 313 430 473
8 2 5 78 165 310 347 402 501
11 8 46 123 189 327 387 393 394 489 516 553
15 96 179 221 224 319 330 377 381 384 445 498 507 513 536 537
4 124 371 477 559
6 89 227 357 514 557 586
7 135 157 299 371 404 416 548
6 30 220 235 239 296 383
7 47 65 161 162 284 402 469
7 177 226 281 319 415 445 511
9 1 155 158 216 267 391 471 561 566
11 24 33 159 203 238 246 332 376 494 538 544
5 323 333 373 400 437
9 68 133 135 273 301 351 407 526 564
9 75 112 160 318 344 526 560 563 597
12 123 173 192 236 344 358 445 458 517 519 534 549
8 196 260 264 297 351 363 450 476
11 126 170 180 211 226 341 355 393 448 458 476
9 12 46 59 138 330 373 480 563 574
4 81 102 150 564
3 25 313 505
4 16 60 291 534
3 356 453 485
10 70 147 194 276 327 440 446 470 474 573
6 11 27 168 182 341 466
8 74 136 302 324 476 486 529 581
11 23 81 110 125 202 237 258 283 431 538 578
8 21 100 223 228 272 283 409 557
3 162 308 379
11 16 104 137 145 158 226 255 336 422 464 588
5 147 211 525 555 569
8 125 136 202 277 370 453 495 561
5 235 378 454 470 553
6 73 99 102 105 312 344
11 64 102 103 185 315 347 369 427 481 528 550
6 19 47 125 138 178 344
11 69 97 178 185 272 309 391 410 451 453 527
9 3 74 214 251 264 335 493 519 537
6 167 443 520 533 554 568
13 1 25 52 55 119 183 323 324 346 366 384 461 508
7 200 257 285 395 509 537 541
11 72 123 194 233 249 429 504 508 510 536 542
4 134 147 262 428
6 175 478 533 573 586 588
12 0 60 143 201 241 335 358 370 437 449 463 501
6 82 95 243 468 490 561
5 239 373 389 504 553
5 14 280 383 399 478
9 44 77 102 208 266 349 419 425 436
6 115 161 164 231 287 465
8 18 79 106 278 289 363 546 566
8 59 134 135 166 243 252 363 541
7 86 171 180 405 435 483 509
10 31 81 88 96 183 212 396 399 433 588
8 9 11 93 151 173 469 521 578
8 10 83 300 342 401 549 577 599
8 17 24 159 192 202 266 339 391
10 32 52 121 210 269 279 317 443 483 594
11 56 106 130 305 325 341 384 398 444 513 548
8 13 117 250 251 355 356 396 586
7 105 193 237 374 391 411 487
3 190 587 590
1 473
9 15 42 156 189 225 304 528 566 582
7 44 58 217 243 359 506 584
10 31 151 190 210 421 448 522 552 566 576
4 63 114 307 390
9 42 198 214 317 404 459 470 584 598
10 155 206 272 279 302 354 370 406 446 457
8 32 57 70 78 111 115 202 322
5 41 42 239 286 598
6 91 168 181 337 377 580
7 155 165 280 455 494 514 522
14 80 129 148 163 180 214 221 222 229 332 411 446 457 494
7 71 79 278 304 362 385 537
5 6 143 260 590 593
9 32 48 109 191 253 310 322 497 578
