1000
10 75 100 141 183 205 267 379 394 727 917
10 22 249 564 622 679 729 738 927 935 982
11 19 55 113 304 411 591 651 653 660 763 781
7 295 534 681 756 848 878 965
10 267 353 469 488 628 675 687 723 853 993
9 67 276 281 285 286 523 557 879 882
7 10 104 155 249 335 620 787
4 36 90 610 883
12 114 124 254 303 402 434 439 454 614 619 899 910
10 158 190 437 455 489 555 708 808 831 989
13 6 75 268 357 637 681 728 798 804 846 882 975 992
4 16 447 875 940
12 113 129 165 271 316 535 543 594 621 686 773 984
11 70 95 120 153 340 490 597 707 871 911 941
13 58 471 497 550 573 602 746 789 948 973 979 980 988
5 164 259 321 589 906
12 11 62 193 236 293 330 436 491 757 829 873 888
7 18 94 438 612 670 674 797
11 17 27 139 144 221 385 570 608 818 957 961
11 2 36 56 83 227 577 612 832 853 869 982
7 38 58 297 520 785 926 929
8 88 270 369 416 623 780 799 902
14 1 167 210 226 264 419 525 526 586 732 747 846 861 983
8 174 230 239 698 762 788 838 840
4 147 315 506 957
12 226 322 372 384 441 468 674 698 730 776 891 912
7 180 383 533 585 588 792 803
11 18 36 329 469 537 559 582 777 782 930 972
12 47 85 105 163 228 402 449 747 816 886 907 999
3 197 417 453
7 257 334 390 415 672 747 987
5 225 385 581 617 633
9 176 329 333 547 612 729 814 874 931
7 73 217 377 516 542 586 738
6 43 170 666 737 833 920
7 193 205 254 263 710 921 970
13 7 19 27 101 122 284 433 492 565 727 776 877 884
6 90 383 483 649 848 963
11 20 49 176 354 367 381 669 675 827 832 940
10 302 358 369 499 509 584 818 846 853 874
14 49 72 141 159 335 372 399 463 602 691 714 842 874 880
15 61 154 163 343 360 427 600 621 767 869 877 895 920 978 994
13 118 267 282 411 437 607 623 726 749 752 783 891 936
20 34 84 95 136 137 186 191 203 218 221 254 255 279 603 790 868 874 917 941 954
17 80 90 116 280 316 379 452 458 533 575 634 689 909 916 939 940 979
16 79 183 282 299 358 412 440 603 654 685 719 752 865 866 916 946
13 54 66 292 366 389 425 599 642 659 702 862 888 940
12 28 210 212 232 279 283 458 562 623 645 754 849
6 62 379 551 556 587 782
15 38 40 92 205 225 261 322 364 514 616 727 747 831 888 928
8 252 317 347 532 609 679 706 994
9 150 181 554 598 638 818 855 934 992
9 69 288 323 366 413 442 615 636 769
15 235 320 348 351 429 455 497 613 614 630 678 742 760 783 956
15 46 65 142 239 330 377 459 486 528 535 579 668 831 877 917
7 2 338 491 553 721 854 887
17 19 182 229 343 389 431 432 540 572 587 629 693 757 783 787 815 923
9 339 415 426 435 576 595 689 737 907
13 14 20 158 185 187 276 329 333 382 392 426 613 710
11 249 294 337 504 580 631 682 714 738 815 948
13 189 341 354 478 488 496 560 567 577 601 605 646 961
15 41 329 354 416 466 615 657 728 761 778 786 787 868 874 886
8 16 48 122 167 208 790 857 984
10 305 338 347 505 542 592 615 841 844 992
8 149 241 342 505 513 621 764 894
13 54 143 228 310 432 546 666 744 759 801 873 932 964
8 46 100 247 285 303 364 904 954
16 5 136 190 226 335 356 489 492 721 731 778 780 781 822 933 940
11 148 177 195 232 372 412 417 418 675 870 879
10 52 72 225 245 601 717 822 955 976 993
8 13 206 383 700 718 871 967 983
15 97 130 215 474 612 625 668 678 728 734 770 837 868 942 946
14 40 69 195 211 250 252 279 303 404 441 498 584 661 968
7 33 480 501 554 575 736 937
10 140 149 185 234 338 409 599 778 785 907
14 0 10 93 227 278 334 414 460 557 607 635 894 918 969
10 151 210 266 351 374 384 622 659 889 899
9 108 374 447 490 734 765 842 890 987
14 152 161 199 290 354 514 535 545 621 645 729 767 818 859
8 45 91 297 318 365 563 773 954
12 44 415 458 549 607 638 688 696 755 830 832 924
4 558 700 717 980
9 220 229 230 243 434 454 637 638 811
7 19 86 165 266 500 828 864
11 43 194 205 325 357 740 783 834 936 956 961
3 28 601 697
10 83 461 491 761 762 838 869 882 975 980
13 92 256 268 501 514 555 601 706 718 823 873 903 974
7 21 519 521 594 610 758 998
10 216 372 393 431 454 501 520 703 816 839
10 7 37 44 171 198 264 409 503 898 901
10 79 197 493 667 705 773 778 792 843 928
9 49 87 351 571 623 737 757 820 902
7 75 206 368 381 443 923 982
13 17 96 171 308 392 424 602 605 609 634 658 691 746
11 13 43 186 263 336 343 421 449 744 844 874
8 94 109 138 551 627 644 664 941
13 71 116 166 201 326 351 394 531 546 701 836 859 945
9 218 415 467 557 789 800 862 884 943
9 167 199 230 345 393 611 672 897 981
11 0 66 289 377 486 491 532 641 816 823 975
7 36 431 504 516 576 825 848
12 236 299 420 497 499 512 631 835 860 894 905 936
10 222 345 423 508 616 739 773 824 942 944
14 6 142 184 362 474 521 569 619 622 893 910 940 982 997
7 28 139 268 274 375 489 773
6 141 208 570 577 608 643
15 181 195 290 409 443 467 491 499 529 540 588 697 702 738 852
13 77 115 253 301 520 526 547 576 684 876 890 928 930
9 96 299 465 596 695 721 774 841 874
6 432 440 514 517 521 762
14 139 166 189 326 329 413 474 535 536 668 703 718 890 942
7 184 194 471 564 565 598 974
12 2 12 214 395 439 440 522 573 683 882 913 944
7 8 179 259 684 736 784 889
11 108 205 229 264 309 419 500 680 761 852 964
12 44 97 164 367 422 510 536 642 697 772 926 939
10 162 321 334 429 488 551 759 838 903 907
12 42 119 123 131 141 301 420 435 760 814 826 904
5 118 223 585 806 837
7 13 210 297 465 689 713 806
12 202 231 250 408 414 469 495 502 580 589 735 765
7 36 62 160 232 551 689 867
14 118 149 266 513 547 670 693 703 759 775 800 838 970 973
9 8 140 477 526 539 601 619 705 944
14 149 335 376 387 404 436 439 533 681 726 835 975 985 991
11 197 199 219 257 439 442 604 651 660 677 728
11 280 347 418 449 471 606 612 652 686 831 989
11 480 503 507 540 629 692 734 845 866 871 998
17 12 136 140 169 227 300 319 345 355 459 463 500 510 645 834 866 909
4 71 667 819 997
13 118 208 215 345 525 646 684 727 839 855 915 935 990
9 153 215 248 345 387 401 838 869 883
8 165 272 351 361 581 611 696 766
11 176 177 237 259 316 343 411 497 511 616 903
11 247 320 352 701 777 799 875 883 924 981 983
11 43 67 129 502 538 562 611 636 653 846 978
8 43 211 317 401 444 533 900 946
10 96 282 286 479 544 576 758 828 858 983
16 18 105 111 203 222 281 373 498 504 543 582 665 697 739 807 890
15 74 124 129 162 208 262 312 425 426 470 557 562 661 788 876
12 0 40 106 118 253 272 369 385 419 629 681 762
12 54 104 255 317 326 506 595 620 666 765 865 906
7 65 348 403 427 601 682 756
9 18 323 339 444 479 506 509 511 943
5 217 288 745 842 874
11 175 328 357 391 637 651 688 750 840 939 968
9 24 160 457 492 513 646 680 750 857
7 68 165 253 396 460 646 662
11 64 74 123 125 276 414 609 653 690 709 928
5 51 387 685 847 954
9 76 231 450 667 809 812 855 902 918
7 78 479 500 582 677 695 979
12 13 132 248 286 401 430 494 497 515 639 783 897
12 41 162 204 391 405 546 711 723 725 737 738 762
10 6 202 213 241 661 676 746 868 950 982
8 212 537 582 664 667 700 840 935
6 223 374 378 471 756 761
9 9 58 463 490 705 743 794 917 980
8 40 271 719 770 800 861 915 987
13 122 147 197 274 333 503 585 733 789 793 898 978 995
18 78 172 217 259 295 522 533 601 670 729 733 867 870 873 880 889 924 935
16 117 140 154 196 232 235 382 412 435 438 492 648 657 864 886 966
6 28 41 363 706 881 934
12 15 116 242 251 268 340 506 578 735 865 940 975
12 12 83 133 148 196 205 222 245 290 571 663 772
8 97 111 258 398 518 726 741 825
13 22 62 99 210 246 295 304 435 506 545 659 788 972
14 229 237 298 334 407 420 441 568 617 702 784 786 900 929
8 129 272 300 598 628 635 696 836
12 34 187 257 286 401 484 487 509 683 721 819 952
7 90 94 529 614 741 819 894
11 161 188 275 523 567 625 657 858 886 906 996
3 256 701 747
11 23 301 360 363 539 575 598 703 737 856 891
8 146 206 289 390 399 473 623 982
11 32 38 134 291 365 679 720 749 793 902 929
8 68 134 338 406 422 653 663 798
12 253 510 600 632 648 680 698 702 944 962 965 977
10 114 297 470 479 605 670 733 772 782 924
11 26 199 364 377 583 668 678 684 857 906 959
13 51 107 294 367 465 490 603 653 812 834 847 885 892
11 56 271 383 449 562 582 611 693 718 759 903
11 0 45 411 440 524 730 834 848 963 978 980
10 104 112 292 343 453 464 746 753 768 961
11 58 74 223 284 292 544 562 566 604 893 976
10 43 95 269 345 365 419 461 468 781 924
10 58 170 211 281 334 470 471 479 558 618
6 172 445 776 779 847 916
9 60 111 339 384 493 627 779 815 873
10 9 67 265 451 469 496 613 638 760 995
17 43 204 206 352 354 481 490 503 647 658 660 693 844 885 888 926 954
4 718 783 822 868
10 16 35 271 419 492 567 680 768 810 992
10 84 112 244 326 411 489 517 826 892 906
11 68 72 107 320 391 531 537 633 759 901 996
10 162 165 231 237 323 386 388 669 725 935
12 29 91 126 160 326 540 560 747 778 829 892 897
13 90 205 281 352 376 396 425 488 593 648 658 881 954
9 78 99 126 180 431 505 688 749 888
10 211 265 273 319 335 384 409 466 567 812
10 97 323 557 564 694 756 767 769 905 916
3 121 155 784
12 43 139 315 318 442 469 510 511 517 829 923 960
6 154 191 654 891 899 944
15 0 35 49 84 115 165 198 266 277 485 545 633 827 873 898
15 70 93 175 191 216 268 333 367 477 534 547 830 864 889 923
5 430 557 717 870 961
14 62 106 131 140 353 536 568 584 744 758 761 784 787 983
8 506 626 688 756 923 945 948 961
12 22 47 76 120 167 299 349 569 669 721 722 832
10 72 137 187 200 263 401 520 626 834 986
7 47 156 239 309 413 919 924
6 155 218 339 564 636 906
11 113 246 261 307 334 536 573 581 747 991 993
12 71 131 132 255 356 379 383 471 565 604 654 874
13 89 206 245 370 561 577 690 696 790 850 858 861 981
14 33 145 161 220 402 412 439 458 673 700 707 708 795 904
12 43 98 213 224 305 353 599 795 798 893 959 981
12 126 343 467 547 567 657 682 748 806 893 928 989
8 82 217 234 246 335 723 784 921
11 18 43 381 390 404 594 652 663 799 860 864
7 103 139 165 270 382 848 941
15 119 157 185 258 279 314 319 557 655 743 890 909 923 937 983
8 218 252 433 470 475 533 556 645
12 31 49 69 272 292 297 334 359 742 792 889 956
12 22 25 67 251 391 495 591 680 707 746 906 907
11 19 75 129 240 354 425 592 698 705 829 977
12 28 65 309 473 491 521 724 797 811 873 877 934
15 56 82 115 168 243 294 302 361 405 437 749 831 871 926 989
15 23 82 99 264 333 528 553 588 664 702 731 738 811 854 860
6 121 151 196 506 843 880
10 47 68 122 162 389 448 459 629 714 863
5 304 393 541 788 967
6 74 220 282 358 417 770
8 53 162 264 365 418 613 727 849
9 16 102 275 389 432 594 637 748 948
13 134 168 196 321 418 482 497 601 725 969 985 989 994
7 265 448 570 593 681 835 871
7 23 54 212 327 539 695 819
3 227 288 576
7 64 155 308 317 793 883 949
5 164 296 369 812 864
7 82 229 272 379 749 792 795
7 194 265 309 385 402 532 625
9 69 165 216 281 331 349 351 413 903
13 167 214 220 365 392 419 428 589 592 609 626 681 764
7 66 135 255 613 759 896 947
14 132 153 350 444 476 493 554 605 611 804 896 898 961 985
17 1 6 59 251 298 360 418 423 478 646 780 900 904 916 939 950 965
8 72 121 339 365 470 674 736 855
7 164 226 249 271 347 405 457
12 50 72 224 282 364 419 468 566 699 738 834 947
10 108 141 148 178 273 299 369 418 532 998
9 8 35 43 437 506 597 802 830 960
12 43 142 215 247 293 296 388 443 607 685 813 874
10 87 173 289 320 337 530 624 643 865 950
7 30 126 170 418 870 925 940
9 166 223 352 362 463 476 522 609 633
9 15 114 134 161 373 422 808 842 961
9 278 322 323 344 478 485 509 706 967
14 49 214 265 370 497 515 549 598 643 651 667 702 751 934
15 140 361 381 388 415 454 490 512 558 644 654 659 675 679 756
11 35 95 211 398 474 560 663 734 749 794 889
14 22 90 115 230 235 288 468 528 536 559 892 943 946 964
12 190 200 238 244 261 465 503 530 577 758 921 939
10 76 83 123 205 338 544 721 853 859 906
11 0 4 42 279 289 365 373 397 403 462 792
8 10 87 105 164 206 460 533 835
10 186 375 379 385 403 441 551 730 893 954
8 21 222 297 326 662 858 875 933
14 12 159 182 193 251 283 308 485 655 757 815 832 887 999
11 133 141 169 225 243 399 720 744 769 833 958
6 200 253 474 520 647 660
9 105 160 344 406 422 481 690 853 876
8 172 236 325 384 667 845 846 878
10 5 58 149 435 470 559 686 782 992 996
9 205 564 617 763 841 888 892 921 951
9 75 260 423 440 670 717 749 894 945
12 43 47 72 223 267 284 665 691 704 732 751 859
11 44 127 593 611 759 829 882 892 894 918 927
12 5 139 187 198 245 327 659 660 676 788 894 948
8 42 45 138 234 252 521 703 777
6 47 271 522 569 780 872
12 36 185 279 356 484 491 594 656 677 704 788 950
5 5 66 482 660 847
13 5 138 153 170 379 391 468 566 614 646 807 864 939
7 294 506 534 723 763 814 893
12 52 145 240 264 302 331 352 398 666 675 847 892
15 100 175 256 267 322 473 486 514 525 550 641 747 751 827 963
8 78 107 165 469 773 813 839 969
7 176 436 503 748 751 792 797
14 46 184 185 225 323 467 542 642 666 826 840 879 943 982
11 16 255 358 372 460 467 597 660 684 719 761
10 59 181 229 287 353 356 490 660 673 868
11 3 161 167 308 339 380 419 488 694 716 747
8 242 255 331 366 456 487 551 736
14 20 79 120 179 225 270 505 512 624 658 706 764 779 799
9 168 249 407 574 670 859 895 913 941
9 45 102 109 210 253 753 829 840 851
8 129 169 309 389 488 759 879 966
11 108 118 174 400 442 451 461 538 620 849 953
12 39 229 288 305 379 430 529 687 751 795 827 945
8 8 66 72 415 509 566 569 769
11 2 167 233 446 527 667 693 825 882 923 981
8 63 218 302 585 824 864 915 950
4 308 523 651 883
7 214 396 481 752 827 890 993
14 94 241 271 295 306 438 518 580 598 738 768 809 820 932
14 115 212 228 244 300 443 466 576 610 671 703 749 774 962
11 65 368 492 550 551 574 581 670 685 889 966
5 642 734 827 913 993
6 140 448 501 554 629 855
6 589 592 603 640 705 885
6 223 328 367 457 786 850
9 24 203 328 398 562 575 614 704 825
13 12 44 134 452 471 532 566 596 642 650 661 703 749
14 50 137 142 241 488 519 536 740 805 872 897 902 954 958
12 79 203 396 415 470 488 497 621 630 762 788 907
9 129 200 223 427 433 509 656 957 990
10 53 135 195 256 417 525 596 603 951 971
7 15 117 237 382 468 485 787
6 25 49 260 289 720 896
16 52 144 196 201 260 292 509 516 537 567 644 682 769 785 854 951
8 630 697 719 767 822 919 925 958
8 84 275 460 513 525 607 644 698
12 97 111 142 194 197 270 384 494 596 776 913 933
8 239 281 394 416 436 611 730 795
10 146 314 315 358 367 521 534 612 890 910
11 27 32 58 61 111 418 577 612 621 759 946
11 16 54 348 442 469 538 558 592 632 811 965
12 245 288 296 464 468 483 538 554 689 747 926 987
3 617 755 884
7 32 58 160 206 230 915 958
12 30 75 117 168 187 214 225 503 602 657 713 945
15 6 40 67 125 200 220 373 386 410 441 477 536 578 580 676
9 95 460 527 559 594 621 684 813 967
6 59 256 449 479 778 969
7 55 63 74 177 266 672 966
15 57 144 189 213 250 295 348 371 380 447 484 678 703 939 954
11 13 164 430 443 655 674 710 754 878 926 969
5 60 518 624 804 931
9 64 474 504 571 717 782 797 850 963
8 41 56 95 134 184 219 507 819
10 260 274 564 581 609 676 779 826 888 989
10 99 103 129 131 132 186 361 616 703 758
4 443 489 898 920
11 50 63 127 251 348 418 439 840 939 956 998
11 53 143 330 339 347 475 545 730 815 851 966
7 210 245 677 764 886 916 957
11 248 422 429 440 561 608 715 855 894 906 956
19 53 76 92 97 133 245 520 563 585 613 624 650 675 682 763 855 859 875 938
12 135 191 198 258 288 506 589 730 738 865 933 971
7 4 208 218 294 432 631 635
14 38 60 61 78 191 227 414 501 742 766 768 769 776 849
5 129 396 454 459 920
8 67 215 284 294 504 714 842 993
10 10 84 146 466 547 680 738 758 765 956
11 39 45 234 293 328 418 424 432 436 939 952
7 225 456 497 660 733 741 880
10 41 174 249 383 507 518 672 764 896 909
7 133 229 262 345 701 871 968
9 104 258 390 515 587 785 792 834 874
11 163 174 394 421 462 581 627 740 775 850 902
6 49 66 180 252 794 834
11 79 176 186 235 246 250 267 623 703 841 979
11 46 52 296 421 468 534 582 666 776 884 985
13 38 116 181 206 314 328 376 640 650 669 876 933 996
9 93 310 386 526 540 601 620 741 864
13 21 39 141 242 253 435 702 789 792 856 881 909 920
8 216 261 495 676 683 727 864 891
6 339 565 629 761 919 978
13 25 40 68 89 293 474 521 595 741 754 799 814 999
10 139 259 267 335 465 504 585 588 733 918
7 76 77 157 623 751 753 777
15 105 269 402 415 486 497 526 530 598 656 739 951 974 989 990
8 125 198 367 416 681 756 778 817
12 33 54 100 180 448 601 673 801 817 912 920 989
9 157 397 560 616 671 698 954 964 976
16 0 44 48 215 243 269 286 302 386 412 480 558 604 729 779 963
7 295 339 393 402 620 881 916
7 38 93 221 262 471 520 580
7 58 162 222 321 531 625 687
10 26 37 70 182 215 360 530 534 574 858
9 25 76 189 200 275 326 444 558 636
16 18 31 141 244 269 407 530 572 686 696 770 778 804 926 935 982
7 196 335 368 379 914 929 977
9 125 132 150 393 508 665 697 820 926
11 196 255 262 489 730 734 767 831 897 919 961
8 46 56 232 236 300 596 739 866
11 30 175 221 362 419 516 689 738 787 859 898
8 146 154 195 226 286 507 549 645
11 58 94 246 411 510 514 593 721 846 850 953
11 89 99 233 380 387 400 480 705 770 875 966
7 0 97 327 363 478 534 852
5 113 435 542 677 807
13 148 198 307 318 355 500 549 628 680 739 773 804 935
7 267 378 476 660 674 723 963
7 166 263 288 315 657 660 747
11 40 175 272 422 461 676 788 827 885 947 963
3 301 393 454
15 132 137 153 170 211 410 455 514 608 614 617 701 738 791 940
10 8 28 217 244 375 380 417 585 732 930
13 143 267 269 503 508 553 599 652 760 876 880 883 973
7 72 125 221 504 549 908 914
10 154 229 251 578 750 776 823 889 900 936
9 177 274 477 553 583 644 700 813 871
8 168 298 385 519 682 700 757 880
5 121 486 560 619 921
8 74 90 107 200 418 438 731 976
7 335 401 453 692 740 912 992
13 2 42 134 183 194 392 538 549 562 636 736 757 969
10 45 68 162 217 379 542 572 622 903 955
10 52 111 212 245 504 546 578 680 818 896
7 75 121 149 354 522 529 950
15 30 57 80 98 262 303 318 375 479 559 591 743 841 883 983
10 21 61 327 376 560 562 642 661 739 917
10 29 68 234 320 402 451 462 808 951 973
17 68 127 235 237 249 253 257 329 347 358 409 458 525 542 544 653 748
15 22 115 141 186 193 246 252 295 390 450 504 587 639 694 995
6 102 118 168 454 710 979
6 95 363 366 461 558 739
7 116 177 259 274 350 399 615
8 103 249 278 632 727 790 838 989
6 94 358 450 513 549 969
13 46 140 198 227 517 546 585 632 828 868 889 915 995
11 57 58 140 449 530 534 680 692 936 947 981
7 41 143 319 581 701 980 989
8 246 488 583 601 603 705 764 993
8 53 117 350 647 684 692 927 975
7 153 207 302 340 531 787 807
8 56 89 101 199 444 519 772 841
9 56 65 110 236 353 358 478 546 995
9 36 224 319 494 696 829 831 897 995
7 8 82 661 741 747 848 889
8 57 118 162 167 276 369 395 958
7 16 125 291 327 358 744 995
7 9 42 229 254 838 857 949
12 17 162 308 409 559 632 681 836 899 937 959 995
10 8 113 125 126 217 347 528 558 663 781
7 45 110 113 183 278 350 609
7 25 72 168 269 335 759 810
11 52 126 203 301 330 467 578 706 770 773 964
18 93 107 255 309 340 346 454 460 524 545 570 582 618 783 828 835 856 890
12 137 144 248 384 431 453 549 633 679 788 919 958
6 188 537 584 609 840 946
8 304 451 593 648 714 829 899 985
6 11 77 339 462 492 975
8 232 238 312 377 450 653 705 962
9 28 95 127 182 337 426 526 534 792
12 151 419 424 448 471 599 757 776 805 822 919 990
9 190 301 417 446 641 788 846 945 961
7 44 316 550 581 815 899 915
5 29 184 410 444 990
16 8 82 89 262 355 400 420 443 468 568 625 753 827 898 905 988
9 9 53 401 504 536 589 668 776 818
9 296 359 510 515 783 827 850 880 990
4 147 251 314 995
12 44 47 80 217 418 522 571 610 645 802 810 922
7 54 129 232 355 675 724 842
13 75 148 268 293 325 336 443 531 638 643 678 681 846
11 86 186 301 399 421 513 628 763 871 923 924
9 267 363 417 447 509 651 661 729 949
6 40 129 158 258 639 874
11 184 331 474 569 631 665 679 830 849 894 911
14 109 120 181 265 373 686 719 739 805 849 877 953 979 981
5 61 200 309 357 959
12 98 107 219 292 293 442 578 587 592 623 765 867
15 25 186 252 264 286 321 331 366 454 528 629 718 759 848 968
13 4 27 121 190 203 290 330 545 581 605 905 976 990
15 140 179 187 224 250 276 318 514 590 597 613 675 843 876 965
12 14 112 127 157 187 215 316 381 450 626 878 901
5 705 847 878 905 916
10 175 228 289 569 592 732 761 910 933 988
16 71 104 111 263 273 342 372 464 531 703 742 778 855 899 944 949
12 224 348 550 598 608 733 772 826 830 833 863 921
10 248 258 397 482 489 572 793 858 925 988
6 124 206 335 406 663 694
10 60 249 260 394 432 494 641 674 914 927
13 138 144 152 179 187 337 415 689 769 788 952 957 983
10 73 128 379 393 483 489 699 730 816 964
11 191 274 307 520 528 553 561 588 646 686 756
10 237 285 476 551 614 688 699 703 957 985
8 37 331 480 522 709 888 924 927
8 170 284 339 614 843 930 931 961
5 205 260 271 321 610
8 54 100 289 375 408 584 627 927
8 170 296 532 591 688 898 934 983
18 4 60 117 198 295 300 317 318 428 513 534 583 662 800 804 806 909 950
12 9 67 105 194 346 388 476 480 573 737 794 800
11 13 77 158 181 191 262 294 568 623 670 986
11 16 55 86 100 107 228 284 529 611 789 921
10 36 67 147 162 193 310 447 906 936 947
7 91 189 248 591 665 744 859
11 153 326 433 478 602 620 638 667 675 691 917
10 121 226 370 552 553 612 788 860 869 902
7 60 190 646 697 820 956 972
18 14 53 102 134 153 237 261 318 359 375 569 623 673 709 711 783 879 895
9 72 139 523 529 545 611 651 715 893
7 39 102 107 530 909 974 987
13 83 115 129 152 396 515 545 696 743 815 820 883 934
9 73 87 89 312 354 520 759 786 957
10 121 136 595 659 720 780 823 870 941 986
18 90 128 160 191 265 291 334 403 556 621 662 695 698 793 820 888 915 959
13 59 101 139 342 356 373 404 413 419 455 853 865 981
9 63 64 199 297 575 654 743 884 985
14 24 142 144 164 167 209 231 254 287 352 598 644 739 986
7 128 343 360 391 596 722 746
7 103 387 403 772 885 902 978
17 39 144 170 260 303 319 323 462 621 639 711 834 894 895 903 927 938
11 116 129 178 203 392 456 764 782 794 862 957
12 134 144 203 528 623 666 691 859 904 925 940 948
5 102 262 297 711 877
13 64 123 147 325 424 461 488 542 563 604 769 809 980
14 49 78 87 110 289 392 401 470 708 717 763 812 916 917
10 153 261 362 456 500 678 735 784 848 878
7 33 101 323 390 791 936 977
10 110 194 203 425 673 687 721 749 924 942
10 166 308 341 360 664 713 812 893 924 927
7 88 317 407 431 600 781 783
16 20 89 108 211 273 351 381 481 501 545 577 659 668 687 787 826
16 88 104 110 228 282 328 372 676 721 888 890 898 929 949 958 965
14 113 161 258 283 414 458 483 532 554 613 621 682 772 852
10 5 172 306 498 560 634 671 721 790 809
4 183 443 703 856
9 22 131 289 320 325 418 531 872 997
8 22 108 124 368 375 449 822 855
4 304 336 817 832
11 54 230 264 439 468 481 511 751 840 931 940
14 107 171 302 414 491 498 550 553 579 618 665 764 803 815
8 256 265 375 383 385 426 499 669
10 97 195 382 430 460 474 525 547 892 955
12 50 100 244 253 316 487 522 603 611 754 805 908
10 26 44 125 137 161 224 268 814 937 991
18 3 206 287 328 366 383 394 426 449 488 608 701 734 737 738 915 938 948
7 12 54 78 111 536 860 867
14 111 116 208 214 264 317 335 455 535 665 695 739 813 970
11 27 156 195 323 445 572 664 680 814 815 935
9 136 301 330 331 411 818 857 888 921
4 124 174 239 749
13 56 107 128 197 368 554 694 772 776 798 928 941 965
9 233 609 629 690 744 845 921 935 939
12 33 63 292 395 412 418 513 586 726 792 835 912
7 12 139 589 654 727 734 912
5 138 185 266 418 603
14 78 167 205 348 443 469 498 500 520 857 882 914 958 961
12 65 97 154 413 425 432 657 710 755 778 808 854
14 32 108 123 206 219 357 531 593 607 613 717 724 733 823
5 555 651 874 943 945
14 80 261 391 396 404 411 424 444 641 697 715 749 837 983
12 14 289 310 452 475 529 575 610 669 673 792 803
10 48 96 117 122 269 296 310 482 571 880
6 495 584 589 615 656 886
10 55 230 403 406 481 495 529 599 792 929
15 51 73 248 312 331 522 540 559 582 599 623 783 789 844 930
4 9 87 548 763
8 48 224 503 578 659 687 796 852
12 5 75 98 140 201 207 223 560 766 782 811 937
15 81 187 262 330 379 384 421 439 710 734 781 791 859 925 935
9 27 264 276 336 415 438 554 768 807
15 60 197 263 378 408 416 523 557 576 643 655 663 756 926 998
10 216 350 481 603 609 613 683 686 913 982
10 47 136 140 182 185 315 411 416 577 697
6 79 351 513 634 755 998
12 1 112 201 213 277 344 684 692 841 894 902 982
8 36 112 215 371 740 818 942 989
12 185 252 286 303 316 722 753 810 837 851 882 975
8 60 172 193 200 219 323 612 824
5 168 208 454 490 869
10 104 210 283 303 464 473 497 955 982 993
5 18 106 238 443 875
9 92 165 342 458 551 637 727 860 974
12 56 385 412 476 537 591 746 828 831 840 900 927
8 14 113 214 489 734 964 968 979
13 298 310 383 667 710 747 808 850 876 884 933 973 977
9 44 73 174 315 505 550 721 892 937
13 57 101 108 138 240 309 560 581 636 638 681 792 892
9 19 60 106 216 265 329 520 562 858
7 164 335 405 413 442 467 556
5 54 529 608 635 796
8 59 121 308 335 381 874 903 933
14 31 133 214 310 344 363 427 452 469 576 585 588 693 720
12 27 139 152 156 182 366 443 554 893 923 966 992
9 180 406 428 488 632 647 652 717 747
10 39 72 208 445 486 552 594 629 858 959
13 26 119 160 305 351 373 402 425 581 819 832 869 902
7 22 33 542 591 610 625 662
7 48 56 362 419 467 609 619
8 26 107 230 373 481 581 741 934
13 15 121 246 313 352 455 543 552 664 676 774 884 992
9 470 642 666 705 812 851 880 987 992
13 2 226 415 487 493 572 586 706 794 823 831 883 905
8 63 227 246 313 330 467 473 992
11 198 238 280 392 446 547 676 761 779 834 856
10 12 88 221 236 284 336 584 785 803 819
17 57 142 372 502 602 635 641 753 787 826 862 875 912 934 963 971 990
11 109 316 320 326 389 507 603 764 766 824 828
7 13 254 293 470 620 799 929
12 51 112 169 174 261 308 375 475 506 770 775 894
12 46 74 218 403 450 553 554 629 681 718 740 982
7 41 178 519 615 674 816 905
13 60 69 85 87 124 143 161 237 368 377 428 719 844
10 14 40 94 334 494 595 634 651 705 791
16 43 45 181 313 320 428 532 544 561 596 690 789 825 884 946 981
8 126 185 215 379 513 622 624 762
10 60 94 179 248 469 712 724 777 979 994
7 127 672 686 797 918 928 953
9 42 75 80 255 325 547 756 903 942
12 18 106 350 401 475 534 579 682 689 798 854 878
13 50 94 149 246 258 344 440 445 541 561 587 621 669
11 7 88 309 458 485 550 586 709 775 832 975
15 99 133 136 182 248 280 327 491 498 532 678 724 864 951 980
11 17 19 32 71 127 328 329 495 567 762 852
15 53 58 190 235 247 351 470 522 547 561 616 668 767 875 939
11 8 53 171 286 315 401 482 484 728 789 881
12 52 61 63 422 552 600 697 720 778 836 852 984
10 49 103 134 345 378 613 640 722 829 845
9 31 168 277 332 401 723 922 957 964
10 187 443 529 687 688 693 707 710 732 840
11 8 104 124 408 587 644 703 756 845 887 990
15 6 142 301 368 380 494 597 634 644 645 702 742 794 937 980
15 12 41 64 78 318 329 336 503 509 522 609 761 802 866 927
8 1 76 104 412 604 687 716 790
18 21 42 47 92 175 365 374 467 490 497 511 554 740 751 762 868 909 940
8 256 297 341 351 604 666 710 966
11 71 172 244 382 454 586 732 741 840 943 999
12 209 211 246 471 681 708 771 793 815 816 867 872
5 96 189 363 486 823
7 4 169 396 461 917 931 988
12 56 128 141 232 312 371 468 541 584 599 634 887
8 53 318 324 695 739 885 931 959
7 59 102 353 464 787 796 939
8 178 330 423 425 438 583 639 925
9 31 195 205 258 444 793 881 930 960
10 44 94 523 563 602 620 629 745 787 855
8 75 169 353 579 595 729 730 900
10 52 136 213 384 411 576 735 827 925 964
10 10 82 146 236 571 644 699 805 850 907
10 51 80 82 190 460 494 576 773 784 877
10 153 419 463 509 632 646 677 701 916 951
6 313 367 616 716 768 838
11 100 289 451 478 549 595 661 694 708 829 866
11 46 116 292 311 316 416 590 690 841 953 975
7 106 256 261 460 560 727 874
11 96 262 323 325 406 506 619 620 637 708 792
10 47 78 129 224 391 458 620 684 857 982
12 60 131 147 148 249 286 481 496 639 770 849 980
13 191 273 429 583 673 704 724 780 861 882 906 959 977
4 162 178 198 446
4 37 753 839 921
7 316 351 367 696 760 777 917
11 2 126 146 261 306 462 498 548 602 701 920
8 127 221 403 583 653 728 941 960
10 2 136 149 177 181 418 448 652 713 764
10 45 204 215 262 505 543 728 741 796 910
7 223 271 340 560 704 789 900
7 284 319 375 552 863 913 915
10 61 162 172 219 334 398 546 702 881 971
10 94 191 198 297 766 861 868 928 943 978
9 46 76 167 262 281 502 520 556 922
14 2 126 191 273 281 285 293 294 359 397 398 683 947 998
11 72 140 155 316 416 434 462 641 687 916 952
6 148 270 488 503 586 711
9 165 177 221 263 439 477 560 920 987
9 96 156 230 518 537 589 665 729 911
12 139 279 387 464 493 529 536 664 737 891 949 990
12 34 65 142 288 292 366 511 590 624 722 812 878
12 91 130 151 156 261 275 304 494 574 687 763 926
9 54 71 111 180 455 520 613 830 988
14 38 196 210 367 530 550 609 820 846 875 904 934 958 983
10 17 123 161 179 278 298 310 490 720 839
8 309 378 523 703 725 786 813 997
8 30 99 338 360 606 756 786 935
11 217 294 377 497 517 550 647 740 800 824 979
11 17 25 250 340 397 478 600 759 800 817 880
13 4 38 68 262 288 351 459 470 494 706 760 955 987
18 155 281 335 344 370 399 521 589 593 713 732 754 770 794 813 939 980 996
10 126 152 284 349 395 639 699 810 886 993
9 53 71 180 339 460 515 611 706 825
7 1 50 176 262 444 464 728
12 115 147 178 193 226 357 396 413 426 537 706 948
12 3 10 125 141 238 246 376 438 460 576 599 626
10 59 143 219 323 351 407 522 608 712 741
7 113 170 370 561 660 879 992
12 108 114 131 180 293 336 429 564 645 931 934 958
6 45 150 255 310 902 970
13 12 127 276 385 465 481 561 606 700 809 876 944 948
11 4 302 382 517 520 556 618 622 661 667 998
10 80 146 199 209 482 487 618 832 847 860
9 44 57 120 122 331 390 479 608 777
10 149 216 274 541 603 642 770 882 941 980
6 40 94 279 494 511 747
8 128 410 426 429 564 887 986 989
10 56 123 182 191 304 581 618 768 856 927
11 201 295 419 477 540 641 728 792 873 874 893
7 109 152 239 503 536 630 928
8 80 133 169 216 385 433 500 650
11 85 107 116 139 324 387 496 549 562 615 841
14 23 25 178 227 325 378 503 710 758 811 920 922 958 974
9 252 480 482 637 677 702 724 879 903
13 70 81 156 217 406 407 686 729 813 887 924 936 949
10 97 135 173 361 401 427 534 639 651 897
13 46 107 168 178 230 261 369 620 657 699 730 789 901
19 89 111 123 174 282 309 316 339 345 365 474 482 524 619 671 737 771 781 792
7 279 284 315 647 655 810 814
15 91 124 158 227 313 393 428 448 472 590 602 777 929 931 983
13 50 87 163 260 297 442 591 675 678 680 748 905 909
4 13 217 226 618
8 9 217 514 626 641 644 805 835
5 149 483 497 610 727
13 35 58 340 420 546 558 574 618 624 698 724 732 873
7 154 497 509 512 662 780 970
5 605 682 811 883 892
9 120 334 518 653 676 809 866 879 963
6 40 59 232 356 446 930
4 350 498 549 766
4 295 622 640 727
10 69 81 207 278 342 514 547 583 733 893
12 70 87 111 182 192 468 599 723 774 832 847 925
10 45 159 293 324 465 601 722 805 827 993
12 176 272 322 502 581 615 670 739 827 893 992 999
13 55 67 109 170 210 266 392 517 521 523 575 838 889
7 210 507 566 616 666 719 847
10 4 154 220 287 397 617 718 808 824 873
9 228 459 547 605 611 647 699 710 902
6 154 196 237 671 907 998
9 42 125 166 542 731 740 743 750 966
21 0 36 49 131 235 370 423 543 571 643 709 716 756 781 819 845 868 930 950 965 977
11 10 61 71 126 614 652 654 679 694 881 967
11 1 32 78 161 379 462 635 664 700 866 892
13 25 183 269 327 348 352 388 480 635 702 849 894 925
5 67 230 409 726 884
10 22 279 402 473 618 625 676 710 786 824
10 160 161 179 359 373 475 547 717 866 926
12 71 77 128 263 311 388 534 543 558 573 771 803
7 121 164 515 636 860 949 995
7 73 114 250 296 411 899 974
13 34 57 92 154 174 489 534 665 703 986 989 992 996
16 1 33 59 107 154 230 252 308 352 357 390 401 534 816 867 976
13 103 139 375 389 396 416 421 465 506 536 630 720 874
11 84 317 363 410 565 599 623 673 726 844 862
13 166 171 359 368 372 434 588 625 654 682 802 832 948
8 53 225 354 474 620 750 773 798
9 158 223 415 500 505 726 814 939 984
9 65 95 208 272 436 493 541 949 977
4 145 634 764 914
11 14 94 155 184 226 507 572 798 841 887 997
16 22 28 30 49 173 197 214 289 295 331 398 434 574 583 691 803
9 219 236 291 418 706 755 783 832 926
16 42 176 199 229 243 263 278 309 316 517 539 549 756 784 918 937
8 146 147 405 726 742 751 797 963
14 261 279 289 291 302 374 528 623 750 761 863 877 881 986
6 42 45 307 769 866 908
10 184 299 374 454 566 595 649 887 946 994
9 47 340 372 532 676 928 941 967 999
9 80 332 546 563 748 861 968 982 995
16 3 143 157 201 209 262 376 481 560 607 619 672 727 749 920 991
9 16 56 92 271 407 411 450 889 920
8 88 138 208 265 345 357 698 764
15 65 117 123 182 195 247 280 300 329 441 468 501 674 866 943
8 53 118 190 403 650 675 783 830
12 61 86 115 157 208 293 371 473 593 621 751 923
11 23 86 110 141 154 318 604 612 623 768 873
11 2 277 287 351 461 514 555 667 844 901 924
16 64 246 297 349 360 428 510 529 596 653 745 758 783 907 912 991
7 77 121 142 357 467 841 945
10 133 354 557 596 658 715 806 877 896 940
9 41 78 201 324 388 613 941 943 995
10 184 193 308 354 559 640 693 762 771 795
11 52 201 272 303 323 354 479 513 752 776 931
13 71 159 234 385 393 442 598 646 676 690 790 797 858
7 626 703 734 768 781 834 903
11 116 165 179 431 475 508 522 540 789 810 972
12 12 79 91 103 105 290 396 442 638 742 971 976
8 109 309 589 718 776 862 871 900
8 123 363 598 610 824 852 881 941
15 25 36 188 326 354 366 405 450 455 540 769 774 847 945 991
9 27 135 282 374 605 650 689 705 998
15 61 67 74 91 197 337 376 385 474 546 615 788 823 881 992
8 188 189 297 344 379 593 868 921
10 21 67 249 283 502 647 711 927 952 956
11 2 67 186 439 519 558 703 727 771 826 940
10 27 48 179 276 342 510 557 815 859 938
15 42 53 56 84 153 192 443 456 497 519 554 748 760 764 855
9 114 168 202 208 220 515 638 749 941
7 20 74 323 362 594 818 869
9 61 168 314 501 671 672 732 882 949
14 6 56 61 208 321 390 430 520 595 631 634 789 847 882
15 23 140 167 233 281 284 318 399 444 451 479 495 778 901 995
13 14 98 160 369 491 554 603 614 655 702 772 787 818
11 43 62 216 423 523 622 770 847 851 896 921
5 401 516 558 602 954
19 26 91 225 243 267 291 362 369 449 542 550 553 576 644 694 703 862 914 933
8 160 176 241 476 503 626 633 974
10 158 263 364 489 510 591 620 676 889 959
8 217 218 243 302 327 768 802 914
4 556 579 631 654
7 17 228 291 342 606 750 770
10 10 177 218 540 608 742 746 834 840 889
8 21 135 221 297 372 597 819 912
9 98 123 159 488 489 673 674 854 994
2 65 377
8 254 458 621 741 795 829 910 969
9 26 529 550 594 734 747 848 887 943
8 10 248 341 385 396 488 975 999
9 317 450 465 532 637 708 719 825 939
8 119 120 219 488 766 986 993 995
6 139 286 395 430 559 923
8 9 259 417 546 574 723 933 937
8 151 308 513 523 686 713 833 843
8 193 441 458 566 677 704 772 850
8 82 228 230 330 557 698 712 969
9 151 181 200 242 514 518 590 666 832
10 255 290 336 406 536 671 676 700 843 999
8 32 118 287 372 533 537 704 743
14 56 59 189 271 348 452 500 529 537 626 782 842 895 993
9 28 89 100 480 600 626 738 881 962
6 376 377 527 674 884 963
15 18 39 51 78 413 455 538 565 785 789 839 884 928 969 972
10 130 170 171 239 343 585 594 727 799 935
11 92 308 387 496 500 503 669 855 883 950 956
0
8 67 69 192 324 450 526 867 986
12 87 100 405 502 547 591 627 778 891 897 944 978
10 103 305 567 596 673 723 732 775 875 985
9 101 166 304 315 603 678 805 852 954
11 118 194 292 344 475 520 595 781 889 939 964
17 38 205 289 302 307 311 399 454 456 636 719 720 870 905 917 948 958
8 83 138 425 443 572 596 921 995
12 16 197 203 227 280 299 433 446 616 641 802 913
7 80 206 254 464 475 668 760
10 9 49 54 127 229 388 433 572 591 893
15 19 38 80 210 271 527 585 610 688 718 741 748 812 945 991
5 34 272 475 809 981
16 84 129 181 183 211 252 362 364 509 593 771 798 901 931 972 999
9 102 125 238 268 443 542 708 914 996
5 97 169 438 615 973
6 71 119 549 566 913 988
10 23 86 117 123 132 423 437 640 721 935
8 89 131 290 649 670 818 977 996
14 23 146 156 292 299 347 445 528 572 618 625 798 861 975
13 63 109 277 365 415 431 564 642 697 746 765 898 941
10 40 77 145 259 356 459 815 849 937 956
8 91 231 470 484 809 813 979 980
8 63 95 191 554 601 740 763 850
10 128 275 541 616 619 727 876 877 990 995
13 10 22 39 136 275 392 451 460 669 926 966 990 991
15 150 181 188 285 288 472 688 718 722 776 787 790 931 949 995
11 3 37 101 183 222 434 468 515 803 918 923
11 47 235 301 354 464 465 646 730 842 853 989
12 216 314 342 363 392 456 574 637 810 844 908 938
6 299 348 566 590 790 975
12 107 115 394 522 556 612 615 775 825 856 978 983
11 4 19 39 266 274 504 849 879 901 911 917
7 55 230 323 546 608 800 981
15 51 131 151 250 312 350 351 474 526 634 783 820 858 873 925
7 174 369 443 524 593 693 852
9 62 147 180 437 538 545 645 925 985
11 138 172 216 270 383 476 577 584 770 855 957
13 78 97 266 279 298 351 390 493 511 558 782 907 952
11 102 221 230 495 535 571 688 735 932 953 997
8 22 159 216 647 658 755 840 992
8 46 98 510 595 740 774 792 903
6 232 475 656 751 972 997
10 83 162 206 221 242 286 305 368 370 611
8 45 142 164 256 352 504 893 897
11 45 128 129 389 621 641 713 729 733 752 759
8 122 161 467 535 626 738 822 880
12 43 61 71 155 192 294 425 623 658 727 779 961
9 19 41 86 132 495 568 585 785 906
6 68 161 207 257 502 827
10 13 70 128 229 238 361 406 461 774 923
7 283 317 525 626 892 907 921
12 16 65 87 161 189 205 228 694 710 723 762 855
18 32 39 40 43 61 95 109 145 215 255 362 463 548 580 643 694 739 914
11 11 135 270 351 393 570 595 613 669 824 899
10 108 140 274 367 403 470 574 686 845 931
11 36 41 54 228 465 512 638 751 766 845 924
8 3 275 340 471 472 515 608 666
10 5 68 292 300 497 683 699 713 853 958
13 40 161 231 359 403 407 456 551 590 674 867 920 978
16 163 198 369 380 614 633 657 728 751 775 778 816 897 942 946 951
13 5 10 86 113 280 304 545 566 647 690 786 787 905
14 7 132 135 241 306 403 415 500 591 712 820 904 916 953
13 36 98 332 366 505 574 589 603 731 817 818 926 981
8 181 191 313 399 508 630 934 981
8 28 61 162 172 349 552 677 995
9 55 271 619 629 692 700 746 753 803
14 16 46 49 191 199 277 344 483 503 521 538 921 924 931
18 76 114 161 206 225 263 310 405 425 434 721 757 794 798 826 909 919 985
10 77 108 111 139 223 307 328 443 521 999
7 25 42 174 204 370 665 823
13 181 194 197 264 277 280 288 531 575 576 712 729 872
15 104 185 218 219 269 287 498 518 582 694 717 720 831 865 978
14 64 75 102 171 278 280 281 350 464 509 564 598 730 950
7 41 298 497 509 815 897 928
9 247 248 322 360 413 766 790 903 989
12 99 153 197 317 388 433 701 823 865 881 895 996
10 90 160 205 248 346 390 454 487 521 841
10 8 76 204 438 446 452 474 736 875 950
8 137 168 249 405 572 635 655 774
10 90 195 471 702 763 788 834 853 927 989
12 21 92 151 176 317 363 495 508 564 585 685 724
14 87 117 134 182 245 412 509 580 607 699 771 862 896 926
7 66 118 217 249 511 669 883
11 102 201 454 469 472 591 600 706 827 882 972
14 15 142 172 180 194 213 226 266 350 492 647 869 935 968
11 28 57 74 117 226 318 637 725 764 859 872
7 404 532 752 850 946 949 990
10 44 129 223 360 369 488 499 623 706 889
7 8 104 328 473 654 802 998
4 13 464 664 853
8 25 377 410 542 543 595 764 799
8 113 298 311 326 561 656 829 837
11 386 404 478 545 745 792 795 835 874 953 998
10 131 159 305 333 425 452 503 534 656 968
14 44 45 188 201 249 349 380 472 514 639 661 883 935 938
11 0 43 54 158 416 494 514 628 650 827 853
8 75 151 280 373 606 749 848 944
7 212 324 371 388 444 450 889
14 34 41 346 355 369 377 651 663 698 756 757 880 937 988
16 35 220 265 277 408 475 491 538 541 649 779 790 828 872 888 932
4 458 617 659 698
13 56 93 203 206 209 223 304 461 582 761 807 848 871
16 80 135 161 179 186 212 461 483 517 518 700 763 877 888 938 983
12 257 324 476 511 558 632 636 718 730 855 857 950
15 20 116 191 229 331 340 385 387 560 667 733 748 846 884 903
15 1 280 429 478 483 486 509 518 572 621 693 780 901 952 974
14 49 91 108 149 219 540 606 658 695 754 818 895 986 994
9 20 168 176 386 521 553 597 705 943
9 27 108 402 484 554 633 714 727 983
14 32 341 484 528 628 630 684 705 769 834 847 876 888 969
4 65 308 860 921
11 67 270 326 352 367 473 574 580 792 808 942
11 51 163 228 261 487 500 588 595 669 684 885
16 1 131 156 161 196 385 396 537 541 558 672 819 838 906 916 938
8 42 84 102 405 426 492 516 700
12 73 223 438 533 557 575 620 749 808 842 920 982
9 351 509 534 782 850 916 924 935 976
17 44 116 146 249 265 286 339 347 358 541 613 631 676 743 805 826 958
14 11 38 44 46 67 104 164 257 401 511 528 623 766 781
14 13 43 96 222 298 502 540 652 690 754 767 775 784 841
8 71 103 111 517 565 607 881 933
12 98 144 264 292 548 625 658 759 767 803 929 995
9 103 113 124 178 204 474 686 823 918
10 97 209 278 302 334 451 548 765 776 832
11 45 71 137 264 329 445 603 753 881 908 999
7 247 252 399 426 492 660 952
11 14 59 209 236 281 511 534 680 686 741 827
13 241 437 462 474 521 665 700 735 744 786 847 908 987
12 155 249 256 284 305 414 488 727 820 894 899 925
8 277 320 323 375 417 611 639 881
8 170 358 479 661 780 859 927 947
8 301 392 465 606 642 860 883 914
12 43 66 79 150 191 198 269 317 339 378 791 825
6 69 412 531 569 675 987
10 53 84 225 347 350 357 496 780 820 842
10 18 24 319 349 479 482 501 510 617 858
15 272 317 324 333 435 444 521 545 669 684 698 827 879 939 991
9 180 218 438 466 503 584 630 647 794
6 203 254 633 652 964 968
13 18 60 84 184 207 209 248 259 388 451 484 545 868
4 178 309 448 816
11 37 183 289 342 379 397 399 595 713 750 817
11 65 115 264 378 442 480 573 617 636 826 960
8 3 178 249 330 470 521 540 727
10 162 300 310 338 348 393 582 624 726 846
6 70 233 260 336 728 754
9 72 146 361 468 573 755 906 915 960
12 75 237 290 337 340 411 424 802 811 818 931 977
5 35 123 536 685 711
6 320 352 595 657 773 982
8 27 167 496 772 818 834 863 905
6 14 123 403 417 574 836
10 87 112 375 499 571 698 736 793 927 985
14 10 86 100 125 164 429 447 566 610 642 804 840 851 984
8 69 185 378 409 469 738 773 938
10 178 227 386 516 574 647 727 744 839 969
11 41 136 160 183 371 508 658 823 852 880 893
10 14 44 152 365 420 465 573 605 673 843
13 14 81 86 158 183 427 513 611 620 646 676 690 843
13 99 135 216 218 304 426 465 504 603 833 854 884 885
17 1 19 93 104 155 175 292 385 561 564 569 599 645 755 937 971 992
15 22 70 135 138 208 223 415 479 487 549 669 705 852 924 930
6 12 62 615 743 975 998
12 125 237 248 366 446 482 505 824 857 889 974 995
10 211 490 502 506 692 737 751 806 822 928
10 30 77 159 331 499 590 663 675 949 955
8 14 454 473 476 628 668 837 920
17 9 127 219 229 237 344 375 377 423 427 565 692 737 849 896 901 998
13 131 319 375 450 453 456 469 595 619 665 845 846 908
10 125 214 533 756 764 776 832 846 958 998
16 10 51 63 193 276 410 582 589 590 592 683 720 737 778 861 982
12 4 69 214 307 311 356 428 569 677 719 806 815
7 41 50 237 605 753 800 928
20 160 190 419 425 432 433 436 438 457 735 755 767 788 806 828 845 847 886 943 985
9 172 195 276 367 676 737 835 839 897
7 104 130 525 671 746 860 863
15 88 128 253 347 560 563 660 687 725 777 910 914 984 989 991
11 28 271 372 625 720 754 804 813 834 890 946
