100
2 44 76
2 14 57
2 6 74
4 65 69 72 88
2 56 75
1 49
1 2
5 47 55 62 66 70
3 59 73 74
1 84
1 24
3 24 46 96
2 55 57
2 18 84
4 1 54 23 83
2 22 40
3 92 94 97
2 41 93
2 13 32
2 67 98
3 68 22 29
2 53 27
4 57 60 15 20
2 14 37
6 48 10 11 27 91 96
1 67
1 32
3 21 24 31
3 49 66 74
5 48 54 55 20 34
2 47 95
5 57 69 70 27 83
4 18 26 47 99
3 74 75 79
4 56 29 47 89
1 88
2 86 95
3 54 23 72
2 51 56
1 98
1 15
3 54 17 96
2 49 81
2 59 72
7 0 48 57 63 72 78 47
3 69 77 96
1 11
7 7 30 83 32 34 44 98
3 24 29 44
3 5 28 42
2 72 90
3 38 73 76
2 76 97
2 21 75
4 14 29 37 41
3 7 12 29
4 4 34 38 84
6 1 12 22 31 44 71
3 82 88 95
2 8 43
2 22 77
1 86
1 7
1 44
1 80
1 3
2 7 28
2 19 25
2 20 76
3 3 31 45
3 7 31 77
4 57 72 82 85
6 3 50 71 37 43 44
2 51 8
6 2 8 28 33 78 84
4 4 53 33 82
4 0 51 52 68
4 60 70 45 94
4 74 44 80 90
1 33
3 64 78 97
1 42
3 58 71 75
4 14 31 47 87
4 56 9 13 74
1 71
3 61 36 98
1 83
3 3 58 35
2 34 92
2 50 78
1 24
2 16 89
2 17 96
2 16 77
3 58 30 36
5 11 24 41 93 45
3 52 16 80
4 19 86 39 47
1 32
