200
2 37 176
3 4 47 140
2 58 102
2 55 96
6 1 97 98 38 50 162
2 167 199
1 140
3 10 73 165
6 101 22 81 83 175 182
4 12 15 76 119
5 7 20 37 114 155
11 43 64 66 77 90 112 113 117 127 148 186
5 9 14 46 155 176
3 47 140 151
3 12 163 190
2 9 185
3 127 138 183
5 28 38 66 168 171
4 37 148 186 189
4 20 110 153 163
7 10 106 19 66 116 139 152
2 130 158
7 103 8 32 75 119 131 182
4 105 31 77 156
7 97 120 128 157 161 174 195
1 192
5 101 59 79 172 183
2 143 182
3 17 42 161
5 94 118 55 90 148
5 31 74 137 139 140
5 23 30 43 167 191
3 22 49 93
5 96 34 54 167 198
6 33 80 146 147 160 175
5 63 89 147 151 163
7 109 122 37 67 76 166 185
8 0 10 18 36 88 154 163 170
4 4 17 123 136
2 162 193
3 169 188 193
4 68 74 155 194
3 28 93 165
4 11 112 31 50
1 54
3 110 90 194
2 12 130
7 1 13 120 49 172 175 182
3 125 63 161
4 32 47 74 82
5 4 103 43 183 190
3 92 177 182
3 105 169 185
2 75 164
3 33 44 159
5 3 113 120 29 182
6 102 137 145 93 150 169
2 128 134
2 2 63
4 103 26 185 187
2 117 90
5 117 131 134 179 187
1 183
9 127 35 48 58 64 69 87 182 185
4 11 151 63 191
4 161 75 77 186
7 11 17 20 112 145 161 181
3 36 140 93
1 41
2 63 192
5 114 132 72 185 190
2 155 189
3 125 137 70
6 7 126 154 75 84 184
8 30 41 143 49 146 153 168 172
4 22 53 65 73
4 9 36 168 174
5 11 23 128 129 65
2 108 148
2 26 187
3 104 34 183
5 8 107 151 171 174
1 49
4 95 8 106 178
2 145 73
1 188
2 107 195
4 113 63 180 189
1 37
1 35
6 11 116 29 45 148 60
3 96 99 169
6 130 132 51 152 174 188
5 32 141 42 56 67
2 29 127
3 83 100 112
3 3 33 91
2 4 24
2 4 161
2 91 151
2 95 111
4 8 26 150 196
6 2 56 139 140 174 181
5 22 50 59 130 141
3 80 150 151
4 23 52 106 165
3 105 20 83
3 81 86 135
3 78 169 191
3 36 126 147
3 19 45 134
3 100 183 193
6 95 11 43 66 114 182
5 11 55 87 138 166
5 10 112 70 136 159
3 137 178 190
2 20 90
7 11 60 61 130 141 180 188
3 29 120 175
3 9 22 158
4 118 24 47 55
3 144 157 177
3 36 162 192
3 38 152 187
2 135 157
3 48 72 165
4 109 73 182 198
4 94 11 16 63
5 24 57 77 180 187
2 77 194
5 103 21 117 46 92
3 22 61 158
4 70 92 178 187
1 150
6 110 57 61 136 154 197
6 107 124 141 154 169 199
4 114 134 38 160
5 115 30 56 72 163
3 16 113 166
5 102 20 30 194 198
6 1 102 6 13 30 67
4 103 117 135 93
2 150 182
2 27 74
2 121 183
4 56 66 84 173
4 34 74 160 196
4 109 34 35 177
6 11 18 29 78 90 161
1 160
5 101 104 133 142 56
7 99 104 13 35 64 81 197
5 20 123 92 161 186
3 19 74 192
6 37 134 135 73 176 187
5 10 12 41 71 169
1 23
4 24 121 124 198
4 21 119 131 170
4 114 54 164 195
5 34 136 146 149 180
10 98 24 28 48 148 152 65 66 163 179
3 4 122 39
6 14 19 35 37 137 161
3 53 159 180
5 105 7 125 42 192
4 113 36 138 183
3 5 31 33
3 17 74 76
8 108 135 40 52 56 155 91 192
2 37 158
2 17 81
3 26 47 74
2 145 194
5 102 24 76 81 92
5 8 118 34 47 181
3 0 12 154
3 121 51 147
3 115 132 83
2 61 161
5 117 128 160 164 87
3 102 66 175
11 8 112 22 27 126 142 47 51 55 63 187
9 16 111 26 144 50 62 166 80 199
1 73
6 15 36 52 59 63 70
4 11 18 152 65
9 123 128 132 154 59 61 182 79 196
4 117 40 85 92
3 18 71 87
4 14 115 50 70
3 108 31 64
6 25 122 153 165 69 169
3 111 39 40
5 129 139 41 45 173
3 24 159 86
3 101 146 187
2 134 151
4 126 33 139 157
3 5 135 183
