600
7 11 62 246 350 389 394 454
7 180 314 407 450 509 523 578
6 156 214 276 285 411 434
5 168 172 307 330 525
5 90 114 268 286 487
8 45 157 407 437 485 507 525 595
10 62 73 96 160 189 315 321 369 410 464
9 43 54 66 87 207 354 518 541 563
9 34 278 327 337 355 476 567 587 593
5 10 53 364 400 481
9 9 16 77 80 132 361 492 572 576
7 0 32 136 341 364 501 589
5 34 181 304 552 555
8 51 159 225 250 370 470 482 537
6 139 142 420 453 475 503
7 105 232 313 347 348 478 484
8 10 198 276 332 345 467 471 556
6 150 202 236 249 401 445
8 101 198 201 325 364 490 521 557
6 217 225 296 492 507 521
10 27 79 91 226 241 355 415 428 506 521
10 37 88 95 209 219 369 458 549 586 596
7 156 169 246 360 370 447 559
11 64 167 189 267 313 339 378 413 545 561 562
10 48 108 169 217 261 356 390 431 515 545
5 31 40 254 382 562
7 127 166 170 335 370 384 449
10 20 52 122 135 153 222 300 436 445 554
5 148 190 405 424 596
8 42 174 194 247 262 366 380 460
10 141 192 212 256 268 365 374 404 452 571
9 25 39 142 199 311 315 342 398 546
10 11 107 138 209 319 373 416 474 491 550
7 206 249 255 258 340 413 540
12 8 12 90 110 111 198 201 231 237 255 365 425
11 146 179 204 294 343 375 408 428 440 491 567
10 113 208 215 285 290 333 341 358 385 576
12 21 198 215 250 366 392 437 468 473 474 516 521
4 68 97 477 511
7 31 137 324 443 451 520 577
6 25 145 172 222 538 570
5 83 102 226 251 517
3 29 135 429
8 7 123 232 421 430 518 580 590
9 129 280 364 371 398 404 437 461 516
12 5 136 165 202 248 270 330 360 379 532 547 581
3 228 456 506
12 86 93 176 215 300 315 323 369 384 458 492 512
6 24 181 191 223 464 570
4 138 139 143 488
5 122 502 559 571 576
5 13 303 305 362 598
6 27 212 336 370 494 537
9 9 185 237 253 355 358 378 393 415
6 7 154 203 209 443 521
5 249 274 330 476 564
5 294 302 340 497 509
5 375 513 532 539 559
6 133 252 441 464 496 565
7 109 221 280 305 531 562 589
6 77 157 163 229 286 464
7 273 353 418 433 465 505 521
10 0 6 128 260 261 306 337 525 542 565
5 104 151 409 472 529
8 23 297 316 382 419 463 552 561
8 94 193 202 256 285 451 503 540
6 7 181 273 413 427 486
8 120 147 248 276 343 349 439 456
3 38 92 413
8 84 299 325 400 416 451 503 582
7 84 259 260 313 407 591 594
9 116 131 150 260 262 357 394 403 437
5 293 319 373 518 598
7 6 78 136 291 297 384 502
7 101 102 151 189 209 246 298
8 145 192 213 467 482 526 588 590
5 126 190 242 313 535
12 10 60 121 133 168 227 294 321 345 396 419 441
9 73 94 254 255 277 330 335 475 522
7 20 149 161 225 373 407 453
8 10 194 206 282 295 296 298 564
5 130 174 444 506 521
6 92 287 299 385 406 511
6 41 96 149 239 270 385
6 69 70 248 389 414 554
2 508 570
6 47 282 291 345 403 418
6 7 242 257 289 301 533
7 21 94 243 324 434 440 453
5 120 402 516 568 589
6 4 34 423 480 546 587
6 20 160 431 461 514 544
12 68 82 116 163 201 293 347 476 479 534 586 597
12 47 100 130 151 180 306 313 400 517 520 529 558
10 65 78 88 141 231 258 287 387 392 579
3 21 424 524
7 6 83 122 133 176 336 463
7 38 144 180 258 295 323 475
7 138 202 245 472 473 535 555
7 111 150 242 284 296 433 493
6 93 112 164 307 371 392
10 18 74 177 223 405 432 447 479 537 555
5 41 74 205 244 389
9 149 297 376 387 406 420 565 578 585
8 63 181 277 282 358 400 463 471
8 15 222 346 398 404 409 511 574
8 179 273 356 389 502 508 527 530
9 32 160 232 335 345 363 416 430 451
9 24 246 261 308 438 502 509 586 587
5 59 209 272 459 576
7 34 134 171 322 335 357 531
10 34 99 126 168 202 277 278 282 331 367
5 100 466 469 508 545
7 36 206 233 288 469 491 520
7 4 266 276 290 365 452 597
11 123 213 215 293 386 393 394 416 527 552 570
10 71 92 196 319 333 445 468 499 530 533
11 122 168 213 239 254 285 352 387 393 524 570
3 126 162 233
8 194 330 417 450 458 460 539 545
3 67 89 472
10 77 188 191 262 276 297 298 499 550 575
9 27 50 96 117 323 377 498 520 534
9 43 115 157 201 314 325 500 529 550
5 257 330 429 517 576
8 295 372 412 450 550 566 567 576
9 76 111 118 154 242 304 372 502 592
5 26 142 186 247 548
9 62 144 153 202 316 337 344 445 594
7 44 216 232 278 357 390 521
5 81 93 260 421 538
10 71 209 274 325 392 408 446 486 531 554
6 10 230 236 388 482 513
7 58 77 96 159 231 509 563
7 110 166 330 391 550 560 590
9 27 42 161 181 202 218 478 529 571
10 11 45 73 215 254 351 420 423 499 585
7 39 186 305 435 481 488 520
10 32 49 98 143 179 220 243 447 518 552
11 14 49 155 201 311 328 348 395 440 488 513
4 238 320 475 580
7 30 94 155 223 251 365 436
6 14 31 127 318 418 493
5 49 138 161 447 478
9 97 128 223 237 349 351 372 407 455
4 40 75 365 451
12 35 219 251 252 385 470 535 538 545 561 568 578
4 67 206 223 277
6 28 169 222 275 440 502
7 79 83 103 162 225 251 598
7 17 71 99 251 517 551 562
7 63 74 93 227 487 506 576
5 165 194 296 424 580
7 27 128 301 326 383 397 448
7 54 126 280 333 447 480 529
10 139 141 174 275 311 316 332 530 564 577
8 2 22 166 175 223 227 240 478
5 5 60 123 270 313
4 229 438 531 570
4 13 133 181 196
10 6 91 107 170 185 391 491 501 528 599
8 79 135 143 241 432 443 460 573
6 118 149 280 304 386 394
5 60 92 244 414 522
5 100 233 397 507 523
9 45 152 252 261 400 429 447 532 566
9 26 134 156 171 396 415 422 448 512
10 23 352 363 451 499 525 530 532 547 553
9 3 77 111 117 394 402 475 532 567
5 22 24 148 305 467
5 26 160 306 470 519
8 110 166 216 284 403 422 475 568
4 3 40 394 508
7 179 295 314 434 454 490 531
7 29 81 155 200 213 508 530
8 156 300 309 327 381 445 448 498
7 47 96 276 464 489 504 581
7 101 259 293 446 448 478 481
8 217 226 270 274 354 394 409 431
8 35 106 138 173 214 216 394 516
8 1 93 97 185 206 285 417 445
11 12 48 66 104 135 159 393 424 455 469 482
6 262 266 271 317 368 569
4 347 496 544 568
3 185 307 526
8 53 160 180 184 343 440 459 494
7 127 137 263 340 362 447 465
5 349 351 356 423 527
6 121 197 335 339 422 497
8 6 23 74 267 278 353 382 447
10 28 76 285 303 316 519 533 537 570 573
11 48 121 239 249 277 285 369 374 453 475 540
6 30 75 309 353 356 583
4 65 231 275 474
8 29 80 119 152 296 302 408 460
7 374 419 431 458 548 551 573
7 116 159 233 289 353 466 542
5 188 217 305 314 364
9 16 18 34 37 251 341 364 369 451
9 31 262 276 317 331 351 376 488 578
9 174 272 275 283 317 329 413 445 552
7 18 34 92 123 139 544 573
12 17 45 65 98 111 128 135 293 355 392 427 566
8 54 270 310 332 369 409 489 580
4 35 282 468 581
3 102 401 579
9 33 80 113 147 180 284 404 561 570
9 7 257 263 391 425 449 523 552 581
3 36 485 557
7 21 32 54 74 109 131 493
4 263 286 534 549
6 256 261 334 361 532 571
8 30 52 304 347 365 408 454 512
10 75 115 117 174 295 349 438 440 515 583
4 2 179 375 379
11 36 37 47 115 136 248 292 457 459 460 466
6 129 171 179 294 428 506
8 19 24 178 197 251 253 259 561
4 135 269 394 442
5 21 146 232 401 455
2 138 518
6 59 236 301 478 502 521
6 27 40 105 148 480 502
8 48 101 141 144 147 156 370 505
4 234 319 368 442
10 13 19 79 149 258 476 478 510 524 549
10 20 41 178 280 305 442 449 482 490 599
8 77 151 156 273 294 347 348 547
4 46 370 448 467
5 60 158 249 441 584
4 132 278 304 343
7 34 94 133 193 312 371 411
7 15 43 107 129 219 314 338
6 113 118 164 196 331 380
4 224 543 555 585
6 286 438 458 533 548 576
9 17 132 221 302 413 440 474 512 534
10 34 53 144 246 297 300 352 433 507 569
4 140 423 461 579
10 83 117 191 291 326 406 441 464 485 558
4 156 281 394 434
7 20 161 271 402 475 498 527
9 76 87 99 126 268 300 361 440 562
7 88 138 466 495 529 535 559
7 102 163 328 346 421 489 518
4 98 303 408 421
10 0 22 74 108 237 317 326 335 380 581
6 29 127 294 324 406 492
6 45 67 84 215 306 568
11 17 33 55 191 229 282 332 350 505 526 590
7 13 37 333 335 382 441 546
11 41 141 146 149 150 198 217 309 322 389 446
7 58 146 165 376 436 477 503
6 53 217 265 299 326 581
11 25 78 117 136 324 347 376 516 529 544 597
7 33 34 78 314 406 559 588
6 30 65 211 386 409 553
5 87 124 207 312 474
5 33 94 97 225 573
5 70 177 217 443 597
6 62 70 71 130 311 331
5 24 62 108 165 211
10 29 71 121 182 199 274 424 461 464 577
9 186 207 210 270 308 323 345 367 510
6 266 352 387 428 499 591
4 253 278 466 548
8 114 182 264 381 475 507 566 576
6 23 189 327 344 491 544
9 4 30 242 294 316 349 398 466 492
4 218 297 301 498
11 45 83 157 178 203 263 312 383 404 407 507
6 182 241 299 454 518 550
9 109 200 280 375 396 405 500 532 541
9 61 66 106 227 410 431 441 569 588
7 55 131 178 262 351 370 456
9 148 155 193 200 311 373 430 451 509
11 2 16 67 114 121 176 199 323 344 358 539
10 78 104 111 147 191 300 354 365 522 578
9 8 111 129 189 230 265 372 523 536
5 423 508 523 539 545
9 44 59 154 162 226 272 312 468 565
5 240 286 479 551 593
11 80 86 104 111 204 249 413 460 475 572 590
3 200 306 553
6 99 171 206 556 557 576
13 2 36 65 117 180 190 191 299 314 346 485 486 568
7 4 60 210 235 281 337 480
3 82 94 559
5 113 350 396 443 512
7 87 196 355 368 397 415 546
6 36 114 385 419 494 571
8 73 86 239 301 323 491 494 526
5 215 304 451 473 572
12 72 92 115 177 202 369 418 420 479 494 544 574
9 35 56 77 216 227 247 268 515 588
7 80 97 125 173 213 441 592
9 19 80 99 152 194 369 502 532 553
10 64 73 103 121 237 269 455 471 480 572
11 74 80 121 311 370 415 512 538 551 562 567
8 69 82 253 271 285 357 460 587
10 27 47 175 237 242 277 429 454 545 546
10 87 153 221 269 291 404 439 472 509 523
5 56 194 236 559 585
3 51 190 245
11 12 126 162 212 230 292 323 341 398 411 474
12 51 59 137 169 197 226 402 433 534 555 573 578
10 62 93 170 248 283 329 365 369 408 463
7 3 100 184 333 378 433 477
3 108 263 510
5 175 192 251 312 519
2 203 501
9 31 139 155 260 275 298 448 557 562
7 231 257 270 280 309 325 530
9 15 23 70 76 93 157 490 560 594
11 1 123 173 197 232 255 285 361 440 544 567
5 6 31 47 316 513
11 64 128 155 190 268 315 396 418 441 489 582
6 182 199 200 246 492 511
2 142 447
11 32 72 116 224 329 417 463 466 554 563 578
6 140 373 414 443 558 561
5 6 77 349 390 436
3 110 251 356
12 47 97 122 263 276 291 304 511 525 543 573 576
8 39 88 247 254 392 425 468 487
11 18 69 123 131 312 352 360 365 429 435 495
8 153 239 246 253 381 419 447 590
8 8 175 267 339 362 399 478 484
4 139 244 478 555
8 200 306 319 332 345 370 476 556
12 3 45 55 78 119 124 134 333 457 471 488 560
8 111 199 233 260 425 512 551 558
6 16 155 203 249 329 459
12 36 116 154 250 307 330 340 383 391 450 552 598
6 211 356 365 410 542 589
9 26 78 107 110 188 246 250 341 419
5 52 96 436 513 584
5 8 62 128 286 577
7 232 397 425 445 487 522 585
6 23 188 327 433 530 560
9 33 56 186 333 344 380 407 478 530
5 11 36 198 304 335
3 31 361 379
5 35 67 185 230 521
8 128 267 276 340 347 348 416 432
10 16 77 86 107 263 329 531 550 579 595
8 105 244 285 376 386 388 429 445
10 15 92 183 212 227 254 344 493 501 537
5 15 139 227 344 442
10 67 144 187 213 268 321 395 402 465 595
8 0 249 288 424 480 495 526 539
6 136 144 187 199 274 595
9 117 167 237 264 325 402 469 502 510
8 61 189 192 196 356 455 457 496
6 7 178 277 368 482 555
7 8 20 53 202 289 378 423
11 24 106 187 192 322 334 353 414 476 497 588
5 71 110 129 299 453
8 36 53 104 276 426 435 467 596
6 401 410 481 547 554 569
4 22 45 325 450
8 10 211 242 314 342 408 413 523
4 51 186 327 501
5 107 167 404 435 587
7 9 11 18 44 197 198 453
13 30 34 114 141 145 212 277 306 325 334 398 458 561
5 29 37 419 432 468
6 111 263 411 412 416 425
9 182 224 289 354 378 384 480 560 587
11 6 21 47 191 198 203 293 296 306 483 553
13 13 22 26 52 223 228 274 298 329 448 453 516 562
6 44 100 231 442 564 599
9 125 126 144 278 407 462 479 491 519
7 32 72 79 275 320 378 528
8 30 191 195 418 441 527 557 574
6 35 57 214 272 474 561
6 103 199 252 254 346 551
5 122 479 524 556 575
8 23 53 307 355 368 373 444 474
5 45 214 342 438 535
8 29 233 246 340 439 498 551 577
5 175 266 326 417 499
7 25 64 189 250 414 505 569
5 153 270 333 436 521
7 26 47 73 368 409 511 589
7 36 82 83 146 290 461 587
11 115 162 256 346 422 435 470 514 525 574 585
4 94 103 117 264
6 132 346 389 437 563 575
8 0 84 102 106 251 388 427 455
5 24 129 321 437 442
7 134 160 207 333 422 476 535
8 37 94 100 131 202 324 524 583
10 53 115 117 181 457 514 516 554 564 586
11 0 71 115 162 168 172 178 179 218 240 598
4 139 349 396 541
6 77 166 272 288 316 395
7 153 164 289 338 411 454 552
8 31 44 105 268 304 365 500 593
6 327 494 507 538 573 590
7 9 69 93 104 165 432 504
7 17 205 219 359 450 473 558
13 89 168 241 305 349 352 427 449 461 480 489 561 587
3 71 86 171
9 30 44 105 206 270 301 363 424 497
4 28 101 272 437
7 82 103 239 247 255 424 567
8 1 5 70 79 144 270 340 372
9 35 131 194 212 245 306 361 426 442
8 63 105 178 203 256 384 557 573
8 6 273 334 359 421 522 565 567
6 2 231 304 367 397 598
5 125 367 501 508 513
9 23 33 66 68 200 236 282 361 467
9 84 163 320 356 382 461 525 563 587
6 20 53 166 289 298 445
9 32 69 107 115 344 367 459 510 553
9 119 180 319 381 437 478 520 521 531
7 61 86 142 293 316 374 554
8 64 77 195 290 326 335 366 505
9 14 103 136 293 425 488 549 573 584
8 43 130 244 245 410 489 528 559
6 166 171 188 386 391 490
10 90 136 187 238 279 355 467 555 557 590
10 28 95 152 181 262 350 404 406 446 539
9 34 207 324 331 338 367 420 435 520
5 358 408 488 526 530
4 66 202 389 402
5 20 35 216 264 556
7 42 124 165 300 325 346 531
8 43 107 275 434 465 501 508 551
6 24 91 178 195 273 498
10 101 161 344 366 400 441 498 531 595 599
8 61 99 237 305 307 339 503 529
8 2 88 173 240 430 487 496 520
7 137 325 358 363 386 425 537
13 27 141 252 321 336 383 450 493 516 556 568 578 585
10 5 37 44 71 388 390 405 417 524 580
7 108 158 213 235 379 532 551
5 67 301 380 513 597
9 35 88 139 148 185 213 236 242 314
11 58 77 229 239 250 273 295 316 374 432 521
10 218 224 226 348 371 390 408 483 501 567
7 39 54 161 259 288 320 585
4 81 378 455 543
11 17 27 116 128 175 180 200 338 346 415 484
6 131 177 251 424 501 552
14 22 101 138 143 154 165 186 189 318 326 450 472 547 560
9 153 166 175 177 228 311 370 524 592
8 26 207 226 402 554 563 580 599
10 1 119 125 333 360 401 436 447 549 594
10 39 65 69 107 145 167 198 275 292 564
3 30 114 500
9 14 79 88 191 357 364 370 459 520
7 0 173 212 271 300 397 536
9 144 181 219 297 353 389 444 540 594
5 46 67 274 505 566
6 215 330 353 393 486 562
9 21 47 119 195 235 365 563 564 597
7 109 185 215 332 416 453 462
9 29 119 161 194 215 282 299 466 557
9 44 91 238 262 385 402 414 477 481
3 372 459 502
6 64 96 104 306 319 476
8 6 48 58 60 176 239 262 583
7 61 186 349 430 466 518 535
12 112 196 215 243 265 268 319 460 465 508 566 594
8 16 75 169 228 358 413 423 598
10 37 116 204 280 324 366 475 495 524 595
5 112 113 181 352 516
6 13 146 170 386 553 571
6 16 104 297 330 491 512
6 63 98 120 301 447 563
5 37 98 292 401 525
11 32 37 193 236 257 304 375 378 476 508 525
13 14 78 97 140 168 171 191 241 266 282 468 536 597
10 8 55 92 225 329 356 391 463 474 492
5 38 252 307 461 508
12 15 135 143 156 177 221 225 327 328 340 417 543
7 92 101 281 293 372 377 584
10 90 154 222 286 297 350 368 402 529 574
5 9 137 177 359 461
7 13 75 132 181 226 354 493
4 369 442 499 581
6 15 327 445 509 528 564
5 5 208 239 285 599
6 66 131 285 457 592 597
6 4 151 324 338 434 560
8 49 137 139 199 330 420 426 581
7 176 203 244 316 402 421 599
5 18 173 226 313 422
9 32 35 113 160 267 291 372 471 506
10 10 19 47 247 268 317 476 504 554 581
7 99 142 209 347 436 482 558
9 52 185 290 291 293 399 526 568 571
7 243 325 350 468 533 565 586
5 58 183 353 434 591
5 56 188 356 404 570
12 122 175 241 269 380 431 432 517 539 546 567 573
8 116 121 136 167 264 381 483 542
4 123 272 398 452
11 11 160 310 347 362 412 430 442 446 566 594
14 50 73 106 108 126 148 221 222 296 352 462 536 557 599
6 14 65 69 252 433 558
4 176 400 492 585
8 61 223 249 382 419 456 534 563
8 20 46 81 151 216 491 560 571
10 5 19 164 237 266 270 399 552 579 594
13 85 106 112 172 174 279 412 430 466 474 477 557 597
9 1 56 108 133 275 301 484 547 550
5 225 263 308 352 416
8 38 82 105 317 323 384 551 591
9 47 166 212 236 288 298 331 471 540
8 57 132 139 315 336 412 439 569
4 91 386 393 595
5 24 213 294 531 533
10 37 44 89 179 254 370 393 436 469 576
5 41 93 124 150 498
9 7 43 72 138 220 244 271 465 550
6 170 190 309 372 530 540
9 39 93 113 122 137 417 425 434 453
14 18 19 20 37 54 61 81 129 221 343 383 417 441 543
6 78 163 277 338 410 557
7 1 164 207 278 279 301 361
9 95 117 225 377 392 437 448 468 533
10 3 5 62 167 323 386 414 473 474 539
10 75 184 249 291 350 426 494 538 545 569
6 106 115 187 241 374 588
4 160 373 421 484
11 63 93 123 135 154 243 254 433 480 548 591
10 106 116 155 167 174 312 339 340 426 519
11 59 110 131 158 173 345 417 429 432 515 586
10 45 57 165 167 168 211 272 296 438 568
7 87 116 190 235 495 515 524
6 92 122 210 236 305 505
7 76 98 146 243 379 391 465
5 278 454 475 502 553
6 13 52 101 190 347 435
6 40 130 146 298 399 526
8 57 119 276 279 350 424 498 525
6 33 65 191 455 512 519
3 7 272 395
4 62 196 334 499
7 234 323 444 478 521 569 598
7 91 183 201 254 267 293 314
9 23 24 112 119 146 279 300 526 558
6 31 90 250 289 300 498
7 45 167 227 359 447 509 565
5 127 195 235 265 529
7 21 210 225 420 450 560 593
9 32 121 123 125 134 271 345 509 518
11 150 195 281 298 331 376 380 430 438 511 568
10 12 64 115 138 200 207 333 397 446 507
9 167 256 283 296 369 416 470 536 584
11 27 84 131 319 359 393 418 449 492 592 596
9 12 98 101 234 305 328 354 423 564
7 16 284 329 377 428 436 590
12 18 208 284 311 374 409 423 460 502 508 522 581
8 93 239 320 331 401 493 503 545
8 22 50 57 243 255 287 302 421
10 134 313 330 339 368 447 487 506 549 589
10 23 64 146 206 217 320 365 375 402 573
9 23 25 59 150 242 298 311 370 457
9 7 133 319 388 414 449 458 472 505
10 55 80 155 371 393 451 458 484 555 597
7 58 62 103 280 410 495 547
7 125 165 202 266 456 466 501
10 8 35 125 168 298 314 406 410 442 498
10 89 146 171 183 248 285 436 494 532 551
8 182 237 273 359 382 513 526 543
9 40 48 85 115 117 158 190 206 497
8 30 50 135 211 290 470 494 506
4 10 282 292 297
13 161 190 195 201 258 305 323 399 409 420 498 561 594
5 105 293 374 386 480
4 121 377 388 577
12 10 36 50 109 124 125 151 235 266 284 323 516
6 39 155 262 337 380 575
8 1 103 146 199 277 305 319 436
5 94 205 238 345 507
6 43 140 152 203 437 449
11 45 176 204 207 246 253 483 488 492 557 585
2 69 316
5 192 213 392 464 589
6 229 336 420 479 553 591
10 103 136 234 302 338 386 436 443 504 581
6 21 92 108 393 495 531
9 8 90 108 299 363 368 385 402 414
6 75 255 273 294 356 527
8 11 59 89 334 384 560 583 595
9 43 75 134 249 282 326 399 423 556
7 70 264 496 511 529 584 597
5 126 295 448 486 554
4 8 281 398 549
10 70 128 313 450 455 466 501 507 573 598
8 5 345 349 351 432 468 514 589
4 21 28 358 554
11 92 114 254 259 439 458 475 486 508 564 591
9 51 72 149 333 394 411 467 543 594
8 160 226 371 432 449 485 489 502
