1000
12 27 45 221 465 785 841 865 887 929 948 986 991
15 152 264 336 398 457 491 511 598 669 684 725 744 748 783 938
14 73 338 386 387 425 545 597 644 674 778 853 950 951 960
7 127 150 184 284 335 538 726
13 68 77 119 208 358 366 419 495 637 671 791 854 897
8 121 253 271 415 444 511 857 977
8 48 116 140 411 541 700 850 978
17 23 65 104 200 226 229 309 392 563 586 809 828 842 863 865 900 905
16 32 200 228 317 349 405 567 576 640 656 660 678 873 898 956 967
10 10 65 129 224 512 527 737 816 960 984
9 9 180 289 319 345 406 648 894 962
5 94 437 860 870 973
11 121 267 277 375 415 503 528 599 708 882 928
11 89 172 334 529 621 721 739 785 787 974 991
5 98 374 381 565 899
8 79 247 334 335 372 418 480 717
11 34 91 244 279 343 402 488 648 704 733 970
13 133 163 388 407 527 583 666 708 718 749 789 950 973
12 210 377 452 454 457 482 691 728 789 845 865 934
10 208 269 411 481 580 644 647 778 849 881
10 50 75 142 161 334 436 572 670 714 798
7 24 116 120 214 473 570 928
7 103 142 437 450 480 670 963
15 7 72 104 133 347 378 582 603 627 719 723 755 819 873 937
6 21 58 222 775 831 856
9 47 69 75 117 387 553 557 661 763
11 309 394 431 454 476 574 652 666 725 927 969
9 0 252 302 348 392 478 673 757 962
10 197 233 551 620 637 700 732 900 963 981
16 54 107 142 165 212 229 271 344 444 588 639 721 778 817 843 952
5 59 278 638 803 993
9 241 418 451 473 552 585 588 594 764
14 8 82 148 155 171 175 196 345 468 688 821 824 827 990
12 46 197 311 348 519 554 760 781 810 853 871 928
8 16 209 210 530 753 815 893 954
13 105 118 310 380 451 483 614 748 773 818 855 907 980
10 183 242 335 391 463 509 559 640 666 859
7 75 113 158 465 472 532 745
7 63 302 384 487 542 677 900
12 173 177 255 406 482 484 500 582 642 694 807 878
7 259 424 689 740 912 995 999
10 144 340 397 462 491 571 598 729 797 802
7 118 152 456 578 693 715 743
9 181 227 257 295 343 375 586 929 973
8 114 178 504 688 787 812 927 972
10 0 53 115 190 208 277 316 574 682 866
10 33 51 112 265 329 398 501 570 972 989
10 25 125 131 197 209 312 352 354 374 982
11 6 59 75 270 289 475 586 723 877 903 950
8 101 260 337 345 429 515 649 677
11 20 107 117 188 325 542 576 671 727 759 823
11 46 201 211 214 457 669 740 761 794 925 977
8 138 232 441 457 662 725 899 923
9 45 57 112 181 200 545 616 682 696
8 29 142 173 259 398 611 760 893
7 56 137 145 367 716 786 825
7 55 158 191 322 691 751 967
6 53 201 235 639 855 952
6 24 528 586 621 702 833
13 30 48 155 178 219 418 486 543 608 723 771 809 843
12 79 141 253 506 509 634 706 738 748 792 934 991
7 116 241 343 518 583 796 924
9 124 199 249 359 607 666 683 704 886
8 38 128 282 298 603 619 725 790
8 87 219 402 406 419 585 629 920
10 7 9 145 203 638 660 822 918 924 982
4 170 581 990 994
4 167 816 938 981
7 4 113 163 444 671 840 903
14 25 110 263 316 356 375 405 427 618 654 736 761 849 894
6 112 374 443 627 728 816
9 94 182 315 452 470 471 503 748 987
9 23 308 314 444 553 630 670 728 846
12 2 97 113 403 406 415 416 582 661 665 732 864
13 105 143 152 302 356 423 563 604 789 806 861 889 944
18 20 25 37 48 168 209 255 299 328 470 621 704 735 768 870 903 933 983
9 207 431 443 446 640 711 834 921 950
4 4 141 235 307
16 79 148 221 252 279 295 419 482 516 531 563 572 599 665 809 884
14 15 60 78 92 293 378 493 650 659 683 829 834 857 894
12 202 253 316 406 503 530 583 648 706 831 950 981
8 218 283 305 414 422 467 614 677
8 32 156 317 418 514 668 731 896
9 202 203 347 452 536 648 752 784 832
10 164 216 298 388 521 591 600 642 729 916
8 157 268 281 345 476 487 761 765
9 233 254 301 365 432 439 560 600 878
17 64 102 103 146 184 185 218 267 459 491 534 566 652 735 777 894 952
12 95 241 386 483 547 571 661 711 729 774 917 944
11 13 126 250 263 379 383 428 527 833 886 982
4 115 185 286 778
8 16 220 334 497 565 654 823 860
12 79 154 172 398 420 579 711 716 760 784 841 871
4 602 664 866 968
8 11 71 126 132 380 455 533 544
17 88 119 252 351 356 484 525 535 606 656 664 754 829 852 880 964 990
5 285 299 306 532 828
7 73 295 387 480 484 652 772
9 14 260 279 398 502 515 605 730 837
12 155 186 341 427 438 449 627 774 776 788 824 964
8 173 222 229 276 458 752 790 888
14 49 131 147 183 289 316 427 492 640 667 718 768 833 862
10 87 155 182 227 232 243 717 806 816 909
9 22 87 116 315 422 535 656 869 939
6 7 23 181 268 374 609
12 35 74 247 260 344 414 429 453 483 518 695 979
10 149 226 356 447 651 660 686 756 797 979
14 29 50 183 264 278 316 563 603 666 709 752 777 831 887
18 161 182 257 306 312 355 540 589 597 673 705 767 842 869 887 951 959 996
15 128 146 180 272 275 361 444 565 687 715 737 796 804 976 989
16 69 137 160 165 252 322 330 365 475 485 524 532 659 676 772 919
9 242 304 319 374 602 611 627 842 843
9 46 53 70 128 226 766 828 892 912
15 37 68 73 132 286 301 376 545 553 567 586 616 659 861 878
7 44 444 554 555 648 785 948
16 45 90 162 188 205 234 239 372 421 469 572 626 638 765 800 988
13 6 21 61 103 182 268 346 379 411 510 658 852 956
15 25 50 127 200 281 292 395 454 617 669 696 718 738 809 854
11 35 42 310 324 571 689 693 698 808 821 933
13 4 95 179 271 355 395 546 614 655 657 938 962 996
8 21 137 300 494 496 540 620 923
9 5 12 310 499 510 806 883 906 924
14 185 247 352 390 446 459 487 518 529 558 639 642 728 869
9 139 190 192 307 414 612 778 856 979
11 62 143 150 446 524 664 687 712 786 792 909
8 47 223 335 384 389 692 802 976
8 89 94 290 521 718 723 843 978
9 3 117 161 189 238 303 510 777 802
17 63 109 112 158 171 209 289 503 541 581 621 627 712 716 802 883 987
12 9 223 262 335 362 385 508 510 569 639 864 990
7 268 327 413 419 499 651 968
10 47 101 245 401 429 625 753 755 777 856
8 94 113 163 424 770 783 812 968
11 17 23 156 299 340 360 419 442 542 713 851
16 156 270 307 544 569 652 677 717 723 780 799 831 841 847 904 931
8 339 396 427 529 605 685 763 839
6 212 269 509 722 830 889
7 55 110 120 273 658 662 899
9 52 180 253 316 482 641 680 748 868
8 123 434 470 478 548 937 974 994
7 6 191 192 246 505 610 887
8 60 77 165 432 480 496 602 871
10 20 22 29 54 266 446 487 569 866 978
15 74 124 168 185 342 383 421 485 524 577 691 745 811 939 974
4 41 656 772 952
5 55 65 494 522 566
18 87 109 148 203 249 257 296 459 461 509 603 639 641 654 673 708 934 938
10 101 193 203 408 410 494 497 787 789 967
16 32 78 146 218 285 331 360 429 448 572 586 592 653 849 875 889
11 106 184 321 399 403 426 700 716 776 805 940
9 3 124 168 184 318 523 617 875 996
12 172 173 249 358 552 722 795 798 826 889 909 989
7 1 42 74 512 637 774 814
11 172 334 345 378 442 496 678 822 874 916 945
9 92 450 487 532 555 647 676 819 956
9 32 59 99 102 256 383 520 653 875
13 82 133 134 223 264 331 349 354 648 685 700 708 968
10 85 186 368 422 440 462 753 888 892 999
10 37 56 128 210 234 448 745 775 845 987
13 220 244 292 301 364 365 376 523 526 587 740 887 973
8 110 185 434 483 535 552 852 867
13 20 108 127 261 266 352 394 396 506 756 783 799 871
10 115 340 395 427 430 592 732 737 885 915
15 17 68 132 224 342 351 396 509 544 560 594 722 855 904 936
12 84 322 391 540 549 557 703 745 785 799 851 973
15 29 110 141 195 226 442 496 507 551 577 606 620 637 642 772
5 214 324 658 801 885
12 67 205 441 492 500 569 598 605 679 875 904 979
12 75 143 150 281 314 447 539 600 603 605 755 854
5 546 601 716 741 937
7 66 261 352 502 519 534 670
9 32 128 203 233 347 423 438 580 844
13 13 92 151 153 216 431 485 554 628 647 758 851 874
13 39 54 100 151 211 212 256 289 636 683 933 970 981
13 253 268 285 330 382 496 660 790 917 951 968 977 993
15 32 194 226 341 406 536 594 617 653 720 787 798 815 871 899
8 279 432 634 658 794 884 944 961
9 39 308 421 517 567 595 684 784 928
7 44 59 286 433 668 695 970
9 119 281 511 556 669 801 913 940 983
13 10 109 138 222 379 479 495 540 601 656 745 903 916
12 43 53 104 225 470 477 666 720 803 819 985 990
17 71 102 108 116 210 235 303 360 397 626 648 770 839 841 865 924 934
9 36 101 107 270 469 523 588 872 957
12 3 87 149 150 200 207 231 558 627 663 965 967
14 87 90 122 143 160 233 402 642 675 711 716 780 981 989
14 99 157 251 426 506 610 630 664 710 785 826 847 887 936
11 197 224 228 266 351 510 589 704 789 833 933
7 50 115 401 455 578 605 689
14 127 243 341 364 377 448 461 565 626 647 691 863 952 969
12 45 123 232 285 310 358 379 381 463 584 736 815
8 56 140 270 346 405 653 739 930
8 123 140 208 247 447 635 917 926
2 147 986
6 175 617 754 873 876 952
9 165 493 556 559 574 608 674 747 879
14 32 264 273 361 437 466 596 649 702 709 722 747 808 912
10 28 33 47 187 285 533 568 571 676 681
9 217 348 448 571 621 668 723 869 873
9 62 342 447 454 558 629 708 890 968
15 7 8 53 117 184 294 442 527 546 648 659 688 828 836 858
8 51 57 254 293 449 529 799 940
6 80 83 381 491 759 912
8 65 83 146 147 171 482 846 860
6 325 396 408 727 856 903
10 115 167 344 432 585 766 784 802 803 974
13 222 256 303 333 345 354 468 470 541 558 586 777 834
11 76 184 222 235 399 472 626 639 934 965 980
12 4 19 45 192 454 640 656 758 881 892 940 974
14 34 47 75 128 245 325 350 392 445 496 511 746 863 918
8 18 34 158 182 271 274 363 858
8 51 173 401 495 836 914 961 990
9 29 136 173 216 615 787 828 848 862
10 340 448 542 560 627 629 632 704 893 969
14 21 51 166 280 304 356 454 539 715 811 837 882 913 974
10 225 236 283 343 381 486 518 698 760 799
13 84 172 212 364 413 496 567 714 734 767 892 941 947
6 198 405 427 502 796 814
10 81 87 148 263 291 463 593 740 850 947
4 59 64 293 339
12 91 159 296 386 411 449 478 548 606 669 705 915
6 0 78 481 577 869 950
11 24 100 180 206 207 351 722 775 812 910 967
14 125 129 156 267 317 337 489 694 734 756 774 806 874 982
14 9 163 187 254 368 568 596 775 799 842 850 894 921 985
10 181 215 326 372 390 391 483 550 565 584
11 7 106 112 165 175 415 432 606 646 798 925
4 43 102 557 570
7 8 187 279 399 533 559 611
10 7 29 100 258 356 624 690 713 718 842
8 508 535 558 642 735 836 838 970
11 184 285 402 411 524 529 563 659 779 859 961
16 52 102 190 349 353 362 428 514 654 660 718 733 819 825 893 938
16 28 86 171 185 373 406 468 570 675 676 724 751 827 880 887 950
11 115 158 460 488 508 529 565 577 707 769 838
12 57 77 182 207 289 299 645 687 767 840 850 949
6 215 256 387 592 629 978
10 345 384 658 663 673 675 691 765 818 860
11 127 404 551 607 659 671 775 780 881 897 968
8 115 437 487 491 682 777 918 987
4 261 462 684 736
9 31 61 88 307 583 630 669 820 935
9 36 111 316 432 565 580 697 753 826
11 102 189 360 539 570 582 603 794 832 861 901
11 16 159 278 358 428 520 564 610 672 848 981
11 131 209 270 294 611 783 803 854 861 919 941
12 140 267 312 388 444 488 560 775 815 864 914 934
14 15 105 122 192 302 388 425 612 627 771 841 896 954 977
8 250 385 426 482 547 885 907 980
12 62 146 151 329 396 399 454 600 745 766 821 859
4 89 248 852 938
14 186 282 301 409 433 478 498 636 745 836 959 960 980 984
11 27 78 95 110 267 358 478 608 731 826 949
16 5 60 80 138 174 331 430 431 508 554 572 602 690 748 810 890
8 86 201 224 303 604 648 693 890
10 39 75 398 432 443 518 685 711 802 812
15 155 173 206 236 265 350 466 484 589 738 769 799 809 873 958
12 43 108 146 367 388 431 445 490 539 588 679 872
9 229 336 578 585 759 890 930 938 972
9 40 54 384 410 642 693 801 863 902
12 49 98 105 283 504 510 721 784 821 855 860 986
8 161 170 240 461 603 823 842 967
11 129 327 372 399 423 480 584 711 784 874 891
14 69 89 218 331 361 368 434 447 618 698 728 733 743 850
9 1 107 156 196 502 595 892 944 984
7 46 256 390 405 485 524 723
14 142 161 187 336 541 588 609 649 730 750 779 939 974 996
15 12 87 223 246 252 333 370 485 509 745 843 889 939 989 998
10 85 104 116 130 174 395 672 800 867 955
8 19 136 314 404 460 682 757 783
13 48 134 183 191 245 383 394 418 471 507 640 860 956
14 5 29 119 210 317 406 477 561 581 686 733 758 887 963
5 109 286 448 783 854
10 137 196 309 329 372 428 447 556 573 774
4 210 360 527 631
11 109 297 328 462 482 532 583 734 926 959 975
6 100 386 675 698 789 925
16 12 45 357 377 413 443 501 593 605 615 661 699 786 804 951 978
8 30 107 244 359 411 417 548 780
14 16 78 98 176 228 285 398 414 459 526 694 852 879 930
10 214 367 510 581 746 825 849 859 893 913
16 85 117 168 179 301 385 420 474 556 666 753 775 800 804 837 864
7 63 251 286 299 527 781 870
10 81 215 260 327 412 494 554 728 814 958
10 3 307 359 450 538 567 575 647 766 957
19 96 148 174 190 197 231 279 309 325 362 389 397 423 599 687 689 709 734 984
9 90 113 178 272 282 380 395 620 834
6 327 355 451 455 628 639
8 322 378 408 438 483 531 668 793
14 10 48 101 128 173 235 338 346 436 476 493 604 621 699
10 126 411 505 573 607 611 638 653 863 882
8 218 297 301 304 319 644 681 871
7 117 159 338 343 548 669 754
9 79 201 219 302 342 682 882 960 966
12 200 245 312 345 444 496 516 584 672 844 919 920
8 43 78 97 510 668 802 931 934
11 146 220 343 436 675 810 817 818 871 941 963
5 275 291 317 573 810
4 63 84 501 733
12 75 96 133 235 282 478 784 813 868 873 967 971
6 120 400 431 563 589 936
17 86 113 159 251 281 291 305 328 334 372 493 561 634 652 815 957 986
8 27 38 74 247 293 391 575 943
16 127 182 206 254 349 479 575 620 679 847 851 858 952 953 960 989
12 111 214 291 352 423 564 582 623 625 672 787 835
8 81 301 373 394 491 688 780 830
9 96 108 347 611 613 844 892 902 950
13 77 123 134 241 284 317 399 500 651 786 900 929 955
12 72 177 316 426 468 475 585 678 748 796 943 998
12 7 26 273 285 347 353 465 488 628 656 779 785
8 35 118 121 190 369 429 485 648
10 33 368 456 501 542 571 614 718 721 782
9 47 108 246 294 356 630 684 893 984
6 351 376 554 650 681 868
12 72 168 269 324 342 545 551 714 759 838 854 940
13 71 103 316 340 355 394 459 529 818 823 832 936 980
18 45 69 80 101 107 138 242 308 315 318 356 380 443 680 797 840 851 946
11 8 82 223 271 297 307 553 709 791 942 998
13 150 316 379 486 594 599 690 708 738 790 827 845 859
16 10 111 291 514 540 560 595 678 831 847 865 907 962 968 969 971
11 363 444 519 535 549 571 630 742 785 811 824
11 149 416 542 608 612 680 770 791 852 941 965
8 56 110 164 288 403 841 843 927
9 422 479 487 546 552 794 809 897 980
10 118 166 314 413 462 541 558 559 790 885
17 50 204 209 285 334 440 453 477 574 579 583 653 717 765 855 874 986
6 225 546 700 851 892 968
11 130 262 283 287 355 362 366 372 677 850 988
8 75 275 301 460 513 550 675 722
8 46 249 273 351 673 745 813 843
11 110 174 340 614 765 783 860 902 911 912 948
11 148 156 253 263 467 474 518 567 573 622 945
6 383 455 594 694 983 990
13 206 267 363 460 532 772 790 822 853 894 917 951 960
17 13 15 20 91 153 301 325 341 365 446 598 655 672 741 880 930 942
18 3 15 36 125 129 342 383 395 427 441 455 530 550 598 724 748 827 862
13 1 258 266 368 383 617 712 726 792 806 899 986 990
6 49 223 597 671 763 891
9 2 289 292 368 376 461 624 643 801
11 135 219 405 444 541 609 709 840 855 878 927
11 41 133 162 213 315 330 660 668 741 748 977
11 99 175 189 334 483 520 524 541 580 648 842
11 143 163 199 293 314 335 367 511 883 929 957
14 16 43 61 215 292 296 399 704 804 821 824 840 845 904
7 29 105 205 384 568 614 955
16 10 32 49 85 153 206 237 294 418 466 479 481 526 702 706 874
7 116 191 289 550 618 827 840
13 23 83 171 306 309 447 462 465 590 659 699 881 925
6 27 33 198 383 443 966
10 8 156 232 303 401 418 708 776 838 875
10 209 256 408 451 519 586 691 700 842 875
11 95 163 187 222 313 329 432 458 662 747 841
14 47 122 161 170 304 419 438 454 585 619 730 751 753 836
5 232 309 792 803 901
5 47 156 206 414 997
14 108 119 287 315 327 448 476 515 703 754 803 937 940 983
13 69 74 95 106 214 229 312 316 541 644 663 737 803
7 277 518 641 695 728 822 896
16 4 151 190 244 252 382 506 514 546 624 662 694 704 724 850 979
5 62 278 284 403 589
12 133 148 182 243 274 521 628 723 761 783 879 981
9 109 196 263 366 527 675 735 750 986
14 129 232 285 327 496 504 514 558 569 612 639 716 720 842
11 210 320 333 479 576 603 620 680 901 932 980
8 159 189 216 399 418 597 612 636
14 86 110 159 334 449 536 544 584 604 665 695 756 860 991
8 4 327 361 466 502 665 898 942
11 55 257 280 342 389 465 508 517 633 689 905
9 157 224 263 311 336 338 450 617 674
5 310 691 778 915 928
7 267 388 652 787 828 907 922
11 444 495 612 630 644 681 701 819 879 910 961
16 15 115 225 262 273 301 327 388 611 760 805 815 819 832 854 973
9 233 305 491 517 601 795 799 824 905
19 14 47 70 104 111 392 418 442 503 504 526 629 634 643 669 673 757 816 893
7 12 43 69 423 795 822 825
10 113 159 313 338 446 638 700 730 877 931
8 18 189 277 484 648 724 754 833
7 23 79 153 288 595 686 774
14 89 116 180 190 318 417 418 456 510 607 621 705 746 927
12 35 94 286 316 381 564 733 736 825 847 956 959
10 14 190 202 215 380 426 607 647 881 942
12 174 358 532 547 587 617 651 676 807 836 962 971
17 89 143 155 270 332 335 336 348 433 484 486 531 701 706 750 880 975
9 38 125 237 259 344 715 744 751 773
9 129 248 281 448 563 590 716 802 919
11 2 88 220 276 712 718 799 878 920 923 973
11 2 25 97 236 422 428 590 607 734 966 982
14 17 84 246 247 257 370 372 592 680 707 753 769 790 855
11 125 285 367 414 419 531 613 647 689 819 999
6 122 225 265 735 828 875
10 36 164 225 302 405 527 619 687 774 908
13 7 27 209 374 409 457 458 509 649 824 830 870 945
5 597 672 774 934 943
15 26 161 270 305 315 402 435 445 487 529 558 718 732 886 999
11 117 119 162 268 286 335 576 739 767 799 819
9 135 161 163 204 249 549 698 723 871
12 41 182 285 404 409 448 477 548 675 887 962 977
13 1 46 54 92 98 255 279 437 529 725 831 878 947
14 149 207 228 249 262 307 343 364 415 431 501 562 750 775
9 300 550 588 755 831 906 911 917 994
10 131 188 211 349 417 545 720 752 789 902
12 16 64 185 231 394 445 496 596 708 841 973 988
8 73 149 322 359 440 645 883 929
9 238 269 397 563 614 671 713 839 909
12 8 69 191 217 265 339 391 598 626 928 947 979
11 10 39 64 73 80 175 233 271 553 583 661
4 17 428 498 894
7 147 204 288 350 624 897 922
8 251 392 397 529 677 789 818 835
9 147 259 498 594 692 713 853 892 893
11 6 19 116 220 231 278 290 533 831 892 938
7 283 419 573 754 921 950 993
13 130 216 277 324 417 433 614 653 654 928 975 982 984
9 81 105 123 279 354 389 553 615 934
11 5 12 73 226 399 468 492 543 704 721 888
9 73 321 422 524 572 684 878 973 989
7 278 379 401 413 530 893 983
13 15 31 59 82 270 345 349 364 374 379 444 708 858
13 4 64 78 130 133 352 389 412 426 567 640 822 933
12 92 281 454 472 502 605 656 753 809 830 944 968
8 115 143 177 485 589 769 775 919
13 81 103 157 323 387 416 434 475 672 730 747 770 771
10 74 171 262 285 304 375 458 481 800 917
5 40 132 435 461 634
12 2 247 428 436 449 457 547 624 694 737 764 870
8 149 186 248 308 381 419 519 878
12 69 99 101 135 162 217 335 529 599 697 919 982
9 89 232 244 273 387 407 425 463 667
11 49 105 131 148 310 455 512 697 717 808 921
7 162 253 637 641 731 840 914
14 26 76 172 253 257 300 399 451 455 537 577 667 772 942
12 86 141 176 205 226 242 255 351 446 768 869 896
10 178 251 383 413 533 581 662 725 845 940
11 139 160 263 422 553 565 729 780 834 897 949
6 394 424 525 568 600 769
10 20 289 296 425 456 499 627 706 756 792
7 11 22 196 239 398 586 861
7 99 171 288 352 463 509 874
6 86 512 566 589 755 770
6 157 325 403 544 803 838
7 52 167 335 494 547 901 975
9 133 153 165 200 374 490 612 663 790
13 70 76 255 277 316 348 632 649 724 727 776 787 844
14 5 29 68 72 109 114 246 294 320 339 371 418 646 667
9 209 257 394 402 467 473 673 698 850
11 76 122 124 142 334 376 432 798 811 864 930
12 106 168 192 199 263 273 347 514 570 578 586 623
14 148 158 189 198 213 272 355 385 397 603 723 777 892 902
9 99 201 220 365 425 590 705 922 982
9 22 154 284 368 463 501 651 688 706
10 31 35 287 350 431 700 808 876 929 941
10 18 71 83 550 582 715 802 818 885 936
6 105 325 656 845 858 991
15 18 26 117 199 208 214 249 352 420 567 577 626 813 835 872
16 94 188 287 332 335 429 431 566 572 578 640 652 769 794 795 852
7 42 311 379 436 568 715 789
14 1 18 51 52 392 425 536 559 562 604 641 881 927 944
10 100 351 392 423 485 657 691 767 856 936
9 87 122 146 279 315 653 709 719 871
5 234 269 328 333 869
15 146 189 261 338 424 495 586 721 740 786 791 823 831 978 981
14 41 157 240 275 324 347 708 720 776 804 849 926 950 959
8 36 190 218 428 438 450 760 952
8 573 608 618 652 762 827 869 911
8 0 37 309 347 367 666 892 927
10 196 256 345 366 613 622 702 811 858 952
4 81 331 445 845
9 32 206 233 308 415 598 648 806 844
9 115 183 529 546 564 620 704 807 907
15 71 75 139 181 206 532 588 682 717 736 768 782 836 893 979
9 71 270 563 744 779 806 889 896 941
9 37 207 420 576 596 663 806 937 966
8 21 31 445 536 666 723 794 971
5 281 331 488 500 715
7 48 110 308 422 631 742 758
6 26 85 289 355 802 883
7 181 271 325 397 556 716 743
9 27 139 220 251 252 299 583 729 836
14 180 303 323 345 363 554 609 626 661 792 833 844 845 866
10 15 22 97 141 262 481 563 683 812 958
11 19 221 345 423 480 514 561 570 592 720 733
13 18 39 78 138 203 248 275 595 740 855 910 955 963
11 35 88 105 160 225 288 341 599 732 789 829
7 39 95 97 256 377 383 820
14 110 143 172 265 267 310 421 458 490 604 650 851 935 979
7 59 215 318 383 609 873 991
11 38 85 122 142 154 239 323 394 558 741 944
9 16 234 246 309 474 547 671 672 721
3 223 523 619
8 257 442 485 492 550 845 924 969
10 1 41 87 202 239 305 373 628 847 905
8 101 167 415 490 544 596 931 944
9 79 195 289 301 499 639 767 796 964
14 120 145 147 283 441 692 710 849 918 942 967 982 990 993
9 4 180 211 371 461 667 691 774 935
15 120 141 153 165 174 209 216 294 362 402 762 794 913 960 990
6 91 147 607 831 887 980
5 251 407 410 505 776
8 121 130 436 493 765 829 838 984
12 39 167 307 474 569 644 696 757 789 828 885 986
11 46 277 298 311 399 450 579 640 657 669 842
7 98 170 217 264 366 420 688
15 12 71 80 128 374 638 663 773 802 817 853 858 963 971 978
8 44 260 362 374 712 805 814 823
5 140 290 498 649 711
9 60 161 186 358 524 550 629 794 798
6 165 270 584 651 805 810
10 129 230 234 253 367 518 641 651 917 928
15 36 60 136 146 163 267 392 438 538 603 625 775 785 805 951
11 116 121 127 129 187 260 280 295 379 713 786
7 1 5 179 209 342 578 963
6 9 152 429 439 730 815
6 328 660 695 776 820 951
12 82 232 319 358 362 447 481 739 825 880 908 935
8 49 98 355 587 785 845 856 943
6 78 294 550 782 843 854
6 177 367 373 621 641 856
16 61 105 122 215 255 331 357 508 554 620 743 785 802 867 868 923
9 33 170 320 350 426 594 632 681 799
11 155 244 341 700 813 825 862 880 895 904 915
14 84 126 360 551 611 733 746 757 780 834 926 940 962 977
4 145 635 851 949
7 150 159 183 489 540 922 985
10 110 124 143 231 265 341 416 506 648 757
6 95 435 576 630 650 874
11 159 279 345 374 626 643 657 675 722 899 921
15 9 17 89 200 274 282 361 391 627 784 832 890 943 965 966
8 12 58 535 546 549 907 984 988
18 13 122 135 201 231 234 315 394 398 409 427 469 605 698 846 874 898 952
9 34 80 335 417 686 765 792 831 937
7 78 288 383 389 571 667 903
12 37 96 110 154 275 333 382 470 694 735 760 776
10 94 197 228 411 433 745 760 893 951 987
9 87 170 620 794 829 830 866 871 992
12 95 103 160 230 320 528 693 719 734 818 899 965
11 83 175 365 457 473 613 629 780 835 924 956
6 431 665 692 721 852 978
8 3 284 509 645 888 918 953 990
7 168 214 243 257 725 809 954
9 108 120 164 180 319 523 783 824 851
15 6 128 206 266 324 339 341 356 671 675 709 716 792 799 981
6 38 50 133 213 311 321
10 59 415 609 711 761 771 794 847 871 875
9 94 134 163 365 440 492 655 771 954
10 2 53 113 314 401 670 676 767 847 998
12 119 169 200 323 326 358 469 528 609 806 879 930
10 88 248 382 425 441 488 623 757 771 950
10 139 220 278 292 397 556 763 891 941 947
10 164 320 396 528 554 575 653 753 769 816
11 225 328 335 346 400 452 490 506 516 676 953
9 28 165 238 314 521 629 640 656 667
10 31 151 160 323 592 728 735 755 855 940
12 25 72 113 317 406 414 434 650 805 933 941 947
12 33 114 172 253 283 313 479 518 549 787 798 867
8 114 154 672 704 816 825 899 938
14 179 195 273 281 477 548 574 712 752 762 815 903 927 935
7 25 164 227 590 728 756 761
13 122 184 199 206 230 324 362 394 487 650 651 792 838
9 36 195 228 324 457 571 595 741 824
7 86 163 213 246 319 734 943
3 271 301 481
6 399 457 567 685 840 947
15 7 74 78 107 231 300 385 404 471 480 652 741 761 938 971
7 244 304 380 469 590 909 996
13 14 91 109 189 225 234 242 434 613 766 826 943 978
9 87 145 439 455 681 777 855 858 951
12 8 113 177 216 284 331 419 454 562 599 702 787
12 197 224 344 435 456 581 631 671 771 862 899 932
15 129 134 142 167 362 500 579 601 648 659 665 718 767 832 908
12 21 46 227 233 243 447 481 586 610 798 833 961
14 41 88 118 197 198 311 320 531 559 684 694 783 805 964
7 20 78 115 148 253 416 455
12 273 290 297 331 412 464 605 717 725 735 810 888
13 26 45 195 325 556 602 639 827 828 858 883 937 989
9 284 302 303 549 636 673 796 834 892
11 8 50 363 395 472 525 700 739 823 897 988
13 143 165 221 234 431 454 631 764 805 809 817 824 840
8 42 188 258 447 455 511 817 985
9 92 325 501 569 749 808 903 905 912
13 19 171 242 341 620 668 681 692 707 767 787 822 892
8 66 128 271 280 433 568 728 878
14 23 39 73 243 304 452 617 640 650 746 774 843 944 961
12 17 61 80 241 275 325 406 478 646 765 849 923
9 190 225 262 294 365 507 614 853 896
9 31 64 205 258 308 352 785 867 925
17 7 43 48 58 113 148 206 350 437 447 461 570 595 607 634 695 713
5 159 382 515 735 790
7 29 31 183 257 266 400 470
11 108 187 256 300 359 421 439 798 811 864 905
14 347 385 387 449 557 564 669 685 694 797 815 866 908 955
2 84 799
9 148 162 236 388 481 552 626 823 986
5 218 277 693 707 905
8 31 163 175 318 332 410 519 679
13 177 264 319 378 482 559 586 620 622 757 795 859 941
8 196 224 402 472 492 629 787 961
8 2 108 337 364 393 635 870 903
9 1 41 167 334 335 405 468 643 808
11 12 78 285 318 427 483 567 600 825 859 878
13 84 86 168 249 435 599 635 651 664 677 728 731 825
11 169 180 373 569 610 735 805 813 826 924 953
9 93 111 141 253 574 633 642 748 880
14 23 63 107 146 168 243 261 363 448 509 620 691 698 835
10 74 254 289 365 457 485 607 702 881 988
11 98 135 167 168 188 277 420 529 573 650 810
10 95 165 220 226 686 727 755 942 970 976
11 62 238 290 379 381 387 497 586 604 680 907
9 59 195 252 321 464 634 759 898 974
10 104 266 339 479 486 543 546 632 649 669
10 140 186 244 570 601 686 810 816 837 987
12 54 111 228 245 290 306 372 521 706 851 887 902
9 123 247 321 362 364 371 442 698 753
8 306 389 466 536 565 672 852 871
12 35 81 119 311 330 344 404 413 584 655 956 958
5 212 277 414 664 721
6 53 113 659 812 958 981
10 117 150 175 194 336 368 382 582 855 917
5 69 263 346 464 982
7 63 352 391 489 749 766 830
15 28 120 165 286 303 363 469 518 534 580 595 603 742 867 964
13 13 58 75 128 198 289 379 517 649 737 816 854 944
6 331 466 595 670 924 977
7 304 447 547 674 735 887 927
9 229 338 358 408 425 704 717 719 913
5 131 304 509 684 803
14 115 182 189 207 405 454 479 526 592 666 819 939 974 985
12 23 70 99 111 128 184 213 247 436 527 740 958
10 172 287 309 360 491 661 837 877 956 991
12 64 199 213 236 374 506 536 551 596 737 802 926
9 72 186 241 312 320 371 525 693 824
6 274 475 568 577 724 945
10 213 443 519 609 667 726 733 822 857 901
6 367 602 706 778 834 978
15 60 176 301 374 424 586 608 637 692 736 761 819 840 958 974
8 192 522 597 600 691 740 967 968
8 173 251 364 575 713 751 807 862
10 4 28 152 165 430 634 652 708 777 869
9 30 65 115 290 376 503 686 731 805
14 29 57 122 129 146 207 287 362 493 574 669 802 916 963
13 8 36 76 101 208 270 419 455 501 551 582 843 902
14 138 146 357 430 457 508 517 657 744 832 834 863 870 982
8 39 84 122 165 185 230 259 602
7 338 374 526 598 729 962 984
10 2 19 291 356 371 500 645 730 761 792
7 235 403 538 644 707 851 883
8 226 444 583 658 666 717 878 880
8 19 154 172 189 284 381 389 649
16 10 16 80 83 114 156 182 200 254 310 341 377 468 524 569 921
12 49 196 266 392 443 505 609 621 647 909 928 978
12 79 313 485 525 553 558 582 605 744 777 805 903
18 106 130 307 382 450 507 508 558 600 656 668 676 716 770 777 836 845 963
16 26 87 97 134 301 370 455 464 563 637 722 742 872 897 904 950
10 148 155 175 191 290 325 413 459 549 739
7 69 91 146 232 413 727 914
5 119 334 544 614 850
12 8 95 103 144 180 208 309 420 453 551 651 735
10 119 458 501 526 641 669 754 761 779 800
11 116 137 166 176 237 646 672 787 852 913 991
11 79 110 113 200 231 238 347 569 616 773 905
11 8 65 106 174 232 340 513 706 758 854 971
10 25 73 88 277 406 479 628 714 812 850
6 52 137 351 358 433 910
9 184 237 356 442 472 503 757 828 853
10 93 95 124 186 600 615 683 816 926 963
9 73 78 365 366 537 569 707 956 977
15 17 26 36 62 107 181 281 465 473 626 646 755 849 917 968
12 101 428 431 444 495 531 551 632 681 720 826 941
8 82 178 198 288 295 340 580 651
14 1 51 117 179 220 241 292 374 501 590 609 639 657 777
9 20 22 72 170 545 622 811 814 875
12 4 50 68 238 337 404 488 541 568 727 907 992
15 244 268 294 304 334 393 422 488 555 613 658 748 780 803 959
10 27 108 146 237 329 374 445 575 816 836
7 2 195 368 623 808 866 991
13 185 233 237 276 296 328 361 397 526 541 692 794 821
11 110 154 197 233 382 545 550 651 756 794 815
11 38 49 81 134 327 409 600 754 780 786 881
9 8 153 308 319 713 781 791 888 984
9 167 257 303 594 755 783 861 913 930
7 138 316 321 363 388 607 924
11 197 291 313 371 519 566 580 667 803 910 937
7 45 53 239 269 293 470 768
6 62 79 173 480 664 836
9 1 177 240 312 416 571 625 779 875
8 135 156 255 562 590 768 775 851
12 106 271 378 530 606 610 638 705 873 889 896 975
6 109 124 235 285 391 927
9 32 44 200 305 450 502 727 818 925
10 40 118 188 285 367 389 747 826 831 982
7 229 253 318 838 847 923 995
12 18 56 143 189 237 350 369 458 495 603 635 964
9 125 410 494 537 580 634 675 755 827
11 42 118 254 259 535 593 630 760 847 869 873
11 39 223 279 332 358 425 532 571 590 704 884
11 105 178 357 365 513 586 794 797 858 860 867
7 53 117 500 871 904 942 990
7 242 427 429 704 743 792 833
14 118 215 263 276 396 445 529 603 612 751 829 854 915 917
5 277 289 347 704 713
10 6 28 149 156 326 350 376 451 520 576
6 371 383 780 807 857 985
10 58 196 345 466 567 604 756 847 884 968
3 164 355 971
20 16 62 75 187 213 343 358 415 469 555 624 694 697 699 783 826 830 955 979 986
9 108 220 379 449 686 742 864 877 971
12 60 80 345 383 436 450 611 633 660 733 764 894
10 234 388 580 593 645 665 768 838 923 960
14 12 17 146 156 199 318 349 402 418 462 637 710 781 896
8 107 196 285 317 339 459 541 761
3 186 494 708
12 76 88 92 185 255 262 505 543 712 791 866 946
8 124 128 336 386 504 556 711 881
11 133 229 404 410 510 586 636 678 699 759 958
8 20 216 314 661 733 829 901 961
9 42 109 214 384 452 456 474 899 901
15 55 92 128 149 169 185 362 385 477 541 651 739 854 860 925
12 15 102 134 325 429 470 573 624 646 797 835 889
11 17 101 117 126 229 232 311 386 394 569 733
8 23 459 535 624 723 761 847 890
12 175 181 362 401 462 481 667 754 909 953 954 961
13 13 29 260 311 415 461 488 537 615 735 756 802 900
10 136 151 163 196 222 328 526 652 782 865
13 23 48 59 126 134 198 265 360 396 448 473 719 849
7 233 335 358 377 443 631 732
13 1 26 52 63 398 433 539 573 744 771 803 805 861
6 3 336 632 826 864 973
13 50 204 443 606 654 671 688 767 821 896 941 944 996
15 18 70 72 122 263 283 357 552 557 581 600 797 829 841 945
7 41 84 88 434 478 643 888
10 98 266 352 376 422 512 644 852 901 979
6 82 252 430 600 638 934
6 28 73 162 394 483 724
14 16 232 263 271 298 380 481 521 632 706 714 718 909 969
13 216 223 275 285 387 535 560 737 760 822 869 906 928
15 75 87 230 361 390 532 552 573 587 601 623 656 721 766 843
12 69 190 240 380 470 634 770 772 774 840 907 912
12 9 109 162 356 425 621 629 734 819 828 898 927
8 60 117 256 318 746 902 969 978
9 13 191 395 514 576 653 716 769 823
12 40 51 159 218 461 482 627 635 754 793 858 867
7 169 334 340 487 559 563 956
7 320 475 620 652 705 800 824
9 42 263 477 518 697 755 775 873 962
8 1 384 471 641 650 725 747 786
13 37 143 158 164 180 249 251 267 329 533 954 961 972
8 209 280 379 521 582 738 816 843
12 195 196 351 422 689 744 786 863 888 916 922 975
14 1 35 60 71 138 253 308 335 340 602 672 786 888 975
4 17 579 619 859
7 266 361 383 399 812 910 960
9 56 233 352 384 636 698 757 761 941
8 83 100 107 401 556 773 790 945
13 34 131 157 242 281 352 388 420 549 612 860 865 902
12 95 194 292 355 377 412 657 677 720 740 758 838
11 23 131 168 400 439 552 606 666 679 692 743
11 106 161 223 365 436 557 676 702 721 778 938
13 27 269 374 500 521 524 547 595 663 751 764 942 991
9 172 208 271 475 660 754 854 864 959
9 50 202 258 314 608 713 925 955 997
13 33 54 92 215 372 463 532 533 693 734 769 802 939
14 51 69 85 360 543 557 563 634 644 657 709 719 751 932
7 464 496 556 792 826 951 986
5 25 135 337 548 842
5 31 425 577 706 757
11 85 115 237 325 330 499 530 583 879 900 928
8 112 205 249 284 565 619 735 898
14 108 216 235 395 458 493 545 569 580 727 832 847 848 974
9 75 101 432 470 682 685 707 770 924
11 234 256 388 421 435 455 549 739 760 934 989
13 132 182 321 422 439 651 736 768 781 879 973 975 998
9 59 247 422 543 544 547 568 725 849
8 97 110 144 165 333 431 736 940
7 35 384 503 659 752 856 965
14 88 99 152 223 273 378 391 393 495 582 736 822 967 981
14 24 158 222 224 238 246 281 399 421 509 685 743 868 949
9 99 149 349 443 462 498 513 532 985
13 87 107 127 131 206 239 448 566 637 650 651 669 867
14 2 19 29 90 123 369 633 756 843 848 899 914 971 994
7 231 266 309 471 657 684 957
14 134 185 238 278 305 434 521 536 672 677 701 884 947 986
6 33 282 678 708 770 877
6 311 470 516 722 810 905
14 1 132 161 245 269 272 330 360 540 571 679 704 875 946
10 83 92 177 205 260 262 299 527 880 996
13 0 13 114 164 186 309 320 509 515 518 585 826 880
14 55 124 277 307 461 510 677 744 747 748 807 813 922 977
14 13 44 147 175 212 304 370 443 554 567 580 596 658 989
4 99 841 926 964
12 17 18 74 147 187 276 401 409 456 483 500 927
10 63 100 174 318 324 333 388 442 587 752
10 4 317 321 461 678 711 868 945 957 990
12 60 124 336 353 436 479 530 541 558 644 697 762
5 288 740 795 861 986
18 51 176 243 323 455 473 496 506 534 543 675 676 695 812 830 841 929 954
8 151 373 375 455 595 793 846 867
8 61 109 217 308 493 575 803 876
10 41 106 316 590 695 717 728 918 934 978
9 20 151 175 226 446 506 554 570 589
16 134 161 164 201 215 224 256 373 386 395 519 541 591 810 885 979
6 115 268 281 423 657 742
5 166 179 259 338 978
17 41 125 127 128 205 255 295 385 452 476 503 518 629 639 721 760 851
17 30 181 205 245 353 355 356 440 625 672 681 725 796 821 848 953 974
7 109 277 281 343 462 859 973
17 149 372 504 507 509 553 571 577 601 638 650 725 834 846 863 867 891
12 74 102 121 223 336 468 471 472 546 875 881 918
8 39 382 469 636 701 786 914 947
7 118 196 429 451 579 598 674
12 7 59 78 117 256 323 420 539 577 880 913 950
12 33 253 296 297 507 573 605 610 782 799 906 939
8 143 214 320 446 466 589 670 910
11 44 132 222 255 480 616 661 750 794 872 914
7 299 329 454 520 601 786 940
8 152 217 283 504 670 822 882 915
10 34 175 190 246 301 372 512 556 590 676
14 9 67 70 102 374 549 555 610 621 664 673 746 972 984
7 29 296 503 577 578 870 923
11 35 237 296 315 409 452 535 688 878 924 970
12 23 154 181 232 371 372 389 395 626 634 737 953
5 241 484 513 895 938
9 32 118 249 260 343 675 727 803 927
14 65 153 333 357 375 419 580 632 734 774 814 878 915 961
10 50 91 261 315 461 504 576 592 739 959
12 32 99 320 343 373 392 540 559 577 630 742 970
11 55 232 280 375 380 514 520 555 599 600 841
14 151 186 242 252 565 601 667 689 704 726 762 785 867 900
10 32 233 318 335 346 464 574 692 894 918
12 7 96 112 200 212 370 390 500 574 663 737 912
11 79 95 483 499 534 698 714 728 888 918 942
9 136 305 392 420 534 619 704 794 926
13 24 80 107 134 319 398 400 411 461 497 530 689 854
10 83 243 315 372 527 569 641 767 836 975
12 58 89 101 187 377 479 570 697 845 918 943 991
11 76 79 206 286 434 521 575 633 641 805 906
6 304 409 454 536 603 717
12 200 211 230 251 352 382 470 478 651 673 683 832
6 98 214 281 610 628 857
13 230 234 314 349 440 499 558 690 707 754 928 946 991
4 135 182 404 940
14 68 235 316 339 343 346 430 562 577 634 736 861 928 964
14 0 92 134 182 247 322 351 402 728 788 794 825 851 957
12 7 108 111 224 229 261 341 350 362 501 763 859
15 29 59 111 126 267 322 329 516 582 640 735 746 778 867 966
9 171 294 306 443 468 479 865 939 960
12 18 158 318 343 433 453 467 479 490 515 651 833
10 72 203 529 795 805 918 924 965 974 996
17 134 186 303 319 380 491 543 545 690 693 702 719 767 856 868 933 950
7 212 244 767 778 803 873 901
11 19 69 148 280 462 494 583 666 723 771 855
13 6 218 224 235 263 327 358 445 655 661 901 929 960
16 133 164 172 303 316 326 485 522 540 611 645 685 802 841 869 935
12 95 116 160 250 279 321 455 537 613 658 730 902
10 2 33 333 410 503 584 663 868 884 906
14 4 117 168 245 272 314 372 516 621 660 698 716 758 831
12 35 57 163 260 325 339 388 482 552 566 617 849
13 24 123 131 204 458 515 517 773 847 863 920 926 958
5 5 79 632 701 837
13 200 210 303 418 453 466 503 566 574 695 740 978 982
11 36 231 249 280 318 595 599 749 804 842 888
12 11 91 203 237 260 270 330 365 695 716 753 874
11 74 113 243 245 437 679 725 793 840 867 888
7 101 212 335 520 568 636 904
12 7 189 209 259 290 641 747 805 856 871 908 942
10 73 129 246 281 446 589 705 726 758 885
9 0 7 18 182 319 722 753 844 985
11 45 93 142 479 534 590 674 711 900 966 970
14 160 268 518 554 585 620 695 740 777 795 805 826 843 861
9 138 299 313 518 775 791 847 853 916
15 103 108 122 198 221 432 460 464 637 693 734 851 879 953 984
8 11 75 282 392 425 597 641 817
16 33 92 141 161 175 291 296 396 459 534 543 613 696 863 949 974
7 183 257 454 652 812 885 949
12 8 23 194 198 256 299 486 686 693 743 848 965
15 153 172 223 262 325 345 438 525 529 860 878 881 990 995 997
12 148 150 155 167 349 350 390 543 670 684 783 806
5 194 451 796 887 997
6 48 376 628 705 781 973
16 39 86 113 339 386 398 416 426 581 599 646 818 822 874 933 956
9 195 279 360 371 546 765 770 869 882
12 95 233 334 383 514 520 602 646 784 785 809 927
15 19 208 238 347 381 457 604 677 712 806 874 918 925 926 983
6 12 214 290 293 814 879
9 121 128 342 403 476 574 645 914 966
7 78 176 694 702 780 853 888
13 162 166 248 324 452 500 799 864 872 914 939 944 961
4 62 89 394 942
14 0 107 108 140 159 186 233 271 397 497 611 623 876 894
15 100 157 415 538 573 678 729 747 748 829 859 861 884 936 938
8 74 136 148 151 267 471 686 717
6 199 253 254 258 527 719
5 262 337 548 805 936
14 112 157 208 216 264 306 326 410 411 448 465 575 580 932
11 34 54 213 232 280 312 374 410 417 470 533
12 10 69 79 87 224 333 407 706 827 887 950 986
7 520 820 935 968 971 986 997
10 82 247 357 432 471 584 686 708 727 973
8 4 238 323 408 434 576 652 948
7 8 366 529 608 737 766 984
13 14 52 137 175 336 526 535 555 568 715 778 923 991
9 7 28 38 307 721 765 826 866 992
10 243 353 363 441 632 714 715 730 848 850
11 259 306 330 401 448 611 640 738 753 852 932
10 48 68 75 180 204 531 556 579 597 650
8 134 163 167 343 520 652 696 862
9 7 367 373 491 579 589 593 659 782
6 121 400 734 810 834 853
13 35 248 319 370 469 528 607 671 736 924 926 958 967
5 391 514 569 590 863
9 102 124 151 404 564 649 720 733 953
9 222 371 482 662 681 750 811 926 985
3 330 400 464
9 40 112 196 202 330 579 736 828 992
8 179 214 280 496 624 658 679 809
10 211 246 430 654 778 807 812 883 885 947
7 162 220 369 520 698 814 822
6 84 153 180 639 747 868
11 88 174 192 333 400 423 508 617 666 698 936
13 65 209 239 494 538 797 806 827 829 833 846 881 985
6 110 245 294 385 421 427
4 64 294 386 856
6 76 224 412 429 526 648
7 370 408 449 523 747 786 959
11 52 120 386 518 583 690 707 817 899 944 957
15 61 65 121 182 490 536 601 622 680 768 818 846 907 953 977
9 51 226 276 347 585 688 716 759 881
13 192 275 462 521 629 664 788 830 856 881 907 910 972
15 26 44 322 339 379 457 465 556 623 687 737 789 821 880 968
16 12 21 33 177 369 405 413 508 649 734 765 838 840 942 951 979
8 0 43 307 342 403 451 794 850
8 191 258 279 334 446 546 679 961
5 134 295 376 492 989
5 363 568 761 892 902
10 75 118 173 187 419 553 847 878 946 997
13 18 60 146 182 207 246 295 393 414 731 769 797 938
7 241 485 495 514 556 851 895
9 163 186 300 315 452 458 888 891 917
8 23 139 169 355 472 530 574 681
14 1 67 119 146 232 250 258 411 555 563 756 820 888 934
9 103 143 266 267 626 760 810 844 885
12 149 179 201 208 314 355 433 521 552 772 813 839
13 216 245 296 321 451 471 548 553 595 667 727 751 963
15 317 334 366 381 431 494 606 696 757 829 863 886 928 957 961
9 302 308 393 515 527 560 565 833 964
14 74 88 176 264 420 457 487 492 582 621 727 885 923 973
9 153 331 392 631 728 752 791 951 980
5 316 711 783 838 933
10 216 218 398 405 548 553 562 780 807 914
4 0 114 330 897
7 235 252 434 522 775 871 872
15 2 17 48 76 80 221 233 306 412 462 547 652 809 847 894
12 2 108 174 277 333 509 513 533 566 762 928 945
10 29 57 87 144 189 194 303 463 466 529
11 303 538 550 601 720 803 819 869 909 924 955
8 34 247 539 544 720 745 794 992
8 268 307 344 482 590 704 759 953
11 8 116 154 270 380 536 614 628 665 741 878
10 183 284 301 342 779 791 841 923 942 989
10 256 283 480 614 616 627 634 713 856 907
9 108 251 275 380 462 672 758 823 922
11 2 9 251 293 303 333 496 707 750 844 850
14 176 211 231 371 570 582 596 714 720 745 822 885 930 942
10 10 27 119 319 382 397 521 643 743 969
11 22 28 271 296 482 503 511 639 651 664 941
10 95 99 493 571 620 691 788 840 943 991
8 184 207 321 527 535 773 846 873
8 293 348 387 472 527 843 866 883
11 8 56 147 184 222 261 299 494 635 774 907
15 93 130 132 156 174 199 238 319 326 420 635 666 702 895 927
8 26 189 213 319 490 733 738 962
8 16 173 178 230 606 818 824 866
12 299 319 382 473 503 563 660 703 705 778 895 973
7 44 46 258 745 816 926 980
16 11 17 43 159 164 372 386 402 416 726 770 804 877 896 944 971
16 13 139 143 205 208 214 266 608 626 634 767 803 846 871 983 986
10 275 383 413 441 686 747 748 770 832 994
4 109 125 606 994
11 5 51 174 247 340 397 521 622 665 786 924
15 6 126 142 236 277 461 503 537 565 633 649 738 797 801 858
12 105 106 123 167 358 405 470 485 704 730 799 928
10 35 207 248 251 315 323 363 497 945 972
11 28 67 80 173 185 244 360 461 541 616 774
14 47 65 89 223 387 413 427 449 494 618 641 689 858 983
8 75 179 332 355 417 881 974 982
13 9 251 264 285 312 413 499 528 643 678 816 869 898
10 181 224 523 578 626 701 776 865 910 918
18 0 193 260 301 325 336 361 500 592 704 762 780 793 894 895 974 997 999
6 71 128 158 239 533 610
6 115 327 402 528 576 604
12 46 109 151 185 267 303 416 574 769 787 931 957
14 32 66 95 129 181 211 332 336 494 496 538 696 791 874
15 0 13 60 365 453 486 628 658 674 757 833 838 899 964 996
5 534 671 900 912 954
4 30 174 412 494
6 66 139 400 778 975 976
3 40 690 874
9 108 119 150 266 564 727 784 846 991
7 354 759 874 876 895 933 986
5 267 308 317 545 770
5 40 157 389 394 986
