600
6 22 269 508 522 536 596
11 84 185 262 284 350 395 401 428 444 466 570
9 36 186 215 216 242 316 349 380 461
7 63 198 237 287 375 396 515
5 65 134 145 233 253
6 24 60 75 231 314 591
14 13 33 122 124 167 221 326 342 481 497 509 520 522 547
4 156 175 191 582
3 48 519 526
9 65 142 209 233 292 309 351 416 563
6 41 183 184 236 276 421
10 113 258 259 262 278 406 430 511 522 566
7 143 231 277 380 382 461 513
12 6 35 71 192 210 339 354 423 426 490 529 569
4 38 61 216 321
10 167 222 247 259 333 386 393 428 562 587
6 128 319 375 433 583 592
12 76 94 115 124 145 190 253 344 377 461 488 510
5 236 257 320 344 347
9 54 62 168 257 279 361 489 516 549
3 38 59 269
7 62 84 261 336 407 419 443
4 0 172 333 400
4 26 58 291 330
8 5 38 144 156 273 342 426 545
5 61 179 396 429 493
9 23 111 114 116 262 395 441 453 469
7 74 127 251 262 428 544 559
5 77 205 420 467 495
3 111 377 516
4 309 342 364 502
8 41 134 294 297 372 414 439 566
6 60 189 302 340 471 560
8 6 77 376 390 492 556 560 593
7 48 104 171 258 270 271 292
6 13 170 253 321 369 430
9 2 50 59 229 233 234 339 433 521
9 54 84 164 196 240 326 355 538 574
15 14 20 24 95 112 181 270 364 412 436 456 526 545 565 594
5 247 255 378 503 557
10 41 80 149 237 278 300 326 332 351 481
8 10 31 40 159 210 384 498 503
4 232 239 361 398
5 173 236 299 432 542
6 128 135 163 204 248 532
10 52 53 78 106 142 264 284 328 386 436
7 49 215 279 331 459 555 574
6 67 212 244 308 502 593
6 8 34 67 70 260 315
10 46 63 193 196 312 356 387 392 449 498
5 36 216 276 386 458
12 69 79 105 156 172 243 285 378 394 422 456 502
8 45 87 104 123 127 130 421 487
7 45 60 171 239 312 387 525
9 19 37 139 190 232 245 279 302 409
8 81 122 196 385 390 402 450 472
12 104 137 169 195 313 349 413 455 509 525 536 598
9 68 78 146 200 253 403 419 438 471
5 23 68 122 497 540
9 20 36 70 154 163 316 321 342 532
7 5 32 53 104 231 298 389
12 14 25 151 223 259 363 395 410 422 439 481 515
11 19 21 168 178 331 404 407 411 480 491 565
12 3 49 103 145 195 223 317 361 388 570 582 598
5 162 286 288 313 559
8 4 9 168 289 298 534 548 560
12 106 194 219 255 264 281 302 310 323 377 430 525
8 47 48 157 304 422 426 510 591
12 57 58 97 112 156 292 314 338 364 420 476 534
6 51 132 227 245 366 517
8 48 59 92 241 457 466 483 586
7 13 188 199 237 252 418 514
14 144 166 315 329 386 398 421 426 463 473 500 508 512 546
6 115 143 297 425 499 538
6 27 134 172 278 379 524
4 5 133 359 536
6 17 141 255 281 329 591
5 28 33 286 305 328
14 45 57 80 137 161 264 266 297 354 377 379 416 566 570
4 51 286 468 585
12 40 78 153 199 245 256 332 342 346 513 530 538
8 55 176 225 229 420 460 478 571
6 95 174 306 363 530 598
7 98 198 320 425 470 496 538
6 1 21 37 375 459 485
9 98 183 191 210 252 288 492 554 575
3 281 382 490
5 52 136 212 303 530
5 107 239 267 537 540
10 118 131 163 203 204 306 307 343 441 536
6 106 249 279 312 320 523
9 188 223 243 246 346 433 438 535 553
10 70 121 193 297 315 347 425 516 546 568
4 220 313 473 514
10 17 122 252 288 295 319 335 356 375 458
6 38 82 151 170 354 515
2 140 194
4 68 128 192 240
9 83 85 117 247 280 368 382 452 514
8 134 153 182 211 288 390 555 586
7 149 248 372 389 469 574 581
4 301 348 401 563
2 154 409
8 63 151 322 395 475 551 571 594
13 34 52 56 60 113 199 224 367 457 508 522 560 566
6 51 144 306 344 528 579
9 45 66 90 128 228 397 420 463 592
9 88 294 359 369 392 496 512 536 568
7 121 141 193 298 412 502 565
9 130 203 256 266 367 382 406 520 587
6 200 383 417 425 446 480
7 26 29 135 159 310 473 571
10 38 68 132 179 221 254 288 445 520 556
5 11 104 145 147 202
6 26 227 287 504 552 581
6 17 73 117 362 468 497
9 26 150 165 196 259 419 505 551 589
9 98 115 203 288 435 455 540 572 576
8 89 161 215 231 356 395 413 553
5 193 425 483 550 585
7 142 173 408 435 450 459 593
6 92 108 135 473 509 557
7 6 55 58 94 233 248 356
2 52 330
8 6 17 196 365 405 418 422 509
6 296 312 323 436 504 506
8 153 228 231 310 326 462 518 581
11 27 52 201 244 299 390 422 434 490 495 570
10 16 44 97 106 208 330 397 427 448 536
4 136 216 346 591
8 52 109 199 330 339 354 469 501
8 89 148 198 244 303 327 359 592
9 69 112 144 160 360 466 477 515 572
10 75 142 169 217 253 282 486 521 552 566
12 4 31 74 99 246 247 296 332 353 405 482 539
6 44 111 121 355 407 539
7 87 129 439 473 481 529 580
10 56 78 205 217 247 254 283 344 399 528
4 213 407 475 520
7 54 293 298 491 516 519 596
6 96 266 354 493 509 585
12 76 108 185 314 344 358 383 431 447 462 589 598
10 9 45 120 133 206 280 297 510 538 599
8 12 73 170 230 265 400 451 466
11 24 72 105 132 212 222 236 271 295 378 519
13 4 17 63 113 173 274 324 338 402 434 452 536 583
5 57 154 256 466 515
4 113 199 308 370
4 131 231 235 463
8 40 100 153 232 264 307 408 533
9 116 205 298 338 445 495 513 518 551
12 61 95 103 163 214 238 272 322 393 474 505 521
4 166 334 382 579
16 80 99 126 149 167 179 201 218 224 240 351 403 404 417 435 595
5 59 102 146 223 503
2 210 279
8 7 24 51 68 186 250 355 364
6 67 231 357 360 376 520
5 163 165 175 380 527
5 41 111 164 400 584
7 132 169 191 253 288 300 341
11 78 118 189 250 397 482 488 489 527 572 583
5 64 226 247 326 568
13 44 59 89 151 158 181 183 324 372 386 486 579 596
4 37 159 220 334
8 116 158 194 240 327 339 366 468
8 72 152 173 225 290 385 467 578
9 6 15 153 192 269 282 368 387 462
5 19 62 65 245 280
7 56 133 160 196 369 401 595
9 35 95 143 178 316 319 506 515 571
12 34 53 172 188 195 222 264 310 489 493 501 568
9 22 51 74 171 174 196 472 507 514
8 43 120 145 166 321 417 573 599
9 82 172 347 351 405 416 439 511 518
13 7 158 299 313 348 500 512 522 549 582 586 587 588
4 81 234 457 572
7 239 275 281 317 320 469 481
6 62 170 267 314 323 535
12 25 112 153 183 274 333 337 340 421 454 516 596
4 317 514 540 586
6 38 163 265 318 397 425
6 99 188 361 454 466 519
9 10 85 163 179 204 255 350 442 573
10 10 212 223 243 251 260 311 318 350 427
6 1 141 212 363 544 596
5 2 156 266 365 475
8 253 314 358 417 507 516 532 562
6 71 91 171 182 390 442
9 32 161 225 412 491 494 507 511 546
5 17 54 213 361 578
8 7 85 160 236 275 277 307 414
6 13 97 167 267 269 345
8 49 92 108 119 248 263 446 508
8 66 96 165 237 259 431 448 504
9 56 63 171 256 449 477 569 571 594
12 37 49 55 116 124 169 172 314 380 391 438 477
6 302 379 409 430 492 542
11 3 83 131 211 294 299 317 365 408 412 427
12 71 80 104 130 147 304 368 426 453 466 533 592
7 57 110 308 397 436 447 596
11 127 153 288 293 299 323 329 377 420 424 509
4 113 275 354 564
7 89 109 117 225 236 349 374
9 44 89 183 315 341 355 409 450 519
10 28 137 150 218 269 296 301 371 404 547
7 142 217 386 468 497 549 558
8 253 287 369 380 490 533 550 581
8 128 284 301 352 470 473 494 547
5 9 240 470 492 495
7 13 41 85 155 348 402 459
9 99 198 343 363 385 479 504 582 588
8 47 87 144 184 185 414 447 590
5 138 190 419 444 448
6 151 256 326 345 420 476
7 2 46 118 422 473 532 559
11 2 14 50 129 239 244 345 357 435 584 593
6 133 137 206 346 415 516
7 153 205 232 237 382 404 490
4 66 436 497 530
5 93 164 308 403 459
10 6 112 262 263 297 383 494 499 526 575
10 15 144 171 228 254 281 310 323 422 433
9 61 63 91 154 184 440 455 473 490
8 104 153 230 256 274 397 536 582
9 81 166 189 203 233 247 291 325 447
6 162 318 344 500 548 555
5 69 114 235 316 424
7 106 126 222 254 288 416 508
4 36 81 381 534
6 143 224 326 361 396 418
10 5 12 60 118 126 148 157 500 540 570
7 42 54 149 218 321 362 566
8 4 9 36 122 225 285 412 537
6 36 176 239 332 401 532
4 148 227 311 594
8 10 18 43 144 191 203 253 416
8 3 40 71 194 218 378 492 565
7 151 259 387 481 499 574 586
11 42 53 88 177 216 234 249 273 431 446 457
9 37 97 153 165 209 263 277 474 555
3 70 266 372
8 2 244 250 262 365 408 438 526
6 51 91 184 310 351 593
6 47 127 131 216 242 394
8 54 69 80 168 260 421 480 557
7 91 134 375 379 432 507 552
13 15 39 98 134 137 162 225 257 260 335 394 458 573
8 44 100 122 193 255 456 525 542
6 90 239 321 463 503 577
7 156 161 242 261 289 414 450
4 27 184 286 590
5 71 85 94 283 391
10 4 17 35 57 133 160 187 207 236 394
5 112 137 222 228 411
6 39 66 76 183 248 521
9 80 109 146 195 214 224 354 426 540
6 18 19 247 480 531 572
9 11 34 318 339 419 476 489 535 568
10 11 15 61 116 194 238 335 367 484 528
11 48 184 245 247 328 332 336 378 386 469 470
3 21 250 419
11 1 11 26 27 221 242 325 355 379 562 574
9 193 221 240 280 388 406 455 517 568
8 45 66 78 149 171 417 423 527
3 143 181 525
13 78 109 140 186 241 287 342 441 467 493 500 591 592
8 88 178 192 416 424 460 513 561
2 386 525
8 0 20 167 192 205 393 540 562
9 34 38 344 400 421 437 456 465 504
8 34 144 326 444 462 538 542 572
4 151 282 290 419
4 24 239 370 452
6 145 179 224 322 420 443
7 177 191 202 358 367 502 511
6 10 50 277 326 483 580
10 12 191 240 276 299 324 330 346 424 434
9 11 40 74 348 441 516 550 578 583
8 19 46 54 90 155 351 433 498
9 98 142 168 263 283 355 384 514 567
8 66 76 86 177 222 323 442 574
4 133 167 272 396
8 137 252 280 285 318 511 560 587
6 1 45 208 368 512 547
5 51 233 283 315 574
9 64 77 79 251 513 556 573 585 593
8 3 114 207 266 394 406 459 567
11 64 85 94 99 112 117 160 201 228 469 551
6 65 250 454 498 506 595
9 166 272 329 380 410 451 497 535 596
7 23 225 337 378 388 395 509
10 9 34 68 376 391 476 488 583 588 591
5 139 201 478 485 493
5 31 107 198 318 469
6 94 144 341 385 478 482
8 125 134 205 302 379 385 555 563
9 31 73 78 92 142 221 354 366 478
7 60 65 108 139 150 418 467
9 43 127 175 198 201 277 440 495 567
6 40 160 318 465 510 515
6 101 205 208 364 379 517
10 32 54 66 197 296 443 476 523 524 559
7 87 131 484 495 541 546 553
12 67 199 319 360 434 445 451 463 503 561 571 582
4 77 373 514 577
5 82 89 105 313 558
9 89 149 191 367 388 397 425 544 557
7 47 147 200 220 501 539 584
6 9 30 312 317 549 595
8 66 111 126 171 222 243 411 543
6 184 235 402 454 500 569
10 49 53 90 125 309 407 423 435 489 544
8 56 64 93 175 306 466 494 514
12 5 68 141 178 187 196 396 397 417 420 473 592
5 48 72 92 204 285
7 2 59 170 227 455 512 599
7 63 177 180 198 309 358 533
7 181 184 226 258 283 294 300
7 16 94 170 304 378 387 394
9 18 83 90 177 346 430 436 516 571
11 14 35 59 173 232 249 384 478 565 572 576
8 103 151 274 333 486 545 562 567
9 66 125 178 201 222 281 384 385 506
3 145 163 277
4 225 262 507 576
14 6 37 40 126 162 214 230 271 276 386 442 453 570 588
4 131 165 345 598
4 45 77 260 516
9 72 76 201 290 337 352 422 455 501
9 23 123 128 130 277 342 359 502 581
6 46 62 401 408 466 478
5 40 80 134 234 260
9 15 22 179 322 353 377 497 534 569
6 152 164 374 471 503 540
9 94 247 259 370 478 481 488 494 507
3 21 260 488
6 179 291 329 480 545 547
5 68 145 150 430 532
13 13 36 130 165 258 363 378 384 445 459 510 574 581
5 32 179 454 513 559
5 160 204 295 361 542
12 6 24 30 59 80 266 330 348 357 372 409 418
3 89 211 436
7 17 18 105 137 141 226 270
9 192 214 216 327 395 408 472 486 578
9 80 91 129 217 277 320 367 493 596
4 18 92 174 399
9 101 175 210 278 342 451 470 518 572
6 2 56 203 373 526 545
4 1 183 184 480
9 9 40 153 174 243 279 495 518 532
8 208 329 359 436 478 484 496 560
3 134 333 371
10 13 78 95 130 140 202 256 297 406 411
7 37 135 156 204 262 280 357
7 49 94 118 122 402 429 573
5 157 216 342 355 549
6 141 187 275 317 383 395
9 75 107 131 330 352 402 482 487 505
6 132 157 304 414 514 536
8 19 42 63 182 190 230 341 580
3 115 232 392
7 61 82 185 211 339 516 555
10 30 38 68 156 301 383 438 487 515 574
8 124 186 198 242 412 421 423 551
5 69 165 297 401 477
9 104 109 259 275 307 346 393 490 589
5 98 167 199 284 505
6 35 107 169 207 407 494
5 147 273 335 427 575
6 205 353 414 461 503 591
12 31 100 163 241 342 375 437 453 490 507 580 589
6 305 349 406 441 585 586
5 203 334 418 448 479
9 3 16 84 94 246 372 386 416 525
6 33 157 292 402 432 478
10 17 29 66 78 201 333 395 476 554 583
9 39 51 144 237 260 291 319 339 510
14 74 78 197 246 262 296 301 388 444 501 503 520 526 593
9 2 12 158 196 207 290 381 431 453
5 229 380 415 514 534
7 12 86 98 109 152 218 383
8 110 141 221 358 364 382 563 591
8 41 280 321 323 339 444 478 545
12 55 166 211 295 296 323 387 420 457 504 511 583
13 15 45 50 72 163 206 260 268 326 375 425 528 546
7 49 53 167 238 319 385 436
10 63 263 291 307 379 395 449 453 462 474
4 60 100 468 551
9 33 55 99 127 188 414 452 515 588
5 196 252 292 451 497
6 49 107 362 487 561 583
7 15 151 269 367 513 555 586
9 51 244 247 253 287 319 424 496 572
10 1 26 61 103 118 291 345 358 377 388
8 3 25 230 282 314 429 549 597
10 106 128 161 181 200 224 307 314 469 491
5 42 72 449 463 467
4 137 347 466 551
5 22 143 159 270 456
8 1 101 169 234 331 366 462 530
12 55 145 210 311 356 359 376 413 529 538 542 590
4 57 153 220 562
8 62 153 205 218 446 496 500 593
6 124 134 174 506 512 559
6 11 109 263 287 354 373
9 21 62 135 138 312 369 512 525 529
7 120 149 198 242 331 345 412
9 54 102 197 204 342 469 472 519 523
5 61 290 527 546 573
9 62 254 310 354 448 498 515 553 555
12 38 108 189 198 233 365 408 466 496 499 578 596
5 56 118 402 521 588
8 31 191 212 250 360 371 390 434
5 217 381 456 506 559
9 9 78 174 228 236 267 375 464 542
7 110 153 173 187 264 314 453
7 71 124 230 298 342 374 580
8 21 57 116 213 258 261 272 544
12 28 68 81 106 201 214 274 314 385 440 515 519
9 10 52 72 179 245 270 365 472 538
9 51 61 67 124 127 215 222 329 434
8 13 264 312 365 426 453 512 539
7 201 227 267 277 394 449 581
10 73 83 92 110 119 181 307 386 465 522
8 13 24 67 72 199 256 423 513
5 128 184 198 370 433
6 1 15 27 444 477 478
9 25 356 396 455 491 542 572 574 598
10 11 35 66 197 320 338 472 498 508 575
4 141 194 239 380
4 43 246 376 566
6 16 36 91 222 279 427
7 127 145 277 304 414 422 587
10 117 120 153 216 312 438 492 525 548 563
10 38 45 125 200 219 320 343 352 387 510
7 270 372 457 458 459 507 549
10 57 91 196 242 364 435 490 497 543 562
7 31 61 136 174 445 587 591
4 223 299 420 493
7 26 89 266 278 373 449 523
4 183 188 281 326
5 21 274 302 529 582
8 1 213 271 379 384 428 446 467
7 112 150 304 339 439 487 510
11 110 193 239 404 444 467 520 537 554 558 590
6 141 200 212 225 483 550
8 128 194 213 374 411 451 453 572
8 49 195 388 398 424 441 452 506
6 55 120 204 250 461 570
7 143 290 304 348 391 448 573
7 98 145 273 390 449 515 521
10 26 199 326 372 380 388 417 423 448 564
7 179 182 289 311 340 533 563
10 56 117 223 263 316 329 429 501 512 589
8 38 51 248 270 400 415 457 560
11 70 104 176 239 385 437 456 464 533 590 599
5 50 94 247 437 571
11 46 84 120 210 220 287 339 437 492 585 592
2 81 267
9 2 12 17 371 450 510 544 552 588
7 126 141 167 271 388 401 579
8 72 106 148 249 304 398 576 596
2 416 457
5 270 300 425 482 547
12 1 70 132 143 146 182 199 313 331 399 412 530
10 28 166 266 298 398 444 446 479 484 558
5 79 115 165 206 389
12 26 100 130 177 260 288 294 397 409 483 499 508
6 83 208 209 260 348 523
5 32 57 334 477 531
9 55 172 345 409 421 430 556 566 591
11 72 93 111 121 136 208 215 223 314 482 535
3 151 240 388
4 103 138 186 591
7 68 214 258 292 302 377 514
8 132 195 196 366 428 471 491 589
14 81 293 295 297 321 331 335 352 376 384 428 503 520 523
5 211 374 467 552 576
6 62 110 245 257 337 350
8 6 40 61 136 177 238 335 551
7 134 161 295 359 465 473 548
7 70 119 276 447 469 528 552
5 259 303 352 467 571
4 84 293 492 553
4 133 163 322 345
6 52 359 364 392 445 595
7 17 161 292 335 336 526 559
7 19 161 171 258 312 532 560
9 13 86 127 207 218 223 367 372 438
7 62 139 189 397 429 477 562
11 33 85 197 209 237 435 459 485 532 553 581
7 25 140 171 266 293 346 440
6 189 208 221 313 335 369
8 28 127 150 209 299 303 351 508
7 83 107 352 394 404 412 523
9 6 58 115 206 219 290 333 391 438
9 41 49 279 289 411 430 537 556 573
6 73 221 238 412 469 561
8 72 175 226 231 266 311 404 515
8 130 171 308 329 379 455 504 590
8 30 47 51 108 275 330 511 556
10 39 41 154 249 304 334 371 379 478 548
7 114 125 194 211 270 385 501
4 116 151 359 368
8 125 170 289 323 405 415 449 563
9 172 187 189 246 325 335 372 437 563
10 0 72 104 193 228 430 469 495 514 579
8 6 56 121 124 140 201 291 518
11 17 67 142 300 339 378 436 445 461 523 584
7 11 174 189 275 283 385 502
12 72 107 175 284 316 405 407 423 455 517 524 565
9 12 80 150 267 286 340 393 426 516
14 71 93 98 172 180 280 305 313 360 381 476 508 525 567
13 3 61 95 132 146 170 300 364 390 411 420 452 500
12 19 29 92 139 179 187 217 278 320 328 363 513
7 69 263 301 512 520 561 580
7 126 150 174 348 351 509 537
7 8 139 144 182 204 409 420
11 6 109 112 138 157 379 446 478 517 527 573
7 36 133 151 255 413 452 535
6 0 6 11 104 175 425
8 90 302 409 441 470 478 496 510
4 74 302 512 554
12 53 56 66 248 265 268 375 407 435 514 533 595
7 8 38 221 242 349 379 488
7 158 161 264 410 520 577 589
7 105 137 259 386 483 535 577
5 13 136 402 407 443
6 80 82 87 219 401 466
3 257 471 536
10 44 59 187 215 234 338 351 489 492 565
7 149 199 207 317 454 457 525
7 65 68 229 333 381 552 584
10 91 178 258 290 473 521 528 552 574 581
10 0 56 75 89 107 128 145 224 360 531
7 88 233 446 498 518 568 570
8 37 73 80 83 142 271 402 421
4 134 135 308 423
9 58 88 117 180 231 256 269 334 564
5 303 567 586 588 596
8 43 197 248 271 341 402 416 429
3 310 438 595
7 27 185 307 312 419 461 559
6 24 38 322 337 349 384
6 72 92 189 303 386 410
6 6 205 208 284 337 465
5 65 226 435 482 503
11 19 175 206 309 357 396 437 560 561 580 585
5 119 207 278 447 561
8 103 116 150 288 365 389 399 481
9 114 133 246 461 479 483 534 535 576
6 91 118 303 411 485 492
4 85 377 446 524
9 46 99 226 240 296 363 393 411 568
6 33 112 286 472 498 502
4 39 121 245 307
4 206 306 446 467
11 27 64 215 302 340 405 415 488 544 574 579
9 32 33 65 104 283 352 456 489 549
7 267 304 392 499 517 549 550
9 15 187 262 269 322 403 438 491 586
9 9 101 296 383 435 454 506 507 573
3 202 453 540
7 38 62 108 237 321 512 532
9 11 31 78 104 133 232 432 472 570
6 280 287 299 322 514 541
8 92 107 162 171 258 263 537 555
4 13 195 311 333
9 1 63 78 127 231 326 450 537 566
9 81 103 111 170 195 304 320 458 484
12 117 132 161 176 257 271 321 348 394 429 448 583
12 173 183 247 286 356 410 451 498 520 563 579 581
12 37 46 100 238 262 281 285 339 364 429 535 559
4 85 221 370 430
6 117 321 325 463 479 552
4 249 305 527 528
5 166 190 278 345 412
7 105 152 163 462 508 559 573
7 136 276 361 372 418 517 549
10 100 114 126 207 330 339 424 492 535 573
8 7 63 175 211 224 304 443 587
9 16 145 161 278 292 377 385 392 572
5 159 216 308 510 534
7 79 119 140 286 373 459 549
9 70 99 175 180 238 373 393 541 562
7 15 109 175 283 434 439 582
8 175 211 292 326 390 413 461 541
9 116 141 367 372 455 477 527 594 596
6 212 251 402 446 457 501
11 5 67 76 129 266 292 371 383 439 472 475
7 16 106 131 199 266 314 459
9 33 47 120 216 243 286 379 404 594
6 38 103 195 235 589 593
7 153 169 289 309 487 525 543
12 0 139 163 179 185 200 290 346 412 463 541 589
1 396
6 56 63 82 141 327 429
4 142 173 316 457
