200
2 86 194
4 2 150 189 197
2 1 129
3 85 136 157
3 45 67 76
3 12 22 30
2 61 199
2 48 69
3 86 127 136
4 69 119 178 188
2 13 132
3 33 129 164
6 102 5 24 135 148 180
5 10 25 80 166 173
8 104 120 45 68 69 97 169 190
5 39 69 88 133 139
4 29 47 57 145
2 41 74
3 124 20 98
2 163 178
4 18 50 131 134
3 83 98 173
6 5 115 36 52 63 178
7 25 43 70 156 157 178 199
7 12 129 37 49 63 146 191
4 109 13 23 174
6 133 52 62 98 191 194
5 131 83 155 177 188
4 135 84 141 192
6 16 129 55 153 166 184
8 5 130 143 49 50 71 92 182
2 137 52
3 135 35 67
2 11 182
4 42 76 87 98
1 32
4 22 48 91 168
2 24 174
3 110 114 72
4 120 15 83 157
2 127 161
4 110 113 17 83
3 34 53 183
3 23 61 89
3 84 189 197
4 4 14 148 70
3 119 129 55
2 16 87
7 7 142 36 63 71 88 168
6 116 24 30 179 188 197
6 20 30 61 72 82 88
2 80 171
6 22 26 140 31 75 197
7 114 42 57 86 98 167 183
4 85 159 160 173
6 124 29 46 170 189 199
2 73 163
6 16 127 138 53 69 197
2 109 68
3 153 79 169
4 108 155 158 81
4 6 43 50 68
5 122 26 152 66 182
7 103 111 125 22 24 48 93
2 90 196
3 106 86 175
5 133 135 151 62 194
2 4 32
6 14 134 58 61 166 83
7 106 7 9 14 15 150 57
9 102 108 126 134 23 144 45 168 99
3 30 149 48
3 38 50 193
4 117 156 56 181
2 17 76
3 121 140 52
5 4 130 34 163 74
6 146 166 87 98 193 198
4 122 84 185 197
6 138 59 175 81 193 199
8 13 51 158 163 89 95 188 191
3 153 60 79
2 50 91
6 21 27 39 41 68 180
4 134 28 44 78
2 3 54
4 0 8 53 65
7 142 34 47 168 77 93 96
5 102 115 15 48 50
3 111 43 80
5 128 155 156 64 169
2 36 82
5 121 125 143 30 170
2 63 87
2 178 180
1 80
2 155 87
2 14 161
8 18 21 26 34 155 53 77 189
3 155 157 70
2 103 185
4 133 141 154 161
4 12 70 88 162
5 63 100 109 124 172
3 14 127 174
4 124 155 163 173
2 65 69
2 136 137
2 60 70
5 103 25 58 157 172
5 38 41 121 187 195
3 63 89 143
4 117 129 132 147
4 41 124 135 179
4 38 53 122 180
4 22 88 116 141
5 115 49 124 125 156
4 112 73 149 184
2 124 142
5 9 46 143 176 198
4 14 39 139 192
5 110 75 92 169 173
3 114 62 78
1 163
9 103 105 113 116 118 18 55 172 190
6 116 63 92 136 184 194
2 70 144
4 104 8 40 57
1 90
6 2 112 11 24 29 46
4 30 76 185 195
3 20 27 169
3 112 10 181
4 101 15 26 66
4 20 68 70 84
5 113 12 28 32 66
4 3 107 8 125
3 107 31 155
2 57 79
5 120 15 145 178 180
3 52 75 164
6 101 115 28 155 170 172
3 118 48 87
6 111 119 30 92 177 191
3 126 70 163
3 16 139 171
3 24 77 180
1 112
2 12 45
2 117 71
2 1 69
1 66
2 62 185
4 29 59 81 193
1 101
12 105 137 27 141 60 90 96 98 99 163 166 186
5 116 23 73 90 172
5 3 109 23 39 99
2 60 80
1 54
4 54 175 184 192
3 101 40 97
2 102 166
8 105 123 19 144 155 56 76 80
2 11 140
1 185
6 13 29 155 162 68 77
2 53 189
6 36 48 70 87 186 189
5 14 121 131 59 90
4 141 55 92 195
2 145 51
5 103 109 124 141 156
5 105 13 121 21 54
5 104 25 37 175 176
4 160 65 174 79
3 119 174 196
2 27 143
6 9 19 22 23 139 94
2 113 49
7 114 12 139 146 83 94 193
2 132 73
3 30 33 62
2 42 53
5 117 125 29 160 194
5 130 152 165 78 100
2 155 168
2 110 190
5 9 27 49 80 193
6 1 44 55 167 168 98
3 14 124 187
4 24 26 143 80
3 120 28 160
6 153 72 180 77 79 188
5 0 125 26 66 184
3 110 130 170
2 64 176
6 1 44 49 52 57 78
2 119 77
4 6 23 55 79
