200
3 44 69 94
1 191
3 35 50 148
6 96 124 135 173 194 196
6 100 10 33 56 92 119
6 98 90 111 138 152 168
5 26 77 94 108 178
1 43
3 106 45 94
2 164 165
5 4 70 132 142 179
1 69
2 78 143
5 50 68 91 133 171
6 19 48 54 77 92 138
3 57 166 169
3 132 139 198
3 65 73 76
7 104 110 53 148 163 167 186
3 14 67 95
3 69 156 190
1 40
3 59 141 182
6 108 117 82 90 138 149
7 127 43 63 93 179 193 197
2 114 74
4 6 40 70 137
2 120 45
5 126 30 64 166 182
5 44 62 191 196 198
3 106 28 165
6 39 67 80 82 169 187
3 74 88 94
4 4 49 93 160
2 44 141
4 2 103 50 67
2 148 181
5 86 143 155 164 177
6 102 126 129 132 81 178
6 31 42 69 154 172 182
4 21 26 136 187
2 106 86
4 39 73 80 90
11 97 7 24 139 140 142 61 73 147 177 188
6 0 113 129 29 34 169
3 8 27 154
2 129 192
2 138 86
4 108 14 52 172
3 33 91 157
7 2 111 13 115 129 35 58
3 91 176 180
6 48 57 62 79 157 194
5 99 18 59 61 91
8 14 121 135 140 155 85 96 162
1 131
3 4 87 160
6 15 141 52 62 78 199
3 134 50 180
6 105 22 149 53 86 193
2 133 92
4 43 146 53 84
4 110 29 52 57
7 103 128 24 159 167 172 186
5 103 132 28 88 167
2 17 171
3 69 169 174
8 116 19 31 35 70 92 94 172
4 13 154 79 85
8 0 11 118 20 134 39 66 90
5 10 114 26 67 87
4 128 146 163 85
1 180
6 98 99 17 119 42 43
5 112 25 32 155 95
1 143
1 17
3 6 14 195
3 12 131 57
4 143 52 166 68
3 31 42 169
4 38 166 82 192
3 23 31 81
1 186
3 61 95 190
3 54 68 71
4 37 41 47 59
2 56 70
4 102 32 64 165
2 129 195
4 5 23 42 69
5 13 119 49 51 53
7 4 14 126 128 60 67 93
7 104 127 24 33 190 92 199
9 0 6 8 125 32 67 177 198 96
5 119 19 156 74 84
5 3 141 54 169 94
2 43 117
4 5 73 145 190
3 53 73 119
4 4 119 165 196
4 142 155 188 198
2 38 88
4 35 63 64 175
2 18 93
3 59 139 149
5 8 30 41 138 143
4 117 178 197 198
3 6 23 48
1 132
8 18 62 129 169 178 181 184 185
3 5 50 198
4 74 153 157 170
3 44 116 186
5 25 70 120 136 180
5 50 128 139 175 190
3 113 67 173
3 97 107 23
4 69 130 164 189
7 99 100 4 73 91 95 152
4 114 27 125 197
1 54
2 158 170
2 144 147
4 3 167 179 186
3 120 94 159
3 28 38 92
3 24 93 182
6 115 63 71 92 158 171
6 110 38 44 46 50 89
1 118
3 55 78 151
6 109 10 16 38 64 150
3 13 60 186
3 58 69 153
2 3 54
2 114 40
3 26 158 199
5 5 106 14 23 47
5 105 16 115 43 177
3 43 54 173
5 22 34 57 96 155
4 101 10 43 182
5 106 12 37 75 79
2 123 159
1 98
2 61 71
2 123 43
4 2 18 36 183
4 105 23 59 164
1 132
2 131 177
3 5 119 186
3 112 134 154
4 39 45 68 153
5 101 37 141 54 74
2 20 95
4 112 49 52 163
4 122 128 137 187
4 125 144 63 175
3 33 56 187
1 178
1 54
4 18 157 71 171
7 9 118 37 149 165 176 177
5 100 9 30 164 88
7 15 28 79 81 173 182 188
4 18 124 63 64
2 5 180
7 110 15 31 44 66 80 96
3 112 122 197
4 13 128 163 65
4 39 48 63 67
5 3 116 140 166 192
1 66
3 103 115 159
2 51 164
6 139 37 43 151 164 94
5 6 107 110 38 161
4 10 124 24 183
5 114 51 58 168 72
2 110 36
6 127 22 28 39 142 166
2 148 179
1 110
1 110
7 113 18 124 133 152 63 83
4 31 40 158 160
3 101 43 166
1 118
5 98 115 20 84 93
4 1 29 194 195
3 46 173 81
2 24 59
3 3 52 191
3 77 89 191
3 100 3 29
4 107 120 24 170
6 101 107 111 16 29 94
3 137 57 93
