200
2 83 194
4 12 68 87 128
5 40 45 140 153 166
4 21 61 116 190
4 46 59 155 187
3 13 130 186
5 106 36 48 124 198
4 12 44 125 144
5 15 19 23 27 56
5 22 55 61 116 129
2 148 176
3 23 187 191
5 1 7 72 116 132
6 5 25 90 95 128 135
5 48 114 127 130 170
4 8 47 171 194
1 108
3 162 174 193
4 112 29 92 157
2 8 115
2 83 186
5 3 114 82 98 186
4 9 65 73 149
7 8 11 31 34 132 156 196
2 105 140
3 13 120 177
3 40 125 162
5 8 121 77 127 186
2 158 199
6 18 76 88 97 164 195
7 102 60 73 80 151 162 180
4 112 23 58 80
4 50 134 156 179
2 55 84
2 109 23
1 58
3 6 130 135
3 118 132 83
2 59 152
3 130 41 45
4 2 26 76 165
4 136 39 70 147
3 106 110 194
4 119 130 63 190
4 7 117 128 48
2 2 39
5 102 4 123 92 169
4 15 117 130 159
7 6 109 14 44 67 161 181
3 103 88 183
5 111 32 167 184 193
2 140 94
5 112 145 62 189 193
3 65 171 198
5 73 175 176 191 197
4 9 33 79 83
3 8 101 172
1 170
10 31 35 157 60 66 81 83 161 170 179
4 4 119 134 38
7 30 139 142 58 158 97 188
5 3 9 64 170 187
4 143 52 77 186
1 43
3 117 153 61
7 22 135 53 75 177 178 179
4 58 159 163 94
3 119 48 68
3 1 67 166
4 121 82 167 173
4 107 137 41 90
2 173 194
2 107 12
5 22 30 54 169 183
1 113
4 108 136 149 65
3 29 40 164
5 27 129 158 62 174
3 113 126 196
3 105 55 199
8 113 30 31 149 82 91 192 194
3 125 58 89
5 21 69 80 84 90
6 0 20 37 55 58 173
4 33 144 82 100
3 131 187 90
2 166 183
3 1 121 152
5 29 127 49 175 95
3 81 192 94
6 13 128 157 70 82 85
5 103 115 121 140 80
4 103 18 121 46
3 144 186 195
5 106 112 51 66 89
4 13 131 172 88
1 106
2 29 60
5 113 21 121 123 128
2 103 136
6 133 153 84 188 190 196
4 132 142 56 160
5 30 46 128 153 161
6 49 91 92 99 147 159
1 183
4 24 79 110 148
6 6 42 94 96 122 193
3 70 72 156
2 16 75
4 34 48 110 117
5 105 109 42 123 161
1 50
6 18 31 52 94 133 161
6 74 78 80 98 122 128
4 14 21 120 182
3 19 91 184
6 3 9 12 141 183 193
6 109 44 47 64 185 188
5 37 137 156 179 181
4 43 59 67 182
5 114 25 170 172 188
7 27 69 87 91 92 98 191
4 106 113 131 172
3 110 46 98
2 6 187
5 7 26 81 170 198
5 78 140 165 181 184
6 14 27 88 137 176 190
9 102 1 13 113 44 90 98 147 159
5 9 77 146 193 197
7 5 14 36 39 43 47 131
5 122 130 85 95 157
7 12 23 37 101 134 161 193
2 112 100
4 32 132 59 177
4 13 36 65 162
3 41 75 99
3 118 127 70
4 139 140 147 165
4 138 60 172 187
6 2 24 126 138 51 91
2 116 156
2 60 101
1 62
5 7 84 93 146 199
2 52 159
2 129 144
5 103 128 138 41 191
3 105 10 173
3 22 75 80
4 154 158 164 183
1 30
3 38 87 176
5 102 2 64 100 168
2 150 187
1 4
7 107 118 23 32 141 157 186
6 18 131 58 90 156 191
4 28 150 60 77
6 103 128 145 47 66 173
3 101 167 183
8 102 110 112 132 48 58 175 178
4 17 26 30 135
1 66
4 29 150 76 177
4 126 40 138 167
3 2 68 86
5 50 160 165 69 188
2 153 174
3 46 73 193
7 14 120 125 57 58 61 184
4 15 53 194 196
5 120 122 139 56 95
5 148 159 69 71 83
3 17 168 77
4 54 161 88 176
6 10 127 54 152 175 190
4 25 134 65 164
2 161 65
4 118 32 58 65
2 30 186
3 118 126 48
2 114 119
8 104 116 49 150 160 73 86 184
5 115 126 50 170 183
1 117
8 5 20 21 27 156 62 180 93
7 4 11 124 139 154 61 85
5 117 120 60 167 100
1 52
5 3 127 43 176 100
5 11 121 147 54 157
2 80 89
8 106 17 116 129 132 50 52 169
6 0 15 42 171 71 80
2 29 93
4 23 171 78 100
2 129 54
4 6 125 53 199
4 28 144 79 198
