1000
8 18 33 71 75 274 768 785 980
6 110 401 643 711 799 822
3 212 390 405
10 136 182 204 275 364 552 613 628 695 988
9 11 131 218 646 783 871 894 958 998
18 15 26 95 97 269 295 358 390 464 466 537 574 738 786 889 945 949 962
16 18 24 31 51 232 334 587 643 673 686 730 732 750 831 845 880
10 28 77 101 185 332 500 519 552 627 707
6 36 483 489 599 676 973
10 46 90 244 251 318 406 784 790 907 916
4 44 154 287 598
14 4 51 81 203 458 499 534 563 639 647 792 931 933 970
13 39 123 215 240 291 420 455 574 618 662 717 902 980
10 126 363 371 398 536 562 663 724 765 816
6 125 319 374 489 562 714
9 5 23 39 42 321 401 761 764 794
8 390 392 452 667 680 812 932 989
9 102 117 272 370 480 525 832 863 993
21 0 6 30 81 135 171 307 407 409 437 496 655 728 848 876 918 924 928 960 966 981
10 66 187 207 256 421 568 783 845 860 955
7 104 185 241 279 395 633 639
12 35 90 220 260 340 553 564 657 762 901 902 950
13 59 128 150 152 212 341 351 371 419 462 654 691 832
13 15 158 272 335 358 434 734 746 778 784 788 830 850
11 6 286 337 488 607 632 719 824 825 872 958
8 170 218 490 697 708 729 767 827
10 5 372 407 464 541 545 570 615 855 951
7 181 548 565 570 748 755 970
13 7 52 287 406 434 730 747 752 805 833 854 877 884
12 152 164 305 380 440 476 482 486 731 742 854 867
10 18 192 242 441 523 527 686 694 787 797
9 6 82 155 182 316 467 544 760 817
9 331 361 445 619 659 675 697 732 885
15 0 67 84 156 180 242 265 307 476 666 685 805 851 856 889
12 119 139 210 220 322 400 452 453 496 602 758 987
8 21 59 118 420 459 471 650 945
7 8 50 155 254 266 706 938
12 98 321 419 634 697 721 744 819 851 873 963 969
7 62 555 612 681 716 952 974
12 12 15 53 114 255 404 492 500 518 525 606 668
12 94 122 144 243 248 272 286 440 643 794 892 928
11 114 171 221 288 468 493 521 529 694 801 984
12 15 97 149 182 342 424 462 485 589 759 804 894
8 188 193 243 416 767 812 881 956
13 10 66 104 159 214 357 389 705 771 839 907 958 985
7 384 516 561 569 606 661 957
10 9 93 215 240 489 637 713 930 933 980
11 187 233 360 532 644 660 696 731 788 859 935
6 110 160 302 333 433 568
6 426 572 898 946 975 986
12 36 114 203 358 362 442 650 713 760 770 890 981
7 6 11 199 277 476 722 873
14 28 65 277 404 505 566 593 652 838 841 858 892 994 998
10 39 394 405 579 700 787 800 801 836 886
16 65 67 287 328 368 477 523 546 600 651 739 799 803 833 966 979
8 86 327 348 432 530 700 906 935
6 114 140 193 292 541 952
11 158 219 238 382 416 501 598 614 668 887 960
6 354 393 605 700 755 948
10 22 35 182 286 663 696 828 830 912 998
16 149 175 356 526 645 703 751 768 779 854 868 870 910 945 954 980
13 170 203 205 271 289 391 402 518 521 529 539 914 975
10 38 280 343 510 565 596 751 853 923 928
8 75 172 253 396 471 600 752 869
11 84 210 273 379 429 498 537 569 650 904 987
14 52 54 148 293 296 349 368 426 475 528 603 684 758 884
11 19 44 128 167 299 420 681 686 739 778 954
8 33 54 257 283 379 589 621 879
6 272 399 419 431 686 691
12 89 96 208 251 312 318 558 625 831 924 969 995
10 213 443 475 596 657 688 690 751 761 792
14 0 76 233 323 422 534 535 584 610 642 747 754 864 903
9 93 136 172 205 213 348 364 745 888
8 110 136 137 361 442 516 571 676
7 303 472 542 556 579 877 910
11 0 63 146 154 231 381 392 810 860 906 933
5 71 126 428 499 625
15 7 105 112 123 167 274 275 295 302 471 570 783 887 966 994
6 159 505 605 871 885 944
12 111 125 349 354 379 401 414 446 582 708 795 864
5 182 319 337 377 689
13 11 18 107 290 376 439 473 475 705 719 734 951 978
9 31 347 349 480 485 513 568 647 907
8 429 563 820 900 922 954 961 979
7 33 64 175 351 419 445 801
11 128 273 296 323 486 632 706 730 739 907 909
8 55 132 155 224 310 341 722 860
10 185 237 277 332 388 709 757 796 857 977
9 127 150 433 438 560 582 593 612 670
12 69 111 197 253 318 388 413 498 716 758 794 872
15 9 21 178 544 613 649 662 716 732 740 812 814 817 973 985
8 155 166 226 227 280 329 389 823
13 102 168 233 358 405 460 638 688 856 883 942 945 948
21 46 72 116 192 232 247 250 326 426 451 474 509 536 578 729 789 827 944 958 995 998
7 40 370 553 555 641 693 966
9 5 285 313 471 610 667 830 910 985
8 69 147 153 193 253 341 428 511
13 5 42 110 186 187 243 264 347 404 491 562 610 891
8 37 109 136 471 535 653 737 771
6 140 337 392 667 674 860
12 138 223 272 279 403 519 606 621 626 631 778 819
14 7 126 173 206 212 426 511 608 705 783 794 842 867 972
8 17 92 107 201 281 293 667 961
10 258 277 506 521 713 800 835 894 905 954
7 20 44 289 607 892 966 981
15 77 110 121 251 268 326 347 367 474 510 597 630 716 726 789
5 180 209 655 680 739
14 81 102 118 141 154 229 264 459 462 501 704 783 949 963
5 428 444 455 484 882
5 98 407 664 768 998
14 1 48 73 97 105 150 198 247 523 562 759 815 848 917
13 79 89 132 173 299 374 406 509 548 549 602 821 857
9 77 199 215 340 513 520 634 877 886
12 221 231 234 287 333 397 478 528 806 883 918 980
14 39 41 50 56 118 316 381 410 482 568 743 767 805 871
10 219 237 403 461 544 612 871 934 987 991
9 93 136 180 303 437 468 480 513 799
7 17 124 133 280 501 970 997
11 35 107 114 140 200 287 316 484 613 746 990
11 34 234 320 352 381 386 466 566 657 744 751
8 395 422 426 534 643 729 734 885
10 105 153 194 425 513 685 754 889 912 928
11 40 130 273 321 339 385 566 593 614 659 738
21 12 77 191 193 239 469 506 545 552 570 638 657 759 781 816 820 882 909 917 918 923
13 117 193 197 262 293 336 385 434 482 520 642 723 741
7 14 79 138 221 504 784 791
9 13 76 101 411 622 659 692 721 788
8 88 166 341 499 637 644 832 909
12 22 66 85 164 176 286 296 665 796 804 850 954
6 178 251 472 515 679 805
9 122 137 170 280 387 465 497 578 763
8 4 171 345 556 603 677 801 887
19 86 111 185 206 262 340 385 572 577 584 587 619 620 718 770 892 944 945 971
4 117 461 579 667
8 149 237 275 362 370 432 798 873
11 18 492 536 666 668 669 713 904 927 933 934
19 3 72 73 98 116 350 393 394 487 518 565 674 731 764 773 869 883 899 982
9 73 130 142 213 408 443 667 855 858
15 100 125 244 297 383 429 445 483 510 524 610 728 736 828 851
11 34 285 324 334 422 437 483 496 720 834 895
14 56 99 118 172 201 361 393 495 596 762 788 895 978 995
10 107 196 216 234 342 376 559 649 686 955
6 137 259 275 620 666 940
7 144 149 176 370 374 813 991
11 40 143 269 371 403 629 639 750 758 890 987
7 320 416 514 525 617 657 749
10 75 173 271 371 409 595 633 645 750 841
10 96 190 426 503 516 517 548 615 814 888
11 65 161 200 423 439 457 531 625 806 848 906
9 42 60 134 143 411 478 709 913 977
10 22 88 110 306 436 503 648 691 707 873
9 152 196 286 488 555 562 628 633 959
9 22 29 151 293 387 570 788 838 965
10 96 121 172 213 340 407 847 912 931 960
12 10 75 107 208 372 422 534 569 810 871 880 988
13 31 36 86 91 243 310 367 419 635 667 691 912 936
12 33 372 512 533 536 623 693 731 783 792 862 955
10 181 402 419 460 566 689 717 732 739 995
6 23 57 175 270 812 933
13 44 78 239 286 426 442 474 528 568 842 852 895 943
18 48 339 383 384 418 425 438 443 449 517 707 741 778 806 810 884 951 969
10 148 221 381 427 472 566 588 596 855 897
7 191 211 406 489 747 788 798
10 238 281 284 511 512 767 807 816 829 840
10 29 128 186 216 268 469 632 658 730 851
12 392 484 491 506 540 546 601 610 701 712 757 788
11 91 127 180 295 299 308 362 699 715 735 892
14 66 77 266 392 440 518 692 709 719 824 848 850 928 948
10 92 330 474 506 598 664 691 699 791 794
8 405 456 468 654 718 744 786 915
10 25 61 130 304 444 522 572 805 973 982
9 18 41 131 299 529 566 737 842 940
13 63 72 140 153 216 337 406 425 567 700 730 777 790
12 101 111 146 241 398 420 443 490 548 874 881 908
12 287 383 459 501 564 592 595 628 806 852 932 952
11 60 84 158 243 301 383 756 765 782 870 933
12 128 143 330 364 418 422 514 663 666 682 685 916
8 357 421 641 727 756 759 938 957
9 90 129 322 462 466 584 724 756 770
7 621 681 695 749 832 941 968
17 33 106 116 166 203 229 442 482 507 522 557 764 802 810 821 842 860
11 27 157 338 479 548 588 659 719 838 925 953
11 3 31 42 59 80 196 225 549 786 835 943
7 341 541 602 630 685 719 982
5 233 391 497 529 962
16 7 20 87 132 367 395 523 529 574 657 659 739 825 851 932 947
8 97 164 217 319 546 589 633 741
8 19 47 97 223 297 306 568 583
8 43 487 792 925 950 968 973 991
13 206 304 335 340 480 493 506 611 642 732 748 797 927
6 147 228 350 351 767 800
11 123 162 210 227 349 432 457 664 704 735 921
11 30 93 241 322 328 346 358 360 491 684 782
17 43 56 96 123 124 384 405 465 490 554 600 714 720 738 835 842 889
16 121 202 300 314 342 344 397 404 429 505 510 774 835 941 946 969
10 278 293 332 403 426 751 786 836 932 961
16 141 151 182 198 201 203 266 353 378 409 469 491 585 750 768 988
14 89 124 269 302 370 465 498 506 593 654 727 731 748 778
16 110 196 216 358 416 537 560 683 694 702 743 747 801 925 957 965
9 51 112 226 511 553 601 699 839 867
9 118 148 350 558 671 755 845 880 937
7 102 140 196 295 341 381 457
6 194 397 597 623 707 892
14 11 50 61 180 196 304 456 549 661 730 733 756 880 912
10 3 215 242 347 355 587 745 769 825 957
10 61 72 303 337 515 647 752 841 857 964
6 101 132 189 297 945 988
10 19 293 420 502 509 726 829 886 911 923
10 69 154 242 266 293 532 606 649 844 942
16 106 211 221 258 317 372 394 427 490 506 528 541 552 632 918 924
10 34 64 191 403 586 605 636 745 855 980
13 162 209 219 291 414 468 530 548 666 736 876 885 900
7 2 22 101 264 755 863 880
11 70 72 137 153 244 702 744 749 756 814 867
8 44 249 381 423 548 591 603 654
10 12 46 112 204 397 541 629 768 862 933
12 141 164 172 198 254 324 339 403 406 496 772 905
7 186 387 463 537 576 824 884
11 4 25 234 447 515 579 722 746 761 803 933
12 57 115 211 363 617 625 722 739 785 808 937 987
10 21 34 271 416 593 658 840 884 885 951
9 41 113 125 161 209 278 371 675 898
10 326 331 443 483 555 600 793 794 869 966
8 100 187 311 339 445 473 628 828
12 86 239 294 594 681 699 753 801 802 853 863 937
9 182 326 336 409 431 553 623 703 771
12 91 199 364 435 445 452 550 659 724 806 905 949
9 91 191 292 330 449 712 783 795 978
5 190 358 391 760 824
8 107 180 494 621 646 673 690 891
15 266 275 295 311 399 483 543 557 587 663 771 813 895 947 967
8 75 113 771 800 801 867 873 948
8 6 93 301 397 585 728 761 987
15 47 71 92 184 303 389 417 501 511 667 728 780 841 896 901
9 113 119 141 218 430 496 557 625 956
7 322 356 465 677 778 896 990
11 330 401 442 458 459 492 597 761 833 914 959
9 87 115 134 429 484 511 539 570 888
8 57 163 457 528 530 682 713 890
9 123 159 224 383 416 651 840 865 926
10 12 46 242 258 278 469 568 655 839 955
9 20 173 192 321 519 880 885 944 952
19 30 33 204 208 240 378 400 404 475 630 652 675 682 725 742 743 869 876 975
14 40 43 97 155 175 302 455 529 532 551 678 871 891 957
11 9 138 213 450 509 645 666 857 896 950 984
7 354 506 586 605 624 749 795
9 350 362 390 485 617 672 816 899 976
9 93 110 381 448 510 635 653 788 909
9 40 266 445 449 569 720 923 929 969
8 214 306 332 498 522 656 706 849
9 93 300 433 457 468 618 639 672 796
10 9 69 105 129 388 439 758 772 851 859
12 335 404 420 516 562 612 782 892 931 939 940 981
12 63 89 96 304 464 544 705 710 827 835 870 984
10 36 216 258 335 359 377 432 745 788 914
6 39 321 469 524 855 903
13 19 320 421 434 481 519 551 619 649 654 810 863 939
4 67 510 834 984
11 103 209 240 254 279 329 361 399 705 859 889
10 142 318 475 571 596 679 770 808 858 903
11 21 471 483 499 581 599 747 785 810 963 990
5 541 701 750 763 932
6 124 132 639 723 873 973
4 593 603 718 970
7 97 107 212 355 366 814 822
10 33 380 404 508 576 671 737 784 809 916
15 36 167 196 208 230 248 332 399 459 487 597 714 769 897 902
7 283 314 372 451 498 697 992
5 105 164 295 296 675
10 5 144 197 448 471 582 613 746 826 957
12 158 319 495 525 693 705 727 735 809 920 935 965
10 61 146 220 451 505 578 658 802 856 997
10 17 23 40 68 100 285 423 453 890 988
12 64 85 122 323 400 473 494 589 707 775 942 957
9 0 77 275 303 458 633 718 818 880
11 3 77 134 142 230 274 398 533 604 954 965
4 281 314 440 648
11 51 52 87 103 285 382 789 828 839 886 941
5 195 221 240 508 768
8 20 100 258 306 358 416 672 988
10 62 91 117 130 326 428 489 535 760 774
4 102 163 276 558
10 378 430 477 557 579 610 618 802 910 993
8 67 267 386 454 501 533 835 859
7 163 316 328 519 598 695 708
9 95 139 272 277 480 545 810 872 930
12 24 40 59 128 151 159 307 374 519 673 682 741
11 10 28 54 113 118 174 416 449 597 724 901
11 41 314 375 429 525 603 788 814 825 826 988
13 61 104 291 294 301 304 339 444 561 730 766 828 951
8 81 542 544 656 793 946 966 968
8 12 211 289 414 578 640 683 990
12 56 227 301 307 624 692 730 905 908 921 928 990
18 65 102 124 152 195 207 208 400 449 480 594 630 657 704 758 844 926 950
10 224 289 404 474 494 563 697 766 881 991
9 5 77 166 201 230 268 445 513 635
7 65 85 128 268 409 724 802
6 138 187 206 636 756 900
5 470 695 756 951 985
7 66 111 166 171 796 920 997
10 194 250 472 534 542 582 608 653 839 951
12 175 232 289 292 351 532 548 799 815 842 869 911
8 48 77 197 243 560 681 687 765
10 74 116 205 233 274 360 411 558 732 796
10 170 189 203 253 289 305 629 637 948 969
5 29 304 370 594 946
9 150 187 249 279 345 473 647 757 955
12 18 33 286 292 494 572 717 725 756 863 867 981
9 166 451 500 533 627 777 828 919 984
5 656 690 790 862 883
6 86 155 551 619 736 782
10 223 230 399 469 507 531 582 825 860 985
10 69 401 429 491 581 717 773 866 949 986
8 95 342 617 638 648 891 898 995
7 194 267 276 288 378 759 952
4 318 350 551 611
11 31 114 118 284 327 447 481 492 630 899 939
7 209 415 430 599 846 859 973
11 9 69 89 259 315 341 347 511 826 868 987
8 14 80 186 270 391 468 791 970
10 119 145 256 367 500 501 661 674 848 881
13 15 37 122 241 255 445 513 516 546 732 756 903 935
15 34 178 192 235 405 543 569 679 749 762 771 931 950 973 987
14 71 85 273 374 418 481 492 499 505 536 626 689 830 923
6 139 216 397 414 803 952
9 335 413 452 593 606 730 732 795 840
12 93 105 222 225 280 388 440 672 677 819 863 884
11 55 316 330 475 483 572 606 792 807 968 988
7 54 192 284 533 694 695 880
9 91 258 551 620 635 688 698 895 987
7 168 176 227 236 327 576 782
10 32 222 412 539 560 563 607 627 887 919
10 7 87 195 249 266 440 530 634 659 830
7 48 113 415 661 771 783 809
5 6 139 602 788 801
10 23 189 252 254 325 425 651 742 916 953
11 124 225 547 557 638 768 815 865 934 974 989
7 24 80 99 172 205 547 656
4 181 560 808 849
13 122 160 216 223 289 646 660 662 689 699 716 871 930
12 21 112 132 153 189 366 522 768 824 866 977 998
10 22 86 96 127 183 201 318 387 569 736
10 42 141 194 313 415 492 546 728 799 818
8 62 508 666 744 845 891 956 997
15 194 350 381 443 452 472 532 613 622 710 725 807 833 857 877
6 131 306 455 482 532 947
2 192 852
12 82 97 105 204 318 400 450 656 757 768 834 950
12 55 72 373 384 439 524 606 691 726 796 849 873
9 65 79 82 191 500 507 612 802 986
11 136 190 200 246 315 344 430 590 598 794 984
9 22 84 190 301 531 537 626 733 911
8 119 641 743 819 822 923 972 993
6 196 362 453 496 568 587
13 58 79 245 364 506 613 684 703 871 897 913 937 983
8 204 264 463 588 826 832 839 954
7 60 235 385 459 657 763 928
10 44 177 566 653 693 793 846 888 938 942
17 5 23 50 92 192 198 228 279 380 412 550 617 657 718 784 843 947
6 254 449 508 574 635 637
9 47 192 303 390 585 606 658 741 763
15 32 73 140 258 437 443 468 533 537 590 749 882 925 995 999
14 50 134 166 246 353 400 404 411 482 515 604 758 854 872
12 13 219 434 439 442 450 469 616 684 722 903 944
10 3 72 176 226 354 616 776 850 851 941
9 390 445 500 645 668 737 743 805 875
11 264 340 492 626 727 750 795 877 924 941 950
9 105 155 185 320 417 546 588 714 827
15 54 65 436 437 487 547 689 748 842 849 881 920 938 944 963
10 390 397 405 469 633 704 716 720 908 998
14 17 94 134 143 197 305 408 565 580 732 828 886 893 910
11 13 22 144 146 221 401 456 562 758 789 881
10 26 154 156 209 267 416 675 802 832 994
8 348 429 461 465 592 667 715 995
8 14 111 143 286 323 460 493 919
4 288 454 893 985
10 81 141 472 646 674 753 774 791 835 995
6 80 254 475 647 675 998
13 196 242 282 314 415 420 436 502 589 660 694 859 938
9 64 67 79 392 417 522 603 812 921
10 29 265 358 740 750 805 835 851 962 997
14 75 114 119 161 201 214 247 344 550 584 625 663 712 716
10 57 277 448 518 533 534 690 875 911 934
12 138 160 174 175 239 446 599 609 691 741 793 840
12 45 160 193 348 472 473 507 532 555 577 869 999
7 122 124 132 356 461 475 485
5 119 283 463 552 715
7 130 152 217 341 413 817 948
10 87 89 251 326 494 524 564 772 775 976
9 44 91 233 411 434 505 673 892 999
16 2 5 16 246 360 365 369 405 469 491 611 683 694 738 801 811
10 61 184 228 319 445 581 666 786 913 983
14 16 75 99 165 167 379 564 572 689 699 808 877 916 982
8 58 136 140 516 566 621 782 934
8 53 136 209 651 657 708 779 823
7 20 120 185 401 787 797 947
4 63 560 763 912
14 113 194 202 215 232 324 369 517 614 694 740 768 822 982
11 13 173 275 490 518 692 821 877 879 901 987
11 68 230 258 266 311 588 746 829 939 968 980
9 34 242 273 293 347 362 600 895 973
13 1 15 79 236 312 371 395 417 545 770 851 913 941
7 61 157 468 523 640 698 985
12 100 115 144 195 210 216 464 467 762 772 896 927
14 39 52 97 194 242 252 265 294 362 428 633 847 859 953
13 2 53 92 169 193 322 369 390 484 657 693 834 901
11 9 28 111 162 172 216 439 797 891 928 933
9 18 26 109 153 439 483 634 680 805
8 137 370 569 591 618 737 794 817
9 18 146 196 225 296 512 515 774 878
7 114 561 851 878 930 954 972
15 126 149 303 362 389 469 498 547 728 831 892 903 935 971 998
9 331 358 476 481 731 811 873 889 953
11 89 325 387 456 490 528 608 820 879 893 897
10 79 211 291 324 452 466 482 539 838 969
8 317 333 342 378 515 538 633 834
15 43 57 145 198 220 239 279 287 372 459 576 795 841 885 957
11 233 367 379 401 618 665 685 737 901 949 965
8 160 176 323 458 673 809 821 950
10 22 37 68 84 155 157 650 693 774 963
16 12 35 66 173 207 252 378 517 587 601 672 706 732 765 871 910
10 19 177 256 547 580 600 683 687 777 845
11 71 120 139 154 176 550 832 833 884 943 970
7 148 214 272 574 650 892 934
7 42 468 505 645 719 812 897
9 121 160 172 335 538 690 693 757 862
12 49 65 93 101 120 147 159 195 460 656 728 882
5 161 209 580 698 724
14 76 96 108 280 404 464 655 713 728 838 839 870 909 966
19 64 83 138 194 237 288 312 373 480 534 536 537 548 564 584 611 736 760 893
11 234 282 317 350 449 486 529 663 848 943 980
6 68 225 462 593 662 697
6 55 134 191 254 724 926
9 48 88 250 499 556 597 700 730 838
8 23 28 124 256 363 389 656 799
6 226 656 673 874 894 898
8 150 368 378 522 636 814 830 853
13 18 116 139 361 368 447 486 600 700 742 907 948 956
9 88 160 658 670 686 721 763 857 942
13 81 148 251 348 363 406 407 486 487 521 657 783 858
15 29 40 167 276 326 332 459 514 590 610 676 845 873 915 965
7 30 461 498 526 809 858 997
10 50 73 159 180 236 363 545 680 735 955
15 70 137 160 173 222 344 361 563 564 587 608 708 818 860 887
11 108 170 289 486 595 668 771 813 863 932 960
18 32 84 138 223 226 248 295 321 365 391 558 562 604 649 696 763 895 931
12 79 383 486 569 608 669 729 792 839 880 906 911
9 218 316 437 449 626 717 784 809 834
8 247 269 382 577 634 653 816 903
13 160 227 248 287 293 359 430 447 514 540 697 954 989
7 244 347 363 499 741 795 836
9 93 267 271 308 491 747 825 902 996
15 16 34 226 325 344 414 469 581 623 682 790 791 793 910 921
8 34 272 353 572 597 702 821 950
7 283 375 603 698 766 960 977
9 12 108 243 345 528 650 660 912 988
9 169 203 371 413 558 566 613 726 771
11 148 191 201 238 250 464 550 559 673 880 956
10 11 236 274 418 482 507 689 711 859 940
15 35 107 174 236 266 356 416 440 463 512 562 605 812 835 875
14 92 157 374 426 518 549 603 683 685 740 842 921 936 971
11 115 133 373 385 441 525 575 742 902 946 966
10 22 42 107 178 431 541 556 594 778 842
13 217 355 386 459 489 548 644 666 747 756 776 814 943
10 5 26 253 403 428 457 585 587 740 929
11 130 193 197 235 373 512 513 640 649 925 943
12 5 119 178 414 505 544 578 594 671 712 824 880
6 31 403 626 638 696 812
17 41 116 169 211 250 319 361 402 424 532 555 637 645 657 729 894 911
14 123 164 196 240 255 311 363 369 390 411 452 539 674 787
9 298 559 686 744 758 818 906 946 988
15 35 63 77 95 98 260 269 479 537 575 676 751 780 840 943
10 74 129 161 300 344 376 384 778 811 936
7 81 223 273 306 384 572 966
10 93 105 159 168 294 727 787 840 855 864
14 65 70 81 242 259 327 377 385 492 611 649 713 785 854
6 29 33 51 412 594 745
5 54 282 488 559 627
6 113 149 674 842 905 994
6 181 471 506 536 643 769
15 17 82 116 189 285 293 429 484 536 630 724 791 807 945 976
9 256 316 323 412 551 804 833 858 889
16 29 114 124 180 345 362 414 458 522 731 732 735 814 821 857 957
16 8 138 139 222 230 260 327 407 491 550 567 640 644 667 700 825
12 108 118 165 237 405 480 516 632 705 776 809 870
5 42 82 246 385 584
12 29 85 430 437 439 444 446 511 512 550 679 985
11 136 188 266 368 439 495 653 684 775 867 907
7 24 151 477 585 615 836 913
9 8 14 46 162 280 463 584 771 827
10 25 173 193 209 398 413 528 701 791 850
14 97 165 192 196 312 390 451 483 494 654 672 807 930 994
11 39 135 236 316 323 342 366 475 504 662 791
11 41 189 374 652 692 717 738 810 836 970 997
8 229 273 294 307 388 491 873 979
4 140 270 487 780
11 18 34 139 216 234 353 552 624 882 896 956
6 130 184 512 582 746 956
10 64 89 197 249 267 411 441 596 893 913
9 11 76 127 260 323 433 450 639 777
10 7 39 308 320 349 365 540 616 695 968
13 57 107 117 174 233 283 320 624 686 790 795 970 987
5 207 378 558 737 970
6 147 150 533 551 611 828
7 125 492 582 595 753 831 907
12 52 78 194 271 323 389 424 466 526 813 885 946
15 103 123 165 168 189 197 209 245 354 479 592 599 739 780 891
10 180 311 349 384 458 521 549 652 783 952
7 265 278 343 359 585 637 703
10 93 111 207 244 591 670 730 830 886 895
17 62 105 138 194 247 257 521 615 641 661 672 686 725 882 900 910 997
9 96 101 163 199 233 237 318 486 514
12 156 163 409 459 465 486 497 659 753 931 953 974
9 82 112 116 121 295 321 465 702 785
11 145 176 440 449 511 533 542 837 886 973 999
10 129 205 218 362 409 415 561 601 638 846
8 45 73 147 252 321 393 484 877
8 147 160 397 420 659 711 787 867
10 39 61 136 167 382 398 460 547 555 647
13 7 100 241 256 284 286 556 601 698 761 775 827 870
10 112 124 561 615 617 704 817 835 899 945
13 41 61 103 439 507 510 533 801 812 832 893 918 992
13 170 180 249 340 379 436 482 612 694 760 789 923 949
11 30 54 110 185 402 533 623 634 703 712 797
13 138 255 348 388 535 641 793 820 869 896 902 929 935
10 17 39 145 270 288 461 556 663 857 888
7 60 441 505 716 756 941 962
7 30 617 654 766 776 782 821
11 65 113 159 209 238 413 455 490 658 803 971
13 41 61 171 184 185 243 430 606 669 681 693 738 751
10 55 211 238 332 623 661 767 827 949 954
6 148 311 351 577 616 782
12 47 208 243 301 344 345 384 468 758 762 775 851
14 156 275 283 308 328 361 382 503 514 521 523 839 847 966
12 11 71 120 154 300 382 429 553 618 666 960 972
6 71 98 280 524 686 890
15 13 93 135 156 323 429 479 480 580 582 807 810 861 872 888
13 5 64 198 217 351 361 429 471 600 771 833 858 880
5 415 425 693 918 980
7 61 237 331 414 469 644 990
7 165 449 500 634 759 787 915
10 26 56 183 209 215 261 462 590 675 679
5 74 290 300 514 790
9 230 322 716 786 801 836 876 888 959
15 31 90 115 253 290 466 560 565 574 583 913 918 927 932 982
14 26 123 285 401 442 663 674 762 785 811 860 917 945 967
10 54 165 186 321 342 367 629 724 771 992
11 336 337 368 411 421 518 644 691 800 893 942
14 27 111 147 173 181 211 214 301 429 463 600 660 819 879
8 111 182 203 460 507 654 927 972
14 226 358 381 422 457 483 486 679 705 729 741 742 825 978
8 243 256 310 315 329 481 503 965
12 3 7 123 209 386 496 659 664 852 955 989 992
8 21 94 199 225 534 754 798 944
7 193 763 766 767 809 850 958
12 38 94 151 222 384 468 518 617 639 707 946 959
9 74 131 433 462 519 525 792 879 924
7 180 230 234 282 336 644 956
10 69 200 281 303 445 456 502 715 901 982
7 141 457 470 477 579 878 882
12 88 198 302 331 338 396 544 703 737 853 925 970
10 45 289 410 515 520 665 706 850 872 931
12 13 14 97 110 151 252 371 445 459 630 681 705
10 11 83 294 331 443 565 661 670 838 891
10 21 174 388 392 429 443 593 613 707 979
9 27 62 136 370 544 563 720 787 962
14 52 119 122 157 161 171 357 393 456 609 777 794 864 937
4 172 483 952 975
9 19 48 82 114 159 187 240 353 989
9 45 64 154 248 322 341 408 446 960
12 26 27 77 123 152 237 611 726 834 851 904 940
8 73 259 837 841 916 918 945 972
9 49 132 170 307 327 392 453 473 933
6 768 769 796 941 985 994
9 5 12 185 359 423 544 633 647 987
6 461 471 738 836 869 975
9 217 265 330 416 600 804 845 857 873
6 132 384 448 531 675 913
8 93 130 271 291 466 724 759 808
12 53 74 133 218 282 559 717 772 776 829 985 986
9 370 421 427 536 752 775 903 932 998
8 260 312 391 452 694 835 866 947
12 79 88 269 300 311 497 504 536 641 700 709 720
10 187 544 675 682 783 848 877 953 978 997
10 71 132 178 381 429 485 489 844 941 964
10 196 232 360 464 488 508 592 659 812 995
5 210 245 640 880 981
15 6 132 204 230 353 420 443 464 666 672 698 762 824 909 950
12 161 181 355 367 399 667 680 733 779 806 961 967
8 42 67 186 273 378 599 637 869
7 350 361 440 541 731 852 978
11 214 408 509 606 675 691 772 797 840 888 896
9 174 373 506 585 625 740 803 939 940
14 52 88 122 197 220 263 325 431 564 629 721 862 867 919
12 224 293 305 462 466 476 683 760 848 858 969 995
7 146 174 444 504 631 801 969
10 62 70 140 161 259 498 658 769 882 922
10 105 202 236 266 287 433 453 780 886 934
9 10 57 168 284 350 761 862 913 936
11 8 260 317 383 506 589 692 895 939 954 989
18 54 63 193 222 400 421 437 537 548 576 603 605 608 626 717 800 864 950
9 165 199 420 515 519 683 772 861 960
6 34 111 183 334 917 955
13 65 131 214 263 288 379 454 460 600 779 880 888 955
5 275 362 445 678 987
8 58 78 210 245 459 600 625 826
11 39 45 100 208 325 327 348 360 529 591 755
3 24 104 331
12 101 300 413 443 446 600 636 647 712 775 910 957
5 383 566 644 703 991
11 71 95 97 138 165 282 440 628 648 846 992
10 189 315 390 429 475 503 570 978 982 985
9 38 88 115 252 349 522 621 752 797
10 3 90 118 269 344 354 456 564 644 918
5 57 122 397 794 939
10 26 147 488 510 520 697 804 890 922 954
10 363 364 500 531 700 704 780 824 929 941
11 145 219 246 313 358 520 527 555 624 897 993
7 12 250 282 408 417 534 842
8 32 132 256 310 762 766 880 923
4 132 142 329 924
9 67 100 179 229 393 612 809 865 914
6 126 344 623 677 794 876
10 156 202 225 452 523 530 622 680 715 791
7 245 292 496 501 617 769 811
13 69 76 148 219 234 381 592 605 656 712 801 884 987
10 100 323 351 366 447 467 600 652 882 987
9 7 308 331 477 643 652 673 682 715
10 3 151 174 223 610 711 715 875 923 989
5 144 215 304 546 593
8 105 183 242 293 316 480 562 904
6 100 595 686 729 840 881
7 24 85 164 209 484 720 974
14 20 146 151 186 274 369 404 415 574 744 787 815 962 974
10 37 112 332 407 448 523 540 661 762 959
9 155 247 295 329 359 645 686 700 899
9 210 297 436 608 656 767 920 930 991
9 46 127 304 359 468 508 589 880 967
10 92 123 313 336 467 515 649 672 847 862
7 11 20 144 250 262 499 555
9 291 402 465 483 586 673 824 871 946
8 94 177 352 510 524 582 707 958
10 71 124 189 684 691 778 847 874 947 985
10 1 6 40 120 479 627 764 883 885 982
11 47 127 463 483 539 547 557 609 613 700 706
8 60 146 244 365 424 468 635 662
7 4 229 339 376 806 964 970
12 11 82 205 306 377 518 574 608 683 724 742 860
8 150 276 313 610 677 752 865 868
11 90 141 208 256 445 465 475 638 729 830 908
9 35 50 64 419 423 455 774 800 909
6 54 239 335 394 927 942
9 52 242 493 507 626 627 812 816 896
8 98 247 300 357 448 487 770 872
14 22 169 197 214 256 491 527 549 709 766 826 880 912 966
7 18 106 240 428 684 791 907
11 249 290 309 337 347 426 434 435 625 636 667
16 21 70 119 123 145 185 293 356 358 394 405 439 468 803 850 965
8 164 220 271 360 438 528 596 898
15 32 122 126 181 185 226 332 512 517 552 585 719 757 758 939
7 47 339 378 455 548 777 929
10 45 203 320 333 510 530 563 634 694 780
9 12 90 339 431 492 645 689 914 934
10 13 59 176 230 381 430 525 545 763 993
8 109 168 191 552 716 781 814 892
9 128 417 561 691 702 777 825 961 971
13 33 135 142 176 211 244 343 391 463 534 587 668 986
15 16 95 99 102 133 137 155 233 373 483 588 656 899 906 964
11 39 57 135 365 444 666 724 774 805 856 994
6 135 446 529 768 802 972
5 88 438 509 563 752
4 200 265 466 792
11 246 250 279 326 420 491 510 587 638 834 951
10 6 229 286 389 418 435 457 627 640 852
9 99 136 320 376 469 478 545 781 916
16 32 221 242 268 372 377 541 577 583 591 691 696 726 728 925 968
8 8 73 440 471 684 809 848 961
10 131 235 326 622 648 711 714 771 792 925
5 243 604 785 831 936
8 129 259 322 486 541 550 894 988
7 16 106 407 442 588 623 879
11 38 66 179 224 302 529 562 727 770 876 944
9 176 238 242 286 452 583 627 690 872
9 198 291 390 421 460 594 601 647 699
14 65 192 354 363 487 642 655 676 694 744 753 858 910 993
10 33 121 176 183 417 460 808 831 862 864
15 6 30 66 68 141 438 470 501 510 535 631 635 801 804 941
3 302 421 958
6 70 92 329 696 737 960
10 80 157 323 339 368 392 458 662 744 859
9 70 229 309 382 425 682 917 941 974
14 22 68 150 155 168 348 383 547 591 642 665 675 717 811
8 126 167 292 398 493 599 730 986
15 94 156 270 357 405 419 425 529 538 698 751 845 929 948 994
16 30 41 198 328 378 390 397 522 581 661 684 743 866 934 950 963
7 3 179 284 298 328 500 904
9 47 59 445 467 675 688 777 820 821
10 25 32 37 267 294 431 449 615 786 819
9 329 402 427 454 519 587 693 768 777
10 166 168 199 224 339 392 683 707 781 890
14 53 55 58 172 433 437 483 582 616 635 644 774 802 821
7 165 261 490 717 839 867 920
7 198 213 453 513 665 922 984
8 60 225 354 508 523 560 609 822
7 107 191 293 369 520 616 904
15 44 81 101 253 258 270 484 550 562 711 743 761 844 932 945
9 36 85 249 420 561 644 724 799 858
10 7 150 160 202 273 555 564 641 699 982
8 25 79 284 394 443 801 884 954
7 87 149 167 582 654 868 941
4 253 344 888 941
8 1 458 517 628 677 705 734 936
8 165 227 381 466 523 608 625 743
9 46 50 103 135 238 428 475 723 985
5 14 193 266 367 677
9 166 373 386 558 623 627 628 756 951
12 38 89 90 105 339 369 381 526 543 664 826 956
12 12 157 307 312 447 493 579 600 691 701 878 909
7 132 169 263 274 358 784 848
14 24 81 167 181 183 424 659 750 758 799 900 932 943 983
11 139 193 248 369 565 582 632 746 792 849 968
8 37 126 438 593 774 846 970 976
12 51 86 218 219 363 765 779 831 865 868 959 984
7 124 262 713 777 789 807 915
15 13 178 226 287 296 427 432 480 546 578 647 668 706 782 846
7 242 307 344 510 728 846 950
9 105 207 348 456 570 675 740 796 872
11 177 197 270 366 474 681 788 866 927 977 980
14 18 138 232 233 342 411 426 428 675 725 810 886 947 958
11 25 93 120 446 468 550 631 649 730 756 874
15 6 28 85 164 172 203 289 292 325 433 509 692 729 747 965
12 29 47 136 156 197 412 482 590 859 924 961 977
15 6 32 90 157 189 303 321 325 370 420 482 738 936 989 990
5 203 351 588 805 915
7 23 81 120 711 862 870 872
7 166 191 270 442 482 758 958
5 138 211 310 341 429
11 98 171 265 365 408 417 502 560 688 921 991
10 5 122 193 390 493 529 575 732 860 969
9 54 66 85 106 157 185 219 506 940
12 90 380 397 460 464 592 726 746 786 835 877 935
11 124 160 186 286 360 383 450 550 863 873 986
10 29 242 335 437 461 550 647 776 881 934
11 114 198 242 352 365 694 705 712 851 906 942
12 37 119 169 213 343 470 633 684 689 761 947 989
8 72 204 210 254 476 797 889 952
13 23 118 218 269 399 497 720 740 771 805 810 864 868
9 28 71 162 198 260 451 463 730 811
5 27 189 197 368 775
9 145 179 213 245 322 361 938 939 978
10 6 144 146 196 261 366 380 719 767 914
10 60 62 70 119 195 471 529 693 961 964
10 28 63 205 580 612 648 670 760 772 884
11 224 376 504 512 684 817 832 836 841 918 973
6 71 121 553 760 830 912
9 27 58 200 212 606 789 812 825 923
17 175 177 178 203 213 297 298 307 321 463 526 715 729 838 868 955 998
10 87 165 306 347 425 659 772 778 840 843
14 34 65 89 144 251 293 362 371 470 532 659 719 735 905
8 42 110 123 177 314 540 578 905
13 31 50 228 280 429 522 594 752 754 829 871 937 979
12 15 70 218 232 236 519 598 705 744 775 839 892
10 21 140 322 403 532 545 587 619 634 801
11 130 261 356 360 396 438 445 554 663 923 995
4 15 136 180 643
7 13 175 302 420 722 868 959
11 289 294 454 527 554 619 654 802 870 881 932
12 25 43 114 163 190 530 554 636 750 785 974 990
15 0 60 109 196 215 278 336 340 347 397 573 669 698 775 971
9 204 266 479 573 596 624 801 846 891
11 50 132 178 259 401 653 681 796 854 913 990
16 44 98 225 230 231 322 333 444 456 489 537 546 677 746 781 980
10 216 251 388 403 579 591 601 752 757 898
5 136 312 845 870 923
12 194 280 376 409 419 650 668 700 721 777 834 851
12 273 388 487 519 532 580 608 748 761 768 847 913
7 364 463 484 527 579 742 999
13 172 308 421 499 566 660 665 696 698 723 774 946 992
14 23 66 100 160 197 235 462 472 642 757 786 816 930 958
9 60 394 588 603 722 899 900 905 926
7 233 471 495 506 597 616 661
9 123 664 674 699 771 800 832 848 994
11 175 192 252 310 330 393 527 531 724 793 838
13 4 19 77 101 107 156 227 333 439 507 583 936 982
10 9 23 125 265 358 447 718 814 912 981
12 0 219 260 475 513 545 678 767 833 858 901 925
11 5 169 182 195 391 543 697 740 778 792 810
11 30 53 395 469 474 517 540 565 633 929 967
13 23 47 126 140 152 162 165 247 254 288 334 727 903
8 93 105 277 371 522 723 755 798
8 9 172 309 452 501 542 916 943
12 125 168 319 376 452 480 490 492 623 655 800 809
12 11 70 156 188 327 446 556 671 677 720 786 901
8 222 290 357 383 452 524 782 869
14 15 40 89 101 168 222 350 408 566 614 622 846 952 974
11 79 227 245 325 366 416 450 501 802 835 895
12 87 128 250 299 303 348 573 726 770 844 914 975
9 30 189 395 406 523 591 612 745 844
7 134 162 553 789 822 854 953
11 1 54 116 301 342 434 706 719 810 829 966
11 53 103 190 231 547 600 650 781 791 894 897
19 41 53 84 131 198 224 231 334 390 521 543 595 625 686 708 762 769 879 914
11 180 224 271 282 296 349 372 669 700 766 795
8 54 218 324 528 592 657 984 991
7 42 128 481 576 615 686 823
16 28 33 114 129 170 365 380 407 668 733 746 856 873 893 903 915
10 113 148 160 174 226 588 646 898 903 908
8 163 327 344 480 491 536 723 816
9 219 259 338 392 578 685 831 838 975
12 265 270 333 418 441 447 484 554 621 676 791 978
14 75 154 160 180 256 260 285 493 536 728 746 786 799 814
9 390 412 472 545 624 691 747 842 931
17 16 43 90 158 379 424 459 467 521 585 652 755 823 849 874 950 951
4 143 230 444 505
11 90 147 213 264 288 436 463 482 664 784 810
8 110 301 336 633 858 913 933 960
9 13 123 163 246 448 652 778 807 879
8 31 90 387 408 520 753 849 903
7 274 342 443 470 853 854 859
7 37 100 326 352 548 697 931
6 83 123 413 524 696 846
10 111 180 398 418 453 482 527 696 700 862
7 1 264 352 397 703 798 907
6 91 394 804 812 921 998
11 24 167 217 228 340 466 587 616 640 832 972
11 24 185 204 288 311 451 483 550 665 755 848
11 269 288 318 355 605 654 716 859 885 909 963
10 25 93 253 367 489 519 530 863 898 923
13 59 138 223 277 289 308 370 503 855 941 954 966 986
8 163 207 399 579 760 799 879 990
11 23 59 95 323 332 436 509 649 754 861 925
8 6 69 411 504 678 685 722 808
12 17 22 127 179 355 372 422 521 753 781 824 921
12 28 54 236 344 422 481 537 785 834 844 953 957
11 139 257 347 405 415 447 570 672 774 833 873
17 103 182 193 194 253 283 376 380 459 520 581 740 795 854 885 922 945
11 53 195 450 488 493 543 575 753 862 908 975
2 514 571
11 52 152 181 414 428 433 563 756 782 808 986
12 44 199 240 277 300 355 428 446 533 701 761 992
11 163 220 239 325 383 471 474 591 631 757 951
7 52 146 205 233 416 571 753
14 101 159 171 180 193 301 368 460 462 478 618 811 912 946
3 358 757 895
7 208 293 584 705 796 797 833
12 6 19 200 343 421 440 576 693 773 920 921 987
10 317 357 515 610 721 724 725 769 794 820
7 153 404 533 638 642 775 982
13 18 110 148 167 320 430 583 594 676 718 781 825 906
8 249 338 348 368 720 812 817 968
9 23 128 167 364 490 554 561 657 963
14 33 37 138 164 185 251 364 380 401 410 532 570 743 774
8 159 174 346 552 590 673 942 999
5 62 224 436 560 818
9 28 29 60 362 475 770 798 818 835
8 26 137 161 210 255 474 828 892
7 33 92 271 668 805 955 971
10 87 111 205 244 344 438 482 525 576 952
13 52 137 259 439 441 481 537 594 684 706 785 815 983
13 47 251 258 283 317 378 404 458 689 731 818 826 893
11 19 75 86 99 180 311 443 545 647 738 974
3 536 601 830
12 156 215 309 425 593 598 638 685 734 821 836 997
11 17 212 224 256 307 326 444 741 827 920 964
8 71 79 474 566 600 685 746 892
5 239 336 621 648 722
5 312 340 581 694 727
10 29 101 199 213 231 307 487 517 593 701
11 60 318 648 709 722 746 756 765 879 884 950
12 63 136 222 242 301 384 524 575 589 793 874 990
12 60 175 253 428 484 519 734 766 773 918 934 941
13 4 78 114 115 154 243 339 354 420 640 760 961 966
11 24 89 285 362 536 561 653 682 726 734 912
15 37 51 134 150 231 262 348 412 440 494 576 741 805 834 880
7 173 435 642 729 812 869 984
6 365 382 459 628 929 934
6 18 211 242 543 622 681
11 28 74 112 344 366 392 398 516 583 740 944
4 409 410 559 717
11 67 398 413 548 556 680 801 816 829 868 915
18 6 154 200 203 212 241 274 328 446 457 466 537 586 603 619 637 654 873
9 43 173 294 320 368 371 631 742 766
11 108 123 361 426 496 510 559 596 626 929 944
5 92 113 136 309 643
12 28 65 160 217 220 326 422 625 708 752 868 996
12 32 78 120 211 220 241 416 505 643 826 835 983
10 53 112 207 277 370 509 514 597 728 915
6 57 77 131 331 443 954
11 72 147 237 357 525 536 543 591 603 710 939
9 5 33 121 193 258 412 481 745 905
7 50 144 238 272 535 615 699
10 97 229 243 313 343 406 506 563 769 968
16 40 52 104 132 166 202 252 389 411 423 664 761 855 864 959 991
11 370 375 413 429 498 521 547 805 859 912 981
10 4 42 103 435 468 679 800 904 906 950
14 139 140 159 230 329 400 445 509 599 795 843 909 935 959
9 233 235 244 403 496 524 591 652 903
8 161 266 354 413 424 617 800 976
8 49 221 313 435 658 772 806 827
7 136 246 316 520 635 667 779
10 83 211 297 510 719 779 907 921 982 991
9 21 233 287 398 405 417 558 785 792
6 12 21 266 451 461 524
14 71 255 259 321 363 411 448 580 788 805 806 817 896 972
7 64 135 570 630 695 704 894
10 103 216 226 292 478 758 759 779 889 994
10 55 75 148 446 470 667 743 848 894 943
11 9 44 82 85 437 487 504 655 822 900 940
7 173 292 369 649 806 836 927
10 85 123 127 247 428 587 650 717 826 895
11 60 74 95 282 370 420 452 510 608 684 938
6 207 301 351 382 446 468
13 59 121 153 155 203 396 455 654 754 784 842 872 893
12 149 354 391 401 488 498 544 577 598 770 775 815
10 61 236 254 621 662 750 796 801 923 999
9 169 440 540 723 733 805 879 886 978
11 9 176 265 335 392 571 674 790 936 959 988
5 110 123 545 602 690
12 18 113 123 209 521 538 544 571 613 753 870 985
6 308 331 374 593 954 993
8 270 299 368 636 701 845 863 938
12 191 292 379 452 460 737 823 832 845 900 981 987
5 83 596 615 702 835
14 62 123 207 248 323 352 522 619 628 755 763 773 827 914
8 18 69 209 366 556 620 731 971
10 181 188 198 361 465 560 675 677 785 830
5 239 293 432 779 970
9 135 189 403 544 549 651 727 908 960
10 18 40 62 121 167 292 356 406 932 988
10 248 464 524 616 660 693 787 875 882 982
7 46 285 339 410 491 636 778
9 11 153 252 322 445 512 561 811 819
13 16 174 185 195 261 444 544 580 705 719 766 928 993
11 11 46 75 135 158 175 215 218 406 572 815
12 115 135 336 382 393 423 597 662 694 742 870 875
9 47 55 270 321 411 524 740 895 942
10 155 460 472 598 678 711 732 783 916 954
7 200 219 224 354 566 760 949
8 36 177 357 368 378 749 910 920
10 252 256 316 399 592 599 614 659 749 888
8 142 171 252 458 570 592 739 907
16 179 194 277 364 366 401 526 573 584 616 686 690 709 710 828 870
10 92 208 273 357 438 547 651 743 852 935
10 159 182 422 430 463 465 471 719 790 906
10 78 93 132 241 363 368 553 681 877 882
13 5 35 60 92 132 206 480 520 545 571 705 835 947
12 49 194 290 305 461 470 505 555 640 777 842 977
10 185 230 345 358 395 581 642 728 744 945
8 58 92 167 231 304 387 437 693
9 5 107 226 312 417 522 530 937 967
17 21 188 244 293 322 347 366 418 453 587 600 694 725 812 868 894 957
12 26 81 160 220 289 298 300 672 715 812 840 954
13 38 56 174 241 314 324 507 567 745 794 857 966 978
8 181 335 404 412 512 583 798 833
18 60 66 83 103 128 275 355 410 449 530 599 615 708 828 887 919 936 951
11 19 141 156 240 306 442 552 602 603 756 856
11 43 234 343 437 457 496 497 557 716 958 979
12 45 177 198 204 243 269 273 416 482 608 833 950
11 4 24 44 93 554 641 687 728 735 778 956
10 151 236 543 555 634 722 765 892 895 916
12 18 57 153 444 454 534 569 601 688 815 927 990
9 83 102 195 588 665 676 731 751 871
8 5 184 380 526 565 633 977 982
8 37 107 260 368 419 694 826 850
6 205 584 646 667 751 863
9 152 198 270 275 417 440 551 657 730
16 18 54 77 94 104 222 290 428 461 473 533 654 799 828 871 952
6 230 545 588 637 787 949
10 179 188 290 327 399 500 675 720 849 891
10 37 69 160 194 248 304 414 594 595 738
14 11 27 117 263 319 422 493 501 502 560 646 721 926 986
8 132 411 460 528 665 768 856 924
10 101 352 410 534 549 571 669 824 903 986
10 8 90 170 188 262 317 322 400 514 753
9 38 336 512 632 633 690 767 794 860
8 49 61 242 567 575 796 808 836
5 246 388 480 721 897
8 87 149 340 454 727 731 946 962
11 81 140 227 550 583 590 611 749 809 915 952
6 54 83 494 564 760 956
11 0 12 46 60 113 210 399 430 538 727 771
10 18 50 104 252 307 586 784 893 921 997
15 136 170 183 392 397 544 558 611 643 707 783 847 900 929 962
5 354 391 719 858 885
10 41 244 253 257 308 350 702 722 803 874
14 44 90 95 298 311 375 402 486 573 579 611 642 713 918
11 49 312 349 579 666 692 741 828 838 970 972
17 34 64 115 144 219 232 318 322 329 398 501 574 604 625 626 845 921
13 3 154 196 206 272 279 288 327 455 470 679 916 928
9 16 336 449 552 568 599 628 732 744
12 118 235 260 291 292 539 732 767 770 829 869 960
11 115 143 188 294 609 636 737 803 892 900 993
7 267 521 546 552 610 777 839
9 17 282 352 617 663 684 919 932 991
10 52 77 372 478 491 573 668 693 781 905
11 69 93 140 157 313 361 373 376 585 594 763
2 451 884
11 117 271 299 343 380 441 493 510 583 862 981
12 4 52 59 93 109 340 369 377 411 580 756 823
7 361 384 389 514 776 852 914
