200
5 7 64 77 171 188
4 3 6 146 163
2 21 47
5 1 44 68 94 183
5 27 47 53 89 129
3 77 153 160
3 1 124 192
4 0 110 117 125
4 46 112 117 194
8 74 79 96 136 137 139 146 169
6 45 56 68 102 164 171
2 57 186
5 17 27 86 177 192
3 88 155 156
4 111 81 134 161
1 170
3 132 188 190
4 12 66 153 190
4 24 55 183 199
4 118 35 79 95
2 114 101
9 2 117 28 30 60 61 64 170 198
1 70
4 115 158 175 190
4 18 29 92 143
3 42 86 159
3 155 162 190
4 4 12 124 172
6 21 123 55 58 143 144
4 112 24 34 66
7 110 117 21 49 100 135 158
2 91 136
4 128 42 75 104
3 120 85 98
4 29 47 172 188
3 19 88 195
3 96 148 164
2 79 199
3 117 85 193
4 122 84 101 174
2 105 62
4 48 58 100 164
10 25 32 45 64 66 80 140 142 147 172
2 99 150
3 3 66 149
4 10 42 95 103
5 8 112 122 136 184
8 2 4 34 135 136 89 164 189
4 111 41 50 70
3 30 147 182
4 119 48 85 168
1 74
5 109 57 61 64 189
3 4 71 169
3 116 57 96
4 18 28 164 165
5 10 119 149 83 180
5 11 123 52 54 174
5 28 137 41 64 65
6 107 138 147 70 181 193
2 21 61
5 21 52 60 190 193
2 40 141
4 68 178 182 197
7 0 21 126 42 52 58 96
1 58
5 17 29 42 44 181
1 101
3 3 10 63
2 113 148
5 22 48 59 99 194
4 111 146 53 96
2 160 104
3 146 92 97
5 9 115 124 51 170
4 116 32 148 85
4 161 84 97 101
5 0 5 135 83 189
2 126 128
8 9 19 37 151 94 99 184 199
3 42 91 103
5 14 94 167 181 186
3 162 101 199
4 56 162 164 77
3 39 143 76
6 33 38 50 157 75 92
4 12 25 172 91
3 140 180 195
6 13 35 134 135 141 159
5 4 47 154 90 189
3 110 164 89
5 31 80 172 86 100
6 24 158 73 173 174 85
3 132 174 99
5 3 79 81 177 191
4 110 19 45 147
6 9 133 36 54 64 71
4 73 76 182 100
6 105 130 33 133 184 187
8 128 132 135 43 145 70 79 93
4 30 41 91 97
7 20 39 153 67 76 82 185
1 10
4 45 146 147 80
3 129 32 72
3 40 98 136
4 125 157 162 188
2 59 114
1 138
3 52 143 156
5 7 30 90 95 188
3 14 48 71
3 8 29 46
2 69 193
3 107 20 183
2 23 74
2 54 75
8 7 8 21 30 38 144 164 176
3 19 180 188
3 50 56 163
1 33
1 130
2 39 46
2 28 57
3 6 27 74
4 106 7 139 190
3 64 78 132
1 181
3 32 78 99
2 4 104
2 121 98
2 153 189
4 16 126 93 99
5 96 98 145 160 178
2 14 88
6 30 47 77 88 99 193
6 105 9 31 46 47 152
4 9 58 144 184
4 108 59 163 198
2 9 125
2 42 87
5 62 88 156 168 190
1 42
5 109 24 28 84 191
3 117 28 137
2 133 99
7 1 9 71 73 103 185 197
6 42 49 59 95 103 192
3 36 69 75
3 44 56 182
2 43 189
2 79 186
2 136 153
6 5 17 131 152 101 192
1 89
3 13 26 174
4 109 13 141 179
2 106 85
3 23 30 92
3 25 88 182
4 5 133 72 184
2 14 76
6 106 26 82 83 169 188
6 1 119 138 181 182 196
8 10 117 36 41 47 55 83 90
2 55 173
1 172
1 81
2 141 50
3 9 53 162
4 15 21 74 190
2 0 10
6 27 34 42 166 86 91
2 165 92
5 39 57 155 92 93
4 23 177 182 195
1 117
3 12 175 94
2 133 63
1 156
4 118 56 87 185
6 127 59 66 163 81 186
8 49 149 63 159 163 175 97 196
3 3 114 18
5 137 46 160 79 98
4 146 180 101 190
4 11 151 81 181
1 98
8 0 106 110 16 118 34 162 189
7 131 47 52 150 77 89 188
9 16 17 23 125 26 141 61 170 185
3 143 94 192
5 6 12 147 153 191
5 113 135 38 59 61
2 8 70
3 35 175 87
2 163 182
2 146 63
2 21 138
4 18 37 79 82
