1000
7 82 254 426 569 658 952 998
7 351 376 639 719 899 944 956
17 85 162 163 184 331 423 439 506 550 569 661 685 725 731 977 978 993
11 63 189 206 250 303 337 577 681 766 951 997
8 172 218 259 270 277 386 486 652
7 124 243 466 533 636 723 865
11 135 148 292 348 406 452 497 502 518 701 902
7 31 590 634 645 841 873 951
12 27 54 75 234 400 407 640 653 751 905 944 975
8 245 309 334 527 660 663 894 914
7 124 160 343 415 487 513 645
11 76 285 340 614 650 680 762 833 863 879 906
6 163 214 221 585 606 920
9 40 63 379 491 542 617 633 867 913
13 29 216 263 454 468 497 520 561 566 568 696 885 910
12 40 101 228 248 375 403 479 619 631 634 726 841
7 51 197 259 462 463 712 810
11 26 62 129 204 283 460 487 501 648 710 721
13 284 331 335 392 396 448 472 504 513 701 865 866 899
10 29 76 300 386 603 668 675 687 695 831
8 114 149 372 452 471 930 972 990
7 90 284 472 527 678 716 816
6 63 281 320 432 681 795
13 134 239 243 331 361 440 515 517 524 634 684 839 935
17 42 104 129 132 306 314 334 381 383 443 460 657 702 719 823 931 938
6 138 319 476 496 839 948
16 17 96 117 192 344 433 545 551 573 607 681 703 731 755 906 988
11 8 120 129 157 190 378 389 477 580 645 690
12 60 78 193 305 318 489 549 606 630 642 748 953
12 14 19 57 72 312 380 383 415 416 748 756 947
13 46 145 166 177 240 433 518 538 558 647 654 662 787
8 7 118 262 781 833 850 923 977
8 95 157 158 176 247 371 567 964
11 161 393 416 474 490 754 853 862 944 959 966
9 137 142 151 178 438 526 536 548 841
9 123 218 327 540 662 694 773 784 852
11 106 434 465 586 598 613 652 707 723 966 994
8 44 173 468 610 747 771 836 858
7 57 329 378 468 741 762 841
12 196 327 401 448 471 541 565 594 607 799 933 988
10 13 15 49 156 257 570 628 744 867 982
10 266 365 379 411 446 490 499 688 883 995
20 24 93 182 206 276 291 320 332 424 476 519 549 614 773 840 897 900 932 977 991
8 300 306 316 539 562 568 748 763
12 37 53 66 151 351 377 492 499 732 843 897 925
11 76 320 331 357 430 586 677 685 704 738 764
10 30 92 99 113 216 309 369 451 834 867
7 55 145 172 185 191 592 637
12 49 54 75 278 523 635 647 675 747 828 920 931
8 40 48 121 159 371 411 425 670
13 110 194 234 259 329 403 498 505 543 623 742 753 938
10 16 84 476 571 588 603 638 746 872 905
15 123 153 272 298 356 374 383 390 427 455 468 511 590 679 974
14 44 146 219 336 594 609 699 724 776 780 800 801 936 959
14 8 48 249 261 319 381 394 495 533 718 860 890 933 976
10 47 123 216 295 302 351 396 601 604 880
9 252 295 337 495 534 636 872 885 958
14 29 38 127 177 260 283 287 569 658 690 786 807 881 903
13 131 178 191 268 306 368 452 702 727 812 838 841 993
5 689 735 782 829 869
9 28 109 458 570 605 622 674 872 892
5 154 167 227 255 760
11 17 163 175 235 336 359 729 764 824 883 897
15 3 13 22 112 462 464 516 574 648 763 835 848 854 884 927
13 106 121 143 145 175 181 392 613 758 797 922 957 996
9 142 341 354 358 382 707 797 919 980
10 44 134 189 330 402 489 507 545 890 939
7 301 387 417 590 592 744 928
18 303 349 360 370 485 506 562 633 635 659 667 674 677 726 771 778 781 897
10 98 166 211 242 252 281 594 966 980 985
9 108 165 179 253 291 307 337 392 499
7 182 387 528 619 767 825 896
11 29 173 195 288 372 455 519 645 676 979 983
6 105 128 264 511 643 952
11 398 430 437 549 562 657 661 662 725 827 944
14 8 48 182 234 301 363 486 546 561 644 793 960 962 991
16 11 19 45 146 166 171 261 322 443 544 587 611 654 784 804 874
13 95 116 394 443 517 528 592 594 653 654 817 876 880
11 28 112 123 229 336 564 602 893 908 944 979
11 84 159 200 460 513 541 570 644 675 808 913
4 377 581 682 690
13 351 500 519 553 567 574 702 715 719 794 832 844 979
10 0 332 446 549 578 618 627 881 944 979
9 334 338 382 628 645 807 831 832 960
12 51 79 157 185 389 394 584 641 662 726 871 904
5 2 253 644 757 869
7 320 441 459 768 772 794 934
8 88 205 350 631 704 775 812 862
11 87 317 347 407 559 641 707 749 842 845 987
11 101 116 193 307 327 424 509 522 678 839 883
10 21 107 203 228 270 300 368 633 783 837
6 304 584 728 835 872 883
8 46 215 405 597 607 654 660 888
11 42 98 151 214 226 296 490 761 767 796 831
12 203 264 279 370 389 455 458 609 725 752 950 969
12 32 77 172 215 227 282 434 489 498 524 903 907
12 26 103 115 210 264 292 300 480 497 542 768 954
4 328 900 922 931
8 69 93 120 402 560 628 852 861
5 46 398 402 476 976
10 123 179 228 305 496 576 778 934 957 983
9 15 89 149 309 588 667 868 878 989
9 215 225 226 450 817 824 847 879 981
9 96 184 208 541 547 580 873 874 892
12 24 312 322 351 407 495 497 561 664 881 920 925
10 73 116 336 391 435 517 519 525 527 696
7 36 64 614 709 786 859 989
9 90 171 459 482 484 944 966 986 992
9 70 290 303 333 372 475 621 974 980
10 60 182 248 257 640 695 702 749 874 905
8 50 294 383 406 454 459 723 774
3 170 540 622
9 63 78 160 209 232 428 881 920 976
11 46 396 509 652 665 736 790 817 848 946 952
4 20 259 310 731
12 96 207 279 292 418 519 553 776 787 903 905 990
17 77 89 105 153 157 183 193 209 445 454 570 615 670 680 692 898 952
8 26 296 369 441 469 678 716 825
10 31 291 433 443 454 532 578 749 883 986
8 120 159 201 380 425 447 564 819
8 27 98 119 259 461 485 634 828
10 49 64 175 651 679 741 897 898 920 941
5 211 303 329 515 717
12 35 52 55 78 100 217 386 502 583 703 747 774
11 5 10 234 284 294 372 670 674 760 834 891
12 278 289 344 393 402 481 558 612 665 765 809 921
8 221 247 337 343 515 832 860 974
10 57 153 317 401 432 451 577 624 651 883
11 73 199 233 260 359 443 647 729 788 842 846
16 17 24 27 248 263 284 297 320 378 476 686 752 783 850 908 986
8 266 327 390 498 604 663 793 912
9 58 223 243 518 541 720 825 855 876
6 24 164 229 549 631 691
10 229 241 307 403 595 598 681 769 847 998
9 23 66 179 218 263 325 405 666 688
8 6 305 391 480 499 555 675 943
16 212 244 250 300 330 333 373 380 400 581 665 684 692 707 792 824
10 34 163 320 385 433 439 518 702 835 870
11 25 404 414 450 478 502 509 546 813 951 957
7 341 459 542 639 764 834 939
9 174 213 238 411 427 445 537 752 959
7 283 308 449 614 716 932 994
9 34 65 196 309 410 442 467 882 953
5 64 248 483 710 896
6 193 265 387 481 718 900
13 30 47 64 178 497 500 558 621 667 736 813 907 999
7 53 76 185 357 499 709 865
4 241 273 424 471
12 6 479 488 546 573 585 601 621 637 660 909 965
11 20 101 205 460 500 558 704 759 884 926 933
9 230 382 390 461 540 552 683 748 924
12 34 44 93 167 219 508 548 568 722 731 775 831
9 297 351 388 440 467 603 699 851 929
15 52 116 127 154 279 314 436 499 621 668 691 752 845 903 921
8 61 153 163 325 371 728 738 870
10 398 460 472 645 716 766 800 857 867 938
11 40 164 273 291 545 624 665 721 747 992 993
13 27 32 84 116 169 246 248 323 352 362 365 444 606
8 32 490 513 617 680 796 899 959
7 49 79 119 348 456 632 639
9 10 112 205 227 377 461 601 786 962
7 33 284 406 421 605 638 849
9 2 346 389 502 832 837 846 878 935
18 2 12 62 137 154 189 308 343 447 454 560 606 682 721 729 781 783 797
13 132 156 174 246 638 731 807 819 853 934 972 988 990
9 70 194 459 563 646 752 824 904 907
12 30 69 76 269 297 330 331 633 758 811 851 901
8 61 151 250 287 337 709 880 894
5 333 367 812 851 973
15 157 213 292 295 331 419 480 645 781 815 819 829 929 969 980
13 111 252 290 410 572 666 718 735 800 843 896 971 995
11 76 107 397 427 487 570 646 647 804 900 983
12 4 47 95 202 224 244 440 499 562 674 907 954
9 37 72 271 450 496 679 686 898 926
10 140 164 220 241 356 383 686 691 712 955
10 62 64 121 186 517 581 684 710 847 985
7 32 515 570 579 599 880 997
12 30 57 193 230 237 264 297 349 467 495 534 680
15 34 58 145 189 205 265 268 284 304 438 719 820 935 950 977
8 70 100 134 190 355 461 488 715
11 278 287 329 459 496 587 598 639 720 725 780
5 64 252 291 323 894
14 42 71 75 109 225 247 401 559 635 710 845 937 977 999
10 116 361 662 680 719 791 812 894 959 986
10 2 103 349 375 425 469 476 547 879 894
6 47 84 146 212 307 470
8 175 193 240 278 283 493 889 907
7 243 438 505 520 525 792 989
5 215 241 682 752 813
13 3 66 163 178 418 552 613 677 697 704 782 858 935
7 27 179 230 297 357 582 903
10 47 58 410 485 628 732 819 891 938 999
9 26 321 377 502 675 706 782 794 861
16 28 89 116 144 177 186 242 245 260 295 365 470 557 569 690 753
11 50 165 217 296 301 526 539 728 744 794 991
9 72 312 513 573 590 812 839 953 989
4 39 142 359 746
10 16 242 408 433 509 542 548 608 776 980
8 229 295 785 851 909 917 942 984
10 128 371 543 583 624 707 745 752 787 907
14 79 269 299 424 486 590 700 728 741 766 843 880 895 906
10 119 363 412 495 541 571 741 873 946 981
9 172 273 343 357 476 546 632 741 866
9 90 94 243 287 463 488 704 788 800
4 17 390 649 675
6 87 149 160 178 778 997
11 3 42 244 361 408 471 606 791 800 896 954
12 115 294 518 596 598 749 773 781 909 922 928 938
12 103 255 344 359 363 367 512 664 723 807 896 998
6 112 116 225 539 589 796
4 96 212 483 541
12 69 122 240 253 334 431 584 632 729 823 945 976
10 136 185 210 260 263 292 319 461 864 935
10 140 169 269 322 326 346 356 615 637 836
9 12 93 221 263 287 339 359 449 525
12 92 95 102 188 391 450 635 658 720 780 850 929
18 14 46 55 246 357 385 396 397 400 413 423 425 502 549 611 676 682 908
12 123 194 247 285 341 485 557 585 653 777 826 947
14 4 35 134 226 259 356 412 468 628 740 763 783 935 949
13 53 151 246 260 499 579 649 778 827 849 850 861 893
9 174 306 380 386 514 521 774 853 898
13 12 126 214 314 391 481 586 604 647 656 744 782 967
9 238 331 332 417 615 634 719 733 886
13 131 280 313 408 480 487 690 709 732 790 824 938 993
4 172 329 454 617
13 102 182 209 249 275 290 297 385 403 436 449 488 970
10 93 102 218 447 453 485 658 757 815 930
9 61 95 160 748 811 900 932 953 986
8 15 90 100 340 477 537 775 779
11 78 132 133 198 300 500 597 705 800 811 849
15 150 177 190 259 280 379 455 671 685 699 733 836 891 912 963
5 260 353 362 602 753
10 112 463 508 608 650 662 743 790 823 971
2 128 926
9 8 50 75 124 328 380 387 626 708
15 62 300 474 542 616 714 723 726 747 860 923 927 964 965 984
9 282 347 515 610 679 694 841 843 932
10 177 269 286 462 558 670 672 712 848 878
13 140 222 272 310 413 470 633 705 723 764 794 948 983
13 23 289 404 619 650 681 688 762 809 873 877 893 898
11 30 186 211 284 481 591 621 763 832 839 847
16 133 147 174 188 245 260 280 374 396 510 558 690 694 798 801 892
9 69 193 197 334 355 362 471 837 998
15 5 23 131 187 203 335 357 405 581 670 722 816 897 931 952
10 136 172 206 359 392 577 593 658 785 898
8 9 193 241 286 446 538 842 879
9 157 164 216 219 303 643 667 742 995
16 32 126 182 217 455 497 507 538 548 638 709 742 743 746 795 939
10 15 109 129 143 157 263 345 619 843 872
11 54 225 287 391 470 507 600 607 754 759 778
6 3 136 167 812 909 915
10 337 364 423 440 448 476 554 805 821 979
17 56 69 170 181 279 337 427 628 630 742 769 789 806 871 911 920 972
10 70 85 211 285 311 337 482 504 651 722
7 0 298 404 457 561 836 970
10 61 208 365 449 611 743 788 793 869 923
7 315 373 467 485 617 805 872
9 40 109 276 598 612 778 835 915 940
5 307 460 579 870 922
10 4 16 50 114 120 218 230 510 526 567
19 57 128 193 212 219 231 241 326 344 571 645 682 703 707 772 776 869 957 983
9 54 76 354 423 451 520 793 818 942
11 31 324 470 492 494 645 657 696 768 774 875
21 14 129 134 212 214 248 291 323 437 450 511 560 569 671 721 724 742 909 935 946 963
11 73 94 96 177 379 453 699 895 910 921 975
13 144 178 482 531 574 578 665 674 750 833 857 901 935
7 41 130 310 573 721 894 990
5 436 500 657 796 920
15 58 178 381 410 480 528 530 611 626 641 665 743 810 925 979
11 166 200 213 237 469 558 596 631 651 777 785
7 4 90 599 607 613 814 946
16 173 336 351 353 395 428 433 482 526 586 627 641 658 674 720 801
7 52 238 397 401 503 607 935
9 147 156 202 383 499 541 546 907 917
13 335 442 487 590 599 727 767 791 836 858 879 884 905
8 225 442 469 504 514 532 617 667
10 42 257 332 334 459 558 668 811 907 924
14 4 373 462 517 603 606 649 651 677 745 827 860 872 932
12 48 125 180 186 354 473 503 535 563 739 944 967
11 94 115 153 252 296 303 378 458 638 843 859
8 223 230 241 482 517 677 874 926
10 22 69 283 387 521 595 685 770 819 896
8 95 236 412 520 597 808 936 963
13 17 57 141 186 281 323 381 458 532 734 845 882 966
17 18 21 124 129 161 178 240 308 315 445 490 649 722 759 826 839 872
9 11 217 253 306 650 760 820 833 856
8 237 245 532 585 599 630 722 990
11 57 167 180 203 214 249 345 486 625 728 930
10 72 322 350 406 494 518 541 592 761 951
12 125 239 404 540 639 640 706 741 748 768 782 936
10 108 170 225 305 375 429 472 556 574 699
16 42 70 118 156 181 263 371 389 439 500 544 571 626 642 655 994
12 6 96 115 169 212 419 448 491 595 670 838 893
7 358 546 555 739 798 897 979
5 110 124 207 764 925
16 55 56 169 193 198 337 343 384 388 401 687 748 784 808 894 902
11 93 117 194 279 512 534 619 648 838 883 935
9 129 152 166 177 190 225 684 725 974
9 52 254 541 562 674 705 841 861 919
5 200 496 549 734 759
11 19 43 90 96 136 229 235 345 627 853 859
8 67 75 194 494 559 656 790 880
3 55 303 905
11 3 68 108 122 246 279 302 411 481 664 723
6 91 178 317 365 764 815
15 28 100 135 290 442 478 481 503 575 602 674 680 746 836 981
10 24 43 58 220 285 325 362 716 722 779
8 70 89 133 185 258 448 500 877
11 141 163 284 338 364 465 614 676 796 817 871
12 9 46 101 142 410 447 467 644 652 872 894 901
8 114 238 266 461 477 482 691 899
9 253 330 333 334 496 574 652 757 945
12 29 104 195 335 424 447 470 578 602 657 661 767
9 223 335 447 464 587 663 690 917 995
10 24 153 221 322 375 443 451 612 841 891
8 256 284 356 373 476 492 685 960
7 43 333 487 561 703 913 946
7 88 127 304 393 574 671 742
7 28 416 444 510 647 690 732
8 25 54 212 683 689 861 949 978
16 22 42 45 86 129 137 321 449 464 592 613 622 680 853 898 963
9 192 320 560 573 660 731 805 836 977
10 76 104 213 288 314 490 574 651 736 802
20 157 181 263 283 331 442 464 484 547 641 643 762 821 850 854 926 930 962 964 970
10 262 361 368 398 415 421 697 717 817 894
8 134 154 306 459 576 635 837 987
9 213 260 376 476 550 556 629 667 956
16 35 39 89 130 330 336 352 414 548 599 612 665 680 720 724 760
5 97 234 358 739 741
13 38 50 122 180 224 357 441 588 609 626 802 858 925
20 66 136 166 311 327 368 419 447 469 558 600 648 691 780 817 859 886 920 931 932
15 2 18 23 45 166 169 222 323 347 374 453 573 603 777 996
7 42 82 222 276 389 711 748
10 108 136 168 311 316 364 772 914 958 985
11 9 24 83 211 242 276 311 365 445 664 871
10 18 243 274 312 313 376 500 696 745 907
10 53 62 78 105 271 327 639 694 773 879
17 3 56 70 126 167 251 252 253 295 633 680 695 712 757 768 836 845
6 83 308 613 741 963 977
8 214 396 707 751 772 849 867 908
11 11 228 473 647 728 781 789 839 870 893 899
10 65 139 217 371 420 512 600 690 775 980
9 363 438 508 519 562 757 804 872 948
15 10 126 163 202 295 435 462 529 552 583 633 696 734 790 823
14 26 125 208 260 354 472 520 600 615 616 643 829 868 895
14 248 287 300 460 499 511 588 605 645 731 835 840 868 915
12 162 213 364 383 387 548 652 712 801 812 943 944
7 88 236 331 563 917 919 923
9 6 159 400 421 571 691 759 920 946
7 68 177 184 542 724 788 890
7 87 288 431 449 750 878 948
19 1 44 55 81 104 152 271 391 422 447 535 573 643 681 786 876 922 945 965
11 157 327 393 676 736 759 766 892 941 948 992
8 231 271 401 549 555 718 780 870
10 65 261 278 344 442 479 515 664 935 984
9 179 242 432 619 624 671 702 729 962
8 52 174 213 218 315 361 684 778
16 45 146 190 202 216 243 329 454 565 571 619 670 835 851 874 896
11 65 293 328 402 634 658 701 741 765 842 966
13 62 128 196 208 214 244 397 404 428 726 772 785 855
4 68 794 847 948
16 23 183 206 324 356 448 469 491 524 602 671 713 719 780 787 861
11 157 231 242 306 391 423 424 697 808 817 883
8 75 201 208 342 498 776 880 892
13 251 308 333 346 378 399 644 667 785 896 905 930 979
12 41 157 193 255 304 334 514 660 664 887 949 991
5 459 489 492 589 900
12 168 208 423 466 602 750 782 835 944 945 948 960
9 58 90 324 330 409 629 849 942 956
13 46 117 407 418 552 696 698 706 721 780 789 822 900
6 68 94 504 591 608 814
11 32 49 154 199 291 341 392 405 460 586 954
12 20 72 108 124 379 546 839 874 898 901 922 938
11 136 256 277 315 387 539 731 765 855 862 998
8 52 241 331 595 621 658 697 893
11 15 184 290 314 407 436 670 708 742 782 977
10 1 326 335 574 586 657 779 788 855 997
13 44 80 160 192 537 553 596 648 744 776 781 960 993
10 27 38 129 279 364 592 639 682 763 926
11 13 41 230 264 372 435 549 742 764 773 828
13 29 119 136 220 234 483 711 719 794 818 823 845 929
11 24 54 268 283 513 549 615 670 772 834 991
9 65 83 150 512 601 673 768 930 959
13 24 29 52 110 174 273 346 578 617 624 651 694 695
6 295 426 522 544 639 820
11 137 216 225 401 417 652 693 815 838 841 857
13 4 19 123 220 540 573 606 614 682 734 765 841 988
9 67 71 144 234 281 346 373 809 949
6 152 295 401 613 931 946
19 27 84 94 162 291 332 393 444 449 478 485 720 734 776 817 934 944 962 972
9 52 130 150 204 476 547 556 868 932
16 105 135 215 221 249 351 362 426 436 488 514 732 803 824 855 934
14 18 64 70 244 371 412 414 544 613 733 797 804 846 905
10 33 125 317 352 389 592 727 788 823 824
9 54 77 84 544 718 755 771 833 971
5 271 486 697 733 955
12 18 55 113 216 241 339 580 666 740 815 830 978
9 171 216 272 359 713 746 781 918 932
12 74 99 155 324 573 614 668 696 709 846 874 973
4 364 653 690 919
10 8 136 216 348 483 572 588 713 720 811
13 39 127 182 272 295 353 385 388 441 780 841 853 916
11 66 98 99 125 358 578 660 694 828 881 897
14 15 50 133 225 572 573 606 801 828 887 894 908 933 999
8 138 239 254 289 359 695 862 967
11 92 134 243 371 537 570 611 671 689 755 826
14 6 110 161 288 410 560 612 632 722 779 804 805 834 951
10 8 88 104 369 375 429 680 688 747 982
8 197 206 223 472 555 685 860 897
8 368 445 665 741 760 780 944 987
8 142 170 191 268 309 406 728 735
8 41 49 140 303 668 760 819 920
10 201 218 282 392 564 588 649 683 891 910
3 216 238 947
8 138 327 392 635 728 778 782 856
6 10 29 324 550 704 925
9 29 33 318 468 481 622 629 877 895
6 67 222 385 480 876 892
5 115 189 369 532 982
10 169 292 330 513 569 615 650 664 965 987
4 341 474 587 619
10 161 324 348 437 476 817 840 875 899 927
10 351 578 584 619 634 640 647 729 841 920
14 2 216 251 261 362 367 488 516 521 573 693 740 866 883
10 42 89 147 200 312 362 455 853 883 908
11 49 119 184 216 489 603 613 644 670 676 920
12 0 384 391 432 750 753 778 805 872 902 910 962
8 52 140 171 252 733 781 865 929
12 112 271 359 546 596 631 769 790 822 923 959 971
5 290 407 679 818 923
6 45 74 516 596 641 881
6 211 350 534 659 705 860
10 22 127 355 426 455 567 705 757 798 845
11 26 30 118 137 197 271 474 502 743 983 995
11 36 95 570 675 699 756 767 783 797 831 912
14 105 343 379 445 484 508 516 549 559 633 748 798 861 901
11 153 225 267 375 391 551 572 597 633 717 978
10 74 263 421 548 583 608 626 728 905 932
9 34 178 187 342 607 758 888 965 970
8 2 137 291 483 513 855 912 990
13 23 152 172 251 456 474 501 538 686 819 873 891 916
9 86 117 329 401 446 479 490 791 828
15 142 274 275 305 323 354 471 487 541 597 635 656 662 759 972
13 24 76 77 118 128 314 465 513 625 683 749 782 887
11 157 318 389 473 545 669 718 869 893 936 996
12 116 140 284 334 409 435 454 551 580 651 742 836
11 41 82 245 441 573 771 804 870 912 947 979
12 119 163 226 309 312 313 330 351 464 735 765 953
10 18 39 251 292 307 361 633 707 786 809
9 141 214 225 255 320 350 389 623 757
7 102 138 173 215 263 592 736
8 46 127 261 314 590 659 826 871
10 6 20 58 735 759 763 793 816 941 955
5 226 264 331 666 802
16 14 110 116 118 163 224 357 445 475 565 608 640 656 753 866 981
12 52 72 94 230 247 424 432 474 577 669 810 940
13 159 440 504 636 687 742 749 851 872 885 914 934 988
6 254 474 655 702 758 885
10 60 94 279 283 479 503 605 614 631 814
13 86 107 110 139 165 180 276 325 366 492 498 585 601
11 17 24 79 149 155 258 345 371 612 641 977
9 120 150 160 179 212 310 606 654 823
9 16 63 237 277 343 669 717 759 760
7 16 203 232 469 657 673 828
7 63 313 320 323 447 922 928
9 36 308 443 533 623 719 733 762 790
9 5 367 586 675 717 794 893 906 961
10 142 152 177 256 309 578 635 732 857 985
16 14 37 38 52 218 416 530 561 591 674 676 682 722 789 819 881
9 117 184 269 275 330 361 463 621 696
11 185 193 238 249 262 312 594 669 675 757 789
10 20 39 147 206 242 442 542 656 693 835
12 18 21 155 290 344 408 627 733 779 821 887 960
8 278 340 444 557 645 663 708 904
12 33 235 420 433 440 455 457 489 530 533 545 884
6 108 454 502 528 809 935
15 25 42 51 99 129 184 202 251 315 326 390 421 505 845 964
6 27 228 310 702 716 921
6 138 305 389 526 768 769
10 15 148 354 441 458 493 738 797 824 829
12 96 135 169 223 268 417 543 690 769 910 967 982
10 125 144 221 240 303 305 416 569 824 896
9 107 253 265 271 280 310 726 907 956
8 143 210 380 400 439 721 727 910
7 107 323 435 556 588 623 640
10 68 120 191 217 226 256 389 513 554 879
17 4 75 200 287 395 546 550 631 648 715 768 769 779 876 921 926 998
12 10 17 171 223 274 316 442 525 923 941 981 998
9 148 179 203 225 391 423 629 692 944
13 28 66 95 366 425 474 547 563 658 673 781 886 942
11 33 41 93 158 284 322 441 596 868 914 995
7 13 292 361 556 776 916 964
9 44 262 315 366 459 601 662 837 935
8 186 479 634 673 749 902 941 944
9 262 288 301 632 657 682 778 802 935
10 54 56 104 177 201 522 850 936 965 966
12 25 100 173 180 299 311 571 598 669 699 936 957
17 6 14 96 104 145 247 541 552 556 558 601 740 750 752 786 793 865
7 50 95 130 363 459 629 758
15 41 44 70 135 146 153 172 219 273 345 510 563 583 657 963
12 81 145 149 229 267 291 307 335 511 730 946 990
3 17 440 811
14 6 123 138 162 192 216 433 475 619 660 728 731 886 903
10 272 278 305 458 620 634 647 757 822 892
7 18 253 275 370 456 568 794
12 50 187 476 667 810 849 866 871 885 910 945 952
9 2 68 553 554 689 779 780 886 972
6 66 247 249 724 799 926
11 151 232 342 435 815 859 864 883 904 914 975
8 89 113 138 197 521 605 744 770
7 241 259 318 499 607 664 746
7 52 73 263 345 500 822 910
8 208 296 341 382 780 921 930 962
15 10 18 79 158 195 381 419 439 443 485 649 859 928 947 978
9 220 275 365 391 751 762 917 946 962
9 23 122 126 176 236 354 590 755 840
8 63 423 430 435 698 855 902 936
12 23 77 105 175 277 280 575 627 647 733 821 827
12 6 30 131 137 207 288 574 634 738 810 951 999
13 42 72 81 105 115 342 550 602 753 757 885 960 985
10 14 187 261 282 344 611 855 878 907 933
10 220 281 423 509 561 679 873 874 934 964
6 89 384 495 755 881 893
4 48 529 726 776
5 23 95 361 787 996
7 105 187 214 487 554 744 900
7 34 194 259 271 478 806 980
4 9 21 105 888
9 71 77 268 475 580 655 810 876 952
5 343 523 571 582 912
8 268 468 474 540 661 717 910 913
5 265 568 704 883 984
9 118 275 283 286 418 553 631 658 712
8 5 54 465 474 635 699 884 903
10 56 177 296 431 560 576 701 743 806 816
6 278 351 680 708 739 904
5 34 644 808 893 946
10 140 228 377 405 692 750 830 839 846 995
7 30 245 247 440 581 699 716
8 43 194 209 373 606 648 817 921
15 35 111 150 289 386 530 561 610 622 692 770 794 851 887 921
15 39 79 103 131 201 210 273 288 298 442 497 547 562 603 615
9 13 96 139 197 235 349 471 688 710
9 50 199 480 584 731 744 746 948 990
10 76 291 384 392 394 637 820 905 960 982
13 26 66 156 444 474 565 575 588 647 703 759 786 965
17 75 138 148 202 273 293 372 428 486 631 762 774 855 873 919 949 958
9 103 184 323 390 489 541 548 792 853
13 34 151 197 247 327 346 437 547 597 675 700 806 850
17 28 42 74 82 132 216 299 353 379 381 435 622 674 770 843 940 943
11 2 326 415 486 519 559 647 719 762 786 920
5 26 436 445 736 762
8 150 189 343 369 497 694 839 886
9 81 115 377 506 532 616 618 824 841
6 251 485 506 525 645 692
8 135 293 353 408 579 603 667 912
12 290 326 390 484 491 497 650 653 677 820 870 989
9 193 217 473 677 716 752 864 870 911
15 30 125 145 149 237 241 269 276 330 497 655 739 802 818 936
9 88 182 301 435 550 586 746 763 829
10 98 163 263 321 406 534 683 699 894 968
17 14 75 104 254 316 468 521 540 615 640 767 793 809 818 916 978 980
10 43 68 74 172 298 342 541 569 615 772
9 165 278 347 489 499 570 577 703 962
6 78 119 412 624 651 796
11 39 357 454 545 694 779 823 825 832 858 893
3 14 583 959
13 32 81 259 432 606 621 801 843 897 908 914 929 934
11 14 43 151 504 531 632 721 848 952 976 984
10 0 2 57 193 263 419 481 562 704 892
14 40 60 79 116 171 176 405 434 563 652 758 780 851 965
10 51 201 260 291 348 357 496 529 675 977
8 170 400 403 436 592 732 776 838
15 26 148 195 266 321 331 351 386 398 403 423 446 662 705 983
13 63 81 265 290 311 317 322 376 518 724 815 831 858
6 305 517 545 628 673 944
6 100 325 534 602 662 952
9 3 127 244 455 563 602 618 634 986
13 82 118 265 312 383 402 422 467 707 842 862 934 941
6 176 219 258 555 842 878
9 27 103 396 445 528 627 679 778 959
20 80 136 175 243 538 646 647 692 708 721 728 744 765 798 818 835 879 910 936 948
3 190 529 912
8 123 199 343 437 499 566 650 901
8 84 91 211 422 543 754 895 985
6 12 148 217 286 459 916
14 36 45 221 271 371 376 466 559 704 773 854 934 952 992
8 76 180 313 420 659 706 863 939
16 51 101 329 345 400 412 484 545 610 629 735 755 824 922 925 963
7 209 366 658 756 832 863 991
12 7 52 67 195 200 274 451 515 612 763 830 883
7 240 370 468 623 838 862 865
14 47 67 77 288 320 378 393 450 572 641 846 953 962 989
6 244 663 746 878 889 923
7 39 53 69 77 470 700 894
6 133 281 292 374 892 918
9 207 269 377 428 430 490 653 659 689
15 92 229 282 436 442 548 611 661 703 731 793 802 810 962 997
13 36 133 180 207 257 496 677 681 692 711 756 805 960
10 176 270 274 286 327 717 794 880 894 970
7 249 330 341 344 717 970 983
13 55 148 160 382 459 492 497 716 727 778 826 945 992
12 78 231 305 312 361 367 519 576 577 638 668 738
15 19 51 152 277 331 425 541 555 695 799 812 845 912 917 987
6 55 130 221 760 941 993
7 60 161 345 458 509 665 700
11 12 28 157 163 206 277 386 403 461 539 567
17 26 39 92 249 270 272 438 510 649 711 738 801 840 842 886 897 909
10 197 232 370 437 454 631 659 718 774 837
7 53 94 329 634 871 943 948
5 37 236 540 588 920
13 76 216 255 268 405 520 597 642 665 694 834 892 941
10 125 257 314 327 406 460 590 656 680 920
15 36 64 189 270 320 338 388 392 425 642 704 725 760 765 859
11 11 42 106 141 308 386 398 458 802 900 989
14 116 213 222 344 381 419 541 561 562 659 679 695 781 914
6 235 344 553 739 808 882
11 13 158 224 256 275 383 690 811 834 848 973
7 82 553 577 624 682 727 778
15 15 71 239 248 296 355 357 420 422 502 623 666 710 880 892
6 503 670 793 827 838 900
12 108 145 148 153 240 374 469 567 655 665 907 918
12 60 111 320 416 540 549 632 717 824 833 902 962
8 50 449 465 484 591 619 667 948
9 127 156 199 355 383 564 618 897 918
3 287 443 668
8 234 268 291 329 437 847 914 934
8 82 271 300 472 517 580 820 996
11 40 83 98 191 218 252 575 757 816 837 987
9 326 368 416 488 498 588 644 831 980
7 28 252 286 641 817 818 981
11 15 87 132 269 428 458 486 532 546 608 911
10 159 202 211 406 494 568 622 689 717 983
12 13 68 90 166 238 337 343 435 436 448 732 936
16 7 15 23 120 222 358 422 493 503 518 577 609 653 689 864 909
13 48 68 182 215 325 414 442 467 533 687 709 793 841
10 5 56 456 726 766 768 835 862 938 960
10 47 148 213 544 640 680 770 907 953 992
11 51 161 164 247 279 602 718 780 784 846 887
10 1 139 159 180 289 336 378 384 745 988
13 8 109 289 422 454 484 561 637 641 643 661 938 977
13 84 88 268 271 323 430 460 592 630 640 670 695 913
6 28 291 611 613 812 815
13 73 246 323 344 351 640 667 763 943 954 958 961 994
11 75 79 85 309 364 425 536 629 689 833 982
19 7 10 27 72 83 155 169 260 262 345 473 554 661 687 717 921 923 942 995
7 165 171 581 666 715 799 970
17 30 48 128 171 221 318 340 422 503 517 545 550 581 760 778 805 841
9 17 63 296 330 377 486 539 884 889
10 204 219 277 284 412 513 607 693 723 851
7 11 232 239 285 419 556 583
11 121 127 253 269 277 322 383 445 564 807 857
8 4 36 113 309 311 346 385 570
11 8 77 217 399 556 596 634 829 875 937 995
11 30 76 77 92 461 656 670 678 765 908 950
8 291 457 528 558 621 736 797 963
9 221 301 442 454 471 612 654 746 865
12 24 74 262 267 312 376 463 494 499 809 884 900
12 0 57 215 226 244 271 358 374 489 532 589 954
12 68 431 451 587 596 608 615 677 703 746 813 981
10 9 92 148 321 365 402 502 720 782 887
9 2 74 312 530 597 640 645 720 854
13 30 35 74 84 183 232 442 492 573 576 758 882 983
6 9 130 313 473 593 779
11 104 208 303 334 354 365 419 510 683 735 755
12 113 125 136 156 265 268 327 409 605 611 621 823
8 134 170 396 453 619 646 786 800
16 68 101 145 246 275 326 364 505 555 623 643 687 753 780 812 912
8 19 153 276 398 411 602 625 889
7 444 455 462 470 496 713 961
16 49 116 124 237 243 292 357 375 381 425 620 641 654 832 864 977
9 230 263 317 355 361 405 787 885 909
6 237 681 744 812 958 990
9 382 463 489 493 575 774 775 795 908
15 60 68 124 172 265 271 298 305 468 549 682 740 807 933 984
14 19 48 79 135 192 204 434 466 470 548 571 782 846 920
10 72 216 308 352 425 468 797 798 823 997
12 45 68 189 277 280 556 557 598 659 753 754 901
5 21 89 117 654 776
8 52 121 173 236 429 521 580 615
20 11 116 158 177 183 305 320 327 337 407 535 612 637 726 753 780 806 855 973 979
14 3 22 26 133 239 351 598 672 682 793 879 881 927 966
15 80 163 188 216 260 378 386 468 494 618 674 681 756 758 916
7 150 319 412 443 560 664 708
7 23 136 175 297 356 696 841
11 2 45 230 281 315 408 868 880 939 950 971
10 129 173 174 440 699 718 765 827 948 995
8 19 295 456 635 645 667 896 916
7 41 134 239 407 542 820 950
12 59 319 405 506 596 632 634 644 838 910 921 983
12 27 57 80 193 223 241 313 318 341 399 480 617
7 132 153 174 310 330 348 819
13 116 136 488 537 540 554 581 598 757 808 866 914 994
10 385 423 471 649 705 726 743 812 936 956
14 35 236 241 336 383 402 552 565 611 784 815 843 886 980
10 19 109 337 383 404 603 615 641 702 776
14 14 105 262 335 343 369 398 469 684 726 889 950 968 981
9 189 324 362 374 395 747 757 810 989
5 369 516 717 736 778
13 53 152 230 264 290 434 496 533 538 560 686 742 811
10 200 548 594 605 756 795 860 872 933 957
5 6 18 358 534 827
10 24 58 81 109 137 355 457 477 695 768
9 26 123 260 316 545 563 597 659 999
13 45 87 149 189 203 415 531 569 586 613 811 871 992
10 229 238 298 431 432 573 693 714 773 884
8 192 289 369 587 738 775 839 930
13 36 65 88 136 199 260 339 448 578 731 831 922 940
8 234 375 473 535 581 683 828 878
9 106 146 167 223 247 398 635 764 780
8 17 143 175 182 542 619 730 864
5 332 380 598 607 877
12 16 174 237 337 346 532 719 741 762 879 921 959
7 361 397 400 669 727 761 781
7 235 705 723 780 787 955 967
5 81 179 486 646 856
15 21 117 141 155 306 477 538 557 601 719 780 900 918 937 957
15 122 324 436 462 466 530 599 600 622 632 645 698 816 877 908
10 54 144 170 353 394 444 608 638 686 760
18 1 24 81 178 183 222 361 380 465 550 712 716 727 741 872 882 945 998
10 131 180 215 271 327 389 400 660 661 765
11 17 156 163 263 266 369 483 568 581 741 968
8 151 243 253 284 286 306 406 468
12 5 36 110 208 235 238 303 649 714 745 962 988
6 53 263 327 349 507 574
7 2 74 94 180 297 613 996
14 15 68 84 235 359 482 523 636 680 693 696 792 919 964
12 58 274 393 483 601 618 713 719 734 738 926 986
16 91 154 194 200 287 340 410 414 437 502 581 734 861 882 898 948
11 62 128 163 211 355 422 748 791 815 922 945
2 500 710
15 2 26 114 151 164 321 345 373 502 543 597 707 761 886 909
10 44 191 223 318 391 467 572 633 763 916
10 222 230 392 395 427 465 472 517 761 958
8 283 299 343 386 389 727 728 905
8 59 170 410 447 452 588 664 902
14 113 145 322 352 450 551 655 698 752 811 850 915 951 975
0
13 45 154 479 518 602 607 706 727 788 832 903 943 968
8 278 293 328 535 558 616 763 986
7 218 396 423 497 674 887 969
17 38 121 200 201 202 289 328 338 358 409 712 719 721 913 916 975 992
14 50 246 247 252 263 317 375 379 445 456 699 799 905 937
8 232 247 255 268 433 534 693 973
12 40 67 194 221 377 509 525 543 581 672 869 891
8 199 277 335 639 723 842 847 890
13 51 196 247 305 397 510 543 559 593 656 659 842 910
9 37 48 123 156 235 407 697 901 997
13 28 29 43 150 227 289 295 332 435 729 778 855 963
7 88 109 118 207 443 456 493
7 265 350 367 426 497 537 854
6 8 339 514 752 921 993
16 94 129 140 153 165 188 199 497 557 736 751 766 798 877 884 947
13 50 193 231 426 454 519 667 677 680 804 813 830 858
7 33 249 584 677 809 917 947
11 26 394 405 515 522 588 664 821 829 869 916
8 29 434 589 598 682 700 837 916
15 85 226 311 337 342 432 449 470 503 519 628 692 697 802 977
13 64 166 438 457 498 570 662 682 759 778 853 920 971
15 149 249 284 299 348 352 442 452 462 545 758 782 873 891 933
12 61 124 285 327 409 411 462 604 613 647 718 874
7 93 288 713 731 733 773 858
11 11 38 239 323 465 514 546 550 551 712 930
11 43 63 218 240 378 452 559 590 643 732 739
9 45 62 139 238 294 304 379 709 912
13 125 358 373 386 447 581 613 654 686 720 793 887 959
6 3 155 200 352 636 752
6 71 93 274 312 434 561
15 86 96 262 289 337 382 478 486 636 702 852 887 937 975 996
6 133 252 428 478 480 486
8 281 509 540 549 637 785 799 979
7 37 68 394 446 837 847 947
12 86 260 333 339 359 381 562 783 805 910 941 954
11 35 42 207 336 379 586 705 761 887 898 907
13 110 123 220 262 546 608 673 798 801 811 824 943 953
8 87 151 228 341 673 706 819 940
13 53 115 197 260 363 377 389 491 523 572 678 695 841
4 217 269 331 990
19 68 100 205 219 249 257 356 414 426 494 580 601 618 647 698 748 758 824 937
12 228 306 376 406 472 486 506 565 663 821 895 951
21 53 180 215 330 353 361 369 401 409 506 512 570 638 667 680 709 714 716 906 928 936
12 31 68 163 169 207 340 377 397 427 489 615 713
15 59 189 192 221 289 367 375 414 443 660 675 759 933 938 987
7 90 129 163 218 434 772 880
7 35 76 295 638 694 803 967
8 198 244 269 359 364 770 935 940
14 57 106 160 351 448 497 545 550 666 893 899 921 928 943
9 30 115 199 361 524 671 714 838 963
9 128 203 255 349 376 393 738 843 893
8 252 340 369 468 470 887 907 972
10 113 223 232 301 343 428 465 849 857 902
7 183 206 274 441 729 898 935
5 136 187 547 726 842
17 75 130 255 261 452 497 561 597 620 635 681 765 835 868 880 976 985
13 81 86 192 194 238 360 380 466 504 540 599 799 864
5 22 247 673 700 896
7 93 158 209 267 308 564 951
8 64 65 163 392 434 479 655 676
10 241 293 432 435 581 676 752 774 835 863
11 39 507 603 646 742 770 794 870 899 932 960
10 53 155 170 203 206 229 666 940 946 956
12 53 241 271 346 403 567 607 774 834 842 848 858
8 322 329 453 494 558 597 614 757
3 391 784 850
11 76 171 342 392 406 446 753 859 884 922 997
10 251 256 321 406 426 598 647 772 856 968
7 252 526 534 548 680 949 995
7 57 83 164 208 651 674 967
8 79 282 295 362 536 616 692 811
8 125 239 387 448 475 561 657 754
11 16 268 455 505 518 528 597 697 823 861 865
13 166 227 229 276 400 501 617 699 704 736 774 808 857
15 58 87 168 183 195 250 346 603 642 667 672 693 938 981 985
6 138 145 188 659 753 845
4 270 370 458 862
17 169 226 304 385 396 508 574 642 694 729 856 876 895 925 940 952 960
7 21 243 452 534 628 717 952
12 77 102 113 308 324 330 362 389 421 539 630 839
10 261 380 429 558 561 581 630 877 902 913
12 119 164 169 191 281 411 440 468 691 775 946 977
9 178 285 384 544 556 627 688 870 956
8 251 323 472 517 755 779 894 949
4 369 428 503 511
13 24 211 232 343 380 393 461 565 665 676 810 926 942
15 62 102 136 165 223 391 393 479 481 553 588 622 774 778 841
8 71 117 131 565 836 858 920 984
9 217 284 405 451 601 899 906 934 972
8 74 219 277 517 620 686 701 910
9 48 120 379 402 403 441 463 708 963
11 59 169 344 479 559 653 755 850 856 876 883
6 396 537 590 753 871 976
8 19 83 93 151 434 574 629 707
11 81 83 126 162 240 565 589 670 738 881 955
8 11 31 265 285 394 622 644 980
9 46 124 139 381 406 611 617 801 848
17 63 91 137 257 345 357 367 471 581 636 793 798 839 850 906 927 979
11 37 213 230 254 274 305 321 337 445 825 993
11 90 162 242 325 492 608 628 756 771 844 871
10 58 292 296 385 572 591 620 689 787 853
13 23 25 89 195 240 284 340 372 537 552 706 817 835
6 42 345 421 515 607 966
19 7 15 34 38 58 236 298 314 385 386 401 422 553 635 647 684 776 824 871
13 88 128 245 358 578 579 607 745 746 792 801 950 999
11 44 170 200 236 248 279 549 567 694 788 965
5 81 837 860 879 942
14 88 153 182 283 337 380 432 476 603 813 849 862 875 959
11 128 162 392 398 537 592 638 675 872 895 965
8 102 133 175 240 360 626 745 771
8 63 113 237 568 617 801 834 926
10 161 219 229 339 368 505 790 845 878 997
13 31 129 215 219 323 495 548 736 803 829 835 877 918
13 152 166 168 198 357 456 540 570 649 933 947 980 994
3 35 98 768
12 33 164 220 300 320 401 424 547 758 838 994 999
5 63 323 586 661 750
11 131 359 373 376 391 439 516 520 546 680 748
7 285 414 715 805 815 829 975
8 155 265 385 467 651 790 811 977
12 37 189 274 329 565 574 753 761 801 825 892 985
10 106 279 300 330 508 513 613 804 922 928
10 54 126 235 277 408 431 700 844 906 915
11 98 192 219 298 319 361 435 728 810 898 917
10 33 87 373 404 578 591 636 814 845 980
5 11 587 589 798 900
9 212 508 557 634 670 710 794 867 936
10 5 18 146 427 497 591 656 810 874 915
8 18 202 423 454 505 692 898 989
7 13 40 46 155 339 864 998
9 101 344 345 390 490 685 793 894 996
8 59 85 255 260 444 744 755 888
14 137 154 258 340 353 446 556 557 799 820 903 920 922 934
14 84 252 308 334 451 505 609 704 830 837 841 888 910 980
16 51 56 60 91 248 256 277 284 309 342 426 456 700 719 846 919
8 7 103 201 239 440 521 546 759
13 76 103 109 280 357 372 398 521 760 865 878 989 997
8 262 421 653 845 886 894 963 968
9 77 131 351 417 486 528 815 829 983
8 239 307 416 711 717 752 818 850
12 101 162 237 350 520 579 593 708 849 874 912 972
11 11 102 184 245 274 336 485 581 681 712 844
12 55 77 167 176 200 301 363 599 619 685 783 793
12 57 82 104 112 402 430 468 522 681 832 891 956
12 142 283 616 662 719 728 891 896 917 964 977 997
18 41 62 89 91 118 127 296 362 423 424 508 531 590 829 914 937 945 993
11 63 149 274 474 533 648 657 705 752 804 950
9 14 56 456 457 505 519 671 964 979
11 222 330 489 502 506 552 607 694 731 875 997
13 365 403 443 472 540 638 660 740 765 768 773 789 903
6 92 438 527 869 871 992
5 186 593 648 668 696
5 54 66 349 745 895
11 124 191 230 314 412 440 744 759 881 882 917
13 60 103 241 352 363 417 503 569 595 611 619 858 946
14 78 219 239 292 340 374 444 466 522 536 565 786 788 987
17 9 167 181 183 184 266 295 309 324 403 560 594 599 821 868 875 921
10 200 264 344 416 584 779 815 846 890 937
13 71 143 170 206 208 281 357 364 481 687 795 882 948
14 42 44 62 68 121 243 293 402 408 567 607 624 944 976
13 116 121 173 220 239 244 320 372 728 773 791 861 866
10 1 18 158 310 340 421 786 799 826 919
13 42 97 144 171 227 366 369 525 614 620 657 716 863
9 166 265 309 372 435 583 677 747 974
10 6 295 426 493 516 622 735 790 818 966
10 57 95 115 153 190 502 533 738 870 887
5 84 165 473 508 535
12 8 51 109 115 274 302 364 392 437 544 734 742
8 11 26 200 466 780 826 835 860
17 95 145 165 172 186 199 273 276 335 482 520 621 637 773 789 949 990
10 78 129 216 339 403 424 567 654 673 717
9 148 198 207 250 263 607 634 671 731
16 14 264 412 426 480 483 505 511 530 581 689 746 772 827 871 950
3 252 557 631
15 130 230 434 439 446 529 555 582 603 667 764 878 930 992 993
8 13 79 316 530 641 741 818 998
11 9 333 456 490 508 567 615 626 692 883 920
6 250 257 345 736 860 865
12 401 440 491 561 585 682 687 732 741 755 756 958
11 198 273 313 347 514 603 754 861 882 891 970
6 397 595 621 624 716 850
8 65 298 347 399 546 726 872 899
21 12 48 104 112 121 252 267 330 348 411 422 425 550 610 612 675 758 825 870 914 974
15 125 153 264 477 486 512 539 540 645 689 712 751 786 894 981
13 64 97 207 258 351 372 464 588 707 729 804 859 870
10 31 235 255 347 428 429 487 593 645 948
2 150 276
8 44 104 268 294 329 415 588 815
11 149 173 233 280 323 378 486 507 727 823 848
7 63 235 421 681 835 933 988
10 67 207 464 513 780 786 859 934 961 975
6 152 169 215 380 427 567
10 20 226 287 323 364 382 512 706 762 912
7 24 48 97 243 330 388 932
12 42 141 227 236 277 330 390 397 437 799 931 934
11 39 54 149 403 520 674 700 759 782 851 927
17 86 100 164 389 391 456 521 567 578 586 626 826 870 928 932 937 943
17 23 162 178 189 212 218 263 265 272 296 354 475 492 494 785 791 976
15 53 282 289 444 495 496 516 558 581 633 693 780 864 944 950
9 182 653 716 742 768 778 883 895 934
11 24 50 155 191 207 223 372 636 640 782 812
5 66 139 247 587 685
9 257 455 549 707 775 785 800 815 990
9 121 352 452 487 493 578 604 611 772
8 198 261 368 489 645 823 844 989
9 135 346 549 609 643 738 774 786 934
17 1 8 33 74 78 82 107 278 346 367 389 409 488 493 575 897 936
9 211 311 351 367 505 601 719 729 883
15 113 201 263 270 316 348 388 500 514 536 800 819 892 966 971
9 29 217 413 446 513 752 754 771 851
15 25 238 342 350 352 360 367 543 581 609 623 686 728 896 923
8 218 319 365 387 546 806 821 907
10 94 178 654 685 688 696 842 884 910 936
9 3 7 138 288 406 518 736 779 796
12 0 73 113 116 243 505 528 568 576 586 815 816
8 28 142 195 227 447 592 637 774
10 96 172 206 371 643 658 772 985 986 998
7 174 395 452 714 832 974 985
8 1 326 368 482 693 800 820 881
8 64 100 138 260 496 700 716 997
7 56 333 546 643 672 733 916
12 33 53 140 158 183 382 428 566 580 712 765 845
12 75 83 315 367 377 472 519 544 598 636 799 815
4 466 643 669 928
14 75 160 323 355 389 426 512 514 563 592 597 622 723 981
12 230 263 282 320 338 499 588 655 748 787 828 875
11 32 235 323 476 491 521 726 882 885 986 997
10 148 235 351 419 438 495 545 570 843 846
12 33 36 69 107 283 358 495 681 840 902 946 974
8 221 278 404 480 714 784 807 977
6 560 696 721 738 805 875
4 94 169 740 991
8 225 254 323 438 599 600 646 917
7 170 232 394 428 685 758 946
9 20 164 252 389 442 506 789 826 878
5 168 398 617 680 743
8 52 108 126 297 901 920 955 966
8 8 264 508 736 741 768 856 928
9 54 99 112 211 568 793 830 897 935
17 2 31 42 178 182 321 338 375 460 571 640 670 757 819 857 882 967
6 2 319 396 436 513 561
13 72 78 81 82 251 268 293 364 446 680 770 835 885
14 65 69 108 169 197 341 526 561 629 694 833 851 862 871
11 102 201 305 454 487 630 659 696 812 921 962
6 40 407 418 480 544 644
12 72 100 171 238 260 433 573 600 632 662 689 876
7 198 235 354 531 568 674 825
11 69 175 333 467 519 584 793 812 858 954 955
10 107 118 129 183 227 577 727 739 954 964
8 88 325 409 419 603 628 782 893
8 26 39 164 386 456 639 723 927
11 101 106 187 195 556 592 614 697 866 874 942
12 20 115 164 266 286 439 500 543 672 777 907 940
7 42 75 194 365 381 589 969
10 107 156 352 586 601 637 704 741 888 912
10 2 58 156 223 377 604 751 836 883 912
7 36 141 291 643 692 851 853
11 41 170 246 313 433 490 537 645 653 686 806
8 64 331 444 524 627 725 768 868
14 3 176 205 376 597 676 747 804 849 874 882 886 957 964
11 0 133 208 242 373 486 487 719 867 913 954
8 145 182 191 403 518 703 842 853
