100
2 38 66
2 92 96
3 57 64 92
3 42 56 71
7 5 6 20 41 60 79 87
7 4 35 62 64 66 79 88
1 4
2 52 72
1 18
1 28
3 26 29 80
1 23
1 59
1 75
1 71
2 33 69
2 38 44
5 54 20 39 66 68
7 8 65 39 42 72 86 93
4 29 33 67 68
8 4 52 17 33 43 68 81 93
3 30 31 82
2 72 73
2 11 72
3 74 93 94
3 85 97 99
3 10 42 84
3 30 32 94
4 9 60 81 32
3 10 19 31
5 21 83 84 27 96
3 21 29 89
2 27 28
3 15 19 20
1 62
4 5 74 89 40
4 71 83 86 38
1 79
3 0 16 36
3 62 17 18
4 67 69 87 35
4 46 4 50 72
5 3 58 18 69 26
4 56 59 20 99
3 16 72 76
1 78
1 41
1 78
1 49
3 48 69 83
2 41 55
1 64
2 7 20
3 60 67 85
2 17 87
1 50
2 3 43
1 2
4 42 72 78 90
4 12 43 85 97
3 4 53 28
2 65 78
3 5 34 39
3 84 87 94
3 2 5 51
3 61 18 75
3 0 5 17
3 53 19 40
3 17 19 20
4 49 15 40 42
2 79 95
3 3 14 36
7 7 58 18 22 23 41 44
2 22 95
2 24 35
4 13 65 86 87
1 44
1 78
6 45 47 58 61 77 82
4 4 5 70 37
1 10
2 20 28
2 21 78
3 49 30 36
3 63 26 30
3 53 59 25
3 18 75 36
5 4 54 63 75 40
1 5
3 31 35 92
1 58
1 93
3 1 2 89
4 18 20 24 91
3 63 24 27
2 70 73
2 1 30
2 59 25
1 99
3 25 98 43
