600
5 51 73 318 339 483
9 186 233 303 339 350 364 417 552 553
3 416 475 555
10 13 120 212 244 281 283 289 460 477 530
6 51 191 198 217 291 295
11 22 45 147 181 283 302 307 326 496 574 587
3 11 302 512
4 26 284 299 375
7 82 202 220 261 318 400 571
4 88 115 158 574
9 22 158 175 327 464 484 511 541 546
7 6 140 255 280 358 470 490
5 45 129 353 497 506
7 3 77 167 195 223 257 466
10 44 175 212 225 342 346 384 420 446 541
11 66 106 113 142 202 381 423 480 498 504 531
8 141 144 195 238 287 301 339 354
8 105 235 331 358 497 507 512 586
2 424 589
9 62 88 245 262 287 291 321 564 585
14 27 36 135 192 226 283 329 356 410 439 466 475 481 510
11 107 109 130 172 349 355 359 390 407 507 591
6 5 10 104 113 232 390
4 29 132 282 402
3 302 511 560
6 147 399 420 459 564 572
6 7 255 460 497 504 573
10 20 65 85 206 218 258 292 298 358 528
9 94 240 242 360 497 501 545 567 585
8 23 33 59 145 199 252 420 432
8 78 181 296 344 487 501 538 557
5 75 83 173 329 441
6 109 172 196 305 364 594
8 29 40 47 48 77 112 117 171
8 128 173 176 189 255 375 514 527
8 103 135 137 438 449 480 491 514
6 20 80 231 397 419 457
4 119 314 374 446
11 113 139 215 226 336 349 355 436 467 472 481
6 77 144 186 380 410 466
7 33 48 309 342 397 552 559
5 99 305 343 438 543
8 97 149 311 326 371 485 576 598
2 220 500
8 14 115 283 306 325 453 503 596
9 5 12 55 92 259 346 372 507 551
7 118 182 216 303 486 512 527
10 33 70 279 291 297 380 383 393 429 531
14 33 40 213 223 226 235 351 369 407 441 446 509 520 549
8 50 75 129 138 141 181 188 311
9 49 84 90 231 269 312 357 428 462
11 0 4 166 209 267 273 347 391 429 511 599
10 137 142 188 260 302 355 399 464 587 599
9 156 170 280 328 423 442 462 478 521
8 99 140 227 239 289 405 433 556
5 45 239 327 433 443
6 130 199 205 485 520 538
9 94 115 178 204 222 439 461 486 504
6 111 148 291 335 492 514
8 29 189 224 267 275 312 334 361
5 115 154 265 499 583
9 167 176 343 429 468 493 496 520 530
5 19 84 133 400 428
5 65 455 477 522 567
5 118 254 312 353 500
9 27 63 104 147 177 202 427 450 463
3 15 246 280
5 156 163 194 371 389
5 104 142 432 489 572
5 134 149 220 289 451
9 47 87 115 346 351 377 387 449 558
8 137 262 271 362 413 560 580 589
4 266 368 438 478
9 0 78 141 149 245 258 388 457 530
6 173 352 373 434 443 592
11 31 49 199 301 334 336 369 403 414 477 483
5 356 371 392 490 559
13 13 33 39 117 190 206 300 368 454 520 530 561 568
10 30 73 110 180 190 241 244 378 465 485
3 446 523 575
8 36 157 195 282 385 548 580 582
4 139 205 378 567
8 8 95 165 226 366 462 537 586
6 31 179 195 462 475 572
7 50 62 97 288 371 488 514
8 27 97 194 209 215 320 366 529
5 122 271 286 356 501
7 70 90 301 401 466 509 563
10 9 19 126 179 200 363 431 444 481 482
10 131 159 233 259 267 290 324 375 490 546
4 50 87 343 429
8 203 208 263 277 373 377 392 526
6 45 285 347 387 563 569
2 226 395
12 28 57 107 158 219 220 281 313 317 396 460 491
8 82 123 160 213 246 302 411 414
7 153 209 237 329 363 538 559
12 42 84 85 193 241 315 371 379 402 514 555 561
5 105 215 315 478 599
10 41 54 103 113 129 132 274 372 409 493
5 184 252 274 308 490
3 278 284 577
4 155 286 479 562
10 35 99 274 287 367 478 516 520 567 582
8 22 65 68 173 233 314 386 515
6 17 98 223 315 365 393
11 15 123 150 172 247 318 484 523 531 543 580
4 21 94 421 513
4 320 326 387 512
9 21 32 228 340 349 446 468 514 585
6 78 167 198 397 492 508
6 58 178 348 515 578 588
3 33 337 422
8 15 22 38 99 117 423 437 473
9 117 173 268 317 390 448 482 518 576
10 9 44 57 60 70 130 240 249 421 577
6 119 152 184 224 333 598
16 33 77 113 114 129 131 132 189 192 270 358 380 432 436 501 578
5 46 64 289 416 525
9 37 116 152 156 168 251 349 419 503
7 3 129 247 296 407 413 544
9 153 213 282 323 340 413 477 499 517
8 86 193 245 280 303 313 403 425
9 95 106 161 229 301 320 392 406 530
7 134 142 145 210 283 383 577
2 219 390
6 88 262 303 397 443 444
11 141 155 214 223 270 287 422 441 449 506 584
6 34 390 435 480 530 570
8 12 49 99 117 120 196 240 494
11 21 56 115 153 221 307 418 434 436 507 523
7 89 117 210 295 415 458 542
8 23 99 117 245 351 401 436 474
7 62 231 247 424 477 479 554
6 69 124 303 415 432 464
7 20 35 199 200 207 277 323
5 254 312 355 453 542
8 35 52 71 164 207 280 344 457
4 49 186 308 349
7 38 81 206 218 278 454 534
7 11 54 179 227 337 367 481
9 16 49 73 127 226 300 385 407 448
5 15 52 68 124 549
4 275 294 389 503
9 16 39 146 189 223 249 261 423 562
8 29 124 310 378 384 397 423 501
10 144 150 156 205 271 288 306 409 411 591
11 5 25 65 194 238 290 323 347 465 524 565
6 58 170 225 252 418 469
5 42 69 73 338 548
11 106 146 171 227 242 278 431 441 488 492 554
5 161 366 367 529 559
9 116 119 272 280 320 322 364 467 488
10 96 121 130 167 289 344 407 470 537 592
4 60 210 321 550
8 102 127 211 262 293 448 450 492
11 53 67 119 146 172 190 196 329 385 404 471
2 80 172
7 9 10 94 179 274 396 561
6 89 242 260 439 515 525
4 95 259 441 590
9 123 151 164 171 244 295 479 543 599
7 184 205 230 253 469 482 575
6 67 179 224 427 495 576
8 137 161 245 276 322 334 396 513
4 82 554 561 567
8 51 218 281 381 383 395 455 524
7 13 61 110 153 394 445 587
7 119 356 357 364 395 555 559
1 220
6 53 148 209 214 508 557
9 33 150 161 217 223 285 325 451 522
9 21 32 106 156 157 423 442 453 536
10 31 34 74 104 114 187 456 532 564 599
8 273 323 381 384 492 495 517 577
4 10 14 462 590
12 34 61 180 229 334 354 381 390 414 435 468 551
5 65 341 505 552 579
6 57 111 215 259 336 568
10 83 88 140 158 163 283 313 434 490 550
6 78 176 286 287 361 489
8 5 30 49 212 218 318 442 477
7 46 271 300 378 414 511 575
5 187 343 397 446 451
7 100 116 162 283 420 439 453
5 275 477 544 568 572
8 1 39 138 247 248 271 382 517
13 173 183 257 311 312 347 508 523 535 553 565 566 599
7 49 52 234 467 528 550 591
6 34 59 117 144 455 588
10 77 78 156 191 266 288 326 417 437 440
8 4 190 195 321 342 454 513 543
7 20 117 268 288 370 506 513
7 97 122 214 494 503 508 512
7 67 85 147 221 263 460 597
14 13 16 80 83 191 212 250 254 258 260 316 451 501 527
5 32 129 156 289 580
4 256 288 300 439
6 4 110 252 298 458 587
10 29 56 75 135 305 329 338 398 503 561
10 88 135 230 321 353 419 451 509 523 526
2 468 595
7 8 15 65 412 428 536 540
7 91 255 390 413 429 453 574
6 57 230 241 402 474 545
10 56 81 146 162 316 383 413 425 474 567
10 27 77 139 274 352 450 481 497 585 588
8 135 137 224 227 440 561 563 579
3 91 247 427
8 51 85 96 170 282 305 419 512
7 124 131 154 249 385 505 596
4 155 274 459 558
6 3 14 181 195 321 479
6 48 95 121 229 363 528
11 127 170 193 274 308 320 349 360 423 462 564
12 38 85 98 178 252 276 288 309 329 400 425 431
9 46 246 327 352 431 459 533 547 554
10 4 171 239 293 298 300 424 464 497 586
9 27 139 166 181 223 301 337 456 553
8 94 125 434 522 538 559 563 596
7 8 43 69 94 169 482 573
6 130 194 249 296 326 371
2 57 522
14 13 48 105 127 144 171 218 229 310 314 434 472 541 590
8 59 116 163 207 286 481 516 590
6 14 148 306 362 394 548
13 20 38 48 82 93 141 380 392 396 435 460 521 568
9 54 140 150 207 321 345 411 412 540
8 109 240 414 470 487 527 540 545
9 123 176 213 223 421 502 512 537 562
6 162 200 204 246 318 371
4 36 50 133 280
5 22 402 409 569 573
6 1 89 104 400 494 506
3 188 482 505
5 17 48 243 515 582
5 271 319 397 455 493
5 96 347 364 379 435
4 16 147 324 404
9 54 55 217 290 353 382 427 557 588
10 28 115 129 228 317 348 364 446 453 473
10 78 97 204 243 331 369 375 446 499 565
7 28 150 159 309 357 438 571
4 235 241 468 531
7 3 78 161 383 435 555 595
9 19 73 122 132 164 338 359 529 534
9 66 95 216 230 363 391 405 512 542
9 106 120 133 186 208 249 278 321 389
6 186 253 444 486 490 537
5 115 144 210 221 247
4 195 256 461 579
9 119 296 337 354 355 420 427 544 597
7 29 100 148 198 215 276 341
6 162 248 392 449 535 598
8 64 136 195 257 259 297 386 480
7 11 26 34 203 484 506 508
11 197 250 304 400 445 446 500 506 543 549 588
7 13 187 254 370 489 504 570
9 27 73 195 262 287 396 404 409 438
10 45 89 160 178 254 334 374 469 537 552
6 52 159 195 310 430 503
4 8 144 266 412
7 19 71 126 155 258 543 586
7 91 194 357 463 536 574 599
8 268 276 287 317 359 363 405 476
7 60 328 408 459 477 533 578
9 72 190 261 292 296 399 530 531 553
8 51 59 89 292 441 467 487 538
6 114 192 264 406 433 581
5 50 273 429 440 587
7 117 127 275 280 313 332 379
11 71 86 146 182 186 236 320 322 344 348 443
7 152 377 391 478 479 493 578
7 51 174 269 319 416 420 559
9 99 100 103 158 206 211 214 309 599
10 59 143 185 270 350 427 443 446 462 543
10 164 215 252 264 323 434 437 444 488 566
4 91 135 373 594
5 101 139 150 247 570
4 47 323 361 420
9 11 53 66 122 137 152 231 270 315
7 3 94 166 357 471 506 566
8 23 80 121 209 316 356 441 472
14 3 5 20 44 124 179 184 311 354 402 407 449 492 544
5 7 101 320 452 453
4 92 171 334 528
5 86 102 180 224 401
10 16 19 103 127 180 258 264 387 437 571
8 84 146 190 192 197 215 444 498
9 3 54 69 118 153 196 372 376 381
6 89 147 239 413 489 525
10 4 19 47 58 360 366 386 433 510 585
4 27 266 267 319
8 155 217 365 447 467 487 527 536
3 143 438 557
5 4 131 161 524 579
10 30 120 221 251 266 395 457 504 522 550
6 47 254 311 404 477 566
8 27 198 217 350 357 405 457 509
4 7 315 338 518
10 77 141 182 197 217 340 346 439 498 579
10 16 75 87 123 218 308 316 321 332 346
9 5 6 24 52 95 359 360 379 524
14 1 46 122 126 134 344 395 418 441 476 496 512 546 563
4 256 465 538 596
7 32 41 199 209 364 459 482
8 44 146 225 318 399 404 425 544
4 5 130 330 377
10 100 138 214 301 330 471 476 482 541 596
6 40 215 242 274 432 494
5 145 223 260 331 456
10 42 49 187 283 297 326 370 448 467 580
6 50 59 64 136 187 508
9 94 122 179 270 448 512 517 523 565
4 37 104 223 562
9 97 98 105 280 299 328 337 492 537
5 195 205 282 301 392
6 94 114 240 264 459 491
9 0 8 106 181 230 306 366 408 428
9 236 273 292 410 424 487 509 564 569
9 85 108 123 152 214 271 284 383 587
10 19 154 191 200 212 227 247 301 414 592
6 152 164 271 334 540 557
9 121 135 147 174 276 279 360 388 404
4 89 238 522 532
4 44 171 331 362
11 5 42 108 190 221 311 345 419 551 564 593
10 10 55 216 378 411 442 457 480 529 589
10 53 265 315 368 401 492 504 534 548 570
8 20 31 96 156 199 215 521 559
3 307 308 388
11 17 241 310 325 372 435 437 499 538 575 595
2 270 301
4 116 423 501 561
12 59 75 164 176 259 285 322 338 350 364 405 492
5 58 451 554 558 571
6 38 75 178 377 448 565
7 112 140 218 251 315 472 559
9 149 199 245 299 334 420 430 578 592
7 0 1 16 418 483 513 517
4 109 121 300 474
7 177 252 385 472 504 562 597
4 14 40 191 483
7 41 61 90 183 347 457 495
9 30 137 153 271 303 400 525 541 569
5 227 326 447 554 598
9 14 45 70 300 301 386 457 514 544
12 51 92 147 187 237 343 432 499 519 529 573 574
6 111 240 271 369 414 433
14 21 38 109 119 138 214 410 433 435 445 475 508 531 557
7 1 275 298 334 361 510 539
5 48 70 132 360 524
5 74 206 216 532 592
8 12 64 200 239 422 460 581 585
6 16 176 251 283 362 421
11 21 38 52 136 251 391 402 410 434 488 505
7 20 76 86 168 282 456 491
9 50 168 242 263 281 298 390 412 534
6 11 17 27 117 367 569
4 21 245 264 302
11 28 214 291 302 323 351 380 451 534 553 554
10 59 180 279 350 365 392 422 429 490 528
6 71 225 325 354 530 560
7 88 96 213 246 264 526 558
9 1 32 152 168 237 240 305 334 581
4 105 293 361 559
8 82 85 151 291 318 483 562 568
8 103 140 151 358 447 482 502 547
7 72 77 328 405 424 437 506
5 48 75 241 348 578
4 192 257 311 380
11 42 67 76 84 97 221 230 384 390 435 480
6 45 99 289 331 432 453
6 74 91 277 376 518 593
9 37 259 409 428 503 505 515 547 572
7 7 34 89 241 409 423 570
6 289 373 425 449 505 575
7 70 91 272 307 336 385 395
7 78 81 145 182 327 453 566
10 97 237 270 302 385 471 531 536 543 557
10 39 47 117 226 360 370 399 407 498 565
9 15 166 174 176 289 421 457 520 523
5 186 239 447 532 587
9 47 124 166 205 244 320 482 524 598
6 14 145 174 371 522 551
12 80 141 156 210 341 377 379 425 430 439 455 588
4 104 254 291 346
9 70 92 108 287 411 441 458 459 533
6 73 323 330 440 441 453
6 67 143 247 414 446 454
10 21 22 114 125 128 176 203 357 371 410
7 51 246 272 355 413 541 564
10 76 91 123 226 253 316 361 401 565 576
7 47 105 473 501 505 579 591
4 167 225 519 581
10 93 166 168 296 303 377 471 496 577 596
6 94 158 164 226 258 571
8 36 40 110 126 145 183 236 467
4 199 477 481 532
8 25 52 266 306 380 456 477 571
8 8 62 215 233 256 344 401 482
8 87 132 286 328 392 400 518 574
6 23 97 204 232 283 355
5 75 122 422 459 511
9 156 238 258 297 306 323 439 472 597
7 54 246 264 298 334 368 416
2 123 268
9 21 48 120 141 153 283 380 492 532
5 265 318 463 560 579
10 99 146 232 258 374 375 478 593 595 598
8 20 39 319 349 355 390 436 479
5 95 146 227 327 387
6 202 227 261 357 424 514
7 71 120 121 203 205 290 391
9 75 95 176 182 228 321 348 389 566
3 131 134 461
5 2 118 273 405 595
8 1 190 448 462 493 525 545 581
6 130 148 303 339 574 593
8 36 119 200 209 326 558 580 586
11 14 25 29 184 251 273 279 338 444 554 590
7 107 115 229 354 381 516 548
7 112 127 353 361 403 450 503
10 15 53 113 144 145 172 214 333 375 599
6 18 133 217 319 368 412
8 122 205 215 306 376 385 462 546
3 467 484 581
9 65 163 208 239 251 275 482 496 499
9 50 62 202 318 374 481 512 558 563
10 47 51 61 90 203 269 361 438 552 556
8 260 338 385 479 505 531 549 598
6 88 150 215 216 508 509
7 29 68 117 134 309 347 372
8 54 55 268 291 348 349 435 592
10 74 130 179 219 223 276 355 496 588 596
10 128 176 226 237 244 331 349 371 433 556
6 38 117 130 132 410 540
8 113 190 276 287 331 368 444 550
13 35 41 72 242 258 294 429 497 532 545 566 569 583
13 20 57 159 184 197 300 385 404 500 523 537 540 553
7 190 207 269 388 463 529 531
11 31 48 127 150 160 267 282 303 387 388 498
7 53 172 181 327 474 512 571
6 55 74 126 271 275 573
11 88 126 248 276 288 420 437 453 496 512 527
5 167 256 349 457 527
12 14 37 48 79 109 183 240 241 256 275 389 525
4 293 345 367 382
9 114 141 155 311 313 336 417 473 521
7 35 70 127 253 283 376 589
6 65 155 206 422 506 516
9 69 171 183 195 200 335 360 453 487
4 284 459 513 523
15 44 136 172 184 203 240 284 372 378 388 444 451 500 562 593
5 77 139 191 389 569
10 63 166 189 236 385 513 533 548 568 579
6 173 218 310 356 399 478
11 36 73 137 296 298 327 343 346 381 445 553
5 131 198 387 496 596
11 25 211 216 265 305 317 387 403 452 479 573
10 3 26 94 194 226 353 558 562 565 568
5 57 250 415 464 522
10 50 53 82 83 175 214 275 417 425 579
5 65 263 408 440 509
6 10 52 134 217 461 560
6 78 147 304 502 521 570
5 13 20 39 87 508
9 38 152 188 267 293 311 397 426 548
8 61 109 176 201 243 516 529 596
4 148 162 259 482
3 11 153 228
6 156 281 308 379 395 596
7 38 223 282 337 341 404 542
4 113 240 393 448
6 132 204 205 340 442 553
6 2 20 83 349 525 553
7 264 303 308 484 591 595 597
11 3 63 75 121 133 181 185 265 297 398 399
10 53 72 98 103 272 409 456 523 542 560
12 102 133 161 212 272 410 430 459 509 581 584 595
9 15 35 128 254 327 371 519 555 594
10 20 38 88 140 206 224 398 428 521 549
12 88 114 162 220 234 305 308 367 383 400 427 469
7 0 75 339 342 366 498 565
5 10 106 255 426 476
3 42 56 78
4 46 57 248 579
9 30 228 267 293 319 451 539 573 590
6 84 150 152 276 355 568
4 68 180 257 290
7 11 76 89 100 179 248 361
4 35 94 317 356
11 58 110 150 155 174 283 315 328 334 407 522
5 61 99 236 272 417
5 129 193 233 309 566
3 163 174 343
8 5 61 303 395 427 434 444 458
7 12 17 26 28 206 217 438
7 15 288 300 380 441 483 523
6 60 121 241 331 347 427
7 43 64 256 439 453 543 591
9 28 30 86 117 145 195 333 393 587
5 229 367 465 525 542
8 44 119 143 193 199 260 374 422
8 15 26 57 257 296 328 341 543
8 177 210 234 355 374 376 393 430
10 12 127 192 233 255 256 281 368 450 544
6 17 21 45 130 549 568
10 110 170 187 193 255 312 349 431 466 544
8 48 87 200 298 319 431 463 479
6 20 291 350 530 581 595
6 10 24 51 182 403 528
13 6 17 46 108 193 209 229 246 303 313 428 442 444
9 107 164 191 192 339 452 455 526 543
10 34 35 58 84 97 109 346 412 574 580
8 104 111 159 235 374 521 526 582
7 103 224 421 450 468 538 593
8 121 174 186 313 339 547 551 568
4 114 299 373 401
4 347 394 480 548
9 48 56 61 77 103 381 554 578 588
8 53 226 329 448 465 481 515 544
9 63 171 219 222 296 324 384 461 492
13 79 106 130 187 200 313 381 439 452 478 498 537 562
8 147 166 295 302 351 383 552 565
8 118 159 290 344 417 446 475 502
5 91 200 363 513 515
9 34 46 195 228 293 444 445 539 591
7 27 188 213 285 361 511 543
9 85 151 245 327 347 440 468 582 593
12 3 61 73 77 123 128 266 362 510 556 576 589
9 15 47 106 243 266 349 379 430 440
7 173 324 352 382 398 407 438
4 216 265 387 455
5 139 245 328 357 360
3 187 253 585
7 172 202 263 293 379 548 574
8 82 153 229 248 259 315 439 523
8 30 56 96 219 267 304 331 516
3 350 487 527
6 202 227 228 322 436 439
8 10 14 223 308 344 391 565 586
7 131 136 246 472 478 502 573
13 41 106 161 191 256 262 275 379 500 504 513 528 549
11 120 185 251 283 306 346 506 508 521 548 563
6 28 204 228 417 438 593
5 10 89 303 425 573
4 216 367 374 517
10 80 149 225 328 421 455 467 519 536 544
8 48 142 256 430 481 507 543 597
5 154 179 188 296 437
5 45 176 326 384 517
6 1 40 177 259 429 524
11 1 187 218 266 360 439 457 474 475 577 587
10 133 150 165 216 335 345 360 420 520 586
5 2 97 168 244 480
4 54 429 435 530
8 30 170 239 294 322 349 379 569
7 70 211 335 363 419 428 460
10 40 76 96 151 168 219 273 329 337 365
6 24 71 362 408 464 478
7 77 97 158 165 199 207 333
9 102 144 229 314 341 366 453 460 523
7 87 92 207 219 303 428 544
8 19 25 173 214 319 326 391 581
12 147 187 241 313 336 380 392 460 483 524 541 595
8 187 276 281 297 378 414 438 494
6 28 63 81 103 165 205
10 77 178 185 226 366 455 460 488 507 517
8 92 232 319 344 358 438 454 557
7 128 257 278 328 375 465 598
7 8 242 287 335 396 399 442
5 25 68 83 185 374
9 26 220 232 347 443 459 487 542 546
10 5 9 203 263 347 401 418 514 536 584
5 79 162 182 331 376
6 42 114 163 392 530 580
6 101 115 124 174 395 553
7 111 117 265 272 338 369 520
10 177 207 250 295 300 393 408 455 462 486
8 71 80 106 196 311 419 514 576
9 268 353 364 394 417 426 479 510 564
5 80 103 235 515 529
2 60 438
3 127 479 574
7 19 28 109 206 291 353 535
7 17 82 217 262 419 541 554
10 5 52 167 198 269 320 382 501 553 588
9 111 189 206 239 256 385 434 520 587
5 18 71 327 449 530
6 160 175 223 224 420 487
7 21 146 188 393 476 500 527
6 74 153 321 338 352 433
8 326 373 409 418 453 516 529 545
3 32 277 480
9 201 244 331 409 416 476 479 510 565
10 44 210 219 304 308 395 434 458 468 471
6 194 251 341 404 476 549
8 42 116 253 345 383 409 430 570
9 51 52 98 161 173 187 263 274 423
