100
2 24 40
3 27 47 63
2 22 88
3 25 52 99
3 42 90 94
1 59
3 39 46 82
1 69
5 13 15 23 62 71
2 86 88
2 49 53
3 28 70 77
4 49 71 75 97
3 8 59 26
3 66 79 91
6 49 8 45 73 92 98
2 56 63
4 49 32 72 86
4 52 22 71 74
3 65 71 96
2 65 42
1 42
5 2 51 53 58 18
3 8 80 81
3 0 80 81
2 3 79
2 13 45
6 1 68 69 42 48 82
3 57 60 11
1 53
3 71 31 38
3 56 30 93
3 61 17 98
1 47
2 82 86
1 81
1 49
1 85
3 59 30 77
3 6 48 90
4 0 68 84 96
1 46
6 4 20 21 27 81 86
3 52 86 87
2 63 85
4 15 26 78 97
3 6 59 41
3 1 33 96
3 69 27 39
6 10 12 15 17 36 56
3 51 64 88
3 50 22 71
3 3 18 43
3 10 22 29
2 81 89
3 78 86 95
4 49 16 31 87
1 28
1 22
5 5 13 38 46 71
3 28 79 81
1 32
4 8 73 77 95
4 1 16 44 88
2 50 90
2 19 20
3 14 81 85
1 96
3 27 40 84
4 7 27 48 98
1 11
9 51 8 59 12 18 19 30 72 99
4 17 71 78 85
2 62 15
1 18
1 12
1 80
3 62 11 38
3 55 72 45
4 60 14 25 86
3 23 24 76
7 54 60 66 23 24 35 42
4 6 27 34 98
1 98
2 68 40
6 66 72 37 44 98 99
7 55 9 17 34 79 42 43
4 56 43 92 94
4 50 2 9 63
1 54
3 4 64 39
1 14
2 15 87
1 31
2 4 87
2 55 62
4 19 67 40 47
2 12 45
6 15 69 32 82 83 85
3 3 71 85
