600
8 37 40 184 238 271 307 319 524
12 43 66 101 208 324 333 339 411 475 551 573 595
9 167 171 189 315 326 349 361 412 493
6 100 143 215 247 265 483
4 202 307 497 599
5 235 300 455 539 553
7 219 331 375 412 449 485 596
7 9 56 107 167 198 289 522
4 74 201 397 598
7 7 16 69 266 267 318 469
6 139 203 325 442 444 562
5 128 157 283 449 590
10 54 87 94 202 271 312 395 460 482 539
7 123 166 184 322 450 518 525
6 75 202 349 378 414 459
4 25 33 184 597
7 9 119 177 202 349 470 528
9 71 179 189 225 447 465 515 570 593
7 132 167 323 441 463 472 497
6 51 138 199 384 519 554
6 56 265 300 375 436 460
9 24 247 314 344 356 390 393 421 441
7 66 125 260 305 349 478 512
8 93 131 144 257 440 542 572 580
10 21 25 60 92 105 278 307 312 508 594
7 15 24 244 350 507 565 593
7 151 218 226 278 440 487 570
3 82 158 491
10 43 60 141 190 350 414 428 443 512 571
6 257 294 400 443 514 541
7 140 299 402 475 494 538 581
5 202 264 536 563 575
7 79 224 356 420 495 505 518
9 15 45 60 109 125 180 196 423 591
7 117 120 171 192 217 516 558
13 158 207 252 271 272 282 364 369 436 451 517 537 567
8 112 153 200 256 277 309 461 562
8 0 73 280 288 393 427 445 495
10 74 86 145 258 291 295 297 343 508 555
11 86 110 236 255 268 270 287 495 513 529 549
12 0 47 79 129 160 194 205 226 228 470 541 589
4 222 306 451 517
7 75 161 183 263 469 514 597
8 1 28 45 56 144 157 473 553
9 132 139 159 174 197 299 381 495 563
8 33 43 196 350 374 408 438 570
5 94 122 229 275 295
9 40 82 246 275 357 503 510 513 552
8 78 97 136 260 301 305 378 431
5 95 108 470 489 596
7 134 222 331 456 462 510 544
5 19 216 262 304 310
6 64 93 219 364 452 561
10 72 75 107 133 143 148 179 207 440 461
6 12 71 179 305 359 511
10 75 86 143 154 179 324 328 392 485 494
10 7 20 43 78 295 425 457 496 510 513
11 228 265 318 322 368 401 411 440 466 543 576
12 106 141 167 184 247 294 295 334 414 457 466 520
6 156 189 407 532 597 599
11 24 28 33 128 157 180 352 353 395 498 549
10 292 330 340 379 407 464 520 549 559 572
9 150 280 326 369 410 417 426 502 571
7 195 197 252 307 325 327 449
4 52 175 355 517
6 96 334 378 496 514 590
10 1 22 73 165 262 334 365 414 479 506
4 172 309 395 530
4 167 196 427 567
8 9 164 173 280 442 451 564 599
10 114 141 170 188 202 213 235 473 481 557
8 17 54 116 162 258 426 560 580
5 53 110 253 374 541
10 37 66 108 121 258 403 413 452 462 571
7 8 38 85 122 136 357 561
10 14 42 53 55 175 181 261 265 444 594
8 83 109 123 247 358 417 511 573
9 181 206 214 252 330 338 375 385 543
7 48 56 183 376 436 457 510
8 32 40 164 228 284 529 579 580
2 333 462
5 114 115 132 244 522
9 27 47 297 302 365 366 398 407 553
3 76 206 529
8 136 171 191 286 304 401 459 591
10 74 135 157 211 286 290 376 395 438 559
11 38 39 55 103 120 134 242 371 506 510 583
5 12 200 284 367 417
6 172 197 296 332 546 565
6 102 344 380 416 435 571
6 154 228 416 462 564 592
4 176 314 391 430
6 24 333 361 538 540 564
7 23 52 191 267 405 437 566
9 12 46 127 336 425 434 504 535 597
12 49 164 170 288 300 338 340 360 378 407 493 552
3 65 268 506
8 48 166 194 226 258 335 518 527
5 167 334 441 442 574
6 323 354 367 400 427 504
8 3 171 226 321 352 388 436 462
5 1 122 167 250 361
11 89 144 149 171 324 326 338 345 416 430 525
5 86 151 381 531 581
2 180 238
10 24 137 148 201 380 433 476 533 545 546
9 58 138 168 196 355 370 407 469 503
11 7 53 143 152 191 291 331 376 468 505 550
6 49 73 360 439 544 572
8 33 76 127 134 344 400 498 507
6 39 72 250 380 452 579
6 190 314 318 486 514 592
3 36 135 162
2 301 561
5 70 81 264 400 585
9 81 131 160 356 362 366 523 529 546
7 71 193 376 451 502 530 562
7 34 133 159 375 403 426 479
5 201 227 247 309 541
6 16 133 220 294 484 569
12 34 86 223 307 310 334 391 404 430 462 585 587
6 73 270 421 471 583 587
12 46 74 101 124 194 197 264 357 416 462 510 596
9 13 76 133 245 339 354 420 513 587
7 122 148 333 339 458 542 584
11 22 33 264 365 374 379 435 449 452 477 555
7 179 296 383 390 406 528 570
4 94 109 204 530
5 11 60 332 413 547
10 40 147 176 208 238 280 306 318 335 433
5 259 294 330 571 591
7 23 115 163 409 494 589 596
10 18 44 81 156 236 355 379 444 453 518
10 53 117 119 123 313 396 419 517 549 599
10 50 86 109 237 244 465 472 482 501 522
6 85 112 306 403 493 514
8 48 74 84 156 295 304 419 526
11 105 267 301 315 320 325 328 420 431 472 477
5 19 106 340 368 472
8 10 44 195 369 390 416 433 473
6 30 193 207 351 513 595
8 28 58 70 222 228 406 448 555
10 176 237 260 379 391 402 436 437 439 554
11 3 53 55 107 148 216 291 304 404 505 557
14 23 43 102 204 245 254 357 397 412 450 483 535 574 590
4 38 500 531 564
4 401 423 465 467
4 129 209 426 539
7 53 105 124 143 209 271 481
3 102 465 529
5 62 292 484 543 573
5 26 103 193 514 556
4 107 252 346 397
4 36 230 319 449
5 55 90 156 162 300
9 208 231 254 360 388 406 491 493 520
8 59 132 136 154 191 296 391 598
7 11 43 60 85 440 442 547
7 27 35 161 201 228 260 587
8 44 117 200 288 504 531 562 581
7 40 115 180 312 338 418 436
7 42 158 262 277 344 546 583
10 71 112 154 315 396 414 456 572 577 597
6 131 333 337 370 540 562
10 69 79 95 244 334 403 409 490 493 502
3 66 184 497
8 13 97 227 258 292 436 460 527
13 2 7 18 58 68 98 101 264 301 447 481 495 522
7 106 206 287 322 395 469 518
8 234 351 424 430 512 548 552 560
8 70 95 316 386 411 531 566 581
12 2 34 84 100 102 184 205 232 310 331 370 553
9 67 88 231 347 351 454 487 518 558
7 69 205 308 316 346 389 556
5 44 211 244 359 427
8 64 75 205 311 328 464 483 555
10 91 129 142 235 308 399 403 408 429 472
4 16 338 463 574
4 201 367 442 584
11 17 53 54 55 126 296 335 430 432 462 593
8 33 60 104 160 206 246 483 507
7 75 77 262 266 381 425 544
6 186 293 327 347 479 519
8 42 78 225 242 287 363 511 599
9 0 13 15 58 165 171 275 389 412
4 258 262 294 532
6 182 233 234 293 367 563
4 324 471 568 577
8 70 201 203 232 237 291 346 451
10 2 17 59 220 239 323 373 415 449 473
9 28 111 196 339 410 434 475 485 539
12 84 93 107 156 243 268 306 420 422 424 541 555
3 34 287 383
7 116 140 151 219 273 333 543
8 40 97 122 218 342 397 445 551
8 63 139 198 204 342 399 477 575
12 33 45 68 106 190 313 359 362 373 460 533 573
7 44 63 88 122 226 244 384
7 7 195 228 448 457 547 599
5 19 214 338 380 414
11 36 87 159 254 259 353 392 452 524 537 561
13 8 105 118 158 178 188 228 229 252 313 315 358 422
10 4 12 14 16 31 70 335 403 458 480
6 10 188 333 379 457 561
9 127 144 195 311 344 515 522 549 591
8 40 171 173 175 226 422 433 526
8 77 83 168 180 218 239 355 388
7 35 53 140 241 345 392 518
7 1 129 155 246 354 368 563
7 147 148 241 275 386 432 471
6 239 251 326 334 369 476
5 85 174 269 365 483
5 348 382 390 415 592
7 70 234 294 333 334 437 506
7 77 199 261 406 430 484 501
6 3 233 317 424 448 479
8 51 143 272 273 299 374 426 568
7 34 235 352 377 451 470 557
9 26 194 206 244 324 402 405 477 561
5 6 52 193 515 527
11 119 189 246 255 275 282 283 293 407 429 459
8 228 286 301 311 322 346 409 457
7 41 50 141 268 321 335 411
5 120 406 441 466 552
7 32 274 369 383 421 439 542
9 17 183 280 289 296 366 458 532 570
10 26 40 97 100 197 205 336 370 394 590
5 118 166 276 400 459
12 40 57 79 90 141 158 198 201 221 427 441 528
13 46 201 239 276 281 282 317 339 414 486 498 518 570
6 153 274 347 389 404 433
3 155 172 278
5 171 188 305 353 355
6 186 215 254 258 350 564
6 169 186 213 445 538 584
11 5 70 176 217 329 365 419 424 538 550 557
5 39 132 395 462 469
8 134 142 188 419 454 513 531 556
9 0 104 129 296 317 376 500 557 567
7 189 206 210 229 258 272 549
7 324 353 355 365 544 566 577
5 207 209 377 437 492
6 86 183 310 430 441 445
7 191 263 355 424 469 483 504
10 25 81 134 164 174 197 218 517 567 598
10 123 144 283 305 326 396 425 455 459 536
7 47 180 208 220 267 463 503
7 3 21 58 76 118 348 470
7 349 357 365 377 447 485 577
3 317 376 407
6 101 110 378 527 550 561
3 210 376 526
6 35 63 77 152 201 282
5 72 411 420 545 598
11 144 155 200 233 261 297 299 335 338 433 507
5 39 220 344 455 553
5 36 402 467 578 590
3 23 29 571
14 38 71 73 97 166 185 233 239 285 333 388 394 397 446
7 130 200 325 350 442 515 538
12 22 48 142 158 301 303 327 468 494 535 555 588
8 75 214 254 334 358 472 537 583
8 51 66 161 181 185 393 426 447
6 42 243 281 492 536 594
8 31 114 122 125 167 499 546 548
5 3 20 57 75 595
4 9 181 296 348
8 9 93 137 246 290 429 447 527
8 39 96 191 222 302 377 485 572
8 211 279 364 401 417 432 438 523
7 39 121 282 290 404 562 593
10 0 12 35 148 301 391 392 459 491 548
8 35 216 239 334 356 435 525 558
7 193 216 281 370 457 508 544
6 224 230 320 496 548 552
10 46 47 184 209 220 349 499 526 532 578
3 227 229 356
8 36 161 305 374 409 480 580 587
5 24 26 231 378 521
8 269 283 367 386 421 538 561 598
6 37 62 69 129 225 440
6 229 263 273 342 445 547
12 35 220 229 252 270 303 326 439 501 518 536 573
8 11 220 245 279 379 499 514 554
9 79 87 330 372 413 466 474 538 568
3 258 290 327
6 84 85 221 491 502 534
10 39 168 183 192 320 321 325 359 377 406
11 37 95 159 307 328 369 381 401 415 510 566
4 7 225 307 398
9 85 267 270 285 365 429 473 515 581
6 38 107 143 188 412 473
9 61 150 166 362 419 433 451 482 574
10 182 186 220 330 463 506 513 561 569 581
10 29 58 119 130 185 213 297 310 390 560
8 38 46 56 58 136 316 409 503
12 88 126 156 179 225 238 266 375 477 531 541 582
4 38 82 254 294
7 337 399 438 476 482 545 573
7 30 44 216 254 338 409 427
6 5 20 95 154 315 382
9 48 113 137 167 221 260 271 312 338
5 82 268 345 373 412
3 260 282 572
8 51 84 136 143 346 439 483 495
6 22 48 54 232 245 277
6 41 129 135 191 400 539
10 0 4 24 63 120 288 289 404 437 454
6 173 176 476 511 512 556
9 36 67 118 321 330 340 353 534 558
9 51 120 171 242 294 337 426 479 576
6 175 204 221 360 383 457
10 12 24 160 301 473 476 514 560 577 579
9 133 196 201 318 319 335 457 561 563
5 21 91 111 381 493
5 2 137 162 201 300
5 170 173 295 330 518
7 215 229 238 249 366 390 396
11 9 57 111 129 313 330 397 520 539 554 569
8 0 153 313 341 395 415 507 533
8 137 274 287 350 391 497 524 591
8 100 222 287 309 352 552 568 590
7 13 57 168 221 373 436 549
6 18 99 189 380 407 590
7 1 55 102 187 218 240 387
7 10 63 137 259 287 358 374
8 2 62 102 210 245 282 345 535
11 63 182 260 285 331 433 442 446 452 524 542
8 55 137 175 288 375 514 570 574
5 235 350 493 517 561
12 61 77 130 284 293 309 316 318 335 415 420 460
7 6 50 107 171 327 347 363
5 88 128 409 420 546
10 1 80 92 124 163 193 203 213 258 469
15 58 65 66 98 120 164 210 213 261 272 373 398 516 524 555
12 97 129 179 202 222 254 313 330 389 401 586 595
9 94 226 365 394 402 487 490 496 586
7 163 298 310 390 406 459 468
13 77 95 102 160 177 199 254 299 301 388 484 530 563
9 1 123 124 190 229 419 440 451 582
6 61 95 138 309 506 516
5 319 459 482 562 570
9 194 195 281 396 427 480 506 548 593
4 38 445 461 504
9 21 89 109 161 204 255 392 499 582
6 102 207 302 326 384 552
7 152 173 188 221 304 463 506
10 172 182 230 331 359 397 426 433 578 596
7 212 247 266 491 513 522 555
9 2 14 16 22 248 275 506 541 583
8 25 28 45 233 259 320 329 497
8 140 169 172 375 377 470 489 541
10 60 100 217 321 354 405 465 500 519 571
14 60 200 232 240 309 372 426 455 465 511 528 534 552 556
6 99 123 208 352 445 525
9 64 106 132 206 232 240 243 428 580
8 21 32 115 272 276 464 528 529
7 47 74 122 144 248 365 398
6 76 201 261 325 410 417
6 54 174 196 287 347 561
6 95 108 155 311 392 597
4 2 92 101 546
8 115 196 292 376 424 435 459 509
6 183 331 379 547 577 590
4 35 52 269 404
11 66 82 125 211 235 240 248 290 336 357 408
5 82 115 225 317 394
8 87 99 178 186 279 504 562 585
4 57 138 208 434
10 35 62 139 210 224 288 385 419 592 596
7 106 163 171 226 273 493 538
3 86 466 565
3 284 353 555
8 189 196 302 322 334 402 542 589
10 45 72 125 216 277 325 413 443 494 506
9 6 20 77 117 296 328 351 450 456
12 78 85 107 116 238 249 251 362 460 474 520 573
7 217 241 248 268 287 351 452
7 14 48 65 95 250 278 402
10 61 125 132 142 203 283 363 390 420 568
8 89 105 110 199 323 475 477 589
8 44 103 181 288 314 424 498 570
7 212 300 419 439 459 463 541
7 126 192 224 311 404 426 563
4 19 197 345 457
6 77 369 425 441 485 527
8 170 209 279 411 431 448 512 528
4 324 388 525 574
10 100 155 206 258 338 387 423 438 459 517
8 173 184 230 335 409 457 535 580
10 21 126 139 212 294 317 337 379 417 527
10 91 120 142 156 271 320 435 519 572 599
9 55 200 207 271 344 360 419 523 532
8 21 37 262 413 428 432 435 469
8 226 258 336 366 488 552 557 597
11 12 60 67 85 168 236 319 404 445 531 571
8 133 162 245 317 342 526 541 559
11 8 144 152 194 258 318 347 406 430 553 563
7 82 289 334 357 467 513 531
5 176 195 298 534 596
8 29 99 109 114 227 306 434 474
8 57 84 146 269 288 335 498 543
9 30 142 218 256 336 373 378 417 497
8 73 117 135 164 176 202 415 589
9 120 143 230 270 307 364 383 395 573
5 93 218 352 478 484
8 126 141 155 214 223 287 337 397
8 59 61 82 95 106 220 249 323
4 45 176 365 462
9 131 164 221 277 295 299 332 389 464
5 62 190 358 434 473
8 1 57 170 222 253 386 471 547
7 2 6 144 184 291 302 516
6 73 128 284 374 393 501
8 14 28 58 66 162 199 229 517
7 189 212 288 319 330 403 538
6 89 90 102 122 139 437
7 62 76 87 269 358 390 402
2 160 502
12 133 136 235 237 292 339 369 382 392 453 570 575
11 32 123 137 191 253 330 332 379 451 564 597
6 21 121 224 279 480 483
6 191 201 205 485 504 539
4 33 146 388 429
8 169 191 215 235 243 362 381 563
7 56 94 181 245 385 486 503
13 62 71 117 147 216 262 310 347 353 383 507 520 580
7 37 68 99 174 228 299 342
6 28 355 393 446 466 564
7 176 220 267 290 423 442 548
11 91 102 120 169 179 214 242 397 467 515 573
7 48 137 386 533 534 575 581
7 179 209 269 393 472 514 534
9 105 129 139 205 230 254 292 327 347
7 94 190 368 400 410 450 572
6 89 125 272 362 391 393
10 20 35 78 100 142 160 166 322 501 571
10 93 142 213 241 307 416 469 538 548 568
6 45 85 269 298 388 530
7 108 142 224 282 304 382 479
9 23 26 53 57 157 280 339 460 504
13 18 21 98 223 228 242 385 457 477 562 564 587 591
11 10 69 98 157 178 259 327 429 517 537 596
6 28 29 374 459 507 544
6 10 75 132 459 463 470
11 37 194 234 242 281 343 354 395 471 481 484
6 258 327 428 462 547 562
6 17 167 248 262 267 545
6 141 198 215 386 546 576
8 6 11 63 125 153 189 500 581
4 13 144 375 434
11 35 41 69 116 188 217 292 339 420 473 497
9 52 73 110 125 200 327 377 486 550
2 132 419
5 172 237 307 458 502
4 5 245 255 353
4 50 162 375 573
13 56 58 78 198 203 221 273 311 313 384 389 441 539
4 124 202 225 454
15 14 84 220 227 245 271 337 341 362 382 388 443 444 566 576
8 12 20 166 196 330 376 440 589
4 36 53 343 577
15 50 73 80 90 100 120 122 179 236 408 446 498 521 559 599
9 18 177 246 293 346 382 444 466 577
5 61 175 356 409 561
8 17 134 146 149 352 353 498 589
7 57 58 223 284 371 428 463
5 146 256 398 430 473
4 107 260 337 577
10 9 42 106 168 236 243 333 393 437 545
9 16 40 49 217 247 351 444 515 574
5 121 187 209 411 445
8 18 134 137 138 176 261 432 510
11 43 70 139 189 290 291 312 410 451 467 527
4 284 376 400 502
5 1 30 190 380 505
5 105 210 298 308 312
9 125 137 195 218 296 380 441 573 575
4 22 405 514 519
8 66 117 182 215 310 439 517 560
5 202 277 342 421 503
5 70 148 167 445 561
6 12 134 292 298 341 569
10 3 144 175 180 211 243 304 421 543 598
7 119 150 214 338 405 445 582
11 6 55 190 248 268 385 422 508 529 532 552
5 111 229 425 452 510
4 26 172 336 555
2 394 573
2 49 351
4 164 336 497 541
6 27 155 271 286 348 554
2 241 263
8 2 95 135 155 164 314 329 370
6 30 55 131 260 374 565
7 32 37 39 44 167 304 568
10 56 65 274 336 506 514 583 585 590 592
8 4 18 165 320 350 402 451 490
7 60 109 229 381 401 462 465
5 264 275 283 344 532
5 145 238 352 449 512
8 134 214 282 413 436 523 561 568
9 62 116 164 286 418 454 474 586 593
7 47 106 246 295 425 480 585
10 94 99 159 243 343 367 422 440 520 525
4 32 107 143 475
12 66 86 96 213 293 340 342 346 349 374 496 542
9 25 109 180 254 319 426 443 517 594
5 24 38 273 485 536
1 362
10 47 50 56 78 86 122 288 472 486 533
5 54 76 183 308 353
8 22 28 169 308 386 500 537 551
10 39 47 56 123 140 237 293 348 398 561
12 29 42 65 111 135 151 283 312 328 432 478 496
7 17 204 219 259 290 430 470
4 34 334 340 412
12 35 41 64 133 244 329 388 414 442 479 507 586
12 13 32 97 132 168 172 207 229 282 316 543 598
7 19 182 352 391 478 569 597
7 58 61 155 318 376 426 504
4 278 462 550 587
7 7 81 134 167 204 348 587
5 115 269 392 501 547
5 0 200 320 327 334
7 13 102 272 354 387 504 545
9 136 205 251 275 396 537 540 584 599
9 97 166 219 250 267 385 390 473 552
6 16 126 228 353 356 386
8 39 79 83 115 149 356 485 562
6 67 116 127 338 438 537
8 103 145 159 170 237 296 395 398
8 59 185 225 275 392 485 499 562
6 105 196 319 431 510 551
7 286 309 353 399 431 432 572
5 94 144 260 326 389
6 31 245 263 282 508 585
8 35 200 261 442 512 526 530 581
12 30 92 234 235 259 279 284 370 415 437 565 586
8 5 12 147 190 306 318 422 457
5 92 163 526 541 554
12 29 40 72 118 191 296 349 351 382 396 490 540
7 23 124 224 327 373 506 551
9 57 77 150 193 401 483 518 566 577
8 50 108 181 240 273 443 572 584
6 105 253 298 447 469 525
8 88 105 115 161 264 332 361 448
8 128 157 198 281 363 411 446 523
7 169 264 271 274 342 429 437
8 39 60 61 133 204 239 322 594
5 107 235 250 452 521
5 1 194 512 533 542
13 47 95 169 223 274 321 345 353 394 485 527 572 575
9 5 43 82 171 255 397 558 582 589
6 19 142 283 318 491 540
11 38 125 141 175 191 260 334 348 372 487 596
5 151 173 237 308 353
7 70 143 217 235 238 394 580
5 34 172 272 309 553
4 61 85 396 462
6 71 169 294 312 479 564
17 52 74 113 200 203 218 250 279 293 313 329 359 464 481 501 513 567
12 10 36 116 159 163 270 341 367 441 446 529 532
10 31 44 186 208 313 338 383 397 424 582
9 69 90 92 145 233 420 428 441 560
5 25 88 371 494 538
6 93 170 240 288 459 543
5 35 68 238 244 561
8 187 216 284 321 379 437 495 501
5 119 293 318 482 519
10 17 26 45 126 225 229 328 341 381 419
10 28 62 73 89 130 257 352 395 436 584
11 23 61 108 162 268 303 391 434 534 544 552
13 1 76 150 196 282 298 376 404 430 456 477 488 593
8 98 144 177 292 328 387 470 593
6 31 195 419 431 477 552
4 57 310 448 459
10 162 187 240 248 312 363 461 463 468 543
3 256 275 347
3 79 110 312
8 23 71 79 277 355 389 426 557
9 30 103 159 170 290 293 431 449 537
7 296 339 344 484 553 563 589
6 86 121 161 261 349 496
6 124 178 234 526 544 571
6 114 120 367 496 503 536
5 335 336 502 517 538
8 120 121 123 158 277 441 521 522
1 260
9 40 131 373 380 403 460 465 553 582
9 11 65 144 226 256 321 323 363 496
7 33 84 130 204 320 441 597
5 90 111 212 369 496
8 17 25 179 270 342 502 573 574
5 24 75 263 507 549
4 1 140 265 335
9 6 49 122 131 347 369 399 442 555
10 15 42 59 94 162 360 394 420 519 591
7 8 156 244 253 279 483 518
9 4 59 69 133 183 198 391 462 526
