200
5 2 100 101 118 136
3 42 61 183
5 0 66 78 154 169
3 117 26 80
2 116 117
2 15 110
2 56 75
4 95 130 137 181
4 75 78 98 186
2 119 111
7 113 11 39 41 72 155 165
3 10 22 148
3 28 102 175
4 17 110 144 174
2 114 104
8 113 5 30 74 85 159 160 182
5 24 57 144 181 196
4 115 13 29 82
5 105 111 145 158 162
4 109 136 168 181
3 52 54 69
1 85
5 11 41 96 140 166
3 32 106 147
4 16 68 99 157
8 121 131 133 34 68 79 81 93
2 3 145
3 90 108 176
4 12 39 47 195
4 113 17 57 158
2 15 151
2 76 168
2 23 137
3 137 47 64
4 25 36 161 177
3 137 98 197
3 34 159 179
4 131 140 45 174
2 120 86
9 115 117 10 135 136 28 149 166 197
3 122 81 155
5 10 22 102 170 195
3 1 45 92
7 113 118 124 150 53 65 89
4 55 157 183 185
5 37 42 75 171 182
2 77 168
3 28 33 91
4 113 140 158 181
4 141 154 85 87
1 95
4 135 152 153 65
3 20 71 86
5 144 43 63 69 110
4 20 55 59 77
6 135 44 54 72 77 112
3 6 57 87
6 16 138 29 139 56 195
4 114 122 61 67
3 54 193 194
3 140 91 179
5 1 152 58 86 96
2 79 183
3 115 144 53
3 136 33 151
4 130 140 43 51
2 2 147
5 124 149 166 58 112
6 132 24 25 145 74 100
4 20 53 174 184
3 119 170 194
3 52 84 90
3 113 10 55
2 113 119
3 15 127 68
4 6 8 45 106
2 31 85
5 153 46 54 55 83
6 2 124 8 140 154 163
3 25 62 90
2 115 3
4 25 141 149 40
2 17 129
5 143 146 159 169 77
3 164 71 106
6 124 15 21 142 49 76
6 137 38 52 164 61 104
4 146 49 56 167
4 177 183 90 104
2 43 112
5 27 71 79 88 96
3 47 60 182
5 145 42 164 186 106
1 25
2 142 196
5 7 130 50 176 109
3 22 61 90
3 150 154 185
3 8 35 189
2 24 171
3 0 68 112
2 0 110
3 12 41 110
2 189 105
4 123 14 86 88
3 18 158 103
5 23 75 181 84 92
4 121 165 172 187
5 113 130 27 151 175
3 127 19 95
6 5 13 53 176 101 102
4 125 9 18 172
5 131 55 67 89 100
10 10 15 29 43 48 72 73 108 137 188
4 14 58 190 196
6 17 39 63 80 125 174
3 4 181 194
4 3 4 39 141
4 0 43 121 188
3 9 70 73
1 38
6 118 25 107 124 138 175
2 40 58
3 104 127 176
6 121 43 67 78 85 198
4 115 111 141 164
2 127 149
5 123 126 74 109 194
1 138
1 82
7 7 65 95 108 175 187 193
3 25 37 112
1 68
2 25 145
3 149 163 167
6 39 51 55 158 184 193
5 0 19 39 64 165
9 113 7 32 33 35 86 151 172 192
4 121 128 57 143
1 57
6 22 37 48 60 65 78
5 117 125 49 81 165
3 85 94 170
3 138 83 177
4 13 16 53 63
7 18 133 26 68 92 177 180
2 83 87
3 23 66 154
2 11 180
5 126 134 39 67 81
3 43 97 196
6 137 30 64 108 171 193
2 51 61
4 51 77 187 189
8 2 147 49 78 97 158 160 196
2 10 40
1 182
4 24 44 164 169
6 18 135 29 154 48 105
4 15 36 83 178
2 15 154
4 34 163 179 199
2 18 188
3 134 161 78
6 125 157 84 86 92 191
5 10 136 141 107 185
3 22 39 67
2 134 87
3 19 31 46
3 2 157 83
3 142 41 70
4 151 45 99 173
4 137 107 111 179
1 171
5 115 13 37 69 182
4 121 12 130 108
4 123 27 95 110
4 143 34 145 88
1 159
5 36 161 60 172 198
3 145 148 197
6 116 7 16 19 48 106
6 15 45 156 174 91 198
4 1 44 62 88
2 135 69
3 44 165 97
3 8 92 197
5 130 153 107 190 198
3 113 118 162
3 153 98 103
2 114 187
1 164
1 137
4 130 135 151 59
4 116 127 59 70
3 28 41 57
5 114 16 150 154 94
4 35 39 180 186
4 124 179 182 187
1 161
