1000
7 24 534 567 688 724 729 798
12 50 177 209 332 403 453 544 646 758 909 974 984
8 60 217 257 466 581 687 936 951
12 47 145 347 453 455 509 606 662 684 710 886 911
7 65 173 301 426 498 551 582
8 79 107 154 256 471 511 589 619
11 34 72 73 214 255 367 486 642 744 909 956
12 397 417 512 568 589 599 787 828 886 913 930 953
13 90 235 335 425 456 472 492 619 760 771 793 969 996
16 12 14 22 155 189 268 364 387 472 591 682 753 763 825 971 994
14 213 239 269 401 407 468 530 624 657 750 817 828 857 890
10 103 136 177 227 341 502 544 564 807 886
20 9 35 51 92 245 246 390 407 423 459 536 559 596 627 683 698 738 794 931 992
12 65 339 431 463 510 707 722 735 865 888 930 954
13 9 46 131 422 492 502 543 572 576 593 628 772 984
11 80 150 191 238 258 318 339 472 578 741 942
8 134 171 211 309 702 709 717 878
9 44 193 214 238 483 584 722 928 961
8 136 165 500 582 679 747 795 914
10 62 126 139 280 290 478 525 599 787 927
11 97 180 432 450 485 498 542 644 827 838 995
4 142 214 625 679
9 9 233 244 246 332 741 743 913 961
8 84 177 182 249 353 615 701 839
10 0 137 213 330 348 431 441 591 799 987
12 60 171 218 395 469 472 559 822 823 836 942 950
13 32 131 274 378 400 482 539 550 580 581 629 832 990
8 44 169 451 566 583 595 763 769
10 60 204 256 289 399 701 829 833 927 998
11 199 305 526 560 568 599 731 734 738 931 991
17 81 179 232 346 360 418 430 484 519 565 732 764 770 787 800 845 937
16 94 110 144 163 174 215 284 316 317 521 524 670 737 799 803 906
5 26 114 183 278 303
7 394 481 502 717 735 787 901
11 6 129 235 421 461 635 674 770 907 916 921
16 12 46 169 250 266 299 503 529 533 560 673 786 804 805 842 855
11 48 162 204 307 452 480 624 755 762 850 950
10 51 123 182 591 644 713 739 813 863 872
11 52 124 426 635 682 735 761 793 830 875 921
8 183 197 282 333 770 781 918 993
11 73 110 161 169 204 230 250 400 696 850 893
13 192 206 223 256 552 563 687 717 771 805 954 960 995
11 75 117 231 279 345 501 562 665 698 759 992
3 388 408 703
10 17 27 76 78 484 506 614 825 846 901
7 87 221 230 314 347 617 651
12 14 35 172 207 264 350 524 566 630 680 777 914
12 3 64 242 366 381 385 444 552 667 755 770 936
14 36 215 301 327 344 384 385 393 457 655 804 827 866 881
12 60 200 205 305 430 480 650 683 711 897 930 938
9 1 84 124 278 386 471 484 812 998
12 12 37 203 392 545 594 715 730 764 781 895 911
12 38 112 114 133 360 406 505 669 794 816 942 956
9 240 268 325 519 553 573 581 609 674
8 304 365 388 444 519 681 835 960
10 140 161 462 532 556 672 818 829 920 955
9 121 241 293 402 727 755 903 915 947
10 109 134 272 427 430 468 571 609 755 856
8 514 673 689 730 768 805 862 925
10 203 204 246 270 455 546 611 729 771 916
10 2 25 28 49 350 353 469 497 751 921
13 185 241 384 524 558 577 621 689 718 767 779 935 988
8 19 115 188 203 244 347 791 947
8 126 140 251 254 545 752 783 884
11 47 138 198 223 356 445 551 696 837 841 972
13 4 13 140 427 446 454 694 714 790 906 909 977 997
8 110 232 255 402 491 718 754 832
9 145 317 348 384 458 607 762 804 821
5 129 135 343 595 667
10 90 130 192 445 463 606 814 820 870 986
11 257 301 339 371 469 485 674 717 790 874 987
12 120 213 234 294 434 482 538 667 868 930 976 990
12 6 76 82 119 205 309 453 611 617 729 834 836
9 6 40 198 552 727 856 901 906 989
6 151 197 398 419 457 920
11 42 78 124 180 280 382 451 508 685 934 966
11 44 72 181 192 410 423 471 709 723 854 953
7 253 441 498 528 697 717 739
9 44 75 138 147 256 728 762 801 897
4 5 172 848 937
8 15 208 434 591 620 709 715 803
10 30 82 121 286 372 552 625 648 865 921
7 72 81 337 506 534 698 846
8 153 296 339 556 719 867 902 958
10 23 50 85 162 612 634 652 782 798 877
11 84 105 221 288 377 389 401 432 506 682 691
8 157 170 192 228 477 747 825 958
9 45 105 352 579 779 871 872 942 998
14 89 120 127 196 200 222 288 319 320 612 852 866 888 975
9 88 144 173 424 633 697 712 805 821
8 8 69 313 352 418 472 504 737
11 184 211 285 307 404 554 560 692 720 798 887
7 12 96 174 375 421 696 746
8 103 122 144 181 392 757 780 962
15 31 126 203 242 247 322 368 371 388 432 463 597 713 753 993
13 140 163 179 200 298 352 405 496 741 756 803 941 986
10 92 187 309 346 460 691 692 858 936 942
13 20 184 206 227 276 304 313 553 629 700 747 755 972
8 207 219 341 530 537 594 633 980
9 307 332 353 435 672 692 757 787 943
7 178 304 317 583 790 926 981
11 222 232 377 386 632 654 777 803 804 858 942
11 124 221 227 452 629 657 660 783 792 970 986
13 11 93 118 194 343 373 461 669 755 759 791 839 905
9 157 227 324 397 414 679 843 861 871
13 85 87 132 138 154 294 440 568 608 738 821 959 960
9 225 231 374 392 504 546 599 747 940
7 5 221 417 539 559 797 908
8 162 214 419 548 660 756 849 956
8 57 118 369 448 539 564 790 955
12 31 40 66 217 246 306 378 423 516 517 586 734
5 231 605 702 817 985
13 52 278 378 401 608 654 692 731 784 792 913 921 945
3 479 677 913
8 32 52 125 149 161 769 921 974
11 62 121 140 254 346 493 672 694 907 973 986
5 131 165 402 520 755
7 42 185 213 305 418 576 907
13 103 109 176 184 382 387 463 465 487 501 561 953 993
10 72 128 175 233 319 361 389 674 970 982
11 71 88 250 272 350 546 695 742 889 928 986
10 56 81 115 155 164 219 489 617 637 716
8 93 215 282 401 416 558 937 962
14 37 136 164 169 208 302 355 491 553 616 637 786 901 953
13 38 50 75 102 127 134 427 452 458 471 684 806 830
10 114 144 187 214 296 346 396 442 559 564
13 19 63 94 141 183 240 247 380 665 691 717 790 802
12 88 124 269 422 447 507 556 609 780 783 989 996
14 119 167 341 369 545 591 619 677 707 769 934 960 981 989
5 34 68 314 650 670
11 69 161 463 512 564 570 616 634 662 958 973
18 14 26 116 144 204 209 211 232 315 461 489 500 585 694 743 791 935 945
12 105 184 216 231 401 422 481 531 570 640 865 923
10 52 252 256 287 420 674 871 925 944 970
11 16 57 124 180 405 412 603 635 651 841 901
9 68 228 299 348 415 442 805 919 961
13 11 18 123 185 238 277 450 470 638 755 768 786 948
11 24 162 183 184 319 330 338 539 582 624 753
10 64 78 105 538 561 591 604 684 939 973
11 19 365 376 458 499 505 566 613 619 706 844
20 55 63 65 95 115 144 154 173 242 325 332 378 556 568 617 649 845 871 928 935
10 126 258 327 500 577 612 617 655 784 785
13 21 171 283 294 396 528 614 654 742 792 836 904 917
3 150 505 586
15 31 89 93 125 131 140 398 399 509 564 566 568 697 822 913
11 3 67 161 233 410 416 475 635 683 718 872
10 239 530 541 624 631 721 744 815 878 951
10 78 224 249 332 381 407 514 723 818 859
4 234 472 538 997
11 114 231 235 275 278 582 710 773 831 837 918
8 15 143 383 439 506 744 780 954
12 74 201 298 317 325 450 557 588 705 797 855 963
10 268 456 475 502 641 643 694 695 705 744
10 83 263 403 572 614 704 745 815 846 975
13 5 105 140 209 238 266 550 710 758 798 907 926 945
13 9 121 219 229 396 465 535 573 782 883 974 990 993
11 190 211 214 365 399 409 414 697 756 802 985
11 86 104 231 275 359 488 557 685 906 947 953
7 238 327 579 624 700 702 873
10 168 170 283 358 359 610 653 656 677 815
9 276 347 397 522 586 683 732 769 914
12 40 55 114 130 145 365 436 523 881 925 959 985
19 36 84 108 137 239 266 342 354 362 451 535 537 704 743 839 889 897 944 988
5 31 95 798 840 956
10 121 123 173 567 621 667 681 685 747 749
9 18 116 170 256 271 564 784 869 936
8 343 471 487 627 747 849 942 957
12 128 312 345 351 419 500 679 723 801 808 844 847
7 159 300 327 350 464 639 913
10 27 35 40 123 293 378 442 505 621 977
12 86 159 165 175 227 396 434 467 547 571 671 697
17 16 25 142 175 223 243 310 537 558 630 745 768 818 863 902 958 959
12 46 79 262 396 416 492 523 541 561 701 706 863
14 4 89 140 164 246 261 299 554 640 697 748 774 883 974
10 31 92 184 325 379 447 469 682 710 738
10 119 170 171 255 272 374 531 615 795 922
14 118 312 314 391 535 562 611 635 692 748 767 784 828 980
17 1 11 23 179 198 206 218 425 534 567 651 657 806 846 899 932 990
9 100 193 325 351 491 529 784 799 883
11 30 95 177 205 273 298 525 546 637 788 870
18 20 75 134 211 214 305 384 495 676 686 687 707 721 758 779 850 878 991
13 76 93 317 320 329 507 594 693 743 780 866 925 937
10 23 37 288 309 508 570 574 589 594 930
17 32 39 126 137 193 255 351 367 415 420 442 507 714 778 888 889 960
13 91 97 118 132 137 174 383 513 587 649 706 778 814
7 61 117 136 342 464 487 524
7 219 413 425 486 512 554 929
9 96 125 286 298 311 880 905 971 989
9 62 236 253 268 349 351 377 755 810
10 9 255 293 373 424 528 536 586 741 847
10 156 191 226 263 298 356 638 719 864 920
9 15 190 475 484 651 671 758 963 979
11 41 69 76 86 454 469 515 540 609 690 966
8 17 178 183 346 364 472 754 845
5 103 469 705 949 993
5 250 531 599 774 844
7 88 232 305 363 445 632 823
4 39 74 321 646
16 64 73 177 266 267 291 419 426 462 657 661 722 786 811 959 995
12 29 230 231 237 273 313 467 609 753 816 869 979
14 49 88 95 265 686 736 750 779 836 886 922 927 933 993
9 151 321 373 392 449 458 764 897 960
12 247 330 365 390 414 449 498 539 629 700 848 936
11 51 59 62 94 298 599 691 699 802 930 996
13 28 36 40 59 131 324 369 454 706 746 807 853 879
14 49 72 179 233 437 461 521 740 744 774 812 828 851 974
12 41 97 177 216 398 497 499 519 565 576 673 842
9 46 98 388 509 524 769 806 910 936
11 80 123 249 348 533 610 632 725 768 868 908
15 1 131 154 258 339 348 394 440 531 594 613 733 768 889 972
11 227 259 355 416 481 523 743 746 883 896 900
11 16 91 131 156 180 321 372 513 631 823 885
13 314 323 395 483 499 513 563 672 808 850 860 906 966
8 10 24 71 117 297 360 498 938
15 6 17 21 108 125 156 180 260 453 529 672 742 869 931 959
12 31 48 122 340 375 645 696 740 752 871 900 929
9 132 206 226 403 481 547 570 750 976
5 2 110 276 300 617
11 25 177 223 423 478 618 672 755 867 898 960
11 98 121 155 186 400 405 432 515 616 728 843
7 351 578 694 703 777 807 850
13 45 85 102 107 251 385 547 686 731 781 812 854 864
6 88 101 322 887 928 984
8 41 64 171 218 552 608 858 946
7 147 381 478 609 763 804 881
13 106 268 270 294 302 377 433 469 507 524 695 845 965
14 190 216 288 433 478 529 537 581 694 767 810 835 864 907
14 11 97 102 104 170 210 287 366 476 769 808 813 890 938
11 86 135 273 322 519 528 564 585 925 983 984
7 155 324 380 584 794 945 956
13 40 45 199 247 342 447 450 518 600 643 645 777 840
13 42 106 111 132 149 157 199 361 463 555 572 703 873
12 30 66 101 131 196 256 384 440 490 546 827 920
8 22 119 145 205 566 711 765 867
7 71 148 250 359 565 592 926
15 8 34 149 291 369 394 443 469 653 708 779 797 871 904 989
17 188 279 360 394 430 436 445 514 517 535 547 620 708 761 776 810 991
8 199 382 519 613 667 786 874 891
11 15 17 136 154 158 451 478 508 638 897 968
10 10 146 162 360 379 399 548 580 615 878
9 53 126 260 561 637 732 896 914 949
5 56 61 348 417 450
13 47 94 140 493 538 574 597 678 691 813 910 918 955
8 171 294 329 499 522 594 628 699
9 22 62 274 402 428 722 740 957 983
7 12 400 454 841 891 914 960
7 12 22 59 110 173 323 791
14 94 126 202 230 300 307 335 412 538 629 778 782 898 911
6 263 547 640 693 764 816
11 23 147 208 287 322 421 456 525 698 731 897
11 35 40 120 195 234 259 299 408 427 527 995
13 63 221 309 474 486 530 551 585 596 754 756 856 870
13 133 290 382 397 420 480 526 583 674 760 766 774 849
9 77 188 316 412 679 771 828 888 981
10 63 115 344 477 595 603 736 771 802 981
11 6 66 175 183 189 286 431 521 661 868 984
15 5 28 41 78 133 165 232 727 755 822 837 915 917 937 953
7 2 70 624 725 763 893 912
12 15 141 209 337 395 409 425 462 563 617 742 911
13 210 250 281 287 561 616 654 732 742 784 786 853 997
9 214 240 281 376 440 573 648 933 958
7 173 326 539 541 646 656 983
4 172 650 898 954
9 153 190 248 367 544 635 743 838 972
13 46 375 378 459 465 475 614 622 787 788 803 904 948
9 200 312 347 407 512 677 728 733 938
10 35 154 162 198 392 429 585 676 717 843
10 198 283 316 369 460 504 593 600 923 996
15 9 53 152 188 225 336 471 475 515 520 530 547 764 781 895
6 10 127 491 578 688 719
10 59 225 361 475 512 537 639 840 876 966
8 165 280 409 444 455 547 626 710
6 57 120 175 605 871 882
9 179 199 228 313 324 594 712 732 938
12 26 244 325 404 519 566 595 603 648 770 789 801
12 149 157 355 420 632 736 738 755 771 775 818 912
8 97 160 217 686 728 750 809 959
11 136 505 595 629 655 679 713 781 808 889 965
8 32 50 112 149 326 560 746 974
13 42 236 287 349 387 416 478 493 599 615 708 720 866
10 19 75 271 323 498 517 596 647 749 836
5 259 260 455 681 787
7 39 122 535 729 742 798 847
10 142 159 267 284 401 442 576 656 842 855
12 31 283 400 547 583 606 657 875 882 950 966 970
5 91 361 561 694 861
14 81 187 255 355 411 435 446 472 595 706 730 822 894 980
11 133 227 249 259 279 477 621 670 700 815 955
9 85 88 182 226 331 408 543 601 834
6 28 310 437 582 772 862
15 19 252 294 304 372 404 420 477 486 531 568 791 913 914 991
5 198 235 537 863 911
7 305 362 412 504 618 759 996
11 56 169 189 311 668 670 776 825 974 988 996
13 71 105 142 225 243 290 318 418 420 583 720 730 909
6 384 392 450 613 655 822
13 83 125 404 520 599 623 639 734 813 840 864 908 921
11 213 303 458 465 615 644 711 745 765 872 995
12 95 151 179 187 190 203 359 378 531 778 884 892
11 35 135 173 250 309 322 465 493 724 817 916
11 168 217 247 359 428 593 608 674 704 820 949
9 4 48 70 305 367 505 576 697 768
6 123 225 409 649 689 864
11 32 297 307 353 537 645 679 680 833 896 991
10 54 97 100 290 425 666 701 782 897 926
8 29 49 117 180 196 292 301 971
10 110 427 437 517 561 660 695 747 762 794
9 36 91 99 247 303 556 660 776 909
4 459 491 748 824
15 16 72 96 182 251 299 397 462 577 607 704 807 817 892 986
9 171 289 366 461 546 711 840 944 970
10 187 293 312 410 486 650 725 782 891 955
14 167 176 265 311 410 471 481 526 619 720 723 830 877 972
10 90 97 199 273 369 421 613 630 677 802
12 45 129 176 212 392 478 600 645 657 702 743 873
6 131 345 484 533 671 708
10 31 253 267 467 653 730 786 876 919 989
15 31 67 100 151 181 348 542 554 625 706 738 767 859 861 879
7 15 294 328 407 539 703 874
11 88 119 137 376 572 696 724 818 852 867 895
8 88 181 447 462 606 684 737 925
9 197 201 211 421 638 706 804 837 901
12 94 222 228 249 299 341 398 435 587 780 824 844
7 212 246 280 369 640 901 922
9 104 204 229 273 500 555 628 838 956
14 53 140 151 174 178 274 628 657 688 717 849 919 922 990
5 261 278 479 491 899
16 48 141 158 168 369 431 454 455 459 493 556 749 777 817 848 874
6 318 382 415 842 896 915
4 181 243 616 767
10 24 137 202 364 366 664 745 765 785 940
6 288 485 495 504 716 896
9 1 22 99 140 147 665 748 937 939
8 39 368 397 454 739 830 928 942
10 383 432 518 576 656 776 790 810 880 963
10 8 247 413 601 678 711 849 852 863 893
6 268 346 443 594 632 641
8 82 258 383 423 485 587 739 920
9 137 359 411 420 704 776 815 840 985
17 13 15 70 83 209 421 488 546 549 596 598 617 794 850 884 964 990
11 215 374 463 555 629 666 758 877 893 930 962
9 11 98 128 322 537 554 576 800 897
7 162 185 230 656 792 912 945
9 68 103 166 502 623 660 870 893 947
8 48 254 436 598 637 657 750 921
11 42 167 315 434 488 630 765 811 875 950 997
10 30 96 115 125 193 336 371 626 870 971
13 3 45 62 160 265 545 569 668 727 741 865 885 956
14 24 67 135 208 209 241 317 383 385 439 674 680 813 876
9 188 279 576 635 678 691 804 982 989
12 46 60 120 168 494 574 611 667 785 811 897 914
12 167 178 183 188 220 383 389 443 474 476 730 785
9 87 90 95 417 688 713 819 897 920
10 23 60 99 303 497 505 593 610 839 848
5 162 373 519 835 999
13 123 210 275 286 367 453 466 554 633 659 689 855 892
10 64 190 407 526 673 684 693 803 898 996
4 520 846 961 966
5 159 370 380 546 628
11 157 159 234 298 300 338 512 754 792 812 865
13 30 52 213 236 239 460 461 779 782 853 883 971 974
8 119 231 270 285 390 686 770 785
7 162 292 401 617 675 724 929
9 196 433 491 534 662 688 742 783 906
5 9 193 330 373 857
8 54 139 156 161 202 419 644 993
10 47 227 310 330 490 584 588 715 847 922
11 6 183 263 301 355 480 530 533 601 618 973
7 94 333 397 458 612 764 850
13 109 128 204 235 267 313 323 327 529 541 647 750 776
5 358 496 721 849 915
9 70 94 346 444 553 693 729 890 931
4 81 211 290 698
13 103 189 201 354 364 420 685 708 831 869 936 985 998
11 106 175 340 402 509 515 596 617 698 764 879
11 92 215 264 431 551 578 730 768 793 926 986
7 139 260 319 386 608 681 787
12 85 101 188 225 382 503 539 624 644 653 693 753
13 26 110 112 140 169 264 298 474 500 571 629 890 984
12 174 239 449 470 511 517 546 584 618 702 803 840
12 126 229 358 408 424 493 573 684 765 884 924 996
11 47 147 224 526 535 566 586 778 860 946 999
10 75 118 237 252 328 377 584 660 737 744
14 150 184 334 337 348 351 397 531 622 642 668 695 719 737
13 48 61 67 180 232 295 499 594 687 775 861 900 984
15 47 48 221 348 392 419 613 641 646 685 712 954 960 966 990
4 50 101 376 616
9 9 118 279 790 835 875 911 914 954
8 43 54 94 207 576 698 777 790
6 85 119 351 588 861 898
10 12 202 361 400 584 606 613 888 932 972
7 176 421 455 673 720 801 885
15 51 93 106 201 266 295 314 385 469 723 724 744 814 892 894
9 48 468 562 602 616 902 943 952 966
13 33 209 235 236 579 590 713 741 762 836 946 953 960
8 25 212 258 436 625 868 902 967
11 125 142 155 170 172 607 678 735 736 802 820
14 7 104 160 252 309 333 368 383 683 695 719 896 972 999
11 74 144 206 322 607 615 635 722 813 973 987
11 28 144 156 239 558 650 873 874 925 933 985
17 26 40 219 245 284 390 447 582 601 630 643 664 735 845 898 902 956
11 10 85 112 122 132 283 362 463 514 521 930
10 56 66 116 244 374 688 797 812 949 968
10 1 153 216 529 534 573 622 664 765 969
13 91 274 290 296 576 596 615 750 760 778 794 932 962
6 95 134 219 578 853 931
6 52 480 545 557 569 749
14 10 12 147 265 318 356 426 544 612 699 737 821 858 899
12 43 250 288 380 583 588 756 801 804 924 925 980
11 156 258 271 302 564 637 754 762 880 918 948
10 76 145 311 312 454 474 526 585 723 915
6 286 338 491 692 761 892
13 134 247 253 292 505 545 669 697 699 881 893 915 953
12 186 335 481 552 609 726 731 753 755 789 845 868
13 104 156 202 433 559 583 622 661 690 846 897 914 991
5 135 183 328 498 914
8 122 145 172 210 279 702 786 801
11 7 107 241 352 508 748 783 793 854 965 971
7 30 90 117 294 440 468 672
8 74 108 167 198 365 385 494 560
10 133 183 252 275 290 294 338 373 490 598
17 34 92 249 313 321 339 391 589 619 735 744 746 758 781 817 884 913
9 14 127 132 488 505 596 655 881 973
9 12 76 110 218 337 451 484 505 585
10 89 189 380 508 751 780 849 875 892 904
8 8 177 186 258 304 497 636 914
10 4 38 198 407 428 445 787 913 953 960
12 57 65 124 250 306 582 780 832 862 868 890 895
6 244 300 426 704 723 766
6 266 469 513 889 906 966
7 30 49 57 236 803 843 921
7 13 24 255 327 375 778 862
11 20 85 94 219 334 523 605 618 697 926 966
11 225 226 363 414 530 741 763 770 846 883 907
12 71 80 170 345 453 482 486 596 647 672 760 928
9 99 286 322 573 688 725 817 890 910
8 161 236 344 395 591 682 811 888
9 205 289 306 507 639 644 744 855 876
4 512 578 698 815
10 150 348 476 522 717 758 776 853 870 930
11 105 209 232 260 418 485 665 670 897 910 919
7 24 77 867 871 885 896 985
9 125 135 169 183 283 478 617 763 885
8 235 336 351 536 580 599 654 839
8 47 54 271 371 448 845 851 865
8 64 69 196 236 426 506 507 790
11 65 286 468 521 544 669 695 744 753 820 997
11 127 174 230 320 400 604 614 627 657 846 866
9 109 444 478 633 652 728 741 828 927
8 201 202 379 574 598 680 693 911
10 20 136 151 230 241 295 522 637 704 937
11 27 75 162 238 423 507 575 604 754 806 999
10 36 102 124 492 551 665 788 797 867 872
12 1 3 72 214 355 434 482 806 829 849 917 965
10 65 192 204 245 327 333 410 603 708 878
12 3 59 271 281 327 391 544 576 676 743 788 935
7 8 152 249 611 669 894 960
10 48 74 480 486 575 618 799 809 821 853
11 67 124 139 201 297 368 479 501 682 892 947
7 12 264 308 327 575 837 844
11 96 267 360 461 475 572 578 678 683 789 859
12 34 103 131 205 310 360 460 572 669 725 820 944
11 55 198 258 309 320 502 538 629 775 824 951
18 13 69 94 118 130 231 340 401 519 547 572 578 611 848 902 911 964 996
11 168 185 538 653 686 715 738 787 923 925 969
8 118 155 264 297 299 467 822 948
6 2 355 661 805 813 938
10 170 199 316 465 475 527 653 735 781 783
8 10 57 393 418 446 502 879 994
15 25 60 70 174 192 194 225 235 392 429 541 662 898 916 930
5 136 379 511 603 725
12 5 50 76 124 166 268 312 483 590 825 879 931
11 8 9 15 25 90 148 193 286 535 745 989
8 502 531 668 884 885 964 984 997
10 251 351 378 410 579 648 684 833 926 946
10 145 152 191 264 268 270 460 467 621 734
7 227 351 439 572 632 808 862
9 86 254 287 290 628 779 832 851 934
12 19 218 224 226 238 279 314 442 448 492 807 903
11 113 326 458 483 661 676 784 813 814 895 966
9 36 49 252 367 406 457 485 584 957
10 33 132 210 216 312 413 542 802 915 980
9 26 71 434 453 550 655 724 806 889
8 17 212 471 479 635 791 822 883
10 30 44 50 191 315 423 579 659 742 895
12 20 70 331 337 440 480 541 657 716 834 900 904
12 6 186 251 290 311 434 457 496 615 673 744 822
6 118 166 185 690 707 740
8 157 339 345 422 604 761 821 870
6 121 131 629 656 790 887
7 232 366 420 544 673 925 998
15 66 123 178 269 308 326 363 411 550 769 775 837 845 878 961
7 8 14 172 452 478 619 969
8 115 242 279 299 327 380 826 830
6 350 419 514 800 878 978
7 180 331 589 682 737 796 956
10 95 370 486 569 613 712 882 889 971 983
8 60 206 353 425 562 633 679 908
14 4 20 77 202 213 280 415 532 537 643 736 809 937 986
7 139 206 212 243 384 503 528
10 18 131 141 167 324 378 510 598 804 823
10 42 118 458 531 591 643 800 907 984 987
12 11 14 33 152 343 462 468 473 575 583 721 886
12 35 377 499 550 553 594 690 734 770 772 845 913
14 90 106 267 292 331 585 611 715 846 899 903 920 932 963
13 52 139 143 169 277 301 353 412 422 423 540 662 781
8 44 82 85 150 445 535 768 864
12 127 181 183 225 437 445 451 712 758 814 888 924
9 75 182 238 417 424 588 613 725 934
11 3 144 207 374 662 718 796 884 903 935 963
9 13 500 538 656 670 677 776 817 862
5 5 379 470 697 940
11 7 130 186 265 270 359 438 568 694 710 957
9 184 211 212 429 584 613 743 810 880
13 58 147 236 401 494 543 576 784 785 794 856 925 987
5 192 219 268 374 724
4 110 590 667 771
9 110 236 280 306 379 677 757 816 991
5 230 334 643 682 809
17 30 53 54 206 228 237 274 354 463 650 679 751 764 771 853 855 901
10 116 268 296 357 611 644 797 812 813 828
11 31 205 255 401 446 530 693 699 817 828 899
12 160 243 439 450 555 592 639 752 802 812 876 949
8 161 172 210 432 568 670 720 905
14 31 46 61 185 207 225 555 599 638 733 804 816 820 976
7 19 179 249 644 904 948 964
9 29 252 312 356 381 410 652 942 967
6 250 467 599 733 919 986
10 77 142 189 228 499 565 628 826 963 967
10 35 178 214 226 369 403 571 598 707 879
15 10 98 146 251 268 367 433 521 588 648 788 838 859 978 994
10 132 175 195 209 290 298 383 473 501 855
4 55 498 565 748
9 35 208 315 367 556 594 620 751 882
9 0 82 177 363 403 655 774 985 991
16 155 162 176 236 282 381 472 506 551 634 638 766 774 775 881 936
7 12 189 443 688 718 890 960
13 98 162 171 226 270 291 303 341 498 584 654 705 881
15 71 138 148 242 247 462 464 510 598 663 698 763 783 808 843
11 26 107 109 137 202 261 318 377 623 795 944
7 192 505 735 749 773 827 851
11 146 172 261 369 469 485 556 621 715 848 951
7 20 317 481 599 600 632 797
5 14 288 514 598 743
9 1 11 263 407 446 455 490 604 694
11 51 63 128 347 406 412 786 818 824 885 990
11 59 106 120 179 232 310 339 358 379 595 954
12 170 216 221 236 248 268 271 284 463 793 882 962
8 108 239 609 647 686 715 751 792
6 339 576 609 724 772 947
9 26 154 482 491 503 573 726 812 956
10 4 64 251 375 452 535 784 828 844 875
12 41 47 73 81 223 413 663 771 773 959 992 997
10 53 97 123 371 503 611 724 828 847 880
10 91 173 186 317 341 355 596 648 693 752
8 231 324 340 522 524 707 842 926
11 55 83 127 140 307 327 533 541 614 670 761
5 151 157 406 776 915
7 61 122 171 399 716 768 929
12 12 25 107 125 414 622 630 649 747 916 929 952
13 29 35 91 278 419 574 606 607 627 660 721 935 948
14 118 138 172 240 259 285 306 579 753 789 800 895 952 957
9 42 176 393 497 593 610 803 886 983
8 41 212 258 694 746 797 964 989
15 11 109 125 130 144 165 228 409 576 591 598 631 763 861 958
9 30 206 234 528 532 749 808 932 971
10 27 46 139 144 233 274 381 942 958 995
8 0 164 177 602 603 615 693 910
15 7 29 105 140 144 290 512 523 601 606 626 681 793 843 932
11 347 406 496 585 594 681 737 836 879 907 935
10 130 132 182 216 603 632 714 798 830 853
7 57 170 378 529 591 791 818
13 14 153 231 319 460 461 463 476 729 795 864 915 919
7 53 155 260 380 403 435 550
8 182 242 350 449 560 730 761 920
10 451 457 459 502 807 828 894 928 963 976
22 14 117 206 283 301 334 341 349 388 404 455 514 549 564 630 709 813 862 894 911 950 990
6 61 141 309 672 772 875
16 15 220 269 375 405 438 460 463 579 582 596 710 851 944 980 988
13 87 158 394 474 484 561 578 580 583 652 687 693 779
13 26 239 443 579 581 614 664 692 706 783 905 975 986
15 2 26 53 226 580 614 663 670 706 724 784 820 881 928 958
9 4 18 137 149 289 400 427 578 835
15 27 100 252 284 294 408 414 502 579 598 637 665 688 772 864
18 17 229 366 379 382 390 480 513 537 607 642 675 686 741 756 795 867 961
9 131 228 251 266 410 423 504 569 693
12 110 143 160 189 381 598 684 696 718 776 806 893
7 184 322 337 816 826 983 986
11 151 366 389 408 508 530 686 712 767 874 944
7 5 7 182 421 495 641 883
8 394 471 516 713 727 879 897 936
12 9 24 37 80 128 138 436 501 564 571 695 783
2 234 522
10 14 267 300 353 562 786 813 894 945 978
18 51 98 181 182 209 243 273 336 384 503 533 569 595 744 774 833 872 891
11 27 68 254 274 277 286 546 594 679 736 874
13 12 251 280 339 374 404 422 434 554 578 791 879 957
7 94 242 665 672 806 972 988
15 339 344 420 449 500 529 538 543 564 583 586 609 734 877 996
14 7 19 29 106 195 203 279 296 443 524 527 542 873 973
9 230 267 314 542 625 672 815 855 889
10 288 335 367 400 568 698 802 857 930 953
2 393 567
12 134 254 274 454 470 567 570 687 740 826 858 982
13 138 447 451 488 544 741 781 809 881 905 911 923 926
7 111 272 432 650 665 682 837
11 3 69 284 320 390 560 568 716 725 839 894
11 67 309 396 398 560 584 610 648 668 681 877
7 105 112 223 300 376 622 934
10 53 57 127 192 199 224 413 548 549 598
5 159 208 353 562 607
12 59 72 176 350 456 463 504 520 553 622 779 859
10 84 88 141 368 407 662 720 823 846 900
18 139 209 237 295 313 385 390 496 508 513 648 671 692 695 752 818 962 968
16 44 142 153 264 447 556 580 581 693 761 875 890 932 944 948 971
9 23 175 239 279 297 398 404 486 567
9 123 130 219 259 329 386 393 717 824
15 45 72 121 140 141 217 258 339 362 374 442 675 707 955 994
8 218 292 367 379 432 457 723 981
13 5 8 128 139 312 421 492 636 665 777 810 885 907
5 80 236 533 743 849
8 61 164 169 287 475 541 741 864
8 264 383 403 414 559 608 611 642
6 296 343 539 627 688 859
10 10 36 137 146 158 257 377 723 769 854
6 21 81 317 395 600 773
11 271 346 568 667 679 739 769 852 862 886 910
9 12 166 447 560 623 674 830 856 950
10 14 243 324 325 358 477 528 738 821 886
14 26 97 102 202 247 277 340 378 462 489 642 717 798 883
11 46 171 313 345 400 559 576 771 800 815 826
8 146 211 564 711 762 827 981 983
13 101 196 208 275 336 476 542 570 672 679 733 776 787
11 89 98 355 448 497 701 774 805 812 882 907
6 84 130 535 766 867 885
12 34 38 134 145 176 263 349 398 483 733 889 924
4 425 619 880 942
10 121 123 179 240 344 409 450 583 699 942
7 136 190 238 321 524 535 840
6 168 270 296 437 522 681
10 132 173 248 323 647 657 677 794 829 869
8 152 336 385 589 656 761 901 929
11 6 383 584 622 629 734 769 772 826 858 989
12 152 230 400 498 501 518 860 886 906 913 951 999
10 20 37 297 365 377 437 520 525 729 758
7 215 230 303 314 727 815 853
11 1 197 261 385 650 688 692 833 882 885 919
6 280 369 434 548 640 942
10 81 260 274 474 530 554 607 613 809 952
11 140 184 302 559 664 668 689 747 807 912 991
12 49 129 262 311 399 519 605 646 685 804 917 937
7 45 134 177 191 776 838 978
10 84 448 526 579 677 787 793 862 964 990
9 159 235 316 377 464 467 689 766 938
11 101 112 142 259 443 537 714 810 830 850 995
9 48 141 277 295 422 482 534 754 803
15 159 261 283 334 342 489 510 641 792 819 884 930 948 981 986
15 10 102 177 198 284 314 325 344 447 485 640 690 821 831 850
2 668 934
4 355 484 661 698
9 102 108 306 307 343 382 560 696 830
9 198 255 414 466 479 659 703 787 875
11 3 130 363 469 505 509 612 682 833 906 989
7 538 552 581 679 681 723 885
6 330 400 403 580 649 941
11 42 126 332 440 452 583 597 605 619 712 839
7 304 340 725 767 832 904 933
12 47 68 71 164 237 350 516 626 831 890 944 968
10 293 347 383 473 607 649 658 685 769 940
8 52 103 412 446 456 461 837 871
15 31 129 287 293 440 510 523 556 581 684 693 711 735 753 810
8 170 191 315 613 789 859 867 872
13 55 99 115 212 214 218 418 434 577 597 600 632 900
13 35 58 206 356 391 486 490 701 734 776 820 993 997
13 34 53 70 119 133 252 300 348 627 774 877 895 897
3 362 584 617
11 180 266 455 479 691 697 741 818 940 942 950
14 113 128 159 265 313 510 517 640 652 746 816 840 924 932
8 242 335 349 396 460 716 768 772
15 18 21 104 167 253 277 303 497 519 595 626 632 663 708 744
7 46 303 348 449 752 781 913
11 54 164 281 376 568 569 607 639 663 840 896
12 9 38 85 174 436 458 495 518 605 662 772 811
10 12 49 145 160 397 460 739 806 821 899
13 3 124 138 320 356 380 474 586 670 751 759 959 993
13 75 157 164 373 385 650 668 695 727 751 790 887 988
11 180 200 221 276 361 464 548 584 588 719 759
10 2 41 180 384 579 603 801 856 894 906
13 0 269 325 352 363 402 435 536 583 623 646 751 939
8 58 61 302 355 649 653 903 913
6 192 414 487 503 657 730
10 85 96 126 203 242 349 676 754 816 967
12 91 96 99 112 176 411 580 613 646 812 887 917
16 181 248 356 371 377 449 521 554 567 579 585 614 670 778 852 930
15 65 115 131 152 220 226 285 512 544 563 695 723 736 917 943
14 120 152 225 306 383 397 446 591 613 685 694 702 877 921
11 40 64 92 215 319 586 660 737 878 882 904
14 77 89 144 156 170 173 301 412 432 511 676 858 883 903
14 12 42 82 249 372 374 388 438 538 601 659 782 873 881
9 203 243 407 412 521 637 811 864 991
6 97 158 202 287 928 945
9 23 28 172 304 633 673 743 803 818
8 16 111 158 314 379 416 695 733
9 43 220 231 318 661 768 847 932 955
9 153 162 300 309 338 428 450 779 896
7 151 152 194 537 767 848 908
14 139 172 184 204 286 317 321 580 581 767 783 859 957 987
11 13 128 180 487 529 555 617 779 897 937 943
8 235 236 279 315 373 454 679 977
6 16 76 80 576 875 921
7 3 149 154 174 271 512 578
9 49 233 297 310 335 631 670 774 963
10 89 273 385 496 507 588 665 859 922 931
11 37 94 277 352 394 590 725 783 833 880 921
6 65 183 570 654 781 926
11 51 80 366 464 504 541 548 760 787 841 880
10 121 331 485 558 606 678 721 779 945 966
15 16 33 41 70 77 126 266 325 439 616 629 751 905 956 959
9 61 66 145 509 536 586 745 778 782
8 83 190 269 383 397 686 768 771
9 91 279 294 312 391 523 612 723 826
8 146 180 370 502 560 716 883 987
9 13 17 198 244 398 739 822 824 830
15 76 147 167 312 392 410 428 618 624 663 694 720 746 824 953
13 0 299 319 362 392 482 515 549 553 581 752 918 934
10 208 257 311 435 461 470 508 606 666 713
3 413 550 826
7 56 73 256 347 590 645 685
11 78 219 265 276 448 789 800 894 919 932 936
11 0 59 72 282 371 572 644 758 789 811 980
13 51 58 286 294 316 351 375 574 690 740 829 899 929
5 29 112 221 249 413
8 30 160 240 259 273 742 843 875
10 209 265 524 527 632 635 702 743 812 952
14 29 110 296 475 503 598 642 673 801 804 830 883 925 940
10 13 33 38 396 400 421 467 540 670 941
12 200 254 275 396 498 595 694 788 809 811 901 979
11 31 90 320 382 383 407 495 569 696 780 934
10 12 29 105 174 275 317 464 628 821 864
8 37 77 333 337 626 683 722 971
8 205 215 244 487 603 730 760 852
15 15 22 95 189 347 394 433 448 584 604 621 676 744 821 945
11 120 142 214 258 259 282 363 484 732 760 827
15 22 131 162 181 210 263 314 455 513 543 620 701 733 765 965
15 6 146 150 152 205 382 392 421 437 446 486 594 679 741 749
10 153 171 297 330 472 718 851 888 953 995
9 92 204 210 278 421 563 677 723 901
12 18 86 97 106 164 166 306 559 649 914 956 988
7 173 176 308 332 417 532 768
11 164 280 327 406 540 565 744 759 776 860 871
10 10 200 216 276 344 369 404 835 861 928
9 60 424 519 533 548 684 685 688 717
10 63 215 522 554 613 680 724 816 893 953
11 9 94 137 199 377 413 446 561 670 867 884
9 66 193 251 359 409 451 655 691 788
13 36 47 56 57 97 103 116 136 188 218 256 275 413
7 95 108 156 251 408 584 823
9 93 99 517 807 864 888 934 956 977
11 1 154 180 191 340 421 439 507 644 729 861
8 42 103 292 684 686 749 765 822
10 8 252 404 434 715 740 742 801 842 862
10 38 236 411 488 556 574 614 641 936 955
9 36 67 78 306 394 409 631 932 995
10 9 27 224 257 433 442 538 564 861 982
9 30 51 201 248 268 368 374 519 900
9 233 297 330 345 380 403 743 759 889
6 252 428 535 634 653 909
13 61 176 226 317 329 588 666 705 706 843 923 939 996
16 58 136 171 208 209 301 375 506 558 678 703 719 748 787 860 904
15 27 114 128 160 207 227 491 624 626 642 668 781 800 894 908
10 30 34 39 47 274 361 433 503 870 990
13 8 41 59 253 254 275 516 519 552 630 719 779 915
11 14 289 503 549 577 583 642 678 682 818 972
6 149 540 552 625 833 980
12 173 195 205 252 534 535 594 633 674 711 856 908
6 275 384 462 491 535 805
14 236 293 307 334 338 369 439 510 557 586 632 651 673 749
7 46 101 220 230 327 388 619
10 183 184 247 298 381 404 431 693 718 920
17 61 87 180 200 235 360 477 579 611 704 707 716 771 850 919 922 973
9 93 127 150 181 322 424 427 737 997
15 39 51 221 268 277 421 467 505 604 680 714 769 797 936 972
11 84 155 247 304 311 360 698 718 917 918 959
13 63 102 127 363 417 467 538 580 591 706 713 855 923
11 112 141 165 176 178 259 479 514 551 581 958
9 141 330 350 351 361 514 915 930 994
10 35 123 136 198 237 259 316 416 545 593
15 7 19 30 33 99 264 281 376 426 464 632 652 661 715 768
8 179 264 452 455 530 736 754 957
9 274 413 460 561 671 728 729 942 986
12 65 70 100 109 126 334 387 388 445 489 685 868
10 62 103 131 246 290 483 571 596 891 898
9 102 112 142 342 359 548 656 877 969
10 8 38 375 417 547 568 652 881 952 972
10 12 52 229 306 339 404 514 640 920 955
6 18 175 539 572 584 991
6 495 509 831 858 954 972
10 107 151 235 402 452 520 542 563 781 891
9 0 84 91 154 163 282 570 629 983
8 24 31 178 457 845 905 911 967
11 30 341 494 501 561 630 728 769 832 916 985
9 78 167 274 391 408 416 687 734 760
11 126 156 203 254 313 396 481 522 601 926 983
15 31 80 95 101 264 356 379 430 562 655 701 824 830 837 904
14 35 48 67 101 224 321 349 408 500 524 650 734 825 866
9 35 41 58 89 135 466 633 775 910
12 124 177 207 451 453 482 586 597 683 807 856 946
12 11 204 220 309 478 575 649 757 806 819 826 838
10 167 212 227 277 476 538 565 825 932 948
12 276 457 498 518 604 648 736 819 829 905 936 977
11 188 226 236 334 513 619 654 670 928 933 991
9 198 345 350 436 682 699 729 736 928
15 50 205 221 359 402 520 522 550 633 692 733 834 853 881 933
13 37 227 242 296 348 398 466 479 520 576 593 844 907
7 69 184 392 479 507 884 945
10 146 153 159 287 338 438 600 630 645 919
11 52 199 248 517 524 587 677 691 752 824 837
10 10 111 299 309 327 421 435 510 521 927
16 55 147 171 275 319 545 571 613 676 701 772 823 874 884 939 951
4 352 656 807 809
11 69 300 396 446 461 524 581 673 860 871 889
13 67 89 105 407 457 488 628 657 683 738 741 877 947
11 25 144 256 286 295 465 483 486 722 759 995
9 25 196 211 500 612 756 818 915 989
10 308 322 462 545 616 722 723 803 816 864
8 9 44 86 293 471 804 808 990
14 493 528 587 603 630 642 720 726 807 858 866 892 965 998
10 20 48 232 540 631 742 859 969 971 979
14 7 10 176 205 253 448 520 521 551 553 575 866 923 974
10 28 55 453 640 730 809 915 944 945 950
13 38 124 312 333 493 570 627 654 660 722 734 803 974
6 149 373 657 667 796 955
7 26 66 427 477 666 800 891
9 28 303 474 594 646 662 713 773 945
6 72 288 485 812 863 921
6 54 226 354 387 582 750
11 25 72 142 200 280 394 569 838 862 981 989
11 64 149 256 321 459 491 605 669 803 816 886
8 20 263 324 530 651 807 836 876
10 23 103 162 353 443 606 665 849 911 968
11 163 230 270 296 310 338 379 638 677 681 876
6 64 134 245 715 868 917
7 35 206 283 328 555 760 963
9 104 219 266 430 538 568 732 767 944
10 139 167 195 322 459 551 813 847 851 930
12 30 140 193 225 400 413 444 491 503 799 849 995
12 44 82 153 177 357 414 433 447 504 612 884 890
8 167 189 282 366 553 703 844 849
8 79 202 327 353 463 541 705 984
13 108 166 252 325 335 370 424 453 620 839 845 847 970
11 36 40 180 212 220 339 368 654 657 779 957
9 205 444 477 540 578 745 844 895 960
8 88 319 335 626 693 740 955 962
11 204 259 360 405 439 457 519 570 645 812 883
8 76 221 417 624 863 904 947 957
10 35 151 283 355 437 519 531 600 783 894
10 57 73 251 514 627 687 774 806 921 944
4 10 364 601 886
12 96 101 223 407 603 642 697 796 826 859 926 943
11 147 317 460 530 611 623 671 706 712 827 858
9 212 381 643 749 768 820 895 897 962
10 104 285 317 384 389 564 750 758 763 891
12 58 289 427 431 476 510 576 626 652 760 836 944
7 37 171 172 291 335 834 854
13 190 221 226 296 302 506 572 583 621 699 738 757 824
8 13 81 132 347 359 444 904 913
9 48 88 181 279 447 804 826 828 997
10 83 218 233 319 441 452 584 634 671 753
10 71 208 255 395 413 427 790 841 918 992
5 165 199 214 373 640
8 69 179 251 343 346 439 488 770
13 87 104 133 140 215 235 272 441 669 749 820 936 991
8 37 87 145 297 452 594 671 958
8 158 231 314 399 599 698 957 989
8 70 237 318 327 399 588 595 818
12 38 284 345 387 424 551 577 614 661 709 732 979
9 270 316 348 437 522 838 840 945 963
9 84 312 340 598 607 674 695 792 821
9 16 146 180 239 454 491 494 696 913
11 204 317 374 468 471 529 569 590 596 904 912
11 187 334 409 513 553 636 713 715 908 939 963
14 48 161 224 412 422 535 537 581 604 698 793 812 902 964
9 272 284 496 533 547 633 646 696 968
15 155 173 178 210 360 433 483 589 629 697 721 734 853 896 977
12 63 298 339 380 421 473 509 656 753 814 818 846
11 211 347 391 441 442 473 545 619 634 646 663
11 3 7 11 200 502 562 626 628 643 837 857
7 91 222 489 685 692 968 977
11 13 88 183 253 390 436 507 745 757 923 988
12 120 162 183 209 277 429 482 496 600 635 765 820
12 10 227 371 378 427 435 536 614 667 846 907 928
9 237 245 311 594 791 797 832 861 936
8 298 309 355 392 411 424 458 826
9 40 257 335 340 343 412 586 752 907
13 286 392 456 575 576 593 606 687 728 769 855 971 998
10 51 268 319 427 479 484 561 674 851 860
10 210 240 303 328 331 397 441 681 704 883
16 49 78 162 201 238 249 304 341 350 352 414 440 590 674 707 860
9 218 247 262 356 389 400 469 791 921
9 177 326 407 504 521 683 730 941 958
8 210 215 384 485 612 672 764 907
12 33 44 73 123 134 321 323 519 641 736 746 987
8 83 171 393 395 400 463 881 925
7 56 478 504 509 689 697 951
13 142 235 264 424 485 525 666 696 768 803 854 865 879
8 103 187 523 580 604 717 799 809
10 31 65 73 157 212 363 429 643 662 687
15 34 115 117 154 226 433 501 569 619 633 813 890 893 900 920
8 107 208 296 497 705 769 774 880
6 1 6 65 294 307 766
9 207 242 435 440 567 626 805 911 987
13 3 51 247 258 291 387 449 463 576 604 799 839 910
5 257 275 342 649 879
15 7 22 112 113 144 168 290 421 426 503 643 680 689 865 878
13 18 46 160 240 245 290 350 387 414 415 425 747 938
14 56 256 328 370 410 412 481 557 572 771 785 823 829 947
6 34 59 299 469 559 800
9 142 256 453 650 692 694 782 841 938
7 39 149 242 409 724 782 868
13 135 316 325 440 527 572 646 728 779 815 944 984 996
13 55 74 190 232 337 352 504 574 778 794 907 948 977
15 34 38 60 81 112 114 296 344 430 695 709 713 834 856 898
7 175 200 323 325 366 712 779
9 132 267 464 604 767 783 828 888 969
6 380 408 507 635 677 961
13 58 133 161 181 228 320 399 408 464 490 514 734 902
12 100 154 234 304 375 432 474 555 604 714 802 858
7 19 28 200 448 817 945 994
13 17 120 140 222 333 434 575 581 700 750 810 811 890
7 186 215 362 558 559 641 730
16 7 13 49 71 182 203 340 401 439 469 601 656 693 785 844 931
11 12 29 214 371 405 471 712 930 948 958 990
12 177 390 404 504 565 568 614 677 703 728 762 808
6 200 260 399 666 810 812
9 75 128 477 508 608 658 724 737 757
8 61 131 140 455 509 560 569 958
16 2 47 96 165 202 207 373 535 590 728 761 781 809 871 891 937
11 30 79 122 181 256 332 450 498 650 707 936
9 49 213 227 265 273 466 653 914 917
6 138 332 688 767 818 880
6 106 330 511 668 676 734
4 95 664 735 899
15 15 25 52 87 96 101 166 333 526 566 636 637 647 676 789
5 99 393 694 707 858
16 133 162 310 461 539 578 588 614 667 829 843 856 862 919 993 997
14 112 131 154 229 342 593 700 716 741 814 829 833 876 927
5 223 381 394 474 806
9 56 62 157 343 458 549 821 854 915
12 136 264 409 465 525 560 614 656 808 920 931 972
5 194 240 300 402 522
9 25 36 284 345 576 627 676 829 969
7 2 146 462 541 643 818 903
6 393 559 561 648 733 793
13 7 76 118 123 157 256 394 412 426 601 723 745 752
8 13 41 150 262 385 387 546 796
11 55 109 242 287 311 617 703 761 794 831 852
14 6 52 108 163 229 324 347 400 495 550 717 747 757 969
11 166 244 480 512 561 596 706 788 850 854 873
13 83 86 130 171 260 564 566 581 784 872 899 931 935
10 105 161 171 198 214 276 552 684 717 782
16 41 54 105 128 183 201 218 245 385 394 426 456 536 851 971 975
7 17 22 135 357 491 584 924
8 93 122 340 404 547 613 852 860
11 151 191 334 504 509 528 575 711 842 876 880
7 339 463 473 525 563 652 881
9 225 277 417 453 743 826 984 987 988
12 75 192 212 270 284 357 385 393 429 432 479 716
5 395 526 528 691 799
8 238 402 613 667 839 882 887 983
9 8 403 464 492 792 827 923 950 956
6 102 119 133 284 310 849
13 9 187 305 346 360 417 496 565 614 739 827 894 960
13 64 97 209 263 312 390 397 597 772 781 793 796 948
8 115 130 138 367 398 422 599 779
11 1 114 155 173 205 278 293 360 828 830 998
4 88 153 580 960
5 71 216 524 575 983
8 65 169 708 757 809 883 887 920
4 494 530 593 651
5 191 199 736 827 875
8 98 176 286 408 481 578 729 773
8 100 128 253 254 618 631 656 836
4 119 349 603 763
11 228 244 261 496 562 587 631 798 802 968 976
12 1 14 222 228 255 378 384 473 501 848 919 965
9 111 156 161 338 373 399 441 534 800
13 69 95 102 115 120 309 375 498 527 580 587 656 789
10 24 70 398 501 514 706 721 901 910 965
9 61 162 293 578 597 685 747 888 965
14 73 127 128 187 235 316 349 472 563 642 662 823 836 873
13 26 71 155 177 325 339 385 545 576 652 770 825 931
13 29 180 236 290 303 414 517 534 649 699 795 810 871
4 12 42 552 868
10 39 94 118 155 194 200 365 673 684 944
7 9 468 530 617 785 927 996
11 20 41 198 250 297 566 654 745 762 822 845
13 8 127 203 267 292 293 356 380 463 598 767 919 994
11 65 148 259 345 446 473 552 673 780 866 944
8 28 50 87 373 490 826 894 974
5 354 381 397 451 643
