1000
14 50 181 260 395 426 451 508 579 654 745 866 876 964 993
12 40 144 247 252 367 402 487 718 764 936 944 948
10 111 149 335 558 658 765 892 916 950 960
9 79 263 309 446 455 477 523 750 876
9 92 342 369 539 611 856 895 928 998
20 86 91 118 148 160 163 170 219 238 243 593 605 659 712 736 743 768 816 900 982
8 28 103 302 419 423 501 649 822
10 132 266 273 314 557 606 714 734 749 784
6 46 218 365 760 873 931
8 352 467 541 608 666 741 792 793
6 13 62 184 303 454 813
14 25 44 199 487 525 601 668 697 705 707 846 895 911 987
10 41 140 141 150 184 731 760 811 937 964
16 10 47 141 185 255 469 560 568 627 646 661 685 830 848 924 983
7 75 107 237 362 565 596 932
10 20 363 394 416 447 585 587 654 717 732
12 101 120 344 453 497 541 543 574 579 636 707 754
12 32 41 122 231 315 328 579 675 826 887 905 989
13 49 176 186 272 279 362 434 590 597 628 673 829 840
12 70 94 286 347 394 417 447 541 779 788 805 892
13 15 161 183 224 393 466 478 541 608 629 731 825 857
15 24 89 134 232 494 528 603 613 691 731 753 783 813 846 852
10 157 260 346 412 599 645 838 847 849 949
7 165 188 232 293 631 786 829
8 21 53 373 383 459 485 766 874
9 11 35 188 263 313 334 594 831 977
15 34 84 91 110 171 261 268 317 431 507 523 598 746 845 948
9 185 344 456 540 606 784 809 930 958
9 6 62 152 305 640 647 725 904 910
6 200 240 244 797 851 971
7 103 151 215 458 483 898 989
10 41 96 379 433 477 486 638 718 839 890
9 17 62 393 680 722 769 797 835 905
6 62 138 455 506 759 815
11 26 111 239 241 314 367 402 486 703 853 974
11 25 178 207 323 416 496 538 547 556 961 979
4 644 672 717 828
7 125 414 523 649 741 800 867
16 46 248 293 310 403 421 467 594 612 704 732 740 839 865 958 996
7 175 364 621 640 872 895 997
11 1 216 325 541 662 664 674 790 802 833 907
14 12 17 31 82 171 196 234 437 497 527 567 592 875 881
5 74 322 524 678 854
7 77 268 537 557 570 822 885
13 11 130 140 147 257 439 525 536 661 771 799 838 911
14 150 197 318 350 412 478 506 530 657 696 699 938 986 987
13 8 38 263 309 319 339 458 474 558 631 853 871 980
14 13 200 285 343 379 432 478 559 561 606 752 861 911 955
11 72 91 124 242 354 484 546 688 697 728 888
16 18 87 157 163 187 328 416 452 537 542 758 768 778 965 967 974
9 0 76 180 188 317 431 437 487 989
12 52 102 205 286 414 449 507 626 672 711 884 893
11 51 105 185 247 395 428 569 728 815 834 881
13 24 84 190 283 386 435 493 529 543 644 703 832 916
7 269 358 463 614 835 844 974
15 105 290 313 354 370 460 466 494 517 545 589 724 818 860 868
13 168 308 322 336 406 430 540 563 584 631 718 915 934
13 94 125 159 178 189 292 400 581 609 722 835 905 953
9 167 180 251 584 585 648 751 758 973
15 72 102 229 348 451 610 616 746 892 909 967 974 983 991 995
7 75 210 426 636 714 877 969
13 71 151 245 474 570 615 709 716 726 754 833 931 964
15 10 28 32 33 289 360 420 686 743 783 825 839 892 908 914
9 113 133 240 297 497 532 675 864 990
6 82 192 208 351 469 842
12 91 113 131 177 380 720 758 796 846 967 977 985
12 165 287 423 438 500 520 559 636 693 729 824 901
12 171 237 248 254 302 313 411 482 841 949 994 995
7 110 200 204 249 401 460 681
12 77 422 436 506 518 568 701 801 825 903 978 989
9 19 135 275 466 544 608 894 932 996
10 61 360 387 436 476 823 852 890 934 969
8 48 59 286 293 444 533 536 684
8 180 374 464 531 575 722 811 895
7 42 137 480 615 634 670 986
10 14 60 139 206 405 420 462 651 699 841
11 50 171 227 371 434 533 608 783 842 843 938
15 43 69 147 179 200 214 426 523 543 571 689 719 779 881 994
9 132 134 268 306 473 957 980 984 985
5 3 394 452 665 804
12 85 121 139 222 353 406 422 547 697 737 872 959
9 223 255 345 418 652 693 754 878 989
10 41 64 105 208 291 422 496 565 781 955
7 322 461 561 700 703 704 769
12 26 53 259 262 310 374 415 550 621 713 800 889
12 80 369 404 449 523 568 587 635 683 732 809 992
13 5 94 95 147 155 300 375 422 468 486 746 770 774
7 49 135 240 361 394 821 984
11 100 132 165 192 571 622 666 690 753 886 980
9 21 123 307 332 375 508 517 974 977
8 137 214 273 461 562 596 628 735
12 5 26 48 65 183 257 280 372 525 760 931 999
6 4 183 281 444 593 616
13 336 387 415 450 453 481 489 667 692 719 749 873 918
13 19 57 86 177 272 347 367 460 623 639 812 836 860
14 86 118 168 170 302 387 404 427 447 520 610 667 844 987
12 31 146 155 268 297 382 476 527 762 780 872 940
9 202 259 263 312 442 613 657 723 790
9 131 190 429 441 662 764 831 876 913
9 513 521 522 569 609 647 665 754 931
12 88 205 319 522 559 570 636 665 681 712 762 996
14 16 200 406 532 562 565 574 613 702 717 795 868 900 991
14 51 59 103 121 172 300 568 681 704 764 765 898 912 927
9 6 30 102 374 457 511 512 576 902
13 109 152 332 358 374 460 473 613 639 723 858 913 967
15 52 55 82 126 167 181 222 305 384 397 478 557 667 814 909
12 132 206 215 255 306 453 513 515 728 751 755 828
6 14 140 417 582 593 754
7 118 163 422 562 890 912 930
9 104 130 197 429 631 716 728 863 929
18 26 68 151 257 275 278 395 453 551 607 642 647 656 711 872 891 915 981
13 2 34 230 265 280 314 344 388 510 673 858 968 998
9 131 354 441 516 589 662 705 761 909
12 63 65 228 229 245 492 517 557 716 796 838 886
9 136 293 425 468 480 486 698 704 928
9 309 336 487 687 716 793 807 949 965
12 129 153 154 223 226 407 409 411 586 699 911 993
10 177 181 218 231 337 416 431 503 520 818
14 5 95 108 181 224 230 239 300 319 376 593 690 833 994
9 122 230 374 435 707 746 775 798 990
9 16 155 237 302 389 459 508 641 830
11 80 102 125 167 402 577 657 679 875 887 946
12 17 119 269 295 334 335 390 627 653 677 775 782
12 89 132 154 266 405 640 654 729 793 849 868 935
5 48 156 196 444 532
8 37 57 121 510 571 697 813 828
12 105 162 169 181 433 461 521 647 686 713 889 978
7 139 347 438 459 607 655 953
4 362 532 887 947
13 116 261 276 403 417 425 580 687 716 776 875 907 970
9 44 109 349 377 388 417 640 831 833
11 65 98 112 141 206 306 504 519 634 688 735
20 7 78 88 106 123 266 338 366 500 662 714 720 754 762 773 869 917 923 965 989
11 63 235 295 315 368 522 524 536 624 666 880
8 21 78 329 525 647 688 861 925
6 70 87 352 413 493 521
9 114 419 441 493 722 802 895 956 982
10 74 90 189 300 325 345 420 529 718 829
9 33 197 304 365 377 381 397 698 825
7 75 80 127 454 636 884 924
9 12 44 107 290 436 565 570 692 871
12 12 13 131 147 240 276 348 357 383 393 412 878
12 236 286 369 438 446 486 490 535 612 680 896 989
8 210 255 538 618 689 707 713 857
7 1 266 390 540 594 642 685
12 221 318 409 443 566 597 648 662 665 671 673 878
11 96 177 192 324 407 462 492 602 699 775 908
17 44 77 86 141 165 311 352 431 512 585 628 699 700 729 805 836 992
15 5 218 241 251 285 450 521 523 612 739 762 823 835 843 931
8 2 162 176 423 468 497 701 836
9 12 45 206 299 370 508 537 806 984
9 30 61 110 435 595 654 771 924 973
12 28 104 248 281 399 504 540 628 630 774 793 991
10 116 178 341 387 565 573 691 724 863 895
17 116 123 186 201 213 215 228 241 269 417 510 520 596 719 728 761 911
11 86 96 120 235 357 519 626 782 814 902 957
9 124 205 237 474 480 523 563 849 974
11 22 49 158 222 291 293 365 526 586 619 863
12 157 179 221 224 331 549 577 584 711 712 778 834
9 57 364 428 493 519 619 735 878 922
5 5 283 445 878 922
12 20 199 241 302 448 453 503 515 619 649 725 888
13 126 149 271 281 321 357 359 365 472 558 652 681 867
7 5 49 108 339 411 514 899
8 298 399 458 498 569 819 852 869
14 23 66 88 147 346 549 573 625 755 768 820 874 897 991
10 227 296 339 406 411 527 608 658 825 971
9 58 105 121 215 371 453 584 785 845
12 56 95 216 244 253 261 401 423 501 727 847 926
9 126 551 622 624 698 724 789 950 989
11 5 95 566 719 744 748 778 807 821 869 967
15 26 41 67 76 220 302 322 325 330 396 410 474 524 580 876
8 102 269 580 647 746 840 879 883
9 364 373 438 490 655 771 839 880 932
9 363 418 550 754 780 823 896 964 974
9 39 319 338 385 635 774 814 929 979
11 18 149 256 471 534 740 790 794 798 889 906
8 65 94 117 146 266 572 858 929
10 35 57 153 208 335 410 436 490 752 894
10 77 158 264 319 377 387 388 408 646 815
10 50 58 73 414 474 486 771 774 820 908
11 0 105 117 118 126 425 681 778 796 915 930
5 197 474 732 803 868
11 20 91 92 201 230 306 372 423 556 640 945
12 10 12 202 205 282 297 298 426 564 799 958 960
10 13 27 52 192 303 608 739 773 879 890
9 18 154 274 332 484 650 807 915 989
7 49 279 813 834 917 949 950
11 23 25 50 266 368 555 628 671 800 848 947
13 57 137 238 269 294 297 312 367 752 762 936 944 977
9 53 98 277 432 435 497 780 880 907
6 430 578 603 634 743 983
14 64 88 146 185 213 320 354 426 553 560 866 872 918 969
8 252 590 596 693 785 933 982 998
11 293 432 435 459 572 613 635 762 785 968 996
6 196 372 419 511 641 858
10 41 124 195 414 630 674 747 788 810 869
13 45 109 138 182 266 381 401 536 626 744 821 834 923
8 297 331 555 602 685 877 915 920
9 11 161 519 660 671 692 782 864 961
12 29 47 68 77 101 412 476 610 760 857 974 982
13 154 183 361 367 403 470 484 489 547 695 709 751 783
10 97 184 243 357 443 536 610 780 840 978
3 441 577 866
6 68 247 342 523 740 960
15 51 100 156 184 324 391 430 496 565 616 641 693 699 737 907
18 75 106 131 150 237 241 318 340 404 597 657 739 801 888 899 921 934 978
8 35 222 612 679 775 780 905 920
12 64 82 178 341 433 514 581 720 747 802 816 925
13 255 291 367 533 652 667 668 761 889 924 929 992 999
7 60 143 235 388 568 639 865
8 262 328 425 554 664 684 767 897
7 241 290 490 730 901 928 944
11 154 192 343 411 501 504 695 753 763 868 994
12 77 90 341 383 436 507 742 769 862 895 964 983
12 30 106 154 167 220 224 283 294 431 456 561 992
15 40 168 251 259 313 372 489 523 595 603 634 748 780 826 983
8 249 268 521 538 589 753 836 969
11 8 117 148 341 496 515 618 640 733 777 885
12 5 238 361 366 417 558 561 582 597 678 811 877
10 171 215 531 583 680 726 776 795 895 917
14 145 158 339 379 459 559 588 645 663 702 838 843 844 878
11 80 105 157 207 365 478 653 694 793 913 994
7 81 116 297 316 419 507 876
10 20 118 158 215 314 509 516 545 594 654
5 245 535 538 603 957
5 116 351 478 725 873
8 76 166 468 473 700 884 941 960
9 113 154 270 318 582 655 671 712 969
10 59 113 463 488 494 562 726 749 757 902
10 111 118 119 183 305 348 444 552 726 782
7 17 117 530 589 635 802 986
9 21 23 254 324 375 477 816 877 956
9 319 331 350 463 484 524 618 721 801
10 41 292 359 400 541 554 615 635 815 981
7 133 155 210 557 646 781 869
3 142 458 625
9 14 67 120 156 206 451 792 841 936
10 5 189 219 376 499 503 554 896 911 915
10 34 118 411 533 716 723 809 885 935 949
8 29 63 87 141 244 245 753 818
15 34 148 154 161 206 212 250 400 504 530 646 783 867 893 959
8 48 499 513 603 651 717 787 978
8 5 202 299 505 590 900 930 953
10 29 168 240 264 387 486 853 882 901 973
8 61 113 225 240 275 670 811 865
8 290 361 440 545 640 687 741 924
10 1 52 204 345 358 489 523 754 923 979
14 38 67 152 365 381 382 401 517 525 537 568 618 688 707
15 68 217 286 360 370 390 411 483 498 509 628 663 682 683 907
3 241 624 697
14 58 148 216 289 398 401 499 696 826 837 855 872 905 936
11 1 193 487 545 732 750 809 900 916 968 973
8 168 308 370 622 718 835 889 962
8 67 232 425 658 742 775 861 904
12 13 81 106 143 209 314 329 371 543 702 796 936
9 176 276 523 554 613 660 805 870 933
15 44 91 110 467 481 532 761 770 773 774 822 903 914 991 999
8 433 460 520 583 627 651 852 915
13 84 97 216 288 315 612 651 673 748 822 844 846 971
10 0 22 315 394 516 653 737 812 900 904
14 26 129 168 328 444 481 529 679 716 749 780 932 969 974
8 84 211 363 596 652 703 884 908
10 3 25 46 97 674 761 803 868 876 999
4 179 244 553 865
10 111 299 332 517 655 748 761 786 928 996
17 7 123 132 144 177 188 197 292 317 327 330 356 397 509 797 843 905
9 296 305 432 473 652 660 741 907 947
13 26 43 78 96 217 327 537 544 579 647 757 776 911
9 54 122 154 172 189 496 598 631 751
13 228 348 431 434 493 500 681 767 798 856 866 927 986
7 162 276 469 784 836 893 954
7 18 94 580 601 686 836 889
8 7 90 432 481 572 651 697 773
10 186 281 291 295 460 478 722 862 976 983
10 70 110 245 382 393 517 636 903 955 965
11 129 141 256 271 281 480 512 513 620 764 911
4 190 405 445 835
5 110 305 423 560 568
14 18 187 324 436 565 701 779 811 822 843 848 862 979 985
8 91 111 354 418 511 719 883 912
9 92 152 162 274 276 322 633 699 839
9 184 325 453 590 764 808 815 974 993
12 53 160 215 340 341 345 365 372 459 590 866 879
9 290 519 546 744 751 758 844 845 848
12 47 148 325 398 417 638 685 729 807 851 911 930
13 19 51 72 142 249 359 370 397 411 483 767 808 999
7 66 374 650 764 840 932 938
5 259 336 390 630 952
9 62 251 308 435 444 447 631 865 949
13 55 140 212 246 284 455 595 597 709 807 845 913 971
11 82 157 209 274 378 428 510 552 703 716 828
11 57 234 266 517 818 847 862 951 966 978 983
14 23 38 72 114 157 194 646 683 690 733 741 880 962 996
3 189 215 892
10 122 133 274 358 368 488 666 718 795 830
11 166 267 386 596 642 666 675 676 898 914 971
16 63 96 184 189 198 223 305 358 398 399 406 412 424 522 802 979
11 164 184 309 380 467 780 803 861 868 885 930
8 150 243 265 310 349 413 892 972
8 86 102 118 137 589 657 794 918
4 386 612 884 969
11 6 67 95 120 161 171 416 553 737 740 853
7 10 185 330 478 661 806 815
12 138 336 393 443 451 482 540 814 856 877 885 928
16 28 105 230 267 278 297 417 496 522 552 580 649 652 755 874 909
9 78 106 131 183 515 603 669 775 785
4 89 319 390 939
10 56 253 289 316 372 388 415 785 798 870
12 3 46 115 298 388 398 563 663 700 722 899 933
7 38 84 299 508 736 765 980
4 147 655 796 860
8 97 189 465 768 792 854 940 970
11 25 55 67 216 507 590 631 635 902 910 991
12 7 34 111 224 255 423 424 720 746 859 876 947
10 17 133 259 260 629 636 783 910 945 961
11 223 308 340 460 473 527 654 747 820 942 979
10 26 50 266 458 494 623 716 731 733 838
9 45 145 206 228 453 570 575 706 728
14 46 100 118 175 179 233 307 341 584 604 678 697 772 798
7 192 380 382 517 520 611 967
9 162 324 346 558 675 723 729 799 992
11 42 56 83 171 281 409 483 514 628 739 762
9 35 341 349 512 789 808 817 843 994
13 146 205 232 279 321 405 557 604 678 763 811 925 933
12 40 137 171 282 285 376 423 424 517 876 896 907
5 531 567 918 938 952
9 266 268 547 683 703 770 774 887 966
9 17 49 211 261 357 435 472 882 990
6 134 255 456 499 709 972
6 171 266 303 402 678 747
10 158 198 233 342 574 668 681 852 971 978
10 89 104 186 265 446 487 593 669 778 813
8 590 647 852 884 886 893 974 980
8 25 122 339 376 432 771 880 960
5 2 122 178 538 791
9 56 93 115 288 304 408 414 440 707
10 117 348 395 437 460 611 667 749 780 947
11 132 175 413 420 499 524 671 690 788 838 935
10 46 163 166 221 334 356 358 500 566 977
12 206 283 316 562 570 699 708 829 957 963 981 983
12 153 208 214 218 283 319 323 347 640 665 951 961
10 4 204 331 363 588 613 639 684 896 978
11 47 213 413 449 589 646 648 651 681 807 948
10 16 27 111 426 448 579 636 656 823 944
7 81 137 247 283 471 564 895
6 22 165 321 491 721 910
9 19 94 127 341 448 745 837 883 915
10 59 141 230 270 337 445 450 491 526 907
6 130 299 323 375 399 822
11 45 233 447 650 780 832 890 921 952 955 976
7 64 226 366 391 537 703 995
8 9 135 147 408 467 731 814 834
10 80 376 396 407 426 472 508 712 821 969
6 48 55 112 192 280 527
3 417 759 997
6 266 339 421 554 582 986
13 141 155 162 202 328 412 417 495 536 560 658 754 916
15 54 104 247 295 297 339 399 439 470 485 577 652 705 762 895
9 162 234 286 435 447 504 535 808 917
9 62 71 249 367 445 446 710 755 817
8 87 201 219 246 497 583 659 866
7 14 18 128 548 599 811 954
8 15 174 262 342 465 693 775 928
12 39 159 173 427 463 478 510 579 594 623 876 926
16 8 138 157 162 222 248 283 432 525 538 551 641 655 822 939 968
9 132 219 351 598 610 669 677 788 991
18 1 34 94 189 201 209 360 442 443 514 649 664 705 714 716 837 927 990
9 133 188 295 406 410 540 607 771 801
11 4 85 142 442 526 551 736 825 826 940 960
11 55 150 249 253 286 430 706 798 825 888 948
11 76 167 255 460 492 643 748 774 814 823 961
9 91 183 195 216 283 308 429 458 756
11 24 173 521 543 611 730 758 768 831 952 969
11 73 84 103 104 119 287 637 735 817 967 994
7 86 89 232 349 440 491 824
11 118 238 325 334 353 490 522 525 742 928 969
9 130 138 179 455 553 645 923 932 956
8 291 431 443 546 674 687 774 915
8 31 47 221 392 539 810 845 846
10 65 298 320 508 557 607 616 766 794 915
10 138 197 248 543 628 653 736 824 846 880
10 96 248 275 320 613 709 760 808 833 860
14 24 141 214 500 532 642 691 698 717 734 750 760 831 855
6 105 459 545 616 780 827
5 175 461 491 612 930
7 53 296 301 444 508 741 786
20 71 93 95 153 179 244 434 437 514 634 652 686 693 702 706 735 839 856 892 900
11 111 130 179 210 308 309 562 612 623 628 808
5 120 579 782 879 926
11 122 144 249 288 307 431 523 554 886 917 996
9 205 351 413 598 720 841 878 882 886
9 379 399 400 422 503 665 716 744 789
11 20 32 141 275 304 451 457 552 841 946 981
11 15 19 79 87 260 453 537 671 810 909 967
8 0 52 110 337 498 675 706 910
10 171 353 514 531 720 820 845 854 883 967
9 105 138 266 286 427 463 679 724 978
7 251 285 297 309 418 574 748
12 152 164 297 349 358 392 465 485 592 631 649 924
10 57 234 241 392 458 498 632 657 699 705
11 68 168 197 248 251 434 440 724 851 927 975
12 1 34 121 330 672 706 755 774 854 877 882 890
4 38 129 201 610
11 85 95 206 521 636 682 717 733 760 769 947
11 75 123 277 324 414 522 553 670 770 806 991
12 56 80 101 166 297 368 409 419 511 542 565 865
6 116 146 353 527 570 597
8 179 336 352 519 549 891 928 952
13 116 145 322 406 502 507 592 660 710 836 853 946 978
11 171 178 368 457 465 636 718 768 799 870 952
13 67 116 163 166 213 239 249 286 446 458 643 944 975
12 22 45 141 200 297 357 413 545 563 601 760 875
14 135 299 338 343 391 412 458 509 648 673 740 788 801 972
12 37 51 180 196 336 405 523 632 655 663 696 753
9 84 93 308 558 566 665 762 794 806
12 15 35 49 117 302 591 606 631 803 810 917 990
20 19 107 129 130 154 219 285 305 355 357 423 444 483 550 679 824 855 938 993 998
7 81 174 280 398 448 769 837
6 6 136 195 223 406 825
9 62 75 137 338 679 747 832 899 994
8 38 356 444 605 681 946 957 999
10 69 80 82 86 108 392 489 633 841 930
13 6 66 149 168 183 278 314 325 417 522 531 733 946
7 297 314 325 530 678 765 827
11 114 129 181 211 254 426 745 808 872 892 900
11 0 60 77 184 192 344 353 425 661 694 976
7 95 364 397 491 650 955 972
8 52 159 291 520 708 793 867 944
10 98 109 372 503 509 616 812 856 873 981
7 56 191 205 370 476 538 630
16 26 50 117 147 215 270 378 390 483 625 744 812 887 919 938 945
12 47 190 194 267 273 334 365 444 593 646 650 972
10 31 126 208 258 487 490 611 649 665 943
15 18 76 270 387 401 483 525 544 728 802 857 861 905 915 926
13 53 119 151 190 194 289 328 359 473 525 565 602 920
18 69 71 140 178 214 279 459 472 549 550 579 678 734 785 787 799 855 980
7 41 50 337 387 486 766 775
12 66 127 142 173 492 519 561 571 626 674 688 903
11 44 358 601 612 680 696 697 849 862 907 990
12 246 336 375 401 548 575 660 678 727 752 845 907
6 98 112 136 203 696 997
8 97 367 369 492 605 652 756 865
12 145 202 304 367 378 536 569 591 655 757 902 979
18 72 92 124 230 261 289 386 417 421 432 451 486 562 575 878 916 959 982
10 160 277 348 360 547 554 664 761 851 915
13 3 142 332 360 411 456 614 746 747 828 917 951 961
8 15 19 95 289 350 359 606 908
9 161 344 347 418 466 489 573 659 873
7 51 85 343 450 610 693 765
8 93 148 348 449 499 604 847 899
12 0 59 237 304 393 444 474 602 653 832 866 937
7 49 79 547 680 687 764 962
15 16 93 106 110 161 167 282 318 394 472 492 666 692 888 941
7 10 139 465 758 772 899 999
10 3 33 290 377 587 647 772 935 981 996
9 27 215 329 446 474 561 775 942 972
9 103 393 410 477 570 717 721 812 827
16 30 46 164 236 317 372 400 411 413 539 598 649 692 694 711 802
16 24 120 127 194 221 283 384 436 462 486 534 557 704 753 843 893
15 55 68 94 104 258 274 316 337 371 508 512 557 716 726 964
4 83 90 126 385
6 75 146 459 579 745 869
12 54 229 233 364 397 515 640 641 648 672 840 935
6 73 534 605 831 847 848
11 312 363 399 410 454 566 591 684 777 932 968
8 20 55 70 448 484 570 614 665
10 9 38 257 298 352 533 723 795 878 937
8 86 114 149 227 531 769 791 965
6 13 64 271 581 688 846
3 201 358 548
4 176 345 535 621
7 162 328 353 436 453 566 676
11 78 104 227 267 316 435 489 513 539 573 629
9 46 61 156 171 180 182 451 456 672
6 497 542 705 855 861 907
8 71 96 200 430 550 581 823 879
10 3 31 232 457 645 662 685 785 854 982
14 20 45 47 105 222 226 274 303 364 515 681 720 899 928
4 497 710 781 925
7 74 114 156 276 597 616 905
13 93 257 261 273 602 625 766 776 777 799 849 954 989
5 67 304 492 622 903
13 30 249 286 322 417 431 434 595 601 646 684 854 880
10 48 186 201 233 466 517 633 726 854 968
11 24 358 399 497 532 626 662 697 767 960 975
12 31 34 86 114 142 180 244 437 444 459 674 896
19 1 11 50 115 252 332 433 491 525 602 624 639 660 675 789 863 865 873 981
12 229 295 498 510 541 602 627 836 881 939 940 997
12 93 201 216 247 422 448 473 543 638 805 900 959
9 142 173 178 212 376 433 623 734 864
10 346 348 375 385 427 487 506 798 843 990
15 113 146 371 438 442 453 482 555 575 689 717 810 912 930 971
13 53 135 136 159 270 496 673 791 794 802 803 828 833
8 21 55 229 317 702 711 836 966
7 357 534 574 732 918 956 973
13 35 82 205 218 269 305 493 504 587 610 658 691 954
13 16 41 63 149 190 361 475 479 485 534 566 678 976
10 164 249 395 400 488 666 729 745 928 936
9 238 242 251 329 338 450 717 732 991
10 66 132 270 339 383 563 744 808 884 928
9 6 168 213 562 781 850 856 897 950
5 409 589 710 813 869
10 117 161 238 392 429 530 784 804 858 957
11 131 152 213 241 359 496 541 604 640 686 724
7 243 626 721 735 914 988 997
12 33 45 69 491 545 616 629 636 772 871 924 985
14 26 51 214 223 313 409 520 628 647 694 706 726 901 989
16 0 89 120 150 310 353 380 386 460 728 734 803 852 868 906 974
9 224 249 266 413 429 574 605 766 875
10 111 125 154 291 364 488 543 722 728 968
13 103 195 280 406 570 757 789 868 869 918 928 941 952
12 103 147 276 323 460 573 585 621 762 926 966 990
7 99 106 242 276 473 843 883
10 163 208 322 367 387 396 559 633 771 889
13 106 161 218 306 463 478 532 538 563 608 647 830 923
8 112 224 260 518 616 813 917 942
14 55 89 113 248 265 275 292 320 325 484 630 746 813 856
10 69 516 680 715 769 780 795 861 887 923
12 131 155 159 199 284 408 438 520 576 758 775 913
13 66 95 117 154 258 320 428 507 519 597 739 834 921
18 99 126 135 148 217 373 404 589 608 623 660 693 713 777 793 821 925 926
16 99 100 133 297 305 376 405 423 533 566 631 633 674 793 824 886
17 3 26 37 77 85 148 156 204 216 247 256 390 414 534 711 831 961
7 42 133 171 233 338 665 841
18 11 44 91 134 248 365 376 434 435 487 582 606 770 860 872 874 932 975
7 157 348 369 826 920 941 978
11 41 96 166 316 354 407 534 660 837 887 910
1 21
4 53 137 261 545
14 45 231 241 424 503 625 639 660 714 806 814 874 881 982
12 73 220 326 396 423 468 583 626 694 804 961 993
11 63 101 124 128 257 383 485 515 690 787 883
13 72 76 209 239 467 522 591 595 706 737 793 801 903
14 176 459 464 495 497 523 527 618 629 737 758 765 906 953
9 142 225 359 471 654 671 820 870 949
12 44 72 133 197 202 357 443 795 809 836 853 870
9 43 49 150 248 268 351 394 813 959
14 35 143 217 225 335 365 430 515 617 642 744 754 825 830
8 4 379 458 473 581 689 900 933
9 27 56 144 152 304 368 560 586 942
15 9 16 19 20 40 234 488 504 626 649 800 848 930 973 995
4 49 406 475 658
14 16 53 77 255 373 381 489 510 750 824 898 917 921 950
10 70 268 434 550 571 584 660 765 796 990
10 55 224 246 252 384 412 506 529 746 871
7 48 284 378 728 788 915 939
11 35 80 201 327 445 452 567 682 865 966 998
7 362 440 470 611 902 907 928
10 158 165 408 436 635 641 691 733 846 860
11 84 174 417 436 476 544 594 686 691 750 831
12 110 169 365 369 581 650 672 705 717 868 872 959
10 230 291 305 393 735 780 798 808 818 871
9 192 264 302 377 405 629 685 691 952
12 211 234 238 256 356 390 445 684 728 791 880 955
7 188 198 492 615 671 902 951
6 35 183 823 888 896 973
15 7 43 105 113 235 324 380 459 460 574 594 611 702 734 809
8 2 46 162 219 321 415 634 996
10 47 66 100 221 514 625 631 855 865 927
8 13 192 278 357 540 646 681 924
11 47 83 215 219 438 456 634 646 675 723 928
11 90 101 108 229 340 388 444 501 734 788 907
10 56 156 309 412 500 515 717 767 838 899
7 184 345 609 640 660 906 946
12 14 82 101 140 153 205 279 406 435 969 986 995
9 145 170 339 415 465 472 497 522 815
7 41 326 547 636 679 800 902
9 13 69 85 102 210 248 278 614 938
10 52 99 164 443 585 796 852 951 968 969
14 43 61 100 140 318 340 407 457 466 511 663 757 765 945
7 77 88 125 438 544 789 829
9 177 194 273 638 821 842 851 906 952
6 153 165 448 473 512 698
11 16 101 331 398 495 509 557 625 707 747 914
12 73 318 440 444 492 580 590 678 712 795 845 974
7 103 519 604 661 886 986 998
9 121 158 203 358 584 628 681 797 966
6 191 608 837 863 951 959
13 0 16 17 268 344 364 389 436 462 606 632 673 942
10 129 171 172 272 305 575 642 753 871 921
8 57 208 469 476 539 551 752 881
7 107 219 228 356 525 807 829
8 220 258 361 531 678 728 771 896
13 56 58 158 167 319 544 577 703 737 793 796 923 989
12 15 58 147 512 569 691 720 763 778 813 860 878
6 116 157 540 805 810 938
7 15 85 455 496 659 819 951
3 221 342 997
8 55 112 217 231 300 343 502 521
15 18 193 243 282 283 313 333 575 659 769 785 806 823 907 937
10 416 443 465 533 617 707 728 830 869 982
6 41 399 409 602 818 858
10 5 92 107 118 332 432 722 755 798 922
7 25 38 144 224 364 550 557
13 151 216 290 483 533 681 704 728 766 801 828 986 992
12 14 90 154 193 262 296 651 758 803 925 949 979
10 18 145 206 219 290 407 480 520 649 935
8 26 269 366 391 458 643 668 709
6 22 362 661 787 873 989
3 651 798 806
7 11 272 412 439 483 828 956
10 146 198 435 451 481 487 488 592 702 897
13 21 191 216 225 242 306 624 679 680 711 723 836 965
11 319 324 450 504 576 607 671 750 847 849 989
10 5 421 442 464 509 628 645 685 904 922
9 7 27 47 416 447 525 579 639 676
10 110 127 368 380 604 800 822 863 891 972
10 9 20 70 76 166 185 515 521 578 754
5 57 99 564 678 888
12 59 95 200 202 366 403 449 496 650 673 741 828
9 4 320 337 373 433 548 557 807 855
10 38 142 148 207 259 301 385 388 439 614
11 21 97 101 104 194 256 342 382 622 665 711
7 54 446 466 568 612 749 920
11 61 74 234 555 740 778 844 859 925 961 987
11 59 92 205 380 384 429 480 506 516 889 973
3 538 591 774
9 143 218 233 248 534 667 771 955 982
4 157 159 161 930
7 276 873 912 939 940 970 974
6 39 84 471 512 707 714
8 88 169 253 482 613 753 764 926
11 94 317 364 388 490 521 811 837 927 978 987
11 133 169 250 487 603 663 701 706 798 804 893
7 165 236 431 481 530 559 574
13 51 155 197 438 485 505 531 541 701 785 846 924 966
6 13 122 258 488 872 904
17 18 90 147 152 188 249 322 381 388 507 577 605 737 756 915 928 937
9 20 315 473 506 534 553 809 941 984
6 152 196 288 430 517 800
15 23 46 56 109 269 289 313 399 416 522 559 718 747 813 974
9 400 414 579 655 713 780 794 887 988
10 281 422 484 514 522 797 809 828 835 848
10 74 131 191 216 387 558 561 758 816 965
12 85 175 194 231 234 313 549 662 694 705 796 961
12 16 60 66 100 139 275 315 344 404 410 506 567
5 374 788 850 962 975
5 31 285 489 572 873
12 94 104 210 342 487 530 606 640 650 691 714 802
14 28 39 123 130 183 218 246 341 463 504 564 639 716 718
8 120 195 205 365 463 549 762 865
12 110 144 296 383 538 580 648 685 690 694 757 788
4 371 411 598 823
8 36 53 729 736 784 852 904 943
7 22 221 377 477 605 717 920
15 13 179 235 241 293 343 432 483 560 561 731 808 845 917 923
13 28 99 110 126 134 172 268 333 455 507 515 833 959
6 58 145 343 413 463 642
13 6 37 161 305 367 399 433 458 541 597 725 820 886
11 186 287 350 427 432 551 610 639 806 836 984
10 75 242 258 259 273 343 596 600 707 908
14 81 162 209 262 267 305 358 387 442 736 795 846 885 959
7 122 222 260 381 451 909 980
8 0 15 123 151 224 316 535 885
15 127 173 228 265 311 365 414 443 632 660 665 754 837 892 924
5 110 344 703 925 997
11 45 97 121 206 300 400 663 707 889 945 998
10 2 166 254 357 496 542 727 764 824 976
6 5 361 448 587 590 963
16 199 256 267 409 440 487 521 527 530 544 564 655 782 880 891 928
10 13 44 303 426 576 599 768 860 917 998
9 40 98 112 132 145 477 485 635 974
8 221 249 309 414 570 624 657 958
6 40 211 367 445 804 917
17 79 99 100 145 341 392 415 433 466 524 613 655 675 727 748 758 882
13 9 88 133 295 296 453 498 677 715 805 863 939 984
7 93 95 105 209 337 618 898
5 11 209 331 598 819
5 306 332 366 918 991
3 74 245 405
11 145 188 199 228 338 394 535 555 604 780 897
11 36 51 402 463 474 551 698 761 780 850 872
11 18 111 145 259 413 493 579 610 779 805 951
12 40 196 263 378 438 486 522 734 754 758 886 969
12 17 63 296 321 395 487 561 665 727 728 793 911
6 296 472 606 787 895 920
8 122 366 666 759 853 899 904 980
16 42 219 319 324 330 424 436 440 497 575 583 609 812 858 897 988
15 121 207 261 397 417 420 567 603 738 743 747 803 892 955 968
12 32 142 220 439 452 518 603 714 736 757 784 853
15 68 100 102 162 181 270 331 343 421 478 560 577 595 730 954
4 249 404 547 876
7 85 249 293 327 771 866 996
6 72 211 342 465 483 554
14 13 144 198 285 477 553 605 642 724 788 854 868 891 957
10 62 126 272 387 504 550 786 836 917 987
6 115 129 246 378 452 744
10 48 131 134 248 438 469 803 812 969 977
5 77 143 492 539 786
9 88 118 293 338 532 642 744 912 918
13 21 153 383 496 549 550 553 585 639 742 793 807 949
11 93 140 199 453 458 701 780 795 881 950 974
11 66 81 193 205 363 387 449 521 716 770 799
10 222 426 458 507 531 635 642 824 875 939
5 201 213 821 844 963
8 45 251 414 439 441 756 872 983
12 11 48 80 125 250 273 319 439 485 952 982 991
9 114 138 169 383 573 672 717 726 872
10 45 75 116 146 147 205 281 340 400 928
6 83 147 227 309 720 785
8 69 149 279 624 626 692 935 954
9 101 221 255 387 494 557 602 744 923
11 34 53 83 262 291 327 351 584 656 705 906
9 38 83 102 114 459 595 708 718 919
14 11 112 358 367 400 475 551 635 703 725 840 861 901 906
12 318 370 387 395 402 507 533 624 849 857 881 964
13 11 16 119 143 248 336 574 591 621 651 657 742 963
4 340 428 704 860
8 61 201 290 329 382 598 757 866
10 360 409 479 502 832 837 851 934 938 999
10 51 110 158 458 494 523 603 613 834 967
6 5 100 158 228 353 575
10 84 126 143 521 632 785 883 934 953 954
10 7 60 132 367 530 621 639 680 792 793
4 518 666 790 902
17 61 109 113 115 129 239 261 291 317 367 392 460 640 693 749 941 990
14 15 36 101 242 383 404 457 492 499 551 563 645 698 742
14 1 31 56 137 253 295 410 631 640 704 785 809 830 981
6 77 93 154 170 280 978
11 65 132 208 314 391 396 478 585 700 836 945
6 233 346 457 505 848 867
13 32 57 73 136 274 309 510 593 738 778 813 825 884
11 97 104 239 321 467 561 603 794 851 853 941
8 55 153 169 397 401 504 685 773
8 28 161 226 649 705 875 899 908
12 61 220 229 230 460 484 507 698 776 975 984 988
8 168 440 658 665 675 731 884 951
18 48 52 106 109 154 318 434 508 510 546 554 583 591 595 675 804 827 869
9 66 123 147 285 321 498 644 752 876
4 212 373 681 875
12 12 20 21 317 352 646 727 873 906 908 972 991
8 15 38 85 182 252 495 499 916
9 218 293 317 404 423 549 818 896 944
8 7 383 436 490 508 557 562 674
9 90 131 159 374 387 505 552 884 920
7 5 310 369 381 644 652 680
10 80 205 260 302 533 534 584 628 839 873
6 679 722 823 838 839 896
8 148 185 206 322 520 788 921 980
10 38 176 204 302 413 615 855 886 938 945
11 9 37 246 267 293 386 610 783 844 942 956
7 214 254 376 691 707 717 965
4 5 62 191 679
11 170 197 284 392 431 500 538 687 690 702 816
10 0 347 425 462 498 761 783 831 878 949
11 26 59 86 119 172 314 446 517 545 919 935
11 196 208 316 330 420 446 574 631 679 799 800
11 170 216 259 265 371 398 665 794 844 928 978
11 7 93 229 261 337 614 716 783 790 899 959
8 3 252 383 543 550 604 820 872
8 58 106 201 269 284 802 809 869
8 47 178 189 440 581 729 787 909
10 21 88 213 217 240 414 459 580 622 795
15 16 61 81 99 107 132 174 247 357 538 608 655 674 827 968
10 106 165 305 360 402 593 763 828 931 963
5 372 442 628 696 841
11 229 268 443 511 570 642 680 709 832 896 956
14 49 58 65 284 373 454 519 534 596 634 665 674 917 968
8 33 355 677 802 833 864 869 957
10 8 12 91 200 382 383 404 412 957 980
9 112 154 209 257 263 265 445 672 745
13 96 100 132 148 189 194 322 358 415 512 641 795 933
7 213 324 585 755 772 890 922
11 1 98 102 276 282 287 452 622 658 787 834
11 2 102 310 424 449 534 544 570 778 973 985
6 24 380 437 481 509 595
7 211 270 286 485 563 790 858
9 5 49 165 312 373 410 661 908 961
11 32 83 214 404 418 468 518 590 872 928 985
8 86 257 327 405 525 693 806 932
11 44 151 173 180 334 368 514 583 618 683 774
9 319 454 455 506 763 776 782 813 952
8 132 185 257 273 724 852 880 983
13 86 152 175 180 257 327 371 378 402 617 771 799 812
11 119 122 146 207 254 306 363 437 456 519 988
8 129 220 268 481 726 772 857 908
6 218 465 481 521 794 951
9 49 158 170 181 332 585 615 722 765
6 19 77 279 673 789 976
19 96 174 190 202 207 216 261 298 337 350 384 518 552 632 671 672 692 816 941
7 82 235 479 501 807 907 949
11 122 155 199 230 389 660 772 859 887 889 912
10 21 62 76 201 241 315 741 745 749 832
9 7 27 271 503 644 680 798 844 950
13 167 193 194 306 308 436 477 590 626 700 713 718 863
6 23 265 386 686 689 969
9 242 436 532 599 676 752 764 811 972
13 19 196 338 366 413 546 562 637 642 685 739 806 980
11 169 323 392 487 511 571 779 834 885 933 986
10 40 97 176 715 749 767 870 877 887 990
8 335 468 493 554 858 893 973 997
5 9 237 312 714 851
15 9 115 123 152 222 428 521 522 533 584 675 691 714 803 858
12 176 300 380 415 493 632 723 748 777 805 873 887
13 101 220 295 467 518 536 575 652 692 753 762 815 830
12 65 113 181 255 311 544 569 584 635 802 963 975
9 29 32 266 577 633 855 860 875 946
12 119 176 270 308 319 370 491 552 593 600 624 784
10 44 184 321 410 436 481 693 747 774 838
12 37 84 188 541 567 607 630 747 856 889 931 966
10 69 206 233 368 413 533 595 806 859 860
15 40 136 208 231 297 434 458 493 639 751 759 796 834 909 966
14 182 263 298 416 493 508 596 679 688 793 815 858 959 968
6 79 503 531 624 664 728
9 19 147 256 489 586 666 673 794 993
13 150 303 405 415 530 590 600 650 770 788 801 876 879
16 115 170 186 285 290 343 582 611 691 781 872 886 941 948 977 987
12 282 286 323 359 382 388 425 500 552 646 896 915
12 27 85 239 252 536 557 629 633 718 751 844 922
9 196 379 394 416 492 586 811 836 964
11 12 73 219 245 279 324 362 623 787 810 954
11 94 260 429 431 457 678 688 774 855 919 956
14 10 21 125 187 332 502 516 517 537 585 631 722 772 894
8 105 155 175 304 352 371 530 890
11 33 52 179 234 282 303 566 795 803 854 994
10 5 208 232 634 744 780 835 881 903 962
4 323 360 374 942
10 55 117 240 292 552 592 733 868 927 976
5 164 587 668 835 991
11 165 180 316 396 535 649 750 835 845 905 949
7 87 170 197 353 521 572 695
11 6 43 257 259 279 349 365 607 916 962 975
13 71 148 174 344 371 476 556 590 643 738 889 901 965
9 66 375 381 417 522 543 658 694 937
13 20 62 69 138 166 369 370 419 538 722 835 873 953
7 17 216 251 369 526 871 957
6 384 424 457 728 754 926
15 36 106 125 291 446 493 595 601 610 633 755 912 914 918 925
8 18 23 137 340 571 582 883 964
10 13 120 295 515 538 591 718 795 925 968
12 25 98 130 373 383 464 523 550 745 905 933 964
9 53 350 420 451 710 757 783 950 994
10 40 61 118 130 382 493 647 759 967 982
14 52 158 187 197 352 520 711 764 789 802 915 949 956 969
12 32 54 57 148 253 277 633 816 819 820 825 853
17 94 147 149 217 271 272 409 488 494 536 603 650 686 720 810 922 930
10 251 347 367 418 527 578 623 655 710 975
12 22 44 113 221 317 338 563 738 799 848 855 945
10 31 38 62 173 281 387 737 738 969 970
6 18 172 202 287 463 705
10 67 75 237 391 393 422 524 756 921 925
5 64 76 572 873 970
12 76 148 221 266 279 323 459 491 513 892 895 973
14 54 95 221 259 284 615 695 741 748 784 809 865 914 987
11 26 167 284 290 379 396 440 575 646 820 955
12 11 21 65 259 379 381 469 549 626 652 862 969
7 22 168 292 450 464 604 987
9 13 188 279 284 464 541 633 721 838
8 22 123 156 439 481 604 706 906
5 501 637 672 877 884
9 29 285 401 445 572 710 723 792 885
13 21 71 164 258 331 333 508 569 644 773 853 903 985
12 34 46 244 302 409 536 677 680 723 835 852 924
10 42 312 396 402 477 483 484 685 815 867
13 251 383 417 436 475 559 611 740 797 812 838 946 962
8 4 270 304 387 429 501 517 800
6 20 143 200 434 706 776
11 104 111 177 195 503 592 678 767 791 793 803
4 314 615 782 801
11 55 94 311 382 525 549 585 661 708 797 801
11 47 134 254 298 434 475 518 705 903 934 985
7 214 274 279 292 439 846 980
10 109 153 157 487 578 607 666 785 894 982
4 63 199 490 759
14 38 210 245 264 289 406 442 487 547 559 641 844 921 953
10 0 192 203 270 283 361 451 683 709 917
9 37 162 241 428 721 854 934 950 985
12 55 101 123 182 213 263 298 508 511 551 685 818
12 132 164 170 196 235 462 502 511 591 728 751 759
7 256 308 410 535 536 790 908
8 46 140 506 545 552 580 826 895
16 39 80 96 110 192 251 425 525 551 627 672 696 698 750 769 807
17 8 93 226 429 448 487 599 620 638 731 737 794 825 842 920 943 954
5 24 165 305 525 530
10 41 121 129 412 509 694 725 730 797 973
12 0 3 98 171 223 263 314 325 364 682 729 806
8 60 198 219 232 304 402 790 850
13 81 141 145 159 160 221 391 444 467 585 745 905 925
6 172 185 283 389 476 806
10 133 173 190 293 334 381 483 554 660 773
12 41 52 77 488 530 581 692 706 816 908 926 946
6 244 328 391 402 665 916
10 172 280 347 396 513 532 713 829 948 972
11 51 139 227 262 301 333 500 722 727 735 850
9 43 218 239 298 304 652 654 789 851
12 88 113 333 390 391 522 576 649 674 740 807 959
13 17 121 128 327 431 518 527 632 782 790 794 916 991
9 48 161 206 370 453 556 609 938 969
16 84 126 176 209 253 272 514 616 657 782 800 823 905 934 966 973
8 31 71 108 185 350 402 763 814
6 110 408 607 660 685 945
13 2 19 59 62 294 299 387 425 655 679 843 924 974
8 51 241 271 333 459 624 791 901
7 70 178 813 863 900 905 935
14 4 11 39 73 136 153 214 220 345 358 676 843 871 991
15 142 174 238 325 342 486 556 583 733 738 757 808 918 937 945
7 165 211 501 602 671 678 941
5 30 102 296 543 667
12 163 206 309 420 450 454 478 563 677 725 749 907
10 5 101 243 252 260 387 425 489 539 894
8 66 212 244 507 705 823 893 903
11 103 155 229 313 443 548 555 567 715 917 977
11 69 257 275 438 482 533 816 852 861 901 991
8 28 254 260 605 627 644 677 922
13 17 32 57 207 251 266 434 480 820 831 878 889 894
9 176 508 534 564 572 703 705 731 849
18 40 129 190 205 249 267 325 348 439 440 475 548 562 590 781 899 911 953
12 62 146 180 262 447 651 725 731 768 776 870 881
8 59 105 112 305 394 653 752 802
8 28 313 315 346 395 527 951 987
13 11 44 47 116 154 238 268 276 285 675 907 923 980
8 102 108 280 492 620 690 782 828
5 98 104 222 290 519
7 62 257 296 505 574 828 844
16 56 110 181 186 198 238 258 347 378 380 434 445 546 628 808 834
11 2 53 252 357 444 732 822 882 887 965 974
16 132 187 220 359 390 416 446 516 543 646 661 664 686 758 866 902
11 93 192 300 326 495 511 669 690 828 896 974
4 431 704 746 812
9 198 207 435 526 614 645 676 735 873
8 206 350 520 543 580 739 841 865
8 159 160 593 605 763 809 836 904
11 132 197 247 377 515 518 584 646 702 911 979
13 13 139 151 209 246 399 506 560 626 655 853 892 969
12 134 208 324 479 521 596 615 656 828 830 841 878
10 168 364 389 434 512 521 622 827 881 947
7 102 270 367 401 559 623 818
19 4 114 212 265 304 363 376 408 478 498 500 511 548 561 628 660 699 748 769
4 109 175 177 209
12 27 108 181 243 285 298 385 422 492 541 619 836
8 8 61 91 99 148 755 800 962
10 14 70 173 261 287 377 465 525 770 961
9 193 256 309 324 539 762 789 831 979
8 56 71 206 710 713 861 867 889
10 123 239 338 455 463 597 701 746 894 960
6 1 189 237 251 255 498
7 12 451 467 590 628 824 896
12 45 76 287 326 417 431 568 586 710 740 888 960
8 307 365 488 546 620 666 694 994
5 96 312 369 488 620
11 227 453 511 526 629 716 723 780 807 897 961
8 316 456 516 540 579 741 817 952
3 433 644 873
8 1 189 212 344 411 428 733 991
11 183 315 431 570 657 720 740 838 891 896 956
9 121 393 409 421 423 564 797 855 881
7 128 188 267 314 337 404 926
6 1 26 343 370 807 883
13 22 67 115 187 239 289 535 596 691 745 781 820 834
9 2 169 187 501 543 692 784 832 867
13 292 341 446 555 569 578 587 673 727 777 910 964 977
12 288 326 350 373 408 410 511 553 572 697 772 942
8 57 127 243 534 713 825 865 907
9 271 362 481 496 681 701 713 811 873
9 47 82 275 350 427 554 618 679 845
11 136 232 377 495 601 741 757 812 834 945 999
11 78 155 225 340 421 503 685 759 760 826 963
5 27 38 184 663 962
12 80 241 444 489 537 551 578 647 652 749 803 886
9 2 184 204 227 334 369 485 935 938
13 35 199 315 341 371 446 523 531 615 635 768 932 941
9 253 293 452 637 816 822 855 931 958
8 340 659 695 707 755 796 957 992
12 0 12 61 174 214 460 706 810 829 831 951 973
10 49 115 132 275 468 603 634 742 823 916
11 292 327 494 512 547 577 626 800 802 889 982
13 49 59 65 104 170 320 374 394 396 711 833 995 997
14 111 194 252 365 465 484 510 569 679 754 758 803 830 982
21 60 71 192 217 228 261 301 353 373 376 565 569 674 688 786 834 839 846 888 924 989
6 129 312 620 839 842 990
7 29 166 259 290 296 331 492
10 299 329 413 427 432 456 607 731 787 883
14 58 151 244 252 495 541 556 616 765 791 843 875 889 964
20 34 49 54 59 89 156 174 200 261 282 333 508 575 620 631 662 692 892 916 918
9 401 411 485 525 637 726 796 822 837
7 274 350 426 497 658 779 818
10 25 65 89 189 339 688 807 902 951 990
14 69 126 202 206 242 292 331 342 397 409 526 623 719 748
11 35 175 247 279 297 316 443 596 923 933 981
13 46 78 88 310 333 436 653 677 739 760 788 862 911
9 110 234 340 393 429 455 487 718 979
14 5 136 193 200 444 477 530 591 618 697 833 863 966 968
11 13 59 191 214 216 274 292 340 696 773 987
8 78 87 150 629 650 666 726 997
9 65 78 279 506 765 769 852 861 867
9 45 74 231 270 356 565 576 595 789
11 11 45 95 615 623 686 807 844 847 910 983
5 505 632 678 726 775
15 17 30 50 69 81 132 142 169 186 481 507 584 599 604 969
13 63 119 328 367 416 439 491 512 544 716 790 970 977
17 59 101 152 165 257 313 366 405 499 669 697 731 819 887 895 903 944
7 85 147 209 215 321 595 963
6 0 116 282 417 531 805
11 67 77 118 213 222 323 374 420 815 832 939
7 59 67 351 541 565 967 998
10 38 70 100 194 265 293 390 455 558 683
10 39 355 441 488 505 588 656 791 967 984
9 4 111 193 417 547 576 657 661 995
9 91 209 257 263 286 421 454 710 956
