600
11 31 164 242 277 308 347 394 449 521 530 595
5 208 325 543 562 598
11 14 26 127 298 319 403 420 422 509 543 553
6 24 92 97 440 486 566
8 29 120 160 372 388 400 500 511
7 9 225 256 352 394 429 441
9 64 79 210 279 326 344 347 380 422
10 20 24 81 147 201 347 406 497 548 593
8 171 175 268 354 358 373 405 499
7 5 105 143 289 292 326 440
12 13 88 148 302 360 364 413 440 469 487 509 512
5 164 212 252 510 571
7 108 121 148 184 375 471 499
7 10 34 230 284 297 459 528
5 2 22 121 194 356
10 21 71 114 169 197 266 307 317 359 508
7 42 98 191 383 435 547 552
4 128 152 478 584
4 138 283 295 593
6 24 233 381 430 504 539
8 7 42 408 432 460 478 503 548
9 15 72 151 153 195 248 418 513 587
8 14 118 133 256 303 324 329 578
11 28 184 260 290 356 419 441 446 504 520 597
7 3 7 19 114 149 529 534
5 52 199 318 407 514
10 2 85 92 95 162 319 400 461 480 553
7 97 126 198 252 292 320 397
7 23 193 283 334 375 513 525
14 4 128 177 209 233 267 292 335 336 361 453 518 553 576
5 154 218 296 437 537
7 0 53 121 197 266 298 593
10 33 65 131 178 254 275 307 371 426 541
10 32 67 120 242 264 340 437 488 502 534
8 13 122 176 236 269 387 418 556
7 170 221 287 365 503 507 587
14 67 181 194 218 227 285 289 302 328 353 434 490 517 522
9 111 199 203 265 351 375 430 555 564
7 110 158 351 352 389 455 586
7 65 213 277 363 587 594 596
3 136 380 582
7 50 156 341 366 424 428 501
9 16 20 180 223 259 412 469 504 551
3 123 134 215
5 86 117 455 509 592
8 108 271 335 380 415 438 496 545
6 114 194 294 505 571 596
5 71 128 157 285 409
6 54 270 314 482 588 593
5 89 289 327 542 597
10 41 223 237 270 291 495 512 539 564 582
5 321 345 432 486 543
5 25 90 293 366 378
6 31 114 228 268 469 506
8 48 95 119 128 317 342 431 534
7 87 88 169 192 577 591 592
7 160 211 258 393 415 531 593
6 199 286 336 418 419 460
6 249 275 317 379 410 441
6 63 87 108 123 342 369
11 203 237 255 276 279 299 402 414 431 452 527
9 78 111 113 237 249 263 363 402 507
4 311 316 340 401
9 59 131 335 341 380 401 409 456 597
9 6 128 338 344 364 429 477 522 594
8 32 39 80 115 188 409 419 458
9 70 98 221 285 364 382 433 515 554
11 33 36 83 110 142 191 235 244 292 333 402
9 87 132 138 160 192 279 311 437 454
3 92 257 349
6 66 85 126 375 428 437
13 15 47 162 242 279 362 385 396 426 526 540 555 589
9 21 146 166 195 210 405 515 581 598
5 86 218 313 353 420
5 184 262 293 419 562
7 193 203 298 428 475 485 571
6 84 99 100 250 553 595
8 117 139 147 204 256 266 305 490
6 61 143 146 151 188 501
7 6 101 238 284 308 384 500
7 65 110 248 346 397 529 569
7 7 170 185 239 372 465 468
9 87 100 167 383 394 438 475 522 565
9 67 106 112 286 316 412 427 538 588
10 76 174 257 262 348 428 466 529 550 583
7 26 70 214 232 257 383 501
7 44 73 132 192 306 315 378
12 55 59 68 82 167 205 456 463 523 557 559 593
5 10 55 319 518 560
4 49 216 253 316
6 52 188 211 259 430 499
5 126 190 232 234 244
9 3 26 69 181 270 338 341 414 525
6 178 271 273 408 544 593
8 198 339 358 389 401 404 405 531
9 26 54 108 216 266 310 352 373 438
12 139 153 158 177 276 316 317 445 456 495 503 506
9 3 27 132 187 227 308 323 484 591
9 16 66 246 306 373 374 464 475 594
8 76 118 207 237 338 413 434 543
13 76 82 129 137 138 145 153 170 257 357 431 437 553
8 79 150 220 315 371 468 546 577
4 131 293 317 587
8 119 143 202 330 346 351 426 502
5 226 264 315 531 558
9 9 127 153 274 279 305 390 435 537
6 83 220 222 334 393 409
7 186 246 283 340 491 512 523
10 12 45 59 95 212 330 454 492 528 594
2 398 584
9 38 67 80 138 228 279 351 470 508
5 37 61 436 510 561
6 83 369 370 434 572 593
8 61 339 431 448 451 485 493 523
10 15 24 46 53 141 199 243 318 348 530
5 65 170 348 532 536
6 225 258 467 495 544 587
5 44 77 167 343 515
6 22 99 134 270 453 542
7 54 103 232 237 251 388 488
8 4 33 123 189 445 463 532 539
10 12 14 31 167 332 373 404 481 511 570
6 34 267 269 467 533 550
8 43 59 120 137 218 521 526 582
8 159 354 357 415 470 563 590 598
11 184 267 269 284 343 364 379 456 470 581 597
10 27 70 91 167 234 371 448 493 502 559
8 2 105 315 399 404 414 468 578
10 17 29 47 54 64 252 291 363 587 590
8 100 224 296 299 329 417 424 469
5 155 220 363 467 588
10 32 63 102 240 265 303 338 384 415 550
14 68 86 97 153 198 206 249 358 397 445 482 537 564 588
5 22 142 465 467 548
8 43 118 207 312 450 483 489 560
7 160 182 393 402 403 538 599
4 40 150 382 520
7 100 123 209 306 417 457 522
10 18 68 100 110 141 143 176 266 282 336
7 77 96 207 303 367 383 442
8 224 257 334 336 349 358 407 486
9 114 138 321 350 408 466 477 543 557
6 67 133 292 416 475 554
10 9 78 103 138 195 309 313 328 356 394
4 156 324 360 577
6 100 198 349 395 404 582
6 72 78 191 213 272 468
6 7 77 320 353 379 483
4 10 12 231 489
10 24 183 222 247 326 331 366 379 488 589
5 101 136 333 388 523
6 21 78 428 433 565 571
3 17 156 490
11 21 96 100 105 132 247 306 320 388 469 541
8 30 304 311 360 392 429 472 588
4 130 187 354 575
5 41 144 152 486 520
10 47 178 223 227 239 295 309 373 410 550
8 38 96 180 245 304 497 526 548
7 124 298 328 441 556 581 586
6 4 56 68 135 195 228
7 174 317 331 364 399 524 563
8 26 71 290 463 464 494 594 599
8 179 392 405 451 494 507 509 584
4 0 11 313 547
5 225 357 393 418 551
7 72 187 395 451 471 562 597
14 82 87 117 121 126 183 197 200 219 244 309 478 506 548
7 191 267 393 399 447 550 570
8 15 55 200 323 327 347 466 553
7 35 81 100 115 303 359 375
4 8 348 412 538
4 267 343 392 463
6 182 185 285 292 432 519
8 84 161 293 310 311 368 458 553
9 8 270 338 486 494 506 511 519 592
10 34 138 206 207 211 229 284 354 521 532
8 29 96 245 257 381 438 485 553
8 32 93 157 222 227 244 295 599
5 163 203 239 374 574
7 42 158 269 272 375 520 571
9 36 92 281 358 424 485 508 554 584
5 135 173 264 418 428
8 149 167 490 510 519 573 580 588
11 12 23 74 125 388 410 442 447 533 579 597
6 81 173 221 430 477 500
6 107 193 290 467 518 522
6 97 155 166 214 253 585
6 65 78 90 353 397 476
5 120 292 400 484 488
5 91 203 277 294 562
11 16 67 146 168 257 303 348 390 393 454 528
6 55 68 86 360 465 470
6 28 75 186 245 432 563
10 14 36 46 307 354 375 379 546 552 594
8 21 72 143 160 261 516 530 570
6 206 285 394 450 492 567
8 15 31 167 283 302 428 440 442
9 27 94 132 145 279 341 345 421 437
9 25 37 57 114 295 312 373 445 456
7 167 169 329 410 418 464 580
4 7 220 269 535
8 103 208 344 403 409 512 584 588
8 37 60 75 179 190 251 254 422
8 77 213 242 285 402 452 467 570
8 87 253 259 304 318 404 473 565
8 132 176 196 341 423 499 577 589
8 99 134 139 176 383 401 573 578
8 1 202 225 364 382 411 544 588
10 29 137 253 275 353 388 389 392 409 485
8 6 72 274 347 380 396 495 568
5 56 90 176 337 543
4 11 108 300 552
6 39 146 204 276 300 550
5 85 187 231 246 494
5 43 240 323 418 596
6 89 95 251 290 440 502
5 243 250 308 493 582
4 30 36 73 123
4 167 260 331 349
8 101 106 130 201 252 257 398 556
10 35 66 185 246 297 346 393 420 456 543
6 106 149 178 269 306 557
6 42 50 157 273 425 454
4 129 140 350 521
8 5 116 165 208 288 415 465 562
8 104 263 287 292 347 356 530 561
8 36 97 157 178 265 421 479 537
10 53 110 160 285 301 386 451 464 495 578
2 176 283
6 13 316 439 455 574 582
4 148 214 300 496
5 85 91 119 281 559
6 19 29 241 325 508 509
6 91 126 373 496 509 533
5 67 284 328 467 498
5 34 272 308 447 471
13 50 60 61 99 119 268 312 378 393 412 415 421 504
5 79 347 468 532 561
8 81 157 179 266 317 331 557 597
7 131 215 253 359 505 531 535
7 233 246 247 305 401 428 448
7 0 33 71 204 406 421 552
8 114 217 312 321 492 508 514 536
8 67 91 167 178 263 287 434 588
6 158 177 193 258 344 451
9 98 107 214 221 241 288 297 375 390
7 149 153 241 283 376 397 420
8 21 80 421 454 464 514 535 539
9 58 61 132 316 380 429 442 460 570
4 76 217 341 358
8 119 203 216 315 330 540 562 574
7 11 27 128 220 253 328 529
14 89 187 205 209 240 252 283 309 389 405 446 473 482 585
5 32 203 317 376 395
7 60 334 339 401 456 476 484
7 5 22 77 355 361 375 557
13 69 84 85 100 140 177 191 220 272 295 496 595 598
5 56 116 245 274 460
4 42 90 205 450
7 23 219 272 409 569 577 599
4 195 320 407 498
4 74 84 449 526
7 61 226 244 300 391 576 585
6 33 104 182 423 475 568
6 37 131 227 291 324 374
8 15 31 77 95 138 239 295 448
9 29 122 125 168 172 272 388 391 585
12 8 53 237 295 319 327 437 483 518 548 555 561
8 34 122 125 180 201 222 319 338
13 48 50 92 118 175 284 330 347 407 443 470 472 480
7 45 93 301 315 336 342 371
11 146 180 236 257 260 267 277 345 531 556 590
8 93 223 282 365 450 557 573 578
6 105 210 258 289 299 527
6 32 58 209 276 363 415
6 60 96 213 275 304 510
6 0 39 190 272 521 566
4 329 408 458 579
10 6 60 68 71 105 110 198 301 414 537
4 288 455 462 599
6 181 232 462 565 589 597
6 138 273 336 465 567 585
14 18 28 107 197 229 247 253 325 359 390 414 416 426 483
11 13 79 125 176 235 270 322 333 419 506 541
11 36 47 66 173 196 204 228 308 310 333 428
2 57 83
7 35 226 244 383 384 389 565
7 225 246 280 339 355 411 581
8 9 36 49 274 296 341 365 401
8 23 162 186 216 433 477 531 566
5 50 128 265 495 532
10 9 27 29 67 142 173 189 226 409 562
6 52 74 102 174 358 548
4 46 190 301 369
11 18 157 178 199 257 266 268 388 411 514 533
6 30 129 289 377 514 581
4 13 221 246 371
13 2 31 75 159 300 319 370 382 399 406 520 527 589
4 60 129 274 381
7 212 213 231 263 298 479 506
8 228 271 279 294 332 345 429 584
5 10 36 197 426 580
9 22 131 139 170 191 306 363 398 413
7 154 158 205 276 429 441 594
6 77 105 241 320 515 577
10 86 98 137 153 222 303 326 383 412 434
8 15 32 194 373 416 421 545 593
12 0 79 97 217 236 285 437 443 512 522 549 587
7 143 157 167 253 344 459 529
7 95 174 285 352 456 561 580
6 62 68 154 174 506 536
8 134 199 237 243 335 377 461 538
7 73 143 164 314 487 557 567
8 48 313 408 460 467 477 518 559
9 86 101 104 127 251 271 455 465 554
14 62 83 89 96 230 249 353 399 415 427 475 493 560 561
11 15 54 58 96 102 161 239 254 322 426 578
5 25 114 205 401 505
11 2 26 88 268 269 298 349 361 517 526 528
11 27 147 153 261 305 382 399 484 528 534 590
8 51 141 243 350 371 416 578 595
6 284 317 367 455 549 575
4 97 169 215 487
6 22 144 265 385 448 500
4 1 233 283 563
10 6 9 149 306 371 390 481 511 586 596
6 49 169 268 342 351 399
6 36 143 159 235 252 525
7 22 129 200 278 520 580 598
10 103 108 251 270 379 384 413 442 509 517
9 149 161 219 239 411 437 474 533 576
6 121 301 366 404 546 573
7 67 150 284 285 344 356 443
6 28 106 140 255 378 597
6 29 45 63 312 375 520
11 29 57 138 140 271 282 378 388 406 433 562
5 211 383 399 549 569
8 64 92 99 131 175 269 582 596
5 94 113 255 288 488
8 33 62 107 352 512 573 581 582
7 41 63 92 198 206 250 289
5 54 59 271 327 499
7 117 125 172 381 493 549 574
8 6 64 202 245 309 333 422 450
10 51 198 272 301 348 354 407 477 508 587
8 80 103 221 351 373 409 478 580
12 0 6 7 169 210 226 238 270 361 376 405 567
8 84 114 115 171 191 345 385 525
7 69 140 145 219 319 485 499
7 141 224 321 407 437 461 544
10 37 38 103 110 327 346 418 475 559 593
10 5 38 95 310 340 413 457 487 517 531
6 36 73 147 188 209 316
12 8 124 155 176 194 345 460 470 484 495 550 566
7 256 288 422 437 500 523 590
5 14 23 143 226 333
7 100 124 165 392 455 560 571
9 8 94 132 140 181 250 293 390 565
7 15 170 240 283 386 403 424
8 10 144 154 192 370 408 426 433
5 29 256 319 347 382
5 71 481 494 540 585
9 39 61 128 130 275 303 391 405 447
9 10 64 66 125 161 208 369 401 426
4 35 273 289 452
9 41 52 149 332 446 507 516 560 578
6 139 322 402 461 576 590
4 174 527 583 587
6 59 112 294 364 458 561
6 112 298 360 421 479 541
10 32 101 126 271 297 321 326 470 509 580
4 4 81 526 547
12 8 95 98 121 157 199 234 307 346 555 562 566
4 98 179 265 481
14 12 28 37 70 170 180 194 246 256 335 430 450 487 587
7 247 254 347 395 427 467 476
5 296 312 478 503 511
7 52 86 237 334 336 455 489
9 58 125 147 149 194 330 416 420 578
6 6 40 45 63 210 249
5 19 177 299 343 527
10 66 136 208 298 320 361 383 391 413 483
11 16 82 85 139 207 287 306 337 382 428 430
6 79 131 287 330 456 520
6 71 324 348 389 416 473
3 228 359 495
4 34 438 512 547
13 4 119 150 153 184 209 267 295 336 440 508 557 559
6 38 94 209 253 287 385
8 105 191 246 283 326 358 435 492
6 263 267 363 382 484 591
7 154 163 172 209 357 422 551
10 56 106 135 165 168 191 221 237 477 509
5 0 5 82 143 196
6 145 166 254 376 399 401
4 71 210 418 560
8 27 80 132 188 247 422 538 598
6 109 220 303 436 458 496
13 127 161 168 298 316 320 327 337 395 468 533 540 562
6 4 26 189 517 557 598
15 62 63 94 207 241 255 289 318 364 395 406 436 451 455 535
6 60 61 67 135 204 367
5 2 135 202 359 491
7 94 121 127 145 205 332 467
8 8 72 94 163 253 347 363 573
9 7 242 298 336 401 436 437 475 553
7 25 140 261 270 345 350 515
7 20 93 141 278 314 360 513
10 47 63 65 106 202 209 260 292 346 439
7 58 157 184 200 461 521 597
4 208 288 295 331
7 42 83 171 237 306 471 557
9 10 99 303 330 352 382 475 485 571
10 60 92 127 279 283 467 477 534 572 587
10 45 56 124 131 225 237 275 316 428 480
8 142 283 307 321 379 385 496 529
4 129 137 493 507
11 21 34 57 165 182 200 215 351 396 420 549
7 23 57 65 74 284 423 430
10 2 73 221 247 379 418 435 518 545 549
8 198 227 237 242 248 307 370 534
7 2 6 203 344 355 392 397
4 206 264 419 517
5 41 129 181 359 521
3 223 564 599
9 32 71 103 283 302 317 360 364 502
7 83 316 376 470 536 564 575
12 41 70 75 84 151 182 197 241 285 383 415 452
6 5 64 154 249 301 304
10 19 37 90 185 375 383 419 470 500 589
5 54 60 100 113 588
6 20 51 173 193 444 487
7 66 151 290 336 360 476 513
6 36 99 112 244 306 463
6 16 105 390 420 529 551
6 111 398 401 406 440 573
14 30 33 68 70 100 198 268 308 331 350 355 406 498 523
7 45 82 95 177 387 453 530
3 230 409 529
12 3 9 10 197 216 388 436 527 549 551 585 594
6 5 23 58 159 304 556
8 139 184 197 249 330 490 544 568
3 270 308 333
4 432 495 504 544
5 96 120 132 199 473
3 23 253 366
7 168 184 236 363 469 507 567
6 113 126 241 266 324 489
5 0 262 469 531 571
8 134 196 259 273 344 375 480 481
10 113 163 166 228 245 401 476 507 562 588
5 60 204 365 428 469
4 29 118 438 472
6 68 108 191 223 248 457
11 38 44 230 280 315 322 357 378 401 557 581
11 63 87 96 125 199 221 255 310 384 477 563
6 137 352 454 462 539 558
7 65 174 278 369 398 472 502
2 13 309
9 20 57 249 258 314 354 526 562 592
6 26 312 350 367 410 464
7 280 281 457 466 468 487 574
7 87 120 162 172 434 512 533
7 98 162 200 228 248 461 480
6 81 133 192 225 282 315
5 84 141 169 462 551
12 116 122 130 133 186 204 235 314 376 404 414 489
9 81 101 127 146 238 399 462 516 538
8 10 42 53 129 153 447 449 452
9 110 124 125 192 270 354 371 427 430
5 12 166 236 412 582
6 154 270 453 458 486 585
5 205 253 385 445 484
4 331 515 541 586
10 75 82 98 142 264 316 351 406 413 515
6 188 255 376 433 451 527
11 64 141 185 290 314 345 393 414 456 488 500
8 17 20 167 346 377 517 529 569
3 227 300 370
5 26 270 415 450 464
7 121 326 362 374 450 538 580
6 48 132 253 484 516 517
7 134 147 268 283 382 502 580
10 97 189 255 320 354 391 473 482 530 532
8 75 113 177 181 209 349 413 526
6 3 51 140 156 175 472
8 10 313 323 352 375 432 462 542
7 33 119 149 189 339 477 514
8 134 148 378 448 467 503 534 579
6 36 77 152 183 442 522
4 107 403 503 594
8 108 196 243 390 503 508 548 571
6 113 126 217 316 343 417
7 162 163 175 214 362 556 579
11 50 96 116 210 228 291 354 386 444 538 545
7 45 231 234 257 398 416 566
4 7 158 525 577
4 235 261 437 561
7 8 12 90 206 342 349 536
9 4 79 185 324 355 430 477 560 581
4 41 78 85 590
10 33 103 126 216 426 458 483 555 571 582
8 20 35 96 377 489 491 492 513
7 19 23 42 237 444 582 583
4 46 240 318 560
9 53 96 167 175 284 300 311 543 586
8 35 61 163 366 417 447 451 520
9 15 110 181 233 243 345 388 492 576
11 2 10 44 163 233 234 330 371 393 519 582
4 11 111 183 276
5 4 121 175 326 377
10 10 50 107 202 308 340 387 463 513 592
6 21 28 408 433 503 512
6 25 243 248 295 296 488
7 66 72 117 305 407 474 475
4 195 366 468 482
8 36 319 330 352 400 423 478 482
8 29 88 186 268 314 420 564 592
4 173 175 183 509
10 23 136 156 180 298 329 335 384 507 575
8 0 123 176 224 277 410 424 557
7 36 64 82 137 186 308 490
6 87 107 113 150 355 437
2 161 551
6 28 92 328 348 497 543
8 71 123 158 262 319 372 460 485
7 60 274 298 368 381 440 476
5 13 108 191 319 320
10 24 80 84 252 309 416 435 439 478 586
6 0 114 195 226 438 484
10 56 94 104 240 272 290 352 449 548 560
6 115 120 176 238 291 484
7 122 184 234 295 331 399 463
10 24 33 54 320 414 421 489 551 561 569
5 201 240 248 401 556
6 115 243 311 427 499 585
6 30 105 132 227 279 582
12 83 135 171 312 397 468 481 495 548 564 580 586
5 19 50 120 248 457
4 71 251 362 399
6 32 153 284 370 474 545
5 49 118 487 548 565
10 1 2 51 99 141 211 221 506 525 594
7 93 116 208 350 442 444 566
5 45 307 420 495 541
4 101 194 332 557
5 16 164 372 387 558
11 7 20 133 158 167 268 293 492 531 538 542
7 308 322 337 343 418 420 440
9 84 122 131 157 168 213 354 553 575
8 42 165 392 435 440 466 524 534
5 16 194 212 242 573
11 2 26 29 76 100 169 174 177 406 550 559
4 66 142 181 315
5 37 71 268 373 502
8 34 159 220 272 441 494 535 587
13 87 141 222 239 256 273 313 388 400 412 455 521 546
3 104 457 547
7 87 126 232 314 351 388 553
9 88 134 316 357 366 396 500 505 531
10 111 226 238 268 310 316 369 498 534 570
12 1 74 166 190 225 251 292 336 373 399 451 460
5 124 161 193 325 456
7 37 50 132 425 427 518 538
7 82 151 205 281 287 358 542
7 3 277 290 354 373 496 544
6 196 282 313 347 447 574
4 210 264 442 594
5 80 260 337 478 534
6 121 168 195 204 249 561
10 11 46 75 151 180 357 413 449 492 502
2 112 414
8 183 207 273 332 340 405 436 552
6 179 230 251 343 462 567
5 155 322 427 520 550
5 29 263 331 367 508
7 55 101 144 206 260 305 497
9 22 127 207 228 273 317 321 366 379
4 184 278 489 494
11 183 200 302 310 329 346 371 481 483 538 590
9 72 125 159 288 296 340 455 500 590
14 40 50 123 145 217 230 338 340 471 502 504 509 537 593
3 84 368 504
6 17 109 163 181 202 301
9 187 253 263 267 282 362 440 472 536
7 38 159 326 474 506 529 538
12 21 35 39 102 116 128 308 345 368 375 414 556
11 48 83 130 132 154 183 202 208 244 431 451
6 71 149 206 281 298 430
9 124 128 272 320 355 367 501 580 581
3 55 97 391
6 44 55 175 460 512 518
11 7 18 31 48 56 87 93 112 307 351 582
11 39 64 98 108 162 194 304 440 491 543 568
4 0 76 257 321
6 39 46 215 326 338 598
10 23 49 63 125 166 184 239 281 334 410
8 1 72 124 257 329 397 400 596
6 135 162 178 260 280 425
