1000
7 118 128 156 385 448 722 971
6 49 73 152 199 274 537
7 213 632 703 718 736 762 931
11 28 122 138 155 160 205 593 619 742 868 881
10 41 81 116 131 222 226 326 328 338 502
14 30 53 148 356 359 473 514 547 728 902 934 956 965 992
9 69 220 395 434 454 569 784 956 987
4 418 768 808 877
7 53 210 300 473 551 593 788
14 144 146 148 301 361 474 486 494 614 665 960 967 980 991
10 224 243 256 272 583 590 662 767 807 984
9 213 215 230 355 427 547 715 719 896
7 90 95 146 443 469 628 736
8 154 201 325 393 509 547 755 855
2 182 934
11 85 137 147 292 331 547 552 778 818 873 906
10 154 252 264 267 281 448 498 590 796 880
9 71 93 192 207 344 522 532 806 878
7 33 190 338 522 698 867 903
8 340 390 495 523 735 810 912 944
6 336 376 391 443 926 927
10 56 138 337 343 429 772 782 829 906 930
15 94 99 116 123 210 394 436 501 578 586 675 729 782 860 969
8 89 94 184 186 189 358 457 965
13 108 128 195 229 238 258 279 298 380 529 545 595 731
13 54 95 105 158 214 240 264 447 495 557 809 914 993
11 84 353 405 488 512 567 587 648 699 790 967
10 175 201 239 375 592 631 644 808 838 865
5 3 232 432 519 917
10 38 148 312 350 422 460 790 860 923 928
10 5 227 231 342 402 656 703 718 774 817
8 237 249 277 300 352 400 497 713
7 79 269 315 356 410 892 965
19 18 144 266 299 304 316 376 444 445 492 661 718 761 769 789 851 892 946 960
11 295 360 488 521 607 608 749 752 762 965 995
9 36 61 274 465 504 718 787 823 873
15 35 159 253 329 334 430 456 470 588 591 684 698 722 750 788
10 105 175 203 261 324 406 443 568 661 755
15 29 336 445 470 510 522 533 547 587 711 805 854 882 963 965
11 50 157 346 353 357 374 518 596 625 702 783
5 64 162 236 509 754
16 4 54 77 107 124 126 199 422 476 549 597 612 796 840 879 908
15 80 181 198 284 317 389 429 451 542 544 672 698 786 924 997
10 54 136 207 303 336 360 498 600 665 678
10 56 112 243 251 388 513 576 616 637 955
12 46 149 473 477 506 571 606 692 746 748 859 901
10 45 254 281 343 553 573 667 676 716 891
9 55 141 214 353 440 524 549 652 731
14 252 293 363 377 513 570 574 596 625 730 761 776 869 995
6 1 337 405 420 702 846
7 39 399 691 939 947 973 978
4 237 421 469 968
10 96 299 321 381 456 598 731 758 763 954
13 5 8 118 294 413 440 460 546 643 710 740 784 815
15 25 41 43 203 279 302 440 446 727 754 765 912 946 981 987
6 47 212 296 406 489 727
9 21 44 65 365 451 616 683 746 817
9 70 344 359 459 621 623 709 786 908
10 139 147 334 387 487 572 673 675 703 751
10 133 168 279 283 454 564 584 742 759 917
11 97 167 298 428 746 773 797 855 872 903 950
10 35 103 155 516 568 610 681 682 788 837
9 154 181 549 673 730 737 824 943 999
12 90 126 151 227 250 449 508 654 662 743 848 856
12 40 104 320 470 554 708 761 792 805 845 890 926
11 56 118 156 204 281 307 352 785 833 850 995
8 147 294 374 420 446 525 540 861
5 466 668 704 743 865
9 320 402 406 451 466 864 874 962 980
10 6 229 409 421 422 518 526 578 830 935
9 57 101 224 386 511 586 690 732 767
11 17 114 174 468 476 558 574 640 687 771 915
10 254 311 413 450 498 574 606 761 762 784
9 1 174 184 519 523 587 644 756 982
8 284 346 409 421 577 632 900 949
7 86 279 315 541 853 859 893
6 303 652 672 842 912 989
11 41 104 183 268 367 399 540 692 694 725 741
3 158 199 414
10 32 175 179 217 251 255 387 554 583 613
7 42 84 205 484 528 776 912
12 4 99 165 276 364 396 567 571 658 783 836 980
10 246 480 622 651 734 756 757 864 918 960
8 214 345 409 578 712 832 960 991
14 26 80 106 117 292 427 515 744 758 788 790 843 866 883
10 15 116 199 253 322 349 532 736 840 993
11 75 92 192 206 244 272 361 571 819 857 940
10 97 162 354 434 503 514 624 678 781 969
3 614 625 911
9 23 194 317 327 370 377 473 547 942
21 12 63 118 145 218 272 322 388 426 444 478 586 631 707 772 789 811 912 960 965 987
11 228 231 341 540 606 619 684 750 789 845 925
5 86 173 315 393 411
7 17 282 442 530 590 751 949
9 22 23 139 320 405 585 611 645 867
12 12 25 115 122 227 317 437 450 492 698 699 808
16 52 104 125 219 228 349 475 495 590 631 677 774 796 884 929 959
11 60 87 313 369 413 559 645 730 782 819 856
8 111 215 447 498 538 657 729 968
13 22 81 122 176 551 820 851 856 858 887 908 954 978
6 241 382 572 606 727 900
11 70 194 247 310 355 425 439 717 737 818 825
9 160 301 357 380 476 617 750 792 941
12 61 126 374 402 532 552 702 716 719 805 942 978
9 64 77 96 161 272 331 491 550 624
12 25 37 234 474 484 530 535 561 577 578 648 954
8 84 431 478 654 658 664 845 980
11 41 110 205 257 421 451 512 680 806 845 987
11 24 130 221 330 445 544 636 726 827 855 925
9 158 179 189 233 264 447 513 790 795
5 107 249 302 603 964
9 98 121 127 442 474 522 527 822 836
12 44 119 173 437 518 596 710 752 765 887 919 933
6 134 314 361 515 803 980
7 71 159 208 345 507 656 692
10 95 178 274 359 482 513 548 561 780 844
9 4 22 85 316 574 600 728 786 861
15 84 186 226 307 319 523 563 580 659 778 830 851 900 937 977
13 0 53 65 90 235 339 387 435 500 624 649 740 940
10 112 198 246 260 314 398 603 796 829 983
11 192 322 414 532 585 626 628 635 660 689 986
9 111 291 404 440 464 643 809 826 869
10 3 95 99 181 213 348 490 773 862 980
10 22 125 238 322 419 521 659 686 933 985
10 41 218 311 340 344 565 647 818 840 995
12 96 123 145 147 301 492 544 604 616 741 763 938
6 41 63 103 204 219 883
9 111 148 245 365 514 641 693 752 826
10 0 24 436 510 655 704 746 865 878 940
6 135 153 237 480 840 900
8 108 539 677 769 781 810 815 896
11 4 308 397 506 510 556 640 773 808 904 979
9 199 249 296 311 390 509 579 960 973
10 59 220 588 589 656 674 727 885 954 976
5 113 316 346 759 773
5 129 180 698 744 753
10 43 369 413 425 595 626 672 731 992 999
13 15 196 205 295 366 527 565 649 751 812 932 941 998
18 3 21 143 199 227 244 278 333 393 556 597 625 634 687 692 712 851 986
16 58 94 146 161 242 248 250 280 315 525 638 784 806 816 827 957
5 168 371 459 792 993
9 47 179 277 343 485 541 681 941 999
10 353 514 561 586 590 659 667 715 725 779
7 138 152 286 326 460 912 934
6 9 33 330 558 731 777
9 90 125 348 539 563 643 707 742 826
6 9 12 139 148 224 840
11 15 58 66 125 235 405 548 606 889 931 978
10 5 9 29 127 146 266 456 799 832 876
8 45 321 411 553 648 830 848 962
16 247 311 425 456 459 465 542 622 674 721 761 831 865 906 921 948
9 63 266 518 553 655 713 803 914 991
13 1 143 183 303 331 455 507 524 736 778 785 825 830
10 129 164 209 324 376 421 632 651 755 895
9 13 16 62 447 489 519 630 968 976
7 3 61 211 584 833 882 974
7 0 65 178 266 281 578 903
10 39 163 249 299 392 434 474 605 670 832
12 25 78 109 198 254 280 281 297 447 668 775 839
12 36 114 193 211 280 309 332 477 480 766 777 995
13 3 102 238 285 300 383 434 442 632 749 801 897 984
9 104 139 201 549 710 785 795 942 944
13 40 87 247 345 557 573 637 689 814 825 888 962 970
7 157 374 632 736 767 770 946
12 153 256 260 295 322 430 433 536 722 731 815 975
8 81 422 433 609 612 676 839 882
12 191 287 431 455 487 563 753 771 780 910 942 985
5 60 330 462 470 549
13 59 140 211 262 275 509 607 659 673 725 822 888 928
7 332 356 412 476 905 942 978
7 272 288 314 395 581 721 815
5 282 291 397 540 873
12 185 205 291 395 398 461 571 588 674 721 928 952
15 92 112 214 356 407 441 510 623 736 779 781 799 815 978 984
11 71 73 182 223 236 460 555 575 856 908 925
10 27 37 79 178 179 446 506 581 773 985
5 99 222 238 483 555
7 324 417 502 507 718 783 929
11 115 156 175 272 548 661 737 803 807 978 981
17 79 109 141 175 195 207 278 283 306 384 432 441 742 760 812 821 906
8 135 363 459 580 747 760 893 982
14 42 62 122 294 384 385 725 739 802 804 824 887 976 993
7 14 174 210 345 390 432 927
8 77 152 422 503 569 600 740 919
10 23 73 191 505 565 605 735 773 812 839
8 172 317 563 624 801 921 929 948
12 23 117 219 260 282 320 334 439 600 661 804 839
2 505 678
9 245 319 349 395 478 570 629 722 875
11 23 109 304 561 742 751 791 815 839 867 931
12 18 265 293 322 363 371 473 695 713 738 764 803
10 166 184 223 409 510 513 560 798 936 986
6 17 86 120 397 501 642
7 159 263 451 517 599 860 921
14 89 101 280 309 368 437 534 626 707 751 799 888 894 965
14 24 179 405 487 561 607 637 643 651 663 664 683 828 907
11 137 300 465 507 623 682 710 814 906 924 993
5 362 432 576 600 882
9 42 119 158 356 392 408 441 861 950
17 1 41 78 85 132 138 302 311 335 478 499 710 782 794 799 884 925
4 396 515 621 837
9 13 27 161 274 275 438 518 633 954
8 402 468 551 575 761 772 809 986
15 37 54 226 235 288 345 381 469 601 611 698 740 837 858 948
7 65 126 235 574 836 841 901
11 3 80 107 137 172 208 217 417 490 886 973
6 86 601 655 716 799 980
11 17 43 179 314 412 548 578 663 687 705 849
12 114 205 287 355 435 484 687 744 795 841 843 852
5 153 761 976 978 979
12 8 22 182 236 240 331 371 484 875 919 930 933
10 155 159 168 294 359 446 675 681 726 944
11 55 264 276 495 544 599 624 628 629 695 826
10 2 11 122 251 501 538 567 582 643 976
12 25 47 83 173 267 307 324 417 890 913 933 955
8 11 98 232 409 613 958 990 991
9 225 395 407 470 512 525 529 714 823
11 79 205 292 363 368 528 555 688 711 730 870
10 90 124 383 533 544 719 798 903 905 992
14 96 126 186 289 337 420 467 472 555 632 637 684 846 883
12 6 133 299 403 423 491 528 549 622 653 728 810
3 108 653 827
12 4 176 289 443 449 460 517 614 846 887 914 952
9 174 191 291 456 474 507 699 786 947
12 10 70 146 275 350 491 596 650 704 831 854 948
10 216 357 481 533 611 762 799 859 862 931
12 4 117 203 235 238 259 286 357 479 584 825 851
19 30 63 95 138 354 382 386 405 430 474 556 566 600 672 709 772 778 797 942
4 91 96 627 888
12 24 69 330 393 419 596 645 725 771 884 935 945
8 11 371 397 527 542 774 821 946
8 30 91 250 314 319 629 786 977
10 28 215 299 301 371 427 429 613 661 823
7 109 311 319 335 388 634 945
9 105 252 277 281 490 559 682 764 974
13 118 147 203 204 226 256 337 417 668 706 873 877 878
8 40 174 210 266 369 583 614 818
12 31 51 129 272 292 302 490 529 781 826 893 907
10 24 123 160 176 226 352 402 558 779 856
11 27 301 305 440 484 492 590 600 881 918 952
8 25 210 477 641 756 816 938 971
12 100 273 351 356 370 401 409 587 609 750 796 909
13 139 342 355 402 404 416 546 655 680 703 847 883 983
12 10 44 518 530 549 608 614 676 692 895 934 978
6 86 138 436 579 615 758
7 127 188 281 483 625 734 903
6 82 119 287 436 678 917
9 101 150 162 253 390 449 537 898 967
8 139 406 461 465 524 759 840 898
13 31 110 132 157 472 524 607 713 727 835 841 845 944
12 63 139 231 405 477 579 675 682 766 861 901 968
12 44 79 213 395 431 444 559 565 745 849 882 985
14 16 48 234 328 344 348 412 425 509 599 740 818 914 982
13 36 85 247 448 477 584 614 662 672 678 756 835 853
8 46 72 158 330 429 782 829 888
8 79 262 358 447 457 756 818 837
12 10 164 235 353 364 388 479 522 667 823 898 976
8 107 294 439 441 752 808 832 910
10 24 319 463 471 524 552 554 569 728 863
8 226 342 528 548 625 684 690 928
11 119 164 186 286 304 340 414 423 686 775 882
12 37 264 331 397 442 508 609 612 628 833 902 907
7 168 255 283 286 297 891 963
6 193 398 554 682 805 821
9 16 25 109 212 261 730 734 756 776
9 190 360 370 466 471 545 699 938 981
16 33 148 151 156 236 288 304 337 415 568 589 686 741 760 819 986
13 16 214 280 404 435 443 508 514 610 636 688 724 785
10 77 404 428 549 658 683 804 836 856 948
3 32 343 568
7 336 397 465 687 792 904 918
11 301 326 331 355 371 425 552 601 831 896 959
12 10 86 90 104 170 178 237 681 682 724 954 993
12 241 275 320 369 511 518 593 793 803 845 861 971
12 1 35 115 201 319 337 437 461 600 606 969 975
13 168 201 224 273 347 482 559 584 748 769 804 810 820
11 81 212 294 493 647 703 798 915 928 936 941
7 31 141 234 605 759 905 956
6 138 179 319 435 787 926
8 24 54 59 75 418 505 570 688
12 139 158 159 194 267 310 378 419 527 687 920 997
15 16 46 65 156 158 234 245 355 510 553 633 699 762 835 893
14 93 171 186 374 390 444 521 706 760 771 793 870 928 956
9 59 179 262 316 359 506 545 627 650
9 42 74 333 359 405 491 515 560 832
7 160 323 332 556 650 651 947
10 143 226 260 262 319 626 837 850 859 861
12 166 208 246 379 381 461 508 638 665 729 786 887
6 170 203 266 745 932 949
9 219 222 386 647 766 850 870 923 930
7 532 543 626 629 787 838 978
14 121 171 172 223 350 473 492 532 684 698 721 749 790 979
9 15 84 217 237 488 628 643 689 908
10 48 190 483 511 560 568 594 667 687 738
12 53 66 181 211 257 276 340 654 665 827 883 889
8 34 137 164 482 575 594 648 949
12 55 132 385 421 501 713 915 916 935 959 977 993
11 158 262 452 616 699 715 730 794 807 899 920
9 24 60 544 616 784 878 915 934 957
15 33 52 157 220 232 491 531 556 619 653 679 699 792 892 904
11 8 31 160 196 303 381 555 714 917 934 984
10 9 102 125 232 239 271 330 432 858 883
9 54 110 199 237 381 437 484 630 713
12 43 76 152 300 327 472 566 669 674 806 838 883
7 33 189 260 266 415 710 803
9 239 458 514 517 527 575 775 848 996
6 179 307 414 458 585 747
10 65 117 214 306 376 561 625 781 873 977
14 131 320 424 427 436 526 609 645 691 693 758 880 916 975
9 159 194 351 385 402 478 547 631 854
12 101 280 388 464 483 519 596 692 733 848 869 879
12 72 124 132 150 199 233 388 418 555 619 638 773
9 29 462 505 540 627 708 801 842 890
7 97 392 436 443 481 519 762
10 113 119 170 207 231 372 520 622 693 713
9 32 75 92 139 333 732 761 876 908
16 33 116 134 283 427 514 533 567 641 724 739 753 773 833 862 971
10 42 89 95 185 625 692 821 915 951 963
2 476 982
12 117 188 231 233 258 274 278 286 425 512 658 684
18 64 68 94 186 273 308 330 353 399 479 587 616 647 729 750 898 931 969
10 52 149 322 358 513 578 718 801 802 942
11 85 90 120 123 164 190 321 385 566 569 731
8 285 345 382 402 459 460 577 635
8 37 153 177 214 588 661 873 914
9 13 409 418 538 585 675 818 879 930
9 4 143 271 536 688 754 781 929 940
5 89 303 349 548 618
10 4 252 378 567 721 737 749 873 880 996
9 36 364 476 477 554 675 864 882 926
16 108 144 167 229 254 301 320 434 449 576 577 602 603 684 945 976
12 15 104 152 210 261 271 445 479 568 595 775 906
8 159 169 285 465 571 668 764 938
7 138 284 315 397 626 653 892
6 36 58 186 694 896 918
11 199 233 371 445 453 457 597 658 686 779 884
13 20 38 43 270 408 539 691 740 812 819 909 946 983
14 21 49 219 235 266 274 391 506 528 637 725 730 780 955
4 4 18 501 847
6 118 424 660 901 935 993
8 19 124 260 294 377 428 455 985
3 91 928 949
10 30 242 259 489 539 540 603 701 833 989
8 21 46 141 269 594 830 839 957
10 17 57 124 252 647 825 827 913 952 984
9 83 114 162 182 203 323 502 652 903
9 39 74 134 378 565 675 727 830 880
9 275 466 474 513 537 608 696 774 822
11 122 145 252 496 538 588 591 786 789 844 944
14 85 96 188 327 377 435 469 507 766 801 804 928 958 972
18 29 224 291 370 407 448 476 554 576 616 640 683 687 728 802 813 847 881
10 241 309 422 470 495 526 693 712 976 985
7 31 65 238 454 514 673 956
8 26 39 47 142 256 320 521 972
6 87 227 371 376 461 808
14 11 101 208 242 271 281 394 524 670 725 804 817 823 933
11 5 32 169 173 198 241 371 455 791 845 855
6 39 102 225 226 538 667
10 23 255 321 377 424 437 611 713 738 852
11 5 57 115 211 283 284 504 560 590 709 841
8 34 43 265 610 653 729 824 977
7 9 86 113 565 663 702 991
3 197 692 701
6 48 180 190 217 777 867
11 81 256 329 432 455 541 584 749 786 839 934
12 56 127 397 421 517 555 625 638 704 804 834 838
11 137 377 409 470 488 520 552 624 743 745 877
8 77 409 656 674 709 861 948 989
12 194 217 483 489 526 529 534 580 652 735 910 964
13 97 136 236 273 422 466 492 564 597 755 866 875 927
9 89 241 265 350 572 711 775 847 923
13 140 190 210 230 232 271 335 354 356 396 525 712 734
5 314 413 484 817 904
4 515 614 670 722
10 39 66 103 163 282 590 763 778 888 891
10 27 402 527 575 605 606 826 853 881 902
13 20 33 153 307 354 407 419 586 669 747 839 892 952
13 48 89 340 349 358 366 389 487 558 720 760 792 875
10 280 328 346 519 559 649 652 693 990 999
6 287 407 462 593 932 982
8 24 102 469 605 752 874 893 932
14 52 203 287 300 302 510 554 628 638 702 768 880 914 948
10 100 227 323 450 528 587 624 738 764 816
18 160 218 427 475 487 549 569 618 628 636 646 649 748 751 764 807 822 915
11 179 181 463 577 591 601 635 654 748 833 968
9 0 181 296 309 322 568 680 772 795
10 70 227 289 389 737 795 918 925 948 997
8 58 79 118 555 592 761 846 992
13 44 90 233 256 310 311 414 507 528 721 741 821 857
9 42 377 386 393 421 475 564 574 638
10 19 132 182 247 282 443 452 588 609 900
6 20 337 583 741 881 988
10 157 198 313 457 465 594 651 792 839 937
14 13 92 138 229 389 404 416 569 663 678 684 822 833 878
7 22 355 515 519 616 704 911
13 6 170 172 188 216 251 448 483 560 733 788 909 927
12 81 200 371 429 439 458 532 545 560 665 804 904
11 131 171 192 230 261 270 333 365 516 851 918
11 119 172 263 561 592 613 750 840 866 888 984
8 50 77 320 414 587 673 830 875
8 31 463 502 563 628 656 686 761
6 241 481 518 623 745 874
15 30 68 103 202 238 242 309 323 375 551 858 873 947 989 999
7 220 612 620 650 843 864 971
17 121 242 267 268 393 411 520 535 602 693 713 724 754 801 833 874 963
9 26 49 94 147 195 227 250 284 465
8 37 55 68 248 439 645 911 919
10 173 216 350 376 379 486 497 628 646 668
9 198 336 553 579 585 654 923 949 970
13 69 74 83 191 215 241 325 366 367 421 443 694 731
6 32 422 470 549 896 944
9 92 149 404 476 678 716 778 870 886
6 169 207 252 516 556 969
7 53 72 97 136 372 671 832
8 78 120 260 306 388 399 464 715
8 266 304 485 603 634 686 743 925
8 242 393 453 480 481 513 820 872
12 177 205 214 235 437 605 687 700 730 816 951 958
11 7 279 311 325 595 659 706 725 831 968 997
11 123 229 280 376 442 529 612 638 689 767 893
8 49 66 219 519 557 683 865 936
13 51 69 74 107 153 296 365 389 409 514 820 821 880
16 29 41 69 165 183 351 369 410 440 483 533 671 680 943 967 975
6 220 260 439 679 696 836
9 308 339 358 446 481 506 585 768 783
13 101 136 150 252 271 319 501 704 794 858 893 976 986
7 90 494 806 859 973 987 993
14 11 84 232 308 316 383 433 498 538 636 690 812 820 965
7 60 268 340 557 631 753 766
12 21 42 232 254 396 463 507 562 699 700 860 923
7 36 164 227 662 792 853 935
6 106 166 251 669 836 860
7 28 179 182 197 301 364 905
5 164 165 427 687 983
11 6 87 157 160 330 456 521 541 782 850 984
7 118 208 267 278 349 475 801
11 22 128 244 246 308 313 531 543 675 692 710
9 95 112 194 274 302 358 417 482 784
2 201 541
9 101 186 257 396 406 423 470 717 841
9 47 53 54 121 239 422 478 587 731
10 173 179 198 257 445 571 806 900 924 930
13 93 111 160 261 419 460 463 464 531 630 803 862 886
14 12 20 37 222 267 313 390 409 602 651 695 829 891 987
12 33 90 251 282 499 609 668 693 877 916 990 999
10 33 38 108 331 335 441 566 653 797 887
13 54 66 175 211 424 462 589 627 638 711 761 791 888
13 25 98 109 154 158 255 578 597 611 624 968 992 998
8 0 16 253 350 395 623 901 927
12 63 222 247 330 464 517 659 781 802 824 872 975
10 72 95 382 513 531 648 694 939 964 979
7 42 56 68 107 193 706 902
7 297 390 648 702 727 784 898
6 335 416 539 553 864 892
15 6 59 352 618 652 669 671 710 752 761 852 860 889 961 982
12 152 166 340 356 364 514 632 691 695 749 790 820
13 36 52 148 150 223 434 465 572 618 742 747 944 981
9 23 255 335 392 579 601 813 856 871
14 305 306 396 508 543 575 623 644 680 746 811 839 927 970
10 57 140 150 180 323 464 605 736 777 861
12 29 53 143 174 222 323 442 544 553 881 937 957
8 172 248 274 287 354 621 910 939
12 167 312 379 446 469 665 803 852 863 876 917 944
14 258 384 400 429 442 534 564 652 674 840 858 862 933 942
15 121 310 414 442 449 459 486 508 636 740 847 866 898 905 926
18 35 150 196 248 270 332 392 405 456 505 540 583 720 724 725 780 804 916
12 67 68 265 347 369 671 705 855 873 901 937 988
9 219 509 522 630 713 767 796 909 962
7 71 202 665 775 776 791 811
9 12 51 203 349 380 462 716 748 882
13 36 38 64 167 216 351 366 410 439 587 811 851 901
9 258 265 527 716 798 839 891 900 962
7 219 249 303 697 818 827 843
13 5 8 45 89 190 291 500 563 693 739 756 803 991
12 9 105 111 157 223 227 347 509 548 650 787 902
7 96 383 389 435 476 589 810
16 41 71 102 169 318 329 350 411 475 572 583 613 733 750 780 843
15 45 159 240 250 253 329 483 626 633 682 683 725 787 878 899
13 90 106 188 199 309 440 495 547 571 631 683 698 995
12 226 256 320 331 547 664 693 737 754 778 779 910
9 82 129 159 416 575 577 628 762 990
12 225 313 401 416 424 736 770 853 854 859 924 969
10 115 275 295 437 499 737 860 950 998 999
15 176 245 293 310 368 395 422 477 613 716 786 804 838 859 963
10 80 105 208 210 239 302 372 661 675 836
7 141 415 524 690 732 753 976
9 9 407 464 561 564 632 773 812 853
14 58 166 195 377 383 619 682 811 844 862 868 935 991 992
9 26 34 292 366 537 598 612 682 706
14 55 154 342 368 621 692 791 808 820 879 942 964 971 979
13 122 205 234 237 613 705 744 781 802 909 920 961 969
12 104 220 224 284 299 582 624 705 860 906 916 945
12 33 95 125 239 291 369 499 579 611 708 817 880
5 276 630 716 900 974
8 9 426 577 668 767 804 876 945
11 19 25 96 212 351 478 592 681 729 740 889
7 348 528 635 651 918 933 963
3 31 407 985
10 16 43 72 98 427 532 536 679 742 843
9 199 444 482 492 585 606 688 954 983
6 118 473 547 648 727 807
14 22 192 213 296 338 425 559 775 831 859 882 887 913 982
9 4 177 345 400 600 615 628 761 859
8 87 183 657 697 724 937 946 954
9 35 359 531 541 587 791 828 892 982
11 184 187 279 312 465 523 601 651 833 869 934
12 45 131 175 283 337 424 514 548 575 626 651 861
10 114 152 177 196 223 349 388 429 724 931
11 63 261 267 287 458 464 581 740 792 887 909
14 13 40 132 168 252 467 474 513 666 794 875 911 915 916
14 38 128 131 173 191 281 381 597 640 669 762 763 835 994
7 70 273 293 671 675 716 838
9 26 107 216 319 627 684 762 962 984
14 44 48 109 115 191 321 347 416 450 509 586 659 873 899
17 5 87 127 142 267 305 316 352 421 455 506 518 616 853 925 968 994
16 84 113 200 284 373 394 565 757 809 818 832 912 949 953 975 990
3 61 397 412
7 193 222 305 365 449 558 673
16 39 69 112 151 201 243 273 401 514 621 677 795 804 837 880 930
12 28 73 154 310 313 378 394 420 564 735 739 840
7 314 366 404 584 789 847 913
6 34 123 282 353 434 861
10 17 18 38 111 256 467 764 771 907 979
12 19 73 117 505 675 702 736 772 802 836 917 973
13 47 152 248 249 258 355 485 555 608 650 821 866 942
13 66 139 216 371 538 567 597 613 663 702 729 904 990
6 69 308 351 368 675 821
14 111 137 230 280 305 375 471 536 591 652 788 833 934 985
11 80 217 220 259 337 382 388 496 592 753 771
11 24 216 237 368 419 538 613 760 768 941 972
10 93 105 243 555 579 660 827 830 844 869
8 299 436 442 450 504 705 842 892
12 17 85 103 120 290 291 396 498 641 760 867 892
11 38 218 225 316 422 559 632 736 850 981 986
4 194 368 463 536
7 105 404 698 814 898 981 999
12 164 326 498 527 534 584 589 618 733 757 810 833
7 1 247 347 488 759 865 889
14 98 213 325 348 357 427 525 529 662 689 770 791 827 878
12 130 145 336 342 453 580 637 643 715 789 828 844
15 66 77 91 171 312 342 465 613 662 704 866 894 929 958 992
9 75 141 364 434 438 504 775 967 985
5 42 150 230 770 995
7 290 436 458 644 883 900 952
14 42 108 125 212 218 298 460 691 718 800 847 848 907 954
8 24 265 283 396 590 718 865 891
4 53 242 767 827
18 5 11 13 15 38 89 309 478 479 500 581 635 677 725 746 749 844 906
12 115 147 178 207 259 327 474 506 673 776 836 960
13 41 47 62 161 167 220 243 268 383 410 593 806 940
5 104 662 752 922 989
9 8 99 202 402 600 625 659 684 792
9 15 103 258 271 366 659 668 723 776
10 46 149 151 281 408 453 460 629 954 956
10 64 79 258 263 329 350 381 568 607 675
13 174 176 217 219 300 311 365 387 524 530 679 965 992
8 131 138 227 285 299 412 839 955
13 25 162 420 428 572 589 617 675 736 807 877 989 996
10 71 144 238 377 517 607 626 780 819 918
11 97 234 251 275 378 501 533 592 738 925 974
11 191 284 293 359 395 396 598 676 732 791 831
11 105 115 142 189 195 307 398 486 800 926 961
5 429 597 662 919 936
10 117 145 166 185 400 473 646 802 851 942
8 59 369 389 463 486 519 812 834
13 124 137 184 251 346 361 515 642 648 721 812 876 999
8 227 303 322 445 679 732 799 863
7 26 81 213 316 328 525 743
11 37 61 266 269 293 331 385 554 661 726 885
7 6 183 258 322 383 393 693
8 48 188 279 643 666 682 755 970
13 45 81 86 172 332 441 478 727 765 813 908 926 935
10 58 100 370 456 476 557 661 744 799 955
7 46 162 581 777 802 969 989
11 48 71 72 116 204 389 664 786 806 829 962
10 174 202 295 305 375 458 480 506 585 859
8 44 197 330 350 635 731 833 848
14 74 105 323 330 384 480 494 702 728 810 829 866 877 962
15 22 69 83 105 156 207 321 447 606 666 758 896 934 945 961
11 132 244 250 408 457 492 530 665 666 966 967
9 117 180 368 539 743 818 879 882 934
11 170 175 508 547 573 636 669 685 765 835 854
2 213 491
12 10 79 236 391 465 476 687 688 787 833 857 915
11 59 155 226 253 275 364 520 536 764 799 818
12 94 120 306 325 408 424 499 575 668 905 947 951
8 22 70 90 142 376 513 622 710
14 26 38 73 241 320 382 399 440 470 504 615 686 851 959
10 36 133 172 324 348 390 656 660 688 815
12 133 266 446 475 536 557 672 704 752 846 857 969
13 10 16 93 96 142 239 359 374 545 664 875 891 913
7 36 348 384 527 715 790 867
11 27 387 398 495 528 559 725 734 826 952 993
11 3 8 273 379 549 618 692 802 821 960 994
10 293 295 343 392 649 693 835 836 942 975
6 24 136 331 418 758 812
9 39 48 112 224 229 310 734 821 940
10 41 138 335 369 447 510 525 562 934 997
7 52 488 560 612 798 900 978
5 193 212 252 739 838
13 43 116 183 186 197 227 239 274 502 551 710 734 872
6 203 206 271 384 457 505
8 330 404 443 681 768 780 821 826
5 110 119 330 342 415
4 125 818 863 864
8 157 184 277 375 380 417 459 769
14 45 72 91 100 147 274 375 499 578 671 731 779 824 849
6 34 168 195 249 554 558
5 34 243 347 524 751
9 165 241 261 308 390 444 666 733 893
6 61 267 360 616 726 776
10 94 203 225 358 447 492 725 882 898 999
8 41 165 261 403 419 488 598 773
18 79 215 232 398 476 483 490 525 529 540 651 655 666 717 764 770 835 928
10 9 88 222 236 243 253 373 637 959 987
5 244 502 587 679 866
18 44 56 125 297 298 320 350 394 514 610 757 820 861 869 925 954 979 985
3 102 557 870
13 327 383 454 456 536 593 838 929 933 945 963 993 994
10 3 91 299 311 487 662 751 797 932 954
3 403 756 985
11 57 200 461 489 518 664 805 845 856 957 990
7 82 150 220 314 586 674 708
8 57 173 196 401 448 458 761 839
12 87 104 118 185 212 366 382 447 491 626 864 914
19 39 48 88 138 245 259 307 317 365 551 662 771 796 875 907 938 941 942 997
14 120 136 194 286 290 333 477 506 558 624 717 774 833 973
8 228 283 312 446 512 739 908 987
17 12 120 212 261 292 381 383 400 407 480 502 672 753 830 893 915 981
11 188 212 231 290 553 641 761 763 855 884 954
8 154 302 442 467 493 669 711 745
8 27 90 96 309 428 478 679 707
12 2 74 153 160 163 219 455 486 533 680 818 865
9 201 281 477 662 822 843 881 884 905
10 138 233 415 655 698 729 770 853 974 986
9 120 323 384 496 547 576 776 781 823
11 108 267 383 427 464 581 661 704 801 854 972
11 44 162 195 219 337 539 614 697 953 964 995
10 139 287 311 365 381 389 419 446 663 720
4 845 899 939 992
8 71 131 350 510 667 727 728 937
8 127 240 316 532 629 699 766 841
7 192 565 764 810 825 925 964
12 53 121 145 195 213 292 539 570 758 824 870 902
6 27 73 458 543 806 938
7 94 97 229 308 406 651 875
8 383 407 563 659 691 940 952 976
10 124 276 289 320 344 649 812 828 841 926
8 26 105 149 295 450 452 500 565
11 118 137 378 383 594 647 731 762 786 805 815
10 224 283 285 403 474 524 662 773 959 973
13 82 153 195 285 392 443 496 505 506 613 645 768 771
11 47 76 345 368 378 454 463 527 761 895 960
13 220 221 299 333 360 445 712 800 826 859 955 983 990
5 63 106 294 384 408
8 128 151 206 242 613 634 887 911
9 30 114 133 367 400 588 768 833 915
6 98 503 759 782 882 970
11 81 106 268 319 335 673 868 926 949 962 971
15 117 123 142 168 418 449 513 551 552 646 676 768 893 907 925
7 120 339 530 588 673 677 988
11 33 37 178 186 232 324 484 568 572 636 793
15 10 63 253 430 538 540 550 562 619 625 633 650 718 743 774
10 195 207 361 393 525 638 771 872 890 995
9 106 195 479 574 590 621 767 928 994
10 9 43 287 294 396 462 468 579 707 876
9 509 570 578 579 609 613 680 744 955
9 46 142 256 293 357 640 689 727 765
11 67 158 235 332 407 444 494 552 585 791 971
10 303 376 431 454 510 581 630 751 846 930
8 157 355 373 702 733 845 847 979
7 413 422 454 466 511 606 874
9 42 76 136 227 253 589 628 919 929
14 58 62 168 352 399 517 548 658 660 707 892 897 940 981
8 133 150 172 303 367 463 622 905
17 22 58 211 250 325 329 346 436 484 511 523 526 554 557 772 859 925
8 46 165 243 560 659 706 910 978
6 96 130 518 547 660 779
11 43 87 187 246 253 393 411 692 728 884 975
11 299 423 498 555 566 615 631 749 761 928 935
11 107 242 385 422 458 632 666 754 916 940 982
7 61 141 211 272 495 602 947
11 61 196 234 250 263 272 477 487 488 570 852
11 56 195 268 350 420 477 478 763 825 881 920
13 36 91 219 259 291 319 330 393 512 551 807 841 962
2 581 961
12 123 260 266 335 400 415 587 786 818 840 908 955
11 71 138 207 208 270 280 293 350 417 433 583
11 217 267 279 326 499 583 588 717 901 976 988
13 120 162 292 419 538 667 827 858 897 936 958 966 974
9 70 259 427 485 726 749 769 829 850
8 50 308 336 455 544 646 704 705
17 45 77 114 138 243 310 317 362 436 489 593 678 732 762 801 896 987
14 127 308 314 351 378 404 444 473 479 569 594 878 904 933
8 77 334 409 450 745 778 862 976
10 190 212 443 455 722 723 888 890 961 994
6 347 423 782 845 936 979
8 472 503 637 737 766 933 960 998
12 18 36 42 95 135 203 291 478 535 634 794 838
10 26 95 223 265 281 297 299 429 641 860
3 417 429 820
8 342 362 764 787 805 839 870 943
14 39 49 103 361 381 452 523 525 577 670 757 770 841 916
10 2 30 58 242 276 802 841 906 937 950
11 67 128 224 365 394 425 540 589 636 691 760
9 207 466 490 491 531 691 721 833 962
6 235 282 418 451 488 676
10 90 145 194 631 665 673 733 773 812 876
6 64 312 492 622 829 868
6 57 227 359 367 882 990
11 53 112 161 196 199 304 436 454 586 600 876
9 38 217 370 446 630 833 873 909 984
7 83 138 351 371 653 868 883
16 31 151 190 249 296 302 314 358 404 467 774 821 827 838 859 868
6 216 300 848 916 961 970
9 11 142 297 414 539 591 725 738 809
12 46 103 206 411 469 471 483 493 511 773 900 929
8 101 439 613 626 688 780 907 954
9 2 30 33 35 177 321 544 545 662
8 11 103 218 769 834 902 953 961
4 377 465 638 867
9 150 170 172 291 328 388 565 705 875
10 0 36 164 188 373 695 821 832 865 965
4 552 695 739 991
9 267 272 316 404 465 503 507 838 869
17 77 142 168 181 229 337 355 418 465 477 547 592 611 715 814 929 946
8 108 211 568 610 690 874 906 964
14 54 55 100 133 249 346 452 500 571 640 667 758 796 996
15 5 116 220 258 350 577 640 678 737 742 747 835 845 892 991
12 22 98 287 320 360 495 525 634 805 811 816 867
10 48 62 97 217 264 297 337 417 829 925
16 24 47 52 136 144 164 322 409 440 576 606 649 774 882 917 932
7 70 315 485 560 566 692 980
9 310 395 476 536 609 670 707 827 899
10 82 245 264 371 592 596 600 768 773 857
7 19 184 368 519 874 897 923
14 2 12 85 152 163 173 459 481 523 533 557 808 935 943
11 62 101 178 328 386 479 482 697 728 952 983
10 190 293 358 382 559 715 783 837 915 941
8 181 316 473 519 599 627 723 836
9 53 118 183 203 252 336 464 495 508
9 77 125 266 388 391 747 837 918 992
9 3 59 145 179 189 456 498 728 886
8 63 67 366 415 567 580 662 806
12 84 135 208 490 572 666 815 919 951 964 977 992
10 251 288 366 401 630 694 910 945 996 998
10 45 56 60 128 458 547 795 822 866 982
9 180 306 376 456 728 741 843 916 979
7 45 275 383 384 469 817 935
12 34 160 291 328 364 455 547 679 690 783 872 912
10 36 91 102 241 320 398 476 778 890 946
14 58 93 137 189 194 383 608 619 669 790 962 975 980 987
9 34 112 127 257 380 454 550 589 806
10 135 166 316 428 485 528 628 837 947 988
10 40 54 326 404 479 680 771 800 847 919
6 13 37 153 369 570 852
13 73 82 240 253 255 264 473 620 788 844 900 957 986
9 82 515 536 616 702 781 791 905 947
12 52 84 244 308 578 595 643 727 790 825 889 920
8 59 134 248 277 537 657 833 869
11 179 180 266 282 377 529 532 704 829 853 925
22 33 48 64 72 150 202 209 315 387 400 446 454 502 623 629 652 679 794 815 822 895 898
14 2 34 72 225 281 313 480 510 512 649 692 819 931 989
9 52 125 374 510 629 683 927 981 993
13 190 234 332 382 383 522 584 613 642 701 777 820 959
9 54 112 571 581 667 773 841 875 917
8 159 250 289 349 428 641 697 773
10 10 70 163 419 467 494 546 664 797 855
14 7 381 424 529 602 651 656 659 734 777 814 841 852 935
9 33 130 275 605 690 719 799 829 971
9 163 481 538 542 613 634 702 858 911
11 71 166 229 282 522 528 625 651 663 754 923
8 21 90 202 227 385 523 675 859
18 60 122 131 134 175 184 311 316 486 612 650 707 716 734 765 766 776 949
8 30 96 230 347 626 662 713 731
10 158 260 305 331 370 468 501 541 944 975
12 48 80 264 468 548 552 610 635 773 880 901 971
8 144 159 363 459 573 764 768 847
14 15 117 152 227 374 411 479 694 750 859 890 891 941 980
8 142 173 238 335 479 606 677 970
8 115 166 337 465 476 558 602 717
11 87 130 173 237 307 326 449 490 635 757 965
15 21 22 97 199 254 434 657 696 789 834 875 887 894 908 965
10 39 81 177 424 738 749 823 847 919 978
9 6 53 72 139 298 437 452 941 953
5 65 152 161 267 898
13 42 57 116 223 231 287 348 364 483 574 649 686 975
8 35 278 290 474 477 583 701 810
8 8 36 61 84 395 527 756 796
10 33 90 91 348 520 539 782 805 854 860
10 26 29 84 109 291 455 591 751 758 822
10 189 356 446 468 489 504 538 560 668 757
13 64 102 140 270 299 377 392 430 508 551 838 900 987
5 273 282 661 887 945
10 199 297 425 509 698 761 867 887 898 930
9 109 161 208 385 386 518 746 858 978
14 16 41 96 119 241 467 625 727 788 809 842 857 890 914
7 60 227 445 619 767 804 880
8 191 218 276 471 598 811 831 883
10 148 173 194 199 206 225 566 572 584 769
4 544 561 653 754
10 160 185 312 321 349 404 435 636 692 929
13 181 321 350 449 490 523 563 573 593 703 840 919 927
11 113 151 178 190 273 304 442 462 473 805 934
15 181 186 268 275 349 355 365 396 465 483 494 518 797 858 983
11 38 64 103 263 621 649 701 729 789 803 907
13 17 107 139 303 426 441 549 574 644 743 752 914 930
9 10 178 297 383 500 557 684 851 995
9 7 27 95 131 257 354 489 736 855
7 25 121 202 515 715 796 962
11 19 130 220 275 475 536 577 642 787 861 876
9 90 458 468 470 487 729 798 923 955
13 137 179 184 336 427 486 564 565 595 647 707 820 986
5 350 457 571 875 962
8 162 196 535 725 768 817 834 927
11 53 130 164 170 173 189 588 649 744 761 856
6 139 240 382 417 729 832
8 30 56 355 372 492 748 814 976
14 15 101 124 236 252 255 325 472 515 580 584 604 632 686
10 86 97 266 336 558 762 863 881 907 977
13 99 275 416 421 427 455 489 616 700 764 812 863 962
13 179 230 263 317 388 421 524 526 593 596 602 713 722
10 111 168 347 383 393 633 746 761 790 860
8 35 216 232 256 355 635 783 842
10 62 181 360 449 606 643 837 842 854 892
8 101 152 162 226 344 642 683 758
9 121 127 145 212 237 375 592 602 653
13 108 139 221 294 344 472 530 538 546 689 713 733 983
6 195 504 539 647 841 858
15 21 119 254 443 574 577 690 708 730 760 769 872 916 925 989
10 69 117 149 152 343 346 399 530 628 995
7 150 224 271 418 501 560 798
10 83 148 157 257 284 413 515 722 816 879
23 65 155 261 316 342 384 393 404 505 527 536 576 583 626 656 705 711 759 864 894 928 954 980
6 365 564 719 782 814 948
11 249 253 281 510 581 594 613 728 845 981 983
17 81 111 204 268 423 431 484 523 548 594 739 893 894 910 980 992 997
11 61 200 203 255 286 518 738 741 753 824 842
12 27 290 303 365 483 511 599 618 698 713 724 792
16 158 165 184 186 189 343 364 376 392 458 471 556 623 701 855 892
14 41 85 124 129 146 248 398 463 519 686 802 884 915 960
15 204 208 249 359 439 641 647 684 702 703 765 768 828 884 914
9 76 312 531 796 823 824 837 971 997
11 84 208 403 472 476 498 633 747 880 886 951
10 115 348 487 530 539 547 756 894 967 976
16 64 91 106 107 249 273 356 621 639 670 696 728 835 860 930 932
9 49 219 222 387 589 669 889 941 962
13 242 338 350 370 464 520 544 670 754 777 783 938 950
9 63 149 305 310 544 576 714 894 919
5 207 251 606 859 979
9 65 286 289 434 533 690 879 904 947
14 33 99 117 138 226 397 470 563 587 807 891 930 971 977
11 208 358 454 462 682 755 768 864 926 955 969
10 75 253 375 430 481 486 514 634 760 926
9 38 224 309 481 581 636 789 824 972
10 13 60 108 356 466 629 767 808 839 958
10 63 97 99 174 238 268 457 621 815 876
9 86 388 583 589 734 796 909 937 977
12 99 203 301 402 425 463 689 770 795 804 828 930
18 45 75 225 286 426 481 483 501 502 575 653 675 713 772 778 849 917 987
16 22 29 193 429 431 454 482 491 699 789 822 845 915 928 930 989
14 66 116 198 250 273 286 367 459 506 521 616 810 909 935
8 122 225 316 442 463 487 694 900
7 258 462 566 604 819 820 998
14 68 82 329 403 453 604 624 833 852 920 941 959 986 999
10 27 67 128 150 420 537 545 632 722 934
11 84 369 398 464 524 540 577 615 746 890 989
13 18 94 189 363 532 591 720 729 794 887 890 914 968
6 3 487 658 708 712 713
8 48 121 310 505 530 616 724 759
10 217 282 289 411 617 643 701 884 886 924
1 457
8 60 416 449 600 663 749 829 901
14 15 35 171 235 307 324 328 402 466 513 711 945 982 994
9 68 380 401 404 671 726 735 923 969
15 188 210 369 377 399 509 590 625 645 721 765 782 813 947 999
11 148 315 462 494 565 665 707 710 810 856 928
8 7 235 366 444 557 577 894 927
9 17 128 235 298 393 477 538 693 989
8 41 310 325 489 580 832 850 965
13 16 308 328 346 381 421 492 518 776 797 843 936 938
9 3 239 350 375 391 460 633 683 819
16 38 155 165 197 251 260 329 469 501 580 611 657 709 731 904 945
10 84 126 219 242 294 301 303 543 712 798
12 96 199 229 335 629 633 678 840 841 870 926 948
3 133 568 915
7 205 411 442 742 843 870 990
13 99 112 181 222 287 445 501 508 655 782 793 794 867
9 162 168 194 228 254 374 398 446 695
9 147 294 454 495 537 758 846 904 921
10 64 214 312 663 695 750 778 796 866 867
11 46 262 374 443 471 545 590 778 851 912 927
15 32 33 299 333 376 453 504 531 532 673 728 824 839 928 999
11 75 180 237 281 380 419 425 609 628 659 836
8 194 540 782 833 836 844 848 877
5 153 243 652 761 960
8 11 130 271 334 410 578 692 939
5 160 673 689 735 978
12 247 248 256 320 452 464 535 611 761 785 794 967
7 297 477 513 639 733 976 983
15 74 100 117 129 390 441 471 493 543 598 716 756 792 862 919
11 45 204 250 339 448 466 470 688 776 872 932
8 5 261 375 451 474 643 719 996
6 18 60 156 218 245 345
11 131 270 299 372 396 525 693 850 882 889 973
9 169 218 277 432 464 585 633 674 757
10 15 21 150 179 196 331 491 547 703 726
10 195 237 261 522 544 625 659 717 805 819
11 41 57 99 174 292 315 571 627 686 782 932
10 241 336 395 467 490 508 711 857 861 999
9 166 257 368 461 479 676 745 836 941
8 88 394 406 509 655 770 953 964
9 19 54 76 80 90 143 515 749 891
6 214 344 501 520 590 997
12 25 151 222 252 324 381 624 796 806 841 867 990
14 71 276 296 298 317 383 509 583 628 656 738 840 860 885
12 296 308 444 465 491 509 680 702 714 747 829 974
10 28 59 246 300 462 523 731 765 859 995
9 82 239 270 334 386 397 496 558 741
12 112 183 210 406 562 672 744 754 783 802 848 900
6 280 297 490 683 758 864
4 150 185 193 889
1 550
9 29 289 370 408 429 735 771 811 874
6 42 196 441 481 870 952
15 91 108 174 199 386 415 514 559 616 642 659 675 730 760 829
13 20 64 278 329 464 561 571 647 658 852 853 884 998
12 20 182 369 395 448 458 763 802 814 877 891 971
16 29 168 172 259 276 282 341 349 613 664 679 833 860 876 892 970
11 96 177 185 326 540 618 672 716 725 801 956
13 21 210 289 325 441 518 669 794 806 845 851 858 860
9 2 147 189 225 320 507 762 952 981
9 137 288 379 380 619 731 845 901 908
10 112 123 210 214 355 463 496 618 693 697
14 5 14 143 243 298 300 364 505 527 578 580 597 803 865
12 69 229 296 339 430 487 571 679 736 748 768 861
7 191 276 420 562 689 696 880
9 117 392 460 466 503 640 703 857 980
8 125 240 265 332 625 644 847 880
5 50 450 461 639 896
10 86 118 128 326 549 596 646 673 680 962
13 102 137 141 276 529 625 738 778 784 846 864 910 993
15 89 103 161 166 169 227 321 463 489 524 563 594 625 967 990
6 62 422 701 736 957 983
9 19 161 211 249 348 410 456 462 775
11 229 233 330 491 494 578 618 745 793 873 882
10 33 54 163 230 336 503 725 750 977 995
12 50 223 285 402 585 681 753 757 850 875 953 976
10 150 185 203 224 268 367 381 386 834 884
10 74 93 288 295 341 408 515 658 773 967
6 60 198 482 703 847 981
5 317 417 585 744 843
11 172 222 239 344 376 543 592 646 737 924 931
6 515 637 719 784 911 947
15 52 99 105 133 201 272 499 503 544 553 616 619 629 717 833
10 44 214 337 556 572 653 666 686 811 852
7 5 6 277 282 352 553 929
7 139 298 343 460 621 756 943
6 215 349 417 540 689 855
8 96 271 296 587 614 650 764 864
12 9 33 82 83 90 132 548 593 652 697 840 895
9 454 490 561 578 685 695 714 719 986
18 68 149 162 467 471 512 574 577 658 684 705 751 809 813 820 846 940 979
8 38 262 317 404 483 496 618 972
9 110 368 450 489 637 642 726 744 911
13 5 23 32 34 38 90 194 427 555 722 781 782 879
2 579 689
10 9 26 247 422 541 579 844 898 942 949
10 51 98 154 250 384 418 447 514 867 978
12 22 87 274 320 412 481 490 573 589 852 874 972
8 162 408 458 570 657 714 779 928
13 0 240 273 316 403 489 658 668 769 776 842 851 927
7 349 353 529 636 854 963 969
8 50 132 205 426 523 626 650 904
8 155 234 493 559 634 689 916 995
12 164 274 308 422 449 515 594 678 751 775 786 998
19 133 154 181 209 213 256 330 351 425 485 646 688 694 817 844 899 947 981 999
10 117 231 296 307 360 744 819 851 857 946
16 50 99 103 147 169 173 178 209 243 290 598 676 783 795 897 968
13 131 209 291 450 489 522 616 670 696 747 849 962 992
13 9 68 81 106 113 122 206 732 751 778 833 836 937
13 54 178 265 456 533 535 628 673 763 835 931 950 976
11 73 180 252 318 379 454 501 504 680 746 873
12 119 242 336 433 499 653 737 804 827 835 899 943
9 10 160 173 300 344 398 434 512 711
11 123 166 175 251 340 351 497 527 541 616 620
12 120 138 191 202 266 425 533 634 756 812 864 961
12 6 54 90 107 426 443 614 627 692 751 792 859
5 391 466 660 688 753
12 76 342 367 402 550 557 573 762 829 860 866 878
12 215 378 444 480 515 525 621 653 709 886 914 942
9 9 83 151 215 361 473 487 723 728
13 5 136 218 387 447 487 540 555 639 741 744 836 979
13 25 85 140 181 196 272 296 339 426 592 618 763 941
7 510 514 593 618 664 695 873
14 34 48 65 124 159 478 542 637 663 807 830 917 946 974
6 305 328 557 727 745 902
9 42 280 386 418 597 625 836 842 913
8 137 447 482 697 745 863 926 975
15 62 136 141 378 402 444 482 535 565 611 864 875 892 909 976
