600
6 88 103 127 372 519 528
12 18 34 94 212 214 279 327 429 561 571 578 594
7 45 136 235 257 342 571 590
4 34 279 329 467
8 92 94 182 216 395 574 586 593
7 138 150 351 356 393 483 588
6 124 194 234 300 327 510
2 113 561
8 87 93 177 197 327 330 459 546
7 161 164 171 296 356 474 527
7 47 129 205 309 316 482 525
5 21 117 309 415 543
4 294 310 436 550
9 36 88 203 204 455 462 492 546 559
10 73 82 120 143 157 180 227 326 359 432
11 35 70 101 132 147 161 265 294 334 484 595
7 124 146 225 357 385 498 517
9 25 94 209 251 272 469 514 553 558
5 1 141 240 391 424
3 152 169 238
6 52 165 188 212 537 578
15 11 163 181 183 262 263 392 424 452 453 468 506 537 566 574
9 179 215 290 308 364 444 447 578 597
11 102 195 200 254 269 277 406 415 425 445 467
5 70 158 243 341 392
14 17 202 263 277 301 309 317 327 354 419 509 529 576 578
8 35 72 122 251 281 474 526 547
10 53 121 173 232 325 397 415 465 554 598
8 35 86 129 202 215 296 362 395
11 30 95 279 282 299 343 363 412 443 513 542
8 29 154 171 204 331 345 422 536
5 132 211 260 311 432
2 567 585
7 62 181 191 269 360 432 569
9 1 3 245 260 272 384 418 438 486
10 15 26 28 260 264 428 448 550 566 590
5 13 43 369 405 443
7 46 205 214 271 373 465 547
8 89 93 200 289 344 398 400 446
7 63 180 443 475 510 522 543
7 68 304 341 366 403 404 467
6 60 97 141 266 393 440
9 69 190 277 332 452 471 503 535 556
7 36 126 171 464 495 505 597
5 275 396 417 440 517
7 2 143 251 305 312 493 562
7 37 66 138 231 302 411 433
7 10 76 111 276 281 408 454
5 154 245 296 363 452
8 111 115 306 310 354 385 449 587
5 173 207 347 380 541
3 101 122 246
7 20 133 153 155 332 351 368
7 27 57 127 288 314 457 550
10 64 106 168 218 236 340 343 463 497 586
6 284 389 435 449 516 574
6 132 206 420 494 574 593
10 53 71 78 177 303 441 467 469 502 518
6 128 216 343 487 511 563
6 119 222 226 279 327 564
11 41 134 192 262 283 455 468 550 574 578 590
8 142 363 372 406 445 468 503 555
10 33 69 81 135 142 280 294 356 474 530
7 39 187 221 245 431 462 487
9 54 329 488 506 512 532 547 569 585
6 148 228 344 363 428 541
6 46 119 186 253 259 423
7 103 182 227 281 370 445 471
8 40 240 316 330 416 422 564 585
5 42 62 197 293 374
7 15 24 288 319 336 347 569
4 57 283 503 586
7 26 127 156 402 482 503 590
8 14 196 263 325 382 427 510 555
5 101 161 265 469 473
5 85 216 303 480 586
6 47 102 130 206 391 412
7 112 167 214 286 328 336 461
12 57 116 140 189 310 337 349 459 493 506 541 584
8 192 246 316 353 376 377 410 589
7 176 242 260 274 384 484 520
6 62 93 182 325 369 439
8 14 258 301 417 443 517 525 563
3 99 284 541
7 136 355 391 399 428 569 583
3 75 207 450
10 28 221 245 253 359 376 397 432 594 599
10 8 127 179 219 313 338 387 446 485 560
14 0 13 91 122 141 199 234 333 375 408 412 420 506 589
8 38 92 149 170 188 383 482 572
5 108 223 271 471 595
5 88 98 272 550 561
4 4 89 94 138
8 8 38 81 145 328 363 534 585
8 1 4 17 92 163 269 477 494
5 29 191 331 493 575
8 253 269 271 399 452 517 546 568
6 41 163 305 331 480 593
8 91 114 197 268 311 459 464 493
5 83 105 380 389 538
5 152 181 233 257 494
11 15 51 74 121 154 170 171 265 396 456 499
9 23 76 118 170 198 282 284 458 597
9 0 67 229 257 380 444 478 539 588
7 206 334 345 410 533 575 581
9 99 179 192 254 256 425 432 486 582
6 54 251 256 365 499 529
7 268 289 337 454 461 549 564
8 90 159 300 398 426 489 533 558
7 198 212 244 281 545 564 585
10 132 212 261 301 373 460 477 486 585 588
8 47 49 113 137 272 346 547 555
6 77 328 392 480 483 585
5 7 111 206 255 557
6 98 251 342 362 438 552
5 49 338 436 485 499
9 78 135 190 200 259 362 392 481 499
10 11 162 178 192 217 223 279 414 437 480
4 102 160 361 514
10 59 66 170 220 318 376 446 477 533 578
8 14 289 336 384 389 394 405 491
5 27 101 212 233 261
10 26 51 88 201 283 418 462 477 530 555
2 236 303
6 6 16 167 305 381 569
8 240 276 329 346 452 455 484 589
5 43 145 497 500 542
8 0 53 72 87 130 133 292 531
4 58 422 477 586
6 10 28 244 328 394 408
9 76 127 288 408 441 473 500 502 507
9 161 168 294 325 361 374 377 378 414
7 15 31 56 110 164 535 570
10 52 127 177 217 220 314 409 419 431 521
8 60 229 317 325 476 543 545 594
7 62 116 174 203 250 380 406
9 2 84 181 241 252 293 314 390 429
5 111 176 269 465 567
9 5 46 92 209 293 388 417 509 568
5 285 317 367 477 513
4 78 145 352 506
14 18 41 88 228 231 254 333 339 362 397 455 459 475 564
3 61 62 533
9 14 45 196 234 426 454 530 562 565
5 181 182 223 368 392
7 93 126 140 203 396 524 525
8 16 182 184 260 288 356 362 528
3 15 282 449
11 65 166 210 212 222 239 354 365 445 474 548
6 89 240 242 248 402 504
7 5 305 364 412 538 561 585
5 171 287 375 435 543
7 19 100 311 428 496 500 503
6 52 235 262 338 442 529
7 30 48 101 196 462 492 533
5 52 159 213 265 449
6 72 259 261 447 494 549
10 14 189 273 278 311 330 332 342 429 515
6 24 161 197 365 377 495
5 108 155 172 536 576
4 118 237 332 404
9 9 15 74 131 158 431 435 449 457
6 117 215 222 275 278 326
13 21 94 97 183 203 247 341 355 407 439 451 487 589
8 9 132 170 242 366 382 409 464
3 20 204 341
8 148 190 221 302 305 472 480 503
8 77 124 189 203 362 363 580 582
5 54 131 386 476 558
4 19 450 545 571
9 89 101 102 119 164 186 313 408 598
9 9 30 43 101 151 301 331 381 496
5 159 214 299 326 388
8 27 50 199 214 293 303 335 494
7 135 231 386 505 521 553 559
7 316 324 376 378 466 498 585
9 80 137 209 279 316 406 415 444 469
8 8 57 133 290 377 384 410 547
8 117 287 302 335 341 358 408 437
6 22 87 105 286 346 358
7 14 39 325 369 525 561 572
14 21 33 100 136 144 293 315 333 372 390 401 471 537 544
8 4 67 81 144 146 196 255 512
5 21 163 247 418 480
5 146 270 313 346 456
8 190 258 312 365 413 527 551 582
9 66 170 274 287 306 412 434 520 526
5 63 233 258 285 306
6 20 89 199 433 452 547
5 78 157 167 253 406
13 42 116 166 185 196 211 354 369 386 430 445 540 580
8 33 95 192 213 424 478 479 564
9 60 79 105 117 191 230 339 342 432
6 206 228 240 271 272 347
7 6 249 321 353 400 526 559
9 23 218 281 282 332 400 516 529 556
11 73 143 154 182 190 257 266 347 406 565 583
9 8 69 98 158 263 341 359 456 546
4 102 109 343 396
6 88 173 188 376 390 537
3 23 38 116
7 122 223 263 267 407 460 530
8 25 28 322 438 485 487 548 566
11 13 135 145 163 167 299 314 426 431 461 570
7 13 30 165 358 493 499 572
4 10 37 386 588
7 56 76 104 113 193 297 543
7 50 85 338 400 428 493 527
4 295 321 465 468
13 17 138 176 222 281 332 369 405 408 429 479 504 528
8 148 251 277 294 312 413 420 583
3 31 190 308
11 1 20 109 110 121 148 223 268 470 503 510
6 155 191 226 367 437 507
9 1 37 77 172 173 298 335 356 500
8 22 28 162 366 390 430 490 584
7 4 58 75 338 394 416 593
3 117 133 458
10 54 195 255 268 323 352 444 465 499 561
10 87 226 277 290 307 330 374 440 442 524
10 119 133 287 291 312 318 349 436 549 577
7 63 86 166 251 275 518 557
9 59 148 162 209 344 419 456 504 553
8 90 117 144 201 212 236 420 435
3 245 288 544
7 16 240 313 346 363 508 528
7 59 213 219 232 289 451 471
5 14 67 447 523 560
7 65 141 193 314 354 374 437
12 103 134 280 289 342 371 377 382 387 446 483 489
5 192 341 402 455 473
8 46 141 174 232 473 555 568 598
6 27 226 231 234 280 383
7 100 121 187 358 389 471 499
12 6 88 143 232 242 248 342 394 406 489 495 525
8 2 153 287 335 434 467 548 557
11 54 123 223 259 270 316 326 335 395 481 544
8 160 336 357 368 445 518 533 588
8 19 273 297 337 377 391 407 452
6 148 285 305 373 442 523
11 18 68 125 149 193 225 329 512 567 591 599
4 136 388 502 516
12 80 149 164 234 307 319 413 448 478 495 523 576
3 24 259 552
5 109 129 304 333 580
6 34 48 63 86 224 494
4 51 79 274 421
5 163 183 407 440 555
7 149 234 267 284 285 488 522
5 194 359 426 579 598
5 135 306 334 405 517
12 17 26 45 106 114 210 221 260 287 317 402 582
4 136 259 401 497
8 66 86 96 189 417 512 583 589
7 23 105 141 393 471 508 562
4 113 182 218 545
3 105 106 408
10 2 100 103 196 269 308 323 462 505 588
8 82 185 187 315 324 400 412 418
9 66 116 156 236 243 252 277 423 500
9 31 34 35 80 146 251 283 354 432
9 110 121 156 263 343 482 541 554 559
10 21 60 153 365 396 413 524 551 592 599
10 21 25 73 197 201 261 339 390 475 532
7 35 355 383 419 452 470 533
8 15 74 101 155 367 374 579 594
7 41 196 274 479 490 522 582
6 201 248 322 331 516 537
9 98 107 212 218 380 414 444 469 488
8 23 33 94 96 137 257 344 371
11 184 236 324 346 373 385 402 443 499 557 581
6 37 90 96 193 274 458
9 17 34 91 111 193 325 331 528 572
6 157 238 318 399 512 564
12 80 186 246 266 271 382 438 504 518 540 545 556
5 44 162 221 510 542
6 47 125 395 456 457 470
9 23 25 42 210 219 259 354 506 542
9 157 162 313 422 476 499 536 541 575
11 1 3 29 59 117 176 337 413 449 480 593
5 62 229 232 281 355
14 26 47 67 109 195 209 280 344 351 368 434 445 461 502
12 29 102 147 195 287 376 381 404 405 426 466 525
10 60 71 122 260 294 327 343 405 415 597
8 55 83 102 248 346 347 377 592
9 139 187 239 248 508 509 513 554 580
4 77 179 514 599
14 151 178 186 220 235 251 282 368 422 465 481 498 513 576
8 53 70 130 146 224 392 400 497
11 38 107 120 226 229 372 404 519 562 593 594
6 22 177 219 320 360 404
7 220 412 470 488 526 564 577
6 127 368 441 479 548 580
10 69 136 138 173 181 374 514 546 551 565
11 12 15 62 131 210 283 357 403 430 438 534
4 208 314 389 576
6 9 28 48 316 401 502
6 206 238 362 377 452 513
8 214 315 323 354 470 491 537 587
7 29 172 203 328 346 376 389
3 6 108 551
6 25 82 110 171 496 596
6 46 166 178 400 422 498
10 57 75 123 173 338 484 494 550 582 592
2 40 244
10 45 97 124 150 166 239 473 481 527 559
5 49 186 187 250 436
5 219 242 352 468 504
3 22 211 257
4 10 11 25 454
8 12 49 78 400 416 455 479 497
8 31 98 152 157 364 388 518 564
5 45 185 210 220 400
8 87 170 184 225 278 467 495 561
8 53 133 136 203 228 295 357 454
5 181 258 298 501 537
9 10 68 79 175 176 236 296 451 537
7 25 134 139 251 380 505 589
3 119 220 273
5 70 242 415 540 599
4 290 450 517 534
6 194 208 393 410 470 525
7 202 267 349 384 421 468 491
4 218 257 298 456
5 175 258 270 385 541
10 27 73 81 131 134 180 272 424 504 569
8 14 162 172 236 356 424 517 536
11 1 6 8 25 59 283 350 426 443 444 546
9 77 93 112 129 299 398 457 497 574
8 3 64 125 240 362 375 406 471
6 8 68 157 219 396 457
9 30 95 97 171 267 272 378 569 571
8 42 52 157 160 195 209 341 400
6 88 141 181 244 499 570
10 15 104 250 344 355 370 400 483 524 591
8 173 178 214 235 236 360 433 470
5 70 77 120 237 556
7 78 107 238 279 479 506 564
8 87 115 153 207 216 303 485 599
7 141 192 263 401 433 477 515
2 54 440
10 24 40 163 165 178 197 230 332 392 427
7 2 114 157 192 229 234 413
10 29 54 58 198 261 283 428 547 556 562
10 38 65 222 269 281 334 392 441 477 570
7 30 104 350 458 479 580 591
10 111 125 179 184 225 270 284 299 353 513
11 50 70 193 196 284 416 429 492 518 524 575
1 395
7 78 220 322 440 526 529 561
5 327 345 382 496 509
8 5 52 281 408 409 466 495 511
4 140 218 307 477
6 79 194 346 396 545 567
10 25 49 148 190 228 260 277 298 407 506
10 84 163 264 280 334 397 417 447 511 580
7 5 9 62 146 214 326 536
7 16 237 294 314 426 435 595
10 178 179 204 233 387 413 496 497 564 582
5 14 86 197 249 485
6 33 290 335 476 541 585
3 118 131 498
11 28 114 116 141 146 167 297 329 418 435 522
10 29 48 61 65 93 167 225 432 460 490
4 22 150 311 446
6 106 148 158 185 262 434
6 40 164 215 369 427 457
7 139 213 265 426 529 540 599
10 52 144 237 281 287 292 389 423 496 558
10 36 81 180 190 209 366 488 520 555 569
3 67 334 521
7 229 269 498 565 576 595 596
9 0 61 181 289 393 446 475 560 569
6 37 110 239 270 452 499
8 69 131 219 228 265 293 376 516
8 88 151 329 393 454 474 564 598
10 79 86 119 175 199 282 299 374 423 495
10 79 131 158 177 229 238 284 297 397 493
7 131 175 331 452 510 530 569
2 419 442
8 50 99 103 135 268 317 402 517
9 124 171 282 393 489 502 528 530 545
9 73 164 229 274 350 392 417 478 509
4 89 232 264 394
7 34 80 120 177 322 490 521
5 16 49 270 324 482
9 168 174 190 205 387 485 491 500 556
7 87 229 358 386 432 465 486
5 138 172 241 311 393
8 55 99 120 233 295 299 368 454
9 136 181 199 215 263 420 513 570 592
5 18 76 84 238 495
10 21 24 112 116 144 288 341 344 382 472
10 5 41 254 321 372 375 381 388 424 440
9 120 129 216 234 383 454 522 535 597
5 4 28 236 276 348
8 44 101 145 198 262 330 353 470
6 27 86 141 355 377 552
6 38 108 328 537 539 563
4 84 96 273 545
14 38 194 195 207 258 288 302 310 312 332 334 455 513 555
8 181 252 296 339 444 452 558 562
10 72 149 230 251 270 380 448 551 563 587
3 40 294 567
6 40 160 282 289 290 507
7 36 120 209 250 282 283 528
11 23 61 135 176 189 196 234 329 483 500 575
8 163 201 238 247 354 465 547 570
9 47 88 129 130 170 178 209 256 351
6 133 164 351 423 542 583
7 79 104 177 321 512 539 573
6 46 427 444 453 492 505
10 29 76 88 150 186 258 291 433 478 590
9 185 210 242 262 279 342 358 525 544
7 117 131 268 425 533 535 596
7 11 23 27 176 283 319 498
6 68 216 310 347 500 551
7 44 82 138 253 355 382 451
5 34 122 183 258 362
8 25 133 222 264 379 495 548 588
6 56 88 210 223 390 519
5 246 322 426 437 484
7 30 68 128 278 287 302 541
7 66 259 368 376 409 461 569
6 18 21 191 325 326 393
6 23 105 414 494 517 578
10 108 143 203 249 282 327 357 367 421 566
7 73 341 366 411 523 546 577
7 35 65 84 152 207 343 474
9 1 136 157 209 347 496 503 537 593
3 190 215 294
6 63 133 161 203 492 555
11 14 31 33 86 105 192 260 363 387 529 560
6 46 188 335 339 412 586
4 186 235 281 365
7 55 151 161 223 357 362 511
7 12 115 220 306 523 539 553
6 117 178 213 228 421 463
5 34 114 202 274 294
3 81 163 594
8 41 44 219 247 340 349 393 482
9 57 130 292 344 486 552 577 584 594
6 153 219 239 379 549 565
10 29 36 39 82 270 327 473 489 518 587
11 22 103 176 218 268 327 401 411 463 522 550
10 23 61 67 148 190 237 281 459 535 566
11 38 87 119 229 364 372 469 575 582 586 590
5 22 156 227 355 482
6 35 242 402 454 504 552
10 49 55 147 155 161 279 467 541 572 589
5 85 169 320 495 520
7 163 226 316 417 492 508 555
16 21 42 48 96 125 188 238 264 297 373 378 401 486 489 538 540
4 21 411 477 492
10 47 107 143 309 314 375 389 394 448 553
8 13 60 125 141 230 310 400 513
7 101 184 197 222 276 323 582
8 53 161 276 328 330 366 527 542
5 102 217 271 345 504
9 8 78 98 141 445 513 535 536 586
4 110 201 363 581
5 77 107 203 281 423
9 13 63 122 154 257 468 532 547 578
6 54 437 444 504 552 585
4 43 98 164 540
9 27 37 137 208 218 287 387 407 582
3 175 282 351
8 3 23 40 57 235 313 449 474
9 21 60 61 208 307 322 462 509 514
7 17 57 74 176 268 446 489
8 212 264 276 291 298 321 335 396
11 42 67 90 181 226 233 254 329 498 541 590
4 166 392 532 565
8 74 130 230 231 305 443 512 585
11 9 26 62 148 375 428 467 484 501 511 535
6 39 141 263 372 481 527
4 134 168 278 360
10 94 110 119 122 128 139 339 344 352 453
5 103 191 242 382 412
9 191 209 266 292 310 337 345 552 557
8 75 97 112 117 166 183 279 561
6 116 236 287 305 475 512
8 10 72 89 261 385 440 447 559
7 5 112 229 334 406 506 597
7 15 80 125 303 421 474 575
8 87 115 202 338 359 386 488 589
6 34 105 110 387 441 452
7 58 63 163 202 515 528 584
8 64 248 268 291 369 485 515 575
8 108 229 234 381 443 452 469 514
7 215 266 363 384 501 509 537
6 120 298 322 386 500 512
11 13 154 347 411 431 451 453 522 551 555 591
8 45 78 95 98 204 207 377 597
9 56 94 100 156 173 245 303 425 526
14 43 158 234 242 313 351 376 391 419 450 516 558 569 586
8 152 171 301 350 358 368 429 503
11 54 126 252 288 310 328 358 549 586 594 598
8 16 175 287 302 361 371 415 471
13 101 106 115 116 204 218 233 270 278 333 373 510 537
10 126 130 152 214 259 386 406 416 491 530
4 315 474 490 598
8 57 130 241 281 296 381 527 531
12 42 61 71 72 152 166 212 429 496 514 559 560
9 149 209 222 274 307 325 448 458 463
8 43 174 257 317 411 526 544 567
12 21 64 78 88 140 277 337 354 483 536 559 584
7 130 213 404 516 556 570 580
5 225 254 285 451 556
7 25 138 285 350 382 468 490
8 6 39 73 212 275 378 499 573
7 58 351 355 435 474 548 584
10 64 182 240 253 273 410 473 481 491 559
11 29 139 285 287 297 346 390 400 455 459 590
10 17 118 286 293 468 489 503 558 559 591
4 157 339 487 488
9 55 195 241 267 374 495 507 589 599
10 16 44 82 96 250 320 326 380 425 561
9 57 221 237 274 311 347 443 535 591
3 0 289 420
4 80 186 369 450
7 133 174 370 384 530 531 554
8 39 248 266 362 394 444 492 542
7 227 239 242 427 436 553 580
6 145 219 262 334 347 557
9 10 82 145 180 234 282 321 413 591
8 26 186 194 291 349 494 505 578
7 9 185 207 305 457 475 502
8 0 146 209 225 272 381 405 487
9 25 106 153 195 349 367 432 544 565
10 62 122 143 201 378 381 500 521 556 568
4 127 502 521 592
4 64 263 462 472
8 104 108 119 142 154 237 264 414
4 93 294 320 544
8 42 132 394 414 445 459 474 518
9 30 159 278 326 356 459 506 550 557
14 20 21 181 199 267 298 315 316 398 429 490 499 558 599
4 99 150 452 574
5 103 398 410 436 585
6 190 274 319 367 452 464
12 50 65 78 83 261 278 324 360 422 449 471 552
8 29 126 275 277 409 457 522 560
5 11 39 134 151 206
7 181 224 236 413 505 529 534
8 109 134 169 255 274 353 381 399
7 8 13 96 197 293 327 427
10 26 37 64 111 177 188 343 407 462 560
7 148 202 235 292 419 511 599
5 107 156 220 442 497
8 12 35 53 60 91 303 444 536
7 185 262 293 300 402 416 492
8 114 243 397 441 448 463 479 541
6 17 174 222 436 454 523
4 27 261 285 521
11 61 73 111 122 231 247 369 400 431 451 492
9 42 195 274 336 343 386 507 508 530
7 113 221 235 270 479 524 536
9 17 108 168 368 401 495 514 537 581
10 13 174 194 261 305 482 503 506 512 514
7 87 227 372 432 503 542 547
10 1 7 91 150 180 218 313 349 480 517
6 45 143 254 289 343 401
5 58 82 398 402 575
13 59 68 107 109 141 191 273 291 311 337 358 375 592
7 143 196 293 371 442 472 529
7 21 35 202 426 445 584 597
7 32 137 240 353 403 505 583
4 96 138 231 530
12 33 64 70 84 124 325 331 369 372 378 423 495
7 132 203 333 344 390 407 507
4 1 2 169 331
5 89 180 204 272 449
2 410 510
7 4 21 55 56 60 328 538
9 95 104 278 347 406 446 484 488 563
6 25 159 242 287 295 371
4 220 291 427 441
9 1 20 22 25 60 119 425 462 526
3 249 265 585
9 167 190 244 285 292 345 355 507 523
4 104 270 460 558
10 105 167 185 251 266 303 358 446 456 465
7 84 196 210 253 409 567 599
7 78 215 441 487 506 511 566
14 32 64 68 93 109 110 112 150 175 360 463 473 539 579
10 4 54 71 75 128 433 446 459 495 497
4 49 298 402 443
7 5 103 110 205 237 257 419
9 79 88 125 163 253 317 449 485 516
8 2 35 60 72 412 446 471 513
7 240 334 345 492 514 518 525
6 262 284 303 390 531 564
7 4 56 97 216 279 289 429
8 1 86 134 265 289 439 441 497
4 15 90 357 371
3 301 371 414
8 22 43 102 283 394 483 493 566
7 27 170 231 249 375 497 501
11 86 240 262 286 319 338 367 516 537 548 583
