600
9 119 163 179 209 212 298 422 449 587
3 193 381 427
9 91 232 302 353 386 417 461 481 515
2 111 143
7 8 73 156 278 368 434 479
6 19 196 245 344 552 569
12 34 56 71 137 199 255 368 369 401 415 440 463
12 14 92 160 169 215 225 412 458 502 504 540 593
6 4 116 270 374 550 591
6 15 45 202 223 407 581
7 45 112 123 126 205 226 410
5 98 279 393 538 554
6 61 187 188 364 426 518
7 55 236 245 272 288 349 359
7 7 49 98 243 345 372 412
7 9 88 184 369 398 520 549
7 98 125 153 196 253 273 466
7 183 302 321 367 502 539 585
5 202 361 497 504 564
5 5 109 122 395 599
4 312 314 457 559
3 53 147 282
7 122 130 229 252 277 315 523
10 54 83 145 171 296 309 387 472 508 525
5 27 242 338 344 430
6 88 119 185 282 336 425
6 267 304 339 478 532 535
9 24 108 165 247 318 391 501 558 563
7 258 262 304 310 312 416 449
7 249 287 339 369 371 482 578
10 40 91 140 242 293 340 474 480 553 564
5 286 391 424 470 558
7 131 182 216 260 389 439 562
5 139 429 490 560 585
3 6 84 566
3 37 242 362
7 281 300 304 322 344 458 544
9 35 168 215 271 305 359 384 411 567
8 41 162 229 467 485 495 522 587
7 225 239 246 296 394 417 570
6 30 93 174 205 316 530
8 38 181 205 213 350 454 510 599
9 148 153 273 300 379 437 462 467 478
9 76 158 180 201 278 368 380 516 548
9 77 156 261 301 452 502 521 546 588
11 9 10 322 325 348 349 394 431 503 538 569
6 147 151 192 247 301 369
4 69 286 343 440
6 69 189 371 402 412 513
9 14 86 135 167 300 305 323 432 465
8 68 91 113 116 141 192 425 475
4 83 234 479 562
6 165 262 279 292 376 593
10 21 68 77 199 245 312 323 446 455 494
5 23 312 373 402 435
1 13
5 6 173 228 369 455
6 206 251 315 373 397 525
10 64 86 108 168 180 267 331 444 505 595
6 90 116 216 335 411 586
3 166 511 597
8 12 63 124 194 293 469 490 572
6 83 118 171 359 463 512
7 61 92 195 323 498 528 597
9 58 93 143 364 507 509 565 572 577
6 71 178 215 308 309 356
5 203 269 383 386 571
7 81 189 228 254 265 421 448
12 50 53 92 208 214 285 327 354 428 507 575 584
9 47 48 110 183 243 311 345 375 548
8 83 93 122 167 259 305 430 456
12 6 65 99 125 143 296 354 375 467 500 531 551
6 143 326 358 363 446 481
6 4 203 250 301 323 507
11 142 192 197 234 307 316 376 446 515 533 536
5 83 153 207 293 366
3 43 235 501
8 44 53 151 247 333 432 436 553
6 146 166 303 318 447 480
9 191 225 328 338 352 404 503 510 564
9 123 130 227 321 371 408 409 472 509
5 67 107 236 366 515
4 221 392 476 539
14 23 51 62 70 75 99 167 223 279 311 381 403 512 593
8 34 208 245 272 276 368 436 553
8 153 206 263 278 326 327 395 515
5 49 58 158 477 509
6 187 222 291 352 407 486
8 15 25 405 455 478 504 517 581
8 165 348 358 359 411 546 567 573
4 59 152 166 170
4 2 30 50 282
6 7 63 68 194 410 580
9 40 64 70 192 240 255 396 421 563
8 120 123 221 236 389 460 467 492
8 117 164 170 211 223 278 285 304
7 109 176 204 225 384 442 577
6 183 321 373 454 460 595
10 11 14 16 119 160 182 298 344 346 412
12 71 83 183 202 211 247 305 326 380 444 552 558
5 129 143 199 215 342
8 121 206 265 289 294 302 521 525
3 175 205 325
9 156 178 297 327 405 412 448 471 505
9 159 181 206 267 268 381 390 392 436
6 169 241 259 497 531 556
8 181 222 242 275 369 470 540 565
2 81 599
6 27 58 336 344 384 568
9 19 96 180 186 262 267 299 362 502
11 69 127 130 133 166 279 314 417 451 464 485
4 3 112 394 491
6 10 111 120 205 478 598
6 50 146 260 405 466 516
9 117 131 208 355 364 427 446 447 553
3 170 190 205
13 8 50 59 293 315 316 338 401 419 460 470 561 592
10 95 114 150 211 213 323 422 474 539 540
6 62 262 310 315 395 418
10 0 25 98 138 356 361 383 426 476 590
9 94 112 127 217 280 315 398 501 540
10 101 160 166 221 237 259 265 356 400 434
10 19 22 70 162 240 320 343 347 538 596
9 10 80 94 296 335 408 425 427 573
6 61 136 278 307 393 466
8 16 71 196 339 356 456 481 488
5 10 216 320 344 527
8 110 120 318 497 532 564 571 580
5 167 276 316 494 566
9 100 168 327 343 351 360 515 529 573
10 22 80 110 162 292 392 521 523 563 566
9 32 114 221 273 278 388 400 455 563
6 209 276 320 424 442 472
7 110 240 271 318 334 381 449
3 311 498 594
9 49 302 329 342 372 414 427 477 537
6 124 410 417 512 543 594
11 6 145 202 240 290 307 325 405 418 493 530
7 119 346 399 403 407 458 490
7 33 189 220 245 263 368 398
3 30 493 557
6 50 195 198 255 426 595
4 74 160 285 456
7 3 64 71 72 100 159 301
6 187 234 288 312 350 371
8 23 137 373 509 516 532 567 594
5 78 113 199 338 415
7 21 46 172 225 258 324 376
9 42 158 205 248 346 377 393 469 567
10 185 219 265 300 415 426 428 443 462 496
5 117 250 349 401 491
10 46 77 213 219 308 398 431 501 571 586
7 90 166 232 237 339 427 548
11 16 42 75 85 243 251 368 371 385 443 560
5 204 325 341 367 421
5 207 227 230 474 579
6 4 44 103 242 331 396
4 296 297 311 403
8 43 86 148 272 277 389 500 554
11 104 143 186 239 341 357 438 492 542 569 595
10 7 98 121 142 333 349 355 374 513 587
4 232 261 495 555
8 38 122 130 229 358 429 472 524
5 0 204 230 507 561
6 95 231 319 387 421 527
5 27 52 89 222 280
11 60 78 90 110 121 152 231 271 277 446 522
8 49 70 83 128 170 204 425 448
8 37 58 129 171 236 299 340 529
7 7 105 170 400 402 471 580
9 90 95 115 167 169 184 285 313 589
7 23 62 168 238 320 343 588
7 147 271 281 338 370 523 554
8 56 225 230 231 248 396 472 509
4 40 421 568 582
4 102 369 507 516
5 96 279 383 488 559
6 328 334 341 348 498 585
10 65 103 275 337 342 369 376 511 575 592
6 0 211 383 395 513 532
7 43 58 109 255 257 283 496
5 41 104 106 533 534
6 32 98 389 393 450 583
8 17 69 97 99 193 447 518 565
6 15 170 382 491 498 584
5 25 149 351 411 517
4 109 159 500 537
8 12 87 144 298 358 387 423 470
6 12 365 377 399 445 533
10 48 67 139 225 277 310 359 366 491 513
8 115 277 284 301 332 383 452 542
9 79 331 343 375 458 488 558 568 599
11 46 50 74 93 195 298 334 342 382 469 596
9 1 183 196 226 255 330 339 496 513
5 61 92 340 480 527
5 63 141 192 375 472
6 5 16 125 193 270 369
7 74 224 233 324 390 415 437
5 141 333 438 579 597
8 6 53 100 146 403 508 521 588
6 240 358 425 449 493 504
9 43 222 251 327 354 387 485 540 547
8 9 18 99 137 251 343 424 454
6 66 73 334 418 435 503
7 96 154 163 167 351 384 598
10 10 40 41 102 112 115 148 208 289 365
6 57 85 101 104 298 475
5 75 155 302 378 423
9 68 84 114 205 283 336 340 519 598
9 0 132 216 286 390 440 444 539 577
8 289 302 305 391 491 499 528 569
12 95 99 117 179 280 304 322 326 360 530 574 594
9 0 259 303 357 358 432 485 489 591
5 41 117 151 240 550
5 68 428 442 546 573
6 7 37 65 100 339 475
10 32 59 126 209 264 267 412 489 494 589
7 120 236 253 304 355 548 557
2 365 524
5 149 151 471 476 592
7 139 228 246 267 291 460 540
10 82 94 121 131 275 294 385 449 493 571
7 87 106 165 201 511 528 582
10 9 83 95 251 281 421 545 563 589 599
4 197 337 355 537
9 7 39 79 96 147 173 189 381 386
8 10 193 289 318 379 408 533 556
6 80 155 312 500 517 597
5 56 67 220 382 593
7 22 38 162 260 300 394 533
8 155 163 173 276 325 392 477 564
8 164 166 173 298 318 342 483 523
10 2 152 161 263 321 405 446 490 572 593
6 197 390 439 457 527 561
7 51 74 144 277 321 419 472
9 76 260 343 420 437 459 518 536 566
10 13 81 94 168 217 268 377 420 435 516
4 121 152 352 397
4 171 413 488 534
5 39 159 316 420 529
12 93 122 133 137 200 213 275 309 357 404 467 558
3 105 505 569
8 24 30 35 106 156 253 262 315
4 14 69 153 549
5 289 365 459 528 540
11 5 13 53 84 139 309 315 457 525 533 540
5 39 220 411 504 519
12 27 46 77 99 305 315 326 327 403 484 489 559
8 148 173 259 367 385 461 479 558
6 29 396 430 450 531 540
3 73 150 532
11 57 153 201 202 223 347 352 376 410 541 586
6 22 335 373 393 490 576
8 16 217 242 298 341 361 464 591
8 67 269 340 344 350 356 372 595
11 6 93 141 180 193 377 415 449 478 546 589
6 473 484 486 523 549 570
6 180 310 350 372 446 517
3 28 147 392
11 70 105 121 212 248 288 381 418 477 524 545
9 32 113 229 235 325 377 400 533 540
5 44 161 411 435 552
12 28 52 109 118 242 308 326 353 388 435 488 507
8 85 139 232 389 401 445 491 580
4 216 433 503 572
9 67 101 121 149 295 314 398 494 599
6 442 482 488 517 552 584
11 26 58 104 109 216 220 309 341 411 446 481
5 104 236 525 587 594
8 66 254 345 412 430 538 565 597
9 8 196 293 307 387 504 531 536 554
7 37 133 166 172 365 481 546
8 13 84 158 387 457 474 563 571
6 16 42 131 287 371 567
5 329 333 461 485 558
5 106 178 221 240 480
8 84 128 132 230 388 519 520 576
8 22 158 166 189 190 234 373 406
10 4 43 85 95 124 131 310 428 448 531
13 11 52 83 110 176 280 308 330 398 440 476 500 589
8 120 165 211 279 291 360 423 453
6 36 172 223 409 451 507
6 21 25 91 435 534 551
6 180 208 331 478 489 524
3 190 369 594
8 68 95 142 170 356 427 449 456
8 31 47 209 325 459 498 544 579
4 29 273 324 477
4 13 144 259 306
12 101 205 210 226 244 295 326 424 456 487 503 595
6 137 300 372 468 506 548
7 87 220 280 352 406 460 521
7 52 130 323 344 464 474 532
7 30 61 75 116 270 411 586
5 101 221 305 392 596
6 265 289 412 413 491 537
12 23 39 71 123 157 328 332 345 378 400 437 587
4 103 157 308 515
9 0 98 187 192 206 231 253 511 522
3 109 168 419
9 36 42 49 149 229 290 408 490 521
10 44 46 73 143 190 391 465 537 543 585
6 2 17 101 135 207 210
9 78 212 341 469 474 480 502 558 572
9 26 28 36 95 211 217 469 513 535
9 37 49 70 99 210 247 294 475 590
6 288 330 334 376 435 530
6 74 124 137 270 437 448
8 65 151 262 279 297 490 589 599
12 23 65 240 245 267 355 477 505 513 568 579 580
9 28 118 189 257 278 391 405 431 588
7 69 83 134 157 333 369 532
8 20 28 53 54 144 227 444 570
3 170 467 507
4 20 110 265 438
13 22 57 116 118 120 242 245 247 334 412 495 542 597
9 40 74 116 128 239 353 432 549 566
9 319 365 466 471 489 494 516 521 591
9 27 78 127 133 226 231 342 592 594
7 164 317 452 465 508 517 525
7 122 126 132 171 463 564 597
7 17 80 97 232 234 452 543
5 36 45 211 515 583
12 49 53 63 73 117 292 410 446 509 513 582 587
8 147 197 287 381 390 449 457 578
7 45 102 137 154 230 260 286
11 72 85 99 211 247 262 289 471 503 576 599
8 68 85 103 129 201 247 344 582
4 79 177 296 519
7 135 274 347 413 476 525 599
6 193 279 306 394 418 439
6 58 156 191 283 360 392
7 190 296 429 463 470 553 568
6 77 160 198 274 311 408
9 133 177 192 203 306 315 433 443 454
4 59 123 252 470
7 25 108 208 407 447 512 577
3 178 224 545
9 24 79 116 146 172 391 394 487 514
7 26 29 125 152 193 215 553
6 30 168 194 208 254 443
8 154 159 177 253 267 303 458 549
12 100 135 178 192 231 318 364 395 484 510 547 566
8 47 122 129 171 191 202 235 588
10 5 24 36 98 108 126 254 292 327 404
8 14 69 269 296 433 497 568 570
6 98 138 148 384 505 519
7 122 251 329 356 371 381 500
5 45 89 177 381 452
7 13 45 150 160 359 508 512
8 41 144 254 257 376 409 446 554
5 129 185 204 424 450
6 79 87 237 251 291 436
8 2 262 316 395 443 550 551 598
5 68 71 201 463 485
12 114 160 217 224 309 407 409 448 506 519 550 593
9 65 119 121 125 254 285 347 549 592
6 159 212 240 420 423 467
8 72 89 162 187 200 212 439 449
8 13 37 62 89 189 349 379 499
6 129 211 280 331 446 524
5 18 119 253 430 432
5 35 109 499 529 563
6 72 387 405 421 458 557
4 12 64 114 342
6 188 205 218 244 271 317
7 75 81 189 392 429 434 446
4 17 154 248 419
9 4 6 43 84 139 153 420 431 504
13 6 15 29 46 56 106 175 178 196 284 311 465 586
3 172 509 570
7 29 48 80 144 153 273 347
10 14 135 254 257 290 373 460 501 515 554
10 54 57 97 145 252 277 372 391 400 540
4 8 160 401 403
6 69 71 191 195 511 538
8 52 74 147 178 251 306 350 449
13 148 188 236 255 260 379 429 452 465 472 473 538 577
4 207 296 460 541
7 42 226 359 377 414 484 530
7 43 99 386 393 471 530 557
11 1 83 104 133 225 259 324 347 348 514 564
6 184 192 228 417 447 554
7 66 119 176 179 190 433 574
10 37 96 108 204 346 415 508 520 559 561
6 153 221 248 464 472 599
8 2 66 225 380 470 488 497 577
12 23 164 187 201 270 272 363 403 438 447 527 540
5 131 262 276 479 537
9 32 94 158 182 263 408 431 464 473
10 104 197 209 233 324 423 504 534 539 564
11 27 31 210 301 310 338 373 415 450 479 528
8 82 104 130 230 258 294 331 366
10 11 124 148 182 252 380 419 440 474 539
8 39 45 111 229 330 338 403 581
8 19 85 118 179 342 353 412 419
9 93 156 173 249 417 466 536 556 559
4 57 237 489 516
9 15 120 139 151 265 279 444 565 568
3 138 188 597
9 121 131 169 260 296 373 524 552 553
6 6 116 150 263 374 515
4 48 54 169 449
13 83 138 157 199 247 374 387 394 405 417 421 458 526
5 79 240 344 500 535
11 88 103 113 137 232 310 363 403 465 515 543
6 277 291 425 465 583 589
6 9 87 138 336 355 580
10 80 123 226 300 333 389 444 463 516 532
8 80 281 350 355 411 412 484 485
7 10 92 136 251 323 452 586
12 37 59 89 185 246 261 267 293 409 419 422 509
11 7 14 48 98 103 216 269 295 315 395 409
7 238 295 329 429 496 541 564
3 135 379 460
8 6 146 149 197 255 384 391 563
4 28 417 431 565
10 2 39 110 136 382 396 403 416 499 553
6 118 137 203 259 330 534
9 116 234 299 367 393 395 411 514 536
6 235 236 239 357 368 542
12 67 93 154 164 174 223 363 403 496 561 579 582
4 0 117 411 509
7 187 207 280 357 390 436 462
5 31 132 202 289 351
11 25 50 123 167 200 406 466 508 516 560 562
5 12 119 141 149 515
8 1 114 123 135 152 285 468 555
6 68 149 214 278 507 518
9 33 162 332 366 377 413 522 545 594
9 24 70 249 269 361 496 513 534 540
8 45 151 310 368 389 416 489 558
7 49 77 212 316 361 549 580
5 264 334 345 383 519
5 4 121 366 495 583
9 54 203 236 261 262 282 306 453 541
8 77 84 104 352 423 454 551 557
9 42 197 235 296 307 480 513 536 582
4 159 198 314 387
5 32 233 330 358 556
8 6 47 209 279 393 466 503 544
4 461 471 533 585
4 96 132 214 266
7 149 153 334 340 353 525 559
7 58 99 209 312 398 408 530
3 188 263 561
16 53 72 74 114 166 232 257 267 323 350 360 366 492 527 545 548
10 78 114 183 336 382 387 535 541 542 593
11 67 103 167 278 307 355 476 486 513 552 567
11 0 28 133 200 221 255 285 324 358 376 402
5 182 249 351 391 486
6 110 281 456 484 514 565
11 44 190 319 321 348 377 410 509 536 556 577
4 280 435 486 495
7 41 97 202 334 436 497 501
5 53 56 88 131 535
13 70 125 142 285 289 451 487 526 534 545 546 558 566
6 20 233 245 272 324 524
8 7 36 138 191 341 363 403 519
4 235 244 286 588
12 94 97 116 220 291 372 378 414 474 483 540 556
6 2 248 274 441 507 571
4 42 149 423 578
7 6 62 320 332 354 408 527
6 110 253 292 385 389 491
8 49 301 319 369 377 405 406 545
7 16 113 124 317 396 425 440
7 38 42 71 94 240 313 357
3 290 427 572
8 61 148 192 303 304 503 580 581
11 31 106 116 187 332 335 386 519 536 563 592
8 103 169 219 317 326 380 441 498
9 23 80 132 162 173 195 234 377 385
4 256 377 389 576
9 30 117 155 272 292 303 393 460 578
4 50 206 215 305
7 82 119 219 279 329 448 534
8 86 135 230 259 287 309 580 589
7 26 42 88 112 255 283 526
6 4 51 248 388 391 525
9 30 78 194 275 303 437 500 523 593
8 2 72 125 267 271 520 558 574
2 29 266
3 231 460 529
8 247 256 342 379 409 451 549 572
10 38 110 201 212 274 354 409 510 527 591
7 87 256 448 450 453 554 586
5 289 338 456 502 522
10 125 176 191 238 262 266 386 520 561 592
11 212 216 247 283 317 397 431 510 529 532 589
8 33 61 138 232 252 300 308 510
8 111 150 184 189 210 263 295 464
4 94 159 446 594
6 137 140 200 221 545 582
7 53 128 216 265 317 523 544
5 38 161 315 434 453
9 149 180 193 413 421 430 514 552 576
6 18 105 127 345 386 454
6 63 134 177 184 286 471
5 210 359 362 417 529
12 71 158 186 227 279 347 404 480 504 506 521 559
7 27 76 120 151 372 454 572
6 7 17 44 109 303 487
9 45 79 203 264 289 326 440 469 515
12 7 18 88 200 246 270 368 390 500 536 550 566
6 58 103 241 309 346 562
3 290 355 500
11 64 68 73 163 175 262 281 313 428 461 567
6 23 199 319 349 384 425
11 64 80 86 145 173 323 370 411 422 452 564
6 41 79 342 485 489 490
6 60 178 222 298 375 591
5 62 83 136 336 349
11 48 160 179 189 193 304 309 323 430 437 448
6 338 381 419 451 496 539
13 2 74 81 85 129 297 322 372 401 405 426 503 524
9 43 113 145 175 236 317 397 408 425
8 88 185 227 257 266 319 520 575
4 12 183 235 428
9 208 246 276 328 346 355 433 458 470
8 15 276 384 481 488 517 565 578
9 44 101 130 199 291 300 317 500 576
7 38 166 298 429 487 567 573
8 22 130 172 231 256 480 494 594
10 162 218 259 283 360 400 457 515 549 579
11 23 57 101 245 268 319 329 443 479 545 594
4 403 456 478 567
9 126 164 194 233 387 446 463 485 542
5 63 210 222 244 391
7 129 168 239 362 483 489 499
8 40 137 211 306 379 380 444 548
7 71 105 249 270 278 562 571
9 26 127 145 179 250 292 311 408 489
8 74 181 188 226 229 245 260 441
9 181 238 282 390 418 430 456 476 558
6 26 304 404 447 455 556
9 74 235 270 396 419 437 452 470 504
7 135 186 224 295 301 388 548
6 11 45 122 269 375 377
7 17 82 117 209 390 393 514
16 7 106 117 120 201 220 244 245 249 260 373 387 430 460 561 574
6 251 378 413 435 447 552
6 159 190 315 420 447 527
5 136 301 321 405 574
5 36 286 440 494 575
11 223 259 337 429 446 456 465 493 525 570 599
6 44 89 214 255 271 456
3 201 342 555
8 43 69 152 217 290 446 530 537
9 15 243 256 316 341 356 432 484 524
6 8 213 353 355 504 556
4 71 282 353 436
9 5 99 261 266 400 448 496 541 598
8 30 77 84 114 332 339 400 417
9 11 158 172 270 350 372 382 486 568
5 161 427 547 556 592
10 105 226 396 439 452 460 535 550 555 560
6 140 217 363 380 436 586
12 27 31 99 191 240 248 274 303 431 456 481 534
8 20 176 247 384 396 443 500 581
6 33 153 425 556 577 593
8 116 163 233 384 421 445 488 540
6 32 51 425 505 531 596
9 27 93 130 131 223 272 362 415 470
11 18 30 79 127 230 320 381 390 413 509 586
9 64 106 183 269 398 416 451 520 568
9 34 128 130 235 316 342 456 504 569
10 37 89 145 148 273 448 507 522 526 580
9 108 174 191 309 332 345 398 554 565
6 5 45 159 210 241 566
6 39 256 312 345 370 545
7 66 127 151 221 272 461 531
8 61 64 232 264 303 468 484 501
5 89 123 129 214 522
6 211 383 481 540 543 588
5 68 178 517 544 579
6 252 276 326 473 496 521
9 64 96 209 336 377 386 452 560 596
5 29 324 462 474 520
7 155 198 286 309 421 524 575
10 92 127 169 263 309 407 432 469 477 567
5 9 88 394 469 559
7 174 222 323 327 421 437 493
4 182 322 406 434
3 68 184 266
5 17 33 177 301 441
9 59 151 251 293 369 410 486 557 564
6 0 38 160 268 296 323
7 44 171 199 310 343 459 574
9 170 216 223 255 279 308 406 477 489
2 119 305
6 8 212 253 317 485 511
8 116 178 219 318 356 470 488 555
9 7 52 83 228 232 355 447 480 560
11 134 136 145 211 268 284 318 429 492 523 525
6 58 97 141 159 254 289
5 122 192 294 562 577
8 60 63 198 227 269 315 320 399
5 112 204 208 353 552
11 19 41 107 191 223 265 308 326 329 385 545
