1000
10 51 174 252 375 502 604 745 817 948 995
13 26 38 46 184 414 463 551 631 640 709 806 877 975
8 117 165 207 291 536 583 718 732
12 322 326 531 610 614 658 687 763 767 845 926 938
11 120 333 410 510 542 629 666 704 774 881 947
14 26 50 113 366 402 454 503 607 626 631 797 885 919 995
13 147 292 333 339 345 430 431 518 826 847 857 899 933
10 31 128 280 316 394 541 671 718 816 855
9 679 684 710 716 730 857 875 904 957
8 116 244 359 654 712 732 806 965
14 73 83 104 199 441 482 535 539 558 806 822 831 839 869
7 43 254 293 307 473 735 901
11 43 294 311 444 461 504 592 694 746 779 858
12 43 195 248 302 365 409 419 438 446 582 764 981
6 227 519 568 578 597 746
9 120 156 202 221 242 276 313 558 633
7 118 382 418 744 840 860 909
10 107 118 439 476 540 696 747 873 941 958
14 85 234 240 284 295 309 327 566 655 823 828 841 938 981
4 186 366 571 929
9 162 214 226 305 500 528 609 717 731
15 51 89 123 145 242 270 314 391 429 469 484 901 905 933 991
8 172 261 538 675 753 758 868 908
10 37 142 330 351 396 423 449 497 653 734
15 27 66 78 85 144 184 266 314 570 576 666 670 833 854 936
7 175 203 422 455 490 584 631
11 1 5 178 210 286 324 331 370 616 624 929
15 24 87 140 241 375 484 531 631 649 679 877 909 923 944 972
8 210 212 227 242 584 642 696 751
19 38 113 137 152 170 229 269 352 447 458 461 543 561 564 699 727 796 972 981
14 49 60 95 138 196 364 399 420 463 498 646 731 789 815
16 7 34 78 101 105 133 299 333 380 442 509 560 568 752 765 944
6 39 228 250 332 702 785
14 110 158 161 199 461 462 521 524 567 569 588 819 953 982
9 31 42 124 281 350 411 510 574 893
10 38 41 160 364 461 517 547 587 833 846
9 59 89 118 295 468 625 745 832 846
6 23 531 548 656 812 848
16 1 29 35 40 116 138 256 372 475 677 788 791 901 917 940 968
16 32 171 246 258 308 364 391 561 603 683 705 746 809 842 894 918
9 38 116 119 142 246 462 540 730 841
12 35 108 203 531 544 563 663 749 788 885 901 975
10 34 52 230 456 638 639 772 827 886 913
9 11 12 13 451 546 627 644 881 918
8 50 84 94 202 257 459 751 803
11 52 54 69 429 457 519 677 681 686 734 875
7 1 101 143 178 422 766 801
10 53 238 301 326 356 615 731 859 956 961
8 285 409 580 625 678 737 867 881
11 30 312 376 532 609 620 710 724 801 910 981
9 5 44 204 219 286 640 732 735 949
10 0 21 108 398 481 692 713 818 883 930
12 42 45 131 198 390 414 487 738 739 779 939 983
13 47 200 214 243 391 641 710 743 828 849 877 907 969
13 45 100 126 181 350 395 475 691 699 841 893 964 973
15 97 124 177 227 263 271 510 547 554 585 723 806 871 938 983
9 355 387 419 500 598 709 739 880 895
8 109 258 321 324 358 637 928 939
8 125 153 226 454 547 776 827 998
8 36 160 190 390 478 728 829 981
11 30 305 432 495 506 658 718 865 883 944 961
11 124 320 512 557 625 664 691 786 835 841 923
8 141 287 340 348 485 524 668 925
6 248 291 554 577 779 870
16 123 140 149 204 214 334 364 444 470 474 615 670 846 953 964 996
8 349 437 482 492 559 618 815 833
6 24 134 238 523 549 780
12 147 286 339 396 508 585 623 698 723 813 871 917
13 72 99 414 420 475 688 758 764 780 826 831 841 934
15 45 94 114 139 172 210 288 299 422 434 690 734 836 894 958
5 157 201 296 739 956
8 300 329 372 373 397 689 710 773
8 68 277 308 313 357 489 500 659
11 10 146 179 353 373 443 492 664 696 724 876
8 158 483 675 726 829 863 867 945
5 103 400 601 817 960
9 168 330 334 379 427 610 614 647 837
11 201 250 283 284 365 484 498 512 569 627 655
10 24 31 91 112 279 433 590 630 767 853
6 86 590 682 891 893 952
7 205 218 243 500 697 799 917
10 84 176 196 229 441 466 558 592 937 988
10 168 173 487 668 732 767 796 807 941 959
13 10 226 251 341 389 397 480 502 669 759 764 878 891
8 44 81 216 256 365 407 721 768
8 18 24 122 142 352 734 851 855
8 79 140 178 445 524 638 841 847
11 27 228 292 499 514 610 712 719 901 914 959
8 224 267 343 481 801 913 940 957
11 21 36 123 154 241 266 477 652 782 899 919
11 154 292 379 415 483 539 676 735 801 815 851
12 78 159 290 387 464 527 542 641 723 954 963 981
8 207 313 499 575 766 854 868 966
4 224 225 333 639
10 44 69 158 187 413 437 556 618 842 907
8 30 397 481 483 601 748 830 899
13 142 149 221 304 310 347 364 414 444 446 574 681 935
8 55 376 561 608 768 852 923 988
9 104 146 152 371 486 730 778 874 879
12 68 227 288 549 634 741 765 774 837 857 873 993
11 54 177 387 424 540 549 612 671 781 787 978
15 31 46 158 228 279 348 541 544 658 713 765 787 857 860 982
4 298 319 519 712
10 75 187 217 272 469 519 620 700 800 983
6 10 98 206 261 411 611
10 31 131 155 389 422 464 593 712 783 860
11 271 277 294 405 436 581 635 642 645 684 982
8 17 300 538 625 712 817 932 936
8 41 51 351 368 579 584 657 873
11 57 190 236 308 483 649 708 802 811 897 955
12 33 262 347 455 456 462 611 765 842 854 960 979
6 147 432 525 583 761 825
13 78 180 381 512 544 569 766 845 851 866 907 942 994
11 5 29 147 149 160 202 231 380 549 775 799
14 69 203 243 344 453 567 683 710 798 802 806 846 856 870
5 509 517 661 726 905
18 9 38 40 132 222 291 310 459 486 525 594 651 673 788 821 858 909 958
10 2 161 466 530 570 591 682 702 748 818
17 16 17 36 161 169 180 193 194 205 231 272 333 527 691 700 798 864
10 40 214 296 451 562 625 697 701 734 855
13 4 15 125 605 652 653 736 770 796 831 864 866 929
7 129 203 320 393 462 520 979
19 85 126 156 193 213 322 390 443 457 463 590 615 711 715 780 789 822 852 944
14 21 64 89 141 161 396 459 492 504 537 593 656 686 694
12 34 55 61 143 158 284 414 463 601 703 718 815
9 58 120 273 419 447 512 627 648 928
10 54 122 127 132 200 220 607 750 764 770
9 126 140 148 170 253 262 264 593 959
8 7 177 220 238 279 301 872 961
9 121 255 288 440 536 584 605 713 941
5 265 646 884 931 967
13 52 105 150 321 483 495 533 572 669 745 770 898 991
7 116 126 262 347 495 682 776
11 31 245 302 320 386 411 571 637 732 818 971
16 66 165 345 423 431 432 627 752 755 758 759 821 827 841 887 901
9 155 188 292 348 533 638 647 663 712
11 141 167 171 268 341 566 635 648 774 794 872
10 29 196 309 560 633 649 751 769 772 915
16 30 38 219 328 387 471 509 587 643 649 689 773 820 856 900 995
10 69 166 283 356 434 578 700 716 726 923
12 27 64 86 127 306 314 474 495 628 701 738 933
16 62 123 136 317 360 440 501 520 534 680 727 769 817 895 917 961
9 23 40 85 96 192 418 569 686 763
11 46 124 150 163 330 544 583 817 855 944 946
8 24 307 313 317 732 733 815 878
6 21 540 556 562 652 682
17 73 98 167 253 341 460 487 524 557 637 671 707 783 806 856 903 934
13 6 67 111 113 152 300 314 363 519 709 785 838 841
12 127 179 210 213 329 442 486 524 586 858 871 969
13 64 96 113 154 200 327 329 427 508 733 764 838 861
7 131 143 186 368 490 505 549
7 304 434 498 523 582 701 847
10 29 98 147 175 612 672 680 822 837 929
6 58 276 335 451 905 939
13 89 90 149 195 233 327 380 417 461 717 820 932 972
12 105 135 182 235 242 410 502 556 634 773 779 938
10 15 122 206 237 264 324 631 667 840 857
10 70 229 344 614 647 714 766 800 875 931
16 33 74 94 101 124 181 250 429 486 541 605 618 706 800 855 973
7 91 296 297 319 408 549 836
8 35 59 113 463 614 634 769 905
8 33 117 118 123 323 344 731 771
14 20 268 287 388 471 517 707 720 831 852 855 921 961 998
7 143 166 296 474 782 882 977
10 175 199 214 424 457 459 534 693 983 990
8 2 134 275 423 477 619 677 735
13 139 163 216 322 470 514 534 580 715 722 841 978 993
9 136 146 251 262 409 702 878 880 898
8 76 82 175 241 267 384 435 706
11 118 278 305 424 487 526 540 754 758 971 978
7 29 127 335 380 771 901 944
10 39 136 274 354 387 398 435 493 523 548
16 22 69 245 266 293 356 388 509 621 709 856 865 904 961 983 991
12 82 218 334 371 422 434 487 498 763 798 918 972
8 0 197 478 570 687 731 742 964
20 25 152 164 168 251 282 376 397 457 640 644 666 668 669 676 701 822 901 918 940
7 81 262 549 579 730 864 875
12 55 100 128 221 242 269 308 528 694 737 774 790
14 26 46 86 199 217 271 309 333 515 558 622 694 753 755
11 73 148 242 287 294 372 669 682 807 899 942
7 112 118 221 315 372 913 988
14 54 158 237 270 290 316 361 373 535 645 663 825 904 927
9 155 240 269 490 563 650 726 917 991
8 348 373 466 561 702 819 884 936
9 1 24 244 267 394 444 520 650 770
10 186 191 278 359 451 518 609 722 931 940
9 19 150 185 239 305 388 604 892 967
12 94 103 277 557 594 689 781 801 843 954 963 974
5 135 219 246 519 527
7 225 228 679 798 844 896 952
11 59 109 207 252 353 414 481 712 742 917 985
13 185 226 257 349 491 560 611 789 796 815 856 974 983
15 142 340 381 424 568 597 609 655 672 730 790 873 942 966 987
7 118 122 205 434 465 780 848
7 118 274 381 434 502 512 731
13 13 154 241 303 401 421 534 636 648 721 732 913 976
8 30 81 137 254 331 347 450 535
4 174 259 517 885
13 52 242 246 343 347 422 435 498 531 666 680 759 975
21 10 33 164 178 402 447 490 529 532 534 602 648 677 728 749 833 891 899 959 968 991
6 53 126 149 393 562 662
13 70 77 459 467 498 535 560 604 643 687 777 939 959
10 15 44 113 300 468 529 569 605 698 813
12 25 41 114 121 314 599 607 717 772 913 939 953
9 50 64 421 431 581 591 634 645 658
11 80 118 193 220 261 416 501 705 739 834 929
14 104 156 217 266 295 487 538 564 804 837 851 896 950 990
9 2 92 190 268 308 359 478 599 678
3 430 620 672
8 248 314 357 543 561 722 796 859
17 26 28 69 148 375 616 677 704 737 761 815 823 849 901 909 929 987
14 274 279 369 463 480 521 577 580 616 662 668 673 761 925
7 28 594 708 729 776 811 880
15 122 148 346 356 389 401 417 457 609 623 770 778 914 938 942
13 20 53 64 119 164 262 346 356 400 422 483 704 906
9 262 310 376 550 638 774 867 888 991
4 84 166 338 964
19 103 178 206 229 246 266 322 334 348 399 453 587 655 702 766 792 805 875 963
10 80 173 431 505 619 673 685 705 866 905
12 50 138 188 220 259 273 461 685 737 769 777 934
10 126 128 205 219 342 414 534 630 666 994
12 15 96 177 180 383 453 456 534 668 783 938 972
13 116 521 522 579 580 598 709 747 834 856 921 935 959
6 351 362 418 448 525 717
12 88 93 279 315 365 387 419 481 510 563 610 844
5 93 189 370 604 773
11 20 58 83 191 315 366 453 500 512 560 967
10 14 28 55 99 287 339 377 545 938 954
12 32 87 101 189 362 519 641 642 719 759 881 935
14 29 81 157 217 385 409 487 578 585 604 669 776 856 938
4 42 733 828 856
7 113 118 433 679 693 813 938
10 241 435 458 721 776 833 847 920 939 945
10 154 389 498 582 635 721 794 826 842 916
9 18 287 291 429 473 631 677 754 812
10 155 352 446 558 568 773 791 817 872 940
3 109 435 795
10 156 181 410 508 531 534 742 802 856 907
12 47 66 128 536 703 706 748 828 836 909 983 990
9 186 283 333 363 459 534 697 762 897
9 18 182 268 282 380 465 827 870 938
12 27 89 168 195 232 329 438 465 470 615 767 839
10 15 21 28 155 177 179 198 355 492 850
9 53 80 114 287 309 808 857 876 974
10 9 184 280 335 446 468 575 585 800 889
13 133 172 282 340 391 410 522 557 604 706 709 745 884
8 39 40 188 198 217 557 662 835
6 338 455 589 691 815 852
8 13 63 209 269 381 496 675 998
13 281 308 324 429 525 526 780 786 801 897 936 955 973
13 32 77 158 283 311 313 402 424 601 648 813 954 987
12 83 167 175 460 504 559 717 720 731 784 843 891
11 0 190 308 343 405 495 512 554 642 670 834
9 127 146 262 498 533 616 880 881 914
13 11 196 337 364 445 447 490 495 516 549 647 689 802
8 129 321 366 376 532 860 864 988
9 38 84 370 419 538 646 680 876 983
9 44 191 381 393 432 434 628 809 933
8 39 57 288 293 402 406 434 519
11 197 219 310 498 588 701 707 816 872 903 917
4 284 446 772 854
7 22 104 205 278 298 564 888
16 110 127 132 167 176 214 215 253 377 562 602 647 686 769 812 973
9 55 288 303 318 363 436 568 850 895
6 127 156 304 460 529 857
9 130 327 328 342 344 371 629 637 853
12 24 89 172 206 217 458 623 666 671 870 873 990
7 88 168 184 283 445 899 938
14 136 162 207 240 444 464 500 590 636 810 827 881 914 922
14 29 177 182 248 333 422 449 536 597 693 699 728 863 977
7 21 181 295 684 729 779 947
10 55 106 178 304 359 478 504 658 714 766
11 103 118 346 501 589 597 669 685 726 750 907
13 125 219 305 416 525 532 548 581 698 733 802 975 976
10 171 194 211 318 321 419 610 765 800 920
7 165 289 428 529 581 875 946
7 15 153 447 660 729 805 899
13 72 106 187 314 346 427 444 626 813 852 875 937 981
10 169 185 261 368 374 459 539 655 675 777
7 78 101 128 211 224 335 426
11 7 244 574 605 694 723 757 759 846 860 911
7 34 249 366 491 657 728 762
11 175 240 245 349 368 407 486 592 661 695 723
11 77 139 239 250 267 330 343 455 543 608 765
16 18 77 124 260 296 394 411 503 516 585 660 732 751 760 829 881
7 48 415 690 730 744 821 876
13 26 50 67 295 339 347 441 624 657 697 734 934 950
14 62 162 179 227 234 243 323 326 337 448 615 819 861 978
12 69 99 129 258 263 324 342 576 651 819 849 972
7 275 323 597 608 741 883 998
5 91 181 503 617 868
10 2 63 116 234 395 542 632 795 872 954
10 6 87 90 135 409 578 621 729 745 760
7 11 172 258 396 429 750 912
7 12 106 179 384 391 479 800
18 18 36 206 270 286 300 354 365 426 452 464 467 481 491 704 725 818 886
8 70 119 159 163 284 323 532 816
6 159 398 542 551 793 849
7 102 261 369 484 574 914 998
11 31 69 342 409 652 659 754 813 957 965 975
8 71 107 147 202 295 583 613 714
6 47 128 325 385 734 915
9 13 133 305 353 521 636 693 757 981
8 195 263 390 484 512 514 661 739
8 96 151 264 271 509 564 761 872
15 20 60 169 186 273 302 360 441 525 609 861 884 888 908 984
9 140 451 461 532 742 774 780 816 873
9 11 144 392 450 486 511 604 706 919
13 39 72 109 177 207 249 252 349 373 584 817 841 944
11 18 137 178 243 396 553 572 666 777 834 845
7 96 116 215 259 486 763 886
7 12 250 327 342 512 615 989
14 49 346 429 433 571 590 682 703 745 763 814 822 956 995
15 15 72 92 144 250 380 478 573 659 778 799 805 839 859 949
15 21 24 140 147 203 209 277 411 423 488 524 585 707 734 936
10 180 224 226 403 423 469 499 593 906 969
8 7 181 394 447 470 495 807 862
14 141 144 427 506 691 785 812 836 843 851 943 949 960 994
3 263 274 665
7 102 159 398 428 483 772 936
8 61 121 133 373 574 784 824 923
15 57 131 255 274 393 411 464 476 526 658 689 770 815 880 970
12 3 122 166 217 514 679 769 783 802 820 946 959
11 161 287 289 296 478 502 507 635 653 735 947
13 26 57 156 249 288 344 449 603 604 733 760 791 922
4 301 434 749 919
9 3 47 287 452 482 506 765 814 932
10 18 149 154 265 311 430 517 878 917 963
8 138 265 335 412 671 805 830 895
8 71 148 149 241 383 637 647 947
10 23 76 143 283 352 485 502 610 722 765
9 26 196 359 592 597 639 640 795 961
10 32 412 416 590 637 685 687 707 876 909
14 4 6 31 93 118 178 239 269 493 496 715 718 838 849
10 64 76 173 217 480 537 545 605 642 716
14 153 170 244 279 328 580 584 700 727 732 777 925 930 941
9 345 405 417 639 771 789 899 959 977
10 254 287 377 543 666 671 801 846 893 899
5 216 247 441 842 892
8 6 67 227 286 572 630 804 994
12 62 192 245 479 507 515 546 568 697 702 907 983
10 83 136 146 415 539 559 739 816 887 921
12 220 265 288 299 311 594 608 712 769 826 993 994
8 88 198 252 283 654 713 937 973
10 114 157 161 265 324 478 538 686 708 854
9 6 134 336 352 441 513 682 748 751
14 213 214 272 277 312 446 450 555 592 606 656 816 923 980
12 96 110 132 196 198 286 456 607 798 843 858 905
9 62 101 135 183 217 517 570 795 992
19 65 191 282 308 386 409 419 427 468 492 547 627 647 694 768 786 871 882 894
6 34 54 385 526 936 982
6 23 108 223 436 562 647
8 29 85 235 330 345 472 803 850
11 73 190 302 502 551 553 608 636 651 662 779
5 171 295 730 858 937
12 56 242 363 493 559 601 734 785 812 893 896 935
12 47 139 172 213 214 409 778 792 834 877 935 936
10 72 209 757 778 779 861 924 939 945 969
5 57 662 718 814 908
16 9 185 207 271 331 409 482 525 561 731 796 843 844 920 937 970
6 141 305 471 955 994 998
10 181 396 470 525 631 643 655 702 929 968
9 223 228 390 471 479 516 587 865 908
10 147 239 263 355 384 547 787 842 855 996
9 30 35 39 64 96 254 645 681 707
18 13 77 84 224 295 420 450 456 505 509 543 576 613 649 761 799 833 975
13 5 19 226 255 281 489 498 532 541 552 565 871 925
7 417 466 523 539 606 695 732
11 108 150 278 282 636 638 674 696 880 885 910
8 211 298 378 562 654 658 812 881
13 26 225 256 380 386 396 496 560 575 603 630 715 864
11 98 173 265 469 525 557 585 603 661 759 799
9 38 71 179 180 525 551 643 782 973
20 71 73 181 183 308 320 435 461 501 553 568 587 658 667 685 694 731 828 900 936
7 278 498 520 627 643 662 808
11 0 27 210 419 445 568 591 662 812 864 975
12 49 97 175 215 255 566 662 730 784 906 974 989
7 227 262 337 734 753 944 968
7 369 430 533 558 876 984 988
7 76 90 426 485 804 871 924
13 31 113 154 170 240 313 370 462 488 679 823 950 959
8 112 192 194 248 257 397 666 989
8 16 546 574 618 746 811 819 874
8 221 329 393 467 552 797 919 957
11 168 294 363 387 461 478 619 809 822 892 938
7 229 301 350 431 443 686 953
9 133 349 370 614 633 736 821 829 966
9 56 91 100 138 171 224 384 531 996
7 162 172 186 495 700 885 952
9 83 105 213 233 596 650 664 680 685
9 52 59 122 303 362 412 462 523 847
7 21 39 53 245 294 862 942
9 307 466 514 592 614 671 717 729 835
9 121 200 257 321 383 428 458 484 814
11 7 184 284 316 500 571 593 609 731 777 887
5 54 291 456 858 962
16 23 67 123 293 309 361 370 416 438 469 525 556 674 728 969 979
10 71 83 95 175 381 618 859 878 977 989
7 51 171 297 319 416 682 931
11 30 217 549 571 596 791 818 862 911 920 975
13 75 214 416 425 453 461 470 473 644 645 717 884 969
12 195 213 476 554 569 688 700 790 811 859 922 974
6 5 199 250 258 768 812
16 315 443 513 522 577 645 659 693 706 729 739 836 872 875 903 922
6 634 702 850 879 947 990
5 106 252 336 495 878
10 258 437 609 732 790 848 905 942 953 982
8 84 282 409 411 578 740 831 968
10 159 442 480 595 598 707 720 774 873 922
15 13 48 167 229 292 299 349 356 359 407 585 691 749 787 832
8 4 155 237 245 605 654 689 772
10 34 104 133 284 314 321 407 476 851 987
9 328 332 390 436 512 532 555 608 817
4 94 588 653 759
10 1 52 68 96 124 190 220 484 737 785
8 90 285 341 691 764 864 878 928
13 205 273 332 396 398 400 551 589 661 907 951 971 992
8 154 213 336 367 477 533 856 977
8 16 142 223 517 562 678 740 992
15 13 56 125 224 256 274 349 375 451 498 583 609 634 765 999
5 30 68 365 454 469
8 195 204 552 585 614 640 982 993
13 25 46 69 105 173 198 214 269 668 681 692 866 931
13 23 134 165 314 315 485 547 688 733 748 751 865 875
10 100 164 169 192 250 768 814 888 933 986
9 400 436 448 496 720 770 838 844 961
9 279 295 379 486 524 681 753 878 926
10 76 149 277 317 349 600 736 742 923 995
10 275 319 393 438 611 623 676 742 862 991
15 21 45 158 234 249 293 312 441 459 460 594 597 701 760 768
8 6 208 327 378 590 703 854 991
14 6 134 204 218 385 445 510 527 549 678 686 773 817 831
9 60 111 134 257 489 499 892 950 970
5 78 231 312 744 833
16 69 139 151 173 193 194 257 258 325 509 579 815 853 902 930 934
16 168 171 198 232 236 373 446 494 547 582 637 666 860 898 942 999
6 106 263 351 412 425 533
6 65 94 406 548 563 613
9 13 241 396 428 451 581 724 769 967
4 17 514 538 747
8 129 141 536 609 635 639 810 985
15 10 81 286 305 338 345 429 567 603 660 704 751 841 850 931
11 31 148 408 469 520 569 613 641 652 811 996
8 73 122 385 403 447 558 817 819
10 12 64 96 184 268 277 544 715 819 939
10 86 254 267 375 431 550 834 872 921 989
12 13 96 235 244 260 346 435 457 575 804 873 946
11 29 125 199 254 276 316 443 485 486 563 801
8 223 287 425 505 542 805 916 941
14 23 269 324 460 482 497 521 576 646 671 739 858 899 992
6 196 307 346 365 704 714
18 43 119 153 185 306 419 438 458 521 617 631 680 719 720 738 765 865 884
6 295 326 627 760 794 931
10 114 217 221 226 400 507 532 704 768 838
8 5 58 420 487 499 563 619 727
10 25 110 247 283 513 721 744 786 888 999
11 42 110 221 347 365 395 555 596 740 754 987
9 45 122 164 175 213 446 657 728 875
7 29 232 266 393 451 579 883
15 44 116 123 164 201 239 278 429 471 533 589 685 713 847 971
11 146 251 264 429 449 475 572 718 783 832 869
18 12 29 33 35 154 219 306 373 384 400 559 726 818 833 842 875 928 936
14 33 40 110 121 380 390 476 546 727 764 767 811 815 851
11 1 30 122 124 160 211 623 635 688 751 790
12 91 105 268 295 321 535 574 588 630 638 735 988
6 193 240 241 640 674 904
13 81 117 183 367 392 529 546 565 577 740 756 827 844
8 201 295 383 556 706 717 828 840
10 36 202 244 349 617 779 836 906 930 948
10 21 103 315 371 396 420 442 622 724 763
10 64 166 241 316 361 400 654 681 973 996
13 138 162 360 362 459 542 705 788 820 823 905 906 957
8 352 491 541 628 692 905 956 997
9 11 234 400 513 553 582 585 593 652
7 64 140 163 582 624 684 751
9 38 54 68 460 477 527 528 584 809
8 17 321 401 411 462 628 861 866
8 89 165 417 475 634 668 895 897
10 59 174 207 271 313 323 344 384 851 931
13 294 340 362 513 533 705 751 849 857 877 883 892 932
9 83 211 334 408 522 546 589 629 649
9 51 88 95 190 224 295 654 685 744
11 10 65 326 359 449 515 538 845 937 962 969
11 74 90 95 109 131 214 319 648 830 858 912
12 21 27 77 298 303 393 414 538 731 796 806 948
8 62 330 379 423 447 662 698 950
10 98 116 148 158 282 307 310 426 447 508
17 52 82 146 169 173 206 229 454 550 644 740 762 821 857 912 934 996
11 314 380 581 584 656 720 767 768 773 794 803
6 72 366 432 559 746 854
10 25 150 182 199 254 611 627 703 847 869
12 191 281 295 472 498 539 624 683 688 705 741 947
10 65 73 123 242 349 497 686 726 793 894
8 171 333 355 497 597 602 750 990
3 435 555 560
19 60 131 132 140 252 254 316 388 405 523 604 610 659 716 731 749 767 794 845
10 248 333 370 425 612 841 897 919 931 969
11 23 449 492 493 507 537 568 629 657 748 928
18 30 77 151 173 198 201 233 253 259 366 374 419 491 515 607 671 784 822
9 87 92 315 432 454 523 645 719 919
9 20 56 72 80 226 268 394 839 940
8 141 205 272 373 575 578 632 720
9 0 83 155 194 323 330 353 526 740
8 5 284 290 608 716 757 778 989
9 12 123 251 271 636 746 779 910 979
6 150 218 365 448 821 956
8 60 317 326 596 670 791 926 991
9 323 340 453 497 659 794 846 849 876
11 67 149 237 486 537 584 652 774 789 795 848
10 31 115 138 172 304 365 434 523 610 880
11 4 34 55 224 431 550 568 612 676 846 944
4 307 592 604 695
13 61 77 112 125 194 226 252 303 311 412 521 533 856
10 345 403 455 473 479 581 605 611 640 741
11 87 166 303 322 392 439 527 665 803 850 915
12 178 340 482 498 563 567 657 673 681 758 821 933
10 254 284 362 555 560 680 715 719 891 957
16 35 115 162 197 327 348 418 632 653 676 733 744 777 904 940 947
7 6 185 553 667 826 866 906
12 14 45 102 103 147 188 228 258 775 923 924 925
9 121 141 184 374 442 549 744 878 905
12 33 211 222 302 449 451 512 685 724 732 956 971
10 222 245 403 480 685 692 741 786 842 879
10 66 151 171 367 390 495 499 509 825 982
10 33 62 86 146 148 314 426 576 619 650
14 111 116 223 249 273 305 359 361 371 372 396 694 699 781
8 169 249 321 350 502 769 838 882
9 91 118 188 431 475 514 751 753 809
7 20 177 475 592 668 886 940
13 199 202 264 275 466 724 757 786 800 808 869 907 973
7 117 570 604 677 701 845 887
12 3 27 37 41 198 237 387 539 722 730 751 943
13 49 199 255 273 296 306 366 412 453 539 600 718 769
12 131 135 253 378 417 436 459 479 512 580 684 774
15 141 164 166 195 199 220 221 237 239 582 587 664 744 928 995
11 10 181 196 201 464 548 663 672 686 687 919
10 2 129 238 269 440 549 699 724 844 889
10 123 334 497 508 599 629 745 771 789 840
14 22 107 206 256 344 439 482 484 580 585 860 902 910 941
11 10 90 278 341 367 491 531 532 713 802 867
10 17 40 100 145 169 546 579 626 870 918
11 7 101 158 366 472 666 737 808 822 844 908
11 4 91 291 297 448 471 588 591 800 841 912
8 29 209 283 337 365 786 798 936
8 41 101 112 143 444 734 914 947
4 227 334 612 964
10 43 340 382 462 466 480 540 548 553 932
11 35 55 58 349 363 423 435 575 581 601 621
12 37 171 273 437 535 546 772 818 825 899 951 964
16 66 99 100 113 150 159 176 254 399 431 520 536 551 641 963 988
9 215 445 487 510 669 812 860 914 915
10 1 297 353 372 416 549 623 656 735 757
9 366 383 421 630 696 717 730 783 920
11 309 353 373 473 518 546 556 584 692 749 842
5 55 63 252 401 889
10 346 412 456 494 516 619 762 834 901 987
12 94 145 155 396 467 553 580 672 782 796 802 938
13 61 146 187 245 246 371 562 630 664 673 819 844 899
10 10 15 81 178 235 378 443 598 675 791
8 65 251 341 355 461 489 906 992
13 31 137 191 201 226 370 494 516 582 623 691 795 963
11 29 39 97 183 209 359 623 683 695 865 922
14 119 145 200 262 351 369 418 557 678 716 737 739 882 927
14 41 182 224 437 447 454 515 564 699 830 878 911 930 943
11 29 206 261 304 563 690 749 788 822 900 936
4 366 466 875 968
10 18 136 376 595 615 848 957 959 968 973
5 33 114 441 515 812
13 14 31 192 235 263 340 373 375 497 510 669 706 908
12 33 77 112 142 202 401 442 597 657 842 940 960
9 24 117 174 348 530 715 772 804 941
12 19 133 312 394 399 604 701 872 886 907 962 981
8 131 309 339 460 611 927 959 997
4 313 595 819 982
9 34 96 280 298 320 382 464 737 903
9 92 244 370 446 501 547 743 885 996
9 24 288 365 449 524 608 771 911 968
6 63 211 403 466 885 895
11 14 139 229 292 407 501 730 734 898 927 990
11 108 176 222 434 458 540 698 766 901 920 969
11 48 166 211 222 335 533 538 556 671 745 926
14 106 204 273 275 438 488 513 547 711 722 849 888 931 950
10 13 151 233 435 473 474 534 560 847 971
15 2 111 143 300 419 614 647 712 728 734 804 833 854 876 999
13 25 28 108 129 308 335 475 488 508 553 684 736 893
17 55 67 229 244 284 314 371 409 421 473 538 609 678 698 804 868 915
4 148 591 801 802
11 35 138 217 362 373 534 715 762 772 820 996
8 33 259 413 464 542 730 799 958
9 247 272 416 459 480 621 759 928 977
12 78 79 122 268 312 332 430 729 741 805 824 980
10 117 204 375 542 586 629 668 763 984 995
8 12 81 282 331 346 392 511 528
14 105 123 127 315 394 473 712 714 721 759 790 803 806 808
11 116 187 212 342 429 662 748 817 945 991 999
4 408 566 573 939
5 389 399 456 506 670
15 14 192 269 272 289 331 429 493 569 598 768 791 843 951 953
15 56 222 408 558 597 613 623 648 700 703 708 731 746 751 891
8 203 207 537 663 686 710 824 922
9 427 532 684 857 869 893 930 963 967
12 75 95 124 250 355 547 706 717 786 805 807 944
11 199 262 493 654 669 842 851 898 902 905 951
7 39 324 370 371 441 659 953
14 0 186 201 225 229 245 307 324 495 511 530 571 895 944
10 120 129 158 202 280 334 410 513 874 899
7 346 367 612 668 750 807 945
6 5 126 203 347 498 768
14 97 283 289 342 353 412 503 576 625 664 698 710 729 818
19 20 49 185 192 213 305 394 406 419 440 585 651 658 689 788 819 893 931 949
13 3 76 87 224 274 330 495 509 662 705 806 951 981
13 104 110 191 428 490 513 572 746 823 861 958 977 983
9 100 152 496 510 545 606 732 834 869
7 300 365 437 442 598 775 998
9 3 76 157 160 386 392 421 583 912
8 47 64 122 241 287 311 566 925
7 26 210 211 253 645 875 949
7 290 451 468 641 687 736 880
8 65 94 158 382 397 797 950 999
7 165 218 384 454 524 555 812
5 49 103 208 643 750
9 172 292 547 589 683 720 817 871 908
5 178 469 783 837 873
11 67 213 266 428 463 551 560 561 598 755 876
10 26 286 474 491 633 687 692 776 780 793
9 36 48 61 107 119 608 699 712 840
5 5 277 540 669 873
12 43 77 125 134 349 374 452 490 641 650 897 917
7 140 257 472 476 680 735 864
9 4 265 480 497 537 591 704 865 916
9 78 220 339 370 464 552 557 746 778
13 1 5 25 27 156 234 361 451 645 665 709 863 962
4 291 501 517 706
9 15 137 386 624 669 805 821 853 965
13 99 155 160 204 404 419 477 639 709 738 895 945 951
7 106 136 233 323 440 463 781
10 195 268 302 353 368 504 657 696 881 894
10 57 133 146 265 329 332 435 728 791 886
9 42 86 135 215 368 464 669 704 783
9 42 93 331 336 440 634 808 863 999
11 1 50 175 331 421 465 513 701 777 839 861
9 53 91 228 442 549 617 627 761 858
8 28 106 228 252 334 877 880 951
11 138 201 361 372 374 620 673 811 923 929 958
4 43 175 400 487
13 106 181 204 364 400 403 499 616 631 672 824 856 951
6 30 130 256 449 650 816
9 76 135 157 254 262 329 349 351 583
10 125 136 195 199 250 483 598 836 910 919
10 27 109 137 138 365 480 664 740 862 868
8 182 184 389 524 627 646 678 680
5 116 288 353 609 669
12 89 120 145 299 442 473 508 744 894 906 914 970
8 23 120 323 413 517 659 698 733
11 9 343 369 410 470 481 602 657 687 724 955
8 18 77 192 217 278 361 780 835
11 37 123 346 488 551 698 740 835 863 869 894
12 108 281 286 457 497 515 569 636 654 693 888 931
12 3 60 101 204 271 321 369 373 609 721 872 964
9 72 299 313 403 495 507 603 653 672
8 276 284 441 742 800 856 911 950
14 115 282 303 371 416 681 743 794 813 844 928 955 983 986
14 200 211 246 353 358 374 375 376 485 594 610 804 946 975
11 41 135 181 535 599 717 787 865 880 972 974
10 61 73 389 534 557 608 649 700 895 923
7 318 514 631 799 822 831 859
14 4 24 175 198 220 266 309 337 381 435 541 720 751 819
9 156 373 518 673 726 787 814 854 921
14 62 82 175 211 221 422 477 528 591 606 673 701 719 749
14 83 131 175 179 229 272 550 568 602 626 633 638 651 875
6 24 64 252 506 596 863
12 7 100 146 266 328 337 392 449 498 580 740 983
16 152 192 208 535 556 645 659 747 776 777 783 808 881 882 928 988
12 116 211 218 515 557 643 667 668 772 829 935 952
4 368 396 465 950
9 22 74 248 278 558 729 901 950 974
9 90 175 428 510 517 687 689 702 782
8 38 45 165 199 210 234 530 869
8 48 207 418 431 562 585 650 922
9 8 27 189 231 322 380 752 860 954
11 141 152 198 256 389 451 516 628 650 867 943
13 45 96 364 422 426 470 515 661 733 734 927 932 961
11 79 117 132 145 179 312 345 398 742 771 933
6 39 114 491 561 621 962
11 8 106 270 474 533 584 600 700 737 774 870
14 218 219 272 332 373 389 459 481 521 522 758 820 888 971
13 45 123 142 262 344 385 431 492 535 599 891 927 963
13 3 174 201 332 535 617 624 654 676 704 726 771 950
6 68 401 423 463 491 735
12 71 138 187 254 321 410 609 676 703 741 869 948
6 69 285 564 796 888 915
11 54 61 118 247 317 409 415 560 760 914 929
10 51 422 472 522 553 624 711 718 892 919
8 164 231 269 302 403 657 824 853
11 12 123 177 178 280 349 373 525 779 918 928
8 282 367 511 561 875 890 987 995
11 17 28 73 368 552 636 786 813 856 929 935
9 80 119 239 286 340 821 939 963 992
11 67 202 273 485 579 585 608 653 656 843 912
11 29 54 269 525 536 563 625 708 808 822 846
13 103 118 139 335 388 401 598 664 684 775 819 859 971
14 119 140 151 175 259 429 530 571 640 668 720 834 959 960
13 32 117 167 183 217 340 361 404 676 775 810 872 949
10 124 238 312 430 490 598 689 823 839 959
15 4 210 214 295 441 450 453 629 638 687 722 826 856 953 965
9 39 205 218 471 479 491 610 826 947
14 158 168 238 245 307 403 467 568 601 632 738 865 908 979
10 146 162 259 314 332 364 408 843 872 922
6 109 212 344 598 699 732
9 1 56 147 172 222 245 631 634 793
10 8 49 53 71 114 599 608 806 902 951
4 122 581 692 975
11 9 87 102 105 107 135 190 342 583 593 625
9 51 101 129 343 459 539 730 778 818
6 157 271 300 450 593 988
11 122 166 333 370 444 516 570 587 759 794 984
7 8 139 334 495 503 562 873
14 20 154 203 223 251 392 400 467 552 601 663 774 819 931
15 2 7 60 124 333 358 460 532 692 731 742 764 821 840 922
9 87 228 451 499 516 668 736 924 967
11 162 251 408 425 451 488 501 621 666 701 831
10 84 195 232 233 455 593 658 939 962 975
9 166 185 209 330 531 581 704 938 999
9 55 67 91 280 282 740 811 830 861
10 49 73 438 469 521 529 536 654 727 892
3 295 781 863
12 74 115 139 182 272 461 492 667 687 743 751 996
10 29 141 335 454 462 724 800 826 942 957
10 59 199 269 281 396 457 583 637 790 881
9 212 270 276 292 392 403 590 608 675
15 8 40 98 176 192 285 354 376 531 552 578 588 713 769 815
14 20 30 47 161 174 194 251 359 373 394 484 495 598 718
15 2 9 50 82 133 144 195 284 335 367 406 521 612 708 795
12 144 149 230 273 324 423 517 653 681 743 864 969
16 23 45 69 85 119 286 301 314 355 377 544 578 583 681 737 837
10 11 50 90 165 323 464 551 628 688 738
8 120 386 427 584 617 719 875 952
11 48 177 210 219 414 541 562 574 684 734 808
7 52 140 451 634 706 735 747
11 52 56 70 205 303 341 403 449 562 766 932
12 407 418 456 466 487 502 649 656 671 723 779 797
12 99 289 491 513 522 590 689 775 787 797 918 995
12 174 190 237 306 427 428 660 682 718 805 931 937
6 53 575 661 726 733 959
11 16 285 433 455 481 517 520 534 652 777 922
11 0 36 131 245 292 312 537 580 765 796 966
10 12 14 39 382 489 504 598 611 630 924
7 17 222 439 672 738 801 889
9 95 117 238 345 423 497 594 750 992
12 41 199 325 409 495 553 564 668 793 936 941 974
9 126 272 293 493 606 620 748 895 960
16 28 44 137 284 345 423 441 463 474 479 527 531 598 666 726 974
6 31 134 679 811 812 887
7 22 178 377 426 527 772 920
6 169 234 299 456 872 875
6 134 178 623 941 972 974
5 466 840 872 884 898
6 280 302 357 503 529 551
8 22 68 134 169 515 685 763 965
10 83 134 198 228 280 371 413 589 593 715
9 284 292 324 429 452 691 804 892 915
8 111 210 211 304 365 641 808 989
7 239 281 487 555 587 892 991
12 3 142 173 310 312 469 591 758 814 816 841 922
10 13 68 83 126 149 415 462 718 806 817
12 31 99 101 110 274 283 326 330 419 451 745 992
9 46 92 112 157 217 271 579 739 834
9 3 78 82 241 462 488 495 982 994
12 84 97 349 402 424 429 453 488 597 607 890 899
12 137 141 160 219 262 322 342 438 526 532 730 930
9 120 126 131 184 213 321 425 799 965
10 161 170 336 537 576 682 687 908 922 966
12 42 137 203 260 319 410 548 570 587 673 753 871
8 71 138 155 225 235 431 488 987
13 4 99 136 177 215 306 408 508 533 684 717 859 884
10 113 519 613 700 702 741 780 810 851 933
7 58 132 212 229 232 624 672
11 201 219 278 309 335 394 517 640 672 744 912
14 98 213 313 356 357 503 630 713 796 842 848 910 913 964
12 12 52 63 155 270 353 357 468 504 694 740 979
11 66 68 122 193 249 306 624 655 775 967 980
7 100 187 525 635 725 782 954
9 89 163 372 556 676 781 842 907 996
11 105 146 221 322 460 552 622 638 672 797 897
9 251 320 376 498 817 902 911 925 981
7 32 147 317 355 414 874 989
11 61 249 349 455 522 529 543 601 696 820 930
7 100 101 363 409 663 667 741
8 38 41 116 471 564 609 882 898
8 30 122 191 336 508 537 795 962
9 177 192 401 406 463 593 728 823 960
10 38 235 324 399 506 558 597 637 843 961
5 217 356 816 969 976
7 297 492 624 709 749 969 985
9 136 233 452 488 495 507 661 715 851
9 236 291 331 348 508 560 732 789 834
13 29 82 120 191 209 359 484 556 690 745 778 909 928
10 5 383 618 740 741 783 827 868 916 945
9 114 118 173 189 347 543 823 867 999
10 80 113 313 365 371 588 665 770 816 843
13 103 157 158 244 274 294 529 542 660 727 847 950 960
11 46 49 88 90 187 249 337 447 586 747 824
11 109 114 237 254 273 322 539 556 586 866 942
6 44 352 488 514 593 838
12 206 339 379 446 570 583 585 662 760 840 932 957
12 217 276 313 328 448 590 601 633 742 944 986 995
13 1 9 10 55 114 146 484 593 610 710 764 939 942
6 82 179 316 601 606 909
12 243 374 529 541 593 639 672 699 737 761 954 990
8 39 257 384 475 527 837 896 917
4 268 440 702 775
11 109 212 382 401 442 462 643 723 752 975 985
15 37 234 262 317 355 369 375 402 550 567 619 752 839 993 995
11 67 202 231 250 277 299 661 696 838 846 918
11 312 326 358 393 424 667 763 853 881 948 951
12 30 65 90 124 144 191 210 247 321 434 462 730
12 7 259 296 306 341 346 646 763 792 799 951 972
15 0 75 107 141 143 235 308 412 431 443 594 621 764 784 918
12 51 117 133 295 399 461 548 608 713 821 835 936
16 33 183 287 288 382 443 444 557 573 609 666 700 717 873 874 883
8 138 154 322 471 587 685 786 900
13 116 134 285 386 487 505 515 633 697 718 818 873 883
12 10 122 152 175 312 384 498 541 564 665 699 909
11 18 210 380 471 611 703 790 798 874 956 963
7 320 590 599 645 693 801 872
7 111 181 523 548 868 893 909
11 6 68 233 342 518 704 705 727 858 920 922
8 42 58 134 240 268 466 797 981
6 18 53 230 238 373 467
6 59 74 284 386 673 902
6 95 328 483 563 723 913
8 10 68 120 162 407 431 665 720
4 36 409 460 953
13 24 35 65 199 232 365 433 461 583 871 899 906 940
11 205 222 252 309 356 445 555 612 701 766 795
10 61 246 392 655 656 818 844 909 949 962
7 69 159 238 317 403 468 648
10 76 99 152 206 622 734 809 864 965 985
8 147 149 333 425 453 526 803 813
8 10 241 313 500 640 703 812 967
8 16 156 467 537 625 718 756 804
14 18 40 54 61 68 86 134 147 166 308 441 496 542 763
15 39 94 110 233 338 363 461 522 553 569 602 778 782 855 884
11 187 251 317 347 359 597 698 707 791 799 956
10 189 224 359 425 466 536 541 557 661 835
7 3 112 309 482 495 530 980
11 35 36 64 114 280 337 507 510 699 813 946
9 6 86 151 232 390 459 490 582 800
8 37 193 406 508 566 778 861 947
8 53 210 288 297 333 479 507 581
8 242 263 352 404 441 514 931 966
13 85 90 112 206 317 411 462 478 602 775 794 872 956
5 97 122 162 247 277
8 78 265 434 633 693 814 938 976
9 24 92 110 260 344 430 489 583 667
11 7 85 119 143 158 162 363 842 856 915 971
18 114 138 146 172 191 222 229 230 237 417 512 645 660 696 704 855 939 960
10 6 8 99 101 156 243 264 479 487 600
11 12 116 148 347 354 395 449 483 641 826 998
10 47 209 313 397 401 665 700 774 925 978
10 16 101 105 255 280 435 538 550 679 921
10 149 287 305 357 476 611 640 723 848 947
6 316 391 399 428 649 985
9 74 269 631 639 656 670 725 898 993
11 118 120 176 255 370 375 415 628 733 837 873
11 60 172 362 423 451 561 629 663 706 938 985
7 112 120 218 422 476 518 802
9 48 74 215 539 680 798 925 945 964
7 22 92 290 585 649 797 825
11 10 460 490 529 600 612 656 677 689 941 980
9 63 114 240 266 540 684 896 909 980
9 55 67 148 349 366 379 621 772 833
16 128 136 235 259 291 304 403 445 571 658 702 707 754 756 824 851
14 17 99 108 192 266 306 408 446 622 626 716 819 821 864
9 98 382 605 785 819 823 933 943 985
19 8 45 157 176 217 275 277 403 423 457 461 565 616 669 695 736 754 930 976
10 73 243 256 285 332 378 507 583 623 886
7 1 27 53 356 479 642 985
12 83 144 167 327 397 405 415 426 520 563 925 947
3 98 404 522
14 56 167 212 253 321 368 509 617 642 663 881 894 976 999
14 4 43 48 228 253 268 284 369 636 672 728 814 880 932
7 163 349 526 562 672 788 948
8 51 60 289 458 479 819 821 920
11 130 183 245 305 400 451 756 774 842 950 971
8 5 41 197 368 388 575 577 989
8 42 295 310 528 571 637 876 997
5 134 341 394 530 752
10 215 261 305 424 455 581 657 685 690 925
6 244 536 554 747 927 986
3 695 768 951
7 79 83 199 251 516 598 686
10 186 338 384 432 479 692 724 760 762 984
9 34 54 79 337 355 584 600 609 825
9 39 69 349 492 636 652 656 880 978
11 56 141 263 328 477 577 604 634 664 750 923
5 189 206 355 809 870
7 109 239 249 477 496 627 783
9 131 167 435 578 602 756 788 863 930
15 6 89 95 179 199 267 276 336 337 449 548 557 605 768 833
7 138 373 564 820 909 925 976
12 11 21 38 41 87 134 170 175 210 555 579 675
6 434 538 602 710 784 829
4 146 259 403 574
5 8 172 181 465 517
11 21 115 153 160 218 347 406 471 472 520 602
10 214 315 376 468 471 518 559 652 833 975
10 53 94 112 237 272 340 416 529 571 782
10 22 305 358 362 541 568 621 706 771 968
14 16 27 116 210 238 332 796 807 822 825 835 870 900 983
7 49 368 504 538 648 778 968
8 280 399 563 576 660 784 943 978
9 293 483 487 542 614 698 777 925 986
7 42 88 180 195 203 778 830
10 87 213 253 268 298 544 550 652 691 920
9 137 301 514 550 585 690 760 855 961
5 233 448 629 797 934
11 38 67 80 141 182 190 259 327 627 809 936
9 39 43 173 175 540 694 741 813 817
10 5 89 307 325 383 496 499 535 648 692
10 232 274 359 399 552 579 753 826 883 914
6 162 222 341 445 667 860
15 268 324 401 403 408 561 599 678 707 718 744 763 771 826 972
11 27 61 97 139 320 346 427 519 643 664 895
6 357 379 519 719 746 975
15 62 211 335 366 519 615 784 859 867 878 888 900 912 965 993
4 3 426 506 580
8 181 562 572 578 681 686 889 963
12 57 125 415 461 497 534 589 661 672 694 796 996
11 19 26 120 152 205 210 361 643 691 696 952
11 51 335 434 468 563 600 769 786 875 898 946
16 130 157 185 398 422 441 452 478 496 581 609 657 717 742 850 958
9 107 154 326 479 546 681 739 804 881
10 6 21 140 257 424 515 682 775 874 964
7 68 146 219 286 434 487 916
7 96 222 228 355 356 673 696
15 24 107 183 249 314 319 350 356 373 461 543 564 749 818 917
7 81 277 343 354 359 482 742
16 3 18 55 155 213 221 227 229 231 240 267 384 556 722 853 865
14 52 57 153 201 203 232 357 444 595 697 721 806 856 951
11 38 88 175 185 235 500 517 528 569 833 952
10 17 82 129 335 448 538 570 749 755 869
11 112 179 192 213 391 406 435 727 802 806 973
7 317 531 563 680 874 911 983
12 27 31 60 122 143 170 308 377 510 601 604 805
8 74 232 357 594 606 634 797 867
9 143 275 322 446 662 846 930 960 965
12 4 270 323 329 404 491 517 544 705 848 861 878
6 0 468 484 689 814 882
8 50 313 317 609 616 702 835 997
14 206 286 380 432 485 581 618 660 674 675 687 800 884 996
13 416 548 597 602 610 634 642 645 710 814 816 890 939
8 79 189 388 673 736 929 940 978
9 33 64 203 385 406 597 603 704 832
11 91 187 227 250 291 679 781 808 979 988 998
5 109 249 360 654 661
9 47 70 312 472 505 521 823 843 851
9 8 88 299 383 471 516 566 727 804
8 17 69 116 588 611 643 931 971
15 82 87 127 199 201 222 322 336 380 566 572 701 703 743 993
11 75 110 317 569 701 750 790 800 856 946 966
12 47 60 128 141 162 172 331 425 681 791 915 995
8 395 482 571 631 683 721 789 835
11 91 187 217 327 549 560 600 686 697 823 927
11 54 64 174 216 545 548 658 778 867 933 979
9 9 299 633 704 758 770 837 925 946
7 92 192 386 745 771 850 960
8 130 186 226 438 600 719 780 839
10 38 199 361 377 407 565 566 576 908 910
13 53 148 315 357 396 400 482 496 579 733 792 793 990
4 321 359 432 652
12 133 169 416 459 521 582 685 700 855 884 958 972
11 27 29 154 173 221 288 663 755 816 922 971
11 54 158 249 262 343 372 470 529 566 942 984
10 187 191 243 376 401 663 675 749 751 755
14 1 41 198 273 299 365 375 399 662 711 721 811 906 924
7 195 273 792 853 875 880 900
7 163 269 336 397 417 589 611
8 100 166 169 287 859 894 911 952
8 110 121 396 504 706 779 954 964
6 346 590 780 845 869 870
13 13 18 29 49 59 91 277 302 571 610 784 827 985
9 33 101 106 350 406 421 523 573 767
14 52 55 103 164 172 191 238 256 340 611 661 671 909 943
6 305 378 591 715 892 973
10 190 440 793 811 837 862 865 874 877 981
5 424 661 805 889 912
8 192 210 250 411 456 555 695 773
10 81 97 180 255 378 464 549 672 714 954
9 311 376 381 397 445 503 761 785 885
9 164 206 238 266 404 493 578 808 969
11 21 131 172 182 199 215 428 430 506 594 762
8 348 416 418 449 559 697 748 765
8 99 166 342 421 812 863 925 959
7 112 220 317 339 342 360 767
12 0 5 138 312 427 534 591 695 741 805 812 961
12 64 363 387 442 470 487 575 587 726 782 928 950
4 472 572 886 949
9 58 162 248 289 298 360 613 858 954
10 419 435 455 583 594 618 639 722 798 880
