100
4 5 33 43 95
3 31 59 75
3 61 95 96
1 44
4 5 8 82 87
9 0 4 17 19 25 72 78 80 99
1 69
2 24 32
4 4 32 39 77
4 54 51 69 96
3 63 51 93
1 16
3 66 36 45
1 76
4 22 28 88 92
2 24 40
3 11 27 88
1 5
1 76
3 5 73 81
2 26 33
2 62 31
3 14 89 94
1 45
5 7 15 78 82 38
4 5 79 30 42
3 66 20 51
1 16
4 58 14 76 93
4 53 82 31 42
3 25 44 97
5 1 21 87 29 47
5 59 7 8 84 44
2 0 20
3 68 78 46
1 95
2 12 73
2 54 46
2 66 24
2 64 8
2 15 81
1 91
3 82 25 29
3 0 61 51
4 3 60 30 32
3 12 80 23
2 34 37
3 74 31 97
2 53 66
1 56
1 87
4 9 10 26 43
3 62 70 92
3 29 48 72
4 9 37 56 87
2 73 78
4 54 49 82 83
1 75
3 28 65 98
2 1 32
2 44 96
3 2 43 75
2 21 52
2 10 95
2 39 79
1 58
8 12 26 38 48 77 87 88 89
3 71 76 82
2 34 70
3 6 9 88
3 68 52 78
2 67 94
2 53 5
3 55 19 36
1 47
6 57 1 61 76 89 92
6 67 13 75 18 28 78
2 66 8
7 55 5 70 76 24 34 86
3 64 25 81
2 5 45
4 19 79 40 89
6 56 4 67 24 29 42
1 56
2 32 89
1 88
1 78
6 54 4 66 31 50 91
5 66 69 14 16 85
5 66 75 81 22 84
2 91 92
3 87 90 41
4 14 75 90 52
2 10 28
2 71 22
4 0 2 63 35
3 2 60 9
2 30 47
1 58
1 5
