200
5 20 96 97 124 182
4 31 67 142 186
2 78 113
6 101 27 90 129 140 178
10 106 15 29 44 71 82 95 107 153 189
5 45 70 126 128 134
2 113 178
2 19 53
9 109 24 61 62 87 95 113 178 179
3 74 125 131
2 105 25
8 19 59 75 98 145 152 169 193
4 14 39 52 169
6 103 117 53 135 137 174
2 12 89
4 4 107 120 87
4 94 126 133 144
6 115 68 71 77 100 167
3 43 66 169
6 111 7 11 35 64 180
7 0 105 111 23 80 93 137
6 118 35 73 80 158 197
2 69 164
3 20 96 186
2 8 85
2 10 41
1 171
4 3 34 143 182
3 43 48 165
4 4 54 86 148
3 138 139 167
3 1 133 186
2 57 154
3 37 149 157
4 27 41 52 80
4 128 19 21 40
2 114 134
7 33 63 88 144 145 178 197
2 145 187
3 103 12 84
6 112 131 35 56 160 195
3 25 34 93
1 60
5 18 136 28 182 190
6 104 4 72 74 75 185
5 5 118 51 83 184
5 61 64 75 98 100
4 125 153 170 198
3 28 95 99
2 161 67
2 66 75
7 120 45 57 82 90 165 169
8 101 12 34 144 158 159 72 100
4 7 13 126 68
5 102 29 68 91 179
5 144 148 58 82 85
4 119 40 155 59
4 32 149 51 95
3 151 157 55
6 108 11 120 156 56 83
3 118 42 75
4 8 46 159 167
5 8 160 69 70 80
5 130 37 183 185 186
4 19 155 46 65
4 108 64 83 94
5 18 139 50 165 97
6 1 144 150 157 49 164
7 17 127 133 135 53 54 88
3 22 135 62
4 5 135 136 62
5 4 17 153 170 97
2 44 52
2 21 168
4 9 44 155 171
8 11 134 44 46 50 60 96 99
2 110 192
2 17 187
3 2 152 196
3 129 170 81
6 20 21 133 34 62 185
6 102 121 144 180 79 190
6 4 51 55 166 183 94
3 45 59 65
2 135 39
4 24 55 90 195
3 29 161 175
4 8 15 139 144
2 37 68
2 14 146
4 3 153 51 85
2 54 174
3 134 148 181
3 20 142 41
5 123 16 65 82 188
8 4 110 8 144 150 48 57 97
6 0 118 23 181 75 189
9 0 103 143 145 161 66 71 195 95
5 11 136 46 198 199
5 143 158 48 179 75
4 17 46 52 198
3 3 52 176
4 54 81 104 114
5 13 39 97 110 130
3 102 44 127
5 10 20 151 184 189
3 4 112 130
3 4 15 172
5 59 65 149 158 178
2 8 161
6 103 76 95 126 168 180
3 19 20 129
3 106 40 173
3 2 6 8
4 102 36 118 139
2 17 129
3 117 153 187
3 116 13 168
6 114 21 45 60 96 152
1 56
5 15 51 59 154 184
1 81
2 123 174
4 122 94 126 153
3 0 143 157
2 9 47
7 5 110 123 16 53 142 199
3 104 68 139
3 5 35 163
4 3 111 115 79
5 103 106 63 146 179
6 9 40 141 150 153 183
1 133
6 16 132 31 68 80 183
5 5 36 75 92 147
5 13 68 69 70 84
4 43 70 98 146
5 13 20 171 181 194
2 30 173
7 114 127 30 66 87 173 194
2 3 153
1 131
3 1 126 93
4 124 27 97 99
9 16 37 52 55 67 81 87 95 166
5 11 37 38 97 187
5 130 136 89 165 167
1 134
3 29 55 92
4 108 33 57 157
4 131 67 95 159
4 105 58 153 193
4 11 118 78 169
9 4 116 123 131 140 151 47 71 90
3 120 32 165
3 56 64 74
1 59
5 124 33 149 58 67
5 108 21 52 99 182
3 150 52 61
5 40 62 177 188 189
5 109 49 86 97 162
1 161
1 128
3 22 67 197
5 28 146 154 51 66
2 144 82
4 17 30 146 61
4 110 117 73 191
5 11 12 18 152 51
3 47 71 79
4 26 137 74 191
4 107 179 184 187
4 112 138 139 194
4 122 13 91 196
1 86
2 101 196
2 160 195
5 3 108 6 8 37
5 8 130 54 172 99
3 110 19 81
3 137 92 96
4 0 27 43 158
4 131 133 63 82
4 105 120 45 172
3 44 63 80
4 1 23 31 63
5 116 145 38 172 77
2 160 94
4 4 105 160 96
2 43 81
2 168 171
1 76
2 11 151
3 137 139 173
4 40 177 85 97
3 174 176 78
3 21 37 164
3 47 98 100
2 126 98
