1000
11 26 91 100 217 274 309 329 459 540 595 845
10 4 17 35 176 314 499 575 618 803 930
12 33 42 72 108 192 250 287 515 528 531 718 746
13 15 63 226 251 296 356 476 485 576 634 668 837 994
8 1 41 69 391 594 633 745 969
8 155 187 260 551 566 713 733 765
14 44 108 184 284 342 355 370 442 443 540 574 604 615 931
9 15 135 187 317 450 464 585 663 724
12 10 100 161 173 181 207 238 271 488 510 871 968
9 24 69 113 116 174 498 514 765 984
9 8 164 305 614 787 807 842 864 978
6 131 195 578 605 670 857
9 66 91 185 220 482 531 587 670 850
9 65 72 240 474 522 603 634 827 965
5 147 576 789 819 881
10 3 7 208 216 255 457 626 678 692 711
7 38 93 260 288 365 504 765
7 1 124 320 410 534 678 914
9 281 333 488 559 575 593 713 775 815
16 186 192 373 383 487 489 503 505 531 548 594 714 722 769 807 971
13 37 508 576 663 704 731 786 802 867 922 935 990 998
9 97 279 364 481 549 565 718 791 834
7 134 184 588 610 814 904 970
3 87 730 811
7 9 170 482 530 568 619 795
11 84 286 380 392 469 675 706 721 769 860 878
8 0 37 201 350 437 481 940 999
7 288 391 409 535 700 858 949
9 44 71 330 346 385 469 537 675 859
6 154 225 338 452 668 720
7 82 161 644 665 719 820 967
12 97 120 230 284 426 554 641 665 763 864 903 909
10 75 107 184 299 518 703 791 882 938 969
6 2 388 562 608 649 831
10 206 250 272 305 467 579 636 872 910 916
10 1 75 95 109 329 449 550 650 818 891
6 148 344 736 846 859 935
8 20 26 179 225 241 346 397 906
13 16 147 158 210 285 360 413 437 774 811 947 952 961
14 135 156 178 243 313 440 450 511 660 687 786 836 976 995
12 59 131 132 168 201 458 499 583 606 835 907 965
12 4 162 215 286 423 601 701 718 722 747 797 930
13 2 83 125 127 214 443 522 558 614 783 846 893 999
8 292 343 460 577 681 756 793 997
14 6 28 46 74 126 300 332 374 447 506 568 893 925 941
11 89 181 213 271 296 334 395 413 423 487 753
12 44 58 163 218 345 481 546 557 776 883 936 972
8 65 201 441 547 670 676 712 715
7 240 247 278 456 510 557 914
11 132 207 301 422 448 667 890 921 959 995 996
13 192 197 315 321 331 380 666 759 782 803 820 858 925
13 102 422 424 445 549 554 682 744 764 836 903 949 992
10 153 186 300 332 478 702 820 846 882 905
12 102 222 254 339 351 467 504 531 589 741 928 948
13 150 260 287 304 307 399 496 582 613 629 648 703 904
9 94 158 311 319 543 615 834 901 961
7 188 190 286 347 630 638 742
6 183 227 230 409 828 889
11 46 147 178 199 299 388 462 473 493 597 736
11 40 284 285 383 595 645 692 821 828 852 946
7 221 267 344 583 636 717 949
8 179 201 395 404 695 715 896 954
4 287 495 572 897
13 3 75 216 232 330 452 521 527 538 550 563 728 886
8 136 191 402 422 483 863 941 959
18 13 47 133 174 186 223 285 377 498 515 562 566 696 724 801 829 866 898
13 12 107 198 209 285 409 417 510 564 614 825 897 987
12 193 203 402 428 454 497 582 598 638 661 851 866
13 73 110 174 229 317 339 349 442 577 591 683 690 855
11 4 9 220 222 276 301 360 384 759 953 976
14 91 139 151 281 283 294 315 436 558 619 696 717 802 893
9 28 267 291 549 598 697 712 788 889
9 2 13 91 169 328 584 605 758 775
8 68 269 306 771 778 841 893 996
18 44 99 119 122 198 274 276 307 418 422 456 628 661 735 787 862 911 934
13 32 35 63 261 316 352 586 605 607 687 822 854 980
5 255 361 620 854 893
6 208 241 332 453 594 693
12 204 282 343 396 406 436 442 466 553 606 681 762
7 156 357 401 417 426 675 843
7 110 363 540 764 817 858 902
11 121 202 221 227 319 359 468 517 610 701 780
7 30 147 148 170 409 623 898
11 42 345 425 609 726 762 767 781 852 861 968
12 25 209 369 377 393 431 542 570 634 726 736 950
10 143 183 221 233 322 361 566 742 803 933
7 120 185 214 267 301 302 713
10 23 219 278 537 615 648 675 685 777 819
9 254 334 381 447 614 792 858 861 986
9 45 216 258 303 632 643 756 765 945
10 115 202 226 378 397 702 738 846 911 950
9 0 12 70 72 326 401 402 501 740
5 163 520 774 792 988
5 16 201 225 915 994
11 55 195 491 624 634 642 693 803 826 841 843
10 35 171 402 586 670 697 731 794 844 990
7 171 193 209 301 388 391 420
12 21 31 172 175 206 227 306 371 783 811 926 949
8 219 398 421 593 606 666 837 857
6 74 491 553 554 884 896
10 0 8 213 330 538 609 700 854 885 917
8 170 276 282 300 498 523 837 958
8 51 53 138 304 599 836 874 933
7 126 282 361 468 566 843 856
10 106 267 340 391 511 523 575 583 746 923
8 128 278 392 394 399 429 633 678
10 104 256 292 302 502 591 620 793 808 911
9 32 66 215 331 341 533 798 964 975
7 2 6 209 333 483 627 867
6 35 208 231 451 739 883
13 68 80 184 287 323 397 510 541 780 808 853 866 964
7 125 131 186 447 588 770 940
9 411 515 574 833 837 852 882 907 941
6 9 158 448 510 657 842
7 171 343 495 543 667 911 976
10 90 147 254 467 490 542 584 591 851 935
11 9 352 375 450 453 504 549 598 644 837 906
8 249 306 349 382 554 567 672 727
5 124 138 247 744 871
15 74 268 328 347 357 376 409 475 680 697 712 729 812 835 925
12 31 86 276 341 342 355 383 495 512 533 820 924
14 81 220 240 353 402 559 578 695 700 716 742 795 805 970
15 74 140 156 238 292 323 339 343 430 521 550 639 738 753 897
6 308 582 723 850 911 948
11 17 118 143 154 227 581 701 759 765 871 998
11 42 111 149 214 286 423 528 833 848 971 973
8 44 103 264 356 385 479 742 769
6 42 156 196 272 306 581
4 105 286 574 897
11 180 272 329 342 369 450 611 649 801 843 868
8 160 241 395 528 533 581 612 872
11 11 40 111 146 199 430 625 740 743 819 873
6 40 49 216 371 471 772
7 65 193 665 671 672 689 733
6 22 324 384 565 566 879
16 7 39 165 279 287 404 561 638 744 751 761 766 784 893 934 985
10 64 166 226 273 384 478 808 884 906 943
6 288 379 709 742 957 997
11 102 118 142 157 289 356 566 670 672 791 922
11 70 214 276 291 760 883 927 945 959 992 999
8 122 316 356 522 701 887 945 972
2 795 898
9 138 206 279 364 605 625 743 875 970
8 85 124 235 526 551 612 858 871
11 154 232 273 289 336 390 560 606 813 966 970
10 147 255 283 339 376 446 506 723 841 874
6 131 253 521 612 870 944
20 14 38 58 82 115 145 158 166 261 301 421 435 506 567 609 631 707 771 818 968
8 36 82 154 163 424 428 698 744
9 125 210 409 434 478 529 587 883 973
13 54 170 191 192 196 384 520 605 618 707 782 879 902
8 70 183 324 425 454 490 788 982
4 336 550 649 996
11 52 177 356 464 688 720 828 840 870 875 918
11 29 124 144 148 170 203 406 592 752 878 885
6 5 214 341 418 501 616
11 39 79 122 127 169 311 422 500 522 774 962
11 138 494 508 511 543 544 651 674 769 824 979
14 38 55 113 147 205 358 445 638 639 803 809 810 954 969
8 222 251 435 483 654 657 828 946
7 130 265 272 454 501 571 654
12 8 30 231 258 290 424 598 620 638 840 866 925
8 41 222 393 518 573 763 790 838
10 46 92 148 204 210 699 763 805 874 988
9 10 195 236 356 379 653 705 754 936
12 135 269 309 333 334 519 539 576 580 716 869 972
11 136 147 261 276 292 311 312 366 679 773 987
9 296 312 350 409 417 560 618 639 770
11 40 234 342 366 395 503 525 612 721 736 942
9 72 156 170 215 235 452 588 732 979
9 24 82 101 150 154 169 191 376 433
11 95 96 114 330 390 447 514 617 737 819 843
10 97 191 254 451 730 758 938 955 964 987
8 8 365 405 467 690 786 882 937
7 9 65 68 348 702 894 941
18 97 178 225 233 256 385 397 402 502 536 540 561 619 647 797 895 987 991
5 1 463 514 673 787
8 153 320 423 516 566 784 820 868
11 39 58 175 320 421 456 459 500 574 612 747
8 37 61 309 485 541 573 597 656
6 129 189 812 831 862 998
7 8 45 351 729 760 853 864
5 351 531 568 632 682
10 57 85 151 220 249 414 518 634 799 949
12 6 22 32 110 250 290 308 385 701 776 886 955
12 12 86 392 417 439 455 569 803 862 908 989 991
13 19 52 65 111 191 238 265 292 344 466 492 536 993
10 5 7 276 319 452 539 579 592 774 893
5 56 230 292 464 643
15 180 256 257 271 276 488 495 663 737 854 868 870 898 924 963
10 56 406 480 599 615 734 782 809 857 898
8 64 150 170 172 186 318 482 853
8 2 19 50 150 244 387 453 962
12 67 96 133 235 254 338 349 498 616 771 807 907
12 247 312 396 425 588 612 628 691 725 925 975 990
3 11 94 164
10 127 150 270 297 364 448 557 734 755 770
12 50 239 351 577 648 652 715 746 845 865 936 957
7 66 74 236 739 795 838 925
8 58 131 277 426 613 669 701 832
16 255 294 316 336 373 375 383 398 421 532 585 674 780 850 942 949
17 26 40 47 61 93 307 354 355 400 415 451 494 601 604 651 945 968
6 81 90 261 432 568 673
10 67 154 582 608 761 801 803 815 880 978
19 78 163 243 268 271 284 315 335 448 627 779 810 813 826 871 876 886 907 982
15 158 243 375 478 483 551 559 669 719 724 804 850 879 933 957
8 34 97 142 394 459 517 831 984
7 8 49 306 315 374 677 786
13 15 77 109 224 272 311 342 416 424 436 879 886 947
7 66 84 96 108 220 689 767
14 38 149 163 238 265 374 427 520 558 723 735 754 788 948
9 213 416 490 554 578 737 875 894 990
7 219 303 321 667 780 944 989
12 45 100 211 286 414 424 471 659 765 844 958 987
10 42 86 125 139 155 238 574 590 756 801
11 41 107 169 224 327 336 372 621 780 853 939
6 15 63 89 132 383 612
6 0 352 522 647 931 953
9 46 279 311 355 524 584 618 638 915
14 87 98 212 233 282 310 510 528 539 645 656 754 872 985
15 12 69 121 183 209 262 267 289 372 495 608 774 939 967 970
9 60 81 85 249 343 549 677 682 732
14 53 69 159 162 226 318 322 402 411 524 701 728 746 890
5 65 340 364 482 822
10 208 215 281 310 371 395 436 659 714 982
18 29 37 93 175 300 333 362 402 491 496 509 527 586 670 715 737 861 893
12 3 90 136 222 483 516 545 657 662 751 850 971
14 57 81 97 124 236 243 323 374 418 443 620 683 780 824
10 267 323 435 449 453 520 626 735 803 855
8 68 288 408 570 631 861 967 989
11 31 57 188 367 556 712 753 849 920 947 958
11 109 161 389 503 540 581 633 646 710 738 837
8 63 144 409 499 514 527 752 878
16 85 175 219 303 327 447 480 498 573 579 587 600 697 795 868 968
5 168 383 693 727 934
14 143 169 193 257 342 440 482 660 683 752 771 824 850 948
8 164 198 227 279 297 399 427 433
6 242 286 386 390 419 714
14 8 122 186 210 214 338 389 404 518 532 533 636 895 915
9 197 284 353 375 583 584 740 743 830
11 13 48 121 399 438 633 666 679 707 889 967
9 37 77 130 603 714 736 795 904 971
11 237 252 314 359 419 431 432 596 774 833 924
11 39 204 205 227 280 414 581 698 716 872 950
7 192 332 667 826 829 928 929
5 247 539 566 667 697
9 258 466 605 668 773 783 794 881 968
9 48 118 194 245 294 709 784 819 844
3 390 500 957
8 117 183 221 449 538 609 949 992
13 2 34 184 323 345 353 380 533 637 640 808 883 955
11 3 159 267 306 328 363 385 418 623 767 853
10 242 282 368 452 594 642 708 750 911 915
6 146 312 318 668 741 818
14 53 88 115 172 193 396 434 710 779 861 897 943 950 980
10 15 76 145 200 373 766 888 960 968 984
11 106 175 189 521 544 559 711 718 737 884 908
12 189 235 311 531 560 595 656 677 741 769 885 984
10 89 161 246 335 460 468 612 768 818 968
8 301 423 527 664 673 761 782 973
14 5 16 54 359 364 423 557 656 718 764 929 960 964 982
7 75 147 166 202 560 734 922
11 220 303 476 529 708 738 780 792 830 862 957
4 399 466 587 979
11 126 538 556 571 586 621 664 699 710 840 886
11 160 186 210 399 696 826 861 870 954 962 975
7 298 506 667 776 788 810 879
12 60 71 86 104 220 228 251 372 500 700 747 933
6 119 204 285 288 330 901
10 73 165 338 515 517 576 581 708 800 888
10 196 348 397 533 558 567 838 965 973 989
7 8 45 189 204 322 707 770
10 34 127 129 160 208 466 619 726 936 958
10 136 144 302 456 527 618 705 763 813 968
9 0 74 295 306 331 579 945 954 968
2 745 805
11 69 74 101 120 139 166 187 189 564 644 689
6 199 363 419 704 727 881
10 48 87 105 297 303 515 555 639 769 860
16 21 135 142 218 236 330 371 415 475 575 623 650 869 878 971 983
5 243 551 819 873 908
13 18 70 224 307 468 541 594 643 749 801 806 860 885
13 78 101 103 219 252 355 476 695 817 834 862 900 979
10 70 145 322 470 526 582 633 740 766 894
10 6 31 59 204 239 295 569 621 717 940
12 38 59 65 66 268 365 368 431 636 791 983 989
16 25 41 56 125 128 213 237 290 558 577 628 657 712 730 851 991
13 2 54 62 110 135 390 459 486 491 496 558 562 765
18 16 27 137 229 268 350 352 401 464 583 607 627 682 742 809 847 934 972
11 138 144 220 386 464 495 520 566 692 770 837
14 161 184 286 344 413 418 431 469 628 774 781 824 933 991
6 71 139 297 310 761 882
15 43 106 122 166 186 188 293 353 372 553 555 668 768 826 915
6 292 468 481 584 904 970
13 70 200 247 314 385 397 467 495 523 586 859 905 930
3 274 284 641
10 3 45 167 576 644 672 680 685 880 962
12 196 236 278 291 346 520 801 856 926 932 935 939
9 266 329 390 521 578 610 658 826 938
8 32 58 309 323 336 404 581 619
11 44 52 101 225 331 461 671 763 802 803 930
9 49 69 86 96 147 259 605 710 826
12 86 106 273 377 519 535 661 758 834 867 900 922
12 89 212 233 262 278 345 576 632 636 813 881 967
8 54 102 397 474 503 552 578 737
11 10 34 388 452 465 496 553 678 761 798 976
15 73 97 117 127 207 251 274 554 615 684 728 730 826 847 893
9 54 74 201 281 316 387 401 505 869
9 123 184 345 397 508 524 688 850 865
12 0 165 179 299 376 409 442 578 640 667 726 757
10 219 224 291 350 552 608 633 670 714 783
11 55 156 166 208 218 257 468 567 632 804 908
8 166 167 194 253 361 550 691 988
12 39 362 415 422 530 580 581 586 654 788 907 933
13 1 242 294 414 444 524 535 569 586 679 799 801 918
15 50 70 204 207 339 380 400 464 649 782 804 843 884 988 997
13 75 140 200 307 327 349 363 443 478 698 709 762 923
7 7 68 387 608 805 827 957
11 191 222 253 400 429 501 753 781 821 912 983
6 55 81 187 814 844 925
11 17 177 178 379 478 595 639 675 717 845 965
9 50 212 395 464 557 589 666 795 844
12 85 222 271 283 349 442 608 785 788 898 965 973
13 110 122 227 228 250 299 325 330 339 355 579 812 970
5 134 151 373 834 849
12 323 346 354 469 475 487 539 621 723 750 759 872
10 91 381 387 482 504 678 784 842 904 986
11 215 233 316 366 398 472 563 752 844 908 971
13 72 119 251 339 438 486 538 560 717 837 850 899 983
11 0 35 129 298 516 549 569 767 773 805 991
15 28 63 100 171 268 279 323 359 623 703 727 851 889 933 946
12 50 107 274 300 533 565 632 696 759 803 848 981
11 44 52 77 244 351 421 484 612 653 765 782
11 18 108 165 225 379 446 473 576 692 814 963
10 45 88 165 353 392 490 504 599 886 961
7 204 258 541 705 937 994 996
16 144 152 200 215 299 484 493 566 684 857 912 915 917 962 977 990
4 427 448 591 772
9 29 193 238 269 385 475 575 591 934
15 53 68 122 145 315 323 328 343 356 398 440 508 628 796 816
6 104 223 390 523 591 845
17 107 120 155 392 424 458 490 518 595 638 644 672 698 789 842 880 884
12 6 120 129 168 208 235 372 464 539 584 676 714
12 43 78 114 122 221 339 360 391 444 577 770 941
8 36 60 186 290 403 503 675 734
12 46 83 250 303 308 663 680 756 770 817 909 952
10 28 37 297 325 441 456 611 730 946 970
6 56 119 401 842 844 851
11 174 270 424 464 626 627 630 726 729 807 896
15 68 117 193 316 322 378 398 496 509 542 570 571 773 796 935
8 26 167 288 310 626 871 890 957
15 53 181 182 197 332 386 419 533 562 623 691 700 767 962 994
11 75 116 217 288 387 501 555 562 632 817 929
12 121 239 250 292 334 375 433 665 767 776 891 950
7 201 325 360 383 517 541 711
12 6 120 201 218 282 323 485 509 540 544 602 625
9 3 126 138 140 153 164 339 543 559
12 79 119 360 506 576 577 668 693 779 848 951 976
6 158 469 471 588 616 836
11 81 242 260 330 366 427 433 457 513 529 899
13 38 69 343 354 357 530 564 598 619 720 907 929 931
8 76 85 103 312 362 374 682 795
13 225 313 361 377 408 519 546 620 641 659 697 748 852
12 80 251 277 316 430 433 448 595 667 763 826 852
11 21 142 196 223 260 374 471 475 571 825 992
9 16 173 285 385 490 530 704 879 997
7 166 168 327 359 591 791 912
9 230 468 492 555 672 774 800 852 885
6 252 285 430 442 747 769
9 84 129 497 512 755 757 784 891 982
4 6 590 721 756
4 97 132 224 279
9 215 220 267 292 342 475 679 754 931
11 19 200 255 324 485 510 522 564 682 864 951
9 44 207 210 227 361 364 546 797 936
9 116 200 205 239 353 383 414 538 813
11 119 145 170 309 384 517 520 586 649 805 854
7 65 84 302 362 404 559 735
8 90 349 397 499 500 762 849 931
8 137 164 320 333 597 726 773 845
7 25 50 250 315 777 803 878
8 88 326 431 559 566 664 757 774
4 117 410 555 714
17 19 59 120 200 216 234 354 375 546 700 706 756 787 853 854 930 970
11 69 134 136 150 376 477 689 719 730 891 893
14 28 126 175 184 251 294 338 365 401 445 629 708 845 888
11 237 289 351 439 448 486 608 645 656 746 985
9 192 307 317 326 352 690 726 905 986
14 33 58 96 305 411 650 692 698 719 739 751 828 987 990
7 231 238 408 560 633 793 955
19 144 171 237 248 287 298 340 419 420 447 466 651 667 738 866 868 869 914 981
11 4 27 96 104 343 475 503 562 603 628 820
17 25 105 185 334 341 468 477 492 544 549 571 597 719 806 807 987 994
7 84 162 438 461 472 509 650
7 105 206 418 681 695 710 822
13 45 61 130 168 224 321 558 569 594 669 685 773 857
15 78 194 254 432 471 521 577 601 603 676 733 820 854 971 977
13 37 90 110 175 270 294 304 308 378 654 681 733 945
12 98 200 327 339 349 412 439 494 535 670 767 984
11 54 105 236 240 263 265 474 499 566 644 805
10 201 315 318 495 506 652 749 793 903 905
12 79 91 288 307 347 385 808 810 884 939 948 995
13 64 67 91 95 121 175 222 225 473 480 514 872 887
8 344 457 479 504 613 668 671 720
13 61 135 238 299 377 484 492 565 669 754 756 783 890
7 173 588 654 723 941 946 983
8 78 154 190 570 618 624 769 835
7 441 499 564 632 824 978 982
6 229 362 389 467 834 938
18 27 57 66 82 119 149 167 232 309 508 537 660 767 833 868 894 906 974
9 17 382 432 468 537 641 838 933 991
9 112 222 388 593 736 765 787 896 943
5 398 443 814 843 864
13 38 45 290 550 655 676 696 708 709 750 779 817 847
12 183 213 243 314 375 473 617 657 737 839 870 897
11 201 279 313 602 617 646 754 808 820 898 989
7 208 211 469 492 569 926 952
6 66 79 167 185 580 708
13 74 155 227 251 290 394 513 560 587 661 883 928 932
9 237 242 277 351 390 466 525 547 917
7 96 390 431 474 496 521 594
12 98 147 178 200 332 635 666 771 789 835 917 978
10 49 51 64 74 156 313 559 598 692 739
12 41 45 125 177 259 260 586 650 886 911 930 997
9 51 148 161 208 213 341 348 533 817
8 83 151 194 465 483 522 641 676
11 31 79 199 450 483 496 502 510 519 579 729
12 210 236 337 359 478 553 599 830 839 914 947 973
7 67 148 571 602 660 807 912
8 105 318 553 611 749 758 895 925
11 122 131 363 368 458 548 597 618 836 861 923
14 84 242 285 290 381 420 505 527 659 695 729 736 869 941
11 202 242 396 410 520 527 556 575 611 863 884
15 170 236 353 359 363 484 518 581 647 651 689 787 836 911 939
12 149 254 478 528 532 543 617 644 763 765 940 990
13 147 159 228 449 511 602 648 657 788 867 896 923 989
7 70 78 208 224 672 775 857
12 26 38 527 553 629 640 655 788 799 900 916 939
6 240 328 393 667 786 977
9 185 386 398 470 557 580 630 689 746
9 39 235 339 456 567 646 813 898 980
4 47 346 407 813
11 6 68 78 309 322 368 488 605 816 886 900
10 6 42 227 316 412 450 525 560 599 958
10 314 343 465 478 568 721 738 846 850 901
10 51 158 385 534 539 660 699 713 803 822
5 145 333 646 703 906
11 44 88 111 171 233 390 548 753 817 843 981
11 49 113 196 204 337 363 386 605 677 883 928
5 35 228 249 435 497
13 7 39 116 129 426 443 589 631 647 648 833 856 945
8 109 172 201 572 573 677 851 869
10 29 63 169 187 252 305 808 887 911 984
11 77 116 192 228 511 596 599 772 850 882 947
6 67 151 160 643 942 980
4 185 657 936 960
9 48 74 178 273 346 440 553 768 954
11 15 359 403 564 578 598 655 666 727 899 954
13 40 341 430 509 609 629 723 752 772 833 879 891 954
10 0 178 206 287 479 564 643 647 768 796
6 43 258 472 579 713 988
4 300 393 541 726
7 58 643 662 704 885 918 927
5 176 691 886 968 988
18 7 153 188 288 289 315 321 342 348 480 513 518 536 564 680 954 957 970
9 305 425 444 480 505 587 820 840 942
12 78 186 246 263 272 390 419 496 500 555 710 886
12 34 53 115 173 294 408 520 551 773 867 911 942
11 81 103 258 281 293 311 367 392 410 534 762
12 25 28 290 325 358 416 575 577 644 784 856 990
9 283 439 526 672 675 708 814 875 993
8 132 213 358 364 396 650 770 864
5 327 393 460 615 759
10 58 333 402 414 708 709 777 782 841 954
12 13 304 399 420 494 582 608 689 725 755 921 987
16 119 279 325 338 364 372 391 563 710 740 755 795 850 876 942 944
11 3 262 282 480 511 628 679 851 861 943 994
6 384 392 497 593 758 822
13 52 136 149 205 316 320 427 434 444 643 658 850 943
6 126 403 459 703 842 857
7 190 233 402 464 465 476 690
12 21 26 46 293 606 612 655 702 730 746 788 798
12 12 24 191 223 235 326 522 557 654 720 801 856
12 64 108 159 205 226 425 426 600 724 785 801 996
8 332 336 404 433 568 632 713 839
11 3 179 355 373 496 505 568 594 885 893 958
9 287 328 386 520 552 713 877 963 978
12 19 45 325 601 613 629 662 664 770 808 836 935
6 8 18 189 442 613 778
9 19 541 644 648 723 736 737 784 887
13 115 151 211 334 341 365 499 596 600 719 738 867 953
12 94 99 225 287 535 674 684 730 757 830 934 944
8 186 367 392 404 416 598 670 966
9 58 336 670 739 790 801 821 881 887
7 157 201 398 474 612 701 713
14 62 114 120 189 220 289 294 400 519 620 709 837 839 875
20 54 225 287 305 349 420 426 466 485 545 659 693 720 801 849 922 933 948 987 991
10 67 369 449 477 513 616 693 777 881 978
8 9 65 101 193 233 584 591 850
14 1 40 232 378 399 407 490 624 635 671 721 741 830 954
11 156 178 248 267 378 466 531 597 618 742 999
9 91 155 160 318 352 617 712 788 974
9 106 175 426 513 550 761 784 858 984
8 19 168 231 304 344 391 715 991
7 16 53 116 326 334 403 793
10 19 307 431 465 485 518 555 566 570 861
12 44 145 147 266 357 400 519 557 669 785 828 936
6 551 604 663 671 703 792
12 20 157 308 339 409 516 575 591 663 726 947 973
8 225 349 355 393 458 630 749 856
15 8 48 66 110 113 219 373 426 579 606 638 657 727 967 972
16 39 104 157 435 453 476 533 544 567 704 715 793 884 899 921 946
8 120 369 542 555 713 803 841 957
9 359 418 464 497 502 906 928 961 984
9 9 171 176 232 402 572 699 747 809
14 2 65 112 269 278 572 660 692 710 728 792 847 903 944
12 177 226 329 508 719 751 793 824 842 917 931 986
11 81 206 269 354 376 522 540 748 757 800 885
12 32 162 183 238 341 433 464 505 530 771 971 993
10 165 302 362 426 495 506 528 764 832 942
12 92 150 210 228 289 297 376 432 467 486 797 833
12 63 122 146 256 298 396 420 583 701 836 883 949
18 13 42 140 156 217 373 425 482 517 618 619 625 685 803 822 832 860 871
8 101 104 294 340 767 772 869 939
12 218 222 308 314 556 597 659 799 818 836 930 960
7 168 419 443 580 628 633 976
11 143 283 470 631 647 665 854 885 890 973 992
9 63 225 232 259 273 431 432 437 612
11 2 125 130 219 434 519 533 540 557 683 930
11 149 262 359 545 618 650 665 784 820 835 860
13 24 313 360 365 518 545 562 596 715 874 886 993 998
15 2 12 19 53 182 257 500 565 679 712 726 781 870 909 914
7 200 238 434 789 889 895 999
13 107 120 130 238 250 270 331 351 424 511 528 742 879
13 17 445 468 546 582 728 770 827 858 920 923 957 963
11 27 302 314 398 491 564 724 764 780 846 847
5 175 186 464 693 741
11 28 87 409 410 677 773 774 836 847 893 928
15 63 100 249 264 328 375 620 664 718 737 772 896 911 918 999
12 165 187 219 245 325 342 445 569 641 652 704 761
10 0 6 80 175 231 355 517 528 970 975
11 110 179 281 335 354 461 489 605 620 631 703
10 84 115 349 512 723 800 836 907 977 992
7 55 114 157 356 434 555 602
11 157 256 355 392 511 580 656 779 819 898 909
6 226 496 529 530 637 840
15 46 362 374 383 534 568 594 637 646 677 706 743 767 814 913
7 47 419 560 680 710 814 887
7 19 430 447 574 765 784 919
10 21 51 71 116 221 329 392 605 667 942
10 35 63 122 152 312 413 502 814 917 925
10 5 143 205 280 467 507 576 578 704 756
8 304 310 486 687 732 817 855 962
10 78 99 292 305 427 429 437 456 585 815
10 31 51 99 117 211 306 667 976 977 978
14 278 292 352 367 382 466 505 512 543 697 705 824 878 914
9 230 264 432 524 595 760 761 840 874
13 46 48 196 260 321 439 482 506 528 664 862 893 978
10 42 70 210 270 286 287 395 578 760 833
16 18 121 205 256 356 377 381 422 608 626 639 731 736 742 755 870
14 144 167 257 261 328 389 418 443 547 699 743 749 769 929
8 135 175 649 704 757 898 927 976
13 33 65 287 351 352 391 530 673 736 864 874 887 964
7 63 327 475 640 734 775 942
15 66 276 360 373 407 457 459 464 535 640 708 811 904 915 933
6 21 134 331 404 531 711
14 5 65 85 103 134 138 177 245 289 336 381 399 505 868
10 117 147 270 311 440 511 734 801 900 930
11 24 44 182 202 444 484 485 546 793 832 939
10 185 284 314 329 395 416 539 732 741 795
6 84 229 349 406 505 622
10 160 264 349 364 392 428 611 791 794 934
7 62 451 514 515 576 615 693
9 162 179 233 451 590 692 720 743 940
6 6 112 128 178 214 548
11 1 18 104 279 338 432 469 508 606 675 878
18 3 14 20 165 269 296 303 333 357 551 572 689 787 806 887 911 916 982
10 43 68 197 286 343 357 396 469 917 918
14 11 121 211 298 304 309 457 551 558 672 703 782 787 935
11 34 187 233 274 323 426 460 510 623 896 957
11 165 313 417 439 525 544 648 690 717 860 919
13 124 127 130 231 243 269 299 313 433 885 948 965 977
10 54 67 123 203 283 474 534 688 749 930
11 40 60 104 239 288 521 607 645 831 894 954
11 72 115 218 239 293 342 498 608 857 896 944
7 7 200 553 617 760 805 866
12 75 95 225 264 294 313 314 376 423 740 744 998
11 12 149 233 263 418 465 689 782 788 804 850
12 22 111 169 194 358 405 639 755 769 772 828 983
8 53 321 450 798 813 857 944 984
5 214 370 573 671 843
12 68 106 115 337 338 340 366 498 508 607 689 934
8 154 187 707 709 732 814 822 928
5 18 98 411 477 750
10 4 19 77 252 281 395 420 485 546 785
13 0 59 257 320 341 363 556 628 630 722 785 870 962
10 242 453 490 530 724 876 904 932 975 985
12 58 179 379 392 430 500 524 605 635 636 708 746
16 67 71 116 161 360 422 457 492 612 784 864 867 872 940 976 991
9 102 190 334 427 443 453 650 658 707
5 233 483 490 646 973
8 41 201 396 487 651 826 863 867
9 355 415 428 435 543 866 905 943 963
8 13 241 391 396 636 718 901 924
3 6 201 507
15 11 72 75 142 150 246 301 442 448 541 549 597 676 690 917
9 40 78 98 144 481 510 575 628 977
6 75 288 583 591 760 932
15 33 203 220 310 317 322 386 474 559 584 648 656 769 878 991
9 83 100 147 249 458 628 845 851 999
8 22 81 298 747 798 846 884 897
6 129 346 429 432 571 734
17 130 143 146 168 178 194 216 258 332 481 494 527 598 679 687 690 749
9 54 199 403 487 488 737 741 801 870
6 10 42 66 88 823 997
10 6 55 87 190 306 472 572 892 912 978
9 155 193 358 497 667 670 742 749 846
8 171 414 415 434 501 585 952 981
15 1 150 167 218 273 406 430 500 522 529 847 902 922 926 992
12 24 70 175 272 299 360 522 620 883 910 941 992
11 76 106 161 227 362 495 538 541 619 951 972
7 215 264 284 325 642 761 873
4 570 686 889 916
9 82 251 279 330 351 579 695 839 934
4 94 406 499 915
5 131 142 355 522 902
12 15 228 348 350 559 682 684 685 773 783 798 922
7 108 204 288 348 770 915 918
13 74 194 286 290 339 391 476 525 595 606 609 786 875
7 54 385 437 458 487 825 867
8 56 348 439 509 595 760 817 998
9 147 229 450 526 541 683 832 941 952
12 89 182 303 311 331 352 407 484 891 958 979 987
11 4 105 231 240 283 310 389 525 721 937 967
9 3 13 84 94 183 707 802 945 961
5 421 499 597 957 989
11 34 60 238 285 303 597 603 756 799 867 953
6 250 545 546 664 719 943
11 56 67 135 158 161 218 341 510 646 687 970
9 122 158 167 278 320 559 588 892 989
10 250 309 437 563 564 791 813 824 857 890
10 31 295 362 410 425 539 715 724 837 936
8 94 252 621 733 752 861 955 956
10 89 188 281 454 459 462 478 899 922 963
10 30 116 276 296 341 399 434 469 489 929
4 59 219 386 583
11 231 415 440 446 546 600 638 672 838 851 861
8 175 217 433 450 459 526 662 914
11 54 87 197 435 450 489 580 608 661 753 951
9 33 129 152 315 376 561 793 830 939
9 35 279 388 393 423 471 529 599 992
8 157 201 390 433 601 841 913 938
5 197 400 539 658 663
6 164 332 714 773 790 893
11 159 160 313 397 405 482 832 926 967 978 999
5 413 437 457 481 869
9 179 219 257 260 386 544 608 929 959
10 113 159 226 286 414 435 455 510 891 932
9 298 478 599 652 687 731 737 842 855
8 213 224 362 431 496 524 883 945
10 39 235 409 428 445 515 720 793 820 835
6 67 74 302 418 648 725
7 226 462 487 647 722 897 925
11 7 20 189 345 507 508 652 770 834 869 890
9 259 264 381 487 538 557 637 909 938
10 30 31 133 353 526 529 689 760 887 984
8 50 98 240 321 421 457 786 800
16 49 114 212 244 245 266 309 363 390 438 549 554 616 728 803 815
11 3 29 246 253 292 357 403 848 878 930 959
6 199 205 395 404 506 676
12 11 12 47 95 138 225 310 398 492 493 616 827
7 133 300 403 499 507 590 766
12 117 133 138 296 341 367 436 470 578 646 710 829
7 176 202 259 562 800 819 820
4 157 200 491 759
11 25 28 79 87 320 344 470 575 803 829 982
10 47 342 396 413 425 605 669 746 823 895
12 207 221 257 448 451 537 546 680 727 739 816 863
7 15 17 105 305 326 784 823
10 166 240 314 372 476 531 612 731 764 826
7 119 296 345 464 547 677 923
7 43 78 394 397 687 833 947
10 51 182 221 288 361 373 626 789 895 916
12 68 227 235 528 631 704 777 789 796 827 966 977
7 306 336 491 626 766 785 846
8 87 296 395 522 626 845 919 938
2 622 817
11 39 75 552 612 638 658 681 924 930 961 964
5 153 308 582 690 781
14 133 209 276 384 433 439 474 576 587 591 665 773 888 986
8 68 173 387 480 580 605 612 688
5 194 312 351 463 961
11 15 59 289 333 388 422 515 573 843 973 983
9 77 94 234 357 496 497 536 572 815
3 721 812 911
8 61 121 282 394 431 623 798 896
6 65 70 265 331 413 973
11 71 95 119 233 245 362 555 701 738 739 926
6 148 243 316 341 388 859
8 163 264 445 514 560 854 878 924
8 27 100 121 267 351 383 837 914
12 41 81 124 140 184 199 222 494 521 697 931 980
9 52 90 174 481 709 787 897 979 998
10 32 54 330 446 479 507 541 578 820 877
12 20 277 365 462 511 539 551 561 683 737 875 933
6 164 273 335 555 739 905
7 25 383 546 719 783 805 850
9 147 150 240 271 592 599 634 776 798
14 252 262 269 385 413 417 470 473 564 597 776 883 906 979
10 137 247 316 413 473 495 592 702 753 999
15 231 254 264 301 394 466 475 515 547 672 796 866 929 970 987
8 15 256 354 565 726 790 858 868
10 47 71 119 230 286 501 531 775 786 991
11 5 18 86 445 460 484 486 494 512 736 796
10 19 224 237 241 310 342 382 653 816 898
10 47 61 197 225 503 511 530 641 885 892
3 121 165 243
10 60 70 284 320 328 580 736 751 771 772
9 2 21 41 256 260 538 603 862 948
10 30 205 384 388 392 490 516 637 706 905
11 29 153 360 403 482 496 573 660 772 853 956
8 25 168 370 444 499 633 694 818
4 19 41 595 662
13 123 145 210 325 405 458 489 542 771 801 879 897 923
10 7 65 205 483 535 596 641 807 859 891
5 194 474 661 754 774
12 83 84 272 309 348 379 387 461 508 531 711 739
9 117 234 277 330 457 510 677 931 977
7 63 222 306 515 534 667 842
8 119 181 348 426 431 748 780 848
12 23 172 286 306 346 384 481 491 788 890 943 977
7 20 95 559 658 679 778 937
6 169 221 552 569 592 845
6 5 133 396 397 642 971
10 190 196 261 344 563 567 611 798 830 863
7 74 210 228 377 821 829 978
16 36 58 84 168 241 411 431 489 559 562 713 717 847 905 946 956
14 171 189 211 225 256 304 414 489 538 613 658 704 795 973
9 90 122 231 262 390 444 490 697 832
12 109 198 388 422 493 677 697 705 726 859 961 996
6 91 131 239 283 475 586
9 53 253 257 499 536 569 613 749 843
17 56 85 121 126 137 288 500 533 559 616 765 770 779 786 817 877 878
12 131 142 239 546 560 573 836 837 854 950 978 996
9 51 118 135 148 586 789 893 952 999
5 4 275 774 819 895
12 2 104 197 222 386 439 481 597 676 750 797 849
8 41 178 267 368 514 610 817 916
3 362 517 729
12 281 400 429 509 560 582 612 616 741 963 965 999
8 252 325 413 593 746 833 899 935
8 135 226 388 516 717 756 888 969
8 154 232 235 327 458 642 972 992
9 45 122 230 318 447 648 709 876 997
8 164 210 219 372 404 415 725 821
7 196 369 474 475 559 588 990
12 43 89 214 345 370 383 404 551 636 751 857 958
10 309 369 381 491 517 561 823 907 918 955
6 72 172 302 429 477 866
8 50 69 124 325 331 472 674 834
10 139 181 556 558 585 607 630 665 801 923
11 135 203 259 291 305 502 539 556 621 800 948
7 78 83 316 378 468 850 973
8 31 162 163 273 300 363 434 923
9 51 80 260 519 535 679 824 860 908
16 5 9 16 89 124 213 287 332 411 434 548 742 824 848 919 925
7 135 255 283 671 684 777 785
13 83 209 251 329 351 353 398 409 523 546 783 804 906
5 258 292 456 459 987
11 19 25 126 157 257 278 368 406 560 588 608
15 111 167 196 271 289 343 345 471 487 534 627 663 742 817 884
11 73 147 193 235 421 518 717 723 879 891 941
14 132 337 453 458 523 538 588 717 720 790 792 808 877 891
14 166 246 329 349 379 395 467 537 626 653 689 849 942 995
15 38 92 156 187 220 242 290 367 381 537 725 745 781 869 997
9 18 72 436 563 712 795 811 819 896
9 46 184 266 353 707 708 826 879 998
10 87 380 473 497 683 766 792 809 840 894
5 73 488 731 852 860
8 204 254 357 413 544 742 870 942
12 81 110 200 212 215 227 262 535 729 837 844 927
7 83 290 318 531 688 774 861
10 50 150 190 259 315 332 473 578 587 980
9 42 97 246 310 404 626 706 767 991
17 135 177 247 326 369 469 489 502 529 548 598 678 799 835 902 907 952
10 322 483 506 594 595 684 766 819 841 871
9 20 39 173 207 438 628 666 712 742
10 10 74 176 383 411 433 576 578 702 956
17 71 151 210 266 313 322 435 437 481 501 587 730 797 831 841 957 998
8 14 341 421 532 682 683 744 992
7 162 493 653 711 772 969 994
11 21 32 138 285 366 571 640 805 885 891 911
9 88 92 262 507 515 772 777 823 904
13 43 106 389 400 504 511 516 568 649 660 860 904 963
4 95 246 571 884
14 24 121 141 198 233 241 321 361 475 569 737 775 939 964
6 339 349 459 683 710 713
8 41 175 374 520 746 788 860 911
10 107 305 481 589 610 626 695 707 734 946
11 183 314 437 524 636 784 825 839 861 940 999
7 269 367 517 542 666 673 761
16 65 129 203 214 281 297 314 482 483 493 496 567 613 723 760 883
6 20 70 300 634 894 907
20 1 50 85 94 158 185 203 228 300 331 380 445 512 522 667 675 848 853 946 975
6 205 311 315 587 767 806
11 121 163 275 317 329 376 399 585 706 791 974
7 281 392 576 804 840 893 919
8 10 19 193 348 392 428 724 877
13 106 110 136 250 401 415 452 487 772 816 902 913 985
7 158 190 288 514 777 852 984
4 158 204 266 401
6 23 38 97 564 775 840
7 119 180 323 694 880 973 991
10 144 204 273 303 375 440 441 589 640 881
10 22 319 333 412 470 546 547 550 592 871
6 18 203 553 667 693 909
7 339 442 677 714 808 875 952
13 80 282 345 352 413 424 447 552 630 686 742 747 770
8 35 147 253 258 524 721 837 997
12 14 87 131 171 247 280 544 673 745 775 785 866
14 30 50 52 120 177 391 396 415 465 529 660 673 703 929
8 59 318 493 735 754 838 879 883
9 75 223 394 445 477 522 592 836 914
5 614 676 678 757 792
10 157 227 235 290 407 516 555 640 764 765
5 66 364 629 799 908
15 94 204 244 265 292 298 301 306 363 601 679 776 935 960 962
6 13 317 534 670 683 906
10 57 59 153 159 388 506 588 856 884 965
6 65 244 672 675 735 905
10 239 262 427 491 499 649 734 850 889 891
6 33 180 206 583 788 884
9 199 519 522 568 631 654 738 873 955
13 112 125 242 409 450 458 520 558 681 750 890 952 973
9 21 55 282 302 324 408 663 759 992
10 40 119 406 421 529 660 784 847 880 946
15 39 51 102 358 430 433 487 521 524 537 542 743 822 860 901
14 3 98 101 112 116 231 289 328 495 641 700 743 780 818
9 162 198 270 410 646 821 857 922 961
9 414 427 484 495 623 799 847 961 972
9 153 161 264 465 545 556 777 806 811
9 73 94 145 473 512 651 785 788 978
10 10 113 326 341 347 479 516 658 728 923
13 79 94 103 129 171 315 412 447 590 692 741 898 979
8 95 213 247 319 321 327 347 780
12 0 197 320 340 379 385 609 685 732 860 908 991
10 36 42 52 90 444 535 610 616 684 963
11 288 306 413 515 535 537 618 736 835 839 961
10 125 331 357 668 729 765 803 849 917 934
7 230 324 378 496 746 773 848
21 12 123 200 205 226 235 308 328 444 453 475 478 498 587 706 762 830 862 885 906 911
10 67 115 286 330 347 451 476 609 646 967
9 59 83 112 362 363 367 778 809 911
9 110 181 191 215 251 383 720 803 954
13 75 76 100 189 376 383 396 526 699 743 937 947 989
6 68 228 552 658 877 882
7 103 297 450 469 482 509 828
13 11 98 190 336 395 436 479 584 589 640 756 838 865
9 27 50 80 88 143 502 534 711 920
10 28 36 294 698 724 739 862 910 939 998
13 25 278 281 522 529 580 764 778 793 797 836 845 893
13 83 88 225 229 254 265 430 476 505 642 646 781 799
12 74 180 185 262 282 557 718 850 859 890 965 970
8 64 432 601 677 734 950 962 972
10 10 31 181 373 412 471 562 598 940 994
4 197 308 857 877
13 65 67 110 161 390 585 602 710 758 819 884 909 948
11 20 108 302 435 467 490 598 601 629 636 904
8 129 177 189 233 390 409 566 711
12 165 279 307 390 431 451 523 655 663 774 907 917
10 146 153 189 265 414 531 559 595 613 779
11 8 118 124 143 204 350 522 785 814 875 876
8 34 130 219 243 325 402 598 923
7 131 280 621 832 883 900 988
6 102 145 163 530 556 562
9 142 153 211 470 495 628 704 816 871
5 204 475 596 753 871
8 486 703 742 772 807 855 865 906
12 25 154 232 279 380 555 575 608 668 699 742 986
13 134 150 205 208 266 365 458 533 723 771 776 821 987
5 203 296 341 812 835
8 14 246 277 303 493 497 813 950
7 32 52 112 173 291 453 855
14 46 109 139 149 250 418 448 521 619 659 708 801 821 873
15 99 136 256 315 341 401 432 511 610 770 794 828 831 866 904
14 100 154 257 281 367 462 485 517 526 581 715 791 850 938
13 63 184 204 208 264 334 423 442 463 466 530 893 911
11 140 402 452 489 493 547 562 576 665 894 956
6 255 269 385 689 751 938
7 57 71 240 330 532 622 830
11 49 222 350 404 526 640 663 730 833 862 951
15 35 353 369 384 458 632 657 724 771 772 791 830 901 936 985
3 615 639 715
20 42 44 70 73 76 135 187 225 306 384 485 537 557 653 744 806 860 886 896 926
8 174 211 283 409 583 777 802 887
10 175 238 429 532 676 682 745 911 962 974
11 61 99 348 411 435 538 579 584 695 775 893
10 62 66 122 128 254 414 610 662 702 723
14 65 82 141 189 190 322 415 440 544 561 714 843 927 983
6 328 359 457 511 643 750
7 282 302 437 442 567 873 908
6 55 268 444 603 836 891
8 80 150 618 625 784 808 949 993
5 31 51 400 515 954
13 22 54 241 293 326 564 596 792 793 867 884 914 982
11 52 294 387 400 602 705 719 736 829 950 964
14 37 116 136 409 446 513 708 767 827 850 877 932 953 962
11 40 112 193 204 313 360 542 757 784 802 869
10 185 256 280 311 327 764 825 845 900 911
8 31 345 531 544 664 815 866 934
4 34 619 859 960
20 74 90 106 114 123 252 423 433 452 467 538 576 694 791 797 850 852 886 895 908
10 318 336 366 428 615 915 940 967 980 998
5 546 651 808 957 973
10 17 48 390 427 531 555 647 700 822 904
11 93 218 238 252 292 336 564 624 627 912 933
7 34 437 576 622 682 747 983
11 100 336 419 421 516 550 577 605 848 869 949
8 153 314 462 538 577 627 757 983
5 548 580 685 765 806
3 230 534 858
3 49 474 511
9 20 138 261 302 496 618 626 643 838
11 104 316 430 435 534 680 723 760 763 842 872
6 120 189 242 603 687 699
12 44 50 119 161 194 198 319 429 550 662 765 987
7 97 297 416 618 654 697 893
6 139 462 561 780 898 996
7 53 244 418 448 513 537 592
11 244 260 352 360 560 644 656 710 820 950 989
12 1 41 294 300 383 423 524 528 567 582 668 687
10 6 217 360 372 378 516 701 727 935 937
6 297 418 596 607 657 906
12 85 102 205 267 290 313 330 410 496 564 704 915
14 74 135 234 288 338 491 571 591 623 848 909 941 962 986
10 20 36 115 297 349 487 578 750 826 931
10 46 164 197 272 374 455 506 641 891 985
7 173 335 633 731 854 931 968
10 32 172 298 408 651 664 685 885 888 967
13 215 220 297 401 433 437 523 568 649 795 859 961 964
10 26 111 284 434 573 598 799 864 912 995
11 44 64 112 174 343 405 431 619 631 771 934
11 168 200 454 465 467 475 519 549 563 773 779
9 136 254 411 476 478 602 637 730 950
7 146 212 475 491 515 584 589
9 89 139 140 201 274 397 450 634 659
11 59 159 330 346 405 511 736 798 803 835 971
8 38 208 230 427 453 508 681 854
10 53 123 210 235 401 496 581 718 761 866
12 27 51 60 97 183 200 249 521 902 917 966 971
13 84 90 243 254 353 743 863 881 905 929 943 955 984
5 357 373 620 648 890
10 38 345 416 617 631 744 784 816 833 999
5 69 217 490 636 906
13 61 158 265 274 456 457 458 464 473 499 583 853 903
8 172 184 250 389 642 757 832 950
5 642 720 736 787 887
14 137 197 205 248 262 317 350 464 512 534 579 635 788 913
9 101 213 230 272 443 485 632 756 972
5 49 64 139 656 668
6 255 260 455 524 826 910
12 38 55 334 513 634 687 691 739 838 839 847 939
13 156 192 265 296 336 351 552 595 826 863 895 906 934
9 189 333 486 534 602 643 749 793 846
9 107 110 172 260 562 687 795 905 939
9 13 40 270 320 322 581 749 828 862
4 144 492 683 949
13 30 220 229 240 303 510 633 654 851 912 938 988 998
13 8 83 147 201 233 246 255 258 273 274 463 937 981
5 4 32 158 751 790
14 22 121 142 144 220 293 323 346 383 464 540 638 710 862
13 19 125 226 241 279 327 396 518 733 946 949 984 990
10 46 140 165 288 510 620 752 839 863 958
16 125 149 259 270 322 427 508 526 600 692 696 737 762 812 833 913
4 409 501 805 895
6 107 194 265 540 596 803
9 39 69 114 305 357 525 554 561 598
10 336 396 438 542 554 581 606 683 727 730
13 10 203 407 421 486 497 554 557 615 654 735 743 841
8 157 169 263 282 632 702 708 843
8 75 254 440 454 701 782 912 984
5 331 390 447 617 968
9 151 204 224 260 369 407 576 675 904
10 279 285 318 328 405 588 692 898 916 918
14 9 206 255 257 398 452 502 513 589 665 809 950 971 980
7 135 219 386 596 808 891 936
7 88 326 387 516 689 878 934
14 66 166 172 175 213 388 392 474 496 632 710 768 879 925
9 92 163 312 315 460 463 873 967 991
11 185 212 229 270 285 415 435 635 639 854 929
10 20 95 194 211 336 388 434 469 755 971
15 175 185 286 290 329 410 496 503 598 608 712 783 812 845 988
12 51 139 249 364 526 542 618 619 650 752 789 834
5 186 470 518 530 902
8 3 93 335 351 392 476 790 864
5 39 49 401 773 940
9 49 73 152 335 483 739 743 927 998
9 43 137 315 365 423 614 753 774 818
13 20 124 180 530 586 630 702 776 788 859 912 967 996
13 26 42 139 500 532 538 609 654 709 744 749 799 952
