100
2 40 56
4 7 17 22 88
3 72 77 81
3 18 29 49
2 87 93
1 64
1 14
3 1 13 79
1 42
3 11 24 29
1 67
2 9 64
2 72 85
4 7 18 94 99
5 6 18 28 30 78
3 58 85 91
2 51 27
3 1 44 84
6 3 13 14 65 92 97
4 57 70 72 95
9 42 44 47 48 51 57 63 65 83
1 93
2 1 51
2 46 37
2 9 71
2 59 33
2 72 39
5 46 16 39 89 96
2 50 14
5 3 9 76 34 40
4 47 14 76 32
2 50 89
3 84 30 90
4 46 57 69 25
4 80 29 35 97
3 71 34 93
4 45 54 71 76
4 45 60 23 93
2 72 93
4 52 66 26 27
5 0 50 56 29 95
2 65 74
4 8 20 57 87
2 55 70
4 17 20 70 83
5 36 37 53 79 91
3 23 27 33
3 20 30 75
1 20
3 3 80 98
3 28 31 40
4 16 20 22 70
2 39 99
2 45 80
1 36
2 43 56
3 0 55 40
5 42 19 20 33 88
1 15
2 25 82
1 37
2 73 86
3 73 76 96
1 20
4 5 11 90 97
5 41 18 20 76 99
2 39 76
2 10 85
2 90 96
3 33 82 94
4 43 44 51 19
4 24 35 36 99
6 2 12 19 26 38 97
2 61 62
2 41 82
1 47
6 62 65 66 29 30 36
1 2
1 14
3 45 7 83
3 49 53 34
1 2
3 59 69 74
3 44 20 79
2 17 32
4 12 15 67 99
1 61
2 42 4
2 1 57
3 27 31 97
3 64 68 32
2 45 15
3 18 94 98
5 4 21 35 37 38
3 13 69 92
2 19 40
3 62 68 27
6 64 18 72 89 34 98
3 49 92 97
5 52 13 65 71 85
