600
6 55 127 191 272 325 360
9 40 131 144 168 347 385 399 512 596
7 88 108 148 331 426 439 460
7 30 217 260 261 325 345 374
6 6 93 104 293 306 536
7 18 43 67 68 308 460 592
6 4 373 489 516 531 589
3 78 367 400
5 41 314 385 505 580
4 83 347 477 499
6 25 148 165 214 300 460
3 73 183 559
6 159 293 336 346 426 468
14 107 112 218 224 292 294 299 301 320 329 359 464 489 583
8 304 347 395 420 485 533 594 598
5 158 289 429 479 509
6 80 354 369 495 554 582
3 53 438 493
6 5 290 319 340 376 482
10 163 222 230 280 404 421 432 464 527 541
9 30 45 192 202 225 280 322 404 526
4 93 387 430 500
4 70 248 458 531
5 143 278 349 537 560
6 57 64 191 330 498 547
11 10 83 91 162 210 242 257 467 493 573 577
11 81 89 102 139 259 265 307 394 413 511 587
6 78 119 352 510 556 580
9 94 163 247 366 419 429 450 484 567
8 167 200 273 348 408 454 481 597
13 3 20 47 75 170 194 219 263 302 340 549 564 571
5 41 119 400 405 427
5 157 270 306 335 559
10 112 115 184 193 222 397 457 486 500 564
9 59 246 262 409 448 459 511 574 595
10 59 130 198 205 278 300 320 355 446 565
7 85 148 164 174 176 372 554
7 56 91 178 374 509 552 577
5 110 163 203 381 447
8 83 102 117 227 275 284 362 442
8 1 192 267 313 323 330 436 546
10 8 31 79 107 162 309 338 417 507 532
10 46 65 134 181 198 260 348 357 410 415
7 5 130 171 210 457 575 587
10 55 86 159 161 256 376 417 428 485 549
3 20 154 363
6 42 175 465 470 515 549
11 30 69 72 116 176 244 246 270 441 529 558
9 122 160 200 234 256 260 277 333 408
6 89 207 237 248 404 517
10 71 120 129 132 209 279 311 369 419 472
5 434 462 473 523 528
5 70 154 171 172 426
9 17 128 157 322 374 404 412 469 499
5 120 131 221 235 558
6 0 44 189 237 238 445
7 37 385 416 486 504 515 517
6 24 238 353 400 518 594
4 160 170 315 512
6 34 35 174 364 511 539
9 62 154 229 307 315 346 352 449 563
5 157 230 232 250 384
10 60 146 167 172 298 357 377 481 490 558
4 193 199 579 586
6 24 124 135 266 444 543
11 42 164 186 235 306 326 472 490 524 532 579
5 74 78 107 263 354
6 5 91 264 306 392 516
10 5 206 220 265 268 300 363 387 512 555
10 47 155 203 207 241 285 407 437 510 564
6 22 52 199 224 296 500
7 50 238 336 447 482 487 582
9 47 89 167 186 198 200 251 313 330
9 11 82 132 351 419 457 460 536 598
8 66 163 247 318 508 520 583 585
5 30 151 225 447 464
3 89 175 351
6 138 233 318 351 371 537
9 7 27 66 117 251 379 445 499 538
5 41 113 401 402 439
3 16 187 542
10 26 95 158 164 337 448 452 461 475 549
5 73 136 331 371 536
13 9 25 39 91 149 171 245 255 302 382 422 465 498
1 448
7 36 111 112 367 422 542 553
6 44 106 187 269 295 590
6 101 414 431 506 535 540
3 2 199 244
11 26 49 72 76 97 178 246 297 314 467 578
6 304 307 327 389 464 503
11 25 37 67 83 123 208 262 486 491 492 576
6 130 144 255 392 506 572
8 4 21 135 166 363 377 532 564
7 28 130 231 312 458 478 513
7 81 195 324 347 350 534 584
4 168 179 204 241
4 89 136 267 354
6 111 266 438 456 570 579
11 102 146 225 235 238 298 325 337 376 484 550
2 308 403
6 87 183 247 310 475 500
11 26 39 99 183 245 270 272 297 345 371 450
3 326 362 391
5 4 205 437 524 531
5 205 320 340 383 409
5 86 142 312 385 574
8 13 41 66 111 152 167 201 277
7 2 267 324 349 358 467 549
7 146 147 293 296 395 443 535
6 38 288 364 374 440 491
6 85 98 107 182 290 524
7 13 33 85 140 226 268 578
5 79 136 465 489 556
7 179 234 354 371 564 586 594
7 33 137 205 348 427 449 569
5 47 444 482 513 564
5 39 78 248 372 419
9 180 218 220 224 245 321 472 521 574
7 27 31 176 236 266 366 389
6 50 54 149 253 340 403
2 486 589
13 48 139 155 196 264 471 492 494 504 536 546 556 590
9 91 139 220 287 331 336 430 521 542
7 64 178 243 256 542 546 573
6 126 243 295 443 540 594
5 125 163 282 460 518
4 0 206 314 575
8 53 160 177 306 318 324 391 537
5 50 142 200 406 409
12 35 43 92 94 131 182 185 238 316 419 436 449
8 1 54 130 310 392 452 521 583
11 50 73 139 186 219 244 261 377 410 472 503
7 154 186 255 268 380 441 486
6 42 165 240 342 382 528
9 64 93 299 325 351 384 388 425 512
11 82 97 113 147 259 290 394 410 465 503 521
4 115 220 352 445
5 77 442 482 554 583
6 26 122 123 132 351 537
7 112 194 398 504 507 565 566
4 277 367 399 474
5 106 129 323 574 595
5 23 186 222 490 543
9 1 92 154 175 213 225 244 462 524
6 160 216 267 359 423 558
10 62 99 109 313 327 336 429 443 544 557
11 109 136 178 320 360 391 406 446 464 545 592
12 2 10 36 209 247 335 391 429 459 566 579 590
3 83 120 440
5 173 423 472 480 529
8 75 323 343 353 396 418 425 546
8 107 417 504 528 535 576 578 586
5 169 302 398 492 542
7 45 52 60 133 144 297 450
6 69 122 162 165 192 552
4 172 270 458 494
8 32 53 61 173 309 334 464 527
9 15 81 192 285 346 534 541 583 591
11 12 44 176 279 326 359 386 451 488 527 545
8 48 58 128 145 497 509 529 551
6 44 185 281 384 445 461
8 25 41 155 214 216 252 479 591
10 19 28 38 74 126 166 348 392 438 522
8 36 65 81 228 272 291 338 460
13 10 134 155 204 206 237 352 368 409 447 491 519 584
10 93 163 201 242 244 252 280 467 473 503
9 29 62 72 107 333 334 399 463 504
8 1 96 347 387 402 407 412 578
8 153 191 228 313 369 393 504 570
9 30 58 193 274 401 458 485 486 567
6 43 52 83 367 425 504
7 52 62 156 456 509 533 551
5 150 157 347 383 494
6 36 59 235 299 332 443
10 46 76 144 374 411 436 438 504 519 549
9 36 47 119 159 180 226 237 301 534
6 128 204 332 384 400 474
7 37 89 124 147 279 383 557
5 96 114 211 330 593
8 118 176 190 213 261 287 424 563
4 42 226 487 505
7 111 130 236 250 473 501 591
8 11 101 102 287 360 404 428 580
7 33 233 335 355 397 482 518
6 130 161 260 476 580 585
10 65 72 132 133 143 188 192 198 349 582
4 80 86 218 509
9 186 202 280 285 292 324 433 457 537
8 55 223 226 290 300 475 516 554
6 180 215 283 518 557 583
7 0 24 169 310 341 462 487
9 20 40 155 158 186 209 435 522 572
8 33 63 170 383 417 457 486 520
6 30 140 205 245 371 460
7 95 230 295 300 364 546 577
3 122 326 596
4 249 264 357 466
9 35 42 72 186 200 259 304 483 496
12 63 70 88 230 295 312 360 387 402 477 516 544
9 29 48 72 129 198 210 229 348 571
6 107 166 239 299 404 440
7 20 188 270 370 438 572 582
6 38 69 237 516 518 522
5 96 165 177 380 536
9 35 104 105 115 194 338 462 578 596
9 68 127 165 226 334 338 383 497 566
11 49 69 210 302 347 348 399 416 471 520 587
5 91 280 282 354 511
6 50 148 192 215 249 271
11 25 43 200 207 319 339 363 376 431 556 566
5 179 212 219 409 482
5 211 240 328 377 523
9 144 180 251 264 360 398 458 504 523
8 10 162 225 295 319 420 542 597
4 190 209 357 479
6 145 162 251 260 450 464
4 3 356 432 454
8 13 118 187 306 314 339 409 531
6 30 132 211 328 484 569
7 68 118 123 137 224 323 494
3 54 235 297
6 19 33 143 469 486 541
6 189 252 336 396 455 467
10 13 70 118 220 328 421 454 524 567 582
8 20 75 99 144 214 237 262 423
7 112 176 181 189 206 415 434
6 39 430 444 452 506 594
9 164 169 263 277 389 398 532 534 559
6 60 200 285 299 338 500
13 19 61 195 199 279 286 327 343 362 430 488 489 596
4 94 274 283 305
5 61 244 408 425 502
5 77 184 341 359 412
12 48 114 253 282 313 348 366 405 439 500 583 588
7 54 65 99 174 221 408 439
6 119 182 296 302 451 481
9 49 55 165 176 203 225 490 492 544
9 55 57 71 99 130 284 288 308 537
7 201 271 300 372 399 401 431
5 134 212 278 509 570
8 69 96 304 322 394 462 508 555
11 25 166 330 390 405 417 423 424 471 497 519
4 124 125 280 341
9 47 88 132 144 166 232 543 565 568
10 83 102 118 194 397 465 477 510 561 589
6 34 47 89 336 363 444
9 28 74 101 148 353 546 558 567 597
8 22 49 117 265 298 306 349 437
9 197 209 287 333 364 514 559 573 585
8 61 182 333 370 451 456 550 564
9 72 78 213 216 329 362 511 528 563
8 162 166 223 301 437 442 534 571
6 120 234 346 370 530 544
8 287 318 321 375 387 458 460 594
7 83 92 133 307 392 533 563
5 44 48 124 402 468
5 25 333 390 551 560
5 281 335 350 381 449
6 26 136 198 270 388 494
10 3 42 48 185 216 293 367 496 546 551
6 3 132 180 265 317 364
9 34 91 225 324 394 418 426 486 502
6 30 66 228 329 497 517
8 67 122 197 213 367 406 543 565
8 26 68 248 261 355 382 508 525
7 64 98 119 344 406 522 534
7 40 97 108 145 490 558 592
9 68 112 133 307 361 364 466 521 573
2 86 386
9 32 47 102 156 202 259 333 463 576
8 209 239 339 363 390 397 435 576
7 0 102 164 339 386 463 483
5 29 283 349 426 593
4 170 231 326 434
4 39 386 420 545
3 288 301 500
8 48 107 141 228 297 334 425 546
6 23 35 240 331 533 558
4 50 159 178 230
12 19 20 166 188 208 243 346 348 387 475 525 594
7 161 258 402 404 423 495 540
4 126 208 234 531
5 190 231 273 374 457
7 39 238 423 424 469 515 576
9 69 158 188 229 425 445 453 482 521
3 230 456 502
8 123 180 183 249 254 386 393 521
4 110 238 276 415
5 15 371 390 438 449
8 18 111 136 189 314 335 431 525
4 164 332 426 589
7 13 188 366 372 396 490 511
6 4 12 109 260 372 470
7 13 326 387 433 442 443 475
10 86 125 195 199 214 361 365 430 533 575
8 70 109 236 377 424 512 514 540
9 89 102 154 221 277 320 362 447 599
6 62 99 248 330 475 592
6 13 135 174 201 229 427
7 10 35 68 189 195 239 481
8 13 176 252 276 312 334 342 528
9 30 83 153 207 236 335 476 506 569
4 331 395 401 480
11 14 90 198 241 310 346 357 395 434 573 585
4 231 381 451 525
11 4 32 65 67 128 218 248 349 392 435 584
11 26 60 90 255 268 327 420 427 481 544 572
7 5 100 238 344 418 450 491
8 41 157 344 394 425 436 480 519
10 101 131 191 304 430 452 481 503 516 561
5 50 314 325 455 545
7 94 106 199 301 319 465 583
10 40 72 146 169 234 352 419 511 543 574
13 8 89 127 218 290 311 376 379 412 486 502 527 536
5 58 60 462 466 534
5 130 362 498 511 567
4 261 350 384 587
8 74 77 128 254 325 335 410 567
10 18 210 214 312 338 361 427 539 546 598
9 13 35 105 147 297 434 473 535 559
5 118 254 477 550 599
9 20 53 241 406 467 511 519 549 565
11 40 142 151 220 377 396 429 443 466 558 599
7 95 108 128 188 262 341 420
8 0 3 99 135 311 318 582 586
9 65 103 159 196 274 294 367 377 382
8 90 146 230 307 350 391 471 499
10 212 219 224 340 359 388 406 421 462 495
7 13 251 263 345 460 475 562
9 24 40 72 179 242 298 495 561 564
8 2 82 123 278 303 347 420 454
6 174 177 291 413 497 578
6 48 167 249 250 257 270
8 157 167 206 277 301 503 541 559
11 32 148 184 258 290 302 318 396 529 549 589
11 12 71 123 146 223 246 380 442 447 453 535
5 81 99 420 455 587
11 41 164 205 206 229 319 403 442 531 539 579
7 210 218 271 272 423 493 554
6 18 30 105 120 328 481
6 191 233 243 324 446 482
3 134 301 378
4 151 230 370 479
6 266 308 309 347 374 416
3 3 102 329
8 12 60 158 253 280 304 404 541
13 1 9 14 95 168 173 207 331 344 488 558 560 590
9 29 42 115 163 200 207 234 280 561
6 23 108 186 248 273 306
8 95 258 317 327 415 428 527 562
8 73 76 77 135 139 545 580 588
7 27 60 137 165 313 368 576
6 57 151 247 445 448 598
10 16 66 97 114 208 453 464 466 506 591
5 35 184 265 494 592
3 217 401 517
6 42 62 197 215 304 368
6 108 422 424 495 502 565
6 13 145 159 233 328 476
9 0 147 183 199 213 381 476 535 578
6 268 295 319 554 568 586
9 39 103 230 251 297 316 367 423 449
12 45 68 93 210 246 271 371 475 531 533 537 587
8 59 110 195 249 261 268 393 422
3 295 388 585
8 28 119 234 292 389 504 530 533
11 7 85 141 171 260 264 326 362 405 415 561
4 165 352 357 568
5 16 50 169 450 544
5 202 250 253 343 440
10 77 82 102 114 194 289 363 413 415 451
8 36 117 239 292 293 443 446 535
2 6 597
9 3 37 53 110 175 283 344 548 589
1 254
9 18 44 99 210 314 377 543 571 595
9 62 93 132 212 296 323 326 376 584
2 342 560
3 78 314 553
7 133 204 336 409 411 412 474
6 38 258 305 360 497 598
6 83 134 265 326 410 571
6 105 173 178 193 206 547
6 61 135 161 177 317 432
7 1 8 56 106 422 485 577
5 159 269 272 275 287
8 21 68 168 199 254 280 294 566
8 135 259 328 365 402 513 522 528
6 90 119 228 366 515 570
5 242 257 271 289 534
6 103 128 147 148 327 566
8 67 92 131 163 255 306 547 568
6 169 287 364 413 443 516
9 26 136 241 262 309 431 481 500 510
6 14 109 303 304 509 534
6 151 223 292 323 335 570
4 33 184 245 271
6 140 153 213 228 436 486
8 1 141 167 207 239 520 541 567
5 7 31 57 177 505
6 79 170 239 303 356 461
8 79 168 199 256 281 388 425 507
5 100 120 338 499 500
11 19 20 49 53 183 201 281 346 486 507 590
6 31 234 242 367 449 550
11 129 147 264 266 322 328 407 435 444 496 530
4 69 168 406 563
7 29 48 232 235 413 508 573
10 34 105 129 165 211 218 380 477 550 560
12 42 132 136 318 382 420 469 477 483 505 581 588
4 175 380 461 476
7 53 168 233 314 380 562 570
8 26 332 371 393 408 567 577 579
3 87 415 473
7 42 226 288 350 367 371 414
3 56 207 344
6 41 44 152 193 242 585
4 151 262 308 541
6 28 50 73 117 130 313
10 14 214 275 307 324 331 337 410 443 540
7 19 224 328 430 474 487 521
5 83 85 358 364 385
10 145 150 225 242 281 284 339 362 543 555
6 180 242 284 296 358 599
12 135 151 171 232 277 285 309 402 483 532 566 582
8 2 12 52 262 273 291 442 483
7 31 115 299 307 319 545 548
7 44 183 350 442 452 465 466
6 15 28 146 148 323 529
7 21 123 227 230 295 310 421
7 87 210 239 290 394 466 524
4 19 217 384 498
5 188 294 465 542 563
6 51 226 274 304 320 444
5 192 271 306 406 588
6 40 130 175 309 398 516
6 69 104 248 252 472 520
7 17 98 163 175 202 289 588
5 2 79 234 235 583
5 110 149 201 370 530
5 47 133 501 507 589
10 39 138 252 294 336 338 426 428 519 572
11 109 125 146 174 294 323 372 393 420 482 585
8 64 116 227 246 406 434 526 577
6 55 78 137 161 285 353
6 35 147 341 372 451 517
10 38 71 75 165 297 336 460 471 497 541
7 34 81 84 353 477 549 599
8 60 115 130 258 289 362 405 484
8 28 102 154 216 308 369 497 560
8 159 236 250 305 371 446 580 599
6 81 131 227 310 428 454
4 285 336 354 594
5 29 217 224 331 452
4 223 311 337 556
5 98 172 250 286 532
7 33 43 73 188 193 283 509
7 22 94 156 170 213 254 563
5 34 148 503 527 557
14 2 5 10 73 126 164 194 254 329 447 503 520 562 564
6 81 161 401 411 469 476
9 51 144 191 205 241 315 328 474 555
3 167 270 272
8 13 19 75 90 147 157 216 354
11 46 83 113 136 245 312 428 433 542 547 571
11 197 268 315 323 354 428 431 478 480 490 547
9 25 89 108 166 223 322 473 534 597
5 12 256 482 493 499
7 53 222 284 410 461 480 491
4 46 293 523 527
6 122 207 242 327 447 535
8 50 65 118 132 150 437 512 518
7 51 166 182 320 414 467 528
5 141 177 380 421 462
11 81 101 189 280 294 298 329 363 510 553 556
9 185 302 359 360 411 461 499 515 536
8 9 199 245 321 409 410 448 595
3 94 466 596
8 15 162 215 343 487 545 547 558
6 150 303 309 466 469 554
10 29 62 236 300 307 310 340 394 527 554
11 18 71 116 138 184 211 285 341 443 468 579
5 198 272 410 425 426
6 28 99 219 449 527 558
5 14 44 170 385 556
16 33 56 91 121 133 170 193 222 262 314 398 404 520 524 572 586
5 71 181 191 421 479
5 159 230 347 549 562
4 6 13 113 230
9 62 65 143 237 267 292 466 496 553
7 91 110 165 308 469 523 592
4 91 122 153 237
4 17 25 339 468
6 122 156 173 220 259 355
6 16 281 328 330 358 536
5 198 260 406 490 540
8 160 206 242 263 332 381 447 450
6 24 83 316 432 512 597
8 9 53 78 327 403 468 476 532
10 21 33 70 101 229 234 276 394 403 566
5 182 441 513 542 543
7 232 262 286 314 358 511 559
8 90 132 136 166 310 334 459 460
11 56 122 140 152 167 169 171 175 213 366 578
5 8 181 400 410 555
8 87 92 227 302 354 525 544 580
5 41 140 402 404 441
5 74 241 265 408 585
9 15 37 160 172 187 240 395 457 595
7 27 69 245 394 475 519 572
12 26 34 59 208 251 292 313 316 322 502 527 552
7 1 58 68 135 296 472 498
5 94 116 388 501 577
5 249 296 519 577 584
6 46 56 284 389 476 589
9 6 67 189 199 203 310 393 436 563
5 49 56 263 356 446
6 57 126 184 190 203 472
9 165 175 242 309 322 442 510 514 577
8 74 193 207 399 437 460 486 561
12 118 123 131 136 268 285 287 421 529 545 555 558
5 163 192 203 266 388
6 51 212 213 470 491 558
8 65 104 111 144 224 431 486 576
5 265 280 290 305 506
4 20 444 529 598
11 19 157 159 314 350 459 470 481 484 511 549
7 51 134 152 251 301 388 473
9 47 150 160 335 429 521 526 580 582
6 253 366 406 440 578 584
8 6 22 104 218 282 338 363 596
8 41 65 93 228 425 456 499 544
8 14 172 255 278 295 363 366 554
12 95 158 176 228 252 266 315 390 395 467 556 561
8 87 109 152 320 336 360 372 471
9 4 73 82 122 204 314 476 495 540
8 23 77 128 139 188 238 363 563
4 78 543 551 593
3 59 319 338
7 87 125 281 296 420 496 536
8 19 158 222 334 346 399 418 447
9 80 85 123 124 153 214 433 465 501
9 64 143 244 264 313 376 423 501 538
9 146 199 237 253 307 369 506 532 554
9 147 159 275 311 351 427 479 521 570
11 40 122 124 151 195 247 260 277 319 549 558
8 24 383 392 465 466 479 552 569
2 374 427
12 30 44 46 81 108 175 322 335 448 488 527 546
7 99 250 321 405 409 558 578
6 160 172 257 260 538 557
4 37 155 511 547
5 85 379 475 490 574
12 16 36 138 189 339 361 480 481 533 544 559 590
9 68 241 423 462 505 521 568 575 578
8 27 113 122 210 455 475 485 534
6 146 178 190 459 551 558
16 47 54 62 145 247 267 278 323 347 479 484 521 523 546 550 557
8 11 32 228 249 320 334 502 554
7 23 257 347 378 409 450 591
8 245 310 330 348 367 520 534 574
5 329 350 412 460 488
9 60 180 251 255 407 433 458 516 537
9 30 33 69 93 114 116 250 330 460
6 35 140 244 264 322 358
8 140 148 206 210 387 391 425 500
8 28 170 224 247 316 318 399 413
5 244 361 368 392 555
4 115 219 302 547
7 98 169 240 389 396 412 545
6 30 200 252 376 382 465
8 92 192 202 307 442 486 510 583
6 25 124 249 268 304 408
9 34 106 118 142 313 553 561 581 583
4 43 127 295 555
7 91 152 270 271 284 352 524
9 25 37 195 385 413 444 513 514 519
11 89 112 152 168 205 332 360 504 530 550 555
7 63 65 98 148 338 413 482
8 8 27 183 185 351 451 506 529
2 410 574
8 16 71 186 202 224 325 425 529
13 13 74 131 138 158 190 234 312 439 572 574 592 594
6 95 165 306 377 514 530
8 74 185 249 304 365 417 443 508
6 63 114 152 325 361 486
6 26 43 207 317 337 363
5 234 351 410 435 438
8 6 121 245 291 335 374 441 515
6 86 122 148 347 404 554
5 158 162 182 354 560
7 5 147 267 298 355 491 583
3 179 273 538
9 14 57 114 125 227 254 280 453 583
5 34 142 376 477 509
6 1 196 205 230 478 531
6 29 214 247 373 467 498
6 14 73 319 353 381 526
6 297 321 323 424 448 451
