100
2 18 30
3 66 70 79
9 6 25 28 35 38 52 62 86 96
2 38 98
6 11 32 46 50 64 96
2 9 81
3 2 30 91
4 47 17 39 82
2 47 68
4 5 11 67 98
1 64
5 4 9 74 76 83
3 53 91 92
1 77
2 36 82
4 52 30 31 76
2 68 98
1 7
2 0 71
1 65
3 49 50 92
7 58 63 66 68 23 32 78
1 37
7 47 53 56 58 21 25 87
4 55 84 96 98
3 2 71 23
3 77 89 90
2 62 40
3 2 65 94
3 74 34 89
6 0 6 62 15 79 87
1 15
2 4 21
2 60 38
2 75 29
3 2 88 97
4 53 14 74 82
2 48 22
5 2 3 60 74 33
3 50 7 80
2 27 83
1 88
3 52 83 96
5 80 81 83 85 98
2 85 98
1 50
3 4 56 84
3 7 8 23
3 37 74 95
3 20 54 94
4 4 20 39 45
3 55 59 82
6 2 15 42 80 94 98
3 12 23 36
2 49 65
6 51 24 77 82 89 97
2 23 46
1 74
2 21 23
1 51
4 33 38 65 98
1 99
5 2 27 30 63 99
4 62 21 72 79
3 4 10 69
4 54 60 19 28
2 1 21
3 9 84 93
4 8 16 21 71
2 64 86
1 1
3 18 68 25
1 63
1 97
6 48 57 11 29 36 38
1 34
2 11 15
3 55 13 26
2 21 89
4 1 63 30 87
3 52 39 43
3 5 43 96
6 51 55 7 14 36 84
4 11 40 42 43
4 67 24 82 46
2 43 44
2 2 69
3 23 79 30
2 35 41
4 55 78 26 29
1 26
2 6 12
3 12 20 95
1 67
4 49 52 28 96
3 48 92 99
6 2 4 24 81 94 42
3 55 73 35
8 3 52 9 60 16 24 43 44
3 61 62 95
