200
7 15 16 17 94 107 141 190
6 46 68 86 89 124 183
5 74 121 131 189 191
4 78 105 112 184
4 12 130 152 153
2 16 140
8 34 41 44 58 65 176 178 184
3 39 45 135
4 31 134 141 176
2 111 194
4 101 117 162 180
4 105 65 141 196
6 4 35 46 67 88 154
3 36 126 160
2 43 89
5 0 102 103 16 159
6 0 5 15 128 162 182
6 0 21 27 85 150 173
4 106 110 70 162
3 25 67 90
4 102 109 29 57
2 17 175
1 90
3 46 131 153
4 107 70 83 146
5 108 117 19 167 170
3 114 79 94
4 17 28 160 188
4 27 77 96 199
9 105 107 112 20 122 54 76 84 153
6 127 132 67 84 98 99
4 8 107 192 193
4 36 96 162 165
4 60 68 75 194
1 6
4 12 142 171 177
4 109 13 120 32
5 130 93 153 191 195
5 62 142 149 177 187
3 7 121 76
5 67 146 173 190 197
5 102 6 139 175 190
3 48 100 172
5 14 134 89 90 178
5 6 67 90 162 189
3 7 147 171
6 1 12 23 85 157 158
3 133 86 88
4 42 141 80 189
3 113 121 164
4 103 145 152 161
2 83 167
2 83 167
2 128 154
6 29 148 75 91 164 193
1 188
1 173
5 20 154 99 170 191
5 6 134 153 62 169
4 109 132 61 195
8 135 33 148 169 62 99 186 194
2 59 63
3 38 58 60
2 61 171
2 74 77
3 6 11 70
4 67 69 92 175
9 12 118 19 126 30 40 44 147 66
2 1 33
3 120 66 197
5 115 18 123 24 65
3 146 84 88
1 144
1 115
6 2 126 137 170 64 97
2 33 54
4 29 39 91 186
3 28 166 64
3 3 116 127
4 107 26 167 193
2 48 180
2 112 85
3 144 180 198
4 24 132 51 52
7 122 29 30 71 185 92 97
4 113 17 46 81
4 1 47 158 177
2 128 146
7 107 12 47 163 167 169 71
6 1 14 122 43 151 172
6 19 22 43 44 180 191
3 139 54 76
4 123 155 66 84
2 106 37
3 0 129 26
2 102 134
4 28 32 167 177
2 74 84
2 107 30
4 30 142 57 60
1 42
3 10 145 148
6 15 20 41 95 132 184
3 15 50 155
2 174 194
4 3 11 29 192
3 18 93 195
8 0 24 29 31 79 88 98 180
2 25 111
4 20 36 59 163
2 18 174
4 9 108 114 121
5 3 29 81 129 175
3 49 85 177
5 111 26 136 142 144
2 70 73
2 78 185
5 10 25 137 144 188
2 67 124
5 142 157 180 187 188
3 36 69 155
6 2 111 39 49 152 162
5 29 84 89 137 140
4 70 92 150 177
3 1 118 179
2 146 167
3 13 67 74
3 30 78 178
4 16 53 87 195
2 112 94
3 4 37 192
3 2 23 165
7 102 30 59 83 141 178 186
3 47 142 181
4 8 43 58 95
6 7 60 149 172 180 187
2 114 188
4 117 122 74 188
2 142 195
3 41 91 179
5 5 122 150 165 185
5 0 8 11 132 48
10 114 119 133 35 38 138 99 157 173 178
2 149 163
6 114 117 72 82 161 177
3 101 50 168
6 125 24 40 71 87 161
3 45 67 155
3 101 54 60
3 135 38 143
7 17 123 140 156 160 162 192
3 89 181 185
3 4 121 50
5 4 23 29 37 58
4 12 53 57 186
4 103 120 147 92
2 150 180
5 119 142 46 168 174
2 46 86
2 15 164
3 13 27 150
3 144 146 50
8 10 16 18 121 32 44 150 177
4 109 143 88 172
3 49 54 159
3 131 32 140
2 77 190
7 125 25 51 52 79 88 96
2 145 157
4 58 60 88 198
3 25 57 74
4 35 45 63 176
5 135 42 163 89 197
5 17 40 142 56 192
4 104 110 157 179
5 112 21 41 66 180
3 6 8 171
11 113 123 35 38 144 162 86 96 180 185 196
5 6 127 132 43 142
4 124 139 174 184
10 107 10 119 135 156 175 177 80 82 90
3 133 151 194
2 16 191
2 1 199
4 3 102 6 179
5 116 140 151 177 84
4 132 154 60 76
3 119 135 38
7 117 119 27 136 137 55 198
3 2 44 48
4 0 40 41 166
5 2 37 57 182 90
5 105 130 31 150 173
4 31 54 79 197
5 104 9 33 60 181
5 106 128 37 138 59
3 11 177 197
5 40 172 69 193 196
3 169 82 188
2 28 183
