100
1 2
2 51 86
8 0 3 24 39 58 69 84 96
3 2 37 43
3 65 75 94
2 86 98
3 38 58 82
5 20 23 33 67 93
1 11
1 94
1 61
2 8 80
3 19 27 30
2 79 92
1 64
3 34 90 92
5 62 64 22 68 97
3 22 94 97
1 59
8 12 32 42 43 73 76 77 79
3 7 37 69
2 38 99
2 16 17
2 7 79
4 2 79 82 83
2 73 78
2 63 29
3 53 12 62
4 50 54 75 98
5 26 34 37 89 96
1 12
2 74 81
2 49 19
1 7
3 15 29 93
1 73
1 78
7 3 61 20 29 74 75 89
5 50 55 6 21 44
3 2 53 44
3 59 66 94
2 67 96
2 51 19
2 3 19
3 72 38 39
3 58 66 87
2 81 95
2 71 78
3 49 66 81
4 32 48 52 72
3 28 38 71
4 1 42 65 87
2 49 86
3 27 39 93
2 28 86
2 38 80
3 59 61 72
2 73 90
4 2 6 45 74
3 56 18 40
1 79
4 56 10 37 83
3 16 27 70
2 26 80
2 14 16
4 51 4 82 89
4 40 45 48 89
2 7 41
1 16
4 2 20 86 92
1 62
3 50 47 84
3 49 56 44
4 57 19 25 35
4 58 31 37 94
3 4 28 37
2 19 88
1 19
4 25 36 47 98
5 60 13 19 23 24
4 55 11 63 92
3 31 46 48
4 6 65 24 98
2 61 24
3 2 71 86
1 97
7 1 52 54 5 69 84 97
2 51 45
1 76
4 65 66 29 37
2 57 15
3 93 95 97
4 13 15 69 80
4 53 7 34 91
5 4 9 17 74 40
2 91 46
3 2 29 41
5 16 17 85 86 91
5 5 28 78 82 99
2 21 98
