1000
10 45 85 174 277 346 495 586 642 647 755
10 2 4 262 465 543 573 613 638 791 919
5 1 387 498 974 994
5 31 210 594 692 952
17 1 44 85 156 224 292 362 435 452 492 569 644 668 679 683 771 997
10 79 268 326 331 367 448 655 806 867 971
7 142 295 298 709 760 824 870
8 32 100 195 328 455 456 538 951
7 113 401 417 534 662 788 963
8 78 229 346 478 647 748 811 873
6 128 419 511 653 713 942
7 287 294 705 740 805 809 948
15 57 80 137 311 443 504 579 670 698 720 752 759 787 841 942
9 280 352 547 575 618 699 793 840 969
12 248 291 339 418 426 435 441 442 676 751 785 973
9 65 386 546 562 653 747 791 819 842
12 69 360 440 585 599 732 767 807 850 873 900 977
16 69 88 209 266 286 292 440 578 584 590 598 628 685 728 784 901
11 36 76 106 155 275 311 442 521 644 755 875
11 154 158 336 346 389 402 439 763 800 891 902
7 117 202 387 583 675 795 924
12 24 106 161 194 209 246 255 264 297 366 917 976
10 183 221 288 294 573 638 775 834 850 927
13 158 221 263 298 388 480 538 569 607 631 796 820 934
10 21 66 151 552 554 601 732 774 792 968
10 81 295 590 592 641 647 723 896 960 984
9 82 107 320 383 704 715 755 866 965
12 70 111 191 265 327 361 441 674 690 691 734 753
9 83 126 382 455 649 696 753 788 915
15 48 80 207 211 250 334 456 481 550 634 653 757 928 977 987
9 44 308 380 484 500 510 878 942 963
13 3 36 67 76 287 383 424 531 720 731 873 967 974
9 7 341 533 555 562 653 779 861 948
6 473 559 570 649 753 904
11 130 141 164 219 253 266 398 475 510 889 917
3 71 105 236
15 18 31 113 188 250 259 278 320 359 376 467 513 699 810 870
17 76 100 129 169 238 249 290 356 367 397 508 601 747 767 812 901 923
6 283 293 389 660 840 921
6 361 476 581 822 835 909
10 231 284 502 514 581 616 632 644 954 976
10 59 61 139 146 155 357 480 573 631 942
11 60 114 122 125 342 357 367 395 414 586 893
4 91 286 415 560
15 4 30 88 278 319 341 381 489 523 539 550 586 691 798 856
14 0 198 330 446 519 576 595 600 685 721 725 739 818 875
10 189 200 234 284 391 560 563 568 604 910
14 58 189 201 221 544 617 622 625 729 857 860 921 982 994
14 29 123 172 325 377 386 390 415 446 789 862 883 976 993
7 61 259 386 691 801 872 905
13 188 344 397 465 549 568 583 620 627 673 788 861 993
11 114 339 354 360 367 412 541 565 706 868 911
6 413 491 752 787 788 797
6 129 284 287 511 786 918
5 325 502 627 701 897
12 56 140 259 296 318 398 423 487 651 782 797 936
5 55 92 124 336 822
11 12 70 74 371 378 526 548 695 778 982 992
10 47 480 516 705 706 743 756 886 908 969
10 41 92 139 159 449 471 507 577 849 997
14 42 109 114 131 150 162 227 285 330 483 502 575 634 678
6 41 49 211 263 346 686
7 367 448 510 583 584 819 993
7 233 321 412 530 625 643 767
11 188 385 414 559 571 612 615 623 746 751 867
12 15 121 150 195 223 311 312 339 365 422 568 752
13 24 123 240 401 403 431 464 600 613 770 879 887 992
11 31 338 401 609 698 774 830 897 920 959 970
10 108 208 258 311 324 332 573 740 807 874
15 16 17 199 246 314 361 415 448 577 782 859 911 973 983 987
12 27 57 220 441 476 593 626 698 741 778 781 907
8 35 81 125 317 376 492 617 869
10 189 239 508 628 680 790 803 810 957 993
11 84 130 228 255 586 704 709 752 777 851 905
9 57 215 231 232 393 679 730 767 885
6 200 453 507 722 791 933
6 18 31 37 208 888 936
10 442 499 503 506 590 607 645 712 791 944
2 9 857
15 5 87 112 119 130 177 220 224 483 490 499 543 742 797 967
11 12 29 113 211 320 417 581 614 654 661 699
11 25 71 122 185 206 219 487 498 602 681 951
13 26 87 96 105 229 239 349 429 786 832 877 912 981
12 28 103 108 124 198 446 604 668 678 717 810 835
12 73 108 255 278 344 366 551 575 595 644 816 821
8 0 4 206 328 430 706 795 928
8 105 215 559 565 592 651 748 849
12 79 82 238 337 435 442 552 700 744 794 870 889
13 17 44 148 258 333 378 518 607 621 624 635 775 988
7 271 366 385 606 697 811 830
10 154 168 362 393 425 645 707 790 973 974
14 43 132 209 218 449 468 548 580 599 711 751 774 862 961
12 56 59 177 189 237 488 728 865 885 896 943 980
7 163 192 319 507 674 934 987
10 192 237 348 501 562 717 763 816 838 895
4 241 281 291 710
8 82 215 408 501 533 562 846 885
8 141 248 278 292 657 771 808 870
8 257 291 302 490 492 548 886 901
13 107 168 343 362 496 522 659 752 771 896 923 974 995
11 7 37 111 264 465 546 569 650 699 897 986
12 129 174 248 261 346 358 384 696 841 900 931 952
14 249 311 322 344 457 460 536 555 712 714 812 873 926 943
12 83 189 210 221 294 305 393 580 640 644 784 917
11 149 179 187 284 438 737 745 754 787 908 929
9 35 82 86 485 536 726 794 842 921
7 18 21 672 696 770 778 885
9 26 99 122 183 263 373 455 577 673
13 68 83 84 294 353 403 491 670 756 768 851 917 956
10 60 119 467 506 537 630 793 802 838 870
7 152 236 325 654 786 834 925
7 27 100 260 358 559 653 921
11 79 172 200 202 609 653 657 715 726 733 821
11 8 36 80 375 402 507 594 637 643 755 796
6 42 51 60 337 630 920
8 336 353 459 580 581 717 953 991
6 162 193 359 433 846 962
11 20 171 313 389 587 629 660 675 763 765 851
9 161 250 274 319 349 581 668 670 974
18 79 109 195 264 273 293 393 554 574 639 658 742 803 810 818 916 937 975
7 174 348 371 429 852 897 916
7 65 452 482 653 781 870 940
15 42 81 107 124 145 155 189 222 288 553 662 722 814 825 904
9 48 66 151 279 644 645 814 981 982
13 56 83 122 410 412 523 543 567 569 663 688 708 993
10 42 71 196 226 236 297 438 654 737 820
8 28 138 446 656 776 906 910 935
7 181 361 420 484 624 676 927
15 10 174 190 336 355 387 501 526 597 600 794 803 901 954 982
15 37 53 101 134 392 462 481 582 648 727 762 818 897 990 998
10 34 73 79 318 467 471 479 636 771 824
14 60 232 284 307 404 507 650 680 706 753 803 823 895 977
9 91 138 227 383 627 669 780 950 978
8 284 383 467 515 710 715 734 835
12 129 197 230 260 292 302 305 691 738 799 936 957
10 145 196 202 214 477 508 544 647 736 916
8 140 262 463 558 596 777 804 931
10 12 149 233 266 409 657 780 843 906 948
14 126 132 164 464 587 743 748 757 814 850 934 935 959 994
10 41 59 172 474 519 535 549 606 772 896
14 55 136 142 266 271 435 554 567 575 651 706 848 902 961
13 34 97 286 309 469 473 476 541 547 637 702 748 870
13 6 140 165 185 336 352 449 510 513 626 721 761 882
6 161 328 337 444 621 671
17 167 231 237 239 380 456 561 582 631 711 755 765 812 839 891 910 950
6 122 135 298 427 434 990
8 41 203 302 354 421 462 563 688
5 305 662 674 736 961
13 88 155 196 200 243 276 314 478 479 526 589 710 759
10 104 137 156 339 357 387 740 764 942 960
8 60 65 246 260 398 473 476 963
16 24 123 176 181 287 427 461 551 658 674 737 751 769 811 941 961
6 110 632 702 991 994 998
11 312 360 377 422 454 484 531 564 693 868 874
8 19 90 200 319 481 570 642 757
13 18 41 122 148 159 210 515 606 756 784 790 872 954
5 4 149 434 574 872
7 191 257 618 727 897 968 988
9 19 23 173 216 410 629 642 661 733
12 59 155 257 356 466 495 563 593 690 714 715 801
10 270 399 463 582 631 645 658 684 896 951
11 21 118 143 238 256 307 508 524 628 847 855
14 60 116 226 241 422 523 578 617 656 724 817 849 885 963
9 93 179 312 354 670 674 734 824 998
9 34 138 348 584 616 822 906 967 991
6 142 230 270 614 763 797
9 354 410 520 567 645 698 730 884 950
4 144 314 693 696
12 90 99 240 253 254 300 509 744 761 856 861 942
8 37 265 317 445 542 790 918 972
11 239 294 446 471 479 543 566 599 878 892 985
11 117 230 304 370 431 443 460 481 602 718 808
10 48 112 139 282 322 761 875 935 952 985
6 158 183 212 312 395 413
13 0 101 120 128 303 567 638 713 848 884 905 936 967
7 404 434 587 612 672 779 930
12 151 339 414 512 521 548 708 795 811 812 825 838
7 79 92 316 379 519 794 912
8 218 298 366 464 517 667 769 982
8 104 163 181 224 440 628 758 823
5 371 406 444 739 920
10 127 151 179 311 345 522 632 747 825 879
7 307 354 774 806 862 875 894
13 22 107 173 234 575 641 665 692 719 724 741 936 940
4 802 875 960 962
11 81 142 213 231 273 279 295 389 547 699 748
6 296 434 456 647 673 885
9 104 337 363 406 657 677 716 858 887
15 36 50 64 398 415 531 533 541 596 632 734 763 838 905 931
16 46 47 72 92 103 122 297 489 567 665 693 703 709 773 818 932
11 128 334 527 605 653 668 699 794 844 931 994
9 27 157 220 237 322 477 718 720 939
9 93 94 313 437 497 511 794 801 944
7 116 294 435 735 801 897 983
8 21 228 230 386 518 803 886 955
9 7 65 119 216 421 451 729 809 888
7 125 135 148 497 562 627 872
7 134 247 426 450 471 643 831
6 45 83 282 311 598 670
10 69 267 280 285 286 294 373 491 523 589
9 46 75 112 148 154 489 516 575 918
5 47 436 535 846 985
8 20 112 135 304 355 443 699 970
8 146 327 379 440 618 621 906 922
6 253 364 395 575 726 981
8 256 429 663 700 703 715 862 947
13 81 85 323 512 527 718 734 787 838 848 935 939 975
7 29 363 405 726 821 950 985
11 68 76 245 256 442 721 749 834 858 927 948
10 17 21 91 396 580 607 647 714 765 983
6 3 103 155 606 874 933
11 29 61 80 304 324 611 648 765 854 858 920
16 173 244 261 340 357 439 462 467 597 634 637 644 777 849 862 986
8 185 650 678 760 780 811 850 880
7 135 255 408 427 563 772 860
9 74 86 96 249 350 371 452 624 812
12 158 195 253 407 430 501 654 674 677 721 765 873
7 585 738 756 770 916 994 999
8 91 178 297 307 437 685 795 849
14 34 81 420 433 457 552 668 702 780 934 974 981 990 999
10 70 79 191 563 567 663 674 688 788 837
16 22 23 47 103 345 348 354 416 451 611 657 690 833 835 862 909
7 122 223 401 483 563 886 903
10 65 222 242 273 346 426 452 674 864 969
10 4 79 179 253 329 467 504 598 743 866
8 249 264 302 430 568 624 735 870
12 125 162 277 349 353 559 663 785 819 843 884 916
12 60 132 312 519 622 693 714 757 792 845 847 882
7 73 194 271 669 684 815 932
11 9 82 231 304 405 468 588 642 670 807 999
13 134 165 171 194 233 318 519 609 704 729 837 892 998
12 40 74 144 185 229 404 528 571 632 845 913 986
11 74 131 482 543 582 618 621 713 763 884 888
10 63 137 230 251 276 402 562 643 719 932
10 46 183 449 452 462 672 705 709 815 871
9 239 296 373 473 624 664 808 870 988
10 35 110 125 258 328 365 403 423 424 425
10 92 94 144 191 584 676 686 711 948 952
15 37 87 161 318 455 483 511 516 546 572 623 625 726 869 956
17 72 82 144 170 235 368 450 611 744 745 780 806 821 842 845 890 892
10 66 168 312 449 491 612 619 687 753 797
8 95 162 263 310 362 501 592 599
5 223 333 732 754 863
11 148 257 325 365 448 462 884 898 957 958 968
8 212 248 457 537 539 737 861 866
11 208 273 335 398 469 495 615 758 846 895 959
6 21 69 150 422 487 579
10 197 281 374 384 442 508 522 583 755 989
15 14 97 101 244 257 304 489 570 590 606 642 755 767 928 994
11 37 102 215 225 346 636 653 734 827 940 973
14 29 36 118 298 320 322 331 425 478 648 700 711 725 755
7 233 286 497 585 776 908 912
5 270 456 803 816 849
10 34 168 204 216 224 553 583 736 814 909
10 168 324 359 461 522 624 700 828 877 920
17 21 73 84 214 280 307 366 416 443 615 750 813 825 901 930 954 960
14 161 205 208 403 440 489 516 591 648 763 791 906 920 956
12 98 157 159 243 248 405 590 603 633 660 791 964
11 68 88 236 317 462 504 626 645 669 680 951
14 36 49 55 356 361 424 476 569 582 602 710 788 876 975
11 111 134 150 297 436 493 505 605 777 888 942
8 101 212 299 458 599 628 816 967
8 1 136 268 270 393 741 772 779
19 23 61 107 241 316 394 406 441 447 559 590 592 665 708 716 870 872 900 913
13 21 100 119 225 346 407 589 671 723 737 818 820 911
8 27 169 328 412 500 719 759 797
10 17 34 137 140 373 556 797 958 960 995
14 199 351 375 404 517 528 547 565 620 722 838 943 959 989
10 5 262 320 392 425 666 736 749 860 912
5 302 528 645 909 994
14 160 165 252 262 290 458 636 716 781 881 908 924 950 959
9 89 140 228 564 572 614 845 967 989
6 427 586 655 753 879 950
10 119 185 223 245 334 338 408 424 483 837
6 118 426 516 546 682 956
7 18 382 514 530 674 782 952
6 148 233 277 679 724 888
9 0 226 276 294 427 530 588 651 753
17 36 44 84 97 480 595 603 622 663 678 704 744 772 794 834 921 936
5 123 185 467 575 947
6 13 199 255 291 778 951
5 95 247 647 786 982
9 172 198 307 318 427 449 507 775 920
8 38 311 420 492 572 777 872 978
15 40 46 53 104 131 133 304 341 599 668 755 808 859 875 930
9 60 199 454 610 654 708 725 923 957
10 17 43 141 199 251 318 397 466 893 929
6 11 31 53 151 359 484
7 22 122 353 720 908 959 999
2 738 853
8 37 270 534 586 844 947 986 996
12 14 95 98 280 305 427 556 599 849 855 884 895
9 4 17 97 134 334 405 549 754 781
6 38 119 296 306 746 928
25 11 22 103 108 170 193 199 277 405 441 457 465 492 526 572 629 682 700 728 729 731 835 957 958 985
8 6 25 185 438 492 671 735 873
11 55 186 235 293 298 399 420 424 475 681 971
13 21 125 189 218 260 575 587 610 743 753 761 930 941
14 6 23 145 178 250 296 303 318 478 667 751 772 808 818
7 261 305 331 533 540 584 670
7 168 346 403 612 693 706 789
7 541 549 749 800 873 923 968
10 98 134 146 225 269 442 768 800 839 853
11 174 298 361 397 446 460 480 573 574 918 960
14 171 202 211 229 248 284 311 337 519 659 717 759 763 829
14 103 134 147 291 299 320 438 455 519 656 671 703 714 806
4 293 840 895 922
15 131 161 182 218 255 282 429 458 524 525 641 908 946 952 956
4 30 531 941 946
10 141 400 415 428 561 632 776 802 887 993
8 241 345 383 419 600 711 796 837
13 12 18 65 68 102 181 198 283 304 623 629 747 869
15 65 153 163 173 227 240 394 427 548 658 714 771 809 907 990
5 117 192 344 427 859
9 69 148 167 422 507 625 696 881 946
5 346 430 474 681 825
9 177 263 324 424 487 622 624 626 904
11 71 169 258 412 616 637 700 756 789 851 988
15 55 130 230 238 282 286 298 549 648 919 958 977 979 986 999
10 44 93 118 154 363 383 669 697 879 933
12 26 36 80 250 268 305 481 577 697 843 893 894
4 63 787 950 986
12 102 172 191 250 448 456 481 720 762 776 797 850
9 206 453 465 480 519 571 581 870 983
9 68 211 254 316 410 519 620 656 968
8 48 54 110 243 533 834 915 971
10 5 469 489 546 549 563 573 584 662 929
10 27 203 477 554 713 785 815 847 854 987
15 7 85 143 236 265 453 484 513 704 705 814 820 857 878 982
6 224 504 708 817 844 974
9 45 60 395 569 570 600 759 951 990
10 5 250 299 488 541 561 676 792 847 912
8 68 382 608 625 707 745 899 915
11 88 242 417 473 594 705 709 744 825 905 981
12 29 190 273 292 429 461 567 662 667 866 871 872
4 245 645 655 974
9 19 56 115 128 142 475 497 564 977
9 87 114 143 187 304 355 794 828 879
14 67 273 366 431 484 485 500 514 566 604 731 743 775 940
17 14 51 65 149 176 352 446 487 697 737 754 785 943 945 954 986 997
7 212 370 408 516 745 780 906
9 32 44 284 518 527 555 858 948 984
6 42 348 538 747 817 868
14 99 365 388 395 473 480 515 529 614 691 752 765 938 982
13 50 84 102 313 456 524 527 580 623 685 702 720 722
8 181 221 310 498 555 636 761 976
14 0 9 19 61 101 223 249 264 300 315 544 612 781 936
11 431 507 534 547 568 622 660 760 801 887 983
10 94 120 164 221 342 371 440 508 891 968
12 82 118 226 368 386 527 582 692 836 853 930 949
9 215 368 415 531 572 628 710 931 981
6 267 353 506 525 633 687
12 13 142 339 407 456 472 537 596 620 694 881 920
16 108 115 226 288 351 436 494 508 543 585 676 768 857 906 930 991
11 51 146 163 166 182 221 799 838 845 874 977
6 128 202 337 438 464 915
8 37 159 259 519 601 842 904 921
10 41 42 149 212 369 693 847 875 911 994
6 101 111 796 852 979 986
11 36 116 254 287 657 762 777 807 852 876 900
6 16 51 153 821 846 956
9 27 39 69 127 259 303 422 430 951
10 4 90 99 241 511 593 688 706 806 998
14 187 207 319 367 385 428 574 680 689 767 779 790 819 935
7 204 575 577 585 619 661 795
12 65 236 243 343 446 626 688 693 762 791 825 837
13 21 84 89 178 255 338 451 495 496 565 714 829 913
8 5 37 42 51 62 363 380 748
9 239 349 350 679 726 763 817 940 955
8 357 505 684 689 715 857 873 969
8 171 340 424 442 531 779 812 930
13 57 120 180 215 348 548 624 697 702 712 845 850 939
4 523 545 577 602
8 107 199 235 266 378 530 897 910
6 247 469 523 695 950 966
8 113 267 451 557 687 830 893 965
7 36 71 547 681 750 846 997
8 48 153 386 463 511 578 771 936
9 57 88 373 572 677 741 756 846 863
10 177 203 468 535 545 558 600 632 788 983
6 30 144 367 395 673 799
7 44 398 632 656 809 980 998
8 28 275 332 500 654 813 821 849
12 26 31 132 133 310 319 387 544 585 662 723 733
9 101 247 503 523 752 776 816 936 957
8 64 89 363 480 498 804 892 932
15 15 48 49 194 349 377 403 418 479 496 841 888 925 935 969
11 2 20 128 149 383 418 431 506 639 694 805
7 23 343 546 563 681 756 941
9 19 38 117 185 447 656 828 832 907
6 48 443 445 576 635 684
8 46 440 507 644 673 803 928 960
8 129 268 446 470 551 565 567 854
10 74 90 103 119 262 437 471 623 731 993
6 263 312 552 640 855 887
13 42 173 204 330 343 380 638 648 679 776 872 893 970
4 209 575 623 785
11 37 50 286 303 399 403 524 804 881 883 967
12 34 55 150 188 245 381 654 701 710 816 902 945
8 160 296 397 435 615 920 946 982
4 309 558 594 718
12 8 66 67 222 513 525 561 612 687 732 823 936
7 19 113 233 468 572 845 866
16 66 108 236 256 300 386 397 464 500 503 693 725 728 784 851 883
8 131 175 231 267 601 616 908 921
10 207 229 257 292 294 528 578 694 781 850
10 180 187 263 516 720 860 878 880 940 964
7 216 264 352 550 666 859 932
12 96 214 273 340 585 625 631 641 677 716 886 893
10 137 429 477 544 684 702 856 873 941 971
11 124 158 166 324 610 680 682 764 798 905 972
4 643 770 833 872
16 51 63 124 265 317 436 480 490 531 583 638 732 779 792 862 883
4 52 173 708 741
7 42 64 176 629 760 944 973
15 43 48 69 188 309 350 570 613 645 685 744 835 892 915 923
8 221 255 441 547 701 790 885 957
9 8 80 333 613 640 724 746 944 954
9 14 386 387 487 618 727 760 819 987
5 10 310 685 875 929
6 127 219 283 296 518 710
10 146 195 455 515 557 587 730 783 791 835
10 65 153 162 246 314 361 491 529 859 911
6 55 236 633 644 802 976
18 31 236 259 273 296 316 370 492 493 591 608 635 787 883 894 932 940 991
7 90 236 250 268 514 589 600
11 14 197 223 274 530 621 640 729 870 902 989
14 145 151 214 272 277 282 291 312 313 561 715 743 758 930
9 309 363 458 590 701 798 952 959 974
12 82 120 205 307 334 409 535 640 725 777 824 866
11 85 216 225 315 361 469 665 766 901 940 994
11 66 171 338 347 387 522 540 866 958 982 996
5 620 658 720 737 941
8 116 219 496 512 531 713 747 981
12 145 156 175 186 451 471 481 516 663 812 851 987
11 4 14 87 140 193 399 640 706 708 755 877
10 201 260 353 412 479 497 634 644 671 871
9 192 218 393 561 654 794 848 980 992
11 104 125 295 305 355 636 723 871 877 949 960
8 19 212 530 693 834 888 944 996
19 16 17 179 203 256 348 391 514 551 575 578 636 774 823 845 881 906 946 995
8 14 27 70 263 294 416 621 705
19 14 18 77 87 208 247 302 370 479 597 600 683 779 797 826 860 863 960 978
11 12 171 202 255 390 535 568 671 686 707 980
5 143 180 623 636 655
7 169 390 502 588 642 722 997
16 45 48 83 126 170 303 339 365 392 597 684 697 759 778 881 897
9 263 389 465 573 646 664 668 685 939
10 5 62 69 243 322 455 806 873 928 958
14 59 91 142 234 240 282 495 519 534 535 666 801 873 904
7 197 239 589 745 769 922 979
11 195 221 366 375 434 669 710 788 896 901 930
10 4 121 215 223 234 563 578 849 882 931
7 75 323 328 557 634 641 854
7 153 285 512 739 898 952 983
11 7 28 107 238 305 421 448 518 778 839 893
14 7 29 144 186 252 322 344 352 618 796 842 861 909 943
9 102 219 244 294 612 689 881 911 994
12 261 270 307 428 502 740 777 827 884 892 933 996
4 115 564 709 912
8 102 171 303 468 494 772 824 989
6 151 254 334 493 570 824
7 129 146 212 234 243 258 881
12 136 160 377 634 656 739 765 777 847 855 857 993
12 66 138 178 355 403 565 622 754 828 884 934 964
9 1 50 100 294 323 447 608 873 972
10 159 286 551 684 800 823 835 851 912 913
12 36 109 130 133 212 224 279 641 712 800 882 961
13 91 229 379 402 460 562 577 654 770 820 832 843 904
8 141 245 326 374 430 577 668 784
9 392 510 528 546 682 730 737 857 957
11 59 130 170 197 393 434 576 678 816 843 994
7 352 502 515 658 838 941 943
9 33 141 150 235 333 343 730 886 953
9 139 315 490 667 738 780 862 898 904
12 34 296 336 488 565 690 721 864 927 947 954 984
12 39 70 141 150 259 521 522 547 571 710 747 904
9 135 191 327 409 579 674 681 814 940
9 9 148 250 298 493 637 694 747 871
11 130 148 170 386 436 442 777 846 877 892 953
15 23 41 58 278 303 323 343 385 412 753 756 843 882 941 970
12 29 129 154 171 320 322 434 631 715 925 934 970
6 121 232 599 600 670 933
9 60 79 222 238 273 627 696 904 939
10 30 127 153 287 328 338 797 810 908 954
13 105 338 500 560 584 634 661 780 785 822 824 951 978
5 702 793 843 850 918
11 55 81 246 316 339 418 540 613 921 956 961
7 92 331 475 627 658 906 919
12 44 189 200 248 256 326 506 688 708 819 837 852
10 79 98 412 474 541 641 682 772 847 871
9 52 108 199 240 422 582 649 916 933
13 4 71 98 283 294 295 424 540 640 709 879 969 970
12 260 424 461 478 511 574 599 610 636 848 898 956
7 353 460 499 537 558 781 921
12 0 159 245 366 449 529 592 594 722 760 833 910
11 99 366 386 433 525 642 646 694 697 748 799
7 192 196 251 336 436 666 807
10 2 81 345 385 567 607 797 856 884 987
4 77 79 494 884
11 30 265 338 382 403 485 584 614 782 849 968
10 94 96 128 216 241 596 611 693 721 889
12 40 54 60 445 458 472 522 642 653 742 819 883
10 77 384 403 553 602 614 676 693 799 817
8 12 224 258 329 523 685 747 919
5 260 369 656 809 834
8 77 109 351 387 489 517 544 975
13 59 75 93 113 131 282 314 347 391 542 648 683 830
9 37 72 135 161 247 348 353 807 928
7 168 637 659 669 673 792 877
12 30 34 62 142 470 626 696 882 914 970 984 987
12 10 53 192 238 362 377 493 586 678 711 847 943
8 176 206 433 454 557 671 812 985
7 36 142 328 401 517 596 646
10 40 275 338 425 440 532 647 725 880 888
9 133 155 343 421 472 805 837 884 906
10 58 200 238 256 274 340 406 434 603 988
5 178 267 506 513 873
11 88 194 341 420 455 602 680 733 752 792 931
16 45 139 177 227 230 304 305 323 324 356 449 537 581 720 870 879
9 166 537 642 696 709 727 848 850 959
7 18 176 476 621 772 871 966
9 99 181 247 254 431 476 502 652 771
15 44 124 162 199 372 374 384 504 615 756 859 897 935 977 987
9 161 307 344 397 701 706 736 899 923
11 307 351 401 496 629 653 715 773 815 920 990
9 57 128 148 294 634 654 791 801 871
9 190 206 341 344 349 661 838 877 970
12 231 267 269 405 470 612 631 638 730 756 777 832
5 343 422 495 779 831
12 63 275 277 373 426 439 535 625 715 786 858 972
11 31 153 188 308 350 370 412 433 726 829 847
6 514 693 706 858 872 905
11 32 96 188 299 325 634 699 773 893 899 991
6 8 290 347 449 771 962
11 139 201 379 429 443 449 530 704 901 958 986
7 102 105 713 796 800 986 996
12 109 244 352 494 519 520 648 650 709 764 833 932
6 7 23 342 609 683 761
7 44 244 557 582 631 735 797
10 299 431 487 492 551 673 784 791 895 906
14 51 141 188 301 331 490 649 717 720 764 891 946 963 990
7 169 507 555 565 822 873 959
10 1 79 124 170 232 353 605 658 746 917
9 47 135 346 383 409 506 557 715 824
7 372 379 602 710 857 937 986
13 15 100 238 274 326 388 470 664 678 752 796 887 943
14 13 141 185 267 347 376 416 476 853 895 902 927 968 973
9 57 91 98 176 312 371 602 666 724
15 50 139 292 301 318 326 565 587 640 723 740 840 846 867 944
4 29 44 407 751
9 84 151 392 440 466 540 651 777 784
7 24 87 219 394 698 699 957
5 122 253 503 578 796
9 24 119 140 327 619 691 782 785 956
9 32 102 341 345 542 702 711 758 984
5 266 291 576 884 924
8 375 421 453 512 539 544 888 954
11 136 379 400 494 576 641 841 961 963 979 992
14 33 64 86 111 226 263 655 719 721 767 837 917 952 987
6 43 46 485 782 935 946
8 144 309 331 401 427 437 616 887
9 15 32 94 96 196 233 468 620 737
13 46 146 159 214 220 222 326 388 452 772 834 836 881
9 153 271 336 459 612 670 760 921 937
9 51 86 267 366 392 464 475 542 549
6 170 338 584 753 790 799
11 124 140 166 174 189 220 334 392 498 850 941
14 46 50 65 225 347 443 611 628 663 736 848 874 898 914
9 4 23 100 124 259 330 588 844 917
16 33 154 248 330 415 461 592 633 674 760 769 824 832 858 889 989
7 64 231 323 476 728 757 827
11 238 271 283 294 350 378 402 654 673 778 938
11 1 22 41 68 303 326 447 812 854 855 958
14 119 156 303 363 493 639 650 700 714 740 845 880 881 966
19 13 60 84 140 183 200 204 279 297 364 396 440 599 750 767 821 822 884 897
9 45 390 471 556 558 577 661 776 817
11 59 69 107 320 364 372 468 469 576 698 775
15 17 162 377 405 440 452 553 605 611 739 841 844 879 942 981
8 12 246 477 601 611 877 937 998
7 91 103 115 209 344 722 980
9 39 40 80 115 118 323 519 603 649
13 129 144 160 232 259 349 491 539 705 711 767 880 957
11 20 50 62 247 253 412 692 769 796 933 965
11 17 62 164 237 299 326 485 500 566 630 747
11 16 217 251 353 364 383 408 615 772 780 998
12 0 42 44 73 272 290 511 611 703 730 745 977
16 117 138 175 297 421 549 605 607 642 662 669 751 770 825 850 987
12 229 277 445 569 604 628 719 789 826 866 933 992
10 148 199 264 425 450 654 758 917 982 999
10 17 25 77 248 257 263 428 793 928 964
7 256 424 680 733 768 835 926
11 25 86 241 263 495 570 599 699 778 818 989
7 70 159 362 756 939 963 981
10 3 113 333 400 495 674 687 836 921 929
7 45 84 278 655 760 863 959
6 136 188 352 501 513 896
7 128 212 442 446 634 755 768
7 17 198 224 600 734 787 893
15 16 91 170 241 261 284 291 482 493 575 592 770 804 870 999
13 45 66 128 310 330 379 425 442 482 598 627 751 917
7 24 37 356 404 579 750 853
8 81 171 259 372 503 518 545 548
7 257 278 516 581 605 735 967
6 46 83 338 588 643 765
6 190 260 543 578 587 603
7 89 139 155 210 248 723 828
11 23 77 88 209 498 587 666 782 943 951 997
5 332 424 465 691 759
10 67 112 230 538 838 878 941 958 966 998
7 285 297 410 493 651 684 993
13 211 221 239 501 568 578 579 586 629 644 661 908 935
11 64 175 240 300 346 401 457 528 564 861 915
10 1 66 415 417 487 637 638 790 909 940
10 80 165 271 343 500 503 674 731 884 930
10 64 245 255 399 523 585 810 891 908 953
6 40 164 317 404 561 781
5 47 71 162 665 704
12 13 157 203 232 418 456 670 696 771 773 840 922
8 240 364 554 692 847 855 868 887
11 50 267 324 352 432 562 663 762 773 933 976
12 88 143 203 232 426 441 521 697 704 764 822 949
10 47 227 278 316 347 464 710 805 812 975
13 64 238 311 344 393 396 444 717 752 763 800 835 872
12 88 127 215 225 235 254 316 371 646 719 932 971
10 47 63 238 314 332 408 530 632 648 650
12 70 142 258 316 365 510 642 649 655 762 956 958
11 50 54 132 196 483 488 600 637 729 925 926
13 17 72 161 179 261 350 568 588 706 824 825 934 949
16 117 158 294 311 414 525 611 633 671 731 798 827 841 889 898 977
8 109 114 584 657 799 973 976 982
11 23 41 144 160 408 481 528 539 634 959 980
15 40 152 181 188 231 309 379 381 625 678 763 794 819 887 891
6 257 351 423 570 629 643
13 29 60 212 436 453 463 485 526 533 597 631 652 926
9 88 390 424 641 673 750 860 863 976
16 130 249 270 345 438 440 444 493 651 670 804 812 821 901 967 991
12 113 141 212 317 478 509 613 627 668 878 917 983
9 1 22 174 395 412 528 613 642 836
8 119 387 574 651 685 690 814 993
11 103 394 417 426 429 435 492 549 816 884 912
16 25 183 307 408 453 467 490 558 635 685 720 768 843 864 936 985
15 0 154 158 229 248 445 496 502 520 587 626 638 718 936 960
7 63 113 197 233 411 604 633
15 4 18 40 84 103 123 212 391 423 436 611 748 943 968 983
14 77 90 123 160 166 258 269 335 415 650 703 749 804 947
7 447 496 513 624 648 905 930
11 0 9 25 135 186 209 281 514 779 858 943
15 129 211 250 256 318 395 507 537 625 646 670 720 798 855 881
7 28 33 491 541 581 626 714
9 100 131 213 537 574 625 645 664 768
14 55 86 140 277 551 610 636 639 799 844 848 913 942 993
5 522 634 687 842 934
17 10 15 29 32 111 112 121 190 249 502 525 682 774 841 842 860 948
19 80 110 125 216 285 382 398 437 468 526 572 589 725 732 775 879 884 912 926
9 5 272 335 444 559 595 626 805 841
10 126 162 305 324 381 389 463 505 761 769
12 97 112 137 187 221 359 630 761 776 803 860 963
11 119 151 160 312 432 472 488 543 801 806 865
7 99 304 509 799 814 920 976
9 38 117 257 347 663 733 912 917 998
10 80 158 364 485 527 576 611 706 953 989
12 8 122 147 326 334 383 587 726 759 802 864 891
11 124 205 220 226 278 434 568 620 660 904 916
7 235 447 546 650 767 854 922
10 183 189 263 430 617 700 701 720 922 944
12 268 407 449 497 548 607 707 803 816 973 991 994
7 178 298 334 474 761 897 926
13 4 83 118 190 219 284 447 469 637 734 881 902 968
8 132 228 258 319 451 509 587 941
15 12 108 118 163 198 229 299 482 564 618 636 648 772 819 905
13 143 264 295 305 436 443 512 629 715 737 778 822 869
11 106 175 234 723 732 814 883 894 900 957 982
11 50 107 186 380 391 509 540 572 635 798 899
15 27 93 147 151 163 216 220 223 275 477 570 594 614 871 952
5 20 117 828 931 946
7 14 127 237 331 353 503 922
8 187 216 378 408 684 713 851 987
11 60 83 213 278 471 511 546 632 839 934 963
7 4 74 276 368 395 973 992
9 72 131 258 363 410 518 591 692 723
10 81 296 315 376 388 477 816 852 904 924
10 274 294 410 470 490 653 760 857 922 957
6 4 442 507 538 707 979
13 160 228 369 390 409 446 466 610 677 731 851 902 990
17 17 45 218 344 415 419 447 504 639 641 731 758 806 835 856 880 914
5 61 237 443 688 719
14 240 351 375 401 594 652 710 720 753 797 884 911 920 960
7 124 146 220 362 365 489 686
5 363 369 457 694 695
9 27 159 221 475 639 752 766 782 891
7 27 44 49 134 343 554 608
10 3 183 349 583 619 680 838 873 875 994
15 153 167 189 227 300 357 365 403 439 501 503 532 731 737 833
7 352 387 405 478 496 689 968
4 57 374 689 996
10 28 101 106 167 314 483 510 520 618 788
11 89 319 320 339 371 446 496 621 720 737 854
11 12 67 70 166 552 577 722 724 778 785 909
15 13 36 80 100 185 190 202 533 552 592 727 769 815 862 953
10 87 205 250 254 294 317 574 665 898 907
8 54 398 416 428 524 665 822 937
10 141 152 219 344 371 409 486 555 706 717
9 189 205 305 586 645 837 845 872 940
11 26 73 230 278 328 535 617 621 809 828 862
9 11 58 234 328 333 441 582 723 968
14 51 58 85 131 140 300 362 435 524 532 628 661 702 974
9 90 332 443 666 683 765 824 836 881
9 124 176 263 285 329 413 435 489 786
10 6 73 189 234 333 459 492 520 537 924
12 95 133 148 259 350 398 420 451 476 545 622 687
11 91 144 237 250 310 511 555 582 832 839 936
6 77 102 371 467 822 978
11 10 174 232 327 433 536 677 750 928 936 948
11 102 159 209 227 305 312 366 574 649 924 931
16 26 112 133 159 205 369 427 481 525 530 544 671 730 835 851 902
7 187 263 270 408 829 841 873
9 83 94 115 304 541 623 702 834 872
8 171 191 206 400 642 803 984 999
10 183 233 265 559 588 624 686 930 950 978
15 12 31 191 288 322 344 406 432 519 541 641 648 665 687 697
8 45 142 208 216 475 501 559 997
11 75 122 267 344 445 495 580 698 798 863 897
11 25 264 383 438 549 606 672 680 705 763 775
10 162 183 276 417 548 698 732 864 911 920
10 45 250 285 403 429 514 654 869 910 933
8 105 112 204 207 238 368 531 662
7 129 157 418 520 699 876 910
8 17 92 294 403 571 793 797 954
9 47 195 230 294 426 627 809 813 822
10 74 166 421 470 473 528 586 715 825 983
12 31 294 338 393 614 629 684 685 693 750 961 998
11 16 24 242 401 412 654 672 724 762 883 964
9 112 158 383 518 591 660 812 871 938
13 27 133 163 188 206 249 598 668 758 783 928 939 988
7 193 225 295 539 603 834 927
7 135 147 253 268 524 568 793
17 104 125 151 244 264 339 432 470 562 671 693 697 797 814 853 977 987
9 134 217 289 474 794 816 878 929 931
8 45 180 454 463 578 773 908 992
6 11 68 149 458 549 574
9 70 183 262 378 413 862 891 962 998
5 79 119 502 814 825
7 58 138 224 297 338 427 794
7 87 168 239 278 333 415 819
8 104 239 332 340 450 586 762 866
5 64 293 417 543 865
12 15 37 181 311 342 433 476 478 504 584 852 888
8 9 86 138 141 185 367 496 644
5 208 268 301 645 868
8 255 376 575 601 635 713 731 762
10 14 64 91 151 298 550 587 600 912 957
13 12 52 65 73 99 343 384 518 546 623 690 812 900
11 27 28 33 131 240 272 277 297 480 566 687
8 104 242 292 339 464 896 939 960
14 0 18 26 113 144 247 248 250 284 435 597 770 827 988
13 58 108 155 217 317 378 388 480 523 528 593 898 980
7 29 138 154 227 571 825 845
10 179 245 427 555 589 685 734 796 876 982
9 12 148 265 304 330 446 608 662 896
11 6 213 347 414 418 495 564 570 595 682 831
10 142 168 172 297 345 538 656 657 667 834
12 129 322 359 365 620 626 732 745 750 786 883 918
17 19 94 117 165 188 232 256 304 368 623 632 723 777 851 903 973 979
5 149 410 537 541 621
11 117 144 209 211 216 343 463 604 707 845 975
2 430 690
12 16 37 63 74 248 363 559 575 582 664 876 893
8 108 302 353 591 597 641 650 879
10 151 178 450 570 583 656 699 861 892 928
8 66 106 217 411 468 587 599 755
13 4 97 99 130 312 377 522 534 618 788 844 893 956
14 139 214 262 278 298 460 490 521 563 585 670 875 908 964
7 189 525 533 618 620 739 992
8 24 67 91 182 440 653 810 890
10 22 88 282 338 577 654 723 783 899 913
10 126 251 309 322 384 395 576 657 867 948
14 73 136 212 260 283 359 429 458 463 479 528 551 763 872
12 57 70 106 280 446 455 572 592 671 698 813 873
11 32 175 262 363 370 412 442 529 647 821 844
12 132 137 213 219 239 340 474 485 585 800 839 963
10 70 121 270 292 346 405 494 616 907 974
8 55 69 275 500 554 560 607 690
4 421 734 775 981
8 17 103 155 403 469 540 551 823
11 14 226 327 339 396 485 554 698 836 885 988
10 53 82 110 281 530 708 762 866 893 940
11 12 52 104 206 321 424 598 847 892 938 969
13 8 28 50 52 220 259 379 451 696 771 824 869 983
8 48 300 317 588 795 798 835 918
8 72 90 155 169 363 416 566 613
11 1 15 75 77 256 257 365 421 526 540 957
6 24 227 331 412 509 518
7 13 109 486 590 728 736 930
13 87 105 128 177 190 192 278 337 437 632 738 743 842
11 20 85 176 218 364 789 828 843 913 917 951
13 23 113 310 358 456 536 546 553 583 758 876 932 973
18 52 55 79 165 240 265 266 322 442 484 498 539 687 728 737 813 837 905
10 44 410 428 629 648 673 722 789 905 950
11 134 354 380 496 503 566 630 651 659 875 990
8 19 301 302 466 467 536 623 780
9 49 159 192 193 347 449 526 658 983
6 109 184 309 423 662 817
11 72 119 128 131 194 252 391 657 666 718 880
8 136 385 397 599 636 645 865 938
9 11 387 515 622 655 847 890 930 962
12 5 182 239 305 362 448 658 685 828 873 891 923
10 16 68 229 359 497 508 859 861 895 929
7 97 171 235 284 298 944 950
8 11 195 312 381 505 704 729 869
10 36 72 83 119 484 615 774 915 918 999
7 9 89 151 176 213 874 934
14 37 102 144 176 215 370 434 512 573 622 636 733 752 820
8 255 382 729 778 797 904 946 977
13 122 123 138 253 328 477 639 659 672 737 742 876 879
6 228 234 327 525 699 841
14 84 94 252 261 384 398 471 640 666 681 738 880 957 996
8 162 329 342 368 503 576 802 865
8 45 119 129 189 264 298 592 993
12 15 62 226 363 418 489 502 632 670 744 881 938
10 23 125 264 328 468 812 858 904 947 958
12 84 112 207 239 360 382 575 636 779 824 847 851
14 39 56 164 485 542 575 621 671 701 712 729 833 932 965
10 131 179 401 440 466 784 898 904 968 985
14 6 130 163 429 460 461 485 544 570 628 707 788 821 966
13 122 176 181 255 315 333 365 587 628 730 742 757 899
3 442 588 850
6 249 458 571 629 755 959
14 254 337 389 464 606 675 704 795 806 837 842 892 907 932
5 304 366 531 716 877
6 67 89 375 507 872 884
5 197 529 760 866 923
7 82 389 468 528 570 711 952
6 221 411 495 537 693 822
13 22 110 208 278 325 439 505 563 717 735 761 892 994
18 39 83 133 221 294 415 421 466 591 623 685 715 789 856 886 891 967 996
8 349 563 594 638 707 785 973 980
15 220 230 273 310 365 489 515 559 703 797 828 850 861 930 978
13 94 109 176 188 206 267 354 472 527 609 692 893 958
6 144 302 455 678 711 780
7 13 38 306 549 618 846 959
12 12 101 386 558 578 629 653 655 716 815 875 917
10 15 105 239 356 456 652 653 794 828 891
12 137 226 320 468 471 480 486 641 795 851 892 953
10 190 290 329 569 578 651 771 779 908 944
17 227 231 239 271 354 371 402 440 574 703 757 765 866 889 922 950 995
11 96 116 201 245 360 376 378 479 549 840 898
15 161 227 327 331 357 463 490 511 531 619 787 805 821 879 972
8 140 174 206 437 493 520 568 651
12 59 86 162 212 218 252 291 382 452 500 914 950
14 16 22 138 213 322 371 405 486 520 567 587 826 837 865
15 73 108 117 317 403 434 466 677 684 715 763 821 843 918 985
7 120 358 359 489 681 747 913
7 289 302 349 547 601 737 977
8 211 327 392 453 573 664 697 872
8 161 291 394 463 573 619 648 905
7 44 168 409 498 685 835 924
10 47 78 328 353 369 463 470 545 682 988
10 187 208 211 341 530 532 570 647 820 896
9 69 284 313 407 422 523 807 927 959
8 47 214 268 406 442 635 653 657
12 32 50 168 244 456 612 769 807 837 906 970 971
13 48 91 182 205 212 221 412 474 699 704 741 915 920
7 242 378 442 595 635 722 957
5 223 475 641 662 724
8 92 658 746 804 817 850 888 929
13 26 224 244 334 402 429 431 588 745 786 831 845 968
5 5 64 549 776 885
6 51 153 342 619 749 956
9 71 238 311 671 725 788 809 885 992
16 6 36 87 97 109 121 141 225 235 263 323 426 519 599 926 946
11 234 334 436 438 478 490 521 526 674 733 941
20 49 155 156 196 263 283 334 395 411 532 623 703 717 777 830 854 903 906 937 979
18 9 16 31 102 216 295 301 369 409 448 449 465 517 542 692 716 778 806
12 68 153 210 354 568 811 881 899 936 943 966 983
12 18 45 172 182 184 284 357 419 692 772 799 841
8 259 359 727 758 767 796 814 884
10 82 254 435 438 479 509 527 579 829 974
9 30 170 328 406 609 637 738 887 980
12 66 181 272 319 337 492 519 578 654 768 814 847
11 213 406 514 574 582 685 803 816 919 943 955
16 270 314 352 397 440 446 457 462 563 574 648 668 707 819 874 911
7 142 227 452 467 480 510 883
11 48 397 403 412 424 502 672 732 762 882 891
21 166 174 226 232 243 291 458 464 498 499 515 556 575 614 640 654 687 830 876 913 951
11 74 92 96 106 162 186 416 785 867 869 947
7 58 98 194 222 408 473 835
11 66 187 309 347 394 546 561 619 632 878 930
12 76 195 232 260 276 386 439 514 557 747 865 941
6 34 87 501 570 629 845
7 239 774 805 913 924 971 990
13 19 144 348 541 615 632 662 690 741 806 835 842 883
13 170 230 239 385 415 458 479 769 787 828 834 843 903
14 42 286 320 375 395 408 455 533 598 767 771 786 838 958
4 182 320 424 672
10 94 131 245 291 306 540 547 807 899 970
11 25 92 99 139 160 451 596 754 759 858 904
13 54 67 100 120 129 157 193 373 446 523 575 667 722
11 243 454 474 493 568 629 700 756 823 846 984
9 332 524 533 673 775 825 874 895 943
6 16 101 263 359 672 752
9 17 37 98 128 255 430 451 535 636
8 19 140 398 426 547 668 684 715
4 222 763 872 892
16 33 122 316 356 449 468 474 476 483 663 681 813 820 823 896 959
15 49 73 174 188 333 410 532 646 670 797 798 855 910 951 960
15 126 137 164 203 256 340 353 440 488 515 540 861 872 934 952
7 70 312 389 700 781 828 941
13 58 104 251 270 288 307 404 484 611 615 739 772 844
8 39 221 253 269 456 613 698 947
10 46 126 144 373 495 725 727 905 931 998
9 51 69 264 357 422 457 687 724 881
13 82 177 251 268 331 459 466 640 654 660 751 933 944
11 231 263 366 466 651 775 795 852 884 890 971
5 510 568 685 849 968
8 28 325 332 355 415 612 810 862
7 119 120 135 217 226 491 663
13 21 34 103 108 543 559 569 589 600 637 660 795 841
11 53 169 200 303 486 762 789 810 851 920 990
5 1 318 488 504 880
16 67 114 180 211 254 256 282 352 399 525 659 687 724 862 918 978
11 38 47 105 111 278 356 404 487 494 564 594
9 203 306 450 618 664 665 676 682 845
8 37 99 285 301 415 524 806 831
9 20 270 556 681 709 714 856 890 940
4 110 386 481 627
9 102 591 627 634 654 667 870 948 972
7 22 127 208 475 547 735 859
12 29 85 248 293 391 448 508 590 713 734 769 978
8 104 286 326 419 594 738 807 865
18 175 255 284 297 349 353 370 427 451 614 646 719 793 805 837 887 949 986
13 101 136 188 190 350 452 518 675 714 738 910 943 994
13 189 228 233 385 407 424 537 624 796 822 828 948 950
11 75 210 319 458 482 491 583 588 620 725 912
12 23 93 138 219 464 481 628 652 678 811 906 955
9 126 138 172 206 363 386 523 560 611
15 55 76 134 174 183 278 346 377 384 401 641 642 711 713 874
6 119 545 564 579 701 872
6 343 572 733 787 804 819
8 191 206 371 447 483 593 734 754
14 121 183 249 338 368 406 424 430 477 613 703 786 924 971
14 151 297 308 388 409 432 472 480 567 609 669 871 888 907
9 10 12 30 41 149 168 260 578 651
15 92 102 267 339 456 472 511 546 607 644 647 874 880 899 931
11 77 192 414 417 439 549 665 808 844 912 955
2 339 398
10 307 308 314 399 440 541 560 675 813 870
8 205 279 290 475 645 820 885 909
12 11 32 137 208 237 341 653 713 776 926 932 959
5 349 438 621 628 930
15 132 144 166 207 270 272 321 374 719 798 808 845 849 932 994
13 7 81 160 258 280 330 361 485 607 795 884 905 953
14 3 101 172 237 275 307 428 454 559 674 832 906 995 999
8 115 473 479 615 661 699 843 951
10 40 128 155 255 339 417 475 484 557 728
5 194 368 880 934 944
12 108 238 256 274 307 360 487 493 554 626 771 868
16 72 134 243 285 294 384 416 470 552 582 672 682 751 791 816 863
14 243 266 294 318 431 448 535 573 609 626 820 838 893 976
16 67 138 245 267 270 288 428 520 542 595 631 827 840 859 904 948
15 25 149 184 255 266 303 391 438 442 642 687 754 905 966 987
8 91 140 147 151 467 487 558 731
5 116 184 534 741 805
12 8 30 150 162 541 558 593 657 678 780 984 995
6 257 406 464 590 732 772
5 26 375 583 822 974
7 374 521 574 609 824 874 960
10 31 79 164 174 261 271 397 603 636 835
15 24 157 243 301 324 348 500 547 644 668 694 705 823 866 914
7 13 58 223 369 386 492 787
10 67 202 395 480 481 492 510 527 861 895
10 5 296 325 409 624 861 890 913 940 992
6 169 410 465 530 847 926
12 14 69 90 249 414 547 630 666 679 763 796 836
13 2 31 90 99 118 219 329 335 428 706 781 877 965
6 119 206 259 506 622 765
10 21 40 48 345 423 620 630 635 659 958
13 16 29 131 318 336 354 523 586 629 737 813 853 993
9 132 283 442 485 712 719 837 920 928
7 318 358 450 558 683 763 872
9 92 381 437 443 580 631 756 836 878
11 82 123 204 219 333 350 433 578 593 783 984
16 47 57 123 128 178 281 328 343 399 431 589 630 672 758 988 998
13 69 193 209 323 347 379 454 637 644 730 788 801 874
9 25 341 475 510 555 718 898 963 981
9 170 172 201 207 294 512 641 823 851
12 100 212 231 290 318 321 339 358 535 536 545 930
14 29 69 93 327 418 434 498 510 523 559 587 677 737 960
10 88 157 235 317 516 734 755 785 857 982
8 247 267 271 426 460 570 592 661
11 129 145 219 312 330 525 541 684 799 890 918
8 115 152 164 353 424 533 636 666
10 57 66 437 558 588 679 739 773 869 971
13 48 50 62 72 124 309 393 463 610 639 651 818 977
17 2 47 138 152 190 217 248 269 357 430 457 471 666 692 834 931 950
6 99 266 440 845 952 963
8 290 431 439 458 536 695 816 835
7 4 59 339 376 445 607 721
14 129 152 163 230 362 381 579 585 609 660 731 741 910 982
10 217 219 229 288 318 589 599 718 810 952
