100
2 34 75
4 54 55 70 89
1 49
2 29 76
2 66 90
4 34 65 71 74
2 20 88
3 35 43 68
1 91
2 51 21
2 89 96
1 39
2 32 95
2 48 14
5 46 51 13 24 66
3 65 87 95
1 20
2 51 30
1 64
5 49 25 75 79 87
5 50 6 16 83 92
1 9
2 28 36
4 49 34 89 92
2 47 14
2 19 26
3 25 34 82
2 66 76
5 58 22 76 84 99
1 3
7 51 53 54 59 62 17 77
4 44 45 53 56
2 54 12
1 48
4 0 5 23 26
3 7 60 86
1 22
5 81 82 84 91 92
2 53 61
2 52 11
1 55
2 79 85
1 87
1 7
2 31 98
3 31 56 67
3 14 59 75
4 24 52 87 94
4 13 33 52 60
6 2 19 23 93 96 98
1 20
7 9 14 17 30 55 80 87
6 47 48 39 53 62 73
5 52 30 31 38 65
3 1 30 32
3 1 51 40
2 45 31
2 64 87
1 28
2 46 30
2 48 35
4 38 70 87 91
3 52 30 66
3 70 89 97
3 57 18 96
7 53 5 15 68 69 74 75
4 4 14 62 27
1 45
3 7 65 78
3 65 70 90
5 1 61 63 69 72
1 5
1 70
1 52
2 5 65
6 0 46 65 19 88 99
6 3 27 28 77 78 82
4 76 30 92 93
3 68 76 95
2 19 41
1 51
1 37
3 76 26 37
2 20 95
2 28 37
2 41 92
1 35
8 47 51 57 61 15 19 42 92
2 6 75
4 1 10 63 23
2 4 69
3 8 61 37
6 20 23 77 85 87 37
2 49 77
1 47
4 12 15 78 83
3 49 10 64
2 63 99
2 44 49
3 75 28 97
