100
1 9
3 13 41 57
2 55 80
2 73 83
1 67
2 28 85
4 29 48 59 75
2 20 26
1 39
5 0 54 15 67 83
2 49 73
1 91
2 17 61
1 1
4 52 73 84 95
5 44 9 40 68 73
3 54 34 71
4 12 65 21 38
4 34 75 82 92
2 59 43
3 47 7 61
2 17 27
6 44 32 72 74 86 98
1 75
3 25 36 89
2 58 24
2 7 72
6 45 49 21 72 39 91
3 5 68 75
4 6 60 30 97
6 58 29 34 35 37 89
2 46 71
2 52 22
1 54
6 16 18 70 76 30 94
5 69 73 30 90 95
4 50 56 24 43
1 30
3 45 17 72
2 8 27
1 15
6 1 68 79 94 97 42
1 41
2 19 36
4 15 22 49 57
3 27 38 67
4 31 68 85 87
3 20 89 92
3 6 71 78
4 44 10 27 86
5 36 52 74 85 95
1 84
3 50 14 32
1 55
4 9 16 33 60
3 2 53 98
2 36 59
2 44 1
2 25 30
3 6 56 19
2 54 29
7 12 20 77 79 87 88 99
2 75 93
2 77 84
2 66 83
2 17 95
1 64
3 45 4 9
4 46 15 28 41
1 35
1 34
3 48 16 31
5 22 26 27 38 82
5 3 10 14 15 35
3 50 22 78
6 6 62 18 23 28 85
2 34 83
3 61 63 95
2 48 74
2 61 41
2 2 91
2 96 99
3 18 72 90
4 3 9 64 76
3 51 14 63
4 46 5 50 75
2 49 22
2 46 61
1 61
3 47 24 30
3 82 35 94
3 11 27 80
2 47 18
2 62 94
4 90 34 93 41
5 50 14 65 77 35
1 81
3 29 41 99
2 55 22
3 61 81 97
