100
3 1 3 69
2 0 43
4 31 56 65 94
3 0 39 68
2 75 78
3 74 86 92
2 83 92
3 35 71 92
3 51 13 14
2 69 74
3 18 23 74
4 30 34 44 50
3 64 43 48
5 60 8 26 31 81
3 8 22 95
2 62 50
1 82
5 72 81 88 90 98
3 10 30 86
1 56
1 73
1 24
3 14 42 77
1 10
4 70 75 21 33
2 27 82
4 57 59 13 32
2 25 91
1 64
1 52
4 11 18 42 92
5 2 63 13 33 43
2 26 91
2 24 31
2 11 42
3 7 80 44
1 59
2 82 88
1 73
4 3 70 82 95
3 76 83 94
3 53 65 71
6 22 77 82 83 30 34
3 1 12 31
3 11 35 49
2 70 77
5 63 71 73 91 99
1 89
2 61 12
1 44
4 59 11 15 71
1 8
3 29 53 94
5 52 41 60 83 95
1 94
1 66
4 2 19 79 82
3 26 58 92
3 57 70 85
3 26 36 50
3 53 13 84
1 48
2 15 68
3 31 46 76
5 12 28 70 80 90
2 2 41
3 55 93 99
2 76 87
4 3 62 84 96
4 0 9 74 86
6 58 64 24 39 45 85
4 7 41 46 50
1 17
4 20 38 46 86
4 5 9 10 69
5 4 24 84 92 93
4 63 67 40 89
4 22 42 45 79
2 4 98
2 56 77
2 64 35
4 13 17 88 95
7 56 16 25 37 39 42 89
6 53 6 40 42 90 91
3 60 68 75
3 58 70 93
5 5 69 18 73 99
2 67 95
3 17 81 37
4 76 82 47 97
3 64 17 83
4 27 83 32 46
6 57 5 6 7 75 30
4 66 75 85 96
4 52 2 54 40
6 53 14 81 87 39 99
2 68 93
1 89
2 17 78
4 66 86 95 46
