100
5 11 25 48 55 86
2 6 84
3 15 44 73
3 51 67 82
5 14 43 48 78 83
3 17 29 99
3 1 33 65
3 52 22 23
2 38 42
3 50 20 93
3 26 37 40
2 0 55
2 20 39
3 29 34 85
6 4 57 63 75 84 99
1 2
1 92
1 5
2 67 91
2 56 62
3 9 12 94
4 53 29 40 86
3 7 31 86
4 52 54 7 63
1 53
1 0
2 51 10
2 66 93
2 55 37
9 5 58 13 69 73 77 21 88 99
1 38
3 62 73 22
1 49
6 49 6 68 79 87 91
3 13 36 45
2 74 88
2 68 34
5 10 67 28 93 99
3 8 63 30
4 12 75 90 91
2 10 21
4 67 76 80 86
3 8 79 95
2 4 71
1 2
1 34
2 72 79
1 80
3 0 4 55
2 32 33
2 9 80
4 3 26 84 87
2 7 23
2 21 24
3 23 80 85
5 0 11 28 48 62
2 19 73
2 14 88
3 29 62 89
1 63
1 68
2 67 76
5 55 58 19 31 72
5 59 14 23 38 98
1 80
2 6 75
4 27 69 80 86
6 3 61 18 37 41 98
3 60 33 36
2 66 29
2 72 74
2 43 75
4 62 70 46 92
4 2 56 29 31
3 70 35 92
5 65 71 14 39 99
2 61 41
1 29
2 4 96
3 33 42 46
7 50 54 64 66 41 47 94
1 93
2 3 96
2 4 94
3 1 51 14
2 54 13
5 0 66 21 22 41
2 51 33
3 57 29 35
1 58
1 39
4 18 33 39 94
4 72 16 74 96
5 9 81 27 37 95
4 20 80 83 91
2 42 93
3 78 82 92
1 99
2 63 67
6 5 14 75 29 37 97
