200
4 54 126 161 198
5 18 92 104 159 161
2 108 122
5 24 34 45 157 177
5 53 66 125 142 195
3 76 167 186
6 36 58 80 119 146 182
4 66 125 129 189
1 118
8 103 20 31 72 112 147 156 159
2 54 63
3 23 26 154
4 80 98 149 189
3 68 77 89
2 159 186
4 109 45 55 154
5 24 59 133 176 183
4 52 53 61 70
9 1 101 111 57 64 68 92 165 185
4 68 174 195 198
3 9 96 126
8 111 64 92 147 159 167 184 195
2 110 37
3 11 147 166
5 3 16 29 164 192
6 43 62 74 136 171 192
2 11 62
4 32 57 157 173
4 46 96 161 173
6 24 32 34 127 167 177
4 81 134 184 196
1 9
7 27 29 55 64 86 187 198
4 42 57 170 173
4 3 110 29 180
2 122 84
4 6 50 93 142
3 22 79 80
3 105 59 93
5 119 46 86 139 197
3 136 165 187
4 134 93 142 143
6 33 68 80 143 167 175
5 25 133 137 72 152
5 138 69 76 169 174
4 3 15 46 157
6 121 28 127 39 45 95
1 52
4 141 65 80 88
6 100 116 94 151 163 170
4 36 155 173 199
3 132 143 87
6 17 141 144 47 72 187
2 4 17
6 0 10 112 130 134 166
6 15 32 72 175 176 190
7 121 152 92 168 186 193 196
4 18 27 33 174
4 102 6 107 156
5 106 16 38 75 183
3 165 172 175
2 17 167
5 113 25 26 69 71
4 10 161 73 179
5 104 18 21 32 151
2 99 48
6 4 7 75 77 78 90
2 100 90
10 111 13 18 19 42 153 167 170 172 85
5 131 134 44 62 78
3 17 71 98
3 62 70 75
9 9 43 147 52 55 76 91 95 196
3 110 145 63
5 122 25 139 145 163
3 59 66 71
5 5 120 44 161 72
2 13 66
5 108 66 177 69 91
4 37 140 176 189
6 6 12 37 42 48 152
4 100 113 30 95
2 124 172
1 118
3 35 139 91
2 108 68
2 32 39
6 105 123 139 51 155 96
4 131 48 149 167
4 13 165 175 178
4 141 66 67 190
6 137 150 156 72 78 84
5 1 18 21 56 186
3 36 38 41
3 105 126 49
6 116 46 148 72 188 81
7 107 20 28 137 165 87 194
4 133 141 146 196
4 12 112 124 70
1 65
5 49 67 81 164 168
1 18
2 58 146
1 9
5 1 64 117 123 150
6 38 87 94 110 118 163
2 59 139
3 58 96 130
6 2 78 85 111 166 181
3 15 115 127
7 105 22 34 73 114 141 187
5 108 18 21 68 191
4 9 54 98 192
8 62 81 127 133 143 148 166 179
3 110 145 160
1 109
3 49 95 175
3 104 122 139
3 105 8 83
4 6 39 146 157
3 76 154 176
6 46 56 126 135 162 163
5 2 117 35 74 195
3 104 87 161
2 82 98
4 4 7 165 184
6 0 20 121 94 162 173
7 109 113 29 46 134 196 199
2 137 193
1 7
3 107 54 169
2 69 88
1 51
6 113 16 43 97 160 193
5 30 127 41 54 69
1 121
2 25 40
4 128 43 91 96
2 44 194
6 106 117 39 74 84 87
2 79 185
6 110 48 52 90 97 184
4 4 36 41 199
5 113 41 42 51 190
2 52 167
4 114 73 74 172
4 102 6 119 97
4 9 21 23 72
3 113 95 180
4 12 88 164 199
3 104 91 184
2 49 64
5 43 56 80 162 172
2 68 192
4 11 15 120 156
2 50 87
6 9 154 58 91 164 192
4 3 119 27 45
2 173 188
4 1 9 14 21
3 114 133 161
7 0 1 123 28 160 63 76
3 121 126 152
4 105 121 49 74
4 100 24 149 156
6 18 125 40 60 89 96
5 108 113 23 54 167
9 5 21 29 42 144 61 166 68 88
2 100 56
2 130 44
3 33 49 68
1 25
6 145 152 60 68 82 186
7 27 28 126 33 50 158 188
3 19 44 57
5 116 42 55 60 89
4 16 120 55 79
6 3 29 78 178 182 187
2 177 89
2 113 63
2 34 148
2 108 187
2 6 177
2 16 59
5 21 125 30 141 150
3 18 140 189
6 5 14 56 172 92 191
6 110 32 40 52 177 181
3 158 173 95
4 7 12 185 79
3 143 55 90
2 111 186
5 112 24 25 153 156
3 128 133 56
3 138 96 199
4 4 19 21 122
5 30 127 56 72 97
1 39
3 0 19 32
5 127 142 149 50 194
