100
2 31 48
3 37 68 77
4 9 29 52 93
6 16 74 77 80 81 93
2 12 42
3 48 49 63
4 51 44 57 99
2 80 83
5 26 57 60 65 96
4 2 21 43 83
2 39 72
3 35 41 67
4 4 30 32 73
4 46 64 81 88
1 80
4 48 55 57 31
3 3 59 36
3 27 78 80
4 30 69 77 87
2 61 96
4 68 78 80 96
4 9 61 72 91
2 45 85
4 57 71 81 93
1 83
3 56 83 97
1 8
3 52 17 83
2 75 95
2 2 93
2 12 18
3 0 15 66
1 12
3 49 79 34
3 76 33 41
3 52 11 47
1 16
1 1
2 58 95
6 51 56 10 70 86 99
2 74 76
6 56 11 58 68 73 34
3 4 69 45
1 9
2 6 47
2 22 42
3 13 87 96
4 77 35 44 97
3 0 5 15
2 5 33
2 76 93
2 6 39
3 2 27 35
2 54 80
1 53
2 15 98
3 25 39 41
5 6 8 15 23 83
3 38 41 67
2 16 71
2 8 85
3 19 21 92
1 68
3 5 86 87
3 13 71 92
1 8
2 31 98
2 11 58
6 1 62 20 41 73 83
5 18 42 83 91 94
1 39
3 59 64 23
2 10 21
4 12 68 41 75
3 3 40 77
3 73 28 90
3 50 34 40
7 1 3 18 74 47 94 97
2 17 20
2 33 93
6 3 53 7 14 17 20
4 3 13 23 82
1 81
9 7 9 57 68 69 24 25 27 89
1 99
3 60 22 98
3 63 39 99
3 63 18 46
1 13
1 83
1 75
2 21 69
2 61 64
6 50 2 3 23 79 29
2 69 77
2 28 38
4 8 19 20 46
3 25 77 47
3 55 66 85
4 6 84 86 39
