100
7 3 22 51 58 67 79 99
6 17 27 34 35 65 91
2 13 71
1 0
5 19 29 49 58 97
2 61 67
4 54 26 39 76
3 14 37 65
1 49
6 50 14 22 32 61 86
3 31 84 96
2 47 61
2 84 86
4 2 24 85 93
4 41 55 7 9
2 75 78
3 67 37 86
3 1 52 30
3 60 27 99
3 4 26 95
1 84
4 42 45 53 87
3 0 50 9
5 63 24 35 36 98
6 58 13 70 23 79 90
1 91
3 6 67 19
4 1 47 18 79
1 47
1 4
3 71 17 92
3 10 58 76
3 49 9 69
5 41 56 75 79 85
2 1 77
3 1 56 23
1 23
2 7 16
3 46 66 89
2 6 65
2 52 98
2 14 33
1 21
2 68 94
2 51 85
2 21 79
2 38 92
6 11 27 28 57 78 82
3 60 70 94
4 4 8 32 63
3 9 22 85
3 0 44 71
2 40 17
2 21 63
2 6 99
3 14 85 88
3 33 35 72
1 47
7 0 4 24 31 74 92 99
1 66
2 48 18
5 5 9 11 89 99
1 98
3 49 53 23
1 72
3 1 7 39
2 59 38
6 0 5 16 26 72 80
2 43 91
1 32
3 48 24 90
4 2 51 30 91
3 56 64 67
3 80 83 90
1 58
2 15 33
2 6 31
2 34 84
2 47 15
7 0 45 24 27 33 86 90
2 67 73
2 84 95
2 47 97
1 73
5 10 12 20 77 81
5 44 50 55 13 33
6 9 12 16 79 87 95
2 21 86
1 55
4 61 38 90 93
6 70 73 79 24 89 91
6 1 68 71 25 90 96
3 46 58 30
2 13 89
2 43 48
3 19 81 86
2 10 91
2 4 82
3 40 62 23
5 0 54 58 61 18
