100
2 15 20
4 2 13 73 99
6 1 17 18 53 88 90
6 51 19 28 45 59 88
2 30 31
6 14 68 72 77 82 84
5 18 40 46 64 79
1 54
2 39 86
2 77 89
2 62 91
1 88
1 81
3 1 16 39
2 5 17
5 0 56 17 21 84
2 63 13
8 2 60 14 15 44 80 82 92
3 2 6 28
3 3 94 97
4 0 62 65 71
2 15 28
1 67
3 73 75 26
2 56 60
2 66 78
4 49 55 68 23
4 76 28 41 96
6 3 55 18 21 27 36
4 52 61 82 99
4 48 4 69 72
3 4 70 45
1 47
4 82 92 34 96
2 33 97
3 62 98 99
1 28
1 95
2 69 45
2 8 13
3 6 74 81
2 76 27
1 81
1 51
1 17
6 47 50 3 79 31 38
5 54 6 66 87 91
3 32 45 76
1 30
1 26
2 45 98
2 3 43
3 29 61 64
1 2
4 7 46 73 93
5 26 28 61 91 98
4 15 24 69 89
2 86 99
1 68
2 3 84
2 17 24
4 52 55 29 78
5 10 20 35 70 92
2 16 95
2 52 6
1 20
4 25 46 82 85
2 22 87
4 5 58 26 88
4 56 30 38 70
3 62 69 31
3 20 80 93
2 5 30
5 1 54 23 85 89
1 40
1 23
5 47 27 41 78 98
2 5 9
5 61 76 25 87 90
3 6 45 90
2 17 71
4 12 40 42 99
5 5 66 17 29 33
1 88
3 5 59 15
2 66 73
3 57 8 96
3 67 78 46
5 2 3 11 68 83
4 56 9 73 93
4 2 78 79 95
4 55 10 46 94
3 62 17 33
3 54 71 89
2 19 91
3 63 90 37
3 27 86 33
2 19 34
4 50 55 76 35
5 1 57 81 29 35
