100
8 13 34 35 42 53 66 70 76
5 36 42 48 72 84
2 36 94
1 90
2 13 73
1 48
2 19 74
2 15 91
3 73 97 98
2 75 96
1 41
3 29 36 44
1 34
4 0 4 28 43
1 64
4 7 38 83 99
3 53 40 75
1 96
1 70
3 6 27 46
2 64 75
2 29 95
5 63 72 24 44 84
3 56 37 81
1 22
3 67 82 35
2 62 27
3 19 26 83
4 55 13 84 94
5 54 11 60 65 21
1 78
2 45 92
3 61 79 80
5 60 71 72 80 87
4 0 12 70 94
7 0 57 67 25 86 38 48
7 1 2 11 77 43 44 50
3 67 23 99
2 15 35
1 96
3 57 63 16
4 10 93 44 49
4 0 1 65 82
2 13 36
7 11 22 80 87 36 95 41
4 78 80 31 47
3 60 19 78
2 71 45
5 1 5 78 35 90
1 41
1 36
1 77
1 72
2 0 16
3 29 64 76
3 28 85 86
1 23
2 35 40
2 73 91
1 81
3 29 33 46
1 32
2 26 73
3 22 40 77
5 54 14 20 86 91
2 29 42
1 0
4 25 35 37 96
1 98
1 91
4 0 18 34 96
3 33 47 88
4 52 1 22 33
5 4 58 8 62 89
2 6 93
4 9 16 20 92
2 0 54
6 63 36 51 88 92 96
4 30 45 46 48
1 32
6 32 33 44 45 81 86
3 59 23 80
2 25 42
2 15 27
3 1 22 28
1 55
5 55 64 80 35 89
2 33 44
2 71 77
2 73 86
2 3 48
4 7 58 64 69
3 75 77 31
2 74 41
4 2 28 34 95
3 21 94 44
6 9 17 67 70 77 39
1 8
2 8 68
2 15 37
