200
2 43 65
2 58 100
6 54 59 105 109 138 158
2 65 168
5 12 83 109 146 166
6 30 34 77 165 167 180
1 176
1 141
3 69 97 144
6 119 17 32 66 82 98
3 93 102 164
3 13 17 156
7 4 36 48 69 74 127 191
6 11 26 49 109 136 195
1 29
2 103 193
3 25 89 131
3 9 11 87
1 90
5 40 51 132 139 188
4 28 31 100 148
5 27 31 90 133 186
3 110 91 181
3 43 47 59
5 39 55 73 103 144
3 16 63 169
6 13 93 99 139 141 181
5 124 21 64 75 94
3 116 20 136
5 113 14 51 84 189
3 5 128 167
8 123 21 20 43 102 162 172 197
3 9 196 199
2 138 168
8 5 131 56 84 88 89 102 107
1 170
3 12 64 103
4 44 58 70 176
3 126 48 169
5 121 24 130 84 92
3 120 19 150
2 111 100
2 82 170
4 0 23 31 106
7 37 81 85 106 144 185 187
2 63 77
3 131 135 94
5 23 84 95 182 189
7 12 38 144 63 70 73 184
3 13 148 165
6 118 149 55 160 161 193
3 19 29 178
1 105
4 117 133 137 189
2 2 156
3 115 24 50
3 135 34 185
1 89
5 1 37 151 157 99
6 2 23 90 104 168 169
3 115 62 181
2 122 95
4 116 60 167 197
6 25 45 148 48 79 96
4 27 36 75 181
6 0 114 3 138 157 77
3 9 108 177
2 139 191
1 121
6 8 12 138 150 84 94
3 37 48 188
2 172 194
2 156 80
6 24 131 153 48 159 178
7 12 137 143 162 85 98 182
6 120 27 64 179 185 198
3 111 118 77
7 5 125 45 65 76 97 176
1 163
2 63 190
2 149 72
3 44 160 193
4 9 42 155 194
3 4 122 85
7 121 29 34 39 47 69 180
6 44 74 168 173 83 198
1 178
2 17 105
4 134 34 143 170
5 16 34 57 179 107
5 113 18 21 59 108
4 22 161 166 104
2 133 39
2 10 26
7 127 128 27 46 69 164 177
6 120 134 143 47 61 108
3 117 133 63
3 8 151 77
4 118 9 124 74
4 126 26 58 169
4 1 115 20 41
5 129 131 142 179 197
6 10 125 31 34 150 154
4 15 24 131 36
3 140 59 91
4 2 52 87 187
5 121 140 43 44 175
2 34 89
6 126 156 66 90 95 188
4 2 4 13 135
2 22 129
4 41 76 116 197
1 113
5 112 29 90 146 185
1 65
3 55 60 100
4 111 28 62 167
2 53 96
7 50 76 98 133 135 147 150
6 9 127 128 139 164 197
4 40 75 95 152
7 39 68 84 106 124 163 174
3 61 83 193
2 31 174
3 121 27 98
2 77 102
4 38 99 108 157
4 119 12 94 169
5 119 30 94 148 168
4 110 101 152 161
2 39 172
11 16 34 46 73 101 103 149 168 178 181 183
1 19
8 118 21 53 92 96 134 139 183
3 133 88 95
4 118 46 56 109
2 13 28
3 53 74 157
4 2 33 65 69
6 119 19 26 133 67 180
2 104 106
4 7 26 164 194
3 101 166 193
4 74 88 95 185
4 8 24 44 48
1 181
2 113 4
1 118
7 20 128 49 63 160 192 197
4 131 50 80 155
6 118 40 69 102 152 184
4 58 97 159 170
4 120 129 150 168
2 73 183
2 102 188
3 149 82 181
5 11 54 72 108 196
6 126 137 58 65 173 174
3 2 168 184
2 151 73
4 148 50 81 171
3 129 50 91
3 31 74 191
3 121 78 180
4 119 10 141 94
2 5 49
3 4 142 91
4 116 5 30 62
9 3 128 131 33 152 59 158 85 199
6 127 25 38 59 99 189
5 35 42 151 88 197
1 160
4 130 31 71 193
2 157 85
4 121 123 157 195
2 106 198
4 6 37 77 190
2 66 94
4 131 51 73 86
4 75 89 101 180
5 5 139 163 84 179
7 22 26 131 145 155 60 64
2 47 74
3 131 133 153
3 150 48 158
5 113 143 44 56 75
2 21 199
2 44 105
4 19 154 70 108
4 29 47 53 169
3 79 176 192
3 12 67 162
2 148 190
6 122 15 142 50 172 81
3 141 71 82
2 13 174
2 32 156
7 111 119 31 148 62 170 101
3 75 175 85
3 32 168 186
