600
6 60 186 298 326 446 566
8 100 114 128 152 168 216 359 573
8 116 130 196 202 211 333 477 565
5 202 313 447 541 586
9 191 239 258 282 300 371 416 450 478
11 15 169 211 306 343 384 426 444 472 497 552
14 17 21 28 55 117 199 211 235 306 316 329 349 359 423
13 9 15 77 87 93 299 340 346 373 465 527 545 554
6 40 108 150 297 436 585
8 7 10 40 91 105 133 228 241
6 9 118 157 392 449 499
6 163 282 434 485 487 555
10 23 64 73 126 203 370 387 396 462 583
7 150 262 286 301 317 373 438
7 64 91 97 112 381 535 574
9 5 7 77 164 209 271 295 324 490
12 81 123 155 158 161 228 288 289 359 371 488 577
2 6 244
7 257 348 381 412 451 487 500
5 156 269 483 564 569
12 29 37 43 109 223 295 450 515 532 535 577 596
9 6 106 118 242 302 377 504 533 547
4 67 236 320 575
10 12 172 199 229 275 286 436 444 474 552
13 93 129 135 159 261 327 343 357 364 437 476 577 581
5 85 135 297 383 421
9 234 304 346 357 453 535 536 539 594
9 103 113 121 245 350 384 387 549 568
13 6 32 72 142 250 281 310 329 450 464 471 497 526
10 20 39 224 263 278 337 356 450 485 502
8 31 46 156 234 256 359 491 534
6 30 276 427 437 557 589
15 28 75 138 160 240 275 277 310 311 466 472 477 585 588 596
8 36 138 169 221 351 421 549 592
7 64 65 275 345 348 364 429
9 105 130 171 209 255 263 271 281 574
12 33 128 227 378 444 448 451 475 490 535 561 586
8 20 166 267 307 320 322 356 363
9 50 51 151 199 230 327 418 435 471
11 29 59 144 176 222 268 328 333 396 512 566
9 8 9 80 212 303 333 387 416 472
6 58 223 278 286 442 444
6 218 227 271 297 477 578
8 20 70 246 260 301 309 355 496
9 56 118 145 195 205 246 405 413 504
3 94 119 312
2 30 395
8 81 159 249 306 395 480 522 591
9 51 59 131 157 424 428 480 518 555
9 68 81 190 276 310 328 422 449 487
8 38 89 157 194 196 228 396 566
8 38 48 75 295 312 412 436 585
9 74 89 173 306 358 385 451 453 562
3 100 231 364
7 77 80 216 228 251 340 414
6 6 96 213 246 340 453
13 44 123 276 286 296 310 318 345 401 435 440 484 581
5 73 340 354 363 384
5 41 99 209 512 543
7 39 48 138 195 226 367 470
7 0 145 158 277 409 461 469
4 100 450 476 527
11 91 123 124 176 177 271 340 356 420 545 560
5 142 150 282 452 597
6 12 14 34 70 516 583
8 34 120 219 336 338 406 468 523
4 190 268 475 527
11 22 212 243 255 271 300 337 344 352 418 499
7 49 84 85 128 141 164 445
7 82 101 104 257 313 330 528
6 43 64 238 382 426 579
9 126 136 148 208 278 292 376 417 537
5 28 136 357 484 561
8 12 57 100 171 259 397 526 545
8 52 121 147 263 362 370 492 515
4 32 51 225 431
5 99 300 455 575 583
8 7 15 54 205 219 453 554 570
6 240 284 304 310 365 517
2 145 517
9 40 54 170 183 263 395 403 556 562
12 16 47 49 110 138 173 196 253 261 356 360 366
5 69 157 268 275 483
7 147 151 221 279 308 464 504
6 68 110 188 457 569 588
9 25 68 140 152 275 408 515 554 572
9 212 239 302 341 376 392 405 473 584
9 7 114 119 166 234 309 387 463 481
4 281 476 477 498
7 50 52 111 357 390 530 567
3 93 246 500
13 9 14 62 100 148 185 189 199 417 440 492 542 546
7 108 145 211 372 379 455 554
11 7 24 90 106 170 266 337 380 409 447 520
5 45 328 362 370 434
6 237 419 452 477 570 583
6 55 198 239 290 316 516
7 14 107 188 241 378 380 529
2 363 386
6 58 76 114 351 493 538
6 1 53 61 73 91 361
5 69 118 288 413 419
8 145 262 369 370 415 483 527 589
6 27 117 163 266 270 462
3 69 207 362
6 9 35 204 327 419 500
8 21 93 286 371 433 459 493 592
7 97 167 189 233 363 469 514
5 8 92 143 419 526
5 20 138 353 494 518
8 81 84 309 366 459 487 573 581
8 89 295 297 306 318 419 429 571
6 14 195 220 244 336 338
6 27 128 277 351 425 509
8 1 87 99 184 493 513 565 584
10 129 165 231 232 234 329 338 469 484 491
6 2 158 274 398 461 543
9 6 103 180 314 327 404 456 498 517
10 10 21 44 101 161 264 334 355 424 442
10 45 87 214 248 334 366 401 444 457 510
7 65 200 201 261 394 517 575
6 27 74 185 262 403 532
6 147 186 269 279 366 595
5 16 56 62 129 495
7 62 139 193 252 352 367 411
5 136 177 180 360 432
9 12 71 281 282 302 385 390 400 410
5 222 394 499 529 555
12 1 36 68 113 153 212 285 289 368 486 533 562
9 24 115 123 138 205 346 368 455 577
10 2 35 177 216 371 399 457 477 531 549
7 48 303 388 400 420 435 547
6 171 413 439 464 541 563
10 9 239 243 287 290 303 333 371 423 459
2 190 378
9 24 25 158 170 195 231 261 366 447
5 71 72 125 263 502
4 212 365 399 487
10 32 33 59 81 109 129 183 197 203 489
7 124 311 367 374 521 574 583
4 85 264 356 466
7 68 234 256 469 521 564 579
2 28 63
11 108 155 171 192 212 228 240 352 469 565 597
7 39 202 219 359 371 390 563
12 44 60 79 92 102 172 228 233 267 374 386 511
9 160 269 326 454 495 501 516 554 581
10 74 83 122 175 324 331 448 471 489 553
9 71 91 323 332 334 347 468 522 574
5 244 329 490 521 548
9 8 13 63 216 281 308 486 525 572
4 38 83 300 500
6 1 85 179 180 202 486
5 128 216 219 257 582
5 180 213 225 452 572
9 16 143 235 362 364 451 502 503 505
6 19 30 280 361 395 572
10 10 48 50 82 203 238 258 295 398 432
11 16 60 116 135 168 213 272 273 386 458 542
7 24 47 507 520 533 573 582
5 32 146 315 423 597
7 16 118 320 352 469 506 547
4 324 413 429 524
4 11 103 235 458
7 15 68 219 279 393 525 526
7 115 183 194 227 259 458 597
8 37 87 258 317 382 394 437 556
6 107 204 256 351 534 571
7 1 158 294 436 456 562 578
7 5 33 249 251 368 417 546
4 80 93 135 575
11 35 73 132 143 177 262 266 350 452 469 524
9 23 145 226 272 285 305 438 474 526
8 52 81 188 196 324 374 428 436
4 192 316 355 358
8 147 279 287 292 307 515 560 561
5 39 62 293 359 582
13 62 125 130 171 217 322 337 394 403 406 472 541 548
5 193 229 286 492 520
5 152 213 338 362 530
9 117 125 152 154 217 302 442 491 546
8 193 241 277 398 463 499 547 563
4 204 375 422 547
10 80 138 165 212 217 376 427 572 578 582
9 114 245 305 375 455 508 535 546 594
5 91 121 382 383 508
6 0 122 471 502 582 583
6 288 292 308 341 367 508
6 84 97 173 235 371 454
5 91 107 442 474 573
4 49 66 134 481
5 4 284 401 498 540
9 143 174 277 330 348 372 437 492 553
8 124 178 181 231 337 493 518 554
9 50 165 216 346 414 441 492 495 548
8 44 59 112 135 277 308 466 470
10 2 50 81 173 334 370 380 470 568 589
7 138 211 264 294 517 552 588
6 96 274 330 388 519 535
9 6 23 38 91 420 428 470 579 588
5 120 334 345 455 594
8 120 228 231 302 326 330 428 522
9 2 3 144 152 230 233 328 360 521
6 12 138 157 314 407 446
7 105 167 182 340 453 521 573
8 44 77 129 417 464 492 503 590
4 268 415 431 516
2 104 521
5 71 293 320 367 374
4 15 35 58 254
4 360 443 556 581
11 2 5 6 92 197 299 319 345 384 430 502
11 40 67 86 128 137 143 183 333 527 562 586
8 55 154 158 179 230 251 588 593
5 119 225 435 475 592
6 239 283 305 365 372 491
11 1 54 130 150 153 194 319 324 467 521 545
8 177 180 183 248 424 468 499 547
6 42 225 359 453 454 582
9 65 77 144 153 164 224 323 524 541
4 112 298 418 444
7 33 83 229 263 288 519 575
5 39 127 434 500 583
7 20 41 236 313 351 545 572
6 29 219 297 347 367 525
9 75 154 214 218 314 478 508 591 598
8 59 172 227 257 317 356 483 535
8 36 42 165 226 273 306 471 587
9 9 16 50 54 143 145 201 595 596
9 23 178 221 299 340 345 402 451 478
13 38 202 213 245 280 300 347 369 394 484 526 582 587
8 53 115 135 193 201 507 542 588
8 115 257 299 302 394 446 503 531
8 107 145 202 378 386 456 459 528
7 26 30 87 115 141 265 561
7 6 155 163 188 266 352 370
6 22 223 273 519 525 589
4 95 408 416 553
5 70 157 281 371 580
11 4 86 96 133 215 284 400 405 529 538 599
12 32 78 143 264 271 342 346 369 437 446 551 598
6 9 97 181 286 437 467
6 21 356 449 526 528 580
11 67 133 319 360 370 389 411 426 501 515 519
8 17 112 149 251 402 429 517 551
6 27 184 230 318 540 571
5 43 44 55 90 319
4 347 461 561 576
6 119 217 254 416 523 544
8 47 169 263 324 358 440 587 591
4 28 306 313 351
9 54 169 213 244 317 413 417 450 501
6 124 269 329 346 363 409
6 81 375 382 432 509 599
4 209 248 420 586
7 35 67 275 378 413 498 539
8 30 141 167 293 334 405 538 572
12 18 69 153 226 232 325 397 437 473 484 541 552
5 4 157 166 319 584
12 73 165 300 320 327 335 348 382 399 427 457 496
4 43 368 398 460
8 24 81 120 135 343 403 466 576
8 13 102 121 171 348 402 413 533
10 29 35 74 80 136 221 249 267 346 493
8 118 140 197 240 398 439 550 568
5 234 459 501 520 595
8 93 103 171 235 389 426 539 594
7 37 145 263 389 453 495 514
8 39 66 82 206 326 356 437 443
7 19 122 146 252 303 373 479
4 103 310 503 578
10 15 35 42 62 67 240 467 547 576 595
2 158 172
9 158 227 236 326 373 488 493 562 585
4 116 198 351 468
8 23 32 34 82 85 255 518 523
5 31 49 56 368 459
13 32 60 113 181 192 195 303 344 500 501 550 558 563
5 29 41 71 321 552
7 83 122 164 175 350 384 515
6 156 230 498 504 524 552
11 28 35 88 126 150 238 289 343 383 469 528
5 4 11 63 126 315
4 215 291 383 588
5 78 191 239 415 569
7 128 172 348 425 474 522 537
8 13 23 41 56 106 178 241 562
6 133 175 289 351 426 550
7 16 101 187 221 386 389 428
6 16 128 281 287 338 548
6 96 133 292 404 430 544
5 283 303 305 470 475
6 71 175 187 290 565 596
8 176 208 256 331 347 429 480 578
4 168 197 325 476
6 15 20 51 111 157 522
5 56 332 379 424 549
7 8 25 42 111 224 416 510
6 0 220 403 514 565 573
9 7 211 229 232 328 349 436 459 533
9 4 67 76 151 230 259 383 384 595
9 13 43 346 353 401 478 494 567 586
13 21 86 126 180 201 232 322 349 409 429 543 588 591
10 40 131 133 269 277 291 308 409 554 563
7 26 78 309 338 491 528 531
14 172 184 215 291 321 352 363 469 534 538 551 552 558 591
12 5 6 47 52 111 227 250 341 452 459 504 562
4 37 175 355 415
10 83 150 187 195 303 450 456 465 518 568
9 43 87 110 304 357 358 515 551 597
8 28 32 49 56 78 270 444 572
5 32 139 440 487 579
4 45 51 330 555
9 3 69 223 250 407 414 455 509 558
7 117 203 225 321 365 453 509
5 160 282 384 554 573
7 6 96 174 354 377 512 590
11 13 166 226 251 368 402 432 460 512 522 574
4 56 111 245 568
8 211 216 243 246 258 377 463 574
12 22 37 161 208 259 351 422 520 521 534 549 550
6 278 305 314 425 528 531
4 37 177 302 366
6 148 219 325 350 426 441
9 15 147 162 173 216 249 451 472 482
6 257 294 323 443 482 548
10 0 146 201 268 273 402 451 456 457 491
10 24 38 105 117 259 362 446 482 491 536
13 39 49 94 202 299 375 382 423 431 464 509 557 588
9 6 28 115 149 252 357 420 425 481
10 69 192 198 201 312 347 401 452 521 559
5 147 293 338 343 537
5 148 296 381 438 509
8 2 39 40 133 212 352 434 491
11 118 119 148 196 200 256 367 459 496 522 547
5 259 356 472 524 564
5 65 112 368 485 489
12 29 67 93 177 193 351 369 392 485 512 565 592
10 65 112 115 179 289 304 331 356 401 555
2 390 396
11 7 54 55 57 62 204 229 345 440 492 499
10 86 187 306 483 504 509 512 516 524 586
7 240 360 453 502 517 519 575
5 5 24 261 281 331
5 67 277 406 433 494
10 34 56 200 211 229 340 383 395 486 567
12 7 26 129 194 240 252 263 301 349 441 521 536
7 148 224 230 247 293 330 486
7 18 34 192 259 262 285 379
6 6 299 302 346 416 450
9 27 171 279 323 357 368 461 486 491
11 33 99 113 167 223 250 274 287 320 337 581
10 67 124 143 161 235 305 333 394 474 519
3 109 301 415
5 57 316 466 478 589
4 43 118 174 307
11 29 37 62 81 140 226 242 268 335 338 455
11 24 26 72 89 309 329 350 384 447 504 522
6 52 174 249 309 499 558
10 1 6 16 30 144 176 218 412 467 493
11 81 125 202 210 243 342 364 441 460 484 566
4 100 156 410 595
7 74 94 104 155 179 327 429
8 37 57 98 107 252 305 428 458
5 24 34 53 155 360
6 78 137 215 314 438 546
8 81 110 119 122 135 322 441 491
9 59 124 139 187 208 224 334 374 421
9 128 129 169 260 276 317 336 350 533
6 102 230 240 337 471 567
11 12 74 94 102 196 235 243 391 394 395 441
13 4 16 106 130 133 144 188 238 377 381 408 468 483
6 92 192 215 390 411 509
6 7 13 269 273 430 485
7 139 145 173 208 367 377 421
8 182 184 253 328 432 526 536 587
4 71 86 183 394
6 21 316 319 371 374 479
8 36 97 134 233 255 463 537 560
6 92 296 348 507 512 550
6 93 97 196 518 520 542
6 14 18 332 371 479 537
9 70 166 185 253 259 328 452 471 525
12 25 185 281 283 300 345 427 455 459 501 545 560
12 5 27 57 211 279 300 315 357 393 411 470 561
6 52 126 393 471 473 576
7 98 145 158 233 288 532 540
7 12 27 40 87 404 461 553
4 131 198 392 426
7 243 266 267 288 440 464 487
7 89 126 144 339 372 397 547
2 370 411
7 10 86 337 388 417 486 585
6 164 384 385 459 553 555
10 120 127 166 177 230 232 352 370 376 421
11 46 47 80 156 345 370 399 518 524 530 555
6 12 39 50 339 473 540
5 73 257 390 458 483
7 116 157 181 260 264 492 528
7 130 137 259 395 425 536 580
10 126 131 239 413 459 469 487 494 501 515
8 56 119 191 301 330 338 570 595
10 229 244 262 317 326 405 407 431 473 520
7 80 121 177 261 298 509 581
5 117 290 387 475 588
5 44 86 239 256 402
6 65 177 344 476 490 577
5 203 313 402 490 562
9 85 237 371 409 442 445 491 523 547
9 60 93 252 302 303 408 410 487 513
6 126 361 409 434 523 547
7 124 243 372 384 391 469 566
5 18 51 359 445 535
9 44 101 132 162 251 255 262 400 439
4 54 194 313 575
9 102 206 284 307 353 434 496 587 597
8 4 40 237 248 297 349 421 558
10 71 91 169 205 251 392 439 440 469 552
6 38 67 220 454 513 541
9 95 101 105 108 111 420 527 558 567
8 62 131 199 254 329 419 429 475
8 25 33 367 374 394 416 562 564
6 49 182 320 464 541 591
7 6 133 160 328 502 511 528
7 48 118 217 296 425 451 556
7 113 285 321 329 399 424 489
8 5 70 243 266 287 323 388 522
6 31 183 259 383 565 569
7 48 173 199 201 288 363 589
10 34 111 162 244 293 302 362 420 449 565
3 211 290 373
5 75 206 328 402 577
8 125 157 253 317 375 460 572 593
8 106 344 453 464 468 486 537 598
8 11 94 222 333 410 415 512 588
4 38 56 131 214
10 8 23 51 168 173 299 489 555 574 596
9 24 31 166 192 240 241 257 268 447
5 13 172 332 365 550
5 132 264 413 417 594
9 56 91 249 311 340 389 417 581 590
7 194 323 346 360 366 370 500
6 41 118 180 189 408 537
6 210 268 325 510 571 588
7 5 23 36 41 119 220 310
4 68 408 412 558
7 0 203 232 240 327 533 597
6 3 93 135 357 437 568
3 36 147 514
4 10 49 242 429
9 4 20 28 29 61 251 308 349 549
9 18 36 52 155 229 324 326 424 546
9 63 95 154 171 306 330 382 495 588
10 26 52 55 77 204 218 267 314 342 433
4 146 188 218 418
10 76 92 129 184 200 313 356 383 495 567
6 117 168 233 308 326 497
9 84 119 130 259 326 459 545 565 572
8 158 163 165 363 397 492 529 558
17 106 110 133 233 265 276 299 306 334 383 393 400 457 478 525 584 597
6 260 317 360 432 485 543
8 60 116 247 350 387 466 524 568
6 12 103 506 594 595 596
5 87 181 319 378 513
9 28 83 132 205 328 389 422 433 472
7 7 308 479 519 520 560 577
6 32 140 195 261 354 461
7 216 241 271 359 472 528 533
9 65 148 217 274 371 433 500 534 559
15 60 107 115 141 143 161 171 281 305 400 411 417 512 570 577
8 59 195 196 199 291 384 477 511
10 28 38 147 186 227 369 382 385 508 536
10 5 32 40 177 324 335 464 467 534 578
6 86 257 385 396 402 552
5 23 172 189 285 352
6 36 66 214 291 404 420
9 24 61 88 294 406 527 543 570 598
8 2 32 42 88 95 130 470 547
7 4 225 229 301 354 459 488
5 269 377 381 465 561
4 47 48 293 586
4 87 190 329 499
3 324 325 327
9 19 82 102 226 341 371 397 506 555
9 56 72 115 230 257 360 492 566 590
7 11 29 336 337 373 460 524
10 128 150 152 345 347 350 392 433 488 505
14 11 18 49 110 137 311 389 400 409 513 520 546 576 598
5 16 273 478 486 580
7 138 147 336 425 436 531 553
8 15 36 149 406 407 525 554 565
14 30 115 180 215 304 326 327 333 350 366 408 519 540 545
11 74 91 178 192 194 205 340 398 458 484 494
7 99 106 114 193 263 273 359
5 109 301 344 400 492
7 123 146 194 267 452 455 537
4 43 259 334 415
7 5 28 456 510 521 532 564
8 88 117 191 255 280 522 537 550
9 10 67 127 181 217 340 358 481 562
9 18 90 105 151 222 277 441 468 571
9 146 243 251 265 277 383 400 557 572
7 29 136 155 186 211 342 423
5 155 205 232 270 511
11 21 44 83 280 306 341 357 517 533 538 599
3 155 486 544
4 161 462 483 557
4 159 231 379 582
7 184 185 187 225 471 583 597
11 113 253 313 314 328 332 341 372 403 558 563
5 119 297 443 497 563
4 145 423 470 503
10 39 58 316 317 337 341 379 434 469 527
5 114 409 418 463 487
4 107 267 298 448
10 20 74 85 175 243 279 309 400 547 596
5 64 96 146 206 341
9 78 79 117 120 197 244 342 504 534
8 48 109 193 275 308 380 395 560
9 198 221 236 243 342 352 465 491 534
10 93 159 178 265 320 380 402 465 487 592
14 139 141 149 202 204 207 216 320 330 346 497 538 539 586
11 47 148 201 285 295 317 334 357 426 498 550
5 65 248 275 408 410
9 162 171 219 280 335 341 395 461 485
8 150 164 224 236 382 459 490 590
8 28 73 108 164 172 230 242 375
8 7 61 66 102 212 419 476 512
9 69 233 242 281 304 321 398 423 467
5 97 127 239 458 588
3 89 179 395
7 130 232 304 321 489 539 598
5 20 121 386 497 542
9 21 128 159 262 299 368 446 467 504
9 30 167 305 320 468 472 517 519 558
9 14 20 26 36 184 198 226 412 568
6 26 327 346 375 399 471
9 71 285 331 378 381 433 442 495 498
7 99 239 256 305 504 521 578
5 26 255 266 521 531
6 191 245 386 396 491 574
7 3 132 177 219 257 418 422
6 91 158 231 380 532 553
5 58 116 302 460 476
3 248 290 505
9 7 62 73 216 223 383 457 491 587
7 91 169 180 184 365 451 487
13 21 131 161 181 182 217 271 334 390 408 410 477 515
6 149 177 194 289 325 589
6 27 33 130 296 320 450
8 264 277 287 320 379 438 498 522
4 240 244 305 309
9 5 23 197 257 278 280 305 417 473
7 147 192 237 387 393 489 542
10 7 77 85 92 146 193 303 315 490 565
10 11 48 127 312 338 393 395 436 483 589
4 80 166 210 424
4 31 328 501 506
11 277 305 313 358 416 419 445 458 509 534 587
2 330 468
7 62 175 378 383 465 518 561
9 36 72 175 234 247 384 479 560 590
11 52 80 128 168 212 273 286 306 407 421 499
8 132 144 181 277 303 509 510 565
5 19 141 335 421 497
12 2 114 143 292 298 337 427 429 457 490 554 563
6 0 39 50 360 411 484
6 89 301 345 369 419 455
8 27 196 264 308 318 447 461 535
4 19 84 284 427
6 77 95 401 469 476 590
6 111 167 245 443 500 576
11 85 150 154 156 183 223 256 310 432 457 501
7 1 110 159 189 204 298 315
8 14 35 139 148 317 319 436 540
7 22 76 120 170 221 342 414
6 247 261 271 385 487 571
8 16 20 24 129 406 431 465 469
7 42 168 183 270 293 472 538
4 70 141 199 311
4 238 242 399 488
9 24 56 110 146 210 351 403 440 591
8 153 159 176 183 186 218 230 507
8 12 64 76 95 139 186 222 508
4 86 114 258 459
5 8 32 51 273 392
8 3 36 212 254 301 341 480 521
7 227 230 249 375 415 545 558
14 32 84 197 199 213 231 283 302 328 404 434 443 452 529
8 31 102 196 236 354 428 548 555
8 205 316 440 484 525 561 570 596
7 47 225 249 302 305 422 581
5 33 106 214 337 520
2 213 432
6 26 184 200 266 439 462
8 122 228 265 271 300 361 401 462
8 20 32 228 292 436 462 515 590
9 63 143 160 165 309 415 446 459 508
6 225 240 433 476 487 531
3 239 253 504
