100
1 48
3 70 72 94
3 23 41 46
3 36 56 77
1 28
6 7 9 17 38 83 86
1 46
1 5
1 90
8 53 5 11 13 15 36 70 89
2 56 43
4 9 26 39 42
3 21 73 94
1 9
1 76
6 59 9 66 68 17 45
2 29 37
2 5 15
1 27
2 55 30
2 41 87
2 55 12
2 25 46
2 2 79
1 95
2 22 36
4 11 79 84 44
3 53 69 18
3 51 4 47
3 59 60 16
2 19 36
3 71 90 38
4 55 75 81 43
1 92
3 71 78 83
3 55 91 98
8 3 9 63 71 25 81 30 95
3 51 56 16
3 5 81 31
2 11 71
2 83 47
4 2 20 78 98
1 11
5 10 70 85 32 95
4 80 83 26 89
2 15 69
4 2 6 67 22
6 54 55 61 79 28 40
3 0 60 91
3 52 92 95
2 57 60
2 28 37
4 49 61 88 89
4 9 27 55 84
1 47
8 53 19 21 32 35 47 82 97
4 3 10 37 61
3 50 76 85
1 88
3 15 29 83
3 50 29 48
3 52 56 47
1 97
2 36 74
1 89
2 82 89
2 15 72
3 46 86 94
1 15
2 27 45
4 1 9 43 76
5 31 34 36 39 76
3 1 66 99
1 12
2 63 76
1 32
5 57 14 70 71 74
3 3 88 94
3 34 41 89
3 23 26 47
2 44 91
3 32 36 38
2 55 65
5 5 59 34 40 44
3 53 26 88
3 57 43 92
3 5 67 96
1 20
4 52 58 77 84
6 52 9 64 65 78 44
2 8 31
3 80 35 48
3 49 85 33
1 94
5 1 12 67 77 93
4 49 24 36 43
1 86
2 55 62
2 35 41
1 72
