1000
11 199 397 438 462 513 530 653 721 744 846 949
13 16 22 64 130 214 241 434 445 483 537 688 695 960
12 96 171 205 258 332 525 740 760 828 838 884 911
16 4 9 189 191 209 254 368 492 556 569 594 605 619 666 679 806
16 3 83 105 119 171 266 320 400 536 546 563 579 612 702 739 911
16 19 30 35 76 113 137 242 244 389 455 576 578 730 770 879 927
10 215 317 357 378 423 607 671 842 983 988
6 91 525 624 783 898 966
14 27 49 280 465 538 553 602 621 671 779 821 880 967 971
6 3 503 597 716 809 916
10 39 162 192 232 285 465 472 558 962 994
8 45 98 120 281 618 719 731 990
8 175 364 366 438 664 674 740 829
9 120 251 320 357 460 527 871 888 919
10 175 313 343 522 579 629 861 891 913 933
13 42 176 231 342 343 345 393 602 839 841 842 856 994
4 1 28 543 762
6 75 253 518 547 921 979
7 104 107 248 302 575 734 735
13 5 81 129 159 340 347 362 468 536 552 588 653 884
17 125 136 277 410 423 439 501 560 596 607 655 679 715 743 809 814 950
16 59 203 210 224 342 363 455 493 611 657 670 678 896 919 922 999
9 1 34 221 315 673 694 904 914 996
7 74 330 440 883 886 940 975
5 87 227 230 536 911
11 40 154 291 297 383 419 543 705 769 849 978
8 66 648 684 702 717 799 905 968
12 8 31 37 422 504 511 604 608 639 840 852 935
12 16 41 78 94 257 400 606 657 687 722 915 934
12 34 352 410 692 734 748 771 777 778 835 924 974
13 5 138 193 265 292 373 409 485 515 615 641 697 810
9 27 120 160 198 405 698 722 822 985
5 107 314 421 437 710
5 397 680 740 828 872
11 22 29 81 116 204 208 347 727 825 851 887
13 5 97 152 228 277 375 522 523 587 645 761 842 893
4 497 521 833 976
7 27 412 432 570 736 823 878
10 120 127 152 211 460 463 588 595 625 859
12 10 134 149 153 156 218 308 316 412 760 785 918
14 25 41 140 262 300 323 335 621 672 698 735 806 848 999
12 28 40 432 667 678 766 797 914 931 939 940 948
14 15 89 111 117 145 168 275 289 339 369 417 502 585 757
9 131 149 172 433 464 511 625 655 850
8 64 138 156 353 625 722 834 904
14 11 88 126 202 273 290 374 440 486 529 590 722 729 812
14 52 90 121 153 211 234 264 307 317 734 817 858 871 917
9 49 63 190 387 477 560 692 798 954
7 150 199 350 522 759 896 939
14 8 47 172 235 276 482 501 507 510 608 719 896 904 983
10 77 309 349 531 622 646 673 711 907 996
10 135 275 324 386 456 488 651 658 808 819
11 46 98 152 277 493 639 664 719 738 756 787
11 64 137 321 542 559 567 599 605 632 846 863
10 158 170 273 306 326 411 585 606 727 736
13 185 191 246 419 476 604 620 652 656 691 877 920 972
11 63 169 275 440 511 597 844 915 953 976 997
9 107 132 453 568 630 720 841 915 961
12 104 113 161 446 453 499 532 562 645 709 729 769
8 21 466 708 741 771 897 933 980
11 95 144 262 617 695 706 767 807 900 918 930
8 82 476 583 611 736 751 887 993
8 171 487 490 495 703 824 887 938
8 47 56 218 290 359 387 578 698
15 1 44 53 336 346 397 485 523 742 784 816 834 895 900 916
6 397 449 509 754 780 793
7 26 139 534 574 797 805 907
9 164 351 491 525 536 600 822 925 944
9 169 288 411 577 588 649 747 821 881
7 271 376 475 601 686 701 827
10 126 142 407 483 568 612 664 683 892 931
8 111 312 349 352 474 651 697 943
7 96 163 449 847 947 971 983
8 204 233 330 589 592 831 929 981
10 23 126 496 570 615 694 726 808 826 993
10 17 417 470 605 641 666 685 750 758 838
11 5 77 301 310 397 436 445 471 666 748 796
16 50 76 124 243 316 357 361 364 426 695 698 716 811 848 890 954
11 28 82 131 188 371 432 526 719 720 867 983
9 151 400 486 685 750 756 822 842 974
5 389 762 893 963 992
17 19 34 133 257 362 426 633 663 677 736 752 763 796 826 858 939 999
14 61 78 284 320 339 351 367 435 661 710 738 812 841 964
9 4 306 310 330 366 455 462 731 843
9 91 92 100 103 247 662 741 834 958
10 150 265 312 316 410 477 567 643 961 965
3 498 649 870
12 24 233 263 386 665 703 747 755 769 871 881 975
13 45 215 239 363 373 417 434 478 479 642 740 794 858
11 42 169 186 197 212 312 316 561 677 681 818
8 46 260 376 542 580 646 807 996
7 7 84 222 248 333 647 796
13 84 273 310 332 367 373 445 460 551 606 790 889 911
9 179 200 248 314 518 584 638 704 822
10 28 109 293 335 359 413 541 553 804 853
13 60 250 265 444 464 477 547 585 607 631 639 832 923
10 2 72 487 508 520 626 677 716 744 990
14 35 110 148 211 265 298 327 395 621 627 738 743 792 826
17 11 52 162 256 468 474 614 641 738 775 805 876 937 941 976 979 994
7 233 253 340 558 568 888 937
10 84 267 448 474 486 488 680 759 826 921
18 182 198 252 263 334 396 407 453 516 525 527 570 579 586 591 765 802 877
9 117 187 246 328 371 583 714 717 931
9 84 379 393 617 630 645 688 890 918
6 18 58 270 575 663 885
8 4 186 465 728 746 871 878 918
10 183 394 396 423 473 489 671 818 849 893
12 18 32 57 130 179 266 323 386 405 497 539 847
4 360 458 634 843
13 94 162 166 191 249 434 463 615 659 758 794 941 975
8 97 192 196 245 407 460 478 719
8 42 71 205 518 524 664 713 897
12 212 236 462 577 579 636 789 809 830 846 863 907
7 5 58 194 245 248 377 536
7 212 226 290 542 568 600 829
8 153 181 237 363 373 532 669 797
7 34 177 371 454 632 746 894
13 42 102 225 285 339 418 462 507 829 866 921 929 997
8 333 407 421 500 516 554 835 877
6 4 487 589 776 971 978
10 11 13 31 38 340 439 492 573 772 872
9 46 147 245 378 483 491 662 909 977
12 133 165 233 361 391 394 486 569 781 947 956 965
9 366 455 497 520 670 818 927 965 980
13 77 285 335 350 376 494 504 542 549 805 882 886 918
11 20 151 155 173 405 486 566 643 739 762 819
6 45 70 74 147 495 707
6 38 291 633 674 912 926
8 249 299 373 425 528 574 698 982
14 19 216 280 294 376 383 415 504 520 528 662 670 741 759
9 1 107 297 528 540 550 571 774 954
10 43 78 238 303 335 356 746 759 815 909
13 57 206 211 266 302 397 508 525 528 698 722 941 989
9 81 122 179 239 324 605 683 700 739
11 39 369 386 461 472 476 770 831 836 844 926
8 51 412 437 468 477 654 806 988
9 20 222 598 610 775 913 945 955 964
11 5 53 184 267 434 511 635 861 932 954 991
9 30 44 139 153 268 355 463 769 824
11 66 138 239 381 459 469 613 789 877 926 936
7 40 201 432 635 643 839 859
9 172 388 392 424 438 632 674 697 826
9 70 294 366 372 507 535 588 731 926
7 223 306 553 579 642 684 919
11 60 368 375 388 414 554 669 744 792 877 917
5 42 829 914 922 974
9 209 240 472 605 639 725 821 866 965
5 121 126 287 355 761
11 97 312 483 492 569 616 666 899 937 979 990
16 39 43 227 317 345 373 390 473 488 494 502 504 553 568 643 727
8 48 85 233 277 403 464 512 757
13 79 125 292 306 441 613 614 714 716 821 943 962 996
8 35 38 52 337 376 711 821 942
14 39 46 115 138 257 337 340 364 387 406 495 531 553 868
17 25 239 300 308 324 443 532 647 717 753 778 827 829 889 903 910 992
9 125 279 293 385 513 522 609 686 996
10 39 44 167 262 730 865 939 942 947 968
12 193 338 361 411 428 541 558 612 632 750 772 989
7 54 329 476 640 708 806 944
10 19 225 241 288 292 315 469 566 702 960
10 31 287 293 399 482 494 597 606 792 889
14 58 230 302 361 377 381 424 498 599 694 783 795 865 923
10 10 98 109 262 439 461 743 832 912 973
3 72 500 832
5 67 216 398 406 687
7 122 203 208 565 710 725 800
6 109 206 343 351 771 866
8 156 251 318 504 727 737 761 813
7 42 250 272 469 725 887 982
9 56 68 89 214 225 749 772 795 810
13 54 185 243 317 503 602 626 726 797 836 928 968 984
10 2 4 62 404 414 478 512 656 914 976
15 43 49 141 279 347 392 398 423 467 468 697 708 753 818 988
12 125 194 312 404 437 481 584 692 824 876 955 980
12 281 403 520 530 585 772 782 827 885 902 907 959
8 12 14 223 228 699 716 832 834
10 15 226 362 539 570 609 729 857 977 993
8 116 202 461 501 545 589 868 901
7 223 398 401 445 448 658 911
14 93 107 133 259 289 299 423 441 464 561 601 916 931 955
11 272 357 386 420 549 552 693 734 787 916 959
3 115 387 541
10 101 223 272 321 474 532 565 566 730 737
8 106 195 231 529 694 705 844 904
6 137 198 245 765 843 874
11 55 170 189 256 365 452 619 648 680 828 836
16 89 105 236 253 346 508 523 526 545 561 643 702 786 815 820 945
11 102 436 447 462 523 553 909 937 945 954 973
8 78 247 366 398 450 526 801 939
6 3 185 687 750 852 868
11 47 196 252 381 383 592 622 688 728 835 963
9 3 55 109 223 250 251 294 634 851
8 10 110 397 531 568 707 917 938
12 30 157 231 358 392 457 547 612 659 764 773 902
10 113 173 291 297 300 381 520 679 733 813
11 183 327 352 392 406 433 580 684 718 742 782
9 110 190 352 365 562 593 645 860 917
6 89 288 309 375 839 987
5 31 101 184 810 900
11 0 48 223 365 659 690 741 782 820 857 923
6 93 322 468 571 595 719
5 140 326 454 582 937
11 45 177 327 347 530 535 538 770 777 830 877
11 21 165 336 351 654 697 702 749 753 918 968
10 34 73 381 523 586 589 595 698 850 854
14 2 111 261 285 291 309 496 513 589 713 892 929 969 978
11 132 166 281 346 475 488 627 738 901 975 995
8 377 510 536 595 612 710 865 891
9 34 165 231 235 285 299 539 589 627
8 3 146 262 265 385 515 587 639
5 21 230 446 531 781
11 38 46 97 132 338 466 543 566 847 928 937
18 89 112 114 237 372 429 442 446 526 554 560 664 707 823 876 942 976 988
14 223 277 304 324 329 363 379 424 597 604 761 864 966 972
9 1 169 337 415 442 483 648 811 816
8 6 88 414 655 660 937 978 999
11 129 164 296 342 442 531 559 717 763 908 926
9 243 278 412 447 541 576 724 779 781
6 39 63 232 529 744 997
7 328 562 620 653 820 834 886
10 268 436 535 558 604 812 823 868 887 933
11 22 224 317 318 328 401 427 759 768 804 813
7 91 136 243 263 570 686 838
11 143 175 178 182 191 199 213 321 471 812 904
5 21 221 251 500 814
12 117 159 169 232 500 589 595 637 653 702 799 963
4 114 176 644 916
5 24 149 271 352 799
5 35 175 695 770 947
6 299 378 544 573 777 780
15 24 161 210 248 264 419 496 677 710 713 749 797 903 979 984
9 15 183 193 208 282 324 329 465 602
15 10 218 225 346 402 465 611 661 694 903 904 923 944 946 947
15 73 87 99 122 150 322 388 458 481 551 611 730 845 909 963
9 46 289 330 360 519 854 867 920 985
12 49 208 274 344 396 431 457 463 651 661 852 899
13 112 186 419 440 521 571 615 808 840 906 935 940 942
9 115 212 539 689 822 858 862 961 975
8 131 305 446 520 634 738 828 979
17 88 133 139 154 301 450 470 481 488 540 548 611 676 681 757 930 968
13 146 351 354 365 391 442 459 499 526 788 789 887 929
8 1 159 263 386 784 801 811 861
9 5 311 476 571 607 788 833 925 943
13 77 170 217 222 251 293 294 413 543 558 899 962 998
7 5 373 447 467 553 740 981
9 110 113 121 184 454 457 587 762 880
7 55 102 253 533 664 810 947
16 84 188 298 308 392 412 529 562 628 645 656 741 926 933 945 993
8 18 91 93 113 230 352 445 719
8 109 128 512 594 609 681 931 983
8 95 168 191 327 719 845 926 990
14 13 167 191 224 243 262 320 358 470 658 864 950 956 989
15 101 190 328 350 354 397 434 449 565 577 655 758 786 845 956
7 17 99 186 246 447 935 971
10 3 358 403 440 473 597 716 779 826 996
7 294 471 473 536 781 922 996
4 98 185 388 578
10 28 81 153 293 326 400 647 761 845 941
10 2 346 571 628 637 842 860 868 907 990
7 179 458 534 659 670 954 968
7 90 342 537 899 928 929 984
6 205 517 610 647 770 855
17 40 60 156 162 209 251 288 358 377 510 532 535 563 635 718 842 912
13 87 101 222 241 380 383 441 604 693 715 736 791 888
17 46 230 304 425 525 536 566 568 675 712 810 814 879 892 902 923 943
12 30 85 95 97 209 424 539 661 734 818 919 990
7 4 107 132 408 440 690 950
9 100 137 360 420 494 696 703 722 829
16 138 220 336 388 422 461 463 464 502 549 591 725 781 789 924 995
8 275 522 539 644 687 752 831 832
11 104 297 318 356 359 479 661 782 809 938 988
8 69 227 274 371 435 585 746 883
8 168 180 182 620 669 906 915 962
8 45 54 92 543 648 674 697 838
6 235 271 301 442 501 518
9 42 51 56 269 287 437 447 874 951
8 49 279 441 501 682 786 958 996
8 20 35 52 150 213 457 714 866
8 217 296 452 697 707 764 770 857
7 155 172 276 486 804 899 986
9 8 129 304 377 502 592 726 781 794
11 11 174 206 349 370 435 448 499 756 812 814
7 231 328 349 415 418 943 983
5 298 504 677 844 930
6 82 327 354 357 451 594
19 10 117 124 205 208 321 347 371 438 546 604 637 782 838 888 901 919 949 956
8 348 352 473 524 584 650 790 806
10 147 160 275 354 464 673 716 756 821 882
9 68 159 197 262 359 499 731 774 922
12 42 179 234 364 459 654 687 697 738 833 928 933
13 45 63 114 321 449 476 532 548 599 611 929 982 989
15 25 127 194 205 307 358 460 484 548 582 616 646 736 910 921
7 30 151 159 428 622 673 743
15 94 155 160 243 257 332 355 505 761 849 874 877 882 953 992
13 129 142 191 243 255 379 415 535 612 649 676 762 891
4 312 348 390 799
8 216 278 496 527 604 708 821 977
15 25 130 194 270 330 353 397 470 535 630 684 698 743 790 869
10 97 247 283 327 360 528 570 727 939 984
16 128 179 208 229 356 419 420 431 489 533 577 606 661 744 780 807
8 40 154 194 353 392 676 855 899
8 76 239 274 308 481 548 568 849
12 18 132 161 332 433 440 495 578 593 669 810 938
4 131 326 577 661
12 213 264 280 504 569 571 704 789 886 889 893 980
6 238 322 538 827 871 981
13 54 83 143 151 322 497 512 705 738 781 800 926 955
4 46 291 608 981
12 39 154 247 301 489 556 642 707 731 845 848 884
9 50 197 205 414 427 469 634 802 972
11 76 83 92 495 594 609 659 890 924 944 962
5 242 321 451 572 921
14 71 85 89 148 173 295 329 342 460 536 617 660 835 993
11 14 327 504 505 564 604 701 730 884 910 919
10 32 93 360 399 423 467 478 586 605 822
9 22 159 343 398 436 474 525 634 875
12 39 77 85 89 393 467 470 483 487 675 866 880
11 6 46 149 170 221 434 561 615 646 718 746
12 167 221 270 483 495 514 575 603 749 800 903 967
11 358 391 425 505 535 544 659 692 696 849 860
9 4 13 82 251 418 565 734 975 982
9 53 182 223 285 290 311 507 775 843
8 200 233 305 306 503 593 708 837
12 40 107 387 446 451 507 627 696 766 802 828 863
15 51 133 154 213 231 327 446 554 561 599 792 816 874 941 993
11 471 540 649 654 661 726 738 887 911 952 957
15 54 201 257 303 413 416 488 513 520 594 626 661 771 796 988
11 97 195 202 250 284 298 313 324 598 635 772
12 102 219 221 252 282 389 515 574 641 702 726 803
11 158 213 231 312 388 453 475 505 554 582 697
14 23 73 83 234 297 341 382 420 517 595 605 632 663 780
8 332 476 583 688 701 702 738 816
12 2 92 293 302 331 536 570 642 688 790 798 941
11 91 118 376 438 539 650 829 889 960 973 987
6 101 646 670 711 854 870
10 40 94 124 131 370 387 547 840 847 920
14 64 203 268 369 433 493 709 717 725 770 828 830 905 933
11 152 153 214 375 442 489 614 615 891 894 899
9 157 211 354 427 551 642 677 812 957
10 42 82 117 389 411 709 719 726 803 912
12 19 99 120 153 359 372 487 514 610 624 825 959
8 330 433 462 703 743 754 795 963
12 15 21 216 260 312 370 631 656 723 725 741 992
10 14 15 166 315 390 506 670 743 789 826
8 235 595 613 667 690 743 783 796
13 15 149 503 518 554 634 785 815 906 912 936 956 959
12 64 186 206 232 258 394 510 728 870 879 917 968
16 19 34 172 202 285 453 454 535 584 662 758 793 815 840 887 983
4 286 295 758 918
11 50 71 281 282 512 626 736 740 781 862 919
7 48 124 252 417 479 727 985
13 67 82 166 203 240 417 434 440 542 563 698 704 825
10 29 71 195 196 227 248 286 796 874 965
13 44 297 300 364 394 420 496 631 742 759 788 835 935
9 240 252 284 287 338 403 427 530 660
12 138 147 293 521 522 657 671 707 721 736 826 908
9 131 270 299 469 533 553 631 729 850
14 6 13 77 180 284 383 457 506 572 744 856 867 875 884
9 193 251 254 262 291 319 422 521 535
8 63 94 270 288 340 426 683 685
12 108 234 267 298 314 438 442 617 630 635 656 852
8 77 122 157 161 481 797 959 984
11 19 81 176 436 487 494 583 638 813 850 976
13 21 88 115 213 494 518 622 674 697 762 807 893 914
13 12 77 153 289 353 387 388 594 673 682 731 776 903
10 185 196 199 240 391 434 485 675 729 807
9 12 83 123 142 188 510 645 872 918
9 82 92 431 582 684 760 859 936 981
9 3 144 496 522 581 619 632 665 748
11 42 134 336 499 639 645 682 738 916 936 960
10 281 335 342 433 477 499 560 813 826 997
15 78 102 116 271 285 377 391 641 650 719 750 755 788 805 983
9 142 212 340 398 409 675 752 793 895
18 30 88 92 115 128 149 244 395 419 520 567 573 609 661 674 741 751 905
6 45 586 630 774 839 868
10 35 144 197 337 478 503 543 547 647 932
11 69 90 124 129 152 333 584 592 662 686 875
11 113 161 207 262 280 371 515 675 796 797 909
5 6 121 229 926 980
9 103 213 294 497 561 787 802 835 891
9 263 530 605 658 706 711 896 948 991
9 139 161 190 194 204 545 721 803 890
3 330 621 678
16 25 129 190 263 357 412 446 567 574 587 605 696 727 844 875 983
5 409 835 901 935 963
9 155 209 422 551 653 738 750 831 891
9 51 87 107 134 180 241 543 717 749
13 47 63 153 181 323 335 364 439 524 609 840 849 872
12 141 144 233 256 268 329 364 450 455 503 515 929
11 5 80 328 339 521 559 704 764 805 892 898
12 149 295 343 406 465 585 622 662 735 817 850 882
12 122 240 319 365 371 434 448 497 883 898 902 969
12 141 172 193 195 247 300 398 466 473 481 602 790
8 15 103 316 437 440 638 731 768
10 106 122 346 353 434 440 447 815 845 992
9 97 373 399 406 477 729 761 871 954
9 101 106 235 704 705 847 918 944 960
18 0 33 64 65 76 132 192 252 297 407 478 607 784 789 845 849 900 966
15 164 172 178 188 315 372 392 403 422 549 564 575 729 737 951
11 160 314 395 415 586 627 635 643 658 672 738
8 4 28 79 257 450 722 752 778
7 178 221 545 658 700 760 875
10 232 403 422 434 573 592 725 826 867 935
14 150 174 254 354 398 402 533 582 718 759 882 895 923 936
8 171 173 441 566 571 605 709 797
6 31 107 125 432 452 736
15 153 164 195 390 395 408 520 589 676 724 791 861 921 955 995
14 70 101 110 118 397 421 439 490 499 699 744 801 927 949
4 266 406 636 736
8 30 372 384 413 497 694 713 721
9 20 29 85 434 600 659 662 805 918
11 54 68 157 339 413 431 466 549 631 640 683
10 37 39 135 217 247 383 483 693 761 926
8 94 243 326 409 411 535 688 920
10 144 171 215 309 538 604 621 623 728 899
15 129 214 282 294 399 584 585 604 607 668 669 778 868 917 927
7 326 606 613 670 772 809 924
11 42 75 88 350 351 564 566 579 777 793 931
6 117 282 320 748 771 948
12 25 55 230 236 299 373 542 682 726 884 899 968
10 180 267 299 330 353 605 702 759 837 905
11 32 118 407 422 442 535 709 774 847 890 917
13 27 268 358 385 398 402 421 553 828 838 884 976 978
10 6 20 106 172 179 314 474 483 551 867
10 141 161 213 265 466 617 697 821 832 900
9 128 264 319 443 505 621 632 811 870
6 77 81 359 540 547 816
15 221 309 338 354 491 502 524 550 578 637 710 824 850 881 977
8 157 292 715 735 791 846 942 995
4 212 433 520 720
8 433 461 496 532 574 742 753 978
15 235 299 367 411 461 618 643 715 797 843 853 904 922 964 971
11 37 41 78 140 405 444 471 474 475 750 968
22 43 195 302 336 341 370 429 430 478 503 529 569 586 608 771 790 834 836 845 862 908 979
21 1 88 109 137 252 317 351 365 391 394 402 410 437 514 639 645 693 701 819 844 936
7 82 271 281 575 598 706 993
12 76 187 220 315 362 535 621 661 684 699 840 865
11 32 135 173 275 393 434 468 512 683 763 985
12 0 12 141 285 333 360 496 540 607 839 866 993
11 20 120 162 387 407 477 581 633 820 873 940
16 23 45 56 236 254 266 302 351 393 394 465 489 515 666 709 839
10 151 179 263 276 404 475 681 718 896 993
15 212 214 216 240 274 337 360 421 450 693 839 845 869 914 978
7 154 425 527 641 872 883 935
8 95 432 463 707 758 825 834 871
10 1 76 92 178 248 632 643 841 869 990
13 58 210 212 238 323 324 383 538 568 663 835 870 871
11 187 217 244 253 275 394 770 861 886 895 915
7 100 178 281 391 602 810 837
15 65 72 252 290 453 493 505 513 674 792 856 889 927 959 994
10 188 239 388 400 442 489 507 760 842 929
10 284 311 323 537 539 563 670 704 750 995
8 185 278 405 635 644 708 783 795
12 57 58 101 329 347 449 580 653 687 878 942 964
12 116 201 245 347 602 606 650 700 706 770 845 940
9 5 21 83 123 388 497 696 864 985
10 51 523 617 624 656 715 765 878 918 940
8 193 235 245 277 357 538 668 823
6 108 233 259 472 492 681
8 139 240 289 515 764 781 794 990
12 13 38 92 110 291 312 586 626 699 842 871 885
8 134 162 177 268 430 431 598 758
9 0 83 112 117 187 341 663 814 986
11 38 109 138 235 268 444 510 543 584 660 988
10 43 95 150 179 268 287 566 585 598 954
11 8 10 105 231 232 390 440 548 651 867 910
17 59 211 392 411 424 474 611 734 765 793 817 824 862 925 945 975 984
14 172 244 314 316 475 591 592 638 643 821 824 873 899 914
12 19 98 135 172 200 437 475 567 702 799 828 955
9 139 159 168 309 356 633 807 896 998
11 75 239 251 297 316 592 613 636 693 820 826
11 76 223 255 325 432 518 643 715 755 768 873
9 10 134 146 458 641 694 808 889 956
12 106 149 254 255 286 392 565 626 801 925 947 980
11 71 98 100 182 315 423 432 466 495 496 548
19 69 206 329 432 441 467 468 499 542 555 646 665 722 775 812 846 906 965 998
13 55 61 134 158 242 290 331 512 563 579 738 802 821
12 47 85 95 135 370 395 439 538 608 641 659 931
14 88 110 171 314 375 397 433 565 670 725 736 828 905 958
10 88 270 350 486 569 591 744 753 828 842
4 516 667 736 983
12 173 233 239 301 361 392 507 608 785 830 894 907
9 49 160 562 618 786 840 855 870 991
18 1 70 121 148 214 316 318 412 423 561 618 639 691 722 822 869 992 998
6 291 506 682 698 847 966
9 30 64 365 561 608 658 691 941 963
12 45 79 100 122 125 279 479 579 623 635 759 903
11 62 96 119 316 340 362 595 681 897 940 998
15 51 100 149 206 239 326 534 679 704 804 851 914 923 970 991
11 106 299 308 337 440 450 624 648 680 685 852
7 62 407 529 587 633 634 999
11 67 121 427 563 681 692 734 828 830 835 921
6 3 120 148 458 562 979
9 21 52 336 449 572 588 595 848 940
8 124 149 160 267 362 363 543 684
14 62 126 153 302 310 318 474 545 670 743 831 916 947 972
12 74 205 230 296 353 368 430 438 474 527 756 987
11 36 107 123 306 379 391 409 455 624 662 825
10 86 161 526 535 658 763 795 806 874 890
15 58 240 281 288 369 370 407 475 510 524 666 707 742 851 957
6 118 163 224 225 551 612
9 20 49 177 274 276 551 654 855 887
12 42 149 268 280 427 525 577 592 609 666 713 724
14 9 170 322 345 375 388 433 513 564 711 835 918 970 978
13 27 124 129 149 167 283 304 313 512 672 744 758 917
12 293 313 319 329 425 449 533 626 694 734 756 825
12 343 357 484 524 578 653 726 731 743 764 866 927
12 49 117 142 321 323 450 481 533 592 692 905 957
5 96 132 186 725 905
5 65 523 567 815 958
8 49 207 262 346 366 463 499 787
11 27 43 56 137 541 544 578 581 640 788 833
11 150 171 249 306 349 437 476 504 698 938 971
14 0 155 205 326 449 503 526 630 640 661 712 821 893 926
9 318 340 434 768 779 785 854 861 915
10 30 209 328 377 388 440 459 638 799 980
8 101 118 480 611 805 852 934 990
5 261 330 822 837 994
8 17 93 111 274 345 363 471 825
3 234 723 878
12 96 123 129 174 194 238 326 373 406 429 679 965
12 36 236 355 358 389 629 648 671 707 889 917 928
16 14 35 48 155 269 355 368 559 604 677 679 729 752 796 862 874
10 35 64 186 187 204 456 509 687 913 924
10 111 286 387 427 499 506 547 666 729 904
16 2 7 67 101 132 264 315 502 559 589 607 836 843 957 961 994
10 78 186 188 212 240 498 513 656 729 926
10 13 101 296 443 496 683 703 797 861 907
8 128 129 130 132 298 617 736 858
8 45 183 218 247 433 490 548 682
7 0 174 202 354 380 562 599
9 50 153 192 210 216 614 707 870 882
11 58 115 154 182 262 290 430 554 780 794 909
9 246 299 356 403 505 507 573 675 823
11 66 259 488 616 696 797 808 864 865 945 988
14 142 202 220 262 294 297 319 347 358 413 421 436 498 966
14 4 19 24 67 113 207 255 264 312 332 540 567 652 721
10 1 260 451 602 780 860 874 935 950 997
10 8 202 305 414 446 457 477 733 824 933
19 107 176 208 237 265 269 333 451 617 638 669 747 762 774 807 828 939 985 988
11 130 239 325 426 438 536 691 744 836 894 968
9 94 157 181 217 511 547 664 737 890
11 53 90 114 124 351 419 475 661 781 837 933
16 16 25 211 243 273 375 386 463 494 732 734 737 779 797 909 951
4 229 319 511 988
6 177 186 381 401 495 682
6 4 285 714 756 923 972
12 17 95 193 335 375 426 524 541 698 885 917 928
14 239 290 291 301 465 474 529 646 689 744 783 828 914 938
8 124 180 268 398 411 836 895 938
6 130 427 581 872 917 982
9 92 233 338 385 423 500 501 566 575
6 19 180 639 799 887 972
15 8 94 143 149 153 187 244 356 422 604 689 782 918 922 983
13 118 144 212 324 329 345 532 588 639 748 774 817 876
7 475 557 676 709 808 953 983
8 3 308 689 752 817 873 984 999
7 555 579 591 687 728 837 949
11 10 99 157 220 243 559 601 678 701 726 847
10 53 216 389 522 525 558 780 871 914 998
9 20 47 212 370 629 716 874 947 988
10 89 179 186 317 324 379 483 485 678 862
10 58 196 219 247 482 492 530 596 659 812
14 4 262 351 451 476 491 624 654 846 861 876 902 911 932
8 313 398 417 503 606 817 940 965
10 165 182 252 320 473 478 566 671 701 851
12 125 159 182 211 264 404 417 464 551 565 826 879
11 53 85 373 383 468 509 536 669 730 840 887
11 57 70 99 114 149 192 264 301 446 697 729
13 3 122 148 304 433 479 584 588 613 704 711 775 966
12 37 74 101 176 222 298 332 762 784 820 865 890
9 130 200 236 242 258 304 404 678 757
5 311 357 493 722 882
13 120 229 373 402 533 588 641 760 785 803 852 895 929
11 66 128 328 383 430 655 660 751 789 801 853
8 18 104 318 398 435 551 637 684
4 5 217 785 978
10 68 112 252 299 303 502 711 854 947 970
9 5 63 256 302 427 506 511 691 832
14 4 14 101 112 143 417 476 486 557 601 611 725 749 853
7 90 195 453 823 851 907 941
12 368 439 511 550 717 720 727 777 779 808 855 953
7 201 291 329 367 403 692 732
9 61 102 331 362 796 807 883 934 957
13 93 173 286 347 376 415 463 569 638 814 894 956 978
12 42 54 95 174 271 390 415 464 756 808 884 918
10 101 204 314 374 399 433 460 607 739 896
7 35 209 245 383 490 590 652
13 19 38 68 142 493 554 569 573 609 644 753 822 866
12 73 119 177 204 205 208 225 406 525 697 791 889
7 45 587 703 731 849 907 939
10 101 268 467 479 557 754 780 833 968 990
12 73 190 280 376 402 467 470 502 507 673 721 851
8 196 302 322 651 739 780 900 970
10 3 249 284 310 326 364 635 813 878 945
12 38 200 204 207 225 330 344 487 493 605 701 933
7 20 562 608 961 965 990 996
15 9 56 160 213 254 655 660 704 780 865 908 937 944 960 974
8 136 327 435 461 464 754 852 927
11 53 161 290 324 530 623 637 716 856 919 927
10 67 114 410 622 639 704 728 778 808 853
5 69 179 558 579 740
15 8 15 170 231 392 448 454 537 707 714 730 747 779 949 986
5 318 614 668 703 788
17 27 55 213 220 263 285 296 313 414 415 522 553 796 801 815 850 931
14 3 53 75 133 146 314 330 380 383 404 420 595 666 750
9 28 54 92 160 299 416 454 564 962
13 6 20 95 242 397 415 438 525 586 664 693 877 890
13 27 49 307 433 477 481 485 596 816 848 907 924 971
14 155 176 249 310 373 387 502 588 675 728 740 910 968 993
8 136 261 340 696 846 856 885 927
14 21 61 232 233 239 290 466 516 579 616 681 845 950 967
11 4 70 157 193 207 294 500 727 906 961 990
8 139 151 344 416 470 569 870 924
7 98 151 337 531 603 617 677
12 30 74 109 236 317 337 810 854 870 902 968 969
5 148 291 534 611 784
12 60 103 312 360 424 456 528 539 614 618 670 995
10 11 431 482 483 617 692 761 790 931 986
8 3 185 368 703 732 904 926 927
7 55 219 272 655 681 716 783
8 8 40 97 382 414 425 436 989
11 50 190 292 363 390 600 710 788 808 828 893
6 414 486 599 773 906 993
12 7 340 456 489 497 563 691 764 767 807 821 914
9 38 43 44 704 734 801 900 931 970
8 96 170 326 349 460 473 505 751
9 97 206 208 323 399 674 749 987 995
3 247 258 656
6 14 521 560 697 709 832
8 57 103 297 360 374 513 721 892
9 95 342 353 356 411 678 700 783 968
13 53 116 141 157 330 368 425 445 665 802 836 886 892
7 81 127 439 469 490 922 937
12 108 191 238 309 315 345 490 664 673 809 946 957
16 137 140 262 327 360 399 452 486 594 662 728 736 741 815 838 994
7 112 408 470 672 732 821 924
10 225 258 285 427 575 599 683 703 792 910
11 93 362 393 467 515 539 584 696 838 966 974
13 27 52 95 146 209 369 434 483 552 554 600 797 939
4 158 411 511 513
11 30 75 98 328 371 443 472 477 573 651 783
9 88 143 308 332 338 688 801 865 966
14 85 125 140 149 186 399 431 445 467 471 724 827 870 940
10 226 269 452 588 674 706 767 845 910 977
9 35 58 103 196 247 366 369 434 714
12 50 90 291 317 334 475 548 651 718 816 837 882
7 91 154 257 261 375 745 893
12 26 185 214 273 489 521 659 691 735 770 835 990
6 68 86 294 325 804 957
7 286 333 371 454 667 719 898
13 51 71 235 465 593 641 646 724 742 759 854 952 993
5 55 536 587 762 996
14 0 19 219 225 385 453 506 700 723 811 818 856 885 958
9 135 203 289 325 501 563 757 760 801
9 20 43 215 252 574 597 620 826 863
10 55 171 247 342 360 456 526 628 680 685
6 21 28 355 724 756 784
8 51 178 251 380 399 401 485 498
18 109 193 199 259 310 319 410 477 562 648 803 825 880 910 928 929 946 978
7 215 312 354 463 574 597 824
15 82 232 235 265 270 299 303 325 326 373 436 513 542 672 810
15 84 121 129 347 376 390 410 497 635 663 695 752 761 882 884
10 81 104 330 446 462 662 666 688 866 953
18 12 52 70 111 212 246 541 607 634 716 721 737 785 815 896 912 968 999
7 87 368 475 632 837 890 945
12 3 75 76 148 440 499 502 524 605 663 838 903
6 41 344 480 650 670 863
8 415 457 603 678 693 767 768 791
13 115 144 272 302 415 539 567 840 869 885 887 929 952
12 21 123 129 259 334 343 416 451 478 495 617 667
10 6 8 106 355 521 565 721 745 955 979
10 40 399 504 636 661 738 804 867 952 968
9 22 50 287 292 364 592 634 763 786
11 12 127 141 273 363 373 449 627 644 754 774
12 264 316 365 372 377 533 609 729 822 849 853 860
9 239 294 300 406 555 686 868 934 946
13 81 89 96 230 283 338 522 614 704 746 758 768 933
11 21 41 382 558 561 571 631 668 766 813 891
12 3 20 194 488 520 522 699 747 829 862 958 976
10 33 100 185 489 656 721 770 912 946 954
11 89 239 249 441 458 487 491 611 620 699 994
8 276 364 369 419 484 529 545 740
10 70 133 359 411 437 527 637 846 906 940
16 26 143 195 297 367 436 494 575 732 767 781 814 825 851 906 959
7 75 79 359 489 656 882 899
7 69 155 222 376 676 725 993
14 28 164 189 269 289 453 523 557 737 761 828 831 928 988
9 1 103 190 331 332 413 642 663 927
8 237 548 553 556 708 742 822 999
5 199 266 344 767 859
11 55 483 485 540 578 624 648 695 745 808 969
12 29 47 173 319 491 507 582 618 701 943 964 972
10 180 263 412 434 442 470 607 668 762 893
12 22 74 161 183 232 409 472 505 824 825 871 963
9 1 60 77 228 662 691 696 762 905
13 267 319 323 383 455 534 610 638 695 773 797 821 866
18 30 71 141 172 203 273 278 289 329 363 424 568 589 629 719 856 896 975
14 31 40 63 77 128 132 204 297 351 484 512 547 781 953
8 175 407 436 460 679 681 745 776
10 133 401 454 631 653 751 888 930 975 982
12 69 313 331 434 558 565 595 692 788 819 860 864
10 4 26 159 186 203 225 328 331 420 468
14 62 87 267 341 527 590 603 619 637 759 781 834 894 911
16 93 304 351 389 396 451 488 569 597 600 625 677 713 820 868 914
8 25 183 306 396 741 810 905 928
7 60 380 435 454 644 714 725
13 126 192 212 278 308 355 444 499 521 531 602 954 992
11 59 158 172 296 322 452 689 730 738 874 946
12 58 336 339 404 421 440 555 629 714 785 881 991
11 32 82 165 207 230 427 622 819 837 947 957
9 50 152 334 380 503 569 577 868 941
4 264 513 916 917
6 111 205 230 409 502 704
12 102 151 277 546 602 645 706 709 736 904 965 978
8 20 263 428 431 456 471 840 988
13 9 77 96 151 175 254 287 560 599 620 664 740 850
11 26 102 154 216 336 386 581 734 934 960 981
10 195 262 317 403 441 646 741 852 869 871
14 11 49 52 78 110 200 248 250 339 371 650 697 765 835
7 57 78 429 581 721 796 954
12 0 355 381 409 536 592 630 664 671 680 720 953
15 28 31 44 45 132 267 400 475 483 572 751 769 782 868 888
8 342 519 653 756 823 888 892 943
11 217 406 502 643 651 657 738 833 955 981 992
16 146 165 168 268 336 342 402 478 508 579 686 706 778 800 825 886
13 74 170 280 325 328 339 419 506 558 737 832 892 958
14 34 54 149 167 298 350 383 581 612 743 812 854 886 912
11 105 190 346 414 557 600 609 635 738 780 783
16 45 58 176 356 365 395 398 522 524 526 568 675 798 863 864 908
9 5 156 182 233 313 567 602 708 981
12 11 83 142 288 308 364 393 506 590 822 855 882
7 543 582 619 636 684 776 993
4 194 538 949 975
15 18 29 46 180 265 320 466 491 505 543 625 717 748 791 943
8 18 40 390 428 648 828 943 970
18 37 54 61 81 263 291 349 355 405 408 478 480 528 635 714 919 941 983
14 167 182 398 541 543 664 687 726 742 745 861 873 884 995
20 52 82 97 98 206 238 289 306 325 331 369 385 399 476 672 708 724 728 940 944
9 4 125 133 586 593 868 890 944 975
13 2 12 33 88 244 349 601 609 682 716 749 824 930
12 59 84 129 199 247 342 373 635 705 718 873 910
11 64 195 353 430 499 651 689 737 779 813 815
14 20 97 162 292 297 341 343 344 495 506 727 955 972 979
13 0 96 144 218 299 357 407 479 504 540 548 755 982
7 647 671 691 699 737 756 896
9 105 116 131 271 317 677 758 902 967
10 68 87 539 602 679 795 849 881 944 970
8 29 76 368 418 554 734 921 983
10 169 203 230 318 386 579 627 740 779 786
10 75 79 157 189 371 385 432 451 605 826
8 61 373 574 626 700 722 828 925
9 81 269 372 400 522 556 662 887 992
9 154 172 203 430 479 588 761 825 919
5 65 341 591 598 674
8 87 371 471 744 848 849 964 969
14 52 79 281 287 496 505 546 585 657 723 745 818 979 998
10 42 150 239 571 654 760 764 811 967 990
10 75 109 252 347 348 444 461 504 677 746
15 48 100 129 131 221 353 403 420 486 651 703 771 843 871 990
13 2 39 367 401 450 573 654 757 865 904 952 958 990
14 35 147 167 213 257 293 395 412 618 662 687 753 798 829
11 16 80 125 245 294 363 539 570 652 693 695
8 81 216 437 498 673 822 963 969
9 193 278 389 459 506 624 757 806 826
6 101 184 456 466 719 774
8 41 323 678 808 897 902 947 969
7 60 624 644 668 684 690 948
7 221 393 471 514 668 677 930
6 25 58 87 138 722 966
12 5 134 202 228 261 278 336 447 454 648 680 956
9 29 59 166 326 418 433 759 931 944
6 120 157 169 174 327 416
5 193 623 696 783 790
13 130 288 374 421 539 554 674 765 777 790 861 965 966
7 98 136 321 475 569 845 947
6 119 364 699 732 897 988
8 29 202 229 417 581 774 887 931
10 29 154 400 415 600 725 858 862 883 889
11 8 217 254 514 543 581 602 742 749 860 892
11 65 229 299 330 532 537 559 591 593 597 728
18 122 210 217 255 268 280 306 349 459 542 684 698 703 809 815 934 987 999
8 174 195 199 270 285 553 722 956
11 7 161 344 452 548 620 631 641 728 773 993
7 64 241 397 570 616 657 973
10 39 345 481 514 573 576 664 709 919 963
8 186 252 276 482 673 749 844 890
4 52 180 379 510
9 240 242 353 371 511 603 622 701 808
9 112 139 240 268 304 343 397 574 862
13 92 286 297 332 392 433 618 773 774 839 869 946 949
10 263 406 428 589 668 734 890 918 972 983
6 97 144 160 324 449 637
5 65 347 372 417 466
6 88 109 280 459 532 909
8 161 169 341 452 498 747 895 955
13 76 81 91 326 344 352 377 522 583 604 720 823 939
17 41 66 115 170 230 361 377 404 431 527 534 543 639 696 848 929 931
7 47 332 729 761 809 945 950
9 26 225 227 295 468 515 552 909 991
5 165 306 318 725 955
10 188 241 407 473 574 604 625 642 654 967
7 101 309 323 379 476 632 990
6 328 339 381 573 659 881
8 94 221 279 488 649 672 845 941
11 66 98 124 371 389 410 516 822 851 953 991
10 3 40 135 158 286 498 764 829 853 963
10 60 90 299 363 365 469 539 583 624 910
15 51 74 236 472 534 555 581 585 600 622 691 766 788 809 966
11 9 20 112 270 416 634 781 798 808 846 912
11 30 169 198 246 264 302 448 615 661 705 852
8 77 214 241 425 653 757 916 923
14 45 82 220 223 281 338 475 562 727 829 852 862 897 901
9 167 194 221 362 370 594 678 742 846
7 20 224 264 281 462 584 684
12 131 186 345 347 394 509 604 635 664 742 781 923
10 64 214 324 331 426 608 646 846 937 943
8 46 390 466 554 556 564 867 959
11 89 106 123 172 265 653 756 833 848 906 992
6 51 125 434 701 710 895
8 186 199 219 439 470 570 704 981
16 8 68 146 151 152 287 296 424 467 476 513 624 636 696 955 976
16 31 67 79 93 237 314 483 517 588 675 689 731 763 805 929 967
9 37 212 220 457 533 580 723 796 899
13 62 138 173 427 466 467 538 660 694 740 845 901 979
13 34 340 351 444 497 505 518 659 684 694 725 753 897
15 74 81 97 100 141 254 343 355 370 402 470 566 655 750 764
6 69 154 174 305 643 952
18 2 33 185 238 323 336 422 468 478 479 491 539 548 622 687 735 751 872
11 12 114 117 145 154 267 333 679 761 806 812
6 112 202 336 481 491 883
7 73 134 269 385 495 687 934
12 95 162 163 175 269 424 578 629 726 844 956 988
7 36 242 289 511 591 724 818
9 44 64 84 175 219 433 444 703 985
12 29 118 190 312 353 379 384 446 491 503 648 719
8 134 170 185 433 525 540 549 632
11 322 420 448 517 542 557 646 665 710 893 922
9 2 75 222 273 285 422 635 638 666
8 15 140 197 374 438 440 442 790
12 27 236 335 347 387 436 482 567 669 715 895 955
7 15 57 82 445 859 953 974
10 6 15 35 79 258 262 450 460 479 983
10 83 108 184 321 431 525 759 884 908 994
9 56 134 183 283 383 434 786 832 922
17 233 250 252 257 308 394 397 433 442 454 611 644 775 804 824 867 952
13 0 53 112 428 475 563 610 683 809 813 816 864 931
10 72 107 211 335 396 421 484 558 879 925
9 40 77 308 493 608 755 797 818 954
13 25 106 293 301 319 387 397 590 675 747 755 877 938
9 43 204 356 362 390 427 604 716 873
10 34 191 488 499 565 580 592 684 805 855
12 27 189 235 360 489 516 573 598 718 810 812 901
8 94 431 574 579 600 675 806 887
9 204 234 334 514 577 615 651 727 979
7 261 300 482 501 581 731 851
7 15 357 449 599 610 653 697
3 176 199 278
7 46 81 88 237 528 778 904
7 38 140 367 690 841 985 986
8 196 258 319 537 675 701 779 895
10 14 137 241 406 447 514 527 563 737 774
11 237 349 433 466 522 561 679 778 789 812 998
9 53 112 323 655 667 729 936 941 972
8 213 251 455 534 701 729 846 881
11 156 161 207 436 534 570 597 642 760 970 987
11 117 146 166 277 316 438 506 588 663 696 924
11 78 234 357 402 423 465 672 817 845 907 949
14 153 177 189 220 258 374 415 676 704 711 722 739 916 984
10 297 442 445 483 669 718 790 943 954 968
11 86 334 346 425 446 482 531 613 615 643 974
16 13 46 87 105 305 395 444 446 460 559 694 718 759 903 909 994
11 33 120 366 387 443 550 828 898 899 956 963
7 439 467 471 556 737 741 850
12 184 275 293 324 352 498 522 537 560 708 910 978
7 315 357 376 383 401 877 889
5 98 173 212 554 563
10 55 101 118 139 144 202 293 607 849 875
7 37 105 453 456 519 594 963
5 5 264 346 566 847
7 8 245 316 659 963 988 995
7 68 87 427 709 747 803 864
12 124 287 293 390 403 531 572 646 662 685 731 992
10 23 271 391 443 583 778 830 909 923 948
11 2 19 308 313 357 419 422 585 662 737 843
8 104 174 460 547 610 653 669 913
9 23 124 219 304 447 632 725 727 893
18 34 61 62 168 220 240 325 347 501 552 567 669 752 777 853 897 939 956
11 13 99 263 285 700 722 723 945 951 953 993
11 92 154 160 304 333 449 472 521 589 778 875
14 77 103 310 381 421 498 541 570 607 665 739 786 791 939
10 14 207 294 337 379 385 678 910 921 996
9 70 205 264 389 630 632 723 726 779
11 35 80 106 304 363 513 622 647 693 837 886
6 116 337 481 540 584 703
11 64 372 403 447 549 573 795 819 840 860 995
10 21 48 49 380 441 469 586 664 697 745
11 59 111 487 766 776 812 825 887 914 967 990
5 7 389 391 650 872
14 148 235 243 260 279 300 337 414 419 467 685 823 872 976
9 60 64 198 397 424 593 625 927 982
7 177 206 285 384 812 824 852
8 174 193 264 391 563 615 746 766
9 154 230 232 318 364 486 666 871 996
15 22 44 49 183 223 232 431 524 619 714 760 858 938 960 963
9 26 336 373 420 478 507 508 695 705
11 236 272 345 475 612 623 683 684 818 936 950
11 50 66 112 174 258 481 527 580 590 608 867
8 216 355 433 597 729 843 938 979
12 121 131 187 233 377 532 543 794 799 871 883 969
13 154 291 313 465 609 637 644 659 741 807 874 891 987
8 2 4 24 92 178 325 563 703
10 127 162 262 339 345 664 680 727 809 969
4 14 136 523 885
13 22 41 145 171 363 442 467 488 548 559 624 704 897
8 28 56 57 272 447 514 975 979
10 9 64 179 180 226 369 495 712 811 868
12 46 144 192 196 346 415 421 504 521 547 550 712
15 39 60 103 105 124 203 348 366 396 410 456 503 553 585 791
12 13 21 143 265 285 313 349 599 736 753 785 945
5 55 234 335 413 975
10 17 100 117 291 311 406 491 748 891 977
9 21 145 255 288 431 553 633 837 844
11 95 161 199 232 264 403 488 546 811 815 883
11 29 268 310 416 523 608 613 636 866 951 988
9 67 242 466 473 751 847 930 938 964
13 127 134 139 142 216 247 250 306 378 412 513 526 619
12 5 123 407 415 449 506 598 599 610 619 688 900
10 170 211 260 289 521 547 659 687 705 965
16 73 117 205 240 260 290 388 450 573 659 669 797 822 937 938 967
8 60 239 283 700 740 768 925 932
15 41 70 102 179 249 417 477 604 618 625 771 777 797 846 988
4 137 375 563 930
10 14 59 220 247 289 336 538 542 595 677
9 28 516 583 676 717 781 831 953 959
9 27 236 253 353 384 402 443 537 944
8 139 345 367 369 403 434 863 906
11 98 99 148 187 201 211 215 597 633 816 929
12 62 192 270 302 512 548 549 849 904 908 925 929
15 41 48 81 156 188 298 539 590 639 796 887 890 962 976 981
12 23 41 236 439 454 456 487 493 564 643 683 738
12 98 109 132 257 324 332 485 580 711 736 804 863
6 152 156 212 236 428 453
11 71 151 242 264 282 692 723 734 735 816 869
11 67 158 232 310 396 597 738 739 747 771 935
11 136 186 187 247 466 534 594 665 798 888 919
8 232 634 659 676 680 708 790 948
14 72 122 156 228 232 246 473 495 560 577 710 766 775 960
6 41 380 418 767 883 946
8 0 285 407 557 602 733 790 867
7 20 251 266 537 611 798 906
6 275 398 543 888 924 957
7 325 651 669 672 760 827 845
11 56 293 555 581 663 698 721 805 841 888 934
14 47 77 130 137 187 259 395 464 680 707 720 848 869 973
13 136 173 179 306 406 468 671 724 743 795 800 821 840
12 122 251 252 285 345 472 584 770 782 832 872 887
11 325 338 499 507 525 583 634 649 710 951 977
9 84 276 478 509 653 679 726 760 974
11 174 180 340 345 361 449 684 817 934 991 996
10 1 159 333 369 396 597 717 904 947 969
7 57 85 237 525 596 612 998
7 10 151 243 272 310 606 939
15 80 190 225 233 341 384 485 694 763 785 806 872 878 880 904
7 82 136 431 453 692 755 925
13 85 122 123 146 352 475 520 564 596 714 774 928 983
11 7 213 397 484 535 569 638 642 769 774 808
9 8 318 611 746 757 801 822 897 929
18 26 156 170 203 239 259 346 419 432 540 591 609 615 631 664 672 869 990
10 205 391 615 691 755 763 766 909 912 960
8 488 503 577 593 625 735 747 865
8 8 72 119 253 431 512 608 998
10 55 213 309 495 546 552 692 743 791 863
6 162 187 333 784 954 996
8 29 79 145 597 638 841 870 958
13 23 87 109 206 237 320 466 697 700 733 739 915 920
11 36 56 98 171 212 362 422 679 821 899 939
8 121 176 296 427 644 921 957 981
13 25 119 205 215 422 430 442 503 576 584 659 714 874
14 17 98 148 230 238 433 492 671 743 756 824 854 908 915
7 59 123 173 304 378 473 515
11 73 244 305 307 367 717 724 730 820 939 977
8 128 168 290 320 550 700 744 900
17 6 49 72 78 249 282 347 371 383 480 553 555 736 748 791 842 965
8 170 230 260 298 361 466 556 868
8 31 234 350 437 455 539 834 859
5 279 462 602 618 859
7 197 333 496 627 781 865 910
18 6 135 172 212 270 326 463 534 539 544 560 687 715 776 832 880 924 931
5 132 157 251 290 621
19 11 96 148 250 258 265 445 459 516 591 596 612 648 757 759 760 802 897 968
8 137 380 482 488 709 799 805 959
11 80 154 293 342 394 483 707 724 752 818 882
16 61 74 176 247 312 324 435 438 441 609 623 651 686 732 783 888
10 10 15 98 449 517 525 635 681 843 871
10 206 268 406 428 451 617 627 737 880 895
14 22 50 90 151 155 254 255 276 596 652 891 903 959 973
5 56 117 218 370 537
10 243 469 475 483 487 559 756 862 961 971
9 21 40 81 215 490 556 664 689 781
