200
2 125 197
3 49 77 88
4 106 144 146 191
8 115 45 55 63 81 94 141 149
1 21
3 6 137 150
4 5 146 168 175
3 30 40 108
2 155 166
4 122 126 133 139
3 110 142 186
5 38 114 153 158 170
2 120 39
2 128 180
4 133 141 147 164
5 78 80 150 154 195
4 18 30 155 156
4 35 147 164 166
3 16 61 143
3 68 75 106
4 34 55 69 198
6 4 55 72 137 162 181
2 163 187
4 89 109 113 179
3 121 29 43
2 183 186
4 50 80 193 198
5 118 66 81 99 150
5 116 118 65 96 144
4 118 124 24 195
5 7 16 67 163 178
3 118 150 199
9 139 40 85 87 98 102 145 149 181
3 85 95 186
4 20 50 91 108
7 17 135 63 68 154 180 197
1 193
6 125 139 45 80 164 199
5 11 80 82 98 192
3 12 90 93
8 7 32 59 87 90 149 165 179
5 130 69 92 112 148
6 116 131 91 173 190 196
4 24 54 66 108
5 123 78 97 159 196
7 3 37 49 79 87 167 190
5 72 87 93 161 173
2 120 82
4 119 125 56 101
5 1 45 60 71 74
4 26 34 85 112
2 104 112
7 154 79 91 103 109 172 181
1 64
3 144 43 195
9 121 3 20 21 143 159 98 179 191
4 123 48 85 108
3 143 173 111
3 149 152 167
3 40 176 189
3 49 73 96
4 18 72 78 105
5 154 166 108 180 188
3 3 35 162
4 53 186 188 194
4 119 28 83 96
7 128 134 27 143 43 97 113
3 128 30 143
2 19 35
6 120 20 136 41 74 183
5 140 77 90 101 185
2 49 72
5 132 21 46 61 71
4 115 141 60 86
4 149 49 69 85
5 19 133 139 84 97
3 135 113 189
5 1 144 162 181 70
4 15 44 61 185
3 119 45 52
7 15 26 37 38 175 112 196
5 116 3 27 143 145
4 115 38 47 175
2 65 183
3 137 146 75
8 115 32 33 50 56 74 104 106
3 126 167 73
7 32 40 45 46 90 109 112
3 1 169 103
1 23
7 123 39 40 158 70 87 91
6 34 42 52 188 90 192
4 133 41 153 175
3 116 39 46
2 3 157
3 137 33 189
5 130 131 28 60 65
4 133 44 66 75
6 136 32 38 149 55 180
3 137 139 27
2 161 165
5 119 137 143 48 70
1 32
5 115 153 52 88 113
3 51 85 113
4 121 144 164 61
4 2 19 184 85
3 136 142 187
8 7 131 132 34 43 56 62 195
5 127 23 52 87 193
2 10 180
3 165 57 182
6 41 50 51 174 80 87
6 23 147 66 76 103 104
3 11 152 161
5 3 73 82 85 103
5 28 42 81 93 198
1 175
5 27 28 29 31 136
4 48 65 79 101
4 12 47 69 157
5 24 55 105 136 182
2 9 143
3 44 56 90
2 29 129
6 0 37 48 126 146 151
3 125 9 86
2 109 151
4 13 66 67 193
6 124 156 171 172 177 194
2 41 96
5 42 96 108 166 177
2 72 108
6 9 14 75 92 97 164
2 66 197
3 35 76 136
7 118 121 135 69 98 107 144
7 5 21 84 95 99 101 199
2 149 153
5 9 32 37 75 99
1 70
3 3 14 73
3 10 107 147
8 122 18 55 57 66 67 81 101
6 2 136 28 54 77 105
2 32 81
5 2 6 125 84 168
6 14 17 142 113 188 189
2 41 151
8 3 138 32 40 58 74 98 155
5 5 15 27 31 194
4 125 127 148 184
3 58 114 195
5 11 138 92 103 174
5 15 35 52 62 160
4 8 16 149 183
4 129 16 157 195
4 120 156 94 194
3 11 90 184
2 44 55
1 154
5 46 100 114 172 178
3 21 63 77
3 22 30 190
6 14 17 133 37 105 181
4 40 100 111 191
5 8 131 17 62 179
4 45 58 86 181
5 6 146 177 190 193
1 88
1 11
1 129
3 129 161 52
3 42 46 57
3 153 112 191
5 117 6 80 82 92
1 59
3 129 131 168
3 30 161 192
4 23 40 166 55
5 13 35 62 98 110
6 21 32 164 167 52 77
2 121 111
4 25 155 69 83
3 151 158 106
3 70 78 186
5 10 25 33 64 185
2 22 107
4 147 62 64 91
4 147 59 76 95
4 42 45 163 168
4 2 165 55 174
3 38 178 91
5 128 26 36 168 109
4 129 150 157 64
6 15 29 152 156 54 108
3 42 44 80
3 0 134 35
3 116 20 26
3 137 31 37
