1000
15 24 54 59 152 187 261 305 322 420 579 655 819 827 869 987
14 70 136 222 253 368 411 492 516 576 660 727 756 779 795
6 118 242 600 662 695 940
10 31 108 124 316 371 700 710 776 841 890
13 75 101 117 364 455 617 634 664 789 807 844 875 969
13 26 169 351 377 446 454 475 576 599 621 822 948 977
11 117 145 263 348 457 597 705 708 741 832 991
6 234 317 726 864 871 951
7 63 555 615 702 758 955 984
12 96 267 287 321 422 552 613 629 804 834 903 919
9 12 77 243 439 691 828 835 846 901
12 44 60 397 588 617 632 647 718 802 866 907 957
16 10 60 64 71 111 132 136 378 431 468 520 523 600 601 694 798
13 84 190 193 238 284 363 478 500 585 613 675 725 794
11 21 51 71 119 158 402 489 551 562 676 723
10 24 129 225 338 522 603 714 768 853 975
7 220 335 342 406 427 749 784
9 29 117 166 171 236 288 739 831 902
7 30 93 152 469 650 654 781
9 120 160 176 180 499 555 611 841 914
12 78 83 205 238 267 309 310 511 695 761 851 920
15 14 135 148 166 190 369 402 435 488 490 547 562 620 872 904
10 118 187 203 224 365 385 480 483 719 939
13 87 151 268 386 413 460 513 576 734 771 799 822 928
8 0 15 347 410 637 847 919 979
7 149 195 220 230 348 800 894
12 5 207 284 333 477 488 524 693 769 808 923 973
11 96 262 404 489 519 535 631 664 687 714 981
9 85 151 283 348 448 467 521 710 727
14 17 104 119 170 180 238 289 316 392 468 473 714 737 790
11 18 95 107 142 250 429 530 573 672 792 822
9 3 56 57 119 159 252 298 388 672
7 78 281 342 584 686 935 978
9 68 193 688 780 782 795 810 896 905
6 487 499 821 860 870 895
14 197 210 367 450 511 534 714 843 910 913 936 958 976 999
13 42 67 189 216 417 464 510 667 687 789 864 895 917
10 58 205 322 421 473 490 568 626 828 876
6 168 387 588 699 868 988
11 142 190 260 501 517 640 736 762 792 834 961
10 99 193 214 254 336 369 469 555 654 791
7 258 490 686 846 883 924 970
6 36 118 186 229 428 471
12 59 81 297 317 425 454 747 749 765 921 928 995
14 11 95 144 170 219 255 307 308 352 552 568 622 903 905
13 118 302 304 435 459 464 567 574 606 680 741 960 975
9 143 241 250 260 269 385 394 953 971
10 241 296 444 451 669 753 767 815 902 922
11 132 140 240 273 274 432 579 597 617 727 745
4 139 415 450 478
12 101 284 486 508 516 524 533 698 765 931 959 982
6 14 205 279 335 547 601
6 86 151 313 356 799 812
13 76 128 288 374 436 459 568 625 668 689 736 852 964
12 0 62 161 191 239 259 409 422 481 528 645 704
8 148 367 377 478 508 564 590 959
12 31 102 110 227 355 503 607 703 841 874 947 949
11 31 156 460 493 500 660 694 708 895 938 994
16 37 181 223 255 288 348 467 546 600 716 758 792 876 901 954 987
7 0 43 116 182 324 476 838
11 11 12 122 269 340 344 419 496 545 625 707
7 101 362 413 442 562 674 761
14 54 73 92 136 218 221 321 438 530 532 558 706 868 928
13 8 90 132 137 158 195 513 590 606 781 824 828 973
4 12 110 526 573
8 311 567 670 675 679 953 958 963
8 107 193 613 675 753 798 866 988
8 36 139 323 490 499 503 721 891
15 33 73 168 214 221 277 294 390 421 502 585 808 913 946 979
17 119 301 430 547 550 555 596 616 646 649 675 755 774 816 868 975 986
8 1 110 111 408 467 915 927 943
15 12 14 77 122 205 227 252 367 395 426 568 667 911 935 996
9 85 453 467 540 632 677 773 834 866
13 62 68 249 312 374 476 533 684 725 771 843 868 933
9 100 231 445 548 556 695 793 829 854
9 4 150 221 269 280 313 376 459 571
12 53 83 252 319 320 321 345 410 473 585 713 736
13 10 71 149 169 174 369 455 587 625 638 661 800 836
12 20 32 112 190 378 443 521 668 722 724 797 931
14 188 200 495 530 561 689 690 694 807 827 839 854 860 955
8 119 145 297 325 376 667 775 989
13 43 109 121 193 216 435 491 524 611 642 816 835 983
9 164 178 216 304 433 536 609 713 883
12 20 76 122 232 241 251 252 480 556 592 766 817
14 13 172 210 362 485 519 538 609 708 778 808 831 934 960
10 28 72 254 262 467 502 762 829 864 980
9 52 90 143 181 439 603 740 856 898
15 23 95 139 208 220 435 438 561 597 641 651 705 731 836 963
11 236 380 451 476 514 547 577 663 733 820 918
12 90 99 113 203 407 473 554 744 796 855 873 933
16 63 86 89 138 172 246 303 315 387 449 533 717 853 886 949 958
7 216 366 474 629 696 868 881
13 62 325 329 424 522 532 550 669 684 804 867 897 968
10 18 190 204 350 438 462 474 805 844 958
12 280 296 431 457 473 487 512 609 746 765 838 923
11 30 44 87 161 386 396 420 524 711 784 954
12 9 27 312 333 343 437 447 472 558 737 904 981
5 100 119 171 520 960
14 99 220 252 340 394 473 492 565 573 596 890 895 954 975
12 40 89 98 320 329 345 483 545 813 823 872 936
9 74 97 403 486 601 624 670 807 925
14 4 50 61 120 202 330 367 410 662 690 791 792 803 984
15 56 235 304 307 426 495 531 584 729 760 830 840 896 959 995
7 127 232 291 396 492 622 924
9 29 127 301 398 433 547 780 832 870
8 112 221 518 572 721 736 808 834
3 292 296 648
13 30 66 157 302 334 440 462 514 614 640 734 860 915
8 3 209 317 370 441 647 689 919
6 81 462 554 564 857 918
17 56 64 70 181 219 310 334 377 425 687 708 742 757 767 822 835 848
10 12 70 115 211 212 305 471 488 575 591
16 78 105 116 131 168 312 417 447 477 575 735 745 815 852 976 986
10 89 122 184 215 312 359 637 668 739 958
12 199 268 380 396 417 428 574 585 774 811 913 924
10 111 182 218 249 388 628 883 907 917 942
8 59 112 369 439 562 794 804 838
12 4 6 17 166 182 263 349 434 472 590 827 987
10 2 22 42 45 207 320 399 843 908 968
23 14 29 31 69 80 97 124 125 180 294 344 352 379 441 547 556 557 753 769 794 824 885 909
8 19 101 170 210 302 343 448 461
11 81 133 139 294 326 386 557 561 943 949 984
13 60 71 83 113 361 404 468 498 595 691 694 778 802
4 618 749 858 958
13 3 119 222 322 346 387 437 451 494 676 719 771 905
10 119 375 465 507 525 669 716 964 969 994
11 191 285 297 808 822 852 896 917 951 969 984
13 103 104 171 266 378 450 518 574 632 737 792 843 931
6 53 212 242 335 716 925
12 15 208 259 287 314 488 588 676 685 724 886 960
4 188 679 779 883
11 112 133 222 255 293 551 632 803 860 908 918
13 12 48 63 186 354 530 552 622 731 798 879 915 956
10 121 131 168 288 306 423 470 627 881 910
6 143 189 429 513 732 754
5 21 164 225 382 710
10 1 12 62 333 543 638 787 794 912 965
6 63 311 399 715 923 984
14 90 169 214 294 332 367 378 451 468 569 789 898 944 977
10 49 67 87 121 271 358 584 759 869 879
9 48 276 282 450 455 457 491 649 908
13 319 348 481 559 663 709 794 878 905 915 941 946 967
5 30 39 508 807 930
9 46 86 134 321 528 622 826 966 991
7 44 232 281 296 322 662 971
12 6 80 268 439 455 513 555 571 811 826 869 963
10 282 326 407 427 659 777 858 861 890 898
7 336 366 458 508 596 781 992
13 21 55 158 252 378 407 552 627 682 767 789 847 869
12 25 77 200 347 478 479 496 531 538 687 750 980
8 75 154 167 300 452 543 632 821
14 23 28 52 251 333 410 498 531 608 720 731 876 901 965
13 0 18 297 320 354 356 360 385 402 403 448 881 886
9 386 400 418 440 474 501 719 737 772
11 150 169 311 593 658 701 753 756 860 867 911
10 258 423 506 528 618 656 798 833 905 979
8 57 239 392 483 612 874 914 969
6 107 193 295 506 833 874
7 14 63 148 181 197 680 970
12 31 204 346 413 583 647 718 765 847 855 931 949
6 19 192 794 836 839 968
10 54 95 223 274 349 637 662 719 763 783
5 190 478 593 861 922
4 178 430 620 662
11 82 135 198 227 251 272 501 604 706 741 754
9 284 295 321 406 462 622 682 697 784
11 17 21 117 391 441 602 670 716 725 767 845
9 150 195 210 221 328 364 813 876 905
13 38 68 112 133 248 394 635 687 711 771 888 901 953
15 5 77 138 154 240 383 432 449 454 550 640 737 761 764 961
11 29 44 120 186 412 416 455 465 517 960 973
13 17 97 127 271 593 613 672 734 825 828 851 865 961
11 84 90 227 315 646 709 732 768 784 900 915
9 372 491 556 573 758 797 802 857 995
5 77 539 728 745 780
9 361 369 452 463 742 790 942 946 997
14 19 214 236 295 360 422 483 501 513 585 587 718 904 955
8 220 379 514 598 662 930 933 977
12 82 163 182 394 439 467 617 637 878 879 925 977
5 253 421 462 530 927
10 19 29 119 252 331 423 478 603 822 875
17 58 86 110 158 211 283 335 381 390 456 471 480 512 552 635 762 885
11 59 115 117 178 184 193 315 378 544 616 806
10 225 244 268 405 420 441 607 779 908 968
9 113 182 196 340 390 569 596 628 782
16 242 275 376 444 452 505 548 622 771 772 779 807 829 846 871 973
9 42 132 170 199 251 563 573 798 886
8 0 22 328 344 528 628 647 929
10 79 130 232 296 336 582 671 744 912 920
7 36 134 408 498 652 654 957
10 13 21 39 78 93 162 253 354 541 815
5 54 126 226 303 784
9 160 324 370 459 555 578 647 658 737
15 13 33 40 66 81 157 182 202 516 634 683 827 831 879 913
5 449 455 729 850 886
9 25 63 167 264 497 592 646 668 840
7 184 227 741 757 799 820 857
11 35 158 304 397 446 521 564 654 724 853 947
7 164 521 534 636 757 926 937
12 114 186 274 367 372 449 507 514 568 614 693 761
9 79 149 244 250 539 556 666 868 922
7 229 302 481 589 825 949 982
13 101 193 214 330 433 535 596 697 802 845 959 975 988
13 22 89 234 382 418 449 704 718 727 736 789 879 977
9 93 159 260 376 451 464 586 614 956
15 20 37 51 71 231 235 351 356 377 573 706 756 805 936 972
11 466 476 531 611 650 664 719 767 866 875 885
7 26 118 209 461 603 812 997
6 87 129 512 549 792 843
3 108 207 987
7 35 84 120 167 347 387 697
11 111 181 278 404 437 528 730 733 764 780 931
10 111 128 334 438 483 522 652 746 891 991
4 704 754 771 990
18 40 68 138 176 202 284 290 356 357 453 481 486 666 707 741 805 823 832
11 113 336 505 741 761 793 816 820 871 948 970
14 36 81 82 91 498 505 547 571 622 629 703 755 761 932
11 328 362 376 450 451 517 633 639 710 756 777
13 62 115 279 297 385 422 458 470 629 639 733 755 897
10 44 110 238 251 429 486 487 517 609 841
9 16 25 87 98 177 776 837 905 926
17 62 68 75 105 167 226 240 269 315 349 365 449 513 743 916 939 960
9 1 124 131 432 560 632 713 938 973
8 58 161 474 527 636 645 692 789
8 22 234 279 294 443 820 866 888
10 15 135 183 371 401 457 659 847 896 931
7 191 221 322 362 561 572 774
17 56 71 164 172 196 361 404 421 443 553 665 697 708 714 885 959 975
7 365 373 413 486 757 844 884
7 42 201 494 619 778 884 911
3 25 570 772
9 74 205 564 578 586 681 698 748 833
15 83 103 144 188 362 469 579 582 595 608 616 633 668 749 940
14 261 325 329 357 419 449 597 603 649 671 719 815 867 993
11 7 203 224 584 620 647 653 680 836 902 999
6 102 205 470 532 760 800
14 17 88 176 251 259 313 324 404 406 455 540 568 768 959
7 311 344 396 397 480 519 616
17 13 20 29 219 297 314 433 463 530 538 587 608 656 868 891 911 971
12 54 156 296 312 315 356 517 579 630 654 714 945
16 48 169 221 261 265 309 357 358 417 495 536 658 664 854 859 932
9 46 47 83 415 548 573 690 796 948
8 2 128 185 275 367 572 735 814
6 10 256 588 826 829 871
14 183 200 332 381 437 477 570 706 756 804 805 879 884 921
5 470 518 550 641 746
8 90 324 398 483 498 787 910 994
6 582 676 686 715 814 931
10 168 569 593 643 650 680 858 915 979 984
8 73 115 375 485 694 756 767 893
13 30 46 200 272 437 509 607 738 769 782 809 850 925
18 83 151 164 186 219 236 283 313 364 386 391 424 523 565 595 653 808 821
15 31 71 76 83 98 148 180 372 481 542 647 742 749 867 987
8 1 179 190 508 639 671 697 915
8 40 85 367 384 760 797 925 947
11 44 58 131 385 419 470 516 576 662 830 877
7 243 307 332 662 663 905 938
6 364 460 535 657 705 877
9 41 155 364 542 566 569 760 777 973
8 54 129 236 400 475 684 727 830
16 39 46 204 307 317 441 446 501 554 583 679 713 855 870 917 998
9 0 233 240 362 516 599 666 719 726
7 27 85 312 645 687 784 851
7 6 117 307 397 461 722 986
10 195 272 326 453 572 644 724 789 932 958
8 240 514 517 680 764 864 906 993
5 127 369 807 836 973
11 9 20 429 449 485 581 758 820 836 854 975
9 23 114 145 183 309 546 908 947 988
11 46 60 75 221 331 343 386 399 610 617 618
4 312 486 814 912
14 139 171 411 473 513 528 666 700 772 843 865 898 912 926
7 164 250 264 430 543 560 668
4 48 492 535 955
7 48 161 199 357 731 749 882
12 185 242 279 304 376 468 518 535 551 621 857 885
10 140 344 358 364 380 487 581 635 961 966
12 68 306 469 481 501 590 603 643 713 718 746 983
5 211 337 552 590 858
9 51 218 224 275 311 624 678 686 829
13 75 94 479 621 642 708 710 732 761 783 864 934 970
12 32 144 426 439 596 655 671 680 702 757 762 774
8 140 146 502 547 770 817 907 933
13 28 181 251 384 400 419 509 721 734 785 812 926 958
20 13 26 50 165 214 343 378 411 440 506 534 569 583 633 654 750 759 891 967 992
9 126 421 526 616 690 696 712 905 985
8 292 341 362 402 525 631 656 830
7 9 129 351 382 460 491 736
12 17 53 58 133 473 552 575 636 693 784 877 955
11 29 434 649 667 754 757 758 804 912 922 954
7 214 316 454 519 626 647 970
7 103 376 458 583 744 749 948
12 106 286 394 564 592 605 680 702 714 873 906 997
5 131 350 600 637 725
10 68 119 121 138 224 510 700 757 873 982
8 157 165 176 398 454 895 924 939
14 47 94 106 144 188 239 308 319 466 600 661 820 880 963
15 43 80 126 152 218 238 307 493 590 609 618 709 826 930 955
10 31 312 321 351 536 623 774 846 919 997
10 344 440 508 588 594 654 671 882 912 949
11 150 307 336 397 398 453 491 564 772 860 941
6 69 104 309 559 647 694
9 45 107 120 201 372 444 519 701 927
13 90 191 366 394 509 570 580 615 701 782 851 910 972
14 45 82 102 197 275 438 463 474 493 595 636 690 911 944
12 0 111 320 390 472 528 596 622 648 666 892 996
15 133 277 324 342 393 429 449 533 550 570 623 641 657 731 967
13 44 102 256 260 263 297 300 324 354 450 529 832 949
5 44 296 397 588 935
9 20 240 268 301 688 726 798 833 836
9 20 110 401 482 589 638 745 962 989
10 65 137 154 237 279 510 761 884 930 943
10 73 96 112 113 239 262 270 298 528 543
16 52 75 236 251 362 389 404 426 453 460 701 725 785 829 838 889
8 129 238 450 548 754 824 843 994
14 90 172 182 221 239 388 537 547 555 622 639 717 828 849
10 3 29 290 393 442 447 538 694 834 868
7 7 43 108 260 491 637 772
6 331 548 583 706 923 945
10 76 141 296 386 556 576 599 723 742 777
13 76 99 118 152 305 337 362 408 472 668 831 856 939
13 9 62 76 143 165 298 366 419 597 697 784 793 946
14 0 37 124 144 226 458 479 570 650 733 734 763 889 905
12 67 530 548 706 756 788 794 796 810 904 963 967
10 59 192 236 246 306 307 396 675 801 957
10 80 92 233 360 374 413 606 732 862 874
7 121 146 264 430 436 437 616
8 378 449 610 624 648 650 679 962
8 167 187 217 341 636 679 908 944
9 92 99 233 354 381 564 580 662 750
3 101 202 974
11 180 269 318 479 627 712 758 759 824 894 930
7 138 244 256 727 869 875 914
11 26 96 136 151 335 420 467 562 842 859 933
9 107 110 212 372 392 402 555 607 962
12 16 51 128 181 333 355 379 403 752 781 917 982
10 40 147 188 215 300 411 440 632 740 779
9 278 320 371 590 617 667 863 898 953
8 15 451 582 600 631 912 933 941
3 427 587 671
9 60 98 184 486 515 687 795 808 837
8 286 328 463 575 668 780 806 958
14 16 32 306 373 403 481 507 509 531 543 601 684 814 837
11 96 120 269 284 351 391 433 458 520 600 942
14 60 119 187 237 276 299 384 674 690 764 821 867 889 978
13 76 99 348 428 529 582 617 699 835 841 857 949 985
10 124 159 376 391 492 674 746 791 807 993
9 24 149 210 363 437 499 570 708 973
12 6 25 28 58 141 345 415 474 510 535 784 975
12 117 161 221 377 400 548 562 572 595 704 782 801
6 93 293 493 507 776 942
17 5 205 287 298 343 369 406 462 508 515 528 533 648 709 743 811 827
8 44 119 388 391 746 947 955 977
8 460 496 510 522 524 816 866 929
14 132 152 190 307 329 392 467 576 723 735 808 816 879 956
11 56 335 363 387 409 437 747 910 918 922 990
14 52 152 205 214 239 419 425 446 593 778 821 880 962 965
11 214 233 240 274 518 577 701 763 838 859 959
12 139 240 276 503 629 642 719 813 866 909 925 985
7 113 399 415 825 950 961 972
9 152 176 325 428 484 551 568 623 786
10 122 175 227 397 421 510 690 701 816 868
13 61 84 217 226 232 261 286 313 320 549 587 809 939
10 13 347 355 481 533 665 670 798 820 987
9 4 167 251 257 258 276 436 483 944
7 22 221 228 533 588 613 668
13 91 147 303 321 457 475 501 573 614 642 677 744 984
12 35 55 71 101 138 199 242 254 392 473 703 863
12 1 413 486 557 563 576 689 779 866 953 962 967
16 21 40 77 116 175 266 351 458 526 648 664 763 831 924 929 944
10 108 192 384 585 668 684 761 810 832 860
14 3 225 337 387 398 402 511 617 694 700 753 785 913 978
12 173 199 252 302 334 450 491 587 588 768 838 956
8 228 342 498 519 601 675 951 982
7 53 73 325 376 564 662 896
13 125 249 497 522 551 627 659 671 705 720 848 938 966
12 75 80 185 204 217 275 291 346 374 395 402 472
9 5 55 110 205 349 458 474 799 981
13 12 78 127 138 148 182 284 327 381 448 598 702 853
11 119 177 335 393 454 478 519 589 673 845 945
4 88 114 276 714
10 181 244 329 378 471 712 729 863 893 972
13 135 203 287 524 657 702 751 755 844 884 927 953 980
12 169 486 603 607 643 798 802 840 849 857 874 886
11 254 283 344 370 414 542 633 738 868 894 927
9 22 46 152 218 255 436 442 582 926
12 23 95 121 153 251 269 319 499 544 578 616 650
9 38 90 124 210 355 371 645 683 930
7 31 115 315 352 454 631 848
3 313 440 782
10 68 181 184 305 406 562 821 855 936 941
9 166 251 343 346 352 495 532 544 954
10 29 156 334 354 367 497 509 637 773 900
8 306 316 379 415 484 580 639 777
15 46 98 168 178 292 303 410 547 670 682 690 810 813 816 840
10 71 376 506 514 522 641 672 677 854 911
15 95 103 114 237 324 515 543 675 704 740 749 839 852 964 998
16 11 197 237 263 300 308 361 451 513 583 723 778 813 814 831 883
17 104 246 295 300 371 423 442 574 598 627 672 704 759 818 858 890 950
6 118 137 269 359 402 554
9 153 259 283 349 505 560 796 826 974
4 225 310 971 984
16 14 21 152 286 334 371 376 399 422 436 637 685 694 787 790 920
5 100 152 335 342 764
11 27 122 211 227 236 313 519 609 664 713 920
10 183 451 472 618 687 712 731 771 829 848
11 16 165 236 351 390 487 654 668 725 898 990
9 89 146 148 532 555 577 578 955 983
14 70 189 320 412 430 578 600 616 694 726 750 822 974 996
8 54 355 529 586 757 779 810 998
17 24 76 101 151 394 429 486 528 588 640 641 672 727 768 785 846 872
11 1 271 284 336 473 518 594 628 662 771 813
6 170 408 486 526 531 865
11 23 61 159 228 325 368 472 482 500 594 606
7 384 427 508 534 611 746 884
10 49 241 348 359 393 508 709 785 911 924
2 170 961
14 36 112 114 240 498 550 663 671 707 764 831 910 927 974
13 153 203 424 542 620 623 708 734 815 834 851 920 991
14 60 233 255 283 321 356 426 469 643 694 700 778 914 958
7 0 95 183 333 542 614 785
13 37 68 179 227 285 361 427 485 537 548 699 733 975
12 9 54 176 218 402 425 529 720 731 843 859 864
7 133 155 180 398 599 669 806
9 92 251 418 473 476 561 853 970 995
6 43 110 356 422 666 901
14 71 102 281 313 419 454 499 519 565 648 904 944 950 958
15 16 146 339 414 421 431 508 583 723 770 779 803 879 922 989
8 42 114 345 360 581 757 866 902
11 30 134 219 267 306 410 517 598 853 868 914
8 69 163 272 326 408 556 634 766
10 12 94 427 434 564 639 734 804 855 996
8 48 169 222 606 618 651 773 825
9 82 104 202 238 343 616 811 880 925
5 117 289 431 503 780
13 21 45 81 87 452 510 588 610 640 848 916 928 970
8 53 326 364 385 402 621 629 794
17 96 124 211 244 250 326 347 355 467 502 526 575 643 716 781 854 988
10 62 87 93 212 304 462 471 866 878 936
12 10 86 116 145 178 281 442 615 628 676 939 949
8 107 153 284 299 336 389 456 542
8 108 119 166 183 260 454 763 817
14 61 316 385 398 439 466 475 480 695 697 813 819 835 983
6 78 224 227 596 700 893
9 47 185 302 480 790 799 806 883 890
5 74 517 545 681 836
7 5 197 260 356 707 731 997
9 96 112 316 463 476 595 702 774 827
9 28 120 152 378 520 531 532 750 851
12 90 169 194 199 203 221 233 267 306 327 532 550
12 35 49 127 140 217 307 314 372 711 861 948 998
16 47 88 124 138 204 217 338 397 405 572 589 649 695 709 921 978
7 150 175 185 435 594 811 943
13 72 214 264 300 313 456 460 607 608 723 861 898 961
14 5 43 169 290 295 379 388 426 441 652 656 728 821 980
9 4 77 140 145 170 194 236 579 703
6 181 440 453 471 635 833
9 6 94 140 225 366 641 648 752 971
11 147 218 291 322 343 369 377 692 757 778 915
12 45 53 75 192 473 486 571 582 594 625 708 922
13 23 57 257 287 313 353 453 464 477 720 729 790 908
11 120 207 263 512 574 622 686 828 848 881 898
11 93 107 109 165 179 351 438 852 855 921 997
10 175 238 304 341 447 572 644 722 807 864
9 36 45 204 460 530 532 692 743 840
7 125 170 561 618 667 738 932
12 206 296 442 577 622 624 658 676 792 839 909 942
10 28 58 70 72 85 178 333 354 437 736
11 12 29 122 138 275 551 669 810 850 918 932
9 18 40 232 277 419 534 550 931 969
13 133 218 235 245 255 517 668 689 845 860 903 979 986
10 42 111 181 381 438 456 592 685 692 828
11 96 117 305 320 376 405 413 504 521 598 681
19 29 37 76 89 94 98 271 288 367 411 424 459 527 658 743 800 808 953 993
12 91 93 153 223 304 348 377 550 612 737 787 941
10 5 259 366 442 504 513 572 807 898 957
14 59 73 88 206 424 447 479 561 572 605 832 888 894 965
6 26 112 244 460 692 901
16 13 49 55 149 162 180 379 516 550 579 600 632 673 679 891 904
13 149 280 322 331 476 491 502 507 511 607 771 931 976
12 22 83 181 237 442 444 612 651 811 883 900 940
15 54 141 201 214 252 277 342 363 719 826 858 893 898 925 963
6 310 413 573 641 800 832
14 22 99 156 176 212 246 364 484 544 613 643 714 790 814
9 360 393 483 534 730 900 914 960 982
6 84 249 267 421 668 788
15 50 100 214 219 228 270 340 368 383 410 412 459 501 634 986
10 34 94 219 276 406 585 708 710 893 944
6 21 26 111 129 495 599
6 14 27 767 864 887 931
9 21 37 41 67 577 637 903 935 975
14 81 140 173 287 300 317 372 479 527 531 542 781 931 940
12 1 98 103 273 346 516 521 747 752 897 930 936
12 57 297 304 350 498 524 528 596 600 785 791 806
6 124 229 521 712 720 784
11 79 102 240 391 488 555 759 763 781 800 830
11 60 149 353 498 560 635 744 855 857 940 961
9 195 375 392 576 637 827 856 889 946
14 122 151 189 216 246 373 417 493 496 500 727 817 843 962
14 19 34 67 347 386 426 527 546 549 624 678 781 830 831
13 13 57 413 498 563 709 714 718 786 816 850 914 969
14 39 153 164 176 260 277 366 486 533 558 679 796 858 870
10 68 85 282 437 479 600 711 760 773 825
9 56 67 358 434 571 719 827 958 990
6 472 475 590 663 686 718
8 185 215 216 400 554 560 713 967
7 155 157 284 395 803 829 934
10 125 199 342 350 479 529 629 645 903 947
18 50 55 142 147 253 299 351 414 415 427 529 638 662 684 795 837 844 936
8 250 283 303 342 392 718 923 976
15 36 294 311 348 353 361 435 535 616 638 673 843 909 963 986
11 20 35 371 479 651 736 762 772 829 833 940
7 94 181 208 461 614 625 968
10 23 63 134 145 176 221 271 397 475 877
8 88 107 177 199 265 395 895 921
8 340 351 396 529 571 761 783 834
10 1 50 193 255 261 478 492 530 635 637
13 39 170 217 219 239 265 429 445 470 560 601 812 952
16 105 127 245 275 357 411 519 528 553 616 655 748 758 780 849 946
16 27 84 237 290 302 373 379 404 426 518 572 576 906 969 984 998
11 12 97 343 448 545 560 617 720 777 787 830
12 28 78 197 198 472 492 494 689 803 884 893 920
8 15 92 212 353 375 395 573 730
3 12 251 863
12 26 50 81 95 353 382 493 565 575 766 816 986
9 125 286 623 631 701 706 857 878 897
9 64 285 369 412 437 560 604 701 745
8 223 473 491 499 582 751 894 987
16 54 143 155 187 211 271 305 312 351 410 493 518 663 707 817 882
9 307 345 409 422 507 508 515 711 936
12 30 62 79 132 179 238 323 464 516 690 919 943
14 102 149 151 206 342 412 448 491 598 741 779 807 908 915
10 62 92 235 391 407 448 449 464 750 999
13 50 73 90 306 351 363 365 501 628 641 719 789 896
10 35 198 284 414 469 484 683 904 944 965
15 27 202 257 273 275 348 510 541 557 610 651 680 815 825 857
7 82 240 298 776 960 978 998
6 315 421 567 639 670 984
6 84 149 238 316 754 812
5 174 200 549 711 760
6 72 236 548 685 833 991
7 190 535 546 585 603 757 890
16 252 258 384 418 420 440 491 549 566 580 673 760 767 831 942 986
10 136 150 272 312 342 396 578 600 813 858
7 182 386 391 483 558 590 600
4 60 99 445 520
9 58 268 499 541 634 877 917 956 997
16 21 51 69 88 104 119 216 282 315 394 559 585 638 725 819 837
10 74 185 241 314 318 323 349 421 540 634
11 208 362 499 539 542 612 738 772 806 871 988
13 69 92 169 245 306 417 449 469 474 478 831 968 991
9 14 131 275 360 375 468 615 740 988
13 9 44 132 148 181 278 288 594 624 649 685 789 890
6 227 518 626 695 701 794
9 89 109 260 399 505 557 685 689 806
13 8 19 40 69 145 192 315 334 407 495 588 826 982
10 74 83 119 173 200 319 430 673 931 996
11 119 121 368 535 554 588 682 703 742 847 987
10 62 96 501 544 694 741 793 915 932 974
5 141 301 547 674 897
13 222 272 400 496 505 517 520 526 585 705 847 925 978
13 79 87 121 226 424 465 476 594 671 814 929 952 990
12 14 21 61 116 333 349 390 772 828 899 907 994
9 186 368 500 614 618 679 769 868 920
14 55 109 197 231 292 300 329 374 431 593 675 698 898 972
8 98 251 426 524 584 680 835 911
7 258 542 649 670 693 957 966
4 45 65 537 612
14 37 44 53 71 199 236 360 706 712 880 900 911 918 959
8 138 184 248 258 284 655 735 958
9 230 244 303 306 322 347 642 725 998
11 75 145 216 459 503 515 586 704 741 752 789
17 105 226 242 264 349 451 463 475 476 519 644 741 778 783 817 882 886
13 30 64 98 173 186 205 241 366 482 522 763 939 962
5 45 114 127 398 461
6 111 112 288 341 437 524
17 1 5 23 255 319 354 368 497 519 642 662 671 731 733 804 851 886
10 88 357 407 466 490 584 605 841 871 987
9 192 231 386 407 408 543 603 615 773
9 0 48 232 239 455 478 662 670 961
9 303 329 393 542 668 835 846 879 910
7 267 276 428 620 651 734 745
14 188 232 247 338 345 385 459 527 612 624 704 760 801 863
11 159 260 284 291 318 397 427 586 824 837 939
9 32 102 139 234 565 577 701 721 739
18 13 68 76 114 176 370 487 541 547 560 613 654 699 784 808 852 863 979
8 204 231 409 571 583 652 833 870
14 77 176 238 339 362 372 604 638 654 813 853 891 969 999
14 11 38 129 243 299 308 365 372 410 435 555 557 647 735
7 201 310 379 451 675 713 959
11 55 63 117 277 278 297 337 504 544 616 620
2 111 796
9 83 195 292 471 593 648 905 948 951
11 154 162 171 248 356 564 592 736 747 945 965
11 299 411 413 452 459 552 561 644 693 761 953
9 122 232 251 304 349 447 824 979 986
11 69 98 147 184 202 281 305 443 493 830 840
9 6 48 87 233 321 779 840 921 959
12 177 378 398 429 472 531 602 691 706 712 840 923
9 5 261 319 423 488 827 839 863 973
20 2 12 58 293 296 338 343 408 478 493 502 543 544 608 820 839 899 970 976 984
9 12 51 100 342 373 517 759 904 918
9 166 598 607 648 742 833 836 838 914
13 15 86 180 207 233 277 383 541 578 698 774 888 959
8 164 526 587 642 828 841 865 979
9 292 476 577 695 713 809 839 914 984
9 45 63 325 413 432 618 662 891 896
11 56 183 250 334 383 453 479 602 738 831 879
15 151 232 238 453 600 624 707 714 739 774 775 806 831 900 926
8 82 84 94 219 297 404 844 909
8 269 327 435 535 624 707 935 989
10 19 81 206 414 741 770 844 903 910 935
12 156 474 480 549 567 582 614 647 761 766 915 958
11 9 13 66 171 365 483 585 635 716 973 989
12 107 199 204 366 420 512 563 612 685 709 798 850
9 8 303 439 551 578 642 746 840 890
15 69 182 232 237 285 326 386 408 433 510 518 590 668 673 911
13 4 11 48 178 269 337 345 371 520 654 656 661 837
14 123 155 269 297 405 432 465 563 606 627 671 683 815 840
6 229 658 661 716 855 997
11 21 163 234 418 581 590 708 802 849 887 945
10 5 275 280 436 624 720 807 838 860 952
13 44 103 132 143 165 185 216 305 315 461 466 647 705
8 298 306 360 418 525 742 925 956
13 100 279 327 466 499 552 582 608 610 621 668 903 990
10 53 60 77 459 512 631 867 916 941 975
9 37 290 553 638 739 901 967 982 983
12 133 148 331 375 398 618 645 694 848 861 894 921
13 115 184 187 411 439 533 640 710 734 742 819 878 952
10 9 91 216 218 358 436 507 695 815 999
3 239 693 969
10 27 286 338 388 525 625 673 816 875 928
11 11 72 127 131 150 222 336 478 744 874 981
10 217 232 284 384 663 757 774 792 878 928
9 4 193 430 486 546 548 704 859 869
8 168 181 276 456 496 516 613 845
9 198 223 288 304 328 691 745 882 946
13 24 113 161 178 293 317 392 402 490 497 516 722 966
9 77 136 310 508 510 547 587 626 766
9 217 218 253 315 393 431 537 661 915
13 39 107 169 410 435 628 669 726 756 828 881 917 987
10 87 245 306 395 410 457 482 533 751 820
12 81 280 358 366 570 576 604 615 661 778 856 933
9 248 277 383 419 437 483 763 844 987
9 264 463 572 594 669 705 805 871 956
13 54 223 262 387 507 627 671 728 756 774 779 792 988
3 69 172 195
17 11 108 159 187 192 234 252 290 301 588 612 622 707 823 834 855 912
11 106 305 327 351 369 426 457 592 602 799 955
10 69 140 233 289 451 552 566 757 777 885
9 18 206 248 322 327 386 669 696 980
10 87 432 480 511 535 581 688 864 902 972
7 189 212 454 586 871 879 933
2 234 251
12 18 40 189 197 239 284 299 406 585 587 617 859
7 0 281 518 569 724 755 813
8 155 238 286 454 617 706 894 922
8 257 306 382 676 721 775 961 991
7 154 192 240 466 473 619 764
6 146 225 375 669 824 864
4 1 57 809 899
8 77 296 617 619 639 642 762 791
21 2 101 144 161 163 177 255 256 329 374 411 508 576 579 606 686 712 736 824 829 961
8 88 141 256 417 504 528 633 933
10 4 27 206 240 369 404 740 762 896 998
8 227 363 704 711 865 871 932 956
8 200 214 261 271 305 425 792 842
11 36 71 80 289 337 465 684 739 804 805 858
21 53 78 113 195 232 272 320 341 365 370 406 470 485 580 616 624 691 814 825 932 941
12 47 92 125 423 468 640 644 650 659 745 746 791
11 65 100 166 363 394 537 566 579 774 906 962
17 188 233 253 281 299 339 375 417 561 576 618 645 691 776 829 921 928
10 30 31 171 395 398 410 687 726 899 978
11 379 478 510 542 556 616 631 714 812 838 887
8 61 344 346 559 740 879 966 981
11 13 65 66 69 324 373 396 564 589 819 898
10 14 124 129 247 439 466 657 847 953 970
6 72 366 395 763 890 907
5 279 499 734 810 996
12 65 130 260 327 328 478 501 563 691 742 798 855
14 45 158 234 248 265 281 292 535 565 712 749 792 866 928
4 231 445 472 691
6 148 165 394 557 744 826
12 193 387 534 618 732 784 831 845 932 963 988 991
11 73 92 259 342 370 508 667 719 729 733 975
11 129 402 471 540 552 554 614 727 862 926 960
9 32 41 247 279 461 504 662 969 975
13 27 36 110 149 168 262 340 405 672 734 791 873 900
3 33 309 651
9 53 79 108 368 470 521 554 749 822
11 79 101 241 285 304 344 361 394 530 707 737
12 10 122 598 636 668 671 679 681 746 894 937 966
7 223 458 464 471 477 725 946
9 26 199 288 566 594 630 791 803 990
15 12 57 79 122 249 301 316 371 402 408 419 558 627 767 912
11 2 20 74 442 451 553 605 629 726 924 940
7 91 285 650 743 774 846 915
8 165 202 210 227 253 321 442 810
5 50 231 564 603 838
5 38 345 421 585 931
10 3 271 294 371 419 443 703 766 800 876
13 154 302 303 313 357 361 525 526 553 584 820 920 973
7 8 281 292 378 382 447 800
6 56 216 367 455 557 700
14 54 203 213 349 396 398 571 582 634 665 866 885 889 945
8 6 87 257 375 560 622 644 725
14 62 164 205 244 318 323 525 568 598 656 941 978 982 998
10 60 214 417 446 528 608 610 647 690 917
12 6 57 84 110 227 280 347 418 459 487 620 795
13 141 172 297 351 415 451 500 614 740 747 884 934 959
11 3 28 135 217 280 487 628 784 879 971 995
10 95 168 450 502 529 539 665 778 804 998
11 285 331 381 405 494 568 598 662 680 756 995
10 76 82 222 260 277 404 505 589 605 982
16 15 27 29 35 227 239 292 380 483 500 608 673 753 760 978 985
7 137 247 828 833 868 933 978
12 58 125 128 166 437 613 619 784 786 928 959 963
7 90 315 749 762 801 853 901
9 11 159 176 203 277 500 504 509 882
14 22 124 153 161 206 233 261 358 481 503 533 684 873 935
11 151 375 422 460 494 520 621 793 831 892 909
7 67 105 283 584 657 732 965
11 78 263 463 637 811 846 853 862 913 987 989
10 14 319 354 397 427 453 750 814 895 935
6 78 129 197 264 655 939
14 13 73 166 293 313 406 547 570 692 705 761 810 844 889
10 7 261 309 408 640 672 695 814 955 979
12 1 28 48 203 259 332 410 498 685 741 911 971
4 174 454 645 793
8 102 194 381 460 684 784 817 922
5 211 484 522 960 983
12 87 132 151 274 306 405 422 446 576 782 797 833
7 134 172 280 325 683 721 964
11 88 211 218 322 421 576 684 782 786 833 882
14 23 107 171 283 322 418 431 581 628 678 687 780 835 969
7 112 242 354 569 588 890 937
14 39 53 76 105 203 287 467 511 593 662 750 764 813 858
9 29 96 127 153 169 192 474 690 807
6 250 384 465 549 607 754
8 17 113 584 608 626 667 910 982
11 86 336 396 551 664 674 709 746 783 837 871
15 6 45 164 196 214 215 531 558 571 572 611 727 803 927 982
12 110 175 252 319 557 602 623 628 679 902 975 993
8 221 351 464 473 696 842 877 954
10 89 188 291 366 496 632 682 840 874 877
12 48 112 174 310 526 581 636 669 784 883 889 927
14 94 212 245 277 346 352 414 615 669 691 740 763 771 843
7 43 355 492 593 709 907 913
3 231 518 792
13 16 43 123 232 252 274 291 396 680 689 717 759 920
9 149 284 329 408 448 532 723 736 938
4 382 527 641 846
8 335 457 492 571 787 928 935 993
6 47 66 119 154 371 714
13 134 164 213 289 314 538 738 758 796 878 893 917 937
9 69 216 218 382 655 888 900 940 999
10 1 154 205 217 244 249 323 640 645 712
14 110 196 198 228 281 289 294 409 428 458 541 633 649 863
11 8 58 173 267 289 331 518 754 881 934 948
12 139 284 331 398 495 601 749 793 799 913 931 964
10 102 235 254 258 502 539 542 582 714 766
14 20 61 169 199 215 216 280 311 370 515 594 612 725 810
10 39 85 181 281 511 661 664 717 921 922
11 161 322 357 369 441 495 573 643 677 746 916
12 169 211 265 344 403 417 658 736 846 853 902 930
5 43 50 94 159 962
7 83 430 524 612 638 700 760
10 47 110 148 166 206 249 489 542 694 957
7 15 172 236 372 410 827 866
6 26 119 250 563 895 948
4 282 427 611 984
11 23 73 124 168 185 213 405 411 479 746 777
13 153 185 230 271 300 317 511 549 562 775 934 962 995
8 72 392 432 502 578 811 824 901
15 69 114 226 281 298 447 603 608 633 645 670 696 804 901 962
5 80 608 657 772 938
6 3 220 350 536 671 952
14 146 217 258 319 393 520 649 771 854 887 916 983 997 999
12 84 122 229 356 397 419 458 572 642 711 784 892
12 1 130 183 185 336 368 409 427 531 597 645 826
10 33 104 174 211 341 434 518 734 882 965
9 18 63 147 335 437 491 495 499 938
9 33 184 250 303 349 389 731 733 960
8 161 280 515 572 740 812 840 942
21 16 95 165 172 191 262 288 321 348 494 585 683 710 716 729 745 778 858 928 952 971
7 283 313 371 410 415 420 493
7 360 500 716 733 808 951 993
7 136 246 402 474 520 752 872
4 323 485 820 842
13 4 36 138 148 203 223 264 533 552 571 886 899 938
8 29 175 402 444 460 483 861 940
12 40 101 346 493 661 669 687 693 797 922 926 952
14 30 39 58 101 127 208 466 633 645 666 680 748 795 938
8 74 215 321 558 720 728 759 913
10 13 116 119 136 141 160 323 436 553 933
6 1 33 340 508 708 792
7 89 241 323 400 501 591 754
7 78 173 254 731 791 912 972
11 12 66 132 155 186 309 363 383 614 679 938
9 23 52 196 377 444 648 759 833 865
9 25 77 235 473 482 495 700 702 947
7 324 349 582 717 832 878 882
6 11 122 173 202 383 620
10 101 131 427 506 521 693 741 810 813 926
12 9 92 116 244 289 431 576 667 711 774 814 934
9 93 205 214 244 644 667 895 935 968
9 182 341 423 444 493 549 554 608 949
13 4 79 100 142 185 266 346 463 475 531 621 737 838
13 26 68 84 105 126 251 340 354 473 585 786 872 919
5 250 362 605 660 908
15 33 323 370 394 409 468 678 697 725 761 803 830 853 889 942
9 114 145 351 433 452 480 722 773 853
10 52 207 283 517 538 673 783 840 884 888
13 99 167 358 394 397 411 442 543 587 655 736 803 907
13 242 247 270 342 397 483 561 668 723 726 804 954 967
11 47 112 190 233 418 535 618 629 828 860 969
13 69 81 215 353 354 361 394 500 524 631 906 937 990
9 83 282 441 498 528 572 729 850 900
2 398 864
6 0 442 547 628 675 882
14 88 196 215 224 267 296 363 600 641 701 788 828 871 977
10 34 150 251 344 356 390 454 909 933 978
9 5 23 30 110 126 180 408 689 960
4 99 214 647 935
11 63 119 314 331 583 595 659 662 773 870 937
8 171 201 359 432 502 535 668 998
12 143 145 243 297 400 481 555 682 779 828 901 925
14 0 79 117 193 351 447 497 503 599 768 854 874 890 892
15 10 37 63 171 315 461 471 562 604 640 715 815 820 826 845
13 74 85 185 243 279 313 405 506 511 662 671 887 937
10 102 255 259 286 495 499 520 596 810 955
17 17 84 193 320 369 397 417 499 542 550 607 608 683 720 862 902 912
8 6 104 214 307 370 476 482 801
15 155 157 231 309 456 511 540 586 602 715 731 733 799 918 974
8 9 39 72 105 316 418 515 647
9 10 81 110 345 442 565 580 734 986
11 77 87 160 234 266 267 309 445 602 876 896
9 220 340 342 508 547 583 617 740 884
15 59 94 116 313 357 372 602 621 673 698 807 880 912 956 995
8 79 160 396 466 599 600 605 979
16 102 195 383 394 464 596 597 598 615 618 744 783 812 861 884 915
7 3 19 56 219 345 577 604
7 333 666 743 788 920 932 954
11 35 73 118 127 208 271 314 422 498 510 746
10 4 93 228 382 508 609 611 643 725 863
9 166 202 379 470 635 683 828 890 943
13 10 41 185 298 410 580 696 722 751 764 982 991 997
7 24 148 159 225 557 560 676
9 110 375 388 405 435 461 627 875 916
5 315 383 518 620 882
7 194 250 468 500 614 817 961
8 20 171 262 303 418 448 576 869
7 53 112 126 396 462 585 920
12 15 90 197 378 424 429 587 717 722 764 810 811
8 74 79 240 267 395 437 777 827
12 89 159 260 390 431 462 496 619 647 679 938 954
4 86 320 497 642
11 109 173 196 275 345 383 496 525 535 887 944
12 123 146 248 278 398 481 501 543 667 736 784 921
8 240 333 357 422 634 654 926 929
11 34 79 107 131 154 300 370 470 621 815 863
8 146 162 450 453 627 790 840 918
6 325 685 722 831 914 961
10 337 367 381 523 582 585 599 757 844 860
14 7 36 85 265 280 422 463 489 651 659 818 884 906 965
8 171 271 412 604 665 799 989 993
15 11 66 72 206 224 353 358 368 428 438 680 704 768 875 947
6 92 154 233 252 344 625
17 38 62 69 73 91 200 238 316 361 384 429 563 715 875 880 929 996
7 0 139 145 148 332 634 851
8 34 104 260 501 586 824 881 965
11 7 185 215 243 549 577 644 652 665 740 820
9 21 99 410 787 808 875 887 906 996
5 89 292 294 687 719
9 56 156 157 325 383 632 744 827 922
11 4 180 206 332 631 848 866 868 872 886 978
9 37 58 151 167 700 836 877 908 927
10 255 257 288 513 546 743 744 876 890 897
8 141 178 438 525 628 633 754 801
14 132 139 178 193 203 244 354 427 580 607 652 674 710 891
6 296 356 433 568 838 868
9 91 133 152 461 640 758 870 910 988
11 274 299 528 572 636 718 733 780 801 819 849
12 41 82 115 130 397 444 480 745 920 963 972 978
12 228 229 244 311 382 414 521 709 812 837 840 864
8 119 181 206 227 275 649 704 988
11 90 129 152 186 194 383 572 576 789 875 983
8 489 620 673 777 829 857 872 904
6 168 224 476 603 755 812
8 313 322 344 497 704 725 745 810
14 3 98 146 398 444 541 552 615 677 735 827 845 877 970
8 67 212 238 284 478 587 606 879
5 305 720 778 827 955
7 249 381 443 481 487 521 754
9 25 331 384 476 527 627 656 691 930
9 34 36 57 98 295 514 723 769 805
11 33 102 126 225 374 533 606 664 836 959 984
6 92 218 492 525 559 877
13 86 138 146 271 337 406 453 461 475 481 564 675 942
6 562 600 660 672 789 955
9 172 392 480 484 568 608 687 755 817
12 10 58 151 168 425 477 626 717 773 774 826 910
9 17 47 234 428 651 742 764 831 981
7 9 44 470 490 507 611 624
10 21 96 176 323 426 478 534 601 887 930
11 33 44 124 141 155 167 220 256 285 322 592
7 265 292 519 670 816 864 872
9 11 115 282 562 677 747 813 930 960
11 118 131 140 183 268 328 460 531 809 876 932
7 119 358 466 510 609 720 821
11 35 133 246 303 355 417 580 611 739 881 901
11 71 154 229 238 304 395 415 565 568 616 727
12 136 188 270 271 289 299 338 647 694 797 831 838
9 35 68 114 193 371 722 747 759 793
10 19 156 332 419 429 484 500 602 605 862
14 70 107 132 141 172 248 253 458 531 558 612 639 696 840
8 221 435 625 763 777 848 936 990
9 36 115 126 260 335 546 640 707 754
9 88 109 131 355 468 568 601 833 861
8 9 24 108 298 530 808 930 963
14 20 188 402 404 418 521 563 701 749 842 852 883 944 975
11 43 244 451 462 514 597 627 671 762 858 997
12 47 162 200 289 355 427 459 656 729 762 791 874
6 26 94 137 318 509 598
7 41 103 114 295 369 415 695
11 100 128 178 250 254 358 433 481 560 623 826
11 198 220 271 283 385 608 685 791 803 859 997
11 70 179 302 382 384 417 741 745 876 972 995
13 23 43 62 435 631 633 671 680 716 752 784 960 981
7 187 353 369 561 859 868 932
12 142 177 297 311 331 387 492 764 894 904 907 919
15 50 78 127 159 211 225 247 469 479 489 491 556 699 759 985
12 216 240 264 465 468 558 665 668 683 842 908 929
12 73 89 177 282 333 338 642 652 663 715 794 821
8 84 280 506 709 758 772 804 975
12 32 71 308 490 610 611 719 723 752 805 823 986
9 35 99 205 390 438 492 508 529 916
10 198 691 735 754 816 824 829 948 975 980
14 57 222 256 375 750 775 781 789 792 798 855 960 972 980
9 22 221 295 320 362 439 573 583 724
10 2 232 480 491 496 511 695 755 790 996
9 141 300 338 390 474 625 668 706 971
9 115 175 343 350 466 542 783 810 898
7 70 121 311 452 530 845 992
10 138 304 328 364 369 426 487 534 857 920
7 239 318 379 593 620 704 992
8 68 141 175 321 497 518 636 692
10 56 197 254 268 352 507 800 866 968 995
10 5 215 241 291 450 592 758 769 937 955
10 56 90 121 159 201 299 307 345 439 806
3 359 398 426
6 7 126 373 592 786 994
9 517 561 621 628 776 784 791 984 986
9 46 65 168 337 368 382 473 594 676
9 58 95 98 289 391 743 814 842 855
14 8 79 176 273 288 297 352 407 648 726 830 892 899 948
9 132 204 354 372 546 623 644 665 838
7 11 189 324 475 566 767 981
15 35 65 90 93 113 123 264 283 341 419 426 503 569 612 980
14 50 55 102 202 227 236 357 568 589 597 603 709 716 896
15 45 84 97 129 170 221 484 536 685 730 782 822 907 928 938
13 39 169 171 276 359 416 453 496 579 657 662 850 862
12 310 327 334 356 368 498 573 670 765 772 774 985
12 65 87 145 296 323 481 510 683 716 883 919 992
7 53 125 396 732 759 971 993
10 136 151 356 476 534 593 721 780 864 870
7 143 276 375 566 637 674 691
8 141 284 306 323 368 505 626 814
8 92 118 160 183 512 550 805 947
13 4 125 126 156 469 500 519 587 630 686 734 815 974
10 41 158 215 280 290 424 435 600 676 890
11 46 144 238 401 457 710 727 784 941 964 986
11 205 303 359 381 564 651 797 883 927 938 973
12 26 63 170 185 222 258 266 347 599 613 701 972
7 330 400 408 417 558 833 969
17 15 45 69 98 202 227 267 348 421 490 625 684 686 742 920 934 937
5 35 112 479 509 600
7 5 138 177 178 203 352 820
14 32 344 371 451 536 560 672 706 714 715 821 875 883 987
11 24 68 155 248 470 585 595 604 726 839 996
8 85 149 382 454 650 937 938 958
8 27 96 377 632 674 902 928 957
13 50 201 294 335 373 484 555 626 706 713 739 741 846
8 81 277 407 442 626 730 777 886
15 8 101 121 126 137 248 366 401 519 537 600 605 770 896 952
6 285 345 358 714 931 962
13 69 112 263 470 486 510 524 542 595 835 935 952 971
13 0 58 117 209 252 363 527 557 577 640 643 722 978
12 38 66 202 268 437 549 551 645 683 881 885 992
7 80 310 427 610 613 722 865
9 213 355 406 503 561 624 693 816 916
9 6 143 212 418 540 550 657 683 846
7 147 284 943 945 963 988 999
9 233 265 346 473 742 752 786 865 964
6 57 125 246 314 562 951
10 43 102 173 424 710 712 772 838 927 947
10 71 305 408 431 556 678 868 872 940 979
12 175 207 292 298 446 462 546 619 777 846 921 926
11 260 396 409 450 519 536 570 664 706 711 825
8 35 234 532 587 629 755 777 992
