200
3 137 153 166
8 9 15 42 62 81 83 110 142
7 31 33 91 155 167 191 193
2 58 136
2 48 115
3 22 74 195
3 37 47 90
6 11 25 41 106 107 158
4 47 56 81 180
7 1 14 53 70 77 103 161
3 54 70 191
3 7 35 182
2 110 113
2 118 126
1 9
3 1 52 191
2 111 107
3 27 138 168
2 118 131
3 23 167 190
5 43 81 151 157 169
1 105
5 5 44 81 129 144
3 19 149 178
2 81 100
6 7 74 105 161 167 180
2 73 88
3 17 121 162
1 92
1 74
1 81
4 2 32 152 172
3 31 69 150
3 2 125 173
2 113 98
5 11 117 93 105 161
4 49 77 92 164
10 6 126 44 47 59 80 81 94 168 170
4 122 139 42 77
1 117
3 110 120 130
3 7 63 79
7 1 38 57 80 103 172 197
5 20 136 54 74 163
4 22 37 78 102
1 97
1 156
6 6 8 37 63 72 184
2 4 87
3 110 36 64
5 142 146 95 180 186
2 156 167
4 15 128 67 105
3 9 72 84
4 10 43 56 84
2 115 143
5 8 131 54 76 97
1 42
7 3 119 128 139 99 100 197
5 117 37 90 175 187
3 148 64 183
3 67 85 177
4 1 69 97 190
5 41 47 159 81 195
3 145 49 60
2 161 164
2 119 169
3 52 152 61
4 109 113 81 171
2 32 62
3 9 10 160
2 113 127
4 118 143 47 53
4 26 149 155 96
6 5 116 25 29 43 149
2 115 162
3 56 155 178
5 9 36 38 152 106
6 44 151 165 86 176 187
2 123 41
9 115 37 42 146 160 95 100 185 186
11 1 8 20 22 24 30 37 63 68 91 92
2 159 99
4 1 125 128 197
3 53 54 156
4 108 134 61 179
4 166 78 169 183
4 111 125 145 48
3 26 135 170
3 111 131 198
2 6 59
2 2 81
6 119 122 28 36 81 196
2 35 140
2 131 37
2 50 80
3 73 182 100
6 124 45 150 56 62 191
3 134 34 152
4 58 168 82 197
7 108 115 24 58 80 190 96
3 115 119 169
1 44
2 9 42
2 165 193
6 121 21 25 35 147 52
3 7 77 197
3 7 16 156
2 85 100
3 68 146 194
5 1 12 40 49 145
6 16 87 89 123 132 139
2 166 196
6 12 34 68 71 121 135
2 134 139
8 4 55 75 80 100 101 131 184
3 74 125 134
5 35 39 59 136 193
5 13 18 72 169 186
5 58 66 92 101 138
3 40 123 175
5 113 27 105 157 164
5 38 92 134 146 183
3 111 120 79
2 97 183
4 116 33 83 87
2 13 37
1 71
3 52 58 83
1 22
3 40 154 193
5 115 18 56 89 94
2 111 155
1 194
5 114 116 122 85 98
5 113 88 137 158 166
4 3 117 43 156
2 0 135
5 119 17 143 152 165
7 111 114 38 58 162 173 188
1 93
1 155
4 1 50 164 178
3 138 55 72
4 22 158 165 177
3 110 64 87
5 109 122 50 80 163
1 105
2 60 198
4 23 73 74 189
3 32 97 175
3 20 78 188
6 31 138 67 77 98 193
1 0
1 130
7 2 132 141 73 76 157 168
6 136 46 51 84 107 172
4 121 20 155 184
3 7 135 144
2 63 82
3 70 80 165
5 9 25 35 65 199
4 27 139 75 193
2 43 146
4 121 36 142 65
5 138 144 160 78 104
4 0 112 135 86
6 2 19 25 51 180 181
4 17 37 155 99
6 118 20 66 86 101 198
4 37 88 191 192
3 68 174 196
3 31 42 156
2 33 139
2 171 186
3 120 150 59
1 78
2 144 61
3 23 142 76
1 85
4 8 25 50 167
2 167 192
2 11 96
4 122 124 60 86
3 115 47 157
1 80
4 118 50 80 174
2 59 78
2 139 151
2 149 199
3 19 62 100
5 2 10 15 170 97
2 170 181
6 2 117 130 152 162 104
2 109 133
2 5 63
3 112 171 92
5 42 58 83 99 106
3 148 169 89
2 161 189
