100
4 27 33 34 36
4 4 37 61 97
3 9 67 81
2 35 44
1 1
3 18 29 34
2 25 32
1 40
3 24 38 71
4 2 61 41 78
3 15 23 68
1 94
3 19 47 55
2 57 56
1 74
5 10 17 35 36 49
4 69 30 76 92
3 15 94 95
8 5 19 20 40 50 80 84 92
5 12 18 45 93 97
1 18
2 84 98
2 66 69
1 10
2 8 38
4 6 76 29 84
1 76
3 0 74 41
4 58 61 52 84
2 5 25
2 16 78
1 62
2 6 99
3 0 59 43
2 0 5
5 3 59 68 15 87
4 0 15 84 55
3 1 71 96
6 8 65 74 24 84 39
2 80 38
3 7 18 82
3 61 9 27
2 80 54
3 60 67 33
3 3 72 84
3 69 71 19
2 57 72
2 12 85
2 59 79
2 15 82
1 18
1 86
1 28
1 62
2 61 42
2 12 36
3 13 84 99
3 13 46 69
2 28 61
5 33 35 48 64 99
1 43
6 58 1 9 28 41 54
4 31 53 74 98
3 75 77 99
2 59 94
1 38
3 22 80 89
2 2 43
3 10 35 69
7 57 68 16 22 45 75 87
1 83
3 8 37 45
2 44 46
3 77 82 93
5 62 14 27 38 90
4 63 69 86 93
3 16 25 26
2 63 73
3 9 30 95
2 48 90
5 66 18 39 42 91
2 2 96
4 73 40 49 92
2 70 99
8 18 21 25 28 36 38 44 56
2 47 91
3 75 51 88
2 69 35
1 86
1 66
3 74 79 91
3 80 85 90
3 16 18 82
3 19 73 75
3 64 11 17
2 17 78
2 81 37
2 1 19
2 62 21
5 59 63 83 32 56
