1000
10 161 167 217 245 463 467 573 645 703 885
6 361 800 807 848 857 918
8 8 17 532 579 642 766 772 852
7 8 127 244 295 636 701 958
9 51 65 180 215 419 772 853 946 986
11 49 301 334 372 476 586 621 674 717 775 776
7 302 463 623 684 790 850 908
13 14 21 71 154 236 306 492 723 752 831 892 946 957
12 2 3 36 112 149 211 248 588 606 728 837 860
6 59 74 144 271 440 925
9 26 276 390 501 656 795 917 929 994
11 91 133 355 510 570 576 628 652 833 910 985
17 46 134 186 259 274 292 301 336 459 601 712 740 858 859 890 903 930
10 95 220 230 248 258 372 487 503 505 666
10 7 65 278 337 392 475 492 582 800 851
8 97 343 381 388 419 515 783 793
6 53 189 641 850 914 927
7 2 125 202 248 362 524 856
17 226 277 284 371 560 594 634 667 670 672 689 712 744 815 838 893 912
10 90 320 327 362 365 403 421 453 501 974
11 34 73 281 309 450 463 524 801 844 847 995
8 7 227 392 433 745 893 981 987
13 206 235 277 305 325 389 484 535 699 782 868 919 960
11 131 227 358 401 540 554 614 640 844 896 906
8 62 159 171 192 469 605 628 899
10 87 228 297 562 648 669 684 707 826 860
10 10 88 252 280 355 516 605 622 710 915
14 77 163 270 293 424 491 532 661 666 679 715 755 763 931
9 123 248 368 508 722 741 806 858 876
5 124 512 823 849 891
10 48 206 504 522 618 750 773 782 785 828
7 235 451 518 527 543 635 984
7 323 522 587 636 749 767 874
7 189 205 394 406 508 546 767
12 20 170 252 289 350 442 569 623 718 769 835 859
10 106 201 403 438 455 479 494 525 607 912
11 8 217 272 337 507 586 699 905 910 927 990
7 46 122 181 206 445 884 938
7 78 261 309 467 475 631 735
15 152 164 201 294 465 519 589 592 597 616 655 735 841 855 980
14 73 90 132 197 341 392 499 717 743 768 777 830 835 948
13 192 276 507 566 589 618 700 788 846 885 920 927 941
6 239 391 448 597 662 739
9 170 194 196 239 261 454 497 542 968
8 136 141 263 303 523 541 606 918
8 71 161 299 346 407 425 489 491
11 12 37 209 276 420 489 542 546 555 638 697
12 150 174 243 398 432 496 543 609 691 783 855 985
9 30 118 158 232 254 297 675 735 886
16 5 108 109 129 238 340 347 368 388 412 426 651 758 782 783 903
12 166 227 389 479 488 512 524 650 803 856 878 901
11 4 156 161 179 183 251 442 564 702 790 809
8 181 190 296 639 687 781 938 947
8 16 143 317 480 501 646 688 987
6 124 145 240 479 613 752
8 190 207 701 749 774 791 834 835
13 205 355 465 521 528 629 740 843 850 864 905 936 958
8 102 104 213 216 280 306 373 988
11 100 122 171 240 365 445 570 687 718 750 926
12 9 99 150 252 261 388 517 664 667 695 971 987
16 61 73 203 268 307 322 323 340 516 655 678 702 703 907 918 968
10 60 102 255 361 435 495 628 629 866 913
6 24 246 393 428 858 960
11 66 78 140 296 441 469 584 596 616 648 915
8 180 202 334 341 392 559 753 870
8 4 14 220 481 550 608 870 922
13 63 316 399 437 483 534 543 570 655 718 910 941 967
6 279 384 696 746 845 911
14 200 331 349 354 459 511 654 725 732 875 920 922 977 985
6 251 261 457 692 795 982
10 109 154 268 487 530 618 815 816 886 966
9 7 45 72 242 489 547 567 585 610
5 71 143 254 713 969
13 20 40 60 158 235 291 328 396 626 627 701 707 721
6 9 172 243 269 429 615
7 124 130 200 256 429 764 888
11 325 337 410 515 656 665 808 814 869 906 951
6 27 89 219 712 752 896
14 38 63 178 185 207 217 256 293 343 607 617 631 790 945
7 136 140 185 266 362 400 513
5 267 709 744 799 808
9 97 237 408 560 808 813 842 886 902
7 99 348 487 549 777 813 874
12 94 122 152 167 360 459 550 575 578 703 751 899
12 86 117 257 300 617 641 668 820 833 870 898 918
7 190 350 687 750 809 930 970
8 84 201 334 481 597 769 784 970
9 25 304 376 486 507 521 632 816 826
7 26 374 465 555 701 899 911
15 77 128 202 262 302 338 468 533 618 623 649 724 737 826 832
16 19 40 122 123 151 259 301 365 395 417 446 539 623 671 798 852
11 11 187 191 234 309 482 613 639 750 936 999
6 217 219 236 355 465 522
6 157 285 599 758 888 908
9 83 311 441 479 487 732 878 882 960
8 13 271 324 369 468 499 726 983
12 320 416 442 514 520 599 616 664 714 823 925 980
15 15 81 149 173 252 329 339 364 707 715 750 798 829 917 974
12 110 130 132 210 226 228 428 584 618 719 771 848
11 59 82 110 506 563 608 636 720 863 902 932
11 58 102 126 236 245 264 288 429 531 712 788
13 112 211 242 300 310 410 613 666 863 872 905 968 994
11 57 61 100 134 139 161 286 499 539 705 933
6 123 272 700 774 926 964
7 57 125 166 298 785 788 966
7 121 360 418 453 597 926 979
13 35 223 318 347 357 391 452 517 578 666 815 868 939
12 123 148 330 333 339 410 412 452 767 779 895 987
16 49 114 152 175 184 282 315 358 360 362 399 437 471 588 904 907
11 49 70 216 244 282 283 497 583 694 780 942
10 98 99 146 172 184 355 528 542 727 915
5 207 292 380 458 830
11 8 101 234 253 261 290 377 536 695 880 992
9 171 231 242 401 415 434 468 737 986
11 108 150 188 226 298 403 495 613 771 852 973
10 122 247 301 304 419 428 444 468 571 825
3 645 663 700
10 84 147 151 497 622 676 772 918 920 944
5 48 135 602 657 702
8 169 331 333 360 686 764 820 857
8 197 211 429 569 650 674 712 738
8 105 249 304 365 404 458 735 802
8 37 58 83 90 115 467 594 787
11 28 90 103 107 213 262 331 624 919 986 994
12 29 54 75 133 215 602 718 841 877 941 951 966
5 17 104 166 539 760
11 100 225 329 388 475 548 570 589 754 797 919
13 3 227 238 268 358 366 435 589 604 647 784 829 881
14 89 138 306 372 377 445 523 529 716 731 777 896 909 921
13 49 160 279 350 368 382 586 606 691 726 769 863 978
18 75 98 201 232 245 270 289 366 468 482 566 647 720 769 843 852 946 985
9 23 150 217 231 235 258 276 406 687
12 40 98 171 382 560 642 666 694 724 772 836 996
7 11 124 175 592 753 763 952
10 12 102 158 229 339 396 634 766 833 913
6 118 296 316 915 930 953
11 44 79 155 330 370 482 546 587 731 769 881
6 224 389 427 451 617 743
10 128 230 277 280 298 317 412 677 789 934
6 102 359 426 449 732 746
14 63 79 207 253 270 347 471 562 675 680 723 805 896 945
11 44 144 351 494 567 610 719 812 827 915 968
12 163 180 247 401 610 613 624 645 748 760 788 846
11 53 72 429 471 540 552 597 683 710 777 872
8 9 141 181 188 457 651 767 814
9 54 177 194 509 527 697 703 866 935
9 110 148 156 247 504 581 857 868 885
6 117 416 588 709 710 854
13 107 146 171 183 217 237 410 417 453 759 853 888 983
12 8 97 239 262 288 303 636 868 917 927 968 981
8 47 59 114 131 677 731 841 924
12 90 117 209 340 399 565 669 763 780 815 833 962
13 39 83 108 158 171 235 253 260 371 510 784 934 987
10 338 439 570 571 703 845 861 875 880 895
8 7 70 161 453 493 525 674 788
6 136 472 491 514 658 814
8 51 146 170 250 339 623 793 815
9 93 247 393 480 693 777 789 834 877
15 48 73 134 152 295 296 342 344 623 742 754 851 858 935 960
13 24 172 183 196 292 498 538 585 594 768 814 849 894
8 129 268 302 412 569 663 887 902
9 0 45 51 102 154 246 698 715 913
11 172 252 498 511 517 531 628 643 732 742 811
12 27 142 164 170 483 604 718 761 841 874 893 906
8 39 163 351 414 560 670 708 733
9 291 336 362 367 464 532 546 766 847
12 50 104 125 193 436 504 614 654 659 682 818 823
13 0 83 299 303 413 425 493 494 556 576 878 881 959
4 326 435 729 921
9 119 372 402 556 611 680 771 824 874
7 34 43 156 163 254 264 961
18 24 58 113 132 148 152 224 296 317 384 388 444 472 487 547 608 637 709
13 74 110 159 162 179 210 274 530 569 579 706 839 967
13 97 385 539 562 574 626 698 722 758 857 864 896 996
11 47 253 404 417 486 490 562 617 800 808 902
13 108 133 248 286 426 496 652 657 660 698 814 839 906
9 183 213 266 300 388 706 761 815 968
8 145 274 284 341 488 591 802 903
7 78 185 410 679 725 975 994
9 51 172 214 252 404 492 627 842 908
9 4 64 142 408 584 623 628 916 926
10 37 52 144 241 443 480 489 530 690 782
8 261 267 352 566 743 757 852 893
12 51 148 159 176 240 270 275 347 632 709 941 981
13 108 110 204 274 451 511 624 657 662 727 775 892 994
13 78 79 178 397 419 442 444 465 472 533 649 745 935
12 12 229 262 321 372 473 493 587 616 693 735 778
11 91 306 325 332 348 352 470 576 716 719 887
16 114 144 239 252 368 375 486 499 520 580 664 682 795 928 966 998
11 16 33 300 434 529 674 695 717 821 841 858
11 52 55 85 209 347 387 388 525 530 540 583
7 91 644 730 892 901 925 958
12 24 41 204 497 526 684 693 754 762 845 982 990
11 166 273 561 611 620 723 758 810 881 933 969
14 43 145 271 340 467 506 507 575 583 733 842 954 974 981
5 208 314 368 471 656
9 43 159 235 266 280 353 404 443 904
13 40 120 228 375 427 552 582 634 708 830 929 959 979
5 439 681 836 943 998
9 390 414 485 587 640 665 746 868 926
9 68 75 476 512 616 810 815 833 937
9 35 39 86 130 216 263 685 838 844
11 17 64 89 213 487 505 570 599 640 764 992
11 60 285 398 420 623 691 821 878 936 942 960
9 184 192 287 293 421 449 505 790 794
6 33 56 233 396 540 599
11 22 30 37 227 258 283 519 575 667 828 870
11 55 78 111 140 208 416 571 702 934 990 998
9 195 207 293 343 364 528 562 742 851
13 46 151 190 327 354 373 488 610 631 665 899 920 988
8 98 172 244 251 548 616 783 880
8 8 101 120 421 766 819 848 878
8 214 232 420 589 646 710 804 897
13 57 123 176 202 395 544 607 722 734 768 780 865 979
9 179 212 265 280 321 328 462 843 942
11 4 124 253 356 374 560 568 657 754 949 955
10 57 109 201 490 498 696 734 741 904 971
11 0 36 78 92 131 148 365 438 695 819 884
7 221 311 416 467 649 759 894
14 77 92 222 275 290 308 353 612 628 637 697 728 745 812
6 13 65 405 608 667 890
5 218 379 434 843 901
10 219 275 356 396 621 781 813 849 934 942
3 106 398 453
18 137 171 261 288 303 392 462 544 585 639 645 661 723 776 808 932 965 990
3 126 762 977
9 18 98 114 627 827 877 882 909 965
11 21 23 50 127 206 326 643 663 744 850 892
14 25 98 197 298 337 373 436 507 511 588 669 739 916 925
4 134 186 526 826
13 13 138 258 368 429 634 636 670 689 856 883 916 954
5 113 131 416 523 919
7 48 130 212 363 593 878 887
13 205 295 325 594 740 782 815 852 853 873 936 940 958
13 91 112 337 359 360 663 710 773 776 809 810 812 871
14 22 31 73 131 152 196 303 426 427 448 690 765 868 874
9 7 92 100 402 405 519 541 755 983
11 81 148 372 495 506 531 551 598 723 760 945
10 49 127 239 292 373 508 520 713 784 902
11 42 43 149 188 238 419 537 700 702 724 935
8 54 58 183 403 519 551 672 995
12 181 263 380 387 468 474 538 591 678 695 872 942
5 71 101 113 639 815
18 47 74 302 368 389 469 536 543 638 644 645 680 683 763 767 807 874 951
12 3 109 210 499 694 714 722 725 751 808 935 963
7 0 100 130 398 657 711 875
14 62 161 262 411 445 499 517 531 583 708 749 840 858 892
12 115 142 146 157 311 438 455 470 623 788 834 932
13 8 13 17 28 175 310 311 318 350 398 422 464 742
8 121 509 558 586 870 904 905 983
9 156 446 488 522 638 649 791 852 953
6 51 69 210 771 971 987
13 26 34 59 97 162 179 188 285 649 763 908 918 986
17 112 140 152 174 215 290 302 354 368 395 598 629 670 731 844 962 964
12 48 72 170 272 276 358 381 432 488 813 825 951
6 61 444 519 645 646 992
9 75 78 393 626 630 730 916 925 952
4 84 706 850 895
11 13 131 206 230 442 470 602 716 769 820 967
9 12 90 279 303 471 537 778 878 916
14 152 350 353 362 493 538 566 624 662 664 822 837 860 911
13 38 43 59 69 112 182 224 606 676 751 823 833 954
14 89 123 149 186 246 334 372 383 556 574 624 745 941 986
11 44 201 241 268 350 462 530 564 592 656 743
13 100 170 372 385 465 468 497 584 772 773 783 841 991
10 214 333 431 609 741 826 834 860 898 904
16 79 176 196 387 421 489 536 562 565 605 610 660 700 778 966 996
10 80 182 303 531 621 667 715 732 741 945
13 60 70 127 160 263 497 558 622 639 699 818 841 858
9 74 288 325 529 542 776 819 847 995
9 27 130 140 183 318 487 695 931 980
10 9 95 194 430 456 494 595 766 873 957
7 36 103 254 286 330 564 669
7 193 340 389 472 654 791 995
13 12 172 177 184 329 413 438 469 601 726 820 845 947
10 183 219 222 356 369 370 560 848 871 972
10 10 41 46 131 254 868 942 963 981 994
10 18 22 138 281 411 573 611 615 804 954
10 14 283 369 397 426 459 658 663 761 922
6 67 129 259 312 835 898
15 26 57 138 196 214 488 577 604 693 700 711 755 856 877 958
13 20 277 355 367 374 453 503 521 533 630 716 818 865
5 108 109 294 652 708
12 109 206 278 478 515 647 809 830 858 860 902 957
8 18 177 292 450 590 658 662 693
12 93 203 252 436 609 638 645 679 772 780 884 894
11 102 175 272 388 536 578 877 907 937 983 986
11 204 290 305 452 520 589 605 647 732 904 905
15 100 149 224 269 328 331 370 391 456 624 704 719 748 811 921
8 34 130 299 387 489 587 864 952
9 112 219 253 287 329 343 496 900 952
8 73 165 431 482 699 758 806 876
13 12 111 159 238 284 357 419 422 482 669 811 819 836
12 27 78 204 208 457 550 636 717 731 772 840 941
8 39 282 357 593 659 831 948 999
12 3 158 233 304 311 320 560 623 826 858 938 990
12 52 63 135 158 171 547 664 668 671 703 756 778
7 25 48 533 648 697 738 880
11 104 114 138 228 326 349 351 487 556 626 692
8 45 167 289 305 434 509 657 954
13 84 101 176 189 405 471 520 598 763 793 805 816 987
10 5 12 90 115 308 390 415 479 942 992
14 6 89 160 243 253 479 517 525 596 616 645 792 922 939
16 44 149 167 224 235 259 267 312 386 583 599 642 675 774 860 987
13 87 115 121 295 350 450 546 587 603 679 839 902 969
9 22 287 299 349 624 814 885 924 948
12 7 57 128 187 402 586 643 790 831 874 902 927
11 60 328 375 384 472 511 585 622 819 929 968
6 219 301 588 828 837 928
13 20 38 91 389 443 733 756 841 872 897 927 944 987
8 101 248 322 466 517 650 832 868
11 94 218 247 248 295 355 482 506 631 660 918
12 279 303 328 423 601 610 619 632 680 745 763 889
9 380 383 526 583 696 722 781 947 965
8 195 320 391 397 667 703 884 978
7 108 436 451 471 731 864 908
5 66 135 396 569 931
10 53 138 171 476 541 567 664 672 821 883
13 106 248 270 535 570 578 643 653 654 669 698 735 912
11 320 325 354 655 664 678 680 731 735 756 820
9 19 96 295 314 319 381 733 882 887
10 186 214 422 458 577 602 658 761 774 944
6 60 310 400 424 567 647
8 32 60 393 424 609 775 866 923
8 95 457 501 604 746 836 917 954
12 22 76 187 233 269 319 347 490 523 624 912 991
8 168 227 298 460 477 491 957 959
13 19 209 432 514 517 541 571 599 677 779 815 939 986
14 73 214 288 307 312 350 413 568 631 749 751 764 791 910
9 97 126 274 290 384 423 717 952 955
10 107 136 272 398 427 456 633 909 971 973
13 68 119 123 288 336 379 453 572 653 702 723 847 930
5 187 598 658 866 891
9 107 119 265 426 436 470 848 856 987
15 5 64 86 262 337 402 416 431 439 582 647 739 806 892 920
6 373 434 444 612 690 823
15 12 165 331 398 438 533 567 628 641 678 754 768 823 861 873
13 14 36 76 228 234 334 386 425 558 581 706 828 927
7 89 153 422 588 634 635 802
17 97 107 134 156 432 442 504 540 591 602 660 663 731 755 890 934 993
12 49 60 151 194 273 362 498 555 727 803 945 982
17 40 64 177 373 416 454 492 512 568 645 674 698 812 911 914 935 983
13 158 348 358 476 511 530 665 678 768 841 872 989 996
16 15 78 208 290 373 377 417 452 635 652 791 838 845 865 884 915
10 158 352 420 451 733 739 747 848 858 939
2 401 852
6 45 350 615 679 768 943
12 49 106 140 183 190 325 350 364 543 556 592 969
9 82 187 342 380 484 541 841 858 980
9 68 298 305 531 534 546 845 848 951
19 34 85 129 248 260 263 304 328 346 347 496 523 645 748 779 850 895 934 967
7 141 164 298 366 809 933 944
10 182 187 344 371 623 703 706 711 890 892
5 196 219 260 691 777
7 68 209 253 319 369 403 800
16 11 26 56 92 110 281 311 363 418 496 671 722 781 854 899 902
7 215 222 275 481 569 632 776
6 106 292 294 555 579 798
15 23 108 127 254 342 475 523 562 679 751 752 803 833 942 999
11 139 234 392 483 495 512 651 683 732 856 986
9 83 105 108 119 234 501 707 741 895
6 1 61 523 838 859 975
17 17 19 79 108 165 260 340 461 498 541 660 677 713 738 819 851 853
8 232 355 446 496 613 615 641 685
8 97 208 347 509 565 648 759 847
12 19 58 90 121 217 405 438 453 470 646 903 967
13 127 130 351 378 505 524 572 708 724 732 850 865 901
9 165 281 385 465 473 535 947 965 998
12 28 49 129 188 195 230 243 253 600 627 927 985
9 95 275 278 354 604 622 649 882 986
8 136 275 288 521 607 643 660 918
16 18 152 352 391 413 507 647 713 714 716 720 751 757 764 840 970
15 5 13 128 169 186 237 262 264 498 515 530 550 629 686 745
11 57 209 228 238 335 341 343 412 566 696 957
5 88 215 281 816 829
12 188 197 307 457 467 698 842 844 880 899 925 947
8 87 421 608 646 755 760 855 903
10 112 128 343 638 714 822 847 864 916 961
8 366 473 560 651 716 852 953 983
8 221 331 468 509 552 554 604 625
10 111 241 313 348 644 677 718 738 807 829
11 15 254 320 401 565 578 684 736 824 902 946
6 129 132 437 759 865 883
11 262 313 506 540 568 631 746 832 899 914 941
10 67 171 307 329 449 472 482 664 771 884
8 173 264 367 418 499 555 862 973
10 303 337 423 433 462 565 596 689 766 951
8 190 241 266 289 522 532 840 966
13 15 49 59 126 171 176 190 286 405 413 522 584 924
11 22 50 137 243 273 309 400 401 517 576 849
8 10 199 301 516 550 654 779 894
6 42 106 288 314 371 407
12 14 21 40 64 224 359 421 426 619 929 967 997
8 62 157 256 323 396 838 928 937
4 33 593 915 989
7 90 213 253 454 574 701 930
14 73 134 205 222 316 393 408 456 574 599 686 809 874 914
10 185 278 314 630 650 805 843 897 980 992
11 47 203 223 245 248 330 336 447 454 628 639
9 66 108 151 515 522 611 716 804 857
8 79 322 389 784 857 884 945 974
11 23 113 142 345 381 389 672 684 798 802 870
8 169 236 306 334 601 605 692 905
15 19 35 114 240 354 478 595 597 659 676 686 784 785 915 925
8 121 174 179 196 482 740 864 867
12 220 236 300 365 388 451 469 483 643 718 722 839
9 33 131 566 616 674 764 775 924 951
6 45 391 562 692 740 892
11 81 180 396 513 571 591 693 742 770 900 989
3 539 659 681
11 76 101 107 148 178 431 791 792 801 813 814
9 246 277 446 491 716 816 870 901 931
11 49 107 138 160 373 509 582 604 779 855 941
12 167 274 328 371 388 574 609 666 670 730 858 878
8 164 199 448 486 525 592 645 752
8 113 301 543 629 656 726 733 836
15 96 147 207 218 231 334 341 533 635 638 710 715 827 967 977
7 90 148 174 343 684 853 931
9 105 355 385 440 608 620 658 820 858
12 4 15 115 185 239 292 580 697 700 751 753 933
13 46 203 212 344 436 458 566 614 648 796 802 835 874
13 19 204 211 266 376 392 436 476 518 519 753 888 964
10 248 292 321 338 594 638 694 730 870 991
8 312 329 386 659 793 800 892 951
5 27 322 323 872 908
10 45 167 337 535 583 630 643 644 867 986
15 49 139 175 235 278 333 392 544 656 683 724 810 944 965 980
13 137 197 235 330 534 666 690 704 736 743 793 839 932
10 62 98 115 672 679 710 862 916 919 949
14 74 75 100 120 143 230 467 534 573 591 629 661 733 912
8 271 460 586 716 733 759 871 958
7 265 291 334 410 705 878 900
11 47 254 327 339 636 663 719 724 838 882 976
7 21 386 509 534 864 968 979
11 113 189 221 299 335 500 574 678 862 907 976
12 61 127 168 458 489 598 770 790 874 916 923 941
10 166 228 285 315 333 420 421 442 477 640
11 66 108 382 579 624 636 645 718 801 926 963
9 35 217 247 274 336 365 562 651 942
6 153 198 334 443 593 930
8 9 418 515 553 608 799 838 983
8 63 94 534 616 727 806 810 881
14 34 51 96 185 258 339 436 467 483 529 681 683 707 963
6 181 196 309 439 448 803
11 115 171 185 255 335 472 479 497 636 737 843
7 37 58 128 246 566 769 920
12 90 250 363 411 526 606 723 800 891 892 907 939
5 398 483 661 748 824
8 42 235 414 443 488 693 961 972
5 139 204 384 524 681
8 20 284 304 453 487 558 738 761
9 31 137 184 315 344 405 461 532 998
8 106 107 287 343 738 802 815 987
14 19 105 148 154 223 281 331 365 450 472 554 605 927 974
7 43 341 395 398 479 603 924
4 35 247 672 756
8 271 288 330 396 458 468 716 978
13 69 144 293 324 375 464 519 566 575 636 650 685 892
14 111 121 321 420 435 456 530 651 677 741 742 813 823 928
6 12 68 83 278 684 757
8 326 430 539 767 799 865 871 897
7 362 451 484 548 659 890 929
9 214 224 263 386 465 525 564 677 795
6 0 6 20 748 777 853
8 165 248 457 540 565 656 750 834
16 39 56 88 92 185 264 367 462 471 516 724 792 924 952 955 967
6 310 572 737 753 837 887
13 0 38 122 194 218 375 429 442 562 624 745 800 853
16 89 95 113 115 130 241 264 379 456 479 528 634 691 786 795 841
11 24 63 243 274 405 470 513 763 787 802 951
14 187 247 258 333 365 469 507 551 557 661 707 709 729 851
16 108 140 143 195 259 300 315 465 533 616 710 723 887 907 945 976
13 155 171 185 273 307 384 444 453 504 535 715 804 986
7 186 367 378 487 652 737 859
8 241 487 549 765 780 884 910 912
8 14 38 126 358 476 533 720 761
6 5 200 317 342 421 475
8 326 436 493 534 681 756 961 990
4 283 403 507 567
18 35 50 54 94 301 302 444 454 468 527 633 638 703 706 785 890 892 919
8 53 157 181 599 726 867 898 926
10 65 86 356 559 733 775 780 824 839 957
13 91 130 136 291 292 311 384 404 622 655 851 905 941
9 66 163 359 405 442 447 520 723 879
11 22 348 461 528 532 606 637 854 897 944 954
5 199 632 706 719 884
7 87 174 188 414 585 617 686
17 13 70 82 94 171 202 270 298 450 473 474 545 577 614 656 943 948
8 50 177 209 250 254 280 448 565
9 45 46 71 181 266 289 435 663 836
11 174 216 325 551 555 596 663 824 912 965 999
9 27 45 155 326 411 569 612 853 891
11 7 14 179 341 513 668 684 870 979 980 996
10 154 167 186 260 477 550 705 748 874 942
6 35 141 167 271 518 659
6 61 114 237 359 776 940
12 47 175 290 350 355 363 497 604 740 774 788 881
9 43 109 117 192 264 268 444 496 744
10 159 162 216 340 362 372 571 789 794 877
13 40 95 102 188 244 246 385 532 600 731 738 801 804
6 434 587 832 867 931 985
9 10 19 53 324 360 511 725 840 944
3 711 773 873
7 13 281 605 755 858 954 985
12 30 146 166 339 472 522 563 571 700 726 780 864
12 13 202 204 366 560 602 604 612 665 688 815 898
12 99 194 237 311 383 547 692 761 773 821 898 970
11 36 41 87 194 228 371 470 478 811 861 866
4 28 33 238 582
11 145 249 299 364 379 412 433 619 621 750 772
5 11 152 634 738 974
10 68 162 184 228 307 342 501 821 846 986
8 29 50 200 341 359 537 600 987
7 79 408 469 492 558 749 774
5 96 155 327 598 795
12 15 76 283 372 399 440 568 590 671 736 781 993
10 26 60 390 465 537 538 547 621 734 746
12 59 106 162 246 302 310 327 389 520 522 873 996
7 31 421 494 585 716 762 881
10 39 206 236 240 255 421 457 625 902 913
13 96 188 238 287 300 483 517 537 641 702 704 781 984
7 56 87 281 370 588 606 673
12 30 32 92 250 387 388 399 504 517 616 857 970
16 44 128 231 325 350 358 361 579 649 785 814 853 908 918 949 992
11 17 20 50 366 449 533 604 751 759 863 874
11 35 154 190 302 414 462 532 629 630 833 879
6 192 229 313 446 877 901
8 31 145 479 762 800 803 872 996
10 56 110 208 468 484 541 549 599 745 751
7 128 189 269 442 715 824 979
13 70 172 181 190 263 342 372 458 546 577 802 859 951
9 100 162 237 246 267 349 842 906 986
13 2 27 165 387 451 484 499 525 560 660 789 914 954
12 89 185 281 297 336 416 471 475 524 558 888 918
16 66 349 427 429 433 441 477 582 667 688 753 855 872 879 943 969
12 22 318 367 425 472 574 584 685 707 709 729 815
8 112 243 266 286 652 696 850 915
7 239 259 512 516 520 668 681
8 159 241 260 516 550 792 884 984
12 90 102 125 173 409 460 572 605 639 653 745 818
13 23 143 190 205 339 383 464 565 587 818 865 946 979
12 44 236 317 327 348 362 528 626 663 770 962 986
14 43 46 110 269 560 632 648 653 669 690 766 868 916 960
9 31 47 66 243 347 415 580 631 705
7 213 224 426 693 751 855 955
5 487 619 733 955 994
14 33 46 136 165 304 349 530 603 675 719 840 878 940 942
10 71 171 296 506 516 560 614 823 857 876
7 126 210 461 570 639 649 720
8 82 474 528 595 648 735 776 857
13 65 83 293 372 390 493 538 579 704 822 895 926 993
8 237 240 470 490 670 785 862 979
5 143 197 379 873 993
2 440 714
9 23 379 453 568 663 665 723 813 866
10 46 88 340 357 385 490 679 793 822 904
10 167 169 262 298 347 609 611 615 774 955
7 470 649 747 749 753 793 998
9 249 268 337 450 513 533 637 849 974
5 64 481 634 874 954
15 18 81 132 164 215 275 295 378 505 532 542 547 813 926 982
6 193 566 607 885 886 967
18 25 140 173 174 208 266 358 407 438 467 658 723 739 772 831 835 840 959
2 99 504
7 51 263 272 462 658 678 858
11 151 266 364 381 386 464 488 540 631 862 941
12 41 130 182 260 373 406 420 445 457 561 624 656
9 71 141 317 322 336 478 610 679 867
8 215 328 341 383 515 554 712 744
14 34 120 160 172 316 356 491 631 738 801 825 885 894 973
11 11 58 66 126 153 202 318 548 625 753 966
13 115 153 207 327 408 498 504 588 607 782 814 956 988
7 331 366 466 539 616 821 832
6 0 277 429 652 919 953
11 173 262 395 396 413 434 535 719 763 933 983
7 83 194 206 457 585 636 783
7 11 167 187 389 637 801 927
10 280 321 487 530 614 749 774 881 961 972
12 83 106 286 318 381 607 610 667 772 784 813 971
12 2 172 357 437 523 550 700 748 787 800 805 844
5 188 419 543 734 800
7 146 337 604 647 728 872 992
11 14 197 334 412 508 534 600 654 837 907 933
13 109 190 194 246 303 313 425 584 908 921 924 938 941
13 63 98 180 264 388 535 583 624 698 790 872 881 918
13 71 159 224 307 486 518 575 640 720 728 891 956 959
15 5 36 129 249 306 430 591 645 654 659 732 859 864 936 988
10 32 136 186 199 289 304 500 540 610 877
14 8 108 147 228 308 338 521 571 605 749 794 810 949 979
10 39 41 126 127 212 287 654 685 779 893
2 284 515
8 177 241 339 408 429 586 621 855
6 39 133 263 347 414 862
4 232 294 394 439
9 18 122 159 233 422 618 720 913 978
10 271 403 549 613 662 726 798 808 848 942
6 63 302 386 490 951 974
11 39 42 86 105 143 403 693 762 769 794 979
7 237 253 300 332 435 514 651
15 93 96 202 205 303 327 396 480 528 634 709 766 770 843 927
10 368 499 512 582 715 719 805 908 909 933
9 12 274 312 402 663 777 800 829 967
10 118 124 258 321 339 505 668 814 916 951
5 304 454 546 750 966
21 127 163 280 324 369 379 412 496 505 524 581 616 643 740 765 817 825 877 931 934 990
12 24 26 266 287 402 453 503 539 588 611 846 925
15 8 44 129 261 446 484 521 699 701 871 899 931 969 979 993
10 35 78 213 370 561 571 578 700 797 833
9 65 99 171 220 376 418 440 895 929
10 47 265 285 323 413 556 617 666 802 941
11 71 141 142 209 266 312 567 578 587 654 895
11 169 193 277 399 556 605 701 770 780 824 921
7 219 335 491 505 742 790 943
9 54 91 101 114 142 363 595 655 867
8 23 166 420 487 547 577 658 699
8 74 277 346 363 556 889 916 966
19 39 63 96 186 200 210 302 406 441 471 522 572 604 643 781 867 881 931 959
10 78 84 137 174 486 609 623 703 833 972
8 30 41 70 89 98 594 833 906
5 312 392 509 545 852
4 193 418 758 838
9 5 222 267 509 516 591 800 844 921
9 26 117 268 307 369 482 624 836 916
17 6 34 89 90 156 158 180 203 247 295 352 617 777 937 938 961 963
19 123 142 184 260 262 288 305 325 437 467 566 584 622 672 796 831 877 897 931
7 379 519 570 801 902 954 955
8 73 173 256 298 541 670 698 714
12 73 179 226 368 701 762 831 885 943 946 952 964
12 11 24 61 162 180 219 336 398 692 863 871 926
11 56 61 253 372 415 429 525 822 845 886 942
6 256 281 397 425 525 864
11 38 78 209 311 328 383 543 565 569 821 936
13 87 183 312 356 485 542 678 786 797 855 932 978 985
4 330 479 727 878
16 18 134 197 230 338 468 510 559 599 685 691 699 752 793 865 963
6 31 338 343 416 707 761
14 3 32 99 149 230 293 432 437 444 457 575 825 887 961
8 171 219 484 558 576 659 771 995
11 46 243 250 285 377 416 422 479 679 713 738
14 52 91 224 242 268 398 539 548 759 795 816 827 872 924
10 23 199 202 436 585 776 779 791 810 853
7 16 84 336 363 520 802 814
4 2 132 303 649
14 162 227 306 318 370 405 425 604 616 664 721 773 894 997
6 191 243 380 425 716 904
17 0 116 142 224 243 255 285 302 341 350 414 437 586 709 761 768 773
10 53 212 255 365 376 696 847 915 916 938
10 127 130 283 287 322 334 371 581 934 969
10 25 63 297 364 420 542 549 725 732 827
13 89 185 218 250 252 369 523 548 557 642 709 918 974
9 50 120 310 397 457 746 823 870 958
9 49 144 359 378 438 458 598 752 862
10 11 175 282 343 473 536 573 760 816 825
9 318 331 539 542 665 675 845 924 938
13 68 166 273 318 390 582 586 589 610 821 838 847 916
10 39 60 66 319 482 613 720 732 829 888
14 10 76 195 263 415 426 464 487 566 742 749 765 791 994
8 118 175 184 215 245 299 843 847
11 155 278 284 321 332 418 562 564 614 819 932
14 166 294 403 409 423 461 494 586 637 719 847 875 900 953
9 175 266 311 339 362 370 532 786 793
8 27 224 429 447 470 740 901 976
9 42 184 260 284 595 736 813 821 925
13 116 160 227 234 278 339 432 489 490 541 554 601 831
15 59 96 188 260 296 317 319 384 643 698 810 841 843 877 965
13 76 199 209 342 505 554 653 732 886 903 945 962 981
11 13 27 101 106 132 413 427 609 677 787 957
12 18 59 206 220 267 314 534 578 740 760 865 991
6 84 296 492 537 602 914
12 25 151 228 272 292 318 542 735 842 878 902 956
9 18 164 230 253 413 551 626 756 920
6 90 296 355 515 756 762
13 18 240 317 401 428 455 624 782 870 882 953 972 995
6 521 688 791 892 941 964
9 5 120 154 189 341 406 836 945 992
10 48 140 303 546 653 695 715 721 825 987
6 117 261 403 694 761 955
9 138 150 327 362 380 458 462 666 684
8 60 241 319 336 342 434 564 632
13 27 178 285 304 346 358 428 555 567 638 744 808 855
8 140 169 243 312 319 705 788 798
10 198 409 442 449 477 537 782 862 874 964
4 166 188 802 971
8 143 243 359 426 442 891 931 997
15 6 25 192 381 401 417 459 492 677 693 707 714 890 899 978
9 201 363 457 535 589 634 862 967 992
10 119 372 396 403 486 695 826 848 855 892
10 52 58 85 131 772 774 796 807 852 891
9 53 505 534 673 756 788 813 940 956
8 18 230 386 713 729 734 899 968
8 181 235 335 427 542 694 835 949
12 47 129 203 353 468 634 697 714 863 909 924 953
12 69 298 402 407 506 628 709 732 859 934 951 991
13 157 186 192 280 284 408 448 544 597 684 781 949 976
12 109 132 244 422 676 690 756 785 806 820 836 889
12 59 112 189 217 241 270 675 686 870 895 949 953
8 67 216 313 373 536 646 734 907
7 46 145 219 297 419 691 778
13 161 173 175 318 341 375 584 626 664 728 836 864 888
10 22 36 268 291 606 614 634 725 862 998
16 41 103 116 239 266 280 419 504 579 607 744 794 814 841 955 978
8 3 55 73 88 395 606 611 627
10 51 60 118 207 239 331 520 715 791 829
12 0 60 83 145 153 296 314 352 479 617 835 869
8 288 427 520 550 865 938 980 991
6 102 431 493 543 680 932
11 172 176 257 337 352 479 485 826 868 947 980
15 25 73 97 360 442 470 535 635 684 746 801 832 838 884 980
9 164 197 246 282 366 711 753 884 952
12 80 147 171 183 470 535 599 645 649 692 740 790
13 26 143 147 212 234 416 428 471 804 827 860 871 916
6 245 280 352 502 708 904
8 12 18 77 100 120 568 760 901
8 72 238 362 371 638 689 829 920
8 96 244 371 377 553 626 684 691
12 27 97 161 267 416 472 529 600 675 702 892 930
14 128 187 258 281 371 378 399 411 430 456 518 644 781 899
9 5 40 189 293 329 778 784 835 957
12 34 58 66 124 163 380 405 437 736 775 895 953
12 98 141 187 288 432 485 546 574 600 659 760 876
11 99 130 371 475 548 585 594 655 793 801 917
6 73 643 675 735 837 863
9 28 173 213 244 313 355 405 873 964
12 7 140 193 224 237 331 446 471 483 554 562 866
7 89 132 239 366 426 432 465
7 68 178 244 501 648 699 981
9 95 129 274 415 480 504 595 826 902
6 110 184 340 441 633 940
6 8 219 581 585 698 970
6 168 470 535 689 784 979
6 191 256 413 422 765 941
10 128 136 150 253 293 315 319 339 499 760
19 68 94 139 162 267 287 359 366 586 648 655 665 692 781 885 886 927 946 980
12 164 194 309 320 344 415 429 430 481 545 829 985
9 213 216 516 580 689 696 818 826 865
13 38 39 48 121 186 318 319 549 669 721 777 877 903
7 381 427 515 662 718 874 952
10 89 113 444 466 473 760 788 838 885 976
13 120 297 362 380 450 452 499 510 569 638 819 865 898
5 42 228 334 344 562
14 12 56 233 404 407 496 604 661 667 709 842 896 958 990
9 28 216 265 267 360 458 766 940 956
9 158 162 208 248 408 458 612 656 880
5 40 137 182 263 427
9 18 80 227 497 568 679 700 828 852
9 21 185 219 262 312 372 467 528 539
11 67 139 199 324 383 516 650 707 753 806 937
4 344 557 811 897
10 142 288 350 447 463 493 579 807 825 843
12 32 55 246 328 513 557 577 588 656 757 815 887
11 30 58 85 91 97 464 509 603 797 812 852
11 83 244 261 328 358 371 419 524 528 544 997
10 7 54 77 358 414 634 651 758 874 942
13 64 133 419 421 466 534 557 570 708 746 861 875 909
9 126 158 192 215 336 755 774 794 986
11 27 236 280 339 376 503 754 822 856 914 974
10 296 309 319 455 477 670 671 688 694 758
7 182 371 459 749 771 972 977
10 49 93 173 193 291 620 752 756 881 947
7 148 218 364 382 430 524 639
10 125 142 237 376 652 667 712 719 731 737
13 163 176 278 321 450 475 506 635 645 676 827 908 973
11 192 225 518 527 597 627 671 917 927 943 959
9 27 133 151 243 252 300 312 469 574
9 75 119 202 328 371 406 765 785 861
8 235 474 604 656 730 764 848 988
9 2 134 165 211 271 386 542 599 741
9 32 33 107 144 243 460 844 962 988
11 40 159 213 336 342 346 645 829 850 952 980
12 34 86 129 130 136 258 445 597 793 808 970 975
8 408 435 541 599 611 812 871 989
8 98 114 169 251 384 637 757 845
14 2 4 117 132 264 285 293 509 562 578 687 847 858 985
8 30 234 264 502 506 643 645 806
12 55 103 303 321 496 513 556 577 687 754 858 874
7 5 184 323 406 481 718 903
9 5 224 234 269 356 495 549 640 860
12 40 82 128 143 157 353 463 601 623 735 905 976
8 186 259 266 296 697 717 855 998
9 107 327 350 390 412 589 640 814 966
10 109 151 213 285 474 481 504 611 795 800
10 52 222 313 355 515 520 616 693 716 732
11 22 30 49 181 233 571 672 681 843 899 975
7 15 47 49 210 264 575 870
10 86 127 152 238 400 403 578 717 729 992
12 30 104 403 479 523 551 694 764 789 919 924 950
4 468 632 660 963
6 122 469 579 666 847 906
13 41 100 104 142 154 247 496 680 688 737 804 853 923
9 138 157 498 532 785 801 840 842 866
15 6 51 78 204 306 435 584 612 709 799 808 809 893 906 954
12 55 250 273 328 343 410 640 656 673 702 823 826
8 302 410 465 538 811 862 881 973
14 15 156 300 423 427 555 557 634 660 720 769 799 862 868
10 204 498 588 597 700 754 861 878 889 897
12 10 69 188 462 468 514 639 780 830 835 840 863
7 420 624 687 848 860 870 959
7 126 607 632 750 840 851 871
8 90 97 357 401 595 680 878 947
8 80 440 460 790 793 813 832 995
13 1 14 174 354 423 446 467 527 579 580 601 621 780
14 20 410 437 499 569 576 625 707 720 789 805 860 963 999
11 121 177 338 401 420 452 469 530 609 641 682
6 50 340 358 443 527 869
8 212 277 399 472 499 710 788 904
6 140 300 397 579 600 801
10 28 291 334 441 694 746 773 811 822 981
7 1 243 380 687 748 873 998
13 76 80 81 174 224 244 595 679 769 790 829 885 908
8 51 85 234 283 351 396 790 929
12 193 200 234 426 441 588 640 664 863 871 880 942
8 162 288 292 507 747 792 806 823
6 141 219 234 341 750 770
13 81 82 222 254 410 458 554 560 578 662 688 799 822
14 76 144 155 159 175 305 410 523 571 602 641 700 779 933
15 18 70 106 151 156 176 200 233 242 327 452 505 535 749 945
11 70 87 300 374 411 639 652 827 875 949 978
2 604 847
8 166 268 281 539 540 734 888 950
10 211 217 269 292 307 362 658 738 882 967
10 84 119 258 274 319 418 694 833 904 915
10 189 203 317 506 511 572 631 654 662 877
9 260 377 550 555 629 755 806 813 971
13 29 96 166 261 335 336 458 547 650 791 811 870 874
9 169 381 447 481 490 529 611 903 918
10 115 254 569 604 636 652 675 748 920 991
12 25 87 89 229 265 295 686 706 726 734 791 942
10 141 226 416 639 648 710 761 816 890 931
6 30 206 308 337 744 905
13 97 127 374 380 601 655 702 713 733 768 808 904 998
7 40 111 197 283 795 921 984
7 7 294 306 562 624 627 663
12 89 310 383 500 572 707 799 841 894 963 965 981
13 11 84 134 151 200 261 358 525 607 617 618 820 946
9 55 157 247 265 464 862 970 994 998
11 34 40 55 279 420 562 690 703 717 795 836
12 132 198 292 324 415 489 622 674 694 698 835 973
7 8 260 308 466 582 721 998
13 18 201 343 361 393 432 440 620 654 707 737 883 967
10 172 175 304 405 427 481 912 914 927 960
12 246 293 371 387 501 546 562 789 795 797 885 912
17 39 124 150 163 189 264 268 309 342 348 468 664 700 832 966 991 995
10 81 179 194 375 531 669 740 789 859 932
12 56 130 214 221 397 444 599 657 664 748 782 877
9 20 23 201 253 375 579 621 767 987
11 67 153 192 274 343 349 629 653 771 853 881
5 41 142 511 605 975
18 20 165 269 331 364 377 646 654 657 659 772 787 817 858 895 948 978 981
13 1 98 211 275 333 344 349 595 686 765 796 917 980
5 29 159 222 389 558
11 6 16 56 227 257 350 366 536 768 928 956
7 14 158 208 362 470 482 797
16 2 90 114 130 182 233 250 345 378 619 687 744 750 911 940 980
13 4 148 233 362 417 463 467 491 523 640 788 845 948
4 147 355 484 997
12 39 47 376 412 534 544 591 632 679 686 778 926
10 17 50 230 280 333 359 755 968 969 998
11 1 119 146 173 399 400 522 547 549 921 922
19 12 28 62 158 189 246 268 283 295 344 348 413 418 503 564 772 774 847 859
9 12 34 361 473 530 586 692 842 858
11 8 25 260 265 283 303 710 776 796 801 888
8 153 336 507 753 764 794 878 888
13 385 428 434 551 565 592 651 681 685 699 792 793 834
10 99 101 129 524 628 691 721 795 810 952
11 56 173 289 315 377 404 433 504 586 630 698
14 213 281 343 366 382 460 540 634 667 704 734 738 903 992
9 61 145 323 332 507 554 723 789 981
8 404 425 480 500 567 613 616 986
13 22 106 146 149 199 235 276 310 542 706 793 897 944
7 76 703 803 901 924 930 984
17 64 65 84 206 249 401 411 422 492 650 672 695 783 796 823 993 994
11 234 275 430 460 606 628 710 770 797 810 956
12 101 143 241 309 342 424 527 534 581 584 639 925
9 233 271 336 502 517 552 722 807 901
18 32 82 163 169 235 243 306 396 420 435 493 524 559 681 736 752 774 823
8 68 153 245 659 753 816 894 985
8 28 291 547 719 908 933 946 966
15 124 157 226 280 286 498 526 587 604 624 664 735 821 843 973
15 50 94 167 203 211 232 259 413 431 546 633 669 794 798 861
6 483 525 534 881 916 968
7 112 153 210 297 375 742 810
14 127 136 167 193 441 496 518 577 584 616 758 792 845 879
7 94 226 320 369 432 672 819
9 230 317 382 838 886 928 941 957 987
12 37 217 285 314 343 384 400 474 485 538 707 708
12 0 41 146 305 561 569 627 732 737 808 840 958
8 48 70 81 561 629 665 732 883
9 160 187 232 320 466 471 636 749 950
11 75 93 148 421 533 655 698 818 860 861 985
5 312 615 694 794 987
11 12 220 339 352 461 479 684 827 891 946 980
8 29 332 446 491 585 683 687 890
16 7 184 191 227 246 334 352 407 423 446 457 479 673 686 715 926
8 18 21 163 182 589 790 958 993
11 159 218 285 390 569 643 832 875 921 938 960
12 107 153 257 350 360 550 608 610 695 718 847 959
7 23 77 128 140 173 740 934
9 212 309 397 460 484 624 747 794 868
7 84 265 279 480 505 506 738
15 24 83 88 209 355 375 383 606 684 689 716 782 943 951 976
4 290 408 431 659
10 50 191 221 366 411 526 661 712 869 873
14 81 99 160 174 238 283 304 306 355 381 519 625 669 726
11 12 49 177 365 376 665 735 775 824 865 943
16 108 196 216 249 265 287 555 644 711 804 820 829 913 926 945 947
10 36 56 101 249 287 402 482 777 828 943
8 23 76 163 175 531 618 787 790
9 60 108 286 434 446 471 582 696 951
13 6 93 179 252 315 424 523 583 600 761 808 876 973
6 128 226 330 600 691 753
6 11 36 66 328 474 993
5 67 88 260 341 852
11 18 35 318 325 429 474 490 839 840 946 975
6 61 134 161 519 594 904
8 16 341 383 396 532 668 755 839
11 26 63 110 135 141 343 394 403 536 646 820
17 180 228 230 256 259 377 428 435 542 602 615 622 646 654 710 879 964
7 10 97 149 324 720 762 848
14 1 44 60 84 117 252 311 370 523 533 584 649 824 925
8 22 123 126 231 428 479 573 785
9 41 68 117 209 334 445 670 713 825
9 128 168 288 583 611 621 830 857 894
5 65 68 278 302 857
3 323 435 788
13 150 305 388 406 454 465 583 639 653 691 785 869 947
12 9 96 191 228 256 375 403 605 662 872 918 948
13 58 103 105 180 199 437 480 550 560 628 855 892 904
17 16 36 41 149 306 309 337 368 453 576 599 732 762 839 935 948 995
6 188 308 393 458 850 883
7 10 197 307 392 461 608 809
8 12 85 135 331 395 439 715 869
13 27 270 316 411 417 500 604 606 616 624 683 827 936
8 99 224 247 427 632 658 705 842
9 102 193 351 419 574 582 600 814 876
10 138 152 207 222 339 350 604 647 692 896
7 145 158 185 239 244 341 927
8 56 91 203 233 586 631 931 996
6 200 286 393 623 746 957
11 37 52 295 583 623 646 653 704 894 990 994
6 106 302 327 344 446 951
8 233 495 546 688 727 741 852 964
18 41 66 124 183 262 293 383 412 435 482 565 583 609 673 730 883 971 989
17 109 203 214 222 241 276 301 358 438 493 546 595 629 752 810 826 969
10 198 346 487 534 612 627 762 899 903 905
8 117 309 321 351 426 484 501 868
11 78 140 237 267 340 400 471 665 674 815 904
12 4 7 130 381 540 627 732 833 876 890 912 948
10 52 274 313 367 375 706 758 798 904 924
9 40 294 305 487 847 853 925 927 946
8 215 428 523 588 690 693 695 816
5 785 818 887 963 979
17 76 124 243 254 349 386 406 423 469 530 596 602 692 899 907 939 965
12 133 256 289 290 329 465 627 708 736 768 863 989
9 135 250 378 573 659 672 691 695 718
12 194 230 261 277 299 324 484 503 532 559 625 790
9 215 329 465 544 545 556 625 676 700
7 571 585 669 688 741 850 871
10 7 271 283 326 373 481 666 717 883 937
10 3 56 191 233 280 430 650 740 885 893
9 167 197 326 562 585 616 762 796 895
8 22 62 94 158 203 542 839 894
7 170 377 448 477 577 623 636
6 151 253 541 665 767 971
11 244 276 437 442 623 634 786 801 832 950 966
10 103 253 421 627 673 681 722 916 940 973
9 224 226 313 367 426 490 664 832 951
13 70 104 124 188 266 387 570 603 615 779 841 876 963
13 66 172 258 350 365 392 416 465 561 601 685 819 838
11 43 60 101 141 149 176 307 433 689 856 879
9 72 193 304 347 534 606 647 856 942
10 85 86 371 506 522 728 769 834 986 999
10 59 216 251 330 578 682 822 941 962 975
6 275 448 577 617 672 757
10 114 330 385 569 761 792 836 877 908 964
11 19 97 194 400 453 510 558 596 649 755 989
7 178 361 769 782 846 912 971
8 432 434 471 661 693 737 777 899
5 68 225 416 757 996
10 129 314 456 594 632 684 700 816 847 989
13 105 197 213 433 492 529 540 551 588 597 606 729 950
15 39 96 270 348 397 426 492 704 706 707 732 768 848 852 890
11 21 149 183 194 276 665 725 806 832 847 866
4 69 192 340 560
10 95 148 236 249 286 341 378 440 574 999
6 31 520 538 830 869 989
12 11 47 68 130 368 500 503 632 733 772 875 888
17 4 113 123 252 262 286 327 359 369 425 472 511 531 541 754 867 970
16 21 53 59 107 152 251 300 303 309 333 452 512 675 844 883 889
6 57 209 571 586 765 767
9 342 394 408 770 941 952 974 978 984
9 36 192 207 224 295 477 604 740 938
8 264 325 422 667 692 704 825 841
11 112 202 255 301 397 523 581 674 685 784 865
8 339 515 550 552 606 870 893 910
11 10 101 123 178 184 276 545 656 834 870 938
9 20 240 269 273 637 672 799 841 927
9 132 173 266 342 492 517 527 936 977
5 392 643 683 751 854
13 188 198 207 367 451 557 699 778 807 829 834 837 856
7 91 294 358 490 801 970 983
