100
3 39 56 62
2 18 78
3 7 42 45
3 63 10 72
1 39
1 77
2 49 99
1 2
4 59 61 47 94
4 12 41 57 82
1 3
6 40 47 48 52 54 95
5 61 68 9 76 35
1 99
2 18 35
2 74 34
1 92
2 77 58
6 1 70 14 30 34 94
3 60 69 90
2 66 71
4 75 31 39 54
1 40
3 49 90 96
2 61 85
2 35 54
1 70
2 39 92
7 69 77 80 83 36 37 97
1 50
4 65 18 38 45
5 64 21 33 58 99
1 57
3 31 51 58
3 77 15 18
6 12 14 25 49 94 97
1 28
4 67 74 28 96
2 66 30
5 60 0 4 21 27
4 73 11 22 92
2 9 94
1 2
2 72 81
1 81
6 62 2 69 73 30 91
2 84 96
3 8 11 78
2 11 54
3 6 23 35
2 29 92
2 33 56
1 11
2 78 79
5 62 11 21 25 48
1 91
3 0 92 51
2 9 32
4 17 86 31 33
1 8
3 19 39 61
5 60 8 12 24 83
6 0 45 54 78 79 88
3 3 68 74
2 31 85
1 30
4 20 38 74 96
1 37
2 63 12
4 19 28 45 96
4 18 26 71 86
3 70 20 94
4 3 43 87 96
2 40 45
5 63 66 15 37 89
2 21 89
2 12 87
4 5 17 28 34
4 62 1 47 53
3 62 53 84
2 28 98
3 43 44 96
1 9
2 61 28
2 79 46
2 64 24
3 70 58 92
2 72 76
1 62
2 74 75
3 19 23 93
2 45 55
6 16 86 27 40 50 56
1 90
5 71 8 18 35 41
1 11
7 66 69 72 81 23 37 46
2 28 35
1 80
3 6 13 31
