1000
8 53 255 474 477 503 716 747 815
8 205 250 375 653 739 809 884 919
10 327 338 373 427 460 502 509 515 700 866
9 31 116 176 324 352 554 834 870 995
9 52 215 390 593 646 713 799 843 844
9 15 260 263 573 624 677 700 895 918
12 20 64 140 145 432 473 537 632 838 932 977 984
7 656 742 762 818 847 876 991
13 83 113 168 200 286 351 361 673 773 795 823 864 933
12 34 62 143 267 578 628 656 769 833 882 900 988
7 240 254 360 515 614 663 952
11 37 106 124 189 214 410 478 632 634 705 858
5 264 340 369 622 998
3 94 192 703
13 58 191 363 376 475 517 711 829 848 895 905 931 939
8 5 369 396 455 544 632 841 924
7 203 351 699 797 897 937 989
9 218 435 592 638 731 753 841 972 991
7 417 459 520 659 754 812 840
14 25 64 171 220 475 489 589 662 696 740 793 840 911 944
11 6 28 71 105 257 284 381 422 469 635 796
11 28 115 244 361 404 437 612 732 847 882 939
15 57 137 149 198 400 485 505 556 578 784 791 812 914 948 991
12 68 120 417 472 516 612 668 699 701 704 716 894
10 120 181 184 471 499 648 819 880 901 924
11 19 68 104 148 178 481 527 652 776 831 915
11 79 82 127 185 226 356 511 513 601 892 967
8 45 103 119 169 374 664 725 776
10 20 21 147 624 626 766 853 877 944 968
10 40 184 412 528 588 596 777 847 923 974
12 56 162 189 320 361 413 548 611 647 759 803 892
12 3 64 154 270 373 485 520 714 757 805 939 988
9 242 441 444 464 514 533 605 756 916
5 55 255 335 790 891
9 9 140 336 427 451 658 829 943 994
10 213 350 367 497 582 608 687 767 909 913
9 85 372 392 443 828 867 889 903 978
9 11 92 170 180 188 271 282 339 816
10 44 123 189 213 449 530 562 950 985 989
17 71 83 139 222 229 369 464 517 541 544 556 694 696 785 898 954 988
16 29 54 65 170 175 191 228 251 354 469 474 505 599 639 677 959
10 102 119 306 476 543 652 656 836 876 885
9 59 177 530 540 570 610 698 703 834
8 119 214 348 680 686 720 779 857
18 38 50 62 106 201 203 220 243 265 306 310 488 575 584 621 684 844 866
8 27 124 152 276 514 796 906 908
14 129 159 314 444 483 543 565 582 834 837 894 951 973 989
14 120 126 137 389 479 484 504 588 644 705 750 869 900 917
8 83 85 309 440 594 741 791 929
11 239 282 344 376 547 566 581 632 679 736 893
8 44 243 319 417 563 618 701 771
9 191 243 313 324 343 437 611 934 973
5 4 511 535 655 847
13 0 106 268 472 496 557 615 636 646 698 748 949 970
15 40 99 131 240 361 376 576 630 655 691 759 880 892 901 977
13 33 76 79 81 155 183 236 476 577 700 704 707 895
10 30 247 320 450 549 569 667 731 885 941
12 22 75 143 150 162 342 358 551 612 687 798 955
15 14 78 167 192 307 325 342 385 440 537 566 846 891 983 985
8 42 65 204 304 498 608 657 871
4 194 243 372 628
12 332 358 561 598 613 725 733 838 871 915 932 987
9 9 44 331 483 666 670 757 763 948
8 103 106 195 259 503 574 906 909
5 6 19 31 494 870
8 40 59 118 281 288 624 765 920
7 216 268 430 635 656 720 772
8 167 396 614 625 831 837 954 972
10 23 25 121 167 245 307 638 821 840 863
5 260 402 652 715 957
12 128 173 456 466 486 517 526 601 674 696 811 913
18 20 39 295 346 357 407 414 463 497 539 568 648 659 732 769 825 860 884
12 94 266 347 387 456 469 487 523 804 902 905 948
7 132 204 302 655 677 729 741
9 100 227 236 285 537 638 671 840 974
14 57 137 160 196 252 264 296 383 528 611 637 738 764 946
13 55 179 209 256 261 400 435 445 632 633 708 934 994
11 176 200 259 408 414 556 637 642 672 833 848
13 58 133 175 223 228 234 293 304 341 510 617 871 935
12 26 55 127 151 171 192 299 429 560 566 849 955
3 560 754 866
7 55 95 273 333 369 484 759
13 26 92 252 275 342 428 607 611 630 798 804 905 980
9 8 39 48 432 590 815 904 925 991
11 240 282 360 473 479 552 604 666 927 973 981
10 36 48 173 422 590 694 732 754 822 952
8 170 461 486 541 648 833 901 921
9 320 356 555 605 609 643 699 760 770
11 155 182 201 203 215 311 785 834 839 953 964
9 166 184 228 260 403 632 638 863 942
9 277 293 318 414 440 452 843 949 970
10 130 177 247 321 406 450 729 859 875 954
9 37 82 93 100 113 183 285 796 848
12 92 204 235 245 279 363 463 535 566 629 940 957
12 13 72 106 145 199 259 266 426 451 472 597 909
12 81 209 252 340 375 434 503 618 653 791 894 986
10 287 288 302 335 388 399 401 459 561 798
12 129 246 264 305 358 366 540 558 697 815 858 894
11 141 215 336 451 632 706 716 721 822 847 968
12 54 216 272 274 327 490 571 634 667 773 846 911
9 74 92 461 496 507 553 692 773 961
15 293 334 418 470 515 518 530 554 555 614 710 764 800 815 931
12 41 140 275 361 498 519 625 704 808 816 897 993
9 27 63 117 205 581 601 622 632 736
13 25 206 271 294 358 448 458 598 834 881 988 989 991
15 20 158 228 262 279 322 368 584 589 608 621 633 701 868 925
14 11 44 53 63 94 178 215 335 439 459 580 669 741 799
8 164 317 363 667 673 797 898 900
12 140 164 281 384 389 555 750 836 846 921 924 986
11 171 305 372 426 439 469 704 815 859 944 972
8 134 273 535 581 697 853 869 977
6 151 290 466 812 834 937
8 151 311 499 515 757 955 960 972
7 8 92 173 291 414 571 773
8 153 337 403 596 833 842 970 999
15 21 149 160 309 327 403 540 577 661 703 836 865 930 966 990
5 3 331 397 554 612
12 103 153 216 466 489 507 662 668 719 888 931 948
10 65 151 200 201 355 487 512 611 803 814
15 27 41 43 213 351 375 543 615 645 671 742 797 817 891 901
10 23 24 47 178 189 531 696 757 886 929
11 68 163 328 389 685 765 793 823 935 954 956
17 284 369 396 473 475 494 507 512 580 619 623 645 704 717 750 954 970
13 38 179 187 251 332 379 399 556 632 734 906 930 997
8 11 45 383 418 626 725 881 966
7 324 599 645 701 742 793 857
6 47 154 280 617 808 871
11 26 79 154 218 374 543 604 693 726 924 979
13 70 212 286 381 393 472 533 597 716 848 891 946 951
12 46 97 179 232 240 396 507 599 790 880 951 982
12 91 168 189 212 428 440 502 562 630 696 858 886
5 54 151 334 416 788
15 73 162 241 243 256 300 337 393 473 484 523 557 655 691 942
7 78 459 608 624 844 877 884
6 110 650 671 725 747 962
8 221 343 392 438 590 655 743 766
12 143 222 296 369 454 614 794 799 850 906 917 980
12 22 47 75 152 299 392 394 409 478 484 893 932
9 177 220 356 366 438 672 760 921 933
15 39 166 170 204 235 279 288 299 338 472 476 588 655 812 885
12 6 34 102 108 271 276 277 808 837 852 858 867
9 98 222 311 334 421 541 565 774 971
10 225 229 246 306 312 644 649 668 787 836
17 9 57 136 161 182 215 221 312 444 477 523 558 618 692 742 859 877
8 216 226 417 581 582 749 778 789
10 6 94 252 369 585 620 637 776 973 987
5 579 581 748 784 881
9 28 157 225 312 409 541 746 806 958
13 25 151 228 281 397 493 537 538 646 686 755 896 982
17 22 115 176 178 193 374 420 484 489 545 619 659 688 868 883 915 997
6 57 267 388 450 944 946
10 79 111 112 118 131 148 460 732 758 877
11 45 137 257 275 339 637 673 744 817 879 923
11 114 117 433 453 491 519 570 581 657 735 932
11 31 126 127 215 324 498 531 556 821 916 959
8 55 88 324 620 621 726 737 766
8 250 358 388 398 479 537 640 899
12 147 205 264 453 502 543 567 592 692 785 828 855
7 105 285 291 412 695 746 824
7 46 212 726 764 840 855 856
4 75 115 495 737
14 143 165 335 346 349 377 431 444 499 573 664 932 950 977
12 30 57 132 295 308 364 386 483 510 750 764 925
11 121 352 481 659 666 747 799 880 917 988 998
11 107 108 490 509 512 599 646 794 825 876 938
13 161 209 284 320 346 381 628 640 703 728 884 892 979
10 89 139 198 310 327 395 414 446 741 954
10 58 67 68 188 376 476 553 771 957 959
6 8 130 334 348 549 736
7 27 179 230 247 441 514 894
15 37 40 86 139 205 231 323 365 385 456 682 701 754 763 854
11 19 79 109 300 360 363 376 524 568 577 606
6 254 336 466 484 523 800
8 70 85 113 232 557 739 744 905
6 555 600 682 792 886 895
7 40 78 177 257 285 423 958
10 3 77 149 327 550 611 809 856 927 981
9 42 91 138 175 369 500 675 686 776
13 25 106 120 149 194 213 498 555 606 868 900 906 978
13 76 123 129 169 340 349 413 543 724 802 890 895 923
10 37 240 389 527 532 718 774 822 851 933
11 24 196 259 284 302 468 474 489 713 944 959
11 88 143 220 515 601 623 668 693 716 746 975
7 55 92 231 551 750 880 997
9 24 29 89 288 306 549 922 929 956
8 26 674 680 743 758 777 877 983
11 316 319 320 429 455 471 712 811 818 822 937
12 123 208 236 242 524 634 696 765 781 793 817 995
9 37 167 375 381 592 641 731 803 852
11 11 30 38 120 130 304 434 669 707 912 991
5 204 687 713 807 853
13 14 40 51 250 303 360 415 442 632 676 707 821 964
13 13 58 79 245 279 327 342 401 489 494 645 843 950
5 149 407 508 946 955
7 60 178 200 206 297 566 899
6 63 221 261 716 805 978
9 75 181 291 325 431 571 631 779 844
8 286 332 363 514 570 862 904 919
11 22 166 297 506 589 720 728 827 897 918 974
7 94 394 420 559 655 783 965
12 8 77 118 194 221 353 566 662 891 929 963 982
10 44 88 118 215 228 284 307 685 720 821
12 211 250 298 302 414 498 614 805 868 870 898 959
12 16 44 88 228 254 321 504 506 543 758 832 976
14 59 73 93 139 190 224 388 442 449 468 580 616 818 988
13 1 103 157 170 216 266 301 429 488 524 550 846 941
11 104 194 292 414 545 589 679 728 768 800 922
10 237 499 547 578 706 746 772 776 822 912
6 187 218 755 810 837 838
14 76 95 165 240 293 501 542 555 649 776 804 819 871 948
11 217 262 497 570 612 619 778 815 842 875 906
9 202 218 220 365 548 576 588 591 603
9 128 130 159 410 520 590 767 787 895
14 35 38 119 178 223 327 428 552 670 766 784 802 807 898
13 11 43 288 345 432 450 513 649 665 739 982 991 995
12 4 88 98 106 143 154 201 300 417 536 901 972
11 66 99 117 144 205 275 299 455 687 723 788
15 210 263 282 288 294 340 400 407 410 509 513 522 759 822 895
15 17 127 208 211 227 270 318 349 374 499 546 796 835 907 931
4 383 588 743 969
12 19 44 138 182 211 257 466 531 687 824 839 903
13 135 143 195 200 311 339 374 462 541 569 578 706 722
9 39 136 141 234 371 555 663 685 895
8 78 213 256 315 396 648 669 829
6 204 292 501 696 711 959
7 142 147 226 255 521 609 679
12 26 144 225 246 424 432 511 512 695 787 835 949
11 74 218 292 358 371 392 486 646 770 926 988
13 40 78 89 105 148 201 203 245 276 347 459 759 962
8 39 142 280 374 560 628 738 878
11 169 238 503 544 568 683 729 791 802 857 964
12 170 183 332 348 365 415 441 554 639 836 880 897
13 129 173 304 400 472 498 518 565 616 698 709 936 971
10 270 310 324 334 351 567 593 806 829 841
10 78 222 339 448 629 640 652 676 720 970
11 93 139 261 268 406 623 783 806 837 873 879
12 55 74 187 251 285 436 456 496 737 882 931 936
10 207 369 476 487 564 649 835 844 881 963
13 230 301 395 434 436 445 454 466 477 488 546 813 946
6 49 280 348 736 811 825
17 10 54 84 129 180 209 247 254 292 309 412 448 510 535 611 745 925
9 132 254 278 321 366 846 848 933 944
6 32 187 414 821 922 976
13 44 50 51 60 132 269 320 708 726 769 840 896 988
10 21 279 375 466 472 633 665 693 769 938
10 68 93 192 228 267 351 546 549 640 717
9 97 142 226 280 494 701 710 823 954
13 56 91 169 240 292 345 399 440 466 758 776 799 875
6 309 610 697 709 769 863
6 257 273 579 650 782 882
9 1 156 191 202 310 469 630 737 827
15 40 123 236 283 396 604 609 633 667 871 958 959 972 991 996
9 75 82 95 145 254 318 847 935 939
4 457 665 721 858
19 10 172 203 240 241 252 338 477 490 514 559 591 642 650 689 767 808 863 865
11 0 33 225 384 443 615 712 802 855 886 911
9 76 132 223 262 379 447 653 775 778
9 20 152 175 220 249 259 338 548 702
8 302 430 484 531 616 748 760 861
21 63 77 94 181 257 350 357 450 456 493 504 592 604 614 638 655 673 705 761 819 952
16 5 69 89 292 393 455 513 544 599 623 692 738 753 923 968 998
11 76 195 235 286 484 596 620 697 824 898 936
11 105 210 256 319 439 469 578 586 686 780 839
10 5 217 384 472 701 719 766 819 822 963
12 12 75 97 157 379 471 599 636 649 759 861 914
6 44 293 538 632 688 822
13 72 94 205 282 305 317 352 443 488 618 718 890 950
4 9 150 245 448
15 53 66 235 279 308 511 540 567 624 721 744 776 831 931 964
14 243 370 505 539 549 571 586 613 705 708 837 838 841 939
13 31 218 233 367 393 420 662 714 732 760 770 894 930
13 37 104 140 285 289 323 491 569 612 688 713 745 986
9 99 348 353 414 514 564 588 878 983
10 81 110 249 284 328 397 607 740 769 944
12 99 425 583 613 629 689 690 748 854 903 904 977
13 82 102 152 216 341 471 491 571 750 776 816 916 952
14 45 140 228 371 376 404 572 583 588 660 676 716 920 937
8 90 140 303 320 573 591 726 926
9 241 395 514 578 599 691 749 861 887
13 93 105 139 192 244 268 297 307 476 656 780 947 961
15 126 229 239 246 281 293 302 336 462 488 553 764 788 812 957
10 65 108 148 280 399 473 609 615 792 959
12 37 49 84 217 266 463 581 633 769 776 848 913
10 251 290 373 384 390 714 720 828 887 894
12 20 122 165 181 201 273 318 568 719 765 913 999
9 74 92 158 175 236 271 416 447 894
10 8 128 197 261 503 562 742 744 801 824
13 96 308 332 413 453 508 610 741 772 775 820 834 956
10 65 96 139 184 214 217 443 501 642 913
10 271 308 388 469 489 499 756 911 923 989
9 111 283 291 501 525 593 737 864 973
9 113 158 196 290 459 616 918 957 995
8 206 224 227 240 247 260 295 648
16 78 90 101 209 265 280 388 519 524 569 577 605 636 673 731 794
7 104 217 362 527 643 681 901
15 71 162 292 434 586 743 755 885 914 916 920 945 982 987 990
8 75 136 388 414 573 582 761 937
7 194 198 279 324 381 445 838
5 202 317 407 416 675
11 79 137 139 216 402 430 476 494 556 624 946
10 132 171 215 344 368 753 789 790 936 967
7 205 238 489 494 853 875 972
17 73 96 181 202 258 280 452 575 591 611 681 754 833 853 870 877 899
11 191 277 338 381 391 430 443 611 669 671 921
11 59 78 189 232 338 446 498 640 643 673 765
9 97 109 266 460 469 696 728 846 902
15 41 44 142 184 340 379 447 483 547 639 716 769 815 975 991
8 58 68 201 279 378 552 670 968
7 162 268 287 289 357 945 991
15 48 115 240 248 432 457 711 741 776 856 902 903 913 934 963
12 44 166 233 250 333 343 367 674 683 769 800 815
12 88 112 141 221 316 412 429 442 536 545 551 669
6 142 143 147 701 760 788
10 51 323 326 500 609 700 785 800 960 971
5 46 513 749 795 919
7 223 320 346 377 544 682 726
5 186 311 447 682 716
8 107 266 298 597 799 865 972 991
15 90 218 252 284 569 572 628 639 686 710 734 744 756 819 859
11 50 186 262 365 436 519 533 586 642 756 999
19 30 56 87 165 186 243 277 315 372 432 500 623 730 818 822 840 867 899 907
6 91 203 241 547 842 947
6 105 541 573 683 956 957
10 170 271 313 341 445 519 523 849 896 964
14 3 51 125 154 155 233 297 339 527 673 688 702 703 841
15 58 196 329 392 401 441 496 538 583 595 703 742 804 834 981
13 313 455 462 464 561 632 637 690 826 864 868 923 973
13 2 99 115 166 176 192 213 354 475 577 655 673 882
9 121 273 493 715 826 850 921 934 983
8 325 381 467 545 658 698 741 755
4 578 686 768 991
8 62 116 518 610 704 847 903 970
14 61 123 197 231 287 416 488 560 583 632 641 888 892 931
8 81 310 512 573 637 679 717 776
18 101 131 141 168 233 350 391 404 429 430 468 531 538 583 586 600 796 838
10 33 96 106 161 356 484 684 700 783 809
14 34 98 172 280 365 376 604 619 621 674 682 835 843 907
8 114 132 378 457 635 702 877 967
13 2 139 254 257 303 304 349 441 443 504 693 734 996
16 37 152 221 234 324 483 485 558 619 664 722 832 902 919 920 935
14 12 95 179 217 306 731 733 792 799 845 874 898 939 944
10 78 275 323 416 541 610 846 858 944 945
8 57 58 82 192 448 541 754 786
7 51 135 310 350 533 577 763
14 49 300 392 410 472 484 618 651 703 811 866 885 965 984
8 214 247 388 580 664 757 768 950
9 71 161 165 315 355 417 653 785 948
10 72 228 441 643 693 722 749 875 879 992
7 43 168 231 239 272 715 834
11 161 179 218 338 422 563 853 897 945 955 957
6 35 259 334 343 383 941
12 8 16 119 233 245 352 425 482 582 902 959 995
9 3 163 266 351 408 430 483 615 708
9 200 272 522 573 603 609 720 900 940
2 40 327
8 118 346 488 491 496 665 694 878
10 26 87 138 335 363 418 510 643 665 786
5 71 259 308 609 610
9 57 61 97 104 156 227 765 940 972
8 365 386 399 480 617 631 687 804
16 10 84 171 191 361 683 694 704 707 721 819 836 845 862 934 946
13 8 21 30 54 102 360 364 816 844 871 879 938 956
7 294 416 704 748 797 949 969
10 14 93 107 171 197 356 420 634 769 940
12 162 361 480 611 705 775 793 799 806 813 882 888
15 170 211 231 319 336 359 535 565 567 572 633 672 743 892 983
10 97 138 241 410 421 519 714 726 793 852
12 35 270 310 385 442 507 516 599 643 808 829 916
9 105 300 432 479 646 665 705 771 918
16 12 15 39 81 122 136 145 177 237 481 548 572 593 655 753 866
8 269 514 543 556 700 715 737 903
14 222 227 276 375 412 553 559 662 702 754 794 804 853 898
8 36 60 109 320 679 726 883 998
12 2 31 283 381 466 519 598 619 638 646 801 827
17 27 127 149 218 221 229 415 427 487 511 620 653 747 772 829 897 901
14 1 95 119 188 244 371 583 621 631 644 751 816 880 997
18 14 49 54 167 171 276 336 397 398 490 530 557 620 624 694 784 808 887
10 161 315 494 615 639 831 893 905 927 929
12 307 337 389 421 528 562 574 594 773 917 922 959
14 123 256 264 306 391 401 415 529 536 691 817 886 950 953
8 472 490 503 662 665 774 915 963
14 20 128 165 188 297 303 329 373 438 484 576 761 779 977
7 478 540 557 646 770 788 858
12 75 124 219 350 421 423 489 681 783 804 902 975
9 108 255 263 283 512 651 667 771 935
12 58 170 367 393 445 531 536 606 664 847 928 993
11 162 359 535 562 632 636 790 848 849 865 952
8 72 403 482 507 597 674 858 891
11 96 150 156 204 289 293 296 345 649 692 767
11 47 108 121 180 378 621 788 832 871 895 907
13 4 283 416 441 552 644 656 704 790 796 940 948 992
10 303 334 379 604 813 847 870 893 928 951
10 36 135 137 227 325 344 655 703 894 987
9 128 132 260 270 385 467 482 516 828
9 137 199 493 549 665 688 730 900 964
7 166 238 278 513 514 743 880
11 15 67 122 129 223 251 410 450 672 861 962
7 116 148 273 376 401 566 594
6 156 376 780 922 935 999
9 96 123 247 281 359 695 707 781 808
10 22 76 217 232 416 476 573 608 725 860
11 96 192 325 379 397 459 518 825 893 963 964
9 69 299 621 723 754 767 879 942 992
11 89 114 115 387 545 552 652 719 826 863 954
8 21 276 334 439 683 785 811 960
8 482 488 611 756 818 903 966 983
4 91 235 662 764
11 71 193 217 298 410 455 542 593 744 818 966
8 77 352 423 456 722 793 820 860
8 137 147 491 514 610 679 753 991
13 11 212 217 344 366 396 407 519 719 779 808 876 992
7 431 584 618 814 841 978 983
10 29 158 240 311 371 492 574 710 965 969
7 30 179 287 779 876 946 952
15 71 77 90 113 166 202 206 242 272 296 507 598 682 731 797
8 191 231 374 379 457 523 862 905
14 131 285 298 332 341 362 390 400 491 627 734 787 892 935
13 18 23 50 144 215 346 438 546 647 674 748 798 965
8 101 124 356 445 483 515 669 700
5 530 576 714 761 818
7 149 199 270 363 880 955 974
12 141 366 378 383 572 578 603 662 827 901 931 984
8 20 85 349 527 608 737 962 991
8 175 383 408 470 548 561 640 863
8 226 542 640 660 702 712 796 841
5 274 351 475 862 906
9 94 109 431 445 446 607 704 736 831
9 2 34 374 477 513 615 684 921 972
4 82 130 213 782
14 79 186 205 311 334 434 476 533 559 588 710 726 826 908
12 66 258 299 303 334 352 552 637 694 713 876 949
9 161 196 411 426 561 565 592 656 671
12 6 83 214 226 309 320 368 467 520 529 937 974
7 153 667 671 695 805 909 924
8 95 189 238 295 429 531 714 860
9 17 76 459 557 622 714 763 792 882
6 236 238 319 582 622 771
13 21 51 449 504 528 601 607 662 825 936 940 978 983
8 135 138 381 417 490 511 801 988
6 106 109 262 404 518 695
9 48 58 90 130 247 514 863 874 890
16 32 169 231 325 338 347 390 457 460 481 627 672 714 735 746 814
7 191 204 311 367 716 729 858
13 36 255 266 288 303 338 562 629 644 712 722 907 935
14 32 46 143 161 450 499 513 523 608 635 660 770 878 937
9 76 238 297 323 385 418 426 689 735
10 166 304 426 545 764 801 832 931 952 999
6 256 285 306 316 753 765
10 104 234 240 267 342 547 775 803 924 985
11 38 204 437 459 460 636 759 856 931 957 984
9 56 91 150 214 259 396 444 493 963
6 34 94 98 467 863 988
7 90 302 602 712 811 819 888
8 153 157 287 583 679 742 835 879
5 136 238 775 840 902
13 15 186 216 260 326 407 461 519 737 762 825 865 965
12 70 72 170 236 259 408 499 793 814 818 877 954
11 253 309 337 415 441 589 818 824 898 941 965
9 104 528 632 663 853 871 877 884 910
12 18 96 106 133 228 291 401 435 449 470 856 887
12 2 151 305 441 449 625 650 656 683 713 841 910
6 86 100 455 520 552 996
9 221 280 326 532 563 664 668 839 969
9 71 93 282 535 561 733 761 861 991
8 32 39 326 507 568 809 870 919
8 489 541 549 613 708 763 794 861
12 70 111 117 172 220 238 244 247 373 823 871 925
8 329 393 432 451 630 786 883 949
7 181 204 334 655 829 841 894
15 20 40 72 109 250 262 289 305 505 506 552 643 746 814 936
5 101 423 459 626 779
14 24 186 264 275 586 685 723 790 840 844 863 881 896 962
12 23 53 94 128 139 232 244 263 344 380 913 965
12 6 84 122 132 281 520 573 641 756 790 894 959
7 0 40 181 489 792 899 949
12 14 19 122 327 425 500 540 596 638 732 752 788
13 41 55 139 167 237 279 299 400 429 504 648 719 941
8 0 143 238 254 427 495 658 889
10 11 137 382 536 548 600 862 874 888 919
8 47 84 156 368 566 764 772 926
7 359 364 775 802 811 961 963
9 25 163 369 441 595 848 859 873 901
6 351 387 393 405 500 979
11 46 62 162 306 339 352 418 743 762 768 895
17 47 81 132 137 149 172 258 261 335 344 381 497 554 622 825 953 972
10 22 31 339 574 722 726 798 811 829 911
8 70 86 227 741 742 815 891 903
10 72 118 237 374 500 544 833 856 896 908
15 44 205 238 266 280 332 355 405 541 615 636 739 785 819 832
13 19 117 149 181 192 289 301 383 465 474 493 590 611
10 99 164 254 376 380 438 529 559 780 808
16 153 271 275 355 409 416 512 616 635 654 692 753 842 844 853 934
6 412 656 737 738 881 888
12 148 259 328 394 450 489 507 596 843 883 890 908
12 64 122 192 246 299 301 377 539 557 658 700 788
2 160 477
8 53 100 236 325 355 665 743 909
8 35 71 210 484 589 663 869 928
14 59 102 154 178 202 232 304 683 711 752 788 820 896 929
12 24 112 161 207 218 289 444 456 735 790 972 987
11 177 313 320 475 482 487 538 615 824 906 945
8 209 224 288 290 737 871 892 970
5 2 130 157 528 982
13 0 63 95 230 286 380 526 552 683 687 865 889 947
13 47 203 259 338 437 476 651 773 782 831 871 882 948
7 22 40 269 469 538 572 726
6 198 203 469 605 612 660
17 100 117 122 129 367 387 414 464 493 511 653 681 741 810 835 847 982
7 193 287 531 714 729 774 803
5 2 164 217 835 863
10 78 162 240 356 521 752 793 823 832 982
7 26 52 226 268 374 438 507
18 118 122 164 226 333 384 491 519 553 711 782 790 822 837 891 912 956 990
13 26 214 217 260 314 395 427 444 624 753 765 831 941
15 32 45 169 197 254 272 278 370 395 409 440 699 894 942 964
9 2 10 101 112 182 418 602 670 960
8 23 367 393 518 566 683 693 807
10 14 39 70 644 777 817 826 836 863 868
11 101 232 331 401 439 516 521 624 786 820 971
12 102 153 293 319 323 366 373 410 455 512 545 720
14 18 31 212 432 461 473 522 587 643 677 693 781 842 928
9 225 510 518 585 606 654 702 776 959
7 217 353 520 537 737 931 991
7 72 132 143 172 323 415 444
8 171 187 205 293 553 563 636 882
7 290 536 609 702 716 859 939
9 70 503 570 597 652 724 795 858 976
11 25 180 294 324 422 560 631 730 850 882 924
12 29 75 378 437 458 502 599 697 708 822 881 915
6 379 432 490 649 726 891
6 38 42 101 376 419 881
14 120 154 220 258 334 385 434 508 572 587 676 741 772 894
8 180 462 705 732 738 745 752 993
8 32 128 319 343 429 605 906 945
7 543 697 715 750 799 822 951
12 52 93 110 240 365 386 463 540 590 686 790 806
10 215 311 379 385 478 525 623 768 779 914
10 6 58 74 148 156 522 831 847 877 895
9 148 265 325 334 500 505 552 603 722
9 71 269 494 598 654 849 863 898 937
11 42 97 115 268 382 475 535 542 595 903 969
19 39 86 141 147 221 322 341 342 465 488 553 657 672 686 702 762 771 791 879
9 209 407 424 540 565 670 911 922 992
14 41 46 119 127 157 179 203 370 534 560 708 873 970 982
11 15 39 230 260 315 487 608 645 651 764 786
9 149 206 311 329 403 446 519 725 892
9 218 238 245 417 565 566 860 942 987
9 49 207 306 321 448 622 683 711 899
12 30 211 257 369 423 478 561 629 696 760 763 922
12 56 168 184 245 269 394 465 595 700 829 880 889
6 176 205 552 679 747 958
9 57 183 311 672 682 683 847 919 939
15 84 213 307 390 403 430 461 469 503 538 550 559 639 774 854
13 100 167 280 371 512 524 541 722 723 727 894 924 931
8 3 101 116 231 484 566 570 665
13 87 101 108 174 178 209 222 720 746 854 874 909 917
15 22 39 77 123 154 299 370 576 696 747 802 869 964 975 982
9 53 132 173 376 382 435 494 688 774
8 97 143 339 642 668 840 876 896
9 199 254 371 429 490 552 711 729 750
14 79 80 229 332 527 543 571 629 684 773 820 870 922 983
9 61 96 326 423 431 463 548 615 695
9 38 130 286 378 386 443 961 964 993
10 50 349 462 524 618 719 749 753 807 994
9 237 272 619 655 683 731 747 785 955
11 46 141 232 365 431 542 546 641 656 657 794
18 49 58 79 93 194 200 397 479 516 546 554 607 628 753 761 778 827 933
8 157 233 268 365 597 615 820 991
10 71 171 230 284 464 581 806 849 877 913
6 56 221 271 293 318 810
14 42 153 197 210 526 554 605 665 678 729 768 871 910 981
9 99 113 196 269 275 560 827 842 850
9 276 318 365 369 421 505 531 720 890
12 5 161 277 296 322 333 353 400 473 770 842 962
8 63 378 412 485 619 710 858 862
3 44 302 972
10 54 211 381 419 556 661 676 689 840 867
13 55 115 171 293 327 343 624 727 839 843 907 914 932
17 9 22 207 221 262 278 330 421 595 661 687 698 704 804 824 892 938
5 146 249 623 772 858
9 106 122 204 345 604 636 686 945 993
15 49 103 110 144 146 153 282 568 700 730 781 783 876 905 925
14 35 46 144 296 351 436 610 690 768 782 833 876 877 979
14 274 276 325 332 334 375 453 602 647 659 698 749 884 920
8 44 105 411 654 665 666 727 880
4 145 521 744 835
12 262 269 295 319 334 471 658 744 834 883 889 984
6 520 531 698 777 852 985
14 29 47 139 211 219 272 276 429 686 769 783 925 933 937
9 19 105 198 206 457 497 610 775 838
8 83 85 135 212 489 535 622 878
11 211 254 277 302 676 774 813 854 870 916 954
8 17 157 188 259 431 627 753 836
11 4 233 290 369 407 613 693 812 939 940 975
9 48 378 397 641 647 653 846 864 888
8 325 481 540 549 578 742 755 935
8 29 114 261 475 493 671 765 901
8 94 128 317 387 526 567 829 939
9 61 104 373 414 539 745 807 827 964
14 40 125 129 164 260 264 278 367 528 688 742 845 883 902
9 174 334 478 793 803 851 853 858 931
13 26 70 103 182 437 696 776 781 799 838 872 904 940
4 452 515 583 994
10 211 353 421 538 699 737 748 815 837 919
9 84 127 251 259 336 391 580 679 707
9 32 87 293 506 533 570 659 799 954
5 171 178 385 521 727
8 82 273 426 437 566 755 808 845
11 35 59 105 133 400 422 444 544 622 629 728
13 87 225 251 281 313 353 357 525 636 669 750 751 914
13 42 248 287 331 341 357 409 582 589 614 790 904 916
19 30 51 75 82 118 176 240 302 303 364 405 489 654 724 753 840 905 906 913
16 21 23 57 116 210 271 506 651 797 799 873 884 916 957 976 982
10 61 269 274 465 593 622 691 728 927 956
13 10 67 101 136 202 259 610 735 755 760 885 918 957
14 53 119 255 281 352 377 427 488 500 561 567 692 758 799
8 204 232 258 291 491 845 906 925
9 78 126 359 661 685 909 960 984 987
9 50 95 143 266 344 411 563 741 855
12 122 149 210 336 339 373 564 574 708 760 782 870
6 145 155 261 374 376 876
9 44 105 155 336 375 389 402 657 672
10 12 103 435 436 484 547 590 608 613 860
10 122 182 235 260 320 536 579 639 670 801
13 5 28 65 133 268 299 376 513 518 577 687 775 793
8 67 102 460 675 713 803 852 855
3 28 124 470
5 416 441 592 876 891
9 9 60 165 229 318 566 665 933 940
10 93 234 274 443 548 560 608 710 740 951
9 54 82 130 250 467 814 826 877 891
10 196 359 375 527 648 662 703 721 820 944
18 6 11 15 49 76 89 98 103 123 191 265 326 332 386 458 696 733 765
8 76 105 244 251 282 365 821 927
7 11 99 187 363 665 936 995
7 20 66 337 444 491 710 981
9 53 264 293 386 449 488 524 580 609
10 75 77 145 152 326 333 430 707 875 961
10 17 68 74 89 259 373 475 684 982 989
9 40 231 306 318 377 552 623 646 693
7 156 165 234 245 304 423 424
14 188 332 473 565 594 717 726 729 739 787 793 884 886 923
8 77 254 288 319 558 672 744 828
11 87 294 304 347 356 367 469 520 718 730 968
9 47 142 375 390 443 517 870 979 994
6 119 122 125 192 544 898
12 4 53 148 164 227 368 373 382 639 861 874 899
9 30 417 583 594 658 681 700 708 847
10 24 71 86 223 292 476 631 783 905 998
14 142 209 214 237 264 388 529 674 691 695 776 787 801 946
8 134 249 254 460 662 673 887 942
6 344 384 504 544 612 853
10 25 41 69 234 403 526 694 868 872 910
11 1 95 256 346 374 507 594 841 869 914 959
6 491 521 539 584 611 811
19 52 54 73 132 135 139 199 259 327 369 392 468 564 692 815 896 897 900 904
15 7 9 41 66 279 390 431 460 492 565 677 681 683 689 935
7 59 153 541 565 621 821 940
8 34 329 477 494 586 647 752 991
7 18 71 149 163 583 605 795
8 276 424 444 506 704 790 846 872
7 115 576 578 617 759 862 889
13 19 117 200 270 371 380 406 421 437 631 650 685 692
6 10 222 458 497 795 827
10 27 161 339 345 385 462 689 725 798 996
15 214 244 253 355 356 368 380 394 496 554 570 584 628 634 938
6 62 84 163 584 807 913
10 56 99 107 251 384 433 776 945 954 959
9 23 117 142 182 462 558 696 704 973
11 106 189 223 303 311 418 609 750 780 823 878
11 62 213 307 515 542 623 672 673 751 802 833
10 74 119 134 303 431 433 596 685 721 794
12 77 138 365 396 441 541 551 621 642 670 847 943
15 8 107 152 259 293 304 324 327 650 670 674 701 823 830 832
8 70 185 310 336 387 417 649 673
4 177 298 625 713
9 191 234 276 531 576 591 695 701 706
6 5 40 73 520 656 961
1 570
14 49 206 225 333 372 409 453 550 604 719 789 810 898 925
5 43 185 835 903 952
10 294 302 383 507 647 656 773 887 980 984
10 170 174 315 316 336 414 551 789 898 957
16 230 310 322 360 404 460 498 503 516 547 551 564 656 780 796 977
10 44 335 427 560 638 703 817 915 952 978
10 121 201 222 471 617 662 671 696 699 956
11 43 148 177 262 318 330 535 541 580 588 979
11 35 57 190 216 220 359 503 578 624 828 971
11 149 265 271 324 394 557 599 749 807 892 905
8 254 274 445 576 656 664 770 840
7 274 326 582 732 795 928 965
7 54 132 278 379 613 649 704
11 100 143 157 260 388 491 615 655 662 754 963
11 127 182 244 338 347 516 520 593 639 808 921
10 39 85 355 360 376 430 652 777 920 985
10 158 226 399 433 439 561 649 676 720 790
17 19 39 70 120 130 187 224 305 548 556 601 632 668 685 746 826 945
6 97 110 248 261 528 534
11 42 53 232 329 578 583 587 707 778 875 955
9 16 23 87 514 603 685 710 726 828
14 2 5 55 313 335 370 418 494 549 581 647 805 880 943
12 23 50 105 125 170 246 263 312 673 676 838 944
11 257 324 337 371 424 521 525 541 884 960 969
13 13 42 115 165 324 325 344 392 631 684 772 867 936
15 23 55 102 109 122 331 360 362 390 426 578 660 668 691 732
10 11 47 259 269 364 368 532 755 811 956
5 98 207 221 676 936
13 55 189 191 360 399 604 637 698 723 730 736 740 888
10 76 243 269 352 465 528 543 619 647 767
4 232 248 791 952
12 101 246 318 412 429 574 629 635 699 738 810 841
10 14 224 309 498 512 547 559 784 827 965
10 186 255 424 443 452 796 810 835 867 895
9 4 181 190 271 430 460 625 675 913
12 31 270 283 366 419 434 435 441 508 781 827 998
8 69 328 348 370 534 842 864 989
11 0 23 98 128 182 195 276 306 316 442 525
7 122 245 333 641 913 934 992
3 180 266 643
11 117 263 284 403 410 476 563 679 731 796 952
16 43 66 198 201 234 283 353 519 555 572 695 739 744 865 891 937
8 98 253 268 360 631 671 899 961
8 221 339 347 408 443 485 538 553
8 216 402 471 553 707 735 766 845
6 179 526 611 823 971 989
10 27 61 124 134 400 545 664 758 793 814
16 127 155 159 243 277 315 366 372 429 485 505 529 641 699 856 945
7 553 577 584 606 771 923 974
9 165 198 206 305 608 613 825 881 904
12 73 91 230 442 508 559 570 641 837 961 977 994
11 320 394 527 581 643 707 736 737 865 891 926
9 17 56 188 293 340 414 564 719 787
9 21 71 85 151 270 475 532 690 704
7 61 340 463 632 748 921 923
6 123 318 338 416 795 925
7 153 441 445 499 614 723 977
13 49 103 168 239 426 707 730 787 810 834 950 980 988
17 155 160 236 250 290 370 422 455 492 501 522 603 730 786 787 871 984
10 75 229 260 492 532 710 781 845 891 955
12 1 173 214 488 641 720 764 851 908 934 940 964
6 19 273 629 707 888 982
13 48 73 106 166 287 309 329 486 507 531 618 822 958
12 7 119 125 143 286 325 453 486 595 599 835 870
10 135 185 219 295 365 395 483 496 773 991
11 152 173 268 286 318 407 585 586 642 720 806
8 240 271 532 598 757 877 902 904
9 147 158 182 207 441 469 555 696 887
9 0 134 163 374 550 556 564 843 873
14 53 146 258 274 362 417 603 733 775 788 816 919 938 990
8 144 278 314 347 563 583 688 918
14 47 108 122 162 183 275 534 559 609 669 898 950 951 953
5 375 609 670 866 975
6 475 498 510 532 658 999
14 17 260 300 369 409 447 491 513 563 566 592 611 782 863
11 18 80 85 170 302 342 371 402 692 906 928
9 148 208 295 329 595 607 614 705 948
13 32 289 318 319 405 473 831 868 954 955 972 974 985
6 31 62 112 120 345 745
7 151 185 203 247 615 725 888
9 30 54 81 217 228 264 449 661 862
10 87 138 258 270 312 548 614 619 945 994
8 259 296 381 419 463 566 961 966
9 7 455 483 541 783 821 878 903 917
7 62 170 343 435 465 548 796
13 75 101 159 162 280 406 446 479 544 739 791 853 953
11 65 121 187 284 304 358 447 513 596 632 898
9 28 135 155 213 263 723 830 893 959
9 35 212 254 388 402 708 919 985 990
7 206 330 345 483 536 570 582
16 9 71 243 244 248 273 282 306 310 363 588 797 818 845 956 992
12 87 227 270 382 444 573 689 819 828 834 885 909
10 50 167 368 384 436 541 727 899 954 994
12 66 207 287 374 479 531 579 703 819 868 871 923
12 8 99 100 113 378 504 560 681 743 843 867 941
11 141 180 380 508 552 557 591 776 791 873 997
10 256 287 364 448 454 480 589 624 748 823
21 25 27 145 177 207 209 247 268 275 282 309 333 521 601 649 667 774 885 935 990 999
8 29 185 517 587 694 838 845 986
6 144 210 256 566 698 919
9 43 196 381 410 413 470 536 898 937
10 262 279 398 490 669 683 837 862 917 998
13 187 399 520 581 601 714 738 817 914 941 942 967 973
9 249 428 504 512 582 619 753 869 936
10 199 235 335 383 581 588 648 762 940 970
9 22 146 213 376 711 837 862 947 998
10 39 88 157 313 346 404 488 564 829 914
6 342 356 467 518 544 737
10 142 212 226 416 641 649 731 736 737 808
12 131 216 280 312 382 389 475 494 498 748 840 912
6 144 300 679 682 973 985
15 33 129 300 386 390 471 473 499 512 535 610 660 695 796 978
10 22 48 95 230 541 709 764 774 860 884
8 174 281 340 435 474 845 956 995
15 19 121 125 187 364 366 408 456 510 600 624 641 725 819 853
8 136 164 293 371 465 565 671 906
8 8 314 526 659 663 690 734 797
12 20 45 92 218 334 390 424 683 712 719 763 790
9 16 107 119 362 414 612 769 795 879
8 57 82 96 417 485 664 885 901
17 4 106 136 163 247 317 340 364 534 601 605 612 615 807 847 866 986
6 101 172 206 310 313 825
12 286 373 438 446 623 649 811 820 856 914 920 968
11 179 213 230 255 480 556 670 876 878 908 919
9 30 118 188 448 508 600 625 824 841
9 72 82 209 325 359 371 383 578 883
5 31 195 202 433 700
10 147 233 235 364 535 568 744 832 978 986
10 190 213 516 563 598 666 688 799 891 994
12 102 126 140 254 367 376 399 410 490 607 693 787
6 1 176 335 464 875 996
9 208 507 569 679 710 712 736 845 850
11 70 186 239 344 404 452 480 485 654 705 801
10 18 22 111 139 280 593 848 852 882 972
5 238 364 391 591 967
10 118 411 441 456 469 630 725 870 939 940
12 0 83 97 101 109 210 306 310 486 603 655 891
10 37 102 275 361 375 748 842 854 938 946
7 119 152 187 379 517 684 781
15 7 186 204 320 405 407 419 456 457 769 846 865 959 961 971
14 24 209 259 263 318 360 452 488 770 772 793 901 911 926
10 287 408 498 518 560 567 631 801 912 936
11 68 154 191 201 242 633 657 762 831 843 937
14 85 98 180 186 207 217 263 265 320 512 528 534 741 837
10 8 121 246 466 510 669 673 724 775 949
9 158 220 261 286 457 500 578 803 849
10 71 164 239 401 437 455 484 728 800 880
10 326 328 403 429 517 630 696 900 964 971
12 198 250 373 421 566 571 598 663 711 714 847 921
10 36 157 283 393 642 687 699 770 911 977
14 14 34 223 233 367 374 468 485 549 597 785 859 888 892
3 673 766 951
14 25 67 268 377 426 504 513 537 756 821 900 931 979 985
10 203 339 389 446 488 510 673 806 910 941
9 9 77 86 114 302 487 582 670 987
13 3 42 46 88 104 111 287 325 348 586 736 770 861
15 218 226 237 336 453 507 509 585 680 712 742 845 889 919 929
9 41 108 115 142 231 360 517 592 891
12 46 67 140 208 235 269 512 603 729 780 784 822
13 6 61 208 269 297 334 589 601 701 777 883 908 948
8 88 220 262 462 577 840 866 910
19 18 19 68 74 159 243 320 454 471 558 576 611 689 788 839 883 908 913 941
13 15 17 233 269 324 411 424 460 468 653 710 803 992
10 114 210 321 491 520 571 573 715 816 846
11 4 90 192 336 493 577 747 773 821 918 919
8 4 44 133 196 237 361 471 491
13 340 360 599 607 616 723 738 769 777 792 810 835 916
12 58 99 108 205 241 305 341 594 660 818 842 859
18 7 21 29 52 98 252 331 385 391 507 537 551 647 672 799 827 869 942
12 14 77 92 128 241 282 386 481 812 902 921 938
10 79 323 386 539 568 824 860 876 907 996
6 136 328 527 571 810 878
6 180 600 739 887 949 961
9 140 188 366 587 625 812 890 916 917
14 28 110 190 301 302 349 371 458 491 600 651 764 793 878
6 170 274 552 555 591 816
7 157 159 255 618 625 897 969
10 159 176 309 449 459 487 726 801 890 969
4 43 125 230 933
14 11 97 130 140 253 341 382 387 442 526 574 579 600 892
8 91 109 143 318 481 525 829 846
9 71 400 408 434 546 622 791 849 902
9 258 264 278 396 463 465 646 834 905
12 197 360 415 425 478 574 661 759 780 784 949 977
15 68 89 248 254 403 423 440 451 471 509 517 539 753 941 976
5 8 290 326 594 715
10 115 254 317 386 455 503 720 730 818 884
11 2 44 80 344 369 751 799 839 893 947 966
8 36 140 320 576 703 712 773 932
11 105 149 178 202 326 517 652 756 772 876 904
11 47 110 497 556 653 782 847 925 940 967 990
13 3 64 202 302 391 464 560 591 619 644 742 814 901
17 59 61 78 126 209 251 361 389 458 466 501 504 570 737 772 905 924
4 601 652 660 983
6 235 481 543 612 747 774
6 340 440 478 555 646 927
10 91 210 247 301 347 637 698 809 892 959
16 7 41 164 410 413 430 558 581 582 620 627 802 849 868 913 975
17 28 133 143 151 185 302 337 456 458 537 568 582 630 745 910 947 975
10 229 272 355 444 590 669 762 802 850 853
8 152 235 347 361 402 453 541 797
15 24 54 129 163 183 231 375 395 420 549 584 700 825 913 931
11 104 124 146 237 471 492 528 530 728 944 980
12 9 21 236 249 327 364 435 504 524 527 812 887
9 149 372 467 493 586 599 804 838 840
12 1 71 133 165 458 583 612 641 702 791 865 993
9 41 56 139 295 344 614 770 776 798
9 120 130 174 255 379 641 947 975 977
10 278 283 376 459 650 681 746 851 882 921
14 117 332 364 452 478 492 594 707 740 758 829 892 943 960
8 36 477 503 549 586 661 835 910
7 179 266 440 493 572 852 856
17 33 58 119 128 200 387 486 512 529 627 630 720 730 738 807 815 836
16 26 30 54 165 332 365 416 501 545 578 688 829 858 875 888 981
9 49 137 377 391 401 766 866 979 998
17 23 46 95 97 169 270 283 285 392 468 473 514 531 553 946 947 998
14 5 14 55 174 179 212 217 222 389 483 537 712 925 983
11 148 243 323 471 487 498 558 655 900 949 950
8 16 102 198 231 349 374 655 855
17 39 107 202 213 261 340 371 457 539 645 679 682 750 765 779 954 966
11 156 194 302 320 474 547 646 721 771 909 980
11 9 47 107 178 353 394 655 826 831 896 993
15 24 54 86 119 215 294 374 421 481 596 798 819 870 946 952
11 72 305 309 339 351 383 454 599 745 848 860
13 36 220 274 309 331 370 405 486 540 680 762 927 983
10 83 197 274 601 610 655 728 745 868 975
13 14 72 82 173 377 415 581 611 648 688 861 871 980
13 45 63 123 136 178 210 425 500 533 611 616 754 794
7 218 320 336 389 443 577 849
9 45 429 487 493 739 802 838 840 914
9 35 63 94 433 496 555 617 770 899
9 458 460 570 652 832 839 877 889 996
9 19 99 255 289 485 542 819 828 997
5 189 207 512 788 820
18 35 70 282 284 288 309 472 568 611 666 713 717 840 876 880 950 953 954
11 22 264 295 536 577 609 653 781 785 801 908
8 25 61 149 380 528 684 991 992
11 32 154 275 295 367 591 610 612 845 852 960
9 47 136 163 378 555 762 780 852 947
7 5 198 291 368 614 749 843
14 1 197 314 339 464 478 551 603 748 767 778 802 835 843
7 65 276 295 339 583 694 801
11 86 108 138 303 328 427 693 733 827 848 887
9 184 206 242 378 398 542 548 560 990
10 29 152 179 260 289 326 641 727 733 772
9 15 24 108 127 433 448 527 553 871
12 83 105 162 240 466 581 588 616 679 734 869 895
6 227 277 479 730 819 957
9 84 176 377 613 633 874 903 953 969
6 385 391 497 520 690 754
7 48 120 184 200 377 498 835
4 115 123 270 996
17 14 101 117 218 236 268 332 421 446 449 522 553 600 831 880 986 988
7 6 61 137 153 161 577 867
8 8 138 180 241 566 588 628 857
9 51 76 309 328 360 491 717 739 968
15 78 121 252 339 384 398 416 443 595 656 776 937 961 967 968
11 232 236 261 300 437 469 634 703 706 782 820
13 16 111 186 276 296 432 444 539 588 720 779 821 935
9 164 244 361 578 665 748 816 848 993
13 14 21 31 252 269 340 525 551 593 597 814 961 979
14 93 353 358 363 390 437 593 601 628 657 739 783 814 869
11 56 205 350 457 476 513 773 781 832 840 863
9 89 132 402 514 546 650 781 847 966
4 34 672 700 888
13 19 28 109 150 181 241 273 340 341 631 701 881 963
12 295 308 341 349 500 533 580 667 696 726 760 978
12 75 128 150 193 238 299 360 413 649 816 894 901
9 279 321 503 784 866 877 886 894 917
10 22 62 72 117 209 346 390 504 755 838
12 53 90 226 362 430 467 474 823 851 862 896 989
10 38 161 192 266 345 379 736 750 896 913
9 46 128 129 391 534 629 750 830 957
14 10 85 259 275 386 413 446 680 684 709 719 901 984 986
7 88 379 484 750 764 913 927
17 39 67 91 121 122 166 246 403 456 591 605 667 756 771 898 913 983
10 57 79 112 193 349 420 564 698 738 756
13 121 184 287 322 361 512 613 685 705 769 792 960 994
13 69 93 167 280 291 322 349 449 612 614 682 926 951
5 147 175 251 550 741
17 40 154 167 181 202 224 251 281 351 378 473 521 653 667 766 818 875
9 112 313 404 515 617 702 888 916 956
13 100 279 480 562 637 677 721 729 761 818 851 935 939
6 134 228 396 422 471 573
10 200 237 263 309 380 401 450 480 692 944
14 88 191 230 268 323 394 401 514 556 562 598 739 826 967
9 199 344 412 417 455 457 472 690 711
8 115 124 405 407 761 866 898 942
8 26 300 337 781 813 869 935 964
10 28 98 260 307 643 801 934 935 983 990
9 219 362 412 462 540 702 855 856 927
9 53 90 114 122 234 331 501 543 783
8 141 232 313 518 687 724 818 826
15 17 67 109 112 215 251 301 317 358 427 484 499 575 756 812
9 46 51 84 145 290 326 668 781 789
7 29 74 198 420 432 727 756
10 182 306 383 556 593 751 876 877 886 904
5 203 242 526 612 863
12 6 54 110 161 274 381 683 729 735 828 862 886
10 36 178 195 411 437 684 790 806 945 994
9 127 165 482 582 644 686 831 893 939
8 82 136 681 736 881 899 905 999
6 84 176 325 570 635 892
13 129 148 200 214 295 502 507 510 543 556 612 638 740
14 58 185 272 328 365 405 411 437 560 872 895 903 954 968
9 6 344 421 449 586 617 681 737 952
9 38 58 448 587 694 756 767 789 831
8 95 108 271 777 799 806 931 952
8 61 145 295 392 499 546 617 833
12 9 31 39 104 163 204 227 243 438 451 736 931
9 16 38 46 104 289 638 715 724 949
9 115 295 512 748 767 776 869 922 968
20 7 17 22 83 104 189 214 251 306 308 317 330 409 422 463 522 567 658 743 915
9 347 390 402 410 542 717 769 841 915
8 102 385 532 562 580 884 900 938
11 34 76 563 602 644 729 760 771 807 956 978
7 3 187 214 291 351 634 792
8 251 338 461 664 809 849 910 930
6 123 149 183 375 774 911
10 12 163 260 372 648 714 780 784 893 894
8 114 284 319 398 446 752 776 980
