200
5 5 32 86 125 196
3 60 159 186
5 40 68 72 162 187
1 87
7 7 45 135 141 151 165 181
6 0 25 52 74 84 98
4 80 101 118 150
7 4 13 24 35 100 147 182
5 56 101 138 187 199
3 11 40 98
5 62 90 142 150 185
11 9 23 29 72 117 124 129 175 177 179 196
4 77 121 163 189
3 7 61 165
6 39 54 80 87 125 126
3 53 128 132
1 167
1 21
1 124
3 111 184 197
2 90 194
4 17 105 122 150
3 27 71 170
7 11 44 57 102 127 166 181
3 7 92 199
4 5 36 55 126
2 44 176
7 22 39 47 77 149 175 198
4 124 90 135 170
2 11 148
4 112 48 49 129
5 45 71 88 132 186
5 0 58 155 163 170
2 108 195
3 122 37 173
3 7 178 198
2 25 82
4 34 66 73 196
3 100 175 199
5 14 27 66 139 153
5 2 9 125 50 193
3 60 68 183
4 93 97 158 199
2 156 163
4 23 26 133 148
5 4 31 133 52 164
6 115 140 105 150 153 193
4 27 80 104 195
4 30 71 166 186
4 30 165 178 199
3 124 40 98
2 153 181
4 5 45 53 65
6 15 121 129 144 52 106
3 14 119 60
5 118 25 89 98 164
3 8 138 83
2 23 174
3 32 130 72
3 138 76 161
5 1 41 54 105 152
3 111 13 131
5 10 142 147 86 192
2 136 195
2 91 197
5 134 52 66 91 106
6 37 39 65 169 84 190
4 133 70 79 99
4 2 127 41 83
5 146 151 154 99 176
5 114 126 132 67 177
5 22 31 138 48 151
8 2 107 112 11 58 155 78 102
3 37 184 185
5 5 117 144 88 196
2 120 170
5 111 137 149 59 91
3 12 27 132
1 72
2 155 67
3 6 14 47
2 109 158
2 116 36
3 56 68 175
2 5 66
1 137
3 0 62 96
4 3 112 14 138
5 31 152 74 102 199
1 55
4 10 20 28 172
7 123 132 138 64 65 76 100
2 24 146
2 42 190
2 96 199
1 108
3 124 86 94
3 129 42 162
5 5 9 111 50 55
7 146 153 157 67 69 191 192
5 7 38 171 179 91
6 6 8 116 157 162 181
5 113 23 155 72 88
1 169
4 47 148 178 185
5 111 21 133 46 60
2 53 65
1 72
4 33 95 132 150
3 81 131 181
3 132 183 187
6 19 61 76 98 105 113
3 30 72 87
4 111 102 140 143
2 70 120
4 46 154 167 173
3 82 101 170
3 11 74 165
5 6 55 133 137 177
2 54 179
4 114 75 162 187
3 12 53 190
3 21 34 142
1 91
7 11 18 28 50 96 160 173
4 0 14 40 135
4 14 25 70 184
2 23 68
2 15 191
5 11 30 53 97 178
4 58 137 149 166
4 109 61 132 153
8 108 110 15 31 131 70 77 91
7 118 44 45 67 105 161 195
2 65 155
4 4 125 28 160
2 63 175
4 118 130 76 85
6 8 56 59 71 87 91
3 39 159 195
5 113 46 163 191 196
3 4 176 198
3 10 122 62
2 113 188
3 53 74 191
3 150 169 188
4 69 92 99 159
2 7 62
4 29 44 104 165
3 27 130 76
6 6 108 10 21 46 145
4 4 69 71 169
3 60 88 157
8 131 39 46 51 99 174 180 183
2 115 69
5 32 134 72 79 102
2 43 168
3 152 99 101
5 42 81 166 191 195
3 1 139 146
4 124 135 193 195
4 133 59 181 196
6 2 120 97 101 176 177
4 12 32 43 140
3 45 55 165
7 4 117 13 49 148 164 180
4 23 130 48 158
2 115 16
2 156 174
5 145 151 66 103 174
6 116 22 28 32 75 177
1 100
2 90 184
3 115 124 34
4 57 153 168 169
5 11 27 38 136 83
5 26 141 162 69 177
7 11 118 162 170 70 176 197
4 129 35 49 104
3 11 119 100
2 153 165
6 4 109 23 51 161 101
1 7
3 110 41 153
5 19 126 172 73 188
3 10 73 104
3 1 31 48
5 2 8 110 120 191
3 143 145 184
1 12
3 121 66 93
6 128 140 144 158 187 99
2 62 99
3 40 46 160
1 20
7 33 133 139 47 158 63 160
6 0 11 37 140 161 74
3 19 64 177
3 27 35 141
7 8 24 38 42 49 88 94
