1000
11 47 115 302 360 389 442 498 506 508 534 822
9 20 35 62 290 525 647 688 734 746
10 9 176 322 506 508 566 777 848 880 986
13 5 45 63 210 332 376 450 471 636 696 697 799 888
13 15 64 67 72 159 311 358 414 653 694 697 705 932
6 3 147 508 558 733 957
14 109 188 211 255 299 384 474 490 643 716 852 903 961 992
8 132 210 320 397 407 639 913 962
11 17 322 337 343 504 538 570 606 623 626 739
11 2 156 214 461 573 704 716 779 812 861 933
13 289 397 465 553 586 650 667 755 778 900 914 921 955
8 63 184 234 384 398 806 819 825
15 92 110 137 144 238 326 402 415 420 426 439 541 695 696 781
8 71 492 566 583 642 694 699 926
5 292 674 779 825 828
16 4 38 72 81 123 212 239 454 518 541 612 666 740 810 919 942
7 145 262 274 411 744 978 988
7 8 266 354 377 496 686 896
9 118 311 346 362 456 603 649 757 821
13 36 87 284 288 428 551 626 694 697 716 783 845 885
8 1 110 269 365 580 645 945 966
12 246 296 307 564 625 688 801 802 900 950 990 991
6 57 164 224 238 247 994
13 30 103 259 428 474 494 594 645 767 769 821 861 980
8 92 155 381 735 747 829 939 958
9 184 489 586 705 707 809 873 970 984
10 164 289 405 469 477 522 556 668 916 993
8 169 266 342 534 574 639 717 888
10 44 193 202 306 412 519 656 667 826 953
10 80 283 306 426 438 446 534 538 926 953
7 23 124 227 279 490 546 549
8 52 186 211 250 273 677 684 808
7 114 146 420 459 687 770 977
9 124 216 404 529 751 780 901 941 977
13 60 115 200 327 414 544 545 554 685 791 871 873 918
10 1 122 157 528 537 677 787 811 831 998
13 19 177 327 411 454 663 679 701 731 740 839 879 880
8 167 381 388 636 728 817 904 926
12 15 142 188 445 495 535 560 603 645 676 862 970
9 81 167 308 329 354 747 773 891 941
12 86 201 250 608 619 691 716 732 774 813 860 941
8 188 294 432 638 648 666 968 969
10 201 259 263 422 444 599 600 906 946 954
17 135 136 143 156 163 170 258 282 544 675 732 740 758 826 847 865 879
11 28 273 285 470 647 707 741 754 757 893 986
7 3 99 103 144 172 203 771
10 73 89 215 457 471 619 669 699 870 982
14 0 52 135 284 415 438 456 476 484 503 668 696 772 876
7 69 99 139 141 231 669 764
11 82 88 111 155 259 296 459 591 601 675 843
5 287 516 619 680 828
7 61 188 378 532 564 762 868
8 31 47 176 341 502 511 625 863
13 94 117 255 283 315 367 543 614 683 835 894 895 968
6 91 197 205 640 702 976
7 64 84 136 394 811 915 998
5 318 397 522 610 925
11 22 68 77 271 359 387 532 689 694 878 890
12 74 138 204 209 319 390 450 568 634 636 918 945
5 552 648 799 980 983
16 34 156 435 550 596 658 672 837 852 863 888 891 937 952 961 996
11 51 111 127 187 188 361 367 404 409 411 763
8 1 154 393 473 620 661 831 879
13 3 11 90 310 353 494 522 523 541 609 702 845 860
11 4 55 85 141 209 250 390 486 585 621 968
13 206 332 364 374 416 511 545 750 762 766 785 867 917
12 136 172 392 471 535 561 661 917 927 952 974 985
6 4 88 510 550 800 904
17 57 84 213 266 295 307 331 430 493 505 523 539 643 747 774 839 862
11 48 161 236 280 294 296 347 506 656 767 841
4 219 329 540 694
9 13 221 464 583 590 638 681 699 822
13 4 15 233 304 510 599 631 649 651 661 728 932 959
12 46 193 265 322 567 603 650 698 803 897 969 993
8 58 96 349 375 594 745 753 769
14 402 460 485 497 534 556 582 724 770 825 872 906 927 941
11 78 265 417 456 527 695 795 797 798 881 928
9 57 427 457 506 544 601 754 839 883
8 76 246 437 542 566 586 599 930
11 213 349 380 434 449 467 492 753 808 906 907
11 29 170 299 348 469 480 491 595 670 712 799
11 15 39 458 494 579 706 729 906 920 943 977
9 49 100 102 325 373 416 818 940 950
6 171 475 612 696 775 989
13 55 68 91 553 580 650 656 676 684 802 875 891 925
11 64 226 397 486 517 549 552 628 644 828 845
12 40 303 311 367 423 458 494 628 702 772 830 913
8 19 132 170 224 721 753 774 911
13 49 67 119 284 358 392 482 645 710 730 762 870 945
7 46 201 229 434 438 486 811
10 63 292 391 423 542 570 580 593 836 909
10 54 84 246 273 386 483 520 572 844 925
12 12 24 155 208 250 385 418 520 656 687 826 968
7 251 416 509 636 670 722 932
11 53 96 148 244 298 314 350 460 556 887 960
12 102 210 224 336 368 501 525 747 834 858 939 990
16 74 94 148 240 308 321 363 570 612 644 754 780 865 968 975 990
9 139 270 517 642 656 742 744 875 970
7 209 260 266 535 707 743 863
12 45 48 113 176 208 428 611 638 717 776 895 927
10 82 210 370 462 525 583 613 647 777 823
7 231 249 253 442 715 728 971
14 82 95 451 461 506 528 617 753 791 839 969 970 978 984
13 23 45 112 120 349 378 635 820 833 877 894 916 920
11 375 428 504 546 660 702 756 811 816 820 983
9 251 588 711 755 775 783 800 920 986
8 253 262 301 335 430 568 813 961
9 163 250 499 815 824 917 941 966 976
5 428 572 804 842 945
4 6 149 754 835
9 12 20 140 177 472 530 677 788 888
15 49 61 188 259 294 361 407 430 443 450 483 602 713 844 999
8 103 123 171 237 350 376 581 695
9 99 187 350 377 432 457 714 780 883
9 32 119 253 283 364 790 856 881 981
8 0 34 160 396 540 845 970 984
9 153 194 263 487 525 626 654 710 931
9 53 222 373 477 548 561 614 636 954
13 18 141 197 223 293 362 363 434 583 727 739 756 829
12 88 114 238 341 382 474 519 530 546 671 698 878
9 103 302 335 486 585 621 727 890 909
12 312 352 444 489 580 615 656 683 712 796 801 805
9 35 157 322 440 457 534 658 752 977
11 15 112 172 185 354 489 571 622 627 692 874
11 30 33 201 204 230 494 583 657 715 764 956
14 131 248 273 319 368 441 485 633 696 782 786 882 952 979
19 218 224 351 365 366 389 427 453 504 547 563 690 713 750 753 765 847 852 899
9 61 128 501 534 578 632 701 859 865
6 127 143 510 555 617 763
10 175 177 236 438 593 606 658 700 866 939
13 140 183 440 483 531 568 647 784 824 867 880 947 971
14 125 264 288 291 456 459 638 772 820 834 854 887 973 989
9 7 87 251 469 470 491 604 672 989
10 181 196 223 312 322 482 501 668 671 931
5 225 248 729 834 969
13 43 47 177 229 252 313 320 384 448 662 748 856 892
11 43 55 66 259 335 370 432 789 800 804 824
17 12 182 197 233 246 346 351 407 556 650 730 749 815 818 829 881 966
9 58 322 351 382 417 615 795 874 919
9 48 97 161 319 393 447 545 737 967
8 110 130 332 334 593 657 659 945
9 48 64 118 163 202 443 598 624 755
13 38 192 213 216 236 377 552 601 718 835 904 909 985
12 43 128 205 220 256 273 362 389 565 658 774 884
10 12 45 351 472 612 721 785 884 894 906
7 16 427 599 707 725 918 977
10 32 154 186 360 371 389 396 464 702 854
9 5 170 276 433 436 481 900 950 967
9 94 96 226 238 255 274 324 337 515
10 109 266 314 428 464 465 517 554 628 931
5 165 426 442 807 961
6 160 285 300 524 769 791
7 412 491 517 523 545 560 609
7 116 165 356 364 628 706 717
7 62 146 216 264 294 389 972
12 24 49 92 172 233 320 372 576 672 844 876 945
11 9 43 60 239 269 487 509 539 552 675 789
11 35 122 262 332 360 465 534 552 815 827 898
10 188 227 346 472 513 665 748 935 973 992
10 4 281 421 605 708 716 727 798 974 985
8 115 151 281 493 562 650 705 889
8 69 139 213 250 295 538 638 871
9 294 389 405 429 494 510 523 932 995
11 43 107 141 237 293 445 585 708 740 767 863
9 22 26 468 470 699 855 919 947 965
10 150 153 195 315 583 622 785 876 935 975
5 442 865 964 990 996
11 37 39 189 232 310 499 524 594 641 812 994
12 379 436 580 646 690 711 760 854 863 889 893 952
8 27 180 412 536 597 602 614 903
15 43 80 87 147 185 563 592 622 633 691 809 862 876 896 922
11 83 112 187 372 424 448 464 510 670 790 835
13 45 66 123 155 234 261 281 291 414 483 834 896 942
10 331 332 482 526 545 637 687 804 821 827
8 235 280 314 467 496 511 570 601
10 129 199 239 339 406 510 547 588 617 963
9 2 52 99 323 493 516 571 640 864
14 36 110 129 135 211 301 450 526 621 723 873 970 983 990
8 339 420 464 554 696 778 787 871
14 250 293 299 304 344 396 486 554 592 606 691 893 907 962
18 169 227 286 392 401 445 459 579 646 650 681 691 700 715 754 822 847 920
5 133 362 478 642 824
13 137 324 418 484 512 543 608 685 815 855 947 982 987
9 130 304 472 527 556 835 842 949 996
8 11 25 277 503 787 809 877 982
10 123 170 292 544 575 644 651 747 748 943
13 31 146 188 355 358 495 558 565 611 690 773 856 984
10 61 113 171 255 426 451 520 633 722 767
14 6 38 41 51 61 111 158 186 217 228 317 595 602 676
8 167 526 548 551 818 885 902 933
9 207 271 281 384 553 555 615 653 691
5 242 272 381 763 931
7 142 368 569 702 858 928 995
14 28 73 214 257 317 440 456 525 581 603 663 774 952 986
6 116 201 389 573 648 775
6 165 311 482 610 614 676
8 133 235 677 759 811 827 865 931
17 54 118 137 304 417 496 503 556 604 631 653 707 736 741 847 942 985
15 356 365 384 396 417 468 551 614 616 708 752 804 853 905 922
8 175 312 331 416 557 695 826 991
5 34 266 515 772 930
14 40 42 89 124 194 205 259 280 332 463 499 715 876 945
8 28 141 246 450 474 561 579 922
8 45 225 303 388 412 426 853 993
17 58 124 207 360 432 487 501 510 523 540 592 630 676 677 719 808 882
10 54 143 201 242 265 273 316 330 814 986
11 65 257 276 474 492 666 671 688 707 749 829
7 190 204 600 601 750 891 955
10 92 99 293 466 536 667 827 919 972 996
8 58 64 98 227 694 698 725 854
15 3 7 95 100 290 315 539 600 628 746 799 862 919 936 996
15 6 31 177 305 396 460 616 625 633 715 720 740 778 854 860
8 15 374 381 403 481 662 701 907
12 68 79 142 161 248 362 447 480 510 513 636 900
11 9 193 338 580 649 675 730 736 757 888 928
8 46 221 275 311 505 609 765 956
8 33 142 154 256 497 499 552 765
4 188 515 695 989
8 126 273 571 639 702 708 812 852
9 70 403 480 514 572 607 613 729 841
9 143 267 281 366 554 615 733 812 944
7 71 215 445 760 814 924 965
9 117 255 279 329 362 617 639 778 811
15 118 133 267 292 359 366 553 710 744 776 819 832 859 903 995
10 22 87 95 126 544 606 700 762 766 809
14 134 203 245 262 276 372 409 414 459 491 693 732 746 862
6 85 148 232 607 941 967
11 30 158 180 209 328 366 436 467 595 787 846
8 188 303 557 655 837 905 910 938
8 89 135 231 252 265 856 952 984
8 124 242 278 354 513 632 702 804
9 48 101 229 352 539 793 932 939 967
12 167 226 311 481 538 575 599 608 715 816 819 939
14 72 137 155 299 446 454 468 530 576 673 766 781 817 841
9 11 172 283 416 575 636 675 731 912
9 174 196 328 502 546 605 750 798 829
9 69 129 142 290 348 761 873 900 996
8 112 163 385 441 608 754 807 844
11 12 22 119 148 331 407 432 558 726 831 972
6 15 156 175 407 691 698
6 96 268 300 305 664 976
6 315 503 746 780 783 950
10 191 205 230 339 398 538 539 679 704 921
8 259 433 552 570 768 774 782 922
10 94 307 342 439 474 539 579 638 640 660
10 225 416 451 467 470 555 663 713 910 963
13 21 78 91 137 202 341 472 488 590 636 642 798 973
11 22 401 455 461 491 671 715 762 781 905 956
13 125 134 213 550 574 596 641 651 697 713 746 747 910
4 101 463 592 652
9 31 40 64 92 107 161 179 442 641
13 93 105 132 463 626 648 673 679 720 787 896 912 997
8 135 229 258 357 376 417 716 719
9 101 106 114 402 697 759 793 798 926
5 327 410 443 932 962
10 6 53 148 187 222 275 441 706 835 902
6 143 216 335 392 403 508
10 193 206 308 406 644 678 745 767 800 997
6 43 252 443 457 804 868
19 23 42 49 111 136 201 243 277 279 332 415 430 467 583 651 716 793 928 997
13 98 276 316 375 477 556 587 604 624 629 871 933 999
8 172 336 584 688 708 808 918 927
7 16 106 157 225 307 675 916
11 42 116 382 417 547 594 621 833 856 943 953
13 131 154 344 439 450 493 506 611 644 689 715 743 762
9 73 76 205 229 283 451 756 778 851
17 17 27 68 98 149 200 285 308 398 399 409 522 707 772 860 867 917
7 220 223 358 384 629 783 976
9 240 458 615 654 674 716 743 755 969
11 20 156 272 365 494 519 568 751 864 964 992
10 97 285 409 412 452 518 523 700 810 866
14 57 190 333 433 438 453 586 643 654 808 817 821 872 939
6 191 269 286 583 718 760
13 31 44 91 125 143 205 218 364 390 425 625 755 914
12 16 148 294 440 483 552 575 584 659 705 812 950
5 215 255 616 716 860
13 147 206 225 260 532 540 717 747 752 817 836 881 959
10 184 259 293 304 314 399 450 800 818 952
7 230 319 507 664 674 727 915
12 30 222 259 343 363 539 712 858 875 885 917 919
9 69 174 201 360 485 756 801 900 966
16 159 160 172 190 220 309 375 394 420 567 675 683 707 804 832 903
6 43 332 355 408 730 902
10 29 53 114 234 265 680 772 853 938 967
7 19 47 88 358 408 562 570
12 44 151 266 270 290 355 383 512 551 636 754 769
10 180 272 341 353 606 646 649 821 961 985
8 50 369 451 488 570 571 629 807
9 19 131 309 325 364 514 808 929 962
9 10 26 427 631 633 686 779 910 960
8 1 210 236 285 354 553 695 812
16 131 172 292 328 358 535 543 628 657 683 750 754 780 909 953 955
13 14 90 185 223 291 484 522 551 559 689 743 782 878
12 118 163 179 208 277 425 435 468 484 600 740 947
12 41 69 111 154 162 274 358 410 496 887 908 984
4 68 161 323 844
14 21 49 69 316 342 375 408 511 557 702 731 814 906 949
3 316 480 710
7 94 375 403 524 747 797 933
11 6 80 179 233 371 413 478 652 653 827 901
9 151 240 354 359 467 586 616 830 870
12 106 177 383 415 531 591 705 730 802 816 865 934
10 0 120 319 353 561 598 720 920 947 992
10 86 203 228 346 518 621 625 715 874 981
13 72 179 183 197 277 442 456 510 752 836 857 899 948
10 211 240 699 713 727 812 821 891 892 941
7 28 29 438 443 869 888 905
10 21 68 244 262 421 545 717 804 818 865
12 39 96 257 266 330 362 439 574 664 675 800 884
16 281 288 371 434 527 544 556 564 589 632 646 678 733 797 843 940
8 63 167 340 599 619 640 860 890
13 4 18 86 195 215 232 367 581 593 648 771 803 817
10 121 133 199 359 381 420 617 668 709 776
10 135 332 393 396 466 647 703 705 789 883
14 94 149 174 277 357 446 651 671 700 706 827 846 916 990
8 53 165 210 241 610 719 759 979
7 205 260 296 297 471 726 808
8 188 193 333 349 511 599 948 951
9 56 349 352 532 551 590 683 718 916
9 58 125 139 278 302 413 780 929 942
11 7 135 155 376 390 420 640 690 699 743 912
7 96 387 396 420 434 750 957
11 2 8 73 122 133 138 386 467 481 851 990
9 176 295 415 582 592 803 873 961 979
9 148 182 346 399 596 614 700 862 864
10 82 288 441 448 669 687 696 831 869 994
5 12 451 602 753 948
10 34 36 254 374 430 493 499 514 753 801
10 227 235 291 421 543 557 715 766 770 943
7 39 70 222 352 518 700 929
7 205 308 488 602 787 830 908
8 68 173 199 238 399 769 854 915
17 3 65 140 157 173 201 259 282 313 398 492 586 683 773 815 859 934
10 271 317 355 368 653 789 815 823 954 978
7 140 501 659 694 740 875 879
7 106 120 136 256 405 703 959
8 95 261 559 719 730 834 855 950
5 8 148 439 475 955
8 214 363 496 559 563 815 926 989
8 175 178 242 473 516 537 787 850
10 310 431 439 558 623 707 734 842 924 968
10 52 119 246 286 387 443 508 538 696 880
10 27 244 296 349 354 455 742 758 781 906
12 8 279 346 353 360 409 428 591 738 797 913 983
8 179 264 520 561 642 771 968 988
6 355 624 678 721 909 966
17 18 137 158 303 324 343 382 399 404 487 493 502 601 763 811 889 997
9 69 382 520 551 593 644 658 872 972
13 80 236 374 395 405 443 482 571 598 642 649 703 877
12 74 79 103 317 318 342 408 420 711 739 776 968
10 94 112 113 647 748 797 832 869 956 986
14 126 137 138 144 475 672 705 739 848 862 866 915 944 954
15 121 231 318 329 413 443 452 504 592 609 667 723 782 803 929
10 63 286 302 343 361 366 627 727 925 985
13 17 39 123 230 290 300 342 516 616 617 643 734 999
7 186 282 285 333 345 366 995
9 153 198 534 539 607 817 834 920 957
10 252 314 376 521 523 657 685 696 823 824
14 4 88 186 267 284 291 294 487 562 726 804 950 956 980
8 57 223 300 312 509 545 785 948
18 0 146 157 204 280 343 365 402 428 436 483 537 544 645 731 764 773 910
8 61 111 353 572 604 679 716 984
15 18 118 143 181 213 222 308 399 723 753 809 825 926 931 932
8 96 118 279 338 407 481 785 856
12 65 114 153 273 288 465 747 789 823 964 974 985
11 20 126 198 269 360 418 653 832 845 847 989
8 126 220 223 227 353 355 496 906
7 53 61 86 311 426 648 729
10 95 125 192 333 482 518 549 594 629 633
5 287 380 603 615 724
7 100 136 399 577 651 869 991
8 146 299 309 387 730 760 855 983
9 155 171 225 438 503 518 655 719 826
8 82 117 376 471 484 684 809 911
9 65 212 327 348 502 596 729 814 929
8 74 104 260 281 296 298 692 938
17 3 112 252 320 357 373 408 421 470 525 563 630 713 772 800 817 862
14 17 113 142 389 461 498 513 515 561 725 857 937 940 985
6 51 103 665 781 884 988
7 168 391 417 489 541 696 791
11 79 369 424 485 488 565 577 716 785 850 929
11 24 37 191 212 312 397 580 609 617 689 996
11 119 138 263 346 347 445 486 527 585 660 844
7 285 301 437 500 537 637 703
12 6 11 135 190 198 267 419 485 607 627 695 839
7 92 237 490 498 739 889 976
7 91 322 413 442 493 830 833
8 57 321 341 371 608 671 943 960
8 37 203 583 633 721 764 778 939
19 0 126 143 146 154 162 194 377 550 561 696 700 705 735 747 761 840 849 880
6 58 64 273 320 930 932
10 90 379 435 581 620 664 697 754 851 932
11 66 88 180 256 417 490 574 706 723 813 986
6 62 139 313 805 891 895
8 55 281 401 525 645 675 706 911
12 348 422 489 561 655 684 698 800 882 931 941 997
11 115 146 179 198 211 313 321 415 563 609 925
8 7 10 56 85 381 540 643 851
8 11 242 266 332 606 666 832 994
11 266 277 324 331 346 362 370 499 534 594 730
7 448 614 629 716 744 812 928
9 180 247 394 406 447 580 698 854 881
10 12 75 253 360 413 507 565 587 918 981
10 212 219 256 298 586 598 615 688 781 938
8 33 61 346 546 554 557 675 698
10 26 162 335 348 547 623 645 661 707 724
11 175 257 401 438 500 589 700 708 768 800 854
16 7 111 137 238 239 363 470 521 530 593 608 648 672 841 944 949
10 282 284 296 349 376 426 493 656 672 956
14 61 225 266 270 343 541 610 631 686 710 737 806 836 980
7 254 294 434 453 546 770 885
15 16 36 61 418 491 554 563 654 687 735 736 807 847 885 995
6 28 152 169 203 270 669
8 299 319 352 386 402 443 452 458
10 4 34 172 225 426 510 531 777 784 941
20 12 47 259 301 323 396 421 433 465 492 559 562 588 601 610 693 874 880 919 960
12 65 82 93 199 234 245 442 618 633 859 861 932
14 76 138 197 198 252 263 379 392 556 560 579 586 764 803
10 92 182 365 411 431 534 647 793 847 998
1 384
14 12 32 178 281 312 320 321 349 459 572 616 711 786 862
13 159 307 328 376 415 445 484 497 536 707 838 893 911
4 42 395 716 987
8 86 90 489 563 695 702 786 910
8 171 380 480 508 705 753 779 959
7 273 293 636 728 840 893 973
18 12 29 150 187 203 367 408 414 489 497 518 555 607 650 728 801 864 954
8 77 126 145 289 626 871 916 930
11 19 23 99 104 108 149 343 360 675 721 836
10 162 453 481 514 530 577 682 694 696 937
11 68 106 111 259 327 473 560 614 677 815 927
5 340 418 643 660 896
12 41 113 136 204 238 463 511 631 732 833 835 858
13 147 243 271 415 506 537 576 683 736 792 835 895 955
14 79 89 118 309 321 410 453 473 690 706 767 776 920 936
11 60 293 391 585 674 680 707 759 817 830 958
8 147 168 227 360 471 720 818 940
8 78 383 445 478 701 776 823 897
10 29 47 89 129 271 306 372 406 711 726
14 12 244 264 308 337 340 459 565 630 654 686 714 744 834
8 122 130 193 274 478 700 835 985
12 125 237 255 325 506 651 780 802 876 887 979 997
13 0 101 150 166 250 304 386 416 458 656 745 750 845
15 111 141 254 258 306 341 348 352 413 458 710 713 799 802 893
10 42 121 461 529 603 609 644 647 649 813
13 38 163 180 221 382 421 437 543 636 693 753 900 926
4 29 233 314 932
9 139 213 401 463 472 629 808 857 870
10 135 171 325 400 533 604 716 934 945 964
6 79 668 708 786 882 939
12 3 58 111 177 202 264 277 456 468 821 867 921
14 102 187 245 265 287 326 557 592 607 653 708 726 844 893
10 270 352 413 503 519 536 548 557 611 756
10 126 271 410 429 434 642 664 718 782 940
10 15 36 233 472 585 600 634 684 816 891
14 247 342 571 598 617 628 629 700 809 826 836 897 937 982
13 18 47 76 131 193 304 450 760 792 801 852 897 907
9 46 77 113 122 258 512 609 671 808
9 81 86 268 413 442 443 557 586 816
12 32 49 131 180 225 420 439 493 499 724 736 937
8 75 94 211 487 577 602 885 978
9 9 102 247 377 444 647 680 880 958
5 100 535 616 826 964
11 201 249 251 432 447 471 482 681 794 903 938
8 71 146 149 171 178 611 731 999
10 10 149 157 364 415 586 630 715 759 775
4 208 313 715 911
14 79 174 227 245 259 300 322 570 617 769 859 881 902 920
13 164 198 233 293 450 472 598 721 822 836 935 967 982
11 26 80 132 564 645 662 725 770 783 835 952
12 44 132 164 245 376 407 534 558 572 752 778 797
10 3 46 66 316 373 436 463 516 689 952
11 110 144 158 183 246 447 454 468 595 630 991
7 62 339 430 434 514 577 680
13 6 23 119 202 206 244 692 706 854 886 890 972 995
13 83 337 351 478 483 519 747 775 820 823 888 903 907
7 47 546 678 879 918 932 972
6 26 117 260 909 922 981
12 181 299 437 440 475 496 547 557 638 821 857 941
3 483 672 964
13 80 213 219 297 424 571 583 599 606 703 709 739 773
13 147 212 232 322 363 429 528 602 766 945 951 973 990
14 88 133 173 195 348 368 463 486 585 645 720 747 866 868
14 91 111 130 172 274 360 475 479 528 692 701 726 810 975
12 47 182 292 293 373 421 707 807 817 832 894 912
10 75 125 280 380 384 546 592 706 820 822
14 64 85 89 120 179 382 482 515 667 685 707 763 932 952
11 116 156 204 346 358 460 527 589 653 743 968
8 246 287 330 380 777 779 782 825
11 25 121 123 379 395 423 426 495 592 704 789
8 6 30 385 392 548 588 657 680
15 80 132 152 225 247 411 540 550 574 654 702 779 847 960 982
12 13 79 206 332 415 501 504 541 545 739 777 836
15 68 160 176 264 327 346 386 408 459 635 696 900 912 918 982
11 23 63 81 86 124 162 269 695 782 880 889
8 38 186 489 525 578 736 841 866
12 17 174 197 294 338 366 478 517 699 814 839 918
9 75 216 421 426 652 702 806 814 969
8 0 377 385 541 578 645 680 909
10 107 167 201 216 327 399 459 676 832 851
6 383 406 780 820 913 966
9 95 127 133 204 334 492 810 962 985
6 52 235 346 374 520 690
15 47 184 197 241 372 452 528 554 630 728 787 808 822 920 944
11 8 104 126 352 492 544 648 813 920 943 949
8 68 215 530 570 620 635 715 790
13 0 2 69 77 102 264 433 441 540 555 578 658 792
9 278 402 597 634 659 696 782 886 894
9 0 2 5 256 341 424 585 741 924
11 93 156 359 576 670 697 699 733 753 820 863
16 67 72 128 162 171 175 204 213 304 414 621 693 725 806 939 986
7 52 65 174 296 317 432 593
10 182 285 457 522 525 613 639 685 810 851
7 158 213 230 377 534 665 762
8 219 288 327 429 473 716 860 949
11 148 200 217 377 486 647 714 880 913 993 999
12 50 176 339 354 471 547 740 799 823 860 940 999
8 85 97 149 152 496 531 654 953
9 15 270 303 329 368 372 426 644 687
10 28 119 269 452 475 576 667 782 846 991
11 91 92 187 344 347 502 686 731 800 812 914
8 357 407 627 758 770 865 867 890
13 26 56 63 266 292 512 538 617 640 672 699 757 873
9 63 68 152 162 204 270 357 607 889
6 151 167 298 527 641 946
13 1 95 100 116 193 376 394 495 512 626 726 858 923
6 173 177 189 569 626 972
9 76 183 309 382 487 524 570 633 815
13 35 102 481 483 503 544 586 623 673 734 762 847 929
6 33 444 542 613 722 909
12 110 119 233 407 429 505 696 703 708 731 830 981
10 130 301 414 517 539 553 654 722 948 972
12 51 57 276 318 618 655 707 876 905 918 983 991
3 448 766 956
15 0 27 29 75 122 127 157 356 399 418 470 513 575 642 821
13 38 66 98 291 462 601 624 653 700 831 851 859 917
12 169 208 421 452 566 580 583 652 690 829 897 908
11 35 339 360 383 433 579 620 684 760 848 968
13 8 29 161 232 242 341 522 638 656 808 847 915 920
15 68 156 210 231 242 244 279 356 531 614 626 669 811 813 894
10 70 115 204 276 397 491 506 667 707 977
14 12 15 63 379 409 492 498 595 600 628 713 719 820 964
7 78 90 529 639 674 960 995
8 53 182 291 328 445 644 831 934
14 34 43 77 185 224 309 360 504 528 554 599 909 929 959
15 34 65 139 152 173 307 359 492 610 626 770 840 876 890 918
12 30 104 119 235 404 410 476 485 562 775 799 930
9 126 175 263 405 478 516 693 960 972
9 117 189 452 490 572 582 632 899 920
14 30 85 368 588 649 718 724 742 798 895 896 903 912 943
9 60 67 248 389 491 610 635 814 852
12 19 189 198 285 292 318 347 625 729 868 925 926
13 59 85 142 156 157 216 243 274 645 674 850 955 992
10 10 84 190 223 290 531 684 723 760 923
12 34 149 178 179 220 404 411 503 544 845 955 991
7 128 190 245 426 506 910 972
12 26 75 94 137 183 197 260 309 417 664 687 857
10 199 228 296 328 404 451 452 458 478 877
12 5 186 238 340 470 586 649 792 811 859 867 986
9 292 336 338 415 606 807 850 923 970
7 38 152 417 430 791 864 932
10 66 117 202 302 344 377 389 395 583 953
10 160 284 358 415 546 687 769 776 958 959
14 126 170 338 376 396 411 423 616 651 676 774 805 820 828
5 21 51 309 469 784
9 143 186 380 402 439 720 745 762 868
9 2 13 78 536 613 645 688 839 981
9 73 281 576 589 620 722 757 801 880
8 58 106 130 269 603 618 647 920
8 192 526 629 662 712 761 786 967
18 8 90 96 174 243 284 287 467 505 527 681 727 765 802 845 847 900 949
13 123 176 218 287 348 455 480 672 742 811 851 901 914
8 91 108 219 361 420 470 548 693
6 9 194 579 604 647 896
12 27 248 308 392 491 668 742 787 791 811 864 989
11 185 232 234 274 534 608 611 654 676 744 881
11 155 233 433 509 519 567 589 635 663 682 847
15 370 380 429 460 473 601 627 632 698 732 753 798 853 910 951
10 127 495 498 506 614 652 669 726 809 960
13 81 180 202 244 417 537 573 635 698 753 777 864 986
13 20 84 90 121 168 214 381 401 536 590 792 862 924
9 112 193 311 391 600 612 754 880 963
6 75 323 548 889 922 954
20 13 71 100 118 124 165 259 272 388 480 536 561 683 813 827 876 881 921 928 934
8 261 274 632 660 661 666 716 915
11 64 120 163 382 435 454 482 508 755 869 985
14 10 25 78 271 300 332 403 417 458 465 528 558 647 817
5 260 402 613 878 933
10 105 175 415 490 549 620 646 860 891 973
7 309 406 487 567 576 631 791
7 71 246 318 580 723 766 846
8 49 301 343 603 705 809 889 947
13 170 179 204 249 323 352 451 485 489 613 614 721 880
17 90 129 140 311 347 407 511 672 682 739 754 811 838 870 891 956 959
10 23 74 167 263 368 399 786 894 896 934
7 80 188 227 472 541 852 936
7 60 248 324 374 671 975 991
6 169 507 645 791 906 974
8 141 302 348 403 455 468 668 784
15 42 72 78 145 232 310 317 480 544 766 859 887 902 971 994
11 42 207 210 293 454 541 581 663 674 895 976
12 49 77 142 174 207 346 415 535 577 762 798 883
9 111 169 188 326 330 460 481 610 989
13 18 38 73 193 369 444 568 591 660 713 771 830 956
12 132 197 260 361 448 573 627 728 763 863 879 954
7 159 235 640 814 883 912 991
14 8 129 179 224 286 398 480 559 717 785 887 898 936 940
10 219 226 356 384 426 451 523 632 816 838
11 40 182 232 237 387 407 575 629 711 738 900
11 63 152 215 352 381 396 444 457 681 877 999
13 56 195 315 409 415 545 550 602 728 733 771 778 894
6 99 186 264 452 464 575
11 15 83 96 144 581 731 741 801 821 872 896
10 100 219 512 529 566 587 592 782 794 865
11 53 117 169 195 198 324 400 430 539 578 592
10 121 138 190 220 268 369 403 670 855 881
10 198 211 275 300 354 420 462 563 642 937
13 102 128 175 222 312 354 381 455 467 522 686 925 979
5 416 532 568 726 848
6 40 46 50 310 913 919
11 62 391 505 537 567 588 634 678 888 894 915
8 64 120 177 263 303 510 783 996
6 123 165 170 811 888 958
8 8 340 405 528 647 759 810 972
5 141 260 345 535 693
14 21 52 211 273 303 551 684 721 761 790 891 944 967 990
13 8 19 116 251 427 525 526 539 545 694 697 769 957
10 123 353 384 521 577 604 630 633 685 911
9 85 86 149 153 210 291 455 541 983
13 260 267 287 368 400 447 455 569 608 697 727 749 949
10 204 376 439 465 472 503 627 676 733 837
10 72 197 289 409 432 589 829 846 944 961
8 127 230 309 548 577 584 607 902
13 125 170 187 211 289 368 388 416 527 627 913 968 984
6 58 454 507 620 649 700
11 103 493 505 550 576 579 638 642 806 885 985
13 3 37 58 93 117 213 234 246 285 425 445 766 943
6 173 383 647 685 809 882
13 41 71 99 131 161 244 478 538 635 762 812 875 988
13 7 27 218 222 512 542 799 819 866 880 888 914 935
10 54 176 244 310 320 522 605 659 899 981
10 167 248 250 524 673 684 721 741 837 931
12 13 97 181 246 344 348 453 534 616 635 816 854
8 6 68 271 354 397 431 813 988
13 85 96 185 257 264 347 444 518 543 650 825 914 970
16 20 23 38 88 360 394 405 469 482 498 552 566 597 712 938 972
8 168 180 286 309 588 779 793 867
19 1 44 100 130 313 350 418 444 461 515 568 573 586 623 637 674 679 893 991
10 41 59 194 251 311 367 407 504 705 890
14 18 72 214 286 348 444 549 558 634 667 861 888 957 960
11 10 73 84 137 160 180 426 644 676 754 779
12 72 185 248 259 314 370 441 563 712 733 823 846
7 249 299 497 536 578 683 862
11 4 190 197 299 333 365 451 487 535 859 944
12 116 268 271 411 439 491 517 531 575 911 939 953
6 228 372 395 532 734 759
10 28 69 84 92 97 121 408 442 538 743
9 124 140 291 357 490 780 821 855 858
9 60 122 129 143 347 506 787 881 949
12 140 274 334 507 640 704 761 789 852 875 893 897
11 104 244 382 431 584 603 752 771 909 932 998
7 62 66 72 405 584 763 800
8 135 212 469 569 774 840 868 942
10 36 193 245 576 600 778 852 916 969 980
9 240 278 308 391 453 556 711 748 978
5 158 378 513 907 989
6 15 41 206 398 584 857
9 10 28 208 352 486 519 540 649 912
10 26 47 133 312 449 574 598 773 941 996
10 46 48 325 412 539 578 709 782 820 841
10 80 93 171 509 615 761 767 793 916 948
12 119 133 206 247 314 387 457 596 717 753 794 970
12 60 132 155 351 407 408 479 522 571 593 702 889
7 233 251 528 641 690 865 958
12 14 268 278 435 542 552 600 647 689 822 841 945
12 43 49 156 214 234 262 281 308 394 404 428 883
13 38 84 188 195 204 499 563 575 630 650 844 958 983
9 31 35 110 196 204 430 756 901 907
10 257 309 345 476 620 796 819 858 876 977
6 36 242 251 361 647 800
10 50 283 435 461 473 490 498 716 738 908
10 71 180 463 570 609 741 864 902 913 914
4 429 576 593 853
13 53 121 281 291 318 332 433 583 652 722 866 894 946
13 31 84 373 395 454 537 553 625 641 706 714 802 818
11 34 182 357 486 512 627 637 842 899 956 967
10 17 289 409 439 520 617 698 848 881 944
10 32 92 173 325 411 518 556 562 726 927
7 1 21 206 261 403 566 777
7 57 264 292 381 471 674 998
8 126 168 186 320 434 502 536 673
9 40 170 179 180 190 239 718 728 735
6 123 375 474 483 756 959
16 225 415 445 510 547 572 624 712 742 744 747 778 805 812 813 966
13 4 13 19 57 70 209 334 429 626 784 818 855 996
10 12 76 112 199 217 290 384 423 494 759
19 3 12 47 83 125 178 325 341 357 379 389 429 493 507 530 706 738 789 834
13 3 4 19 248 253 391 509 626 629 772 791 866 983
14 73 119 209 239 395 401 404 577 579 686 824 895 947 986
18 13 46 71 164 305 320 496 509 522 746 820 830 838 890 900 939 960 979
15 129 180 224 270 314 324 329 389 406 440 455 535 634 813 828
8 36 127 212 437 483 839 915 965
15 54 63 86 104 146 192 218 230 296 423 491 497 672 756 889
8 313 335 348 383 480 530 822 844
7 9 242 489 659 823 860 922
13 4 25 160 274 301 313 351 389 424 591 648 778 816
13 81 153 255 314 392 394 434 474 485 684 696 912 950
17 25 44 98 145 197 206 266 281 340 405 421 435 484 486 532 540 850
13 159 163 198 218 261 406 449 451 530 789 822 900 904
5 312 480 669 713 720
7 88 116 223 297 409 443 930
9 105 168 349 420 438 608 664 769 971
11 80 121 279 569 645 651 693 753 861 932 989
13 111 126 245 248 305 376 443 541 603 709 802 832 995
5 113 439 515 684 797
15 101 124 180 201 211 232 247 264 303 328 465 466 505 838 963
18 6 9 19 40 159 252 259 268 275 361 380 400 422 448 514 584 680 943
12 27 99 153 276 307 606 671 721 792 832 840 949
12 142 272 318 453 549 691 720 764 794 821 869 980
8 204 252 315 336 372 541 920 991
8 211 251 302 436 482 565 709 718
15 87 144 345 388 428 468 592 625 641 717 765 775 923 931 962
10 93 187 529 531 567 683 836 839 901 911
11 177 352 362 392 553 590 739 839 865 875 904
10 75 369 405 459 549 729 739 831 881 992
6 145 209 377 469 510 924
14 238 316 358 438 451 483 525 578 618 687 760 867 921 976
11 118 120 159 278 305 353 570 629 734 746 782
10 37 72 101 425 426 503 604 610 691 995
9 81 134 219 367 374 551 724 896 909
11 88 137 214 282 301 336 371 399 857 887 919
10 36 234 296 360 464 520 530 612 802 854
7 40 43 225 432 577 739 753
10 5 220 309 509 610 630 651 765 867 904
6 1 340 354 528 655 727
5 24 389 411 691 948
9 197 214 411 433 459 495 741 758 856
4 139 409 857 970
6 343 608 680 696 831 958
13 8 118 349 351 385 480 492 593 723 724 732 787 959
9 15 36 43 163 211 293 334 516 912
9 44 197 508 612 641 681 736 790 800
7 97 342 549 571 574 693 796
11 98 264 268 292 320 487 656 759 780 825 878
9 16 97 223 400 439 575 693 746 840
9 74 257 442 565 786 798 840 909 912
15 1 210 225 241 248 699 727 744 753 808 863 890 917 968 974
16 24 39 68 95 185 248 276 298 364 389 475 482 693 830 855 920
7 135 158 185 350 664 765 973
8 137 206 629 770 808 838 864 880
7 65 126 207 235 291 321 442
2 33 269
11 122 198 276 304 470 660 782 820 918 946 993
19 74 79 87 102 126 326 327 362 424 445 509 577 579 671 712 732 746 766 900
15 44 77 96 109 180 237 285 291 391 581 593 650 840 847 989
6 10 105 141 268 273 585
13 104 118 265 280 452 677 692 702 766 772 774 800 809
7 18 44 214 522 567 904 946
4 43 342 521 736
11 196 253 315 435 465 623 655 695 743 946 979
9 168 221 272 371 456 537 553 726 961
7 236 389 569 625 659 670 833
15 51 65 88 224 247 264 513 528 565 601 638 844 859 916 937
8 61 128 191 346 486 604 661 855
11 48 124 360 388 417 718 789 839 844 899 999
11 126 215 216 570 721 733 748 884 950 959 971
14 65 224 233 328 481 533 590 599 636 753 756 833 865 971
9 23 69 163 187 257 434 670 874 914
3 243 406 933
9 23 74 151 285 331 467 562 626 711
14 32 75 328 410 469 521 545 749 778 816 820 823 830 913
7 45 311 344 603 610 660 974
11 47 86 131 200 266 283 376 697 756 800 914
8 39 186 332 360 480 668 831 854
13 40 68 87 143 193 243 563 662 756 877 896 950 991
8 83 105 194 465 475 546 721 816
10 99 223 312 349 434 437 562 839 851 903
9 2 100 414 488 492 579 688 792 804
17 10 178 211 222 265 388 470 610 663 693 705 770 825 862 939 940 941
12 9 14 289 424 488 491 646 650 829 847 926 941
12 33 96 113 241 291 319 441 500 657 743 903 989
12 12 233 247 342 378 403 856 862 873 889 943 966
14 125 243 292 352 453 488 494 507 519 613 669 727 752 931
11 19 105 241 267 469 621 851 903 938 949 975
5 130 414 564 598 694
10 65 144 165 359 363 380 606 854 909 921
7 125 420 423 449 569 594 745
13 35 178 184 227 251 330 339 503 574 658 739 874 953
3 110 869 874
10 136 156 313 333 364 489 659 696 708 764
7 114 171 505 625 741 829 831
13 34 102 151 379 560 574 589 597 697 824 901 948 967
8 433 456 506 558 580 717 777 893
11 231 253 259 418 646 670 815 851 906 968 989
5 463 613 671 718 864
3 76 138 949
6 121 678 742 826 834 870
7 76 298 309 343 350 470 714
11 76 159 235 246 253 549 577 601 745 892 928
8 3 59 80 210 443 516 546 639
17 67 105 136 257 277 308 376 395 406 520 661 679 741 756 772 843 926
10 21 121 280 327 426 456 567 612 863 959
12 21 84 301 441 443 570 684 713 731 833 892 924
5 73 311 323 352 417
12 108 136 173 198 230 258 281 307 358 777 820 982
8 121 393 563 693 890 924 960 967
6 11 409 497 510 635 969
8 150 237 287 411 484 559 833 932
14 31 79 204 261 271 288 316 447 457 503 538 746 749 837
13 25 170 184 224 362 373 455 578 591 637 756 942 961
7 15 270 483 501 512 623 865
14 35 55 89 104 196 222 346 539 558 571 574 593 622 844
11 9 167 218 220 274 290 305 400 520 638 693
12 40 106 392 444 504 539 583 643 693 700 859 960
11 205 221 296 374 496 497 550 605 869 898 998
11 107 137 157 182 332 333 338 430 527 793 873
12 104 232 301 454 458 607 642 705 770 775 913 919
12 37 233 271 276 311 356 376 435 484 586 827 880
9 82 137 189 277 307 436 684 694 831
5 11 223 232 639 678
18 103 104 131 475 485 500 509 541 563 669 699 752 770 804 952 960 965 995
13 18 23 173 271 286 305 450 478 534 612 657 718 996
11 0 71 180 468 485 503 674 703 708 847 993
10 100 333 357 364 437 475 516 651 704 770
9 107 130 136 181 357 698 791 851 856
9 11 14 75 362 488 644 743 778 912
11 28 43 92 199 372 455 462 796 861 872 984
9 157 173 196 208 299 314 583 817 887
6 14 50 85 563 700 937
10 24 118 137 206 235 536 631 779 790 992
12 86 300 330 386 435 530 603 699 747 770 904 906
12 35 62 238 325 535 543 724 738 773 790 818 969
9 223 281 350 365 398 484 499 713 717
9 103 263 386 432 761 766 802 807 901
12 95 131 134 172 336 356 439 696 796 850 921 950
11 53 109 142 171 183 255 432 433 440 469 968
9 90 276 304 409 428 455 468 492 722
6 60 228 630 641 808 974
7 421 593 607 699 715 749 963
13 36 68 77 102 384 496 566 701 722 723 764 776 922
9 389 425 545 662 717 744 745 754 861
11 69 219 233 407 495 669 674 860 861 982 994
6 108 183 340 685 857 879
5 49 309 800 913 979
14 91 111 155 237 295 382 451 676 703 762 764 811 984 986
8 19 63 85 115 365 442 554 570
8 227 314 519 590 631 651 854 875
16 43 126 180 197 365 411 418 491 528 538 570 576 754 779 822 983
7 2 351 537 618 686 993 998
4 389 904 961 987
7 339 380 552 559 707 834 857
14 265 322 391 397 499 512 535 571 776 783 793 824 876 949
9 6 60 126 218 456 550 595 659 663
5 198 203 283 577 682
14 131 146 168 209 211 331 401 406 474 642 731 773 785 846
10 164 182 336 371 615 657 694 747 763 998
10 114 135 186 229 263 363 736 781 824 901
11 304 377 447 478 556 666 730 737 842 850 966
8 95 192 279 432 525 657 678 890
13 127 223 332 416 467 535 558 599 653 762 813 920 940
11 40 63 211 266 275 310 514 516 588 704 841
10 9 23 416 649 712 826 840 841 912 967
14 38 68 170 210 225 324 351 376 420 580 652 778 781 936
12 52 60 98 163 168 509 604 746 801 873 926 964
10 176 269 324 426 560 574 579 681 749 794
13 43 96 127 166 196 301 307 521 613 673 723 766 810
9 129 270 351 482 495 639 683 697 878
9 65 130 266 450 521 558 646 726 733
8 51 258 482 551 565 662 893 991
10 306 325 350 370 585 718 788 814 912 921
10 46 88 300 447 593 796 879 902 917 963
7 34 161 178 260 427 923 976
5 75 271 347 612 826
14 25 34 177 236 323 522 781 815 863 895 947 957 979 983
7 123 138 303 415 767 787 788
12 84 97 279 334 638 659 723 846 876 899 935 973
12 47 155 165 170 201 441 532 545 583 678 851 875
8 103 184 348 557 609 774 882 988
7 57 119 292 587 743 866 928
9 36 43 62 334 476 604 842 870 916
16 2 36 130 341 389 415 461 494 515 567 581 592 639 749 817 960
12 76 114 137 276 401 467 575 583 615 658 686 724
6 125 204 395 449 637 877
7 77 113 313 601 605 675 919
7 143 144 308 378 765 890 920
8 19 189 279 410 411 460 635 941
4 474 507 948 970
9 94 131 294 441 599 606 730 827 966
12 3 27 60 110 214 306 475 620 622 639 649 889
14 160 168 346 385 494 523 582 591 672 702 781 888 964 985
12 57 120 310 474 521 545 648 699 746 805 858 884
10 39 60 84 207 305 393 454 588 593 625
4 135 305 798 802
11 44 168 179 421 425 443 451 647 659 792 868
14 53 103 144 484 507 539 594 610 620 683 938 942 994 998
10 53 99 393 433 549 600 698 873 915 917
14 17 170 172 251 431 549 573 594 612 729 774 921 955 990
7 73 437 455 456 536 659 901
5 157 606 814 966 991
7 126 304 548 640 685 764 875
14 10 21 147 213 236 280 445 493 570 608 699 708 753 949
12 33 299 571 677 722 791 833 856 897 934 936 963
8 189 255 282 467 599 632 681 870
12 6 169 223 281 463 475 549 776 780 783 916 954
10 37 67 142 708 723 733 757 830 849 962
5 198 228 247 306 532
13 42 75 79 81 144 296 342 366 597 793 830 952 958
9 79 179 212 456 475 665 677 962 967
6 294 330 536 680 917 987
14 90 120 142 291 345 477 498 529 544 660 729 745 785 959
10 228 245 248 289 360 423 555 577 951 998
9 87 373 394 421 466 627 654 722 939
15 234 251 320 484 493 549 605 667 706 740 745 825 861 869 952
11 7 86 343 500 515 619 633 681 770 816 843
10 10 273 520 571 639 644 681 767 772 997
10 55 278 331 351 538 584 620 701 895 977
13 26 103 262 314 318 427 663 670 762 879 903 936 997
11 65 66 107 266 279 535 746 870 895 908 920
11 34 58 145 261 402 476 493 496 532 545 752
11 15 138 164 208 210 279 415 619 730 816 883
18 81 103 105 180 302 356 434 467 503 504 538 548 568 719 747 859 884 917
9 10 242 450 583 726 785 834 869 896
8 170 198 202 243 477 582 704 839
6 525 553 559 721 871 972
7 221 340 508 580 725 802 805
7 56 84 91 353 396 551 617
13 13 29 37 253 338 362 445 551 779 800 863 967 975
6 66 75 99 261 430 687
8 76 192 214 259 400 583 798 878
9 288 319 329 352 374 380 528 544 970
6 78 200 390 427 546 710
11 116 133 149 191 196 362 395 641 721 782 963
17 4 72 93 162 231 254 362 390 391 416 446 476 486 560 660 712 807
6 9 189 260 298 587 768
8 301 332 448 543 583 594 901 975
7 158 165 468 639 875 936 964
9 210 434 595 606 862 901 916 935 946
8 60 377 429 455 459 616 762 828
8 228 283 375 403 463 645 783 894
13 24 95 129 231 232 271 388 449 510 654 699 778 911
10 82 309 377 436 453 516 606 778 859 991
14 33 39 40 75 107 226 305 395 414 478 668 778 779 885
7 15 172 197 319 662 809 894
11 81 185 263 328 387 504 549 636 716 781 986
9 220 351 407 503 625 631 653 686 975
10 20 58 88 108 140 155 201 448 481 674
8 42 524 683 752 757 759 936 984
9 130 164 182 293 302 591 698 873 959
10 304 317 326 359 531 670 735 791 886 965
14 183 296 407 504 514 570 629 658 717 783 795 851 900 987
11 21 82 147 241 274 336 358 706 765 774 834
5 317 481 577 910 984
13 60 66 125 168 193 229 277 469 471 486 820 906 912
8 28 29 263 291 517 561 654 787
8 42 117 333 351 426 582 604 903
8 10 207 291 337 433 552 554 896
10 124 215 247 350 358 408 533 593 603 685
7 5 321 356 626 649 873 965
9 24 435 461 562 622 673 676 738 906
13 72 276 335 424 544 562 593 692 739 765 801 909 947
14 94 289 387 415 491 542 547 578 649 699 805 813 820 880
10 6 60 106 150 286 323 631 760 809 849
8 7 179 254 288 501 721 904 907
8 175 245 581 715 838 870 901 931
10 166 269 364 448 462 479 541 863 889 935
6 164 221 701 820 948 957
11 20 107 137 280 345 500 693 781 857 887 898
15 139 147 226 231 283 468 569 625 685 791 805 861 907 926 987
15 41 53 64 92 96 340 344 349 487 537 633 746 793 835 978
9 41 73 102 134 268 497 663 806 831
12 25 38 97 102 115 177 559 644 671 737 886 929
8 101 130 599 711 765 766 987 996
13 154 208 238 347 474 476 526 531 547 555 623 645 923
8 131 158 246 425 481 588 748 875
7 66 159 364 597 746 771 837
9 96 165 483 596 783 926 934 944 987
8 54 107 240 267 385 600 726 871
8 32 33 81 122 145 540 678 915
7 16 102 333 460 664 968 999
9 125 315 323 441 617 699 759 843 873
6 23 59 358 409 663 718
7 114 303 402 477 530 566 640
10 46 182 184 455 468 491 493 804 841 998
11 59 104 177 343 371 532 628 676 697 847 873
12 25 102 115 186 229 294 361 633 826 844 946 951
13 66 142 159 197 286 353 364 377 440 501 585 635 889
13 2 44 105 193 205 350 392 510 558 579 698 844 943
8 182 422 849 908 949 967 971 975
6 16 344 378 638 643 877
13 83 131 132 217 338 365 574 602 665 712 754 780 793
11 21 95 96 166 177 314 322 481 625 896 991
16 21 199 370 472 519 532 554 596 605 647 719 774 868 898 940 990
7 6 158 269 302 552 724 829
7 26 73 203 515 752 822 848
7 22 167 325 398 599 841 894
10 162 192 223 355 411 474 542 713 728 820
12 60 166 183 208 210 236 381 621 668 694 821 971
8 251 257 259 346 395 441 914 916
11 35 55 418 660 689 814 848 855 894 910 982
9 111 260 354 464 515 516 609 764 978
