1000
8 137 276 498 844 852 854 876 926
9 238 275 330 344 445 518 557 628 714
9 379 404 497 529 565 580 628 707 922
12 176 186 285 361 388 422 424 521 543 613 749 789
14 11 18 35 77 161 218 225 643 644 867 911 956 967 999
11 28 435 542 603 629 648 660 756 761 841 874
10 149 174 226 355 402 469 574 781 862 930
14 149 165 301 414 458 471 484 501 552 555 621 717 933 949
13 295 305 374 720 737 780 788 800 820 900 923 972 986
8 338 372 541 590 786 890 900 901
14 93 110 239 279 447 486 548 560 581 653 728 765 863 897
12 4 30 128 167 318 380 482 681 696 756 783 981
7 349 368 442 548 719 721 895
6 47 109 359 447 689 692
7 160 216 374 392 493 522 609
11 67 193 222 304 336 397 466 757 914 978 996
19 76 124 139 194 258 278 283 397 504 536 571 602 624 661 662 847 913 949 971
9 32 42 111 116 160 315 560 707 892
7 4 117 145 240 411 439 752
6 177 279 432 691 718 919
7 239 453 549 714 744 797 976
8 164 285 341 477 595 712 827 919
13 104 192 278 365 461 665 679 685 750 769 798 801 979
7 540 612 632 682 784 821 832
10 323 473 588 668 673 716 739 761 907 961
7 97 165 258 439 463 572 961
11 163 205 288 427 621 654 741 820 826 910 969
8 100 130 245 415 525 535 716 942
13 5 71 72 235 282 332 509 734 752 775 879 934 988
7 47 390 409 494 554 563 853
10 11 287 323 557 647 660 865 874 885 914
20 33 50 352 358 362 391 490 509 553 564 621 663 687 751 755 794 800 807 935 956
11 17 89 244 326 375 379 398 546 695 699 748
8 31 198 244 446 496 770 863 903
10 47 112 152 157 415 462 496 517 616 689
11 4 198 230 507 521 544 548 708 811 937 981
12 216 327 376 408 411 430 558 677 786 791 851 874
9 166 322 444 504 668 796 825 844 861
11 65 161 357 473 633 824 904 943 962 967 979
15 53 104 158 190 193 236 478 529 531 565 581 631 777 915 966
9 103 210 333 438 630 803 854 885 981
8 151 263 274 408 560 692 765 899
12 17 133 312 328 481 511 572 707 714 747 837 909
12 171 256 341 545 562 598 658 675 729 884 944 995
11 231 292 306 424 430 491 634 722 814 862 997
7 82 112 164 208 338 462 745
9 242 505 535 673 748 760 768 788 912
9 13 29 34 99 156 226 564 865 906
8 234 469 494 649 650 692 732 961
14 95 198 264 319 342 473 526 700 803 821 836 885 900 954
6 31 236 655 739 763 861
11 169 306 394 411 465 536 553 757 772 897 973
7 146 313 361 463 556 739 886
11 39 355 397 485 500 575 678 794 864 882 974
16 96 120 133 141 222 271 370 451 510 556 614 676 743 854 868 906
8 67 78 380 406 541 648 795 882
7 111 250 317 323 658 855 992
10 161 192 220 291 494 642 742 828 838 999
7 471 542 583 663 796 811 830
13 199 231 362 397 412 431 464 620 660 685 799 943 962
9 75 339 468 511 569 628 718 789 922
15 91 190 207 275 289 330 562 610 639 679 709 822 827 906 973
9 122 171 338 345 443 535 619 681 845
12 197 302 345 518 533 543 685 741 752 857 866 905
10 162 181 361 362 600 614 700 701 840 958
13 38 148 180 438 484 580 665 709 778 790 796 885 949
10 88 96 108 302 425 609 650 771 838 844
9 15 55 180 193 429 473 641 648 659
7 229 441 448 453 460 513 741
6 227 321 392 526 641 874
9 105 297 479 542 558 574 728 805 834
14 28 102 225 338 479 570 742 759 793 815 838 866 930 983
17 28 111 280 302 368 387 407 422 498 540 546 782 793 860 911 937 975
16 167 195 234 291 302 360 391 399 606 674 743 758 801 812 842 926
8 144 371 410 415 540 706 753 915
15 60 228 317 370 376 380 438 492 515 530 594 768 772 892 998
9 16 281 400 454 490 512 593 666 692
12 4 109 285 300 316 525 587 603 631 712 780 800
12 55 86 93 420 591 594 727 785 788 916 938 980
10 135 170 301 405 408 413 449 500 536 762
10 195 252 311 319 442 449 590 688 786 890
7 146 453 631 633 666 897 937
9 45 172 242 398 450 529 589 611 789
5 174 594 740 911 981
6 160 369 520 790 854 917
4 157 532 570 841
13 78 99 222 309 365 520 526 543 733 846 867 902 989
7 168 264 352 394 472 644 720
9 66 184 288 338 573 890 936 955 986
7 32 310 324 434 712 726 746
14 151 204 258 321 408 410 435 448 541 547 602 766 771 847
8 61 327 386 428 754 862 882 891
11 126 313 467 471 566 621 654 666 687 958 971
14 10 78 116 171 220 229 319 531 761 797 829 871 898 938
7 150 269 354 662 805 813 984
8 49 110 448 726 837 974 992 995
10 54 66 191 295 483 652 838 851 943 981
13 25 139 282 352 531 570 759 761 771 824 861 929 932
11 99 107 122 149 201 249 289 320 345 395 640
8 47 86 98 379 465 514 729 762
9 27 126 347 369 451 520 608 665 731
9 247 404 425 430 432 567 626 682 933
12 71 238 266 270 313 406 427 429 532 561 634 638
7 40 204 218 346 574 747 915
9 22 39 386 395 518 698 701 781 950
12 70 120 205 238 474 521 552 639 648 656 912 939
6 202 297 566 668 742 801
5 98 244 260 460 885
16 66 165 188 263 269 399 485 501 548 671 732 756 778 782 783 944
4 13 77 226 587
12 10 95 240 318 471 556 597 658 690 751 953 998
7 17 56 72 477 878 936 945
11 34 45 316 321 527 658 668 778 846 949 967
10 122 155 305 485 516 666 751 780 848 929
6 222 355 478 570 900 971
10 146 289 417 494 510 656 692 748 839 893
16 17 93 292 304 337 343 369 494 518 533 534 597 616 634 638 962
12 18 220 259 310 368 487 613 629 722 728 841 892
8 209 229 428 452 644 662 910 974
8 394 511 603 759 878 937 943 979
5 54 105 365 560 964
13 172 211 229 354 537 610 618 735 763 768 796 877 914
11 62 98 113 149 179 365 498 549 606 818 959
6 151 408 643 780 869 939
11 16 213 292 327 358 487 603 639 729 764 848
16 233 249 296 322 355 363 470 478 486 723 764 771 817 860 886 965
12 92 100 206 237 270 397 410 797 918 938 965 993
10 181 193 231 257 305 452 455 590 816 832
11 11 154 260 306 310 315 318 487 552 596 903
11 193 266 313 351 436 508 536 903 913 953 977
13 27 211 220 353 443 545 608 622 747 751 804 835 890
9 260 333 461 506 679 700 754 909 996
20 213 265 270 290 336 348 355 444 463 493 508 599 607 619 681 842 870 887 962 990
12 42 54 173 189 210 419 463 553 567 570 618 811
13 199 342 435 492 572 689 716 807 838 848 935 939 979
5 79 294 526 628 900
7 340 346 410 495 614 788 879
10 0 239 363 396 537 757 758 943 978 987
7 231 271 497 723 779 837 864
10 16 97 164 229 254 294 335 691 784 872
9 574 596 685 742 870 941 945 955 964
8 54 205 213 227 557 696 733 815
3 232 300 702
13 294 295 335 343 406 502 654 783 788 897 911 971 975
9 74 193 471 534 593 621 688 716 829
11 18 223 417 558 563 665 802 809 887 946 974
12 52 81 115 185 241 316 491 716 753 765 807 979
8 164 196 287 589 620 766 784 956
10 65 280 371 421 449 566 665 930 982 997
14 6 7 98 122 269 350 368 403 465 512 605 779 868 883
10 94 189 234 444 568 648 687 697 826 850
14 41 90 123 175 315 411 464 517 534 560 723 730 731 944
14 34 196 343 382 397 401 514 536 561 592 604 653 744 779
9 211 388 438 447 487 495 660 830 919
15 128 207 343 361 369 461 598 599 622 641 647 649 805 850 918
11 113 159 350 389 446 509 678 724 815 888 958
6 47 166 191 368 377 956
8 34 85 385 541 565 750 789 992
12 39 175 192 196 341 362 427 565 676 722 803 838
15 155 184 268 292 440 502 644 773 881 884 913 939 950 952 992
11 14 17 84 401 433 494 697 717 799 811 944
10 4 38 57 195 219 317 352 482 596 752
8 64 186 361 379 533 560 955 975
10 26 181 196 519 534 660 878 904 921 972
19 21 45 139 147 211 234 310 365 377 553 580 599 637 710 712 726 772 860 972
14 7 25 108 275 276 336 427 522 536 614 773 818 847 896
11 37 156 333 397 440 570 699 808 879 897 904
15 11 73 170 184 212 224 248 283 490 527 643 681 700 845 854
7 87 262 291 514 607 794 891
14 51 332 372 418 467 562 568 624 632 667 700 715 756 996
9 79 167 357 362 401 567 742 838 875
11 43 62 93 523 533 556 673 677 741 879 930
5 82 121 198 573 690
9 133 205 263 395 478 511 641 844 888
12 6 83 216 290 398 413 429 441 595 694 733 761
8 151 158 312 524 591 718 911 948
11 3 178 183 376 444 472 490 498 521 671 808
11 19 213 419 496 507 561 584 599 727 870 968
9 176 607 624 686 690 776 875 965 979
11 122 289 337 411 492 532 560 583 811 969 970
9 65 67 317 481 496 549 660 780 943
14 64 127 163 293 310 386 506 515 524 650 684 689 798 821
11 289 293 371 556 638 762 871 882 905 944 971
10 176 293 439 488 548 590 603 752 772 820
7 88 159 167 393 479 531 550
12 146 230 311 314 516 535 609 646 766 787 900 908
12 3 162 274 278 501 508 526 554 644 695 768 870
8 383 580 653 681 799 855 937 947
5 108 380 475 477 917
9 133 150 263 377 604 664 794 922 984
11 39 61 292 332 355 423 503 543 660 840 989
8 96 156 256 284 351 493 555 669
13 22 57 158 251 366 454 680 684 739 828 862 868 881
11 15 39 67 127 129 144 311 397 519 575 860
10 16 210 225 242 536 645 728 872 885 910
15 73 80 161 304 461 466 532 560 596 601 712 714 746 822 901
17 147 152 158 163 212 235 262 309 505 521 583 675 692 759 841 862 917
10 63 286 312 326 329 493 586 778 803 903
13 33 35 49 172 223 243 321 446 747 781 949 964 987
13 59 134 202 227 434 518 575 662 691 734 894 910 983
10 313 379 385 483 501 525 529 815 878 905
14 98 221 295 311 428 467 528 546 655 772 849 857 914 957
11 106 199 269 293 370 447 529 627 717 792 949
9 235 333 465 637 667 677 791 897 922
11 90 103 345 400 471 587 599 635 695 698 955
12 26 105 141 173 290 411 501 646 797 903 940 993
5 126 406 497 636 809
12 61 154 239 254 526 558 568 591 595 607 624 924
12 45 230 280 302 376 662 764 767 770 847 883 902
12 118 226 230 349 459 564 647 835 840 894 900 911
8 40 133 194 515 531 632 944 952
14 121 130 153 164 327 337 426 431 503 705 722 774 915 921
10 167 196 490 518 532 573 576 584 666 983
18 124 132 141 177 234 350 458 476 575 577 607 640 773 776 876 897 969 970
12 374 419 437 446 466 515 657 688 689 846 885 932
7 306 322 365 389 491 634 651
6 14 36 174 446 848 937
5 222 477 591 665 687
9 4 103 264 328 380 381 401 491 843
8 161 283 452 458 478 546 846 959
10 57 93 117 130 539 653 704 708 949 961
9 201 299 372 396 473 488 599 620 720
11 15 54 86 114 217 251 643 659 812 831 942
11 145 198 322 407 511 581 610 677 872 958 977
6 167 347 359 434 441 523
14 4 71 194 303 394 398 432 504 617 626 655 672 782 798
15 6 47 109 209 280 325 359 444 501 605 702 785 890 899 913
9 69 141 199 313 436 482 549 669 693
7 75 319 326 385 516 560 609
16 68 93 118 121 139 287 561 575 685 748 758 791 822 893 922 960
15 35 185 208 209 234 250 306 312 496 510 551 645 688 775 881
10 44 59 127 138 380 470 558 769 807 898
11 142 290 308 328 330 368 375 399 550 603 944
6 125 372 581 626 802 830
14 48 73 150 164 213 230 273 305 483 540 608 818 941 983
10 28 196 203 252 424 645 675 802 892 912
8 39 50 277 343 372 488 784 912
9 126 240 275 283 502 559 677 854 930
11 1 102 105 239 254 597 675 694 766 897 925
16 10 20 137 207 238 308 327 428 611 625 639 716 861 905 906 971
12 18 110 237 342 464 567 576 635 663 693 833 895
8 146 247 294 345 481 593 665 868
6 46 82 194 328 446 720
8 198 446 765 776 825 859 905 972
12 32 33 107 267 320 377 418 526 532 894 904 973
13 27 257 270 328 351 373 382 397 590 729 857 953 991
11 350 433 512 594 694 696 803 920 921 965 995
9 101 241 338 430 638 800 838 911 991
3 167 285 389
8 98 125 451 492 511 725 932 938
9 56 230 317 361 409 472 574 599 615
3 192 222 611
10 80 235 255 360 437 608 777 818 879 904
8 268 354 356 385 531 544 545 651
14 139 207 238 323 391 422 444 479 515 557 586 625 822 998
7 252 364 437 467 633 707 844
12 43 191 290 330 353 450 488 540 643 768 902 935
6 127 245 475 522 685 762
12 16 25 90 441 462 484 503 585 703 706 775 933
11 117 264 680 685 701 764 773 876 891 905 952
11 107 128 131 366 440 466 556 558 624 706 893
6 326 418 589 702 804 870
9 168 196 432 784 835 839 858 990 991
19 41 108 173 189 398 479 499 503 530 576 585 613 632 713 834 844 881 887 940
10 49 87 218 259 300 330 435 446 679 713
10 132 541 638 683 709 787 810 874 907 921
9 102 129 391 555 753 779 791 846 993
8 244 340 389 687 790 878 914 963
10 159 253 365 406 417 421 625 803 861 996
15 94 108 149 202 287 325 342 418 432 459 507 601 758 780 836
14 102 126 132 245 433 530 539 548 560 678 722 797 862 927
6 54 138 431 871 950 995
11 274 336 461 474 588 693 698 782 844 879 980
5 234 319 810 903 911
12 41 186 272 312 346 447 536 630 661 716 923 931
20 1 61 165 237 320 328 352 375 509 533 554 710 762 785 836 877 898 924 980 988
8 0 165 306 390 490 603 642 792
11 236 301 328 334 458 490 547 601 628 764 785
7 16 22 186 582 585 849 994
9 10 19 494 505 535 629 643 715 849
9 72 148 208 226 292 453 776 787 927
13 76 393 419 421 432 496 529 559 560 579 867 971 995
9 28 97 420 453 454 555 667 815 986
9 16 167 219 237 510 631 639 704 846
5 191 644 739 742 784
14 3 21 77 248 364 365 410 422 473 489 498 712 793 840
7 197 523 524 626 678 845 987
8 30 147 229 269 590 621 694 809
7 26 88 449 467 600 852 998
8 61 98 115 179 182 400 543 688
9 132 174 205 232 256 503 582 655 659
15 57 73 168 342 398 447 494 611 652 687 691 724 855 936 988
12 44 116 124 159 190 280 365 428 568 899 932 934
10 181 182 183 202 326 640 684 845 880 996
9 135 139 143 241 411 473 654 678 934
8 8 96 143 201 496 769 791 808
10 125 312 313 336 551 720 769 814 856 949
5 70 106 323 489 932
9 447 463 476 677 718 787 819 841 885
8 221 415 474 525 598 647 732 920
8 77 142 264 323 664 711 923 941
10 7 79 277 543 568 652 691 771 975 979
9 63 66 72 73 208 345 447 461 821
9 225 520 589 744 768 841 928 962 985
11 15 116 195 460 502 540 639 773 805 810 867
10 8 113 127 234 345 489 620 624 625 698
15 44 51 128 215 230 276 355 401 464 582 591 744 773 917 920
3 772 815 847
8 232 239 365 375 388 431 632 869
7 86 196 311 515 572 779 830
9 89 117 128 164 181 563 810 944 975
17 80 185 193 201 309 329 378 420 424 446 534 635 669 825 831 853 884
11 42 175 197 230 274 296 366 387 647 880 886
17 52 92 102 129 200 227 296 350 538 670 680 713 741 757 800 878 921
5 185 419 485 905 990
9 17 128 151 396 487 542 562 732 784
8 77 112 146 376 503 667 802 993
13 56 75 161 180 250 468 479 515 602 654 685 713 983
10 11 110 128 447 600 631 830 883 948 972
16 49 80 93 228 273 388 406 428 457 501 526 584 618 825 862 892
7 98 244 275 632 751 845 921
8 69 90 112 198 451 615 745 870
14 37 125 215 223 360 476 554 602 665 827 831 833 837 997
15 24 30 56 254 297 300 338 350 388 436 666 734 848 949 973
6 89 620 640 688 740 801
11 226 269 543 596 616 621 643 654 708 722 830
12 32 197 228 261 293 329 462 636 766 780 850 995
11 36 91 124 211 239 508 525 559 602 651 986
12 42 218 232 242 245 275 277 391 404 512 559 984
13 197 311 326 330 365 371 400 489 644 680 791 934 991
14 1 61 232 256 264 329 526 551 612 709 728 729 793 899
8 396 523 618 626 636 745 821 920
8 28 169 190 442 596 640 676 927
16 40 131 166 203 334 358 361 419 427 493 556 557 614 713 741 952
5 277 333 352 658 995
8 139 143 530 624 666 667 754 824
12 15 132 165 272 296 341 381 442 570 715 922 944
10 116 179 211 381 416 430 733 798 845 935
14 9 45 62 71 88 247 323 343 504 561 673 707 717 993
8 60 384 476 516 626 829 855 883
8 136 267 561 661 701 704 785 916
13 21 43 158 336 376 522 545 671 752 778 801 895 900
10 49 134 240 269 291 382 388 599 648 684
10 116 143 152 154 236 338 352 378 543 896
7 1 638 657 715 774 856 979
19 62 63 98 204 241 302 305 352 586 632 646 695 788 827 877 879 881 895 982
8 103 136 274 378 472 596 765 870
6 100 224 370 458 745 841
9 132 370 405 418 526 742 744 764 937
10 12 209 440 455 461 507 609 710 808 839
10 149 155 213 246 313 323 472 748 796 975
12 129 191 245 400 435 459 547 584 607 635 646 685
12 31 87 97 161 275 334 343 345 457 917 967 999
7 130 256 621 639 645 661 964
7 94 121 253 382 453 542 715
14 6 53 114 125 132 190 306 411 430 448 646 685 853 962
9 253 388 502 534 610 755 808 858 957
9 38 170 404 589 649 706 726 832 907
10 31 124 333 445 480 685 734 882 883 919
11 13 224 226 485 565 670 677 694 698 704 831
10 73 252 322 466 596 641 670 687 811 950
10 3 52 64 154 162 250 333 382 407 729
8 31 59 64 158 170 560 588 602
10 125 137 402 411 430 550 641 657 775 931
4 255 285 832 924
14 22 86 120 122 164 215 268 285 292 308 329 483 579 905
14 192 260 312 368 400 500 505 537 558 661 728 778 964 984
4 707 755 847 864
9 12 72 117 149 156 232 366 863 901
10 84 100 116 154 488 523 670 893 903 984
13 54 75 202 347 348 434 506 529 602 654 709 784 951
14 74 148 182 329 428 505 544 603 608 653 822 829 955 976
12 9 169 221 233 236 537 582 682 837 844 883 889
8 245 444 600 645 687 764 765 797
9 8 14 214 383 827 855 879 900 970
9 32 232 275 308 652 692 830 900 909
13 36 75 176 208 316 341 471 753 781 859 873 874 912
7 156 164 189 244 414 560 864
13 311 343 346 452 501 640 654 701 707 786 931 952 994
12 2 32 99 162 200 399 409 497 528 739 781 830
11 11 55 75 188 218 231 593 647 667 759 979
8 218 336 337 499 734 755 853 978
10 152 245 342 354 361 489 520 557 760 802
11 187 374 439 458 472 617 635 711 717 786 818
6 339 444 521 694 859 931
6 157 200 228 253 596 945
16 91 104 181 421 508 596 601 663 687 701 742 744 787 807 825 934
11 72 312 469 562 586 625 663 722 786 893 978
11 3 153 308 319 323 342 356 399 629 910 994
10 155 215 248 267 390 482 509 849 951 971
7 29 276 389 408 639 683 692
13 31 73 254 266 328 576 678 820 831 902 907 975 979
14 14 69 427 442 543 561 574 618 619 638 716 784 886 905
7 184 281 486 629 759 796 935
13 51 87 119 225 504 625 691 702 730 738 786 900 931
10 98 104 173 423 437 506 508 591 845 931
10 137 221 315 331 614 690 694 754 909 910
15 15 16 53 59 126 152 166 193 245 617 679 736 793 935 971
13 32 82 174 225 263 291 399 458 704 737 741 807 813
10 73 108 232 379 388 398 414 731 797 976
13 76 204 289 329 351 366 488 631 825 845 916 954 995
11 152 160 170 218 306 491 598 843 854 898 914
7 6 363 579 643 712 863 907
10 149 548 636 659 699 789 824 840 860 971
10 2 101 328 357 468 576 635 824 881 967
6 79 348 641 716 786 810
12 55 102 143 206 268 319 440 521 691 700 981 986
7 72 223 361 436 722 833 858
10 36 41 79 90 123 390 415 912 966 967
10 29 250 379 518 640 787 880 897 910 998
7 74 90 126 136 285 885 891
16 18 36 51 151 179 205 294 355 363 434 440 442 680 728 812 813
6 59 640 646 767 866 982
10 79 174 440 443 540 543 695 717 934 979
11 7 377 399 530 595 627 720 867 876 936 940
12 27 34 74 299 408 439 460 487 635 718 919 967
4 337 523 548 711
6 115 145 268 591 637 710
10 169 244 261 269 348 548 556 729 745 982
14 133 177 214 281 314 333 553 575 722 728 733 757 932 995
12 78 282 311 456 515 528 540 567 700 724 892 991
12 148 268 281 386 479 592 629 639 663 724 813 859
12 3 72 254 285 449 555 651 705 782 805 902 918
7 190 395 694 805 929 961 991
7 3 44 235 311 552 837 877
8 66 101 431 542 670 788 790 926
11 211 525 527 566 575 598 652 745 763 785 844
11 26 102 158 165 333 392 506 601 815 831 869
11 91 118 201 239 292 319 371 514 678 680 763
9 67 102 174 508 564 655 802 906 946
13 36 44 101 247 337 355 363 601 617 651 703 734 995
9 59 211 271 308 425 652 790 823 867
12 19 101 225 262 269 281 464 702 790 933 945 955
15 160 246 270 444 478 499 524 620 749 810 821 879 901 930 973
9 89 199 224 370 411 566 592 626 790
10 5 90 134 264 351 597 717 852 926 988
14 129 227 323 407 474 490 520 597 634 705 793 895 899 987
13 214 252 255 395 466 665 693 835 838 891 902 928 987
8 40 65 75 153 470 505 941 976
10 18 25 183 383 415 700 761 800 812 991
12 159 166 260 349 406 411 413 515 535 616 803 917
9 68 174 224 258 747 903 910 965 981
11 12 80 332 336 392 411 484 633 687 707 902
15 62 130 413 467 513 543 627 724 753 816 829 850 863 906 909
13 37 132 150 176 226 254 373 384 433 484 703 851 915
11 1 358 461 618 634 639 659 804 867 938 962
15 33 155 198 214 216 242 243 264 311 464 548 636 782 869 882
13 10 13 153 202 274 291 298 302 318 488 531 750 908
12 68 90 95 355 529 591 660 666 822 868 880 896
10 79 80 148 288 422 535 666 784 805 858
6 82 256 559 720 854 916
11 54 100 249 321 466 524 541 557 622 745 965
11 118 127 219 378 526 702 712 821 863 931 987
11 20 68 81 280 282 354 757 783 824 834 995
8 76 192 282 559 580 661 986 998
13 127 349 491 571 575 605 651 704 717 807 823 910 913
5 420 549 759 831 842
8 319 352 532 562 643 713 887 930
14 7 213 219 277 347 383 398 508 678 680 771 788 929 948
12 209 269 351 497 516 597 695 766 817 835 885 920
12 68 107 304 415 476 483 577 586 629 732 733 832
14 22 131 154 195 272 302 349 445 483 595 782 802 912 946
11 34 45 258 326 574 604 637 680 721 729 953
11 25 52 132 133 298 590 617 658 832 838 867
11 59 151 240 306 432 446 563 642 780 918 929
8 51 99 149 203 481 722 773 869
10 15 195 214 260 360 437 451 501 615 679
7 92 169 201 255 288 443 537
9 60 317 404 503 534 544 546 673 837
8 6 48 387 564 606 652 813 938
9 125 231 438 635 797 816 850 924 983
10 7 58 92 110 144 204 376 483 515 821
10 87 176 250 346 350 383 512 627 852 947
12 24 38 49 67 221 285 294 512 595 899 915 950
5 105 272 299 436 940
6 188 257 615 676 783 867
12 213 298 322 339 460 537 556 828 921 947 956 990
10 21 111 188 217 535 553 680 811 965 970
9 39 114 125 173 219 433 527 744 802
16 70 71 184 254 263 317 421 485 512 535 595 633 753 790 797 939
8 358 581 665 672 732 768 822 909
8 42 180 241 465 486 512 575 813
7 11 161 227 389 546 565 888
11 96 200 234 365 460 461 471 484 744 936 969
10 7 65 258 442 444 483 718 789 939 978
14 53 108 113 314 359 479 629 756 797 817 851 875 926 996
7 10 125 393 481 487 739 872
14 117 124 128 153 315 415 486 531 566 601 761 932 951 964
14 183 221 236 256 369 400 447 495 515 632 855 896 957 962
7 285 297 305 329 382 586 992
12 31 76 167 176 212 276 277 436 495 509 681 914
10 44 146 215 218 401 455 550 667 919 996
12 75 134 179 249 654 685 710 741 870 875 899 969
12 14 132 191 197 333 501 582 626 727 856 873 949
12 29 48 57 115 116 160 279 291 620 859 873 973
6 136 153 488 490 695 901
10 33 34 177 180 230 281 295 607 909 970
11 2 138 206 379 459 514 558 668 732 779 876
10 0 72 122 176 285 590 897 926 933 989
8 263 381 433 543 798 839 952 978
8 53 79 366 513 831 926 954 963
13 7 108 186 200 205 226 319 378 466 493 636 927 937
12 143 159 237 304 356 583 612 646 669 739 863 926
9 190 211 258 263 290 316 468 666 790
9 16 37 225 338 394 538 730 873 976
11 46 196 279 366 371 438 506 672 679 767 807
8 131 181 370 395 427 505 652 791
5 35 177 269 349 754
14 129 132 186 327 386 395 429 458 559 595 903 909 911 956
12 28 31 155 275 389 490 604 625 683 907 931 954
9 54 115 230 283 603 767 790 864 970
11 42 60 119 173 223 249 558 683 684 708 884
12 76 149 246 328 472 473 479 481 551 810 962 994
8 68 443 500 514 681 692 942 966
11 99 152 168 428 497 513 685 695 762 819 889
13 75 181 210 214 254 309 317 420 440 471 488 803 865
9 113 185 228 339 459 665 682 704 932
11 34 151 583 634 755 839 864 884 949 954 960
15 1 63 104 116 199 212 409 540 681 719 775 785 841 851 868
4 163 193 623 813
10 84 86 100 303 382 436 686 741 833 903
12 3 35 105 176 196 384 406 566 567 600 899 900
8 14 165 257 341 545 601 912 920
13 171 224 286 331 369 416 529 577 590 644 780 908 920
10 175 181 286 433 451 564 568 600 891 909
12 27 77 200 299 327 426 644 672 785 796 885 929
12 49 69 86 135 186 207 244 319 330 348 452 997
10 112 167 426 478 608 838 885 886 902 958
10 201 379 420 557 569 660 672 700 755 869
13 2 39 82 200 202 281 370 448 523 774 823 919 985
7 75 263 270 335 414 602 816
10 39 93 97 184 210 253 447 487 810 873
11 85 102 179 195 212 244 457 541 569 608 811
11 63 116 162 171 275 584 749 754 864 880 887
13 116 144 151 163 311 356 468 661 786 825 935 959 981
14 27 46 62 185 279 440 449 477 479 663 689 831 919 960
14 16 51 79 129 152 165 194 274 597 608 662 755 782 816
9 121 137 366 372 467 476 611 878 944
8 313 504 548 563 604 666 813 814
9 220 270 564 677 786 866 927 963 990
14 23 72 74 234 256 304 413 420 518 687 778 790 880 926
12 9 55 90 157 265 451 532 627 651 746 931 939
13 5 58 70 315 354 425 606 647 767 790 791 913 930
16 3 63 86 190 289 301 325 343 392 413 443 499 604 677 684 704
9 35 253 371 468 641 648 842 843 974
8 43 130 253 341 522 617 780 861
14 32 72 201 219 468 482 602 649 655 720 747 933 940 976
7 90 277 351 558 780 979 980
15 10 12 35 108 183 270 403 416 418 446 538 620 621 807 931
9 20 122 180 227 456 649 651 979 989
10 184 232 363 491 581 595 596 597 726 910
7 230 296 330 512 650 662 979
5 7 105 128 424 623
11 31 51 133 164 419 477 556 602 635 661 685
8 29 186 275 322 697 870 903 955
6 7 191 266 282 422 650
15 52 54 110 171 182 260 333 418 476 553 631 672 785 880 999
14 1 30 141 254 333 382 451 528 593 703 738 744 789 849
16 36 70 145 207 231 260 366 497 511 547 708 726 807 823 827 973
10 237 281 327 328 450 454 508 604 824 864
19 10 17 41 120 151 162 179 195 228 270 281 362 377 563 655 709 902 926 928
11 102 152 177 229 338 340 392 671 676 771 890
12 43 61 169 315 387 457 585 631 816 877 906 927
11 29 145 310 464 538 560 583 590 674 681 736
11 31 47 209 429 469 524 539 666 804 806 807
15 2 39 157 158 359 482 579 588 649 684 704 838 858 880 891
11 92 106 148 426 434 487 521 759 880 987 991
15 101 133 170 240 420 521 579 593 654 716 727 790 857 937 964
11 150 169 207 292 301 524 579 666 765 907 982
5 60 528 532 722 852
8 71 85 97 114 133 166 336 655
5 16 455 610 706 830
10 25 42 134 309 663 760 805 900 989 999
8 88 172 212 733 792 835 841 842
11 6 70 103 140 250 392 462 589 900 912 957
15 53 193 199 213 229 419 426 455 481 673 701 731 806 824 852
12 212 240 263 391 404 637 670 730 810 894 899 988
8 213 460 523 602 629 751 839 890
6 861 887 890 891 905 949
7 281 365 402 565 567 568 948
10 2 65 164 187 454 735 809 902 919 971
14 10 39 223 233 480 550 719 879 899 905 915 951 965 997
6 278 290 306 372 493 659
11 58 179 196 502 517 563 614 779 788 822 878
10 177 212 319 351 533 627 644 674 931 941
10 258 263 278 562 587 696 721 767 957 980
9 197 254 345 387 460 489 646 916 950
9 77 109 204 585 707 745 746 805 915
7 24 272 362 565 644 794 929
9 82 147 261 303 357 574 845 848 902
14 9 80 127 183 245 287 463 498 523 563 624 738 925 942
10 78 175 207 217 306 395 417 448 933 948
5 152 421 434 913 946
9 76 144 241 380 557 567 708 779 818
8 75 78 83 246 639 659 718 875
14 21 174 207 414 461 473 479 508 550 674 765 827 903 928
15 128 140 161 195 325 332 346 360 385 386 550 624 722 765 888
13 110 116 238 435 436 459 536 550 602 619 679 869 915
14 43 154 299 401 426 616 626 663 704 761 772 773 832 885
13 132 154 164 177 204 221 250 342 697 824 836 964 972
9 64 288 318 373 521 524 678 702 890
10 195 269 277 386 427 430 487 522 750 932
14 16 90 317 322 327 362 370 530 546 553 577 597 603 955
13 5 77 119 124 183 232 276 371 510 602 835 910 911
11 152 189 462 509 538 543 559 628 806 852 884
6 149 226 455 689 719 899
7 73 122 469 542 637 675 988
10 132 168 178 207 213 351 496 609 733 987
13 100 130 234 252 371 527 532 536 650 699 784 792 966
11 14 66 185 228 349 607 615 654 672 699 984
7 61 121 223 356 571 812 837
14 82 239 251 291 537 633 677 687 696 700 799 840 893 907
6 23 330 502 748 763 903
8 3 117 263 687 709 790 848 937
13 54 64 136 165 333 396 583 638 733 739 753 838 870
10 250 321 466 475 609 790 881 887 984 988
9 34 116 325 440 598 711 869 905 989
8 225 383 397 430 463 545 645 924
8 121 133 319 331 392 445 834 961
9 62 132 392 597 680 766 793 813 928
14 59 147 221 305 324 433 494 548 638 661 802 828 890 900
12 7 26 31 92 144 287 325 353 548 641 810 903
5 130 154 451 764 798
6 519 552 657 689 796 981
11 16 169 178 207 260 305 335 590 596 885 995
12 239 254 268 305 387 394 509 666 782 805 862 933
13 101 225 233 286 331 339 434 493 598 774 775 818 913
14 202 414 443 472 541 584 701 703 712 857 873 895 941 949
13 1 2 60 135 277 604 697 713 784 804 845 875 981
11 5 117 279 388 393 421 460 485 577 707 773
6 40 274 644 711 805 884
13 39 77 81 283 318 400 556 562 744 763 767 857 927
14 23 169 210 263 308 320 345 488 695 796 880 920 969 978
8 38 81 255 442 479 611 648 966
13 44 102 116 215 436 445 517 636 694 705 725 969 994
11 204 240 311 351 383 404 415 470 553 876 993
12 206 326 331 403 446 501 634 648 724 841 901 956
6 164 203 417 462 576 606
14 102 116 182 247 265 344 392 614 620 731 792 877 971 976
12 61 105 124 239 283 304 353 390 421 445 594 871
10 98 213 293 324 332 378 409 412 739 848
14 67 69 154 173 360 363 405 544 621 850 859 901 908 955
5 57 276 464 671 951
12 4 123 167 222 256 279 325 402 457 652 781 873
15 4 87 118 159 186 284 329 523 525 584 588 630 751 889 990
8 194 230 235 353 373 617 663 879
11 185 205 345 351 355 412 502 586 658 771 921
11 30 154 209 299 312 380 542 654 655 718 727
12 5 55 67 105 150 342 544 633 636 749 759 834
12 48 154 357 546 549 565 715 729 736 772 913 970
14 48 66 181 551 555 608 673 693 723 756 773 805 817 895
9 215 253 327 422 430 455 541 549 758
15 96 291 301 375 426 431 469 506 643 724 729 762 830 874 987
8 10 152 187 220 371 724 794 941
14 26 92 143 294 317 325 370 378 492 567 609 647 686 839
10 50 201 225 290 429 546 560 570 647 896
2 105 115
10 214 344 363 623 661 671 687 849 904 979
13 43 56 110 112 334 463 646 682 689 762 881 944 966
11 67 222 290 403 445 582 594 703 802 906 962
10 5 30 59 153 163 180 190 448 528 950
15 16 274 340 353 366 454 534 553 620 657 761 772 777 870 945
9 16 94 118 199 208 536 551 750 838
13 31 58 240 386 387 421 535 572 598 645 753 801 988
8 189 300 698 707 753 754 989 993
13 22 65 100 145 148 217 241 322 437 480 516 686 730
18 76 81 92 113 212 323 335 448 449 503 538 564 568 625 682 797 842 944
12 169 203 282 316 335 380 491 759 820 861 886 981
8 24 37 106 112 497 746 769 980
7 191 227 311 502 720 776 936
11 313 359 360 369 425 576 719 751 758 892 926
8 108 176 341 561 642 657 844 940
12 225 480 505 525 528 556 609 705 811 878 981 986
10 24 46 171 338 468 575 650 694 697 923
5 73 563 584 595 837
7 43 196 235 238 606 897 970
11 54 158 332 475 561 689 712 778 779 889 943
12 36 171 203 223 237 298 359 539 543 611 782 785
10 53 155 270 286 294 391 428 458 600 722
9 22 61 131 264 397 466 505 597 832
16 192 259 313 329 411 428 458 462 477 619 698 788 801 862 957 983
13 11 62 132 167 187 490 513 518 563 790 857 882 888
8 23 101 372 516 658 666 892 911
11 265 390 509 511 687 766 815 889 890 936 983
10 181 192 293 342 511 543 565 709 771 836
18 22 59 63 140 229 257 259 317 351 355 358 492 514 553 727 754 884 923
9 178 520 654 665 730 790 860 875 883
18 31 92 150 217 267 291 360 373 386 442 540 611 613 657 683 886 914 928
7 80 144 214 230 289 324 938
15 13 34 134 181 214 535 605 623 658 676 726 857 861 917 955
7 110 172 178 396 769 826 842
11 19 139 199 291 301 394 406 836 841 898 998
11 13 41 48 76 115 196 375 390 513 803 929
11 227 240 272 437 650 707 715 810 811 849 895
12 174 238 246 287 359 384 396 423 634 673 755 959
12 32 186 204 345 413 459 495 514 632 756 874 882
10 11 141 246 585 611 800 802 808 946 981
8 150 160 554 599 628 673 905 948
9 104 204 272 305 359 664 680 800 853
6 32 166 403 608 609 931
14 49 64 131 167 169 406 420 439 528 611 756 913 960 993
10 64 104 259 340 378 386 575 627 750 952
10 142 226 261 394 432 452 600 741 789 828
10 258 430 444 557 627 659 708 727 927 960
11 220 283 340 359 398 455 516 543 565 598 727
6 211 422 436 634 672 857
8 74 258 260 357 571 738 743 876
14 2 17 42 255 338 367 378 442 587 629 664 693 763 888
12 35 220 325 511 558 593 703 717 738 865 868 997
9 61 65 265 330 370 560 613 684 956
9 164 275 349 417 492 730 963 968 970
7 300 383 416 616 630 746 997
13 21 77 89 164 195 285 402 452 627 676 718 844 953
12 263 264 313 317 333 457 628 923 941 949 956 993
9 1 20 42 195 788 821 825 833 868
10 169 279 336 344 354 649 693 748 859 982
11 24 27 134 144 146 239 274 392 405 567 970
14 7 160 202 338 383 413 435 455 708 752 756 774 798 843
16 19 60 175 298 415 484 594 647 712 805 862 868 908 910 988 994
7 12 518 581 605 670 855 864
13 8 87 221 242 296 414 450 546 669 736 750 867 942
5 12 462 585 957 997
17 44 117 158 211 270 325 387 407 419 465 569 596 678 753 779 898 920
5 125 138 151 650 960
11 155 291 420 421 443 636 652 653 783 881 991
8 249 634 826 855 886 891 931 965
10 89 95 164 357 550 558 689 804 936 941
8 78 177 493 567 647 685 703 704
11 10 70 117 194 330 366 411 419 778 849 911
11 43 99 124 245 330 361 418 462 649 652 988
8 151 394 504 576 665 686 710 779
11 100 151 399 575 638 741 766 807 847 865 991
12 48 108 299 315 460 480 497 787 845 860 926 933
10 86 141 174 337 419 460 573 607 614 759
9 28 199 323 358 381 430 882 948 999
3 121 580 827
5 397 563 649 720 784
5 8 398 761 868 919
7 394 557 590 706 708 775 812
12 24 50 52 192 284 379 486 502 614 640 906 961
6 83 324 751 847 852 971
13 26 63 68 171 313 333 398 492 520 702 731 782 832
10 57 71 106 140 170 284 348 386 782 852
6 54 73 706 755 806 955
14 20 152 303 306 348 386 478 483 557 631 875 878 897 915
8 45 321 331 347 418 426 451 587
8 89 195 541 587 668 711 767 799
6 42 103 130 198 441 546
12 32 46 115 229 350 612 715 797 815 863 874 941
5 3 433 533 648 885
9 22 157 447 601 662 701 720 827 918
11 31 110 113 130 320 577 644 670 740 833 844
9 18 28 63 161 183 341 717 770 803
15 74 146 266 376 443 479 614 663 664 722 819 852 856 907 932
10 91 131 335 396 507 533 664 685 882 940
11 31 356 367 381 517 528 536 694 743 901 980
11 5 11 108 169 485 650 695 700 717 897 993
11 15 51 137 313 419 453 793 804 854 917 938
8 73 137 229 269 651 670 883 918
13 71 97 119 196 380 393 456 566 648 667 733 823 993
8 46 382 572 777 833 868 984 989
11 5 24 93 97 174 439 487 598 661 737 942
10 79 99 182 257 275 514 652 658 863 902
8 50 121 426 428 612 631 707 953
10 124 125 208 259 277 348 373 622 813 996
11 10 41 146 243 346 373 568 595 596 825 834
11 90 147 185 238 326 459 619 683 731 910 985
11 208 412 505 510 542 585 631 746 783 895 899
10 46 75 121 186 256 303 480 815 882 924
8 22 231 295 296 668 690 874 985
7 33 208 752 866 880 896 943
10 66 90 97 125 301 458 561 646 684 928
12 51 75 164 183 201 307 598 649 661 838 865 919
11 159 165 213 259 304 306 465 598 629 650 881
6 211 344 529 626 717 862
8 28 230 258 363 518 626 738 994
6 178 213 243 280 669 891
7 39 252 661 760 899 945 979
13 65 108 112 197 341 366 540 676 728 803 855 883 916
18 138 149 152 266 309 497 583 593 676 722 730 793 802 833 922 923 950 961
12 8 77 113 123 180 269 326 464 523 545 547 843
7 6 104 198 376 379 643 899
14 72 108 225 272 422 446 461 536 625 677 741 742 818 868
13 11 108 143 453 475 724 767 809 884 953 962 973 979
16 23 139 147 236 262 284 315 370 392 449 608 628 736 893 939 976
15 78 226 275 277 340 426 518 525 556 677 787 791 822 844 902
11 9 36 80 378 383 387 394 405 534 539 821
11 185 265 280 298 386 409 732 785 843 928 930
17 8 46 78 136 143 345 425 458 583 680 714 837 874 914 942 960 967
10 3 60 82 157 403 484 557 702 841 919
20 65 84 267 425 431 432 434 479 503 510 540 542 567 613 615 681 686 823 858 953
10 36 203 229 266 295 329 506 542 785 940
6 202 276 573 608 638 821
10 71 72 285 330 397 436 619 757 779 964
9 31 53 168 189 588 653 801 922 994
3 55 935 976
11 37 58 65 121 350 393 525 623 632 881 946
13 20 93 126 205 270 373 399 470 479 485 666 748 889
12 22 181 225 337 499 622 717 805 873 892 943 981
5 59 160 187 611 746
8 8 31 77 247 313 439 696 698
11 22 73 106 324 341 663 680 794 822 824 856
12 145 233 235 316 382 429 461 478 620 659 696 779
11 40 49 158 197 246 268 440 515 692 752 778
9 130 261 445 564 628 726 757 944 946
18 70 94 154 304 422 423 449 572 587 625 630 650 718 798 811 862 869 930
4 564 575 604 743
13 31 134 146 231 386 398 455 505 548 558 564 731 994
10 166 176 295 349 356 696 833 849 938 945
8 145 206 287 580 783 869 885 969
13 265 273 304 310 405 433 512 531 576 621 693 948 973
15 35 58 133 160 179 360 477 532 672 693 805 916 917 987 992
7 73 222 411 439 610 738 825
11 94 398 411 421 469 481 519 538 619 764 817
8 44 296 538 819 838 850 945 948
13 71 141 155 200 282 307 427 683 748 768 917 932 974
7 127 443 470 530 536 562 840
5 125 459 485 650 813
9 122 165 234 252 383 593 626 782 889
5 298 514 753 814 914
5 8 26 183 391 667
12 23 49 181 302 331 433 452 471 714 786 792 851
11 61 195 229 254 371 448 480 583 785 801 876
10 431 455 529 558 759 790 841 862 910 963
13 38 97 335 403 404 453 559 575 599 801 868 938 968
13 37 243 311 319 386 400 534 714 765 812 864 906 987
4 26 150 690 725
9 21 61 322 345 374 558 595 735 750
7 57 192 476 620 702 924 935
8 93 144 339 371 443 900 938 971
10 58 153 233 309 318 325 375 379 571 652
16 222 311 322 359 391 427 456 500 535 849 890 918 939 963 971 987
12 23 127 357 364 460 463 598 679 741 858 946 973
9 240 322 407 520 714 751 760 779 808
6 70 263 453 618 648 765
8 130 209 262 437 459 573 603 850
11 49 269 275 599 684 691 856 892 906 923 970
11 42 95 138 322 372 424 468 610 674 788 846
18 57 66 71 96 134 158 170 247 437 463 527 565 614 662 772 814 875 897
8 115 262 349 499 517 577 654 847
7 64 190 209 285 403 611 816
13 5 85 117 196 298 303 347 518 573 636 691 789 823
9 73 132 456 544 573 666 690 911 964
7 218 401 544 717 780 787 908
15 0 37 66 173 255 263 272 372 426 671 712 751 785 924 929
12 62 167 286 293 320 337 395 400 589 628 732 915
9 86 112 214 219 266 283 837 979 998
10 16 90 165 208 307 367 731 740 839 868
11 113 124 134 216 323 589 613 640 905 922 972
11 201 278 279 389 557 657 693 728 808 831 998
12 150 154 326 443 470 641 814 835 855 901 945 957
7 36 96 444 485 518 821 937
10 0 288 435 472 569 575 604 740 742 753
5 29 311 355 381 698
13 0 40 54 84 167 237 401 450 757 908 935 969 977
11 56 187 291 339 374 488 719 725 778 850 967
7 296 344 493 753 801 836 977
9 63 201 245 567 627 631 681 689 705
7 262 356 407 449 565 790 832
9 243 376 384 421 494 641 715 898 961
9 72 125 164 193 403 686 732 892 923
10 37 50 97 239 268 545 578 667 689 876
16 6 44 91 192 196 270 319 625 680 718 774 805 823 904 959 974
10 10 33 368 402 443 452 502 748 762 997
14 53 138 367 377 510 517 533 559 719 825 877 914 947 993
7 30 47 515 708 731 772 925
7 63 71 412 539 770 886 992
14 4 86 281 304 414 431 445 463 475 720 870 873 878 954
15 54 149 192 241 448 518 708 714 718 737 760 782 824 847 960
11 123 308 427 446 465 528 597 616 805 809 901
13 132 140 177 186 261 321 346 492 554 614 661 867 910
5 93 182 271 639 988
5 139 194 223 486 873
12 376 493 494 504 531 627 643 798 867 872 881 958
13 5 30 36 69 265 376 652 695 748 769 788 892 983
9 170 178 485 492 594 628 686 744 838
9 0 213 259 414 497 635 706 822 861
8 121 275 345 424 562 638 864 907
12 111 119 163 200 267 313 537 583 672 744 867 988
15 28 136 166 171 252 272 345 374 433 581 645 883 912 937 942
12 293 312 409 448 533 540 556 565 566 632 770 920
14 159 192 230 263 345 404 615 658 724 773 796 873 912 963
11 53 55 91 182 358 446 681 695 734 754 768
13 149 208 318 339 358 372 686 758 778 879 923 931 994
11 43 159 311 511 517 604 630 685 783 918 971
18 30 40 49 65 107 194 214 298 410 459 525 527 598 624 749 809 899 975
10 52 125 312 392 527 667 687 725 866 999
13 132 145 263 457 533 578 615 932 938 950 963 966 973
6 155 173 482 596 681 707
8 372 514 644 676 683 797 818 923
14 9 80 88 130 226 561 577 578 600 620 683 831 899 989
10 91 168 259 410 437 524 565 578 725 776
14 17 75 117 235 319 420 670 682 798 836 860 874 939 999
8 115 229 260 369 387 611 784 970
5 199 209 244 576 900
9 12 240 341 345 436 627 650 693 767
6 165 343 448 488 655 770
15 10 51 81 143 166 203 213 238 409 498 675 744 756 838 924
8 93 231 275 401 691 722 859 919
17 41 226 292 330 436 473 492 521 576 581 605 767 777 781 885 890 964
18 8 9 49 114 135 185 209 341 374 375 394 521 572 574 620 829 894 994
10 9 195 368 433 495 636 641 755 850 869
14 86 208 256 391 422 437 442 527 560 580 589 762 785 979
14 33 128 129 197 205 273 369 441 508 520 554 595 612 621
7 38 163 166 244 252 657 862
15 63 182 200 239 243 259 314 365 392 578 581 616 697 848 953
11 47 54 61 239 429 443 562 659 739 825 836
11 24 265 357 391 402 509 568 611 753 877 943
7 185 447 523 641 718 843 854
9 42 131 375 396 443 480 496 508 524
15 26 118 194 199 388 396 409 441 455 550 603 718 766 823 870
15 4 72 83 143 175 209 247 273 508 603 682 728 842 940 980
12 46 105 235 236 376 408 461 522 574 879 881 953
11 16 129 159 226 455 542 592 626 649 700 951
11 15 30 121 201 267 401 490 687 788 819 864
12 39 74 103 211 444 473 581 587 597 744 845 937
8 78 340 400 450 586 778 811 976
10 84 188 196 306 352 440 689 757 811 815
9 126 154 422 464 750 758 831 884 955
13 19 21 153 358 415 491 529 535 580 737 772 789 898
13 246 299 306 331 459 522 523 632 722 880 930 945 983
8 163 211 246 265 313 320 476 646
11 2 60 189 203 229 336 779 794 848 927 992
11 8 274 300 673 685 713 779 836 860 883 889
10 207 275 364 470 617 768 828 844 897 935
3 238 590 865
13 0 73 425 435 485 498 500 502 540 560 670 732 960
9 270 280 332 501 539 562 631 703 922
10 303 437 560 595 619 687 771 787 975 979
9 97 113 423 458 464 525 588 692 844
11 6 71 148 171 237 433 457 542 787 805 920
14 274 363 378 384 394 395 452 509 541 548 584 699 725 883
12 97 214 249 292 297 419 487 516 601 753 815 887
10 7 101 258 432 498 546 591 625 732 993
6 28 292 294 329 386 413
11 31 134 256 337 393 397 534 795 828 854 924
8 88 111 291 414 483 669 683 726
13 35 72 81 119 187 216 348 501 567 613 851 879 915
12 78 93 126 249 445 469 688 757 808 824 829 887
10 105 123 134 159 479 484 541 784 831 892
9 205 263 414 474 546 671 754 791 911
10 140 234 300 438 584 627 653 713 726 748
10 27 222 513 590 720 761 788 879 961 977
11 38 59 96 119 137 180 676 770 798 907 978
13 43 108 151 160 182 210 232 310 336 537 658 666 804
10 111 140 385 432 661 777 808 814 850 920
8 145 429 461 592 696 796 804 832
6 187 472 476 864 973 993
11 175 318 458 579 591 697 734 810 814 956 983
15 7 16 65 112 198 202 220 296 323 493 517 578 627 713 980
10 104 159 271 360 473 586 660 779 887 981
7 370 389 487 581 642 913 992
8 159 210 259 333 378 499 701 969
10 110 129 245 462 712 763 783 790 905 912
6 49 400 500 509 517 867
12 88 140 162 204 371 432 554 602 641 689 743 918
10 4 31 147 156 476 508 636 709 713 948
10 201 356 488 574 585 680 721 850 982 996
8 64 92 155 223 527 873 962 985
5 122 219 534 694 862
9 229 517 535 700 703 723 788 868 926
11 24 25 48 220 423 618 739 779 859 942 966
13 38 59 116 132 303 355 445 488 512 659 783 958 993
8 267 500 539 710 823 831 881 887
11 120 140 198 353 366 487 567 599 793 842 899
9 125 126 178 246 441 451 477 581 725
9 39 408 513 608 633 658 887 961 985
9 4 38 112 352 404 408 415 788 855
3 177 710 824
10 26 179 213 483 492 632 634 809 854 952
13 179 213 374 477 496 510 649 675 710 716 836 893 979
16 16 92 114 143 182 239 281 389 397 403 580 638 740 829 831 884
7 8 163 164 243 318 599 848
14 51 61 244 323 433 494 558 783 810 832 887 947 980 994
7 53 95 118 145 544 815 862
9 72 143 162 301 310 350 391 885 928
10 20 371 399 438 504 546 638 784 795 916
5 129 223 854 856 942
8 15 137 381 387 484 499 632 943
22 22 38 119 134 146 178 301 344 380 391 413 547 549 551 657 777 783 846 902 928 970 989
10 78 272 275 547 585 668 755 911 949 973
15 11 35 40 83 96 406 441 534 623 628 667 672 696 798 950
7 148 345 412 418 568 715 957
11 71 199 212 234 317 470 680 683 874 920 948
8 94 189 328 366 369 609 615 760
6 303 529 766 769 958 966
7 8 88 282 327 406 454 672
12 137 198 286 436 437 452 566 607 652 811 825 831
12 28 275 291 435 576 606 615 663 718 729 871 878
10 86 190 498 549 572 616 664 760 890 979
6 132 262 314 476 539 644
10 245 247 262 329 420 423 439 566 724 731
9 56 95 157 159 489 811 866 922 951
15 126 205 266 316 338 635 664 700 713 756 759 864 933 947 962
12 278 378 388 512 634 718 775 794 807 883 900 973
12 43 95 246 271 281 326 334 400 419 430 453 624
9 15 131 169 268 293 485 491 764 957
9 44 148 322 526 581 708 711 721 863
9 75 110 254 288 409 454 691 846 849
8 4 57 352 556 572 734 886 892
