600
4 148 170 296 475
8 149 157 218 237 244 387 431 457
7 55 103 167 187 260 371 483
12 20 24 30 37 41 62 166 270 297 328 436 437
7 33 64 309 330 375 395 412
8 146 170 237 271 283 343 388 511
6 179 285 329 436 501 567
1 20
8 146 180 195 331 372 493 539 545
4 236 240 419 444
6 39 193 356 457 500 511
9 30 77 120 203 240 356 359 483 575
10 100 170 180 192 210 213 265 429 484 546
6 30 128 198 278 355 552
2 191 270
9 34 82 244 323 332 433 435 438 498
7 26 48 293 325 355 391 405
3 154 285 548
10 63 95 126 252 337 357 376 380 429 513
5 245 276 300 431 538
11 3 7 42 66 145 146 223 270 416 562 583
6 22 130 183 227 376 583
5 21 81 101 117 242
7 97 121 181 243 248 361 440
5 3 237 259 535 567
6 257 293 333 429 494 577
10 16 104 148 205 247 373 382 489 519 574
5 200 306 324 358 471
6 70 118 192 350 399 454
6 121 184 397 434 537 556
6 3 11 13 545 586 598
3 271 299 483
6 43 105 216 366 510 591
10 4 90 136 149 235 312 367 408 464 581
7 15 156 317 439 442 479 517
7 86 150 195 221 360 408 516
5 168 176 207 562 572
10 3 48 85 142 170 176 178 395 493 588
7 285 318 347 403 497 508 528
10 10 130 210 214 217 275 288 467 499 552
6 158 273 390 392 411 555
9 3 70 230 416 486 507 531 537 543
9 20 53 80 81 135 218 242 404 585
7 32 150 172 377 428 577 579
7 84 129 224 348 407 417 446
8 142 232 266 335 342 522 560 577
11 165 195 217 282 310 349 391 472 497 581 588
9 49 113 162 183 287 312 410 416 582
13 16 37 148 190 259 287 302 406 453 473 485 545 576
5 47 290 455 539 547
6 154 203 276 310 322 385
9 155 197 243 244 307 319 321 371 389
8 140 193 199 370 450 540 547 588
9 42 112 122 150 176 251 351 392 543
9 145 205 316 334 382 491 553 581 589
8 2 92 265 371 406 494 510 574
5 133 202 354 357 520
5 225 290 368 417 481
6 160 241 312 364 480 534
8 127 224 253 277 317 442 563 598
7 131 231 252 272 454 539 560
9 204 249 287 298 368 380 426 429 523
6 3 136 201 295 516 559
11 18 122 163 172 179 304 331 384 452 522 531
13 4 72 177 256 318 331 467 505 532 550 571 587 594
8 107 108 174 203 207 320 323 351
6 20 117 168 216 363 555
5 181 296 388 507 512
9 113 168 200 220 293 300 401 450 593
10 119 127 232 353 386 399 418 460 512 562
6 28 41 198 224 326 433
4 131 289 407 429
5 64 264 279 395 416
5 82 165 396 487 565
8 78 145 187 221 368 401 444 596
6 139 207 232 267 388 399
3 303 309 539
10 11 111 187 233 235 314 452 477 481 516
5 74 168 305 333 492
7 112 116 320 392 431 495 557
6 42 200 310 494 527 551
9 22 42 236 318 331 351 366 367 459
7 15 73 127 167 323 451 517
7 199 223 241 334 366 565 576
7 44 115 227 277 367 414 550
6 37 100 185 296 525 561
9 35 227 230 283 381 392 402 421 538
6 88 126 293 300 328 348
5 87 245 322 418 490
7 130 248 298 320 342 476 529
4 33 159 199 399
10 139 146 148 214 281 289 307 330 534 565
6 55 262 418 484 491 533
7 138 190 209 290 368 423 552
8 114 164 184 234 362 389 439 550
9 18 108 131 143 230 243 300 335 535
9 186 250 309 312 325 362 458 460 464
2 23 435
6 111 239 246 299 422 562
5 116 205 326 379 449
9 12 85 166 188 293 446 450 519 522
7 22 177 253 307 338 429 479
12 106 148 302 376 407 425 428 449 466 484 549 572
9 2 120 183 189 258 469 473 515 557
9 26 169 175 364 403 508 516 570 592
11 32 124 126 178 237 243 299 347 460 469 523
6 102 136 390 426 541 571
8 65 209 242 249 402 500 561 581
11 65 95 127 152 255 329 371 376 535 559 581
5 165 200 216 381 417
8 155 254 257 401 506 527 539 596
8 77 98 145 301 385 432 463 484
9 53 79 276 350 389 420 424 527 552
10 47 68 117 127 200 340 393 422 451 460
8 94 171 240 423 451 535 540 574
10 84 201 294 310 340 407 473 514 520 580
5 79 99 387 458 582
5 22 66 113 236 294
10 28 120 192 312 398 423 499 529 545 552
7 69 177 179 246 442 448 585
7 11 103 118 146 171 491 493
8 23 29 214 244 277 304 428 483
6 53 63 139 233 301 359
8 228 235 285 385 425 482 486 584
8 105 128 141 382 389 443 451 575
6 129 278 300 348 378 480
7 18 87 105 186 480 504 512
9 59 69 82 108 113 156 303 346 475
6 13 124 214 233 311 427
4 44 125 149 533
8 21 39 89 283 307 356 364 444
11 60 71 95 171 207 260 316 332 435 443 598
4 313 387 452 523
4 56 153 257 590
5 152 216 343 470 595
9 42 245 356 385 398 435 436 491 553
9 33 62 106 244 375 394 444 485 534
3 147 529 580
8 93 175 192 252 463 465 473 506
7 75 91 122 184 282 419 504
4 52 198 327 473
2 124 344
11 37 45 144 164 269 292 471 474 517 554 562
6 95 199 401 402 531 578
3 142 502 596
11 20 54 74 111 150 254 272 381 382 500 505
13 5 8 20 91 120 255 262 266 290 296 458 467 586
5 137 255 290 337 465
9 0 26 48 91 102 274 317 495 564
8 1 33 129 219 256 426 535 584
12 35 43 53 145 199 267 277 427 428 463 465 571
8 247 315 398 422 434 546 565 593
7 108 134 276 398 432 433 512
7 133 273 292 400 451 565 576
7 17 50 327 380 509 572 574
7 51 110 284 292 381 435 559
5 34 127 286 356 458
5 1 225 330 557 575
7 40 346 368 395 432 540 598
7 90 178 184 393 395 514 529
7 58 263 265 278 319 321 351
5 224 275 434 517 571
6 47 182 235 432 459 586
9 63 176 211 227 236 318 342 579 591
5 94 142 309 496 572
7 46 73 109 312 367 430 497
5 3 100 174 364 406
9 2 82 188 291 321 434 457 499 515
10 36 66 68 78 176 202 248 442 551 581
6 104 170 221 246 260 566
12 0 5 12 37 169 189 248 268 373 411 459 587
10 114 120 131 259 260 351 353 405 434 565
3 43 63 421
2 255 487
7 65 166 281 505 555 557 578
9 104 138 286 452 456 467 489 507 593
8 36 37 53 163 168 329 512 568
10 64 101 119 184 197 215 230 374 535 582
9 37 105 159 244 317 328 495 558 562
9 6 63 119 337 365 411 414 457 519
9 8 12 219 263 304 451 522 523 525
8 23 67 231 344 444 502 519 586
3 162 209 254
6 21 47 103 415 515 592
16 29 94 139 159 177 200 303 310 361 413 503 508 515 577 585 599
5 85 312 406 441 496
8 96 126 266 338 408 451 511 567
9 2 74 77 198 261 317 378 403 435
7 100 167 435 451 470 550 575
7 103 170 213 344 511 523 594
10 48 93 211 236 247 267 310 425 482 599
8 14 214 217 235 293 312 364 510
9 12 28 118 138 204 205 285 312 517
3 10 52 444
5 309 385 552 566 593
3 8 35 46
6 255 295 331 353 530 584
4 51 177 376 495
5 13 70 140 187 540
12 52 83 90 143 150 204 312 314 348 372 417 528
13 27 68 80 109 113 184 257 263 366 480 508 524 583
5 62 115 378 482 555
11 56 168 283 360 438 443 475 484 487 494 536
6 11 50 65 264 415 547
8 61 192 199 239 329 464 480 486
7 26 54 99 192 299 437 467
6 211 244 288 355 479 521
7 36 65 75 131 254 443 500
4 379 386 452 555
4 93 107 182 316
5 12 39 344 409 597
8 163 190 206 356 364 413 515 536
4 242 262 480 489
5 12 189 301 475 544
12 39 91 121 128 191 254 349 421 488 519 551 577
11 177 217 236 249 259 334 436 461 501 590 599
9 32 66 109 134 243 262 277 331 590
13 39 46 191 215 242 284 313 317 423 457 482 520 523
4 1 42 544 571
4 149 180 367 375
4 68 303 477 576
9 35 74 169 340 386 395 398 520 566
4 268 307 330 392
4 20 83 526 579
6 44 59 70 161 284 453
6 57 157 338 418 518 599
6 312 371 438 544 552 578
6 21 84 86 163 523 532
6 123 385 421 452 479 551
8 233 265 334 507 522 583 590 591
7 41 86 95 177 319 427 431
6 60 181 236 366 559 565
6 45 69 75 313 317 578
14 77 122 128 229 238 253 333 344 366 487 516 528 539 595
5 94 286 545 588 596
10 33 77 123 162 191 298 331 370 405 482
12 9 81 117 163 190 215 231 310 391 401 476 598
8 1 5 24 105 415 425 440 546
3 233 259 469
8 98 204 379 406 432 444 449 493
6 9 11 114 354 444 537
8 58 83 278 363 365 413 458 484
10 22 42 107 212 217 247 338 402 424 476
8 23 51 95 105 216 289 452 474
14 1 15 51 121 136 178 206 253 275 335 434 504 545 582
9 19 88 135 331 352 373 374 457 567
6 98 119 169 315 458 505
10 26 151 190 242 377 383 427 457 538 556
8 23 89 168 170 397 449 486 514
5 61 107 215 415 460
4 96 455 510 577
3 53 302 488
5 18 60 138 265 491
6 59 101 233 244 269 566
9 110 145 182 207 214 370 401 416 520
14 108 146 147 173 196 326 329 377 427 458 479 482 524 588
4 64 149 504 574
5 25 110 133 200 589
5 103 306 314 496 526
10 24 48 171 215 238 280 338 360 449 539
9 2 131 169 171 322 323 474 501 590
3 187 473 570
7 92 146 212 216 283 453 579
7 160 180 200 320 370 512 525
3 72 203 302
7 12 55 160 229 252 273 498
8 45 146 186 269 274 459 466 531
10 75 150 190 304 315 482 508 569 598 599
4 170 222 393 412
6 142 253 266 339 352 563
7 3 14 20 274 343 397 514
7 5 31 294 402 488 504 539
8 60 145 315 347 517 537 571 578
6 40 153 265 311 394 445
8 148 266 270 361 382 417 554 582
4 39 161 244 375
9 19 50 112 152 406 433 465 470 523
8 59 84 121 150 216 476 518 570
9 13 125 160 241 321 334 350 461 515
5 72 293 310 423 472
5 259 301 442 515 549
5 91 174 441 460 595
8 46 139 328 330 381 399 400 427
8 5 86 130 202 262 310 486 525
5 155 217 224 412 462
13 6 17 38 123 192 292 422 440 457 469 550 565 567
4 156 175 234 538
6 47 48 61 327 514 557
8 39 206 404 424 430 503 505 590
6 71 91 243 329 394 513
6 49 57 93 146 147 413
4 167 476 537 554
9 142 153 155 285 341 364 443 579 592
9 16 25 68 87 100 191 279 470 567
7 115 117 271 300 303 330 573
6 62 196 468 499 527 596
6 0 67 85 146 546 555
2 3 440
6 61 89 235 300 333 452
7 31 98 105 205 446 535 560
11 19 68 87 95 125 294 298 381 520 532 561
8 111 122 213 280 348 391 471 568
6 48 102 251 264 564 595
10 76 127 184 220 294 361 446 516 548 560
9 63 121 180 267 325 356 430 451 529
5 78 333 438 473 497
4 27 258 465 484
8 51 91 101 130 222 409 573 582
4 452 473 497 599
7 4 76 96 164 194 369 375
15 46 50 80 115 184 190 236 279 283 326 405 419 522 578 583
9 128 273 335 407 443 538 545 565 574
15 33 47 58 96 118 165 185 191 192 199 226 362 425 429 470
4 132 217 232 491
4 77 199 258 356
8 151 246 267 272 518 563 573 576
6 54 131 209 354 477 481
10 34 59 148 178 187 217 232 323 481 501
9 38 64 81 163 364 393 529 534 562
9 51 160 230 333 351 372 466 519 532
7 65 79 89 263 369 504 566
7 51 160 167 278 378 398 523
5 50 88 260 446 594
7 15 65 82 260 317 425 444
6 27 343 443 471 538 566
5 16 96 304 539 590
7 70 99 255 310 353 424 541
7 140 154 287 365 398 450 598
9 3 87 178 282 341 436 497 563 585
10 6 108 176 204 255 289 379 385 408 524
10 4 91 157 222 282 294 411 459 549 567
11 8 63 64 81 196 216 235 245 374 410 412
6 15 131 364 448 560 581
11 25 78 233 298 305 319 348 458 523 530 574
6 54 83 215 229 278 474
8 45 95 244 311 368 410 489 509
1 576
6 18 147 179 430 461 597
7 101 186 225 242 259 347 410
5 269 353 382 391 541
7 113 115 221 376 408 450 502
5 292 328 479 509 570
7 45 89 163 359 375 398 441
7 5 134 270 324 440 471 529
12 141 181 189 210 233 380 391 392 521 547 554 560
7 398 408 414 439 454 531 542
3 127 158 502
6 38 105 272 338 492 581
14 44 87 125 199 301 333 352 359 396 498 514 548 560 587
5 46 214 379 422 457
5 28 112 278 462 491
10 53 65 81 160 171 319 424 532 533 591
5 245 269 348 362 377
6 69 171 196 326 339 523
4 56 240 316 436
5 13 16 206 418 588
11 10 11 130 135 156 211 304 314 408 487 496
4 18 56 521 532
3 27 484 580
6 11 122 342 348 416 587
6 35 202 259 432 563 567
8 23 184 274 303 489 521 566 592
8 94 96 312 352 378 394 564 565
4 66 241 518 547
10 58 104 130 166 191 211 292 318 332 535
4 179 241 327 394
10 32 81 83 200 231 233 377 435 577 579
9 33 81 84 165 219 446 454 530 554
12 57 61 74 93 158 335 416 471 472 547 564 579
5 309 320 421 558 570
5 52 235 254 263 573
10 2 51 55 108 226 403 441 478 524 564
6 8 199 319 384 404 588
3 26 170 245
6 177 245 331 429 494 560
10 4 136 219 275 309 342 386 471 509 584
7 18 21 102 108 197 340 570
7 43 247 255 352 366 417 450
9 125 187 201 321 362 429 460 512 566
7 99 208 239 329 349 385 492
9 18 61 154 344 390 430 473 498 507
8 86 109 145 155 282 300 453 589
8 26 54 124 145 274 339 481 529
2 247 536
4 63 372 395 557
10 50 111 123 135 194 228 329 379 552 577
6 69 208 221 375 415 565
4 1 116 132 494
7 5 67 75 406 410 480 558
7 51 94 112 124 390 418 427
8 40 106 380 389 413 447 563 593
7 16 46 236 301 339 344 593
9 40 53 79 86 222 344 399 452 458
5 113 159 268 318 548
6 136 273 289 362 365 572
11 4 37 72 158 159 221 384 470 474 514 550
5 73 348 478 503 583
5 29 248 270 416 504
15 118 135 151 152 221 321 327 342 345 420 432 459 547 557 595
8 28 69 75 90 282 392 492 591
4 153 282 403 509
9 68 74 110 143 236 254 468 542 589
8 86 107 143 242 271 408 450 539
9 38 104 187 371 400 445 452 527 549
8 42 288 372 416 479 514 522 575
6 16 171 235 310 443 593
11 48 55 166 185 239 276 388 502 513 572 590
5 44 71 102 115 311
10 33 35 186 329 340 345 356 402 447 514
5 210 307 426 440 521
7 47 331 335 338 388 467 585
8 40 170 179 330 437 458 516 577
6 4 268 284 331 528 567
7 184 211 241 290 390 570 583
7 84 179 345 505 510 531 539
6 183 203 237 249 386 478
10 20 41 47 72 254 359 368 397 404 541
7 44 57 109 199 274 377 521
7 69 88 92 225 355 389 596
3 9 139 310
6 112 398 423 474 589 592
6 86 172 214 228 369 555
6 98 113 151 285 349 554
6 93 114 118 217 279 420
6 112 242 288 326 351 428
12 102 123 190 237 312 323 461 535 548 550 557 579
5 61 106 149 409 493
8 128 150 230 247 255 282 389 472
8 43 102 121 150 424 460 477 531
14 12 18 25 61 71 101 312 374 378 443 521 537 552 598
7 165 288 304 337 380 476 485
6 1 19 79 230 528 569
11 111 152 158 162 239 360 398 564 585 587 588
7 15 70 152 276 488 565 599
6 29 151 161 167 171 244
11 15 97 131 135 155 187 188 366 439 448 549
6 3 6 135 215 328 354
6 3 205 411 534 552 553
4 15 202 226 305
7 34 94 345 435 560 585 588
8 23 237 285 297 343 409 460 478
5 185 281 342 371 542
7 34 59 119 168 280 446 523
10 124 131 202 207 292 311 324 405 429 489
12 9 74 130 136 181 193 239 240 323 543 550 587
3 273 403 524
8 44 100 299 303 322 367 442 498
5 390 408 449 454 568
5 119 332 435 536 552
6 99 102 239 248 259 447
7 52 68 100 327 340 377 402
11 82 113 114 124 153 180 186 188 304 530 557
13 63 77 132 175 208 228 243 298 308 392 403 555 565
5 48 224 262 381 456
5 28 60 345 367 447
4 49 250 459 530
2 175 453
12 1 10 167 179 217 245 247 285 349 538 548 560
11 96 116 146 156 241 246 255 333 392 411 539
9 81 162 170 266 330 398 455 558 597
12 69 96 105 113 249 281 378 428 440 464 533 561
4 215 278 337 425
4 284 350 493 504
4 111 138 150 488
4 33 96 204 460
7 138 147 150 276 306 473 487
5 102 266 319 472 506
9 39 64 146 175 205 410 479 558 566
3 295 401 541
5 103 105 238 285 573
7 134 188 276 293 312 395 539
8 27 142 301 324 343 368 375 518
6 46 279 368 427 466 497
13 48 103 115 138 140 261 305 308 380 465 510 554 593
9 142 243 260 334 395 420 491 577 593
5 0 127 202 213 477
7 89 236 242 277 291 430 552
5 77 220 316 428 475
5 371 396 415 440 542
9 34 101 206 228 255 341 404 467 566
8 58 125 126 200 204 212 388 575
7 57 77 316 317 382 501 554
9 123 190 201 217 235 255 267 534 586
5 2 11 31 121 574
8 12 92 102 111 202 241 306 358
4 48 136 430 506
6 41 123 204 248 283 531
7 73 173 202 233 356 465 585
7 214 251 271 433 463 502 543
6 26 175 212 335 361 443
2 88 530
10 54 92 120 135 252 313 350 474 570 597
7 78 347 379 399 496 593 598
7 8 37 120 239 426 462 557
7 25 55 80 202 374 387 586
5 79 148 178 197 598
6 164 185 258 356 492 560
7 38 46 165 305 308 328 472
5 15 265 348 380 446
4 39 118 167 295
6 10 107 145 207 507 583
5 6 215 260 317 481
8 144 181 340 346 406 488 536 557
3 184 288 396
9 126 139 244 256 271 320 397 462 596
8 64 145 174 246 288 414 523 581
5 110 138 466 485 529
10 41 67 175 229 380 500 526 540 541 587
6 38 104 184 200 267 573
6 154 335 341 375 400 560
6 32 55 191 250 414 473
4 5 10 186 189
8 67 69 126 152 176 263 378 522
5 18 289 406 518 538
10 115 159 248 270 287 348 395 404 408 531
9 103 167 183 184 211 278 280 572 573
7 35 62 77 104 233 303 411
7 34 82 142 161 192 272 539
7 225 277 315 363 471 513 549
7 26 100 179 181 214 319 582
8 56 115 217 221 254 300 550 592
8 206 344 357 361 409 417 429 558
8 45 63 100 180 229 310 404 512
13 61 105 132 180 189 217 227 276 321 333 353 442 505
5 200 255 329 371 445
6 85 180 263 283 559 565
6 223 258 507 548 567 596
7 80 110 112 295 403 542 573
6 38 199 233 412 431 538
9 89 118 137 159 304 318 343 382 506
7 196 333 367 451 455 490 567
11 41 63 143 266 345 414 428 486 514 587 592
6 64 227 300 319 351 357
4 92 129 351 460
8 58 91 136 318 437 482 549 571
10 24 95 108 114 149 177 299 364 425 589
5 202 211 383 448 502
6 29 41 240 272 291 429
9 19 86 247 286 311 324 457 513 528
14 8 49 60 76 110 233 259 271 325 402 414 458 470 517
5 52 114 158 198 507
6 106 326 339 416 468 507
5 345 401 441 478 527
5 41 53 444 488 555
3 213 218 226
8 8 30 48 118 234 244 311 597
4 12 151 237 296
7 49 52 203 344 363 368 398
7 17 303 348 393 425 457 526
7 102 280 330 403 435 518 534
10 64 84 94 188 285 395 425 444 520 557
5 80 168 214 228 575
13 13 39 93 112 118 194 226 385 429 437 448 476 590
3 54 135 437
9 142 274 291 344 367 422 473 481 572
10 40 66 174 201 208 296 421 452 543 590
3 29 247 573
12 79 103 157 174 287 384 398 425 451 493 502 550
6 178 369 388 459 467 521
6 62 108 155 231 525 567
12 45 60 299 303 332 344 348 374 439 457 496 509
4 85 107 300 460
7 20 36 69 98 142 178 318
6 59 269 315 328 360 390
7 148 302 362 368 371 432 572
15 73 83 91 151 153 171 231 285 311 362 386 433 452 525 583
10 169 194 221 253 320 324 361 378 467 479
12 6 24 186 245 285 293 330 360 412 526 530 559
3 176 301 447
3 267 431 592
8 104 261 277 341 369 376 413 491
7 64 106 150 161 218 272 534
9 36 102 154 164 394 406 515 554 564
9 294 307 315 370 469 508 515 527 556
8 26 55 114 154 256 311 333 483
7 11 124 157 188 404 480 551
6 48 83 153 220 315 336
10 25 43 45 184 214 250 366 385 411 474
6 143 174 226 232 272 310
9 43 163 223 262 292 366 368 425 590
3 115 137 358
9 33 46 54 107 108 168 332 347 505
7 47 116 177 244 274 307 519
9 20 21 200 229 310 396 413 500 565
4 123 149 196 375
8 42 119 184 328 410 432 439 487
6 30 146 162 181 482 494
8 64 170 348 359 432 444 507 531
9 37 46 52 234 255 355 372 432 439
6 54 257 381 401 420 535
11 133 215 216 229 260 288 325 406 552 555 579
5 32 163 229 351 399
8 104 183 292 361 420 520 531 569
10 68 151 175 194 390 391 405 473 474 492
3 64 189 322
5 134 233 281 302 398
8 74 110 144 234 295 418 504 526
5 210 337 459 491 545
10 30 59 131 158 236 267 327 429 492 495
7 184 190 215 225 267 308 433
