100
4 36 54 62 93
2 25 72
1 18
2 67 96
2 47 94
6 59 63 19 38 39 74
4 39 43 50 66
6 59 61 21 36 41 51
2 64 71
2 57 86
1 59
1 20
2 78 88
5 23 27 72 88 95
2 19 89
2 65 39
3 22 38 49
2 83 98
3 2 45 51
7 60 62 5 14 46 89 92
3 11 23 42
4 7 67 56 90
2 16 97
4 13 20 28 48
2 35 90
6 1 64 40 42 45 70
3 41 42 46
2 13 45
1 23
4 59 60 66 30
4 68 71 29 34
1 35
1 46
1 92
2 30 96
3 24 31 54
5 0 61 7 49 53
1 99
5 60 5 16 67 79
3 5 6 15
2 25 79
2 7 26
7 59 20 25 26 73 77 82
1 6
2 61 97
6 18 25 27 72 81 52
6 62 65 19 26 32 97
2 4 81
4 59 23 71 86
6 59 16 67 75 36 97
2 6 83
2 7 18
1 45
1 36
4 0 35 93 55
3 74 98 54
5 21 78 81 86 97
2 9 91
2 69 96
8 5 7 10 29 42 48 49 81
3 19 29 38
3 7 36 44
4 0 19 46 63
2 62 5
4 8 25 85 98
2 15 46
3 6 29 76
4 3 21 38 49
2 30 84
2 58 86
2 25 87
3 8 30 48
3 1 13 45
1 42
2 5 55
1 49
1 66
1 42
2 12 56
3 38 40 80
1 79
5 59 45 47 56 99
1 42
2 17 50
2 68 87
1 64
5 9 69 48 56 92
3 70 84 98
2 13 12
2 14 19
2 21 24
1 57
4 19 33 86 93
3 0 92 54
1 4
1 13
3 58 3 34
5 22 44 46 49 56
4 64 17 87 55
2 37 81
