100
1 4
2 30 84
2 61 90
3 13 75 87
3 0 19 29
1 90
3 8 45 47
3 31 32 43
5 6 25 40 85 93
2 91 93
2 24 34
5 37 44 80 82 87
4 19 20 61 67
3 3 83 92
1 93
2 28 46
1 92
3 67 20 40
2 32 95
3 4 12 94
4 12 17 29 90
2 63 23
3 66 73 81
3 21 81 86
2 10 81
2 8 76
2 80 83
4 55 58 81 40
2 15 38
5 4 64 20 30 35
8 1 61 78 82 29 88 92 93
2 7 73
2 7 18
1 97
4 10 69 77 49
4 78 29 86 36
3 56 70 35
1 11
4 50 71 73 28
1 62
4 8 17 27 91
3 64 67 46
1 95
3 7 80 90
3 11 59 89
1 6
2 15 41
1 6
2 56 96
3 82 34 95
2 38 93
2 71 88
2 84 89
1 97
1 61
1 27
4 36 48 59 76
1 71
2 27 89
2 56 44
1 77
5 2 54 12 30 96
4 39 79 89 93
3 21 71 84
3 29 41 86
1 67
2 22 81
4 12 65 17 41
2 79 84
2 34 70
2 69 36
7 51 57 63 38 76 78 90
1 97
3 22 31 38
1 85
1 3
4 56 71 25 97
3 60 34 96
3 71 30 35
3 62 68 85
3 11 26 43
6 66 22 23 24 27 97
3 11 30 49
2 13 26
5 1 52 63 68 99
3 8 74 79
3 64 23 35
2 3 11
2 51 30
4 52 58 62 44
5 2 5 20 71 43
2 9 40
4 13 16 30 99
8 50 8 9 14 62 30 95 98
1 19
4 18 93 42 49
3 61 77 48
5 53 72 76 81 33
1 93
2 84 92
