200
2 143 174
2 4 139
5 38 39 60 63 76
5 57 75 90 113 161
3 1 6 30
1 125
2 4 172
3 45 140 179
2 62 84
2 66 179
4 30 33 91 163
4 66 67 79 171
4 111 91 96 181
5 111 56 67 184 186
2 120 189
5 20 88 92 131 183
3 29 99 138
2 94 172
4 107 144 170 183
2 72 88
4 113 15 71 128
4 103 143 153 180
3 40 101 142
3 38 84 100
1 75
5 116 38 80 152 169
4 106 29 55 68
3 75 130 151
4 50 166 168 190
3 16 26 145
6 4 108 10 38 78 145
2 51 181
1 76
3 10 135 173
4 112 44 96 166
1 132
6 116 128 51 188 189 193
2 125 42
6 2 107 23 25 30 167
4 2 50 79 87
8 112 22 76 83 141 145 149 162
1 138
5 37 146 158 167 191
4 99 156 174 195
4 34 74 79 100
3 7 124 69
6 111 52 65 74 81 165
1 115
2 83 150
3 71 83 163
5 103 28 39 80 151
3 31 36 53
2 46 69
3 118 51 58
2 115 85
4 26 59 97 177
4 13 63 97 182
5 103 3 115 159 180
6 53 72 78 84 91 101
3 55 69 181
2 2 187
1 184
3 8 193 194
5 2 56 66 168 192
1 124
4 46 156 82 174
6 9 11 114 63 78 88
3 11 13 76
4 26 136 176 190
6 45 52 157 59 79 168
1 105
4 105 20 148 49
7 19 120 158 58 88 94 195
1 152
7 109 44 46 153 157 93 180
4 3 24 27 98
5 2 32 40 67 93
2 79 187
4 30 58 66 190
10 103 11 123 39 44 155 69 167 77 189
4 124 25 50 84
3 46 154 89
3 65 92 184
8 132 133 137 40 48 49 176 94
7 8 23 58 161 80 191 198
3 155 54 96
3 141 155 179
2 39 164
5 15 19 66 72 167
5 112 115 167 81 91
3 3 134 152
5 10 12 58 168 89
4 15 173 82 187
3 117 74 76
4 17 138 72 83
3 104 121 150
5 12 34 140 150 85
5 119 55 56 168 176
2 107 75
6 16 117 43 151 158 180
3 23 44 152
4 22 124 127 58
1 156
6 21 50 57 79 123 185
2 95 109
3 70 71 159
3 26 125 178
4 18 38 98 110
1 30
4 104 74 124 145
1 107
3 12 13 46
4 34 40 89 199
4 3 20 126 160
2 66 184
4 47 54 57 89
4 25 36 117 150
4 116 93 99 153
3 53 127 176
3 97 140 175
6 14 72 124 129 133 159
5 95 123 171 181 188
2 157 179
4 103 121 79 180
7 109 120 45 64 80 101 127
5 106 5 37 170 189
1 113
5 118 124 101 170 173
2 20 36
4 120 143 169 180
2 27 150
5 15 139 175 185 198
3 35 83 147
6 120 83 134 155 171 189
2 133 90
1 33
2 68 147
3 83 152 178
4 16 41 94 197
4 1 131 149 170
5 7 119 96 177 195
3 40 86 152
3 22 160 180
3 0 21 129
3 18 164 189
5 109 29 30 40 180
1 42
3 132 136 192
1 71
2 139 40
6 116 130 48 95 96 171
4 27 50 99 181
9 25 137 141 73 90 100 156 182 190
3 117 21 74
1 81
6 133 79 85 86 161 197
4 102 43 152 65
3 122 69 74
4 42 72 99 160
3 105 120 57
3 113 142 158
3 3 155 84
1 40
3 10 49 196
2 144 87
3 46 166 167
4 28 34 165 173
7 38 42 165 79 88 89 193
6 28 63 69 91 97 181
2 25 129
4 18 125 127 139
4 11 121 133 150
3 6 17 182
4 127 33 166 92
5 0 43 65 188 189
4 119 131 178 191
4 118 68 83 97
3 140 55 182
3 106 137 175
5 7 9 122 86 184
8 21 123 129 142 145 57 74 99
7 12 121 31 151 59 168 187
4 152 56 172 177
2 15 18
7 114 13 61 82 179 186 196
2 103 131
2 13 184
6 60 77 181 92 189 190
3 121 36 174
8 14 125 133 36 144 174 79 187
5 28 152 68 78 187
4 42 175 84 197
2 147 63
3 36 62 167
1 62
3 140 43 72
2 163 184
3 138 155 191
2 131 84
1 112
