100
5 29 30 34 70 96
3 58 61 75
3 42 74 90
2 66 68
4 54 66 83 98
2 17 23
4 11 25 32 91
3 77 87 88
2 49 76
3 16 33 81
1 19
5 6 55 12 29 65
2 54 11
5 56 38 41 78 85
3 24 28 42
2 48 65
3 56 9 24
4 5 75 31 89
1 42
3 10 31 39
4 30 31 32 37
1 89
3 67 68 44
3 5 62 63
2 14 16
5 51 6 58 29 95
2 30 99
2 79 29
4 61 14 84 30
10 0 48 56 58 11 75 25 27 90 98
5 0 20 81 26 28
6 17 19 20 80 82 45
4 6 20 87 41
2 9 38
2 0 46
3 56 69 45
2 72 40
2 20 93
3 13 33 94
1 19
3 71 75 36
3 13 68 32
4 2 57 14 18
2 66 88
2 22 83
4 57 67 31 35
3 52 76 34
2 58 99
3 15 29 59
4 8 74 93 97
1 92
1 25
2 46 73
1 83
2 4 12
1 11
4 13 16 29 35
3 42 45 80
5 1 25 29 47 66
3 48 67 78
1 83
7 1 28 76 83 89 94 98
1 23
3 23 92 99
2 71 82
4 11 15 80 89
4 4 3 58 43
5 59 22 45 75 77
3 3 22 41
2 35 94
1 0
3 64 40 86
2 36 74
3 52 82 92
7 2 49 72 76 87 89 92
5 1 67 17 29 40
4 8 61 74 46
2 7 67
3 59 13 90
1 27
3 57 65 31
3 9 30 89
4 64 73 31 89
5 4 53 60 61 44
1 28
1 13
2 71 94
3 7 74 32
3 7 43 96
7 61 65 74 17 21 81 82
3 2 78 29
1 6
4 50 63 73 74
2 49 37
5 61 69 86 38 95
2 25 94
2 0 88
1 49
3 4 61 29
3 63 26 47
