1000
14 215 335 367 400 442 456 646 674 675 715 864 872 874 940
12 264 366 381 390 413 554 601 602 648 692 791 922
13 101 237 262 273 362 382 437 517 548 749 779 806 862
14 51 73 123 208 262 313 324 336 646 672 709 760 773 948
5 93 170 498 623 864
9 230 285 310 516 568 656 736 763 839
8 9 123 178 318 330 413 612 766
10 85 132 505 513 544 568 573 884 938 968
13 20 53 242 331 353 515 527 609 632 644 901 940 950
13 6 13 39 181 326 328 388 398 634 663 731 878 951
7 183 430 683 700 761 943 988
10 285 439 443 476 483 487 507 655 858 970
6 150 292 473 587 911 991
10 9 338 402 409 553 686 687 723 829 868
6 325 417 550 660 684 935
12 157 188 258 302 337 355 510 619 647 731 850 932
14 105 168 207 374 378 379 433 771 773 774 783 792 833 867
14 95 115 116 316 323 390 476 481 705 738 905 925 964 977
11 78 124 453 590 620 640 661 744 906 915 962
13 45 76 158 290 394 458 490 522 589 713 755 888 926
13 8 89 203 211 244 378 437 604 650 668 678 743 756
10 40 74 299 357 706 711 888 899 971 984
9 31 236 344 379 614 722 781 868 964
9 87 595 613 634 637 658 688 850 871
8 272 440 497 641 654 708 898 982
6 80 407 537 780 870 900
13 65 99 165 177 253 325 615 685 788 815 848 926 938
13 143 244 363 460 514 522 608 619 699 721 843 957 989
12 134 138 180 193 275 520 583 782 800 822 861 970
10 36 151 414 444 484 530 730 927 955 986
6 204 641 660 704 785 967
10 22 52 96 141 404 726 768 820 913 932
10 38 195 226 390 457 605 687 735 772 862
8 224 445 608 694 703 846 889 920
10 121 189 220 244 404 466 832 959 970 978
13 49 67 112 151 180 237 301 452 532 565 666 675 974
9 29 118 163 253 341 347 523 560 705
6 42 334 365 736 761 770
10 32 59 195 315 446 462 489 675 800 949
10 9 253 286 465 545 592 706 741 841 874
8 21 122 155 251 285 359 988 997
12 111 116 216 302 408 457 555 644 884 893 936 997
10 37 106 296 378 543 693 709 830 867 996
12 52 81 189 307 337 441 470 484 563 585 654 944
7 57 77 142 474 617 861 871
5 19 192 198 391 894
11 48 135 145 184 214 457 465 766 831 936 940
12 207 251 258 268 312 484 525 527 657 680 735 835
12 46 66 140 312 402 540 542 759 780 872 932 995
7 35 378 417 479 611 702 732
3 230 790 973
9 3 137 142 359 433 448 640 773 847
13 31 43 318 403 405 413 620 730 741 863 879 965 979
9 8 219 251 276 341 728 843 895 932
5 87 180 205 375 443
13 57 153 159 197 293 304 470 581 663 683 810 890 911
6 128 515 670 738 903 917
11 44 55 92 310 315 491 543 695 767 782 852
8 102 338 431 610 776 917 965 975
7 38 81 233 549 804 847 955
13 135 254 257 326 362 402 444 448 714 772 795 888 971
4 228 293 313 752
10 97 284 450 453 530 557 687 752 838 973
6 134 301 448 498 959 997
9 116 162 214 257 553 609 876 928 996
10 26 141 316 439 561 656 822 825 848 886
11 48 192 199 228 394 433 459 678 890 916 981
9 35 104 539 628 636 741 798 903 928
9 75 107 237 387 412 533 592 757 816
10 253 287 304 425 547 584 585 731 799 846
6 104 262 293 354 580 910
6 177 250 267 291 521 750
6 120 267 703 729 823 871
9 3 113 254 476 553 557 707 751 822
10 21 177 352 378 455 536 551 651 769 835
9 68 167 271 280 319 414 432 584 717
9 19 268 468 501 580 733 796 916 940
4 44 524 875 933
7 18 103 122 283 633 683 789
8 86 381 479 581 625 742 833 864
15 25 130 141 209 274 383 432 434 506 593 634 654 744 843 932
10 43 59 251 297 341 428 453 478 860 927
7 132 271 391 396 623 722 858
8 102 369 561 614 684 715 794 910
6 85 157 159 240 709 790
6 7 84 126 336 768 820
9 79 91 149 256 501 568 635 861 978
8 23 54 121 136 287 296 369 408
11 89 159 243 275 315 366 702 861 892 897 990
8 20 88 201 207 407 430 785 815
9 105 111 116 190 192 415 529 781 821
13 86 115 122 304 473 532 597 747 793 827 838 868 964
11 57 158 276 396 400 514 525 605 610 636 855
9 4 96 183 340 401 523 613 811 970
9 259 354 358 528 569 611 777 793 936
11 17 105 114 202 203 348 414 500 586 613 952
10 31 93 177 302 331 355 574 583 725 824
6 62 303 331 402 499 503
10 166 171 444 488 623 663 681 701 818 836
10 26 334 428 554 592 632 646 685 829 868
11 251 422 425 457 548 583 626 640 642 814 994
13 2 153 232 276 313 348 436 529 625 677 738 834 905
12 58 83 176 357 534 545 727 792 836 863 910 998
8 78 168 204 485 571 701 972 993
10 67 70 150 497 557 649 730 942 969 972
17 16 90 95 119 291 435 438 455 477 587 644 725 739 789 802 838 936
10 42 255 338 379 414 439 500 560 716 746
14 68 123 197 264 277 397 559 582 589 598 632 724 789 994
5 357 497 838 879 955
10 270 415 712 714 770 800 817 881 906 945
13 340 351 394 730 790 837 841 898 921 931 939 948 985
11 41 90 125 137 257 284 483 626 745 897 940
10 35 269 277 388 468 474 556 567 811 852
12 73 169 194 302 305 366 384 507 554 582 588 977
10 95 159 214 286 324 403 437 576 610 673
11 17 91 163 312 337 346 410 629 661 665 916
8 17 41 64 90 287 431 577 999
5 220 254 720 763 799
10 36 273 330 464 509 613 650 739 778 969
4 105 445 629 855
10 72 186 210 259 377 389 509 599 758 931
9 34 87 152 196 345 492 707 897 959
11 40 78 91 210 258 312 445 490 511 723 930
11 3 6 107 301 403 463 523 758 829 870 880
14 18 271 279 319 329 336 507 589 705 716 720 785 809 838
13 111 188 193 460 497 638 792 819 835 850 902 950 968
9 85 150 199 221 310 352 396 605 652
12 165 173 224 328 347 378 387 429 529 654 725 887
8 56 155 374 433 636 712 836 843
9 224 267 301 394 449 570 657 706 843
13 80 153 294 382 415 657 680 692 754 815 841 873 908
9 135 264 335 393 471 825 856 891 991
12 7 82 284 342 353 537 565 626 670 864 931 937
9 237 256 333 415 569 573 968 976 988
12 28 63 221 268 285 291 523 555 597 614 746 852
15 46 60 131 215 255 328 426 441 594 693 748 776 794 885 971
12 87 243 254 352 372 542 545 639 837 948 989 996
9 51 111 272 332 558 574 812 850 976
10 28 199 257 329 346 371 879 940 944 983
9 285 312 480 626 727 745 817 945 947
11 48 143 217 227 285 406 455 499 696 963 971
13 31 65 80 192 219 313 318 334 353 524 596 639 707
13 44 51 228 275 281 343 541 552 574 588 662 896 996
11 27 140 160 279 356 472 750 815 885 903 973
6 215 353 466 484 507 643
7 46 186 250 366 394 632 691
8 188 207 329 353 514 587 599 883
5 186 274 308 477 892
9 152 302 315 513 622 657 737 837 899
14 86 158 170 200 235 250 415 473 534 536 553 836 840 948
15 12 104 126 267 288 374 483 511 606 632 691 828 844 867 875
14 29 35 232 292 300 409 422 484 500 518 704 876 925 967
11 121 148 345 383 469 491 675 797 816 876 916
11 55 101 130 516 542 618 710 773 873 904 981
10 157 304 356 561 564 806 839 850 920 978
9 40 128 237 461 516 650 714 773 888
4 189 213 476 658
15 15 84 154 354 363 373 500 502 569 607 645 790 856 928 999
14 19 92 149 248 255 333 421 611 713 717 915 920 938 949
16 55 84 88 114 287 453 475 501 502 518 563 655 851 884 948 996
7 143 240 388 575 638 916 926
5 396 450 505 560 581
11 64 326 340 341 355 652 801 811 843 877 891
8 36 115 262 469 472 658 674 765
11 312 357 376 426 458 842 852 903 911 956 976
13 26 127 181 243 435 442 468 645 692 790 819 833 922
8 98 447 557 816 878 891 927 957
7 75 370 373 503 519 539 701
11 16 103 178 242 303 469 705 798 862 876 919
9 113 175 180 232 451 524 565 844 982
9 4 149 291 298 343 519 724 834 883
11 98 247 273 288 562 634 689 792 830 857 913
10 292 376 487 538 573 641 680 817 897 971
8 127 325 362 373 666 680 968 981
7 182 231 304 548 550 671 724
7 169 305 383 422 461 629 744
12 102 213 251 290 369 427 445 480 505 603 725 736
13 26 71 74 96 212 374 442 584 637 713 792 839 985
10 6 168 213 248 258 373 486 501 546 927
7 417 437 660 779 785 924 926
9 28 35 54 169 311 525 546 657 741
9 9 165 459 516 597 764 775 843 957
12 174 192 417 499 507 543 557 681 712 817 879 929
9 10 93 253 280 354 509 562 926 938
7 46 279 296 523 618 822 976
7 269 342 349 705 771 974 980
8 120 145 147 387 632 647 810 965
12 263 400 445 497 546 667 723 731 838 850 919 932
9 15 125 146 247 520 705 832 892 979
14 34 43 156 450 480 527 553 614 685 709 745 844 888 981
10 90 274 282 379 515 700 814 878 925 962
12 246 287 304 370 371 481 554 573 614 705 749 752
12 45 66 90 141 182 366 397 677 759 833 987 996
9 28 125 210 366 373 558 625 762 781
12 113 376 525 527 689 702 707 724 841 872 968 993
9 32 38 283 326 353 428 567 765 974
12 121 252 342 344 541 580 592 644 694 700 760 995
9 55 107 311 394 448 505 518 536 579
6 45 213 239 398 650 789
8 66 126 138 248 279 781 861 930
6 149 246 306 620 782 892
9 89 224 244 524 568 703 890 952 984
10 95 242 301 316 483 579 797 810 896 938
10 20 95 344 349 485 502 718 778 984 991
10 30 103 223 297 341 636 800 922 950 956
8 54 345 518 523 796 890 983 999
4 352 433 597 712
11 16 47 89 146 416 739 842 876 883 918 929
10 3 250 251 496 565 611 687 763 968 971
6 80 264 424 546 676 807
16 120 122 193 304 338 402 565 685 708 749 765 789 807 825 848 955
11 20 285 442 460 525 563 662 795 953 960 995
8 177 231 312 392 464 568 603 998
11 156 176 178 198 222 235 363 565 585 699 733
15 46 64 114 239 467 606 617 651 660 752 761 861 883 934 986
12 0 135 144 295 356 411 493 515 651 826 874 973
5 41 493 538 815 983
9 140 244 249 382 440 505 683 739 984
13 222 256 321 410 416 427 654 663 693 733 801 815 979
12 53 141 308 323 344 364 456 817 821 885 889 945
9 34 117 229 275 481 587 650 716 890
8 126 134 235 250 311 380 387 600
10 213 218 246 438 466 491 554 572 584 650
9 204 261 423 449 485 496 654 691 994
14 33 127 129 201 267 287 394 599 617 659 821 859 862 877
6 320 475 513 543 566 748
12 32 413 419 445 495 531 595 598 671 720 856 953
11 140 234 270 286 308 507 586 767 822 895 941
12 61 66 142 235 319 436 504 526 637 652 658 996
6 220 253 365 488 912 971
12 5 50 303 340 348 528 701 718 858 894 913 952
8 174 212 389 705 834 892 907 993
8 101 151 169 325 738 749 839 977
9 59 239 391 465 875 883 929 931 961
12 227 240 267 295 358 475 500 540 675 724 858 912
12 149 213 221 228 302 372 577 615 677 723 883 944
10 22 240 384 404 512 601 686 731 961 963
12 2 35 68 133 155 472 498 568 605 798 913 958
12 253 280 299 325 482 492 497 577 653 780 794 952
9 198 214 233 271 306 446 555 574 656
12 84 160 234 236 392 441 442 582 807 827 839 912
3 328 382 994
9 8 168 202 377 447 646 689 737 739
6 88 136 165 547 900 903
16 20 27 34 201 217 323 343 360 400 492 566 645 757 873 905 987
6 348 371 551 631 759 826
8 191 200 222 471 538 622 799 846
14 171 188 284 314 324 336 341 510 569 570 597 754 810 823
10 158 178 199 322 361 464 566 584 706 752
2 217 653
13 71 145 149 208 221 283 356 583 595 714 759 834 915
17 40 47 53 81 100 176 208 388 451 520 531 702 703 725 833 841 916
9 196 259 318 645 671 775 925 929 945
17 26 36 39 69 183 229 238 376 487 718 758 802 818 855 867 916 980
12 60 73 117 136 348 612 684 689 771 792 794 817
15 106 135 158 374 396 438 462 495 543 584 833 835 878 939 946
12 86 133 218 407 415 489 498 551 743 754 757 762
10 60 64 111 138 373 567 653 866 928 956
16 15 47 122 178 276 319 429 440 460 535 576 608 679 698 802 911
10 94 120 252 387 428 446 455 500 570 932
8 286 308 326 514 574 594 692 756
9 223 285 310 338 447 519 739 835 926
11 2 3 70 163 344 573 585 599 612 716 956
6 187 389 397 408 617 957
12 1 107 131 209 322 417 512 564 667 757 893 897
13 331 385 450 457 512 524 531 659 727 780 802 841 877
12 397 407 450 456 477 497 563 675 687 730 756 914
12 71 72 129 150 224 234 329 417 554 659 798 844
5 47 76 134 609 952
13 112 185 276 381 407 532 559 594 814 891 898 903 929
10 109 227 289 326 374 423 474 649 679 921
11 75 82 124 239 324 359 497 536 560 693 779
10 24 137 439 500 692 783 851 927 936 954
9 2 118 171 355 382 422 433 730 996
15 80 147 190 311 421 469 509 662 710 732 761 762 824 942 952
12 28 88 142 220 397 446 473 476 693 769 849 863
11 53 92 101 258 269 491 506 767 798 906 953
10 107 112 330 355 357 409 498 908 933 941
11 279 360 429 450 461 514 628 713 715 792 802
11 124 143 184 199 278 450 537 601 771 882 943
7 75 183 238 399 499 593 951
10 142 402 446 512 753 854 867 943 944 998
8 190 373 458 459 517 710 812 951
8 78 195 250 319 401 463 637 992
8 62 111 132 247 422 636 831 977
16 5 11 40 134 139 140 211 261 295 297 549 564 615 683 949 962
10 39 114 227 260 315 445 831 975 989 999
11 69 87 116 159 191 224 460 471 706 720 757
10 150 171 368 458 757 846 879 890 915 997
11 270 345 349 356 425 431 545 604 638 683 892
6 19 176 492 671 741 912
8 71 105 134 170 458 584 691 761
8 12 151 172 376 512 637 690 868
6 55 61 70 333 357 942
7 130 371 404 552 613 664 892
7 215 234 285 345 508 819 900
7 42 87 184 692 779 919 952
13 81 204 285 334 336 572 606 757 799 901 917 918 971
4 170 483 805 869
11 21 238 343 387 629 771 807 818 855 914 955
4 151 341 587 782
19 35 63 123 129 202 371 420 450 464 508 596 615 626 707 718 779 924 949 968
9 15 41 96 113 148 235 349 737 959
9 97 168 230 334 468 644 816 872 979
16 55 69 91 154 174 191 210 424 598 638 698 752 787 921 972 990
7 113 175 356 382 441 511 523
14 200 239 347 393 426 517 584 701 758 767 803 823 899 905
8 43 363 379 394 546 586 624 979
16 147 219 227 260 315 407 431 445 466 524 572 614 642 811 894 976
7 447 501 685 731 753 809 842
9 5 57 126 261 368 630 718 723 929
13 180 197 221 274 339 422 482 517 654 781 817 970 976
14 47 48 115 122 139 164 212 488 544 582 680 924 953 995
11 3 61 101 141 328 369 418 631 766 941 954
8 247 368 460 508 544 861 900 993
11 38 57 88 148 286 308 391 414 525 607 648
3 17 65 202
10 439 447 460 479 504 556 638 697 724 781
12 6 52 141 252 491 552 625 655 685 694 769 885
16 75 124 228 258 283 475 517 525 563 775 782 794 873 890 911 980
8 225 368 372 471 649 770 838 890
11 218 410 426 486 489 499 752 784 806 902 974
8 248 264 336 371 445 787 794 843
15 17 219 244 353 467 489 634 643 707 762 838 897 909 921 933
11 3 114 247 271 411 539 640 834 857 891 916
10 14 26 173 232 238 468 633 637 878 997
12 9 60 162 195 260 270 374 632 674 711 881 905
4 408 427 518 824
12 9 127 135 241 313 460 520 655 750 954 961 998
10 124 138 146 267 339 557 593 715 768 824
11 6 118 277 332 357 389 461 507 514 563 814
13 8 96 97 265 344 377 389 463 516 671 887 906 924
10 137 330 495 632 642 671 733 744 790 881
12 133 158 293 433 448 543 553 581 643 677 808 999
9 37 99 141 297 303 384 531 656 999
10 0 131 414 479 564 604 709 874 917 998
14 3 85 124 247 297 322 357 372 650 752 798 922 935 987
5 15 43 115 410 687
12 13 58 106 210 261 464 666 682 853 887 995 997
10 311 329 392 478 500 518 702 762 785 817
13 93 110 162 230 355 461 502 515 655 809 884 952 982
15 36 53 81 162 204 247 300 466 524 641 728 790 833 843 999
8 132 185 196 392 414 786 880 950
12 142 170 244 299 392 526 604 606 663 810 967 985
15 22 196 203 219 262 331 371 418 443 454 694 910 912 946 965
14 121 152 205 289 295 421 426 501 571 864 926 955 970 973
4 115 138 370 856
9 36 127 306 380 436 473 760 803 893
13 95 101 230 245 254 406 414 543 782 860 963 964 996
11 185 203 289 302 453 478 483 536 680 722 930
6 623 687 739 782 888 968
10 110 526 686 699 747 777 845 861 866 982
12 74 126 136 206 483 578 599 626 678 695 841 882
15 8 132 141 144 146 195 323 363 388 579 656 729 811 827 975
12 70 94 157 183 558 589 656 681 745 755 779 983
11 15 96 162 273 277 340 670 734 762 767 833
14 143 154 215 250 289 305 374 403 524 603 661 698 776 965
17 21 102 108 164 277 293 330 336 418 500 561 582 738 752 796 895 971
6 94 234 374 380 499 909
9 40 51 271 526 649 651 689 817 915
10 244 278 420 432 477 527 601 691 891 998
6 248 507 647 745 791 981
11 2 60 173 572 652 706 765 782 838 874 913
8 27 157 213 307 353 418 424 874
6 219 444 468 685 772 970
7 37 229 454 479 512 530 558
13 1 88 113 145 192 193 423 464 603 790 837 892 924
9 0 448 473 482 556 566 669 821 822
14 288 310 314 320 397 531 616 668 736 738 818 883 923 987
5 83 87 176 313 628
12 167 191 346 409 504 587 606 801 852 934 944 987
8 138 191 245 294 301 322 344 683
12 136 235 320 336 445 505 581 593 837 869 896 951
17 157 167 173 178 193 257 282 390 403 566 584 600 685 779 785 846 965
14 16 128 150 177 255 270 326 356 358 434 562 702 786 942
2 54 665
8 164 172 194 253 292 822 865 997
13 120 242 331 477 500 524 575 650 658 896 916 939 961
14 16 20 42 49 74 127 393 452 466 521 616 742 854 894
10 16 22 106 190 307 418 707 802 883 899
5 221 347 358 803 813
10 1 79 269 383 395 438 647 860 866 980
11 2 130 217 241 273 305 427 578 692 740 925
12 80 152 175 381 388 390 401 644 814 820 897 960
12 113 236 334 427 458 547 584 735 851 864 895 937
12 265 539 579 609 649 666 725 729 755 785 916 950
4 460 465 806 839
11 68 127 186 221 259 299 695 822 840 954 979
9 9 112 160 251 353 383 484 599 816
17 120 231 263 330 331 405 449 594 682 735 819 842 884 916 949 960 993
10 1 17 32 373 383 457 532 645 735 855
9 45 82 233 315 521 732 811 961 986
10 212 240 339 342 343 610 677 706 732 736
9 131 306 378 408 428 493 517 567 983
14 19 66 110 129 145 197 224 307 484 511 580 780 883 984
4 381 651 952 982
12 82 92 126 161 255 418 603 632 643 803 882 884
12 107 192 263 266 275 368 400 412 458 601 671 896
4 9 198 547 989
5 280 404 430 493 499
11 0 92 187 244 397 464 594 628 740 812 942
6 93 283 383 469 737 852
10 13 48 60 97 210 281 584 763 788 867
11 52 114 123 356 373 439 520 606 827 830 870
9 31 34 236 294 399 626 898 901 929
10 52 389 464 498 510 538 641 695 802 989
12 140 348 582 646 666 730 764 849 912 940 960 964
9 25 89 256 266 269 308 562 615 935
9 41 87 263 327 393 479 702 731 753
13 13 151 277 370 431 505 595 828 834 847 943 968 979
11 115 218 321 337 508 551 593 608 687 691 903
10 215 324 518 604 642 658 680 703 733 990
5 68 397 416 601 831
10 1 6 52 226 496 536 595 871 928 959
13 29 75 95 106 315 335 342 348 559 639 770 807 820
14 90 109 130 133 149 256 449 557 606 629 838 871 908 992
12 207 218 412 443 555 572 575 604 627 701 742 995
13 14 49 179 182 264 267 537 546 601 621 634 896 968
9 313 344 357 363 379 396 441 556 615
2 226 591
10 301 360 579 658 667 732 780 817 906 927
7 158 274 345 578 742 877 886
13 100 151 175 273 284 311 489 515 534 783 813 867 979
4 223 270 366 551
9 209 304 363 502 570 707 827 834 954
11 69 100 289 649 663 737 744 957 960 965 978
11 135 164 306 321 345 471 513 559 708 854 872
13 176 218 327 382 384 470 503 504 538 702 709 902 923
12 81 99 195 259 393 465 551 657 694 705 873 897
9 127 258 278 717 787 806 871 924 988
8 10 89 399 523 589 647 830 959
9 58 116 289 308 409 670 700 872 898
8 75 80 360 519 839 880 954 972
13 16 51 66 128 206 273 333 476 507 778 926 960 995
3 80 374 612
4 105 165 625 717
9 101 228 347 483 697 897 957 968 995
7 2 20 114 179 682 765 965
10 105 222 255 381 501 537 618 764 912 915
12 11 65 106 272 317 403 589 723 809 839 975 981
5 24 217 258 732 758
7 43 135 240 305 418 555 973
10 0 165 177 211 240 549 568 616 712 958
4 11 54 344 416
14 29 60 98 364 450 500 530 605 747 760 774 788 935 986
16 33 119 122 176 187 226 286 308 322 372 477 495 512 571 678 765
12 38 239 259 275 281 475 572 628 719 822 832 889
8 166 242 261 309 317 465 622 817
9 51 60 63 197 333 367 568 748 961
11 129 223 389 415 561 665 758 774 818 840 936
12 62 161 189 265 266 278 279 301 444 586 653 657
8 169 251 464 515 646 789 843 865
7 35 378 540 568 724 786 951
5 18 62 81 159 349
5 344 365 816 857 943
8 74 105 140 259 554 647 862 906
12 0 219 266 523 530 585 695 752 849 892 926 986
8 32 41 46 100 265 390 508 767
13 19 164 282 288 291 384 397 459 579 610 805 846 874
6 66 181 282 458 592 759
13 27 125 211 258 287 314 317 328 386 528 844 920 978
13 155 175 278 330 340 474 596 645 689 698 742 817 991
5 38 255 582 668 887
7 123 283 331 606 656 724 807
13 118 212 248 301 338 366 400 405 451 575 716 768 852
11 39 46 233 386 428 447 524 582 630 878 916
10 34 144 222 308 341 378 694 722 817 910
11 214 323 548 632 738 814 819 897 922 951 990
9 76 112 165 303 325 364 502 567 644
10 152 163 168 274 401 497 610 665 742 937
14 43 55 427 471 558 622 676 677 718 768 769 842 928 982
10 131 246 287 320 426 470 597 611 613 762
5 143 163 237 500 810
11 12 91 149 275 347 367 596 606 666 939 952
8 44 112 270 461 564 574 770 922
12 159 225 234 319 446 587 589 683 789 793 891 959
11 11 17 73 156 275 433 567 674 778 828 903
12 105 147 266 360 377 445 536 638 681 724 873 912
7 81 339 349 484 706 721 884
11 49 79 317 335 365 408 685 734 799 876 966
7 139 176 189 484 619 669 842
8 17 191 220 647 681 798 920 941
10 238 311 367 493 721 722 742 769 823 884
10 11 111 150 202 298 349 352 436 867 885
15 29 43 47 144 151 388 394 478 480 632 767 827 917 921 956
9 103 203 223 586 613 641 682 903 962
6 178 321 540 558 638 774
8 11 172 253 489 737 745 840 904
7 98 229 312 493 627 737 816
12 38 256 321 323 422 487 501 508 675 834 971 989
9 19 122 586 596 629 711 783 853 956
8 57 152 222 276 318 540 810 867
9 121 238 244 290 562 647 804 831 951
9 215 216 393 399 482 488 553 656 937
8 548 582 629 685 745 781 965 991
12 226 255 332 445 521 529 623 630 666 780 857 876
14 208 223 413 521 539 543 637 639 679 754 843 883 953 999
14 24 104 108 125 187 238 266 271 469 631 674 746 924 983
7 4 63 237 256 277 405 569
17 97 140 182 280 321 358 399 510 605 609 661 715 803 815 898 990 991
14 95 106 151 157 234 259 272 339 357 377 444 472 614 727
16 76 86 159 178 309 345 438 489 533 588 620 642 656 796 823 833
8 157 159 203 340 424 468 864 992
6 97 167 427 661 778 902
10 228 317 370 427 536 592 620 636 641 670
12 7 161 176 197 217 372 409 510 691 719 812 880
7 80 276 523 686 718 724 853
16 11 113 124 144 182 227 330 361 433 673 703 775 776 935 947 997
13 295 301 314 410 457 489 527 692 742 786 864 887 977
8 118 120 183 274 591 687 765 993
12 15 247 405 499 505 712 769 845 860 874 894 900
12 122 150 305 394 558 563 780 785 828 839 934 988
13 236 264 265 281 292 365 445 555 638 651 892 949 968
7 7 148 225 426 557 579 864
18 27 92 146 260 278 330 556 561 575 579 621 633 676 737 823 893 908 931
8 8 56 190 215 340 422 451 909
8 5 153 155 181 331 558 713 882
8 2 282 306 311 319 393 541 855
11 151 159 197 205 327 339 411 703 792 965 968
12 167 170 261 432 556 582 694 701 877 904 934 962
16 28 188 251 328 403 576 617 713 786 815 872 923 932 933 949 996
14 71 378 391 495 496 525 646 661 725 756 792 874 901 904
6 19 27 622 859 897 946
16 36 93 123 134 184 205 305 430 456 506 546 551 616 747 766 841
15 77 141 169 201 265 308 341 356 377 465 566 866 921 948 954
11 47 92 180 194 211 315 319 521 704 719 849
14 228 343 351 359 536 543 755 789 853 857 879 898 946 958
11 8 47 189 194 360 508 760 763 843 846 911
10 94 230 460 579 630 713 746 823 899 950
8 90 101 127 495 547 564 713 975
8 29 62 365 444 456 577 775 913
11 226 251 265 334 368 648 655 688 880 960 999
7 35 91 269 390 697 855 985
9 68 501 548 600 632 708 775 810 915
6 102 149 422 883 931 962
11 258 578 668 677 727 807 897 919 957 973 987
12 74 149 197 271 349 413 477 504 526 673 700 924
7 25 132 279 417 438 671 759
9 172 216 246 405 427 640 877 884 912
12 67 167 324 385 496 707 728 740 776 777 780 891
10 48 234 452 486 491 677 826 844 923 961
12 142 196 517 610 617 621 722 775 868 871 902 978
6 48 136 153 807 928 975
11 42 57 182 225 255 333 348 496 526 940 959
5 7 312 314 805 972
5 39 102 136 289 978
11 178 180 187 209 307 417 523 722 770 785 837
10 69 243 384 398 529 608 618 749 898 945
9 2 100 174 467 494 533 589 728 915
5 59 285 442 556 998
9 14 174 600 663 690 733 761 914 992
11 74 245 256 410 423 428 523 552 633 656 869
7 142 294 318 551 561 650 847
11 13 64 73 149 189 333 493 770 850 908 973
13 1 99 113 191 222 267 455 601 602 732 881 950 999
11 41 134 239 416 441 512 671 769 836 934 968
11 112 317 367 418 514 519 549 719 739 753 929
11 62 73 104 166 182 329 415 513 594 690 825
13 137 193 354 365 470 486 511 516 605 643 665 747 779
10 107 269 414 426 603 608 656 711 901 925
6 36 106 161 271 601 648
12 65 83 154 357 449 514 552 648 752 767 780 866
9 171 183 374 407 492 564 569 766 995
11 43 159 211 266 319 330 511 693 792 962 979
10 154 264 285 335 474 529 562 581 673 726
15 35 132 169 208 210 213 593 732 756 757 794 813 867 894 911
10 225 244 248 367 373 524 576 777 863 903
8 112 195 257 393 468 476 709 822
16 5 7 86 201 212 237 442 448 452 628 684 748 779 806 807 821
9 94 133 157 247 498 562 597 918 974
11 129 247 259 424 613 656 669 726 799 905 940
6 103 345 445 803 872 954
15 222 297 308 362 416 446 718 731 757 769 812 833 863 905 984
6 7 133 172 191 262 974
8 96 137 142 239 260 474 646 698
6 160 377 416 464 514 817
9 114 258 520 566 736 832 916 946 993
6 116 235 238 530 630 896
9 352 382 421 535 610 637 836 860 970
11 197 202 353 385 420 458 513 514 528 810 973
10 70 76 196 394 659 690 748 796 893 972
10 55 79 161 333 372 564 805 812 912 985
14 107 113 240 312 357 406 462 465 494 519 647 777 781 953
8 28 96 100 250 806 814 866 964
18 69 75 177 222 248 255 291 306 373 384 402 590 600 718 751 837 868 981
12 43 69 213 262 456 686 779 859 907 937 954 976
8 95 227 307 450 485 490 698 732
13 12 105 146 220 300 370 475 601 656 689 712 844 884
5 113 142 501 608 944
12 19 107 124 354 430 439 475 548 626 687 855 980
5 18 584 644 774 994
6 419 509 647 665 743 753
13 39 68 99 196 459 504 641 679 736 746 917 931 975
7 80 280 329 372 410 565 841
9 135 260 269 389 400 557 702 744 802
9 23 226 250 409 413 669 694 703 923
7 141 301 461 473 490 655 792
11 91 134 181 206 247 471 569 766 794 909 931
7 107 226 304 631 640 832 949
10 120 146 224 262 352 388 664 679 725 777
7 221 373 533 550 584 838 948
13 1 236 279 360 397 412 417 554 560 587 817 937 987
7 1 554 703 756 793 846 896
11 176 212 356 366 396 559 826 894 912 946 958
12 20 289 335 343 411 416 704 705 720 832 863 876
10 32 92 126 237 444 499 558 630 670 943
10 150 214 297 343 370 403 415 463 473 788
7 157 315 615 661 707 734 938
10 27 33 258 410 547 559 588 757 776 916
10 8 64 268 385 499 701 709 733 831 938
11 58 92 114 392 458 469 541 578 642 721 855
7 49 94 158 208 471 792 824
7 6 254 262 434 615 675 754
12 23 93 95 118 294 471 485 570 667 777 936 942
11 22 83 134 189 191 308 500 627 861 865 933
9 26 235 285 301 407 418 607 612 704
9 368 378 442 523 659 660 738 892 968
7 44 214 224 263 520 541 918
8 153 184 438 547 630 741 822 856
9 15 27 480 716 763 842 902 905 969
9 18 52 200 501 504 685 699 853 875
9 417 514 541 640 675 745 764 838 932
6 148 246 447 470 522 927
10 4 82 98 350 495 696 741 774 867 953
3 307 744 747
6 79 101 193 318 435 877
15 100 111 132 139 301 352 404 589 643 705 790 815 821 833 912
5 416 488 614 761 788
9 67 278 369 400 446 568 673 839 938
11 115 119 175 299 415 490 494 753 838 915 994
7 310 465 495 528 577 605 618
7 245 313 497 598 795 886 924
18 8 99 107 145 150 186 326 332 396 467 484 533 694 742 817 851 862 945
6 78 325 514 551 970 980
8 9 23 80 171 323 417 661 684
4 86 711 858 963
9 67 92 128 204 284 504 687 718 930
11 23 177 228 283 292 325 496 578 711 750 913
12 125 160 289 304 317 477 486 512 692 944 988 990
10 136 141 414 496 670 870 898 914 930 982
11 18 51 100 324 538 598 621 680 753 787 939
14 24 30 172 341 405 485 504 592 817 872 909 969 976 985
9 100 308 332 411 501 610 745 827 941
7 144 323 333 396 558 626 677
10 8 41 105 196 303 383 468 590 866 912
9 157 165 244 252 390 461 837 956 983
12 0 3 99 242 406 451 521 574 653 713 950 959
16 15 186 361 381 430 455 481 492 582 591 650 684 691 738 889 903
10 1 315 531 560 561 681 690 723 940 986
11 104 270 320 359 385 425 671 689 816 930 981
14 20 118 155 198 220 222 336 377 552 647 768 921 969 987
7 74 214 215 359 395 512 740
5 126 162 228 362 984
7 238 249 257 450 646 804 893
12 24 43 80 127 218 223 311 708 917 937 981 990
9 11 159 318 328 340 531 596 743 890
17 5 65 239 334 353 354 463 493 501 551 559 570 587 802 842 858 927
14 47 129 130 148 180 428 450 667 672 710 792 795 818 841
9 23 156 163 228 377 411 420 785 982
7 224 265 267 580 616 926 979
6 14 30 179 214 616 886
9 18 115 356 499 503 521 607 634 968
5 142 211 274 682 894
9 9 55 98 218 343 425 550 879 987
9 294 599 691 736 742 766 860 868 991
7 115 375 449 469 558 591 726
9 35 173 338 385 406 473 495 824 998
8 187 264 420 613 657 695 787 908
7 20 368 462 535 718 820 905
8 367 480 570 595 722 733 865 907
12 56 132 355 431 504 605 639 681 695 845 851 853
12 174 226 252 290 331 332 397 537 555 649 845 860
3 3 657 870
9 114 507 536 564 628 775 794 822 868
10 0 163 326 476 497 790 898 951 970 998
11 0 35 38 152 234 266 489 612 621 761 905
7 209 470 514 846 908 926 936
11 101 192 235 333 392 470 535 540 643 807 882
6 20 66 352 445 964 989
12 258 270 496 592 599 694 779 807 837 841 857 908
16 47 130 172 173 312 349 411 640 681 736 754 799 820 822 825 907
11 98 182 354 477 481 648 670 680 835 975 976
10 338 389 437 485 662 686 695 764 852 917
10 10 55 78 217 285 289 371 475 688 829
8 14 83 254 568 634 647 715 866
16 26 99 189 210 309 318 364 373 479 494 620 698 807 854 863 941
10 13 236 351 506 585 682 719 761 762 827
13 13 32 62 208 266 337 350 410 509 589 636 716 878
6 23 531 683 703 753 843
12 171 194 242 254 359 461 587 649 840 892 902 959
9 292 550 557 580 648 706 915 985 990
13 145 150 223 291 360 410 505 647 664 720 750 755 767
17 1 130 165 260 272 296 382 508 638 825 832 844 859 873 889 891 938
10 42 135 218 271 275 563 714 736 844 989
12 33 196 318 344 428 466 519 595 632 679 943 966
10 57 352 387 405 456 667 670 682 821 995
7 140 623 797 873 909 917 976
4 317 436 532 940
9 258 304 356 461 574 586 685 918 929
6 27 213 351 620 855 929
7 10 190 196 431 536 746 794
9 98 103 167 230 306 416 519 609 717
13 49 88 194 251 339 374 408 427 594 707 729 833 871
14 33 72 201 251 411 507 518 595 602 688 705 800 858 934
9 30 151 525 604 615 726 731 909 993
14 17 36 124 168 185 188 191 231 428 604 626 703 764 915
11 21 39 129 248 287 362 392 478 690 767 971
15 73 121 141 194 301 323 379 424 539 607 702 733 734 743 750
6 24 210 426 533 654 887
10 3 42 84 189 335 427 567 609 890 907
8 153 274 282 657 715 835 887 944
12 21 326 490 559 635 637 755 837 875 889 899 981
9 109 128 182 206 442 510 587 720 731
12 19 158 177 278 516 520 528 529 646 825 855 893
9 60 109 155 250 693 766 794 861 920
15 0 83 278 329 499 684 710 742 777 817 835 862 946 951 957
9 106 124 220 262 464 619 687 802 942
11 75 158 429 435 701 740 752 803 819 826 888
12 203 230 253 301 310 470 506 572 584 636 668 863
11 446 505 525 556 686 897 946 974 981 984 987
10 117 124 226 287 604 691 712 900 901 983
7 27 478 482 610 795 914 918
9 22 82 349 466 482 541 546 669 899
14 13 122 187 235 310 439 648 753 772 774 857 863 875 929
12 107 170 174 194 234 317 452 463 477 506 893 906
10 96 105 127 176 251 385 521 599 763 772
5 31 564 570 665 704
7 102 139 265 500 535 872 960
5 53 341 539 548 876
7 72 353 385 702 772 823 964
13 29 52 104 110 266 273 406 811 833 860 875 959 964
13 9 15 69 187 236 309 408 572 704 712 881 885 907
11 49 274 391 392 420 440 554 565 586 774 994
12 76 213 218 332 411 550 609 669 707 768 830 835
4 355 479 607 707
6 32 47 384 389 390 763
11 5 37 176 368 392 576 592 664 680 693 768
9 148 242 302 401 425 487 488 514 946
13 17 56 101 232 357 368 467 616 647 756 816 878 943
10 105 118 207 217 242 261 350 556 769 809
8 382 400 539 651 717 815 832 893
11 39 52 67 180 290 618 623 888 889 924 957
14 79 378 416 421 461 469 482 508 632 664 715 802 849 877
9 20 256 591 655 707 750 812 898 969
8 18 80 175 332 425 594 624 845
13 111 139 189 354 361 487 494 621 642 787 875 906 962
11 106 134 497 528 592 700 763 818 823 984 986
11 91 351 444 523 558 624 810 885 888 930 976
7 135 225 448 568 580 855 984
7 2 191 210 232 547 830 998
9 71 143 328 637 691 707 743 857 956
4 73 584 781 948
13 61 62 191 214 248 304 321 336 357 456 561 717 852
10 281 309 408 556 591 629 640 688 723 811
9 130 247 256 496 612 680 888 958 980
10 19 354 385 526 691 711 792 851 918 979
10 20 260 266 521 565 602 738 857 913 980
10 68 244 256 264 287 288 297 565 572 608
10 120 123 253 306 440 449 759 825 935 970
11 48 192 245 250 459 537 758 804 816 848 957
9 3 196 347 444 527 794 847 970 992
9 10 37 214 274 291 550 627 675 686
14 193 256 274 323 339 355 471 686 766 799 852 942 974 976
13 5 117 208 402 527 619 725 735 746 796 836 870 905
10 181 406 438 621 682 705 776 861 874 972
8 163 195 210 362 437 445 509 792
11 6 46 313 523 562 597 664 714 762 830 921
16 57 227 276 306 355 457 484 561 691 706 780 782 791 824 845 864
10 31 85 329 464 470 650 733 736 793 820
10 74 275 318 470 482 510 555 572 739 770
13 37 109 320 414 474 546 553 769 794 827 913 941 971
7 16 185 254 279 299 827 848
13 32 60 364 723 725 729 793 815 910 942 948 958 969
6 3 16 51 153 155 776
12 16 444 449 486 590 623 723 732 810 898 948 951
11 181 252 319 507 530 533 541 673 897 937 975
10 58 135 356 507 539 608 764 773 833 952
13 94 351 539 566 582 599 613 715 795 822 860 916 986
7 118 203 433 476 503 897 903
17 2 179 271 296 301 354 373 558 568 585 679 794 820 824 875 918 945
11 25 48 238 265 394 420 495 511 539 561 767
11 22 90 193 199 311 317 494 582 751 877 995
10 28 57 200 300 319 348 350 362 767 860
6 16 272 422 490 821 968
4 321 808 829 853
14 30 89 124 179 339 373 385 511 546 658 821 822 843 927
6 342 374 452 508 520 881
7 304 322 429 640 667 745 863
7 26 402 444 606 627 949 974
11 78 105 107 198 210 451 475 526 907 949 979
10 50 84 110 157 165 332 341 366 626 674
5 1 361 767 885 924
15 16 102 125 171 177 254 278 518 521 563 596 611 657 755 765
6 91 94 475 602 768 772
15 83 135 238 254 319 322 565 597 673 700 714 760 770 779 929
7 60 211 631 657 721 777 813
9 76 205 357 501 580 763 871 935 961
5 152 202 696 878 912
9 67 168 237 267 276 336 481 886 920
9 69 117 246 297 479 570 680 762 929
9 28 38 109 204 703 859 885 950 974
5 162 218 370 900 964
13 105 253 258 265 278 379 405 594 656 716 742 893 973
9 306 347 380 396 499 571 717 885 933
6 59 492 653 759 940 984
8 298 458 544 581 813 836 865 935
9 2 154 321 386 429 568 583 836 899
14 209 210 240 299 414 463 535 542 568 677 679 685 808 820
7 333 784 807 814 829 957 974
8 124 309 340 439 739 816 944 972
14 55 186 202 247 343 472 491 533 579 747 774 859 871 929
10 93 112 162 308 353 391 730 753 827 858
7 137 282 400 505 572 581 743
8 380 422 565 795 805 815 857 955
10 100 190 269 330 383 467 583 808 873 904
17 26 89 130 143 216 218 499 520 626 740 772 813 860 907 944 995 999
13 68 152 166 303 388 454 488 649 738 759 809 865 965
20 109 139 172 182 219 254 311 339 359 420 447 461 466 575 601 632 641 715 865 972
10 98 253 299 368 449 657 746 860 917 991
10 125 165 295 389 467 717 842 851 862 963
9 31 85 383 414 668 680 768 779 807
9 90 219 224 367 568 626 695 783 785
16 28 65 73 184 227 367 376 387 446 567 618 673 680 777 785 855
11 72 247 306 482 501 514 528 729 746 896 983
12 96 274 327 329 611 666 767 779 862 931 957 981
12 65 131 210 557 680 692 713 758 878 928 943 996
6 215 245 540 603 717 937
13 91 240 353 403 424 484 642 686 770 771 811 849 889
5 150 409 476 511 861
7 13 99 123 683 784 808 869
7 42 171 403 430 733 749 766
6 46 284 286 412 492 609
9 34 188 446 576 598 604 692 740 941
18 16 79 165 192 251 255 341 355 501 572 626 702 730 776 916 923 950 977
10 101 170 231 250 324 409 424 489 883 993
12 47 74 125 255 261 681 710 715 733 883 899 975
9 98 102 128 149 555 578 763 805 806
10 110 136 148 366 372 546 584 645 679 711
17 62 91 105 108 124 187 320 323 362 415 600 621 629 842 915 919 927
11 5 154 177 232 240 386 432 439 511 628 925
8 149 387 449 487 689 856 919 934
13 39 110 130 194 251 265 352 523 593 657 679 918 925
14 164 207 309 389 470 480 619 656 819 838 873 879 918 980
16 27 53 80 128 129 162 181 322 341 451 496 527 688 785 885 926
11 150 169 189 267 460 540 587 692 693 857 919
7 351 510 670 671 744 767 923
10 33 69 246 288 373 458 527 602 676 879
7 51 59 409 552 760 877 993
5 26 65 210 759 771
8 275 406 456 525 742 827 945 991
9 15 23 125 137 154 187 553 933 986
11 159 272 384 632 670 755 819 852 881 899 988
11 57 112 134 164 370 401 464 682 752 762 851
7 338 490 506 526 620 670 784
5 281 378 426 685 886
13 92 119 253 299 390 517 532 589 610 699 713 748 822
6 131 157 226 346 618 840
11 171 324 454 495 526 679 723 750 756 813 844
10 11 82 230 234 635 656 703 811 900 949
7 224 522 585 692 800 810 954
14 81 348 381 510 578 664 671 730 777 782 815 818 876 938
13 28 44 86 88 199 214 314 351 614 714 764 828 956
10 2 32 168 224 455 632 715 819 824 934
14 52 102 275 566 572 604 685 718 723 787 868 948 949 962
12 0 4 79 132 345 384 502 508 513 767 940 974
9 376 451 614 669 805 816 817 884 905
10 257 351 381 524 561 583 644 684 910 950
13 16 42 150 253 281 402 422 483 491 565 623 962 968
12 13 22 91 99 292 541 584 664 673 863 872 964
4 298 372 551 829
7 25 123 403 639 672 763 944
11 23 44 72 413 415 429 541 702 796 810 890
11 0 48 194 303 426 431 520 571 641 727 868
11 130 153 244 319 428 477 692 696 814 842 998
10 0 39 215 335 362 363 458 510 521 764
10 77 150 233 620 711 723 730 745 779 905
11 64 151 152 168 207 479 495 604 728 860 878
10 162 224 265 421 519 538 625 742 781 847
11 9 166 190 255 325 465 687 738 797 825 876
9 52 108 138 182 288 526 663 842 846
8 123 342 432 505 531 908 933 961
8 109 326 332 554 731 786 851 989
6 279 352 396 516 677 950
15 146 170 207 214 233 235 368 379 394 496 534 834 835 909 970
11 7 41 159 340 389 396 478 482 538 587 865
13 135 143 219 318 483 731 747 791 800 803 843 888 968
7 65 421 631 660 798 854 996
7 127 331 338 462 508 708 710
13 19 21 60 155 189 350 717 741 747 754 885 918 977
9 33 219 446 647 692 711 741 827 953
11 55 66 201 205 220 288 319 320 655 709 871
10 131 162 166 269 324 360 475 539 692 950
15 88 147 188 200 231 289 294 366 456 512 616 689 896 943 972
13 41 264 347 514 580 653 713 724 740 802 956 971 990
10 45 230 308 378 510 565 603 662 961 979
6 53 227 357 384 974 993
12 142 202 372 377 397 417 577 602 823 892 932 946
16 88 111 121 172 264 323 383 428 436 467 522 535 719 775 778 917
13 24 110 269 404 431 499 526 547 639 674 743 774 942
11 21 148 306 379 528 711 722 806 835 851 934
9 25 243 295 314 510 720 801 858 947
6 8 297 404 521 559 720
7 125 321 427 503 541 619 689
12 56 67 143 164 243 269 410 476 485 566 647 778
5 153 487 519 521 814
13 17 101 244 306 326 570 572 619 668 675 763 865 875
9 18 109 276 331 420 455 724 745 960
8 231 585 669 680 709 731 789 815
9 130 277 415 514 553 667 676 679 880
8 323 358 515 597 641 696 704 883
7 70 83 102 344 466 772 866
7 12 55 164 258 319 527 565
14 229 234 240 290 344 406 438 477 538 581 603 626 644 797
10 31 171 230 237 362 530 637 756 770 993
6 266 299 550 639 721 922
13 18 158 250 288 359 438 533 548 629 690 705 838 991
16 66 76 115 152 160 251 253 324 377 385 389 465 576 608 777 833
11 56 58 297 335 484 592 654 682 696 818 897
12 207 297 569 617 698 721 755 779 841 842 888 920
9 168 187 296 535 838 840 844 947 958
10 33 154 158 460 481 714 798 918 966 980
9 110 270 304 323 484 524 650 766 998
8 1 165 204 336 467 474 914 927
8 368 427 520 540 595 833 845 944
12 179 301 312 331 366 429 497 536 631 741 791 970
8 17 151 190 252 382 559 839 841
12 19 26 160 179 183 261 345 433 456 659 676 843
12 29 81 166 178 272 420 622 656 785 838 922 997
8 64 67 157 257 413 470 542 825
15 182 207 233 252 269 310 404 556 698 699 723 794 799 810 936
7 122 199 349 636 639 649 747
9 110 120 132 233 514 534 592 597 824
12 15 31 48 53 80 187 259 520 621 896 934 943
8 77 277 323 520 614 803 850 880
10 214 370 511 519 555 703 840 862 899 932
8 14 336 407 444 507 758 796 805
9 41 46 94 105 272 449 613 676 929
9 132 384 469 493 585 601 654 775 826
10 7 26 158 183 202 607 609 628 692 860
7 110 255 377 473 640 958 970
13 0 8 46 76 111 138 406 543 570 648 697 804 864
8 227 277 313 481 642 685 770 832
11 104 274 293 374 400 613 716 762 772 898 951
13 10 279 281 409 454 605 694 738 825 892 932 955 972
12 43 138 235 281 370 588 638 710 809 815 870 923
9 109 139 219 252 547 632 779 849 971
10 255 344 522 526 576 603 715 719 737 896
5 139 507 900 919 961
11 3 110 136 149 159 524 600 751 772 774 863
13 38 158 285 301 389 512 520 598 788 789 858 863 974
13 8 125 204 342 385 528 554 646 800 833 866 882 891
11 9 280 282 372 452 467 492 674 715 774 942
11 95 201 230 238 268 274 296 340 395 473 776
8 211 226 276 312 496 582 623 889
10 272 313 328 387 424 432 524 571 585 859
8 29 59 108 210 299 345 813 943
11 164 204 257 262 484 490 645 750 861 893 971
12 27 166 181 263 425 436 535 715 741 759 808 824
8 237 442 526 603 754 772 919 939
12 34 63 121 302 413 430 475 543 646 689 730 979
10 211 383 389 406 425 433 531 727 906 970
11 233 236 328 377 391 448 540 796 880 894 947
10 18 190 285 485 519 534 563 745 863 867
5 140 236 348 635 819
12 17 22 91 348 406 583 678 729 730 801 868 995
11 52 58 186 344 356 373 425 437 494 518 816
5 479 694 920 980 989
3 30 151 343
20 7 125 133 173 194 208 301 350 409 417 436 512 518 555 616 661 783 867 885 988
7 104 118 619 641 650 743 772
18 11 28 34 93 311 345 364 578 633 674 758 760 883 924 939 960 989 995
15 21 60 135 140 172 208 229 297 357 489 706 770 893 945 956
11 103 104 304 432 544 580 764 809 817 892 943
10 50 62 143 215 345 441 535 553 579 802
14 35 185 195 321 569 573 719 762 788 800 808 864 895 949
10 58 286 353 439 529 542 592 681 775 835
12 133 137 164 184 308 311 585 641 681 696 747 762
7 17 113 232 284 508 833 888
7 34 86 154 425 460 541 545
14 52 188 218 303 307 387 409 422 563 659 755 789 894 959
11 185 253 319 381 589 633 754 756 842 920 966
12 66 153 173 189 361 439 584 649 654 711 719 824
8 24 169 340 351 395 470 639 658
10 138 205 216 354 393 497 645 720 823 992
11 21 201 203 217 394 572 652 719 746 748 804
7 110 177 343 532 581 641 690
10 29 214 391 444 456 648 746 777 850 996
10 192 244 336 368 370 535 601 650 663 719
8 10 40 133 429 511 638 851 968
11 27 136 286 398 405 489 678 693 881 966 970
9 88 304 411 467 499 638 654 690 893
10 12 131 203 461 494 499 664 818 849 915
6 283 415 502 550 760 983
12 103 194 231 314 389 509 576 704 834 847 895 913
7 100 107 223 241 590 629 732
14 48 196 211 312 338 416 433 436 562 695 781 815 964 970
13 42 64 136 142 159 192 228 273 348 520 825 886 986
9 40 41 63 288 325 338 376 507 927
12 102 212 281 328 335 360 549 666 674 749 873 921
11 116 157 205 286 333 334 341 496 531 554 815
