1000
12 17 431 520 599 648 668 678 717 794 827 887 900
8 132 207 370 388 391 424 841 851
13 13 117 181 367 392 493 522 574 636 649 699 919 977
19 57 96 113 185 228 255 340 346 452 518 669 730 769 820 912 916 932 941 996
11 85 429 474 490 556 638 693 736 775 900 943
8 134 197 487 527 540 569 655 756
9 11 127 129 230 368 555 654 901 966
11 86 129 150 323 398 447 577 581 585 828 844
9 21 29 62 105 188 310 424 487 856
4 188 625 787 962
13 110 396 399 421 459 476 499 532 535 655 878 882 990
7 6 82 122 413 657 750 924
9 193 278 413 676 748 750 779 852 886
12 2 250 382 421 448 614 623 636 740 796 950 954
9 39 169 187 207 284 388 656 894 915
8 232 272 340 515 834 842 864 981
9 101 187 215 541 547 587 602 735 917
10 0 30 70 95 220 299 340 501 581 691
19 63 103 127 185 225 235 347 369 482 504 519 534 641 732 813 840 886 913 929
8 106 155 353 501 761 868 936 950
10 211 343 366 391 399 459 464 516 785 978
14 8 128 304 310 450 487 550 679 717 720 879 936 960 983
6 367 509 563 599 801 944
7 51 64 114 584 703 852 923
11 121 273 434 457 527 579 673 791 934 950 956
11 65 164 175 291 340 399 488 510 776 920 935
3 27 165 730
13 26 40 270 289 333 401 427 564 628 668 705 940 969
6 183 363 380 455 535 871
7 8 185 345 421 772 850 984
13 17 199 293 299 382 499 531 605 749 873 894 926 990
8 176 206 293 730 733 787 831 897
11 85 142 214 233 246 264 265 331 382 567 695
5 196 256 355 739 943
7 71 152 225 252 297 676 940
5 81 344 581 711 970
6 95 202 390 454 924 956
9 70 251 323 347 491 727 763 794 930
11 115 181 217 424 426 529 682 714 815 852 975
12 14 135 173 330 381 471 494 586 636 799 895 956
13 27 81 89 204 347 470 595 653 722 736 837 921 941
7 49 59 61 95 144 342 463
6 288 445 490 682 870 974
8 133 218 334 483 629 687 703 992
12 74 176 265 323 343 590 602 646 693 735 753 858
12 100 187 213 252 294 408 607 685 720 773 882 970
8 79 331 401 579 612 689 704 801
9 211 372 382 418 600 640 681 871 915
12 76 284 374 407 620 666 722 732 828 853 875 912
7 41 211 439 517 655 893 973
8 170 345 457 507 540 730 755 992
8 23 346 598 652 720 847 863 914
11 104 108 119 393 440 468 489 552 891 939 949
13 63 104 259 346 566 596 630 664 786 830 852 854 926
9 113 127 356 419 472 479 503 904 959
6 227 401 527 761 865 905
11 77 87 201 262 335 350 490 506 757 786 962
7 3 104 115 138 340 428 774
9 170 195 259 359 420 496 515 701 711
10 41 267 340 401 421 615 625 766 840 916
11 153 245 310 452 460 645 667 691 760 853 905
6 41 198 260 376 741 829
11 8 131 200 259 456 513 670 723 779 786 998
15 18 53 75 136 165 292 294 322 375 569 590 620 630 735 957
10 23 120 121 300 312 368 550 611 628 896
13 25 182 209 218 232 327 354 372 402 486 491 538 739
9 93 261 286 343 344 478 501 851 954
12 183 219 256 278 454 500 522 580 627 901 903 942
9 401 502 544 570 637 645 813 913 914
10 84 134 148 283 326 422 500 577 596 702
14 17 37 80 131 184 310 400 464 781 835 922 963 977 992
12 34 101 181 197 320 348 394 715 861 897 904 984
10 209 301 406 448 648 822 836 856 901 905
6 223 628 748 804 874 879
8 44 106 179 211 510 577 644 792
17 63 106 170 266 295 333 342 353 383 407 492 538 590 633 807 974 999
10 48 299 341 431 637 780 801 847 868 912
13 56 231 232 310 376 398 422 522 548 644 708 916 928
9 111 259 281 296 363 493 790 865 984
12 46 105 255 262 266 305 374 693 782 839 855 934
7 70 91 405 530 627 804 913
9 35 40 187 371 518 649 706 790 801
10 11 150 293 303 396 418 513 571 727 737
7 182 318 335 633 639 699 740
11 69 113 210 292 323 475 550 551 659 718 893
10 4 32 124 268 282 380 404 497 824 856
7 7 368 471 667 706 801 875
11 56 174 194 216 342 361 430 707 880 953 987
8 180 256 410 465 531 636 790 858
9 40 174 193 262 266 477 673 770 957
4 201 433 475 953
13 80 132 231 347 412 419 473 537 603 808 839 933 950
7 365 370 451 568 645 808 838
11 66 152 253 479 536 556 620 699 904 907 928
10 105 137 182 237 304 362 385 404 719 727
5 17 36 41 295 599
12 3 155 280 437 584 640 681 700 815 853 888 983
14 145 159 243 269 317 443 552 721 764 790 888 891 936 940
10 213 214 268 325 536 680 703 838 892 996
7 189 431 529 532 616 676 850
14 45 159 231 281 309 332 471 556 603 605 623 693 712 725
9 16 71 148 343 347 407 596 606 649
14 163 238 252 268 274 286 296 354 532 670 918 927 974 989
12 18 274 299 383 491 553 618 622 797 884 925 976
12 52 53 57 165 422 545 570 687 844 901 941 990
20 8 79 94 160 212 250 353 382 448 494 524 584 613 724 759 804 870 907 939 986
11 19 74 75 198 305 452 507 548 604 638 980
7 115 131 145 391 569 587 893
6 52 452 467 521 526 748
8 110 201 291 304 420 803 959 986
11 10 109 445 532 568 618 692 693 808 922 970
10 78 203 277 499 598 702 853 898 955 984
8 195 258 346 375 520 595 772 923
11 3 54 84 182 227 526 619 712 774 803 835
10 23 130 319 520 768 832 862 884 956 997
9 38 57 107 202 504 539 609 705 772
6 303 408 409 506 634 830
18 2 144 152 162 197 219 378 396 438 446 485 534 600 704 724 833 919 972
12 138 159 182 198 257 364 374 509 530 531 552 821
14 52 125 217 224 227 404 493 520 699 710 727 938 975 987
11 64 142 212 219 323 542 717 719 851 889 989
14 24 64 204 243 292 332 449 551 571 694 755 788 803 811
11 11 206 375 431 655 755 765 802 840 888 919
9 227 294 565 615 648 694 939 942 992
14 85 175 182 216 281 440 454 515 666 692 806 829 832 995
7 119 180 340 360 447 655 963
7 193 462 509 671 823 870 878
15 6 18 54 219 344 389 395 458 459 683 689 721 790 819 921
9 21 309 368 468 542 567 580 818 968
12 6 7 135 153 442 525 621 628 770 822 872 976
10 114 343 349 359 491 494 585 646 655 902
13 62 70 107 181 234 295 300 497 539 565 596 667 913
14 1 91 178 332 459 492 520 534 668 754 765 777 811 970
8 43 256 429 525 540 675 716 907
9 5 69 156 299 367 382 674 755 996
9 39 129 192 219 261 412 620 653 692
6 63 426 488 564 742 868
7 94 249 453 576 675 707 847
9 57 118 181 198 275 327 420 840 979
11 161 168 306 328 369 513 542 561 617 651 666
6 238 296 485 600 681 974
5 247 272 361 483 873
15 32 120 185 216 227 301 442 534 576 582 620 631 728 835 838
12 167 303 397 436 450 490 540 688 691 695 769 872
8 41 117 319 322 540 550 778 996
13 97 107 207 290 480 486 539 700 784 839 863 871 977
15 153 179 206 334 431 526 552 562 630 647 690 831 853 858 947
6 348 805 808 852 884 889
10 69 101 184 285 384 400 612 626 751 764
9 156 212 223 298 536 548 605 732 994
14 7 82 194 446 480 603 626 665 693 764 837 842 952 959
12 178 218 276 376 389 447 607 631 796 811 816 988
11 34 93 117 270 447 457 537 552 717 956 992
15 60 129 146 188 189 292 362 446 455 529 615 630 653 733 957
9 297 356 364 561 821 830 862 926 987
14 19 96 253 288 315 332 338 355 515 606 731 806 831 920
9 134 149 413 454 520 717 721 827 968
9 160 212 247 260 348 593 836 868 968
6 204 311 368 430 560 882
8 97 100 118 342 395 465 521 742
9 105 157 268 685 695 784 808 851 952
10 139 165 343 439 475 582 730 778 829 836
15 117 195 332 406 442 458 578 581 661 673 678 738 751 785 885
9 102 170 283 296 612 642 841 937 978
5 25 251 375 528 610
8 26 63 104 161 175 397 402 921
4 175 620 638 817
5 143 419 425 511 523
8 139 196 237 384 448 795 863 914
7 14 261 295 353 493 784 968
12 50 58 75 163 391 444 494 529 693 723 736 869
7 172 244 304 316 355 570 572
13 171 261 352 386 415 444 512 551 570 828 846 872 945
10 39 319 363 377 404 475 534 544 879 923
8 87 89 266 350 554 618 639 731
15 25 124 165 166 251 296 304 326 358 396 531 654 669 962 999
8 31 44 266 316 424 648 790 851
11 407 454 592 657 684 702 721 735 737 891 937
11 132 151 209 240 400 446 516 532 583 757 867
9 74 146 268 315 547 589 826 862 947
10 88 125 242 396 693 706 788 810 834 986
15 2 38 71 131 138 203 296 303 395 461 464 585 602 687 789
10 65 83 94 113 118 124 271 317 522 579
8 28 67 295 470 578 695 773 948
10 70 148 460 532 657 706 846 886 921 940
10 3 18 29 142 255 270 432 683 705 880
11 202 231 329 522 544 567 588 724 952 992 997
15 14 16 45 81 225 416 523 531 613 745 781 801 904 930 988
10 8 9 153 242 271 324 680 810 818 940
11 99 153 196 246 416 539 596 686 794 843 867
6 331 365 400 479 594 663
8 457 503 711 723 733 753 847 974
9 135 314 407 534 655 734 752 807 816
11 12 89 126 250 319 330 419 741 826 893 993
10 87 150 237 306 333 414 706 725 982 989
9 58 112 162 208 322 370 654 759 932
10 33 168 189 268 300 445 587 677 748 859
6 5 71 117 280 578 770
9 61 106 118 138 218 751 760 825 892
17 30 229 239 344 351 360 365 499 501 509 658 673 736 852 900 926 956
10 62 208 212 240 295 402 428 494 511 766
14 56 90 109 288 419 430 477 596 649 667 715 721 748 962
10 36 115 186 412 445 474 490 697 858 879
5 111 181 588 694 889
9 40 121 158 330 529 584 602 756 789
7 386 404 406 420 663 879 897
8 31 122 146 368 457 484 604 825
12 1 14 145 310 378 449 595 629 666 694 777 798
8 195 200 267 358 384 419 477 823
8 65 72 178 338 373 465 647 830
11 84 229 333 397 405 418 497 515 550 829 867
8 20 47 49 74 340 508 784 982
21 105 120 149 157 200 221 233 241 251 431 438 467 478 502 531 663 756 841 882 927 992
10 45 98 368 631 710 714 781 809 909 954
10 32 98 313 315 435 556 695 833 843 875
9 16 220 313 475 480 670 950 959 971
11 87 124 142 221 260 350 426 640 674 865 956
4 38 119 360 591
12 43 65 151 198 292 456 496 500 625 680 867 878
12 67 117 120 127 135 234 247 558 576 582 846 989
10 17 215 232 304 368 385 633 757 796 807
11 212 216 279 325 540 561 574 621 833 886 953
9 391 502 514 538 560 586 635 756 974
6 73 149 278 392 528 820
7 119 297 650 658 710 839 987
9 18 34 187 270 401 405 424 816 893
6 323 375 416 543 689 768
15 55 113 119 123 142 308 332 440 490 495 577 728 863 944 976
8 3 270 276 301 536 806 898 939
7 199 210 336 381 529 577 601
9 6 333 467 525 602 627 683 935 940
8 77 91 100 186 282 589 806 982
13 15 65 77 220 406 439 487 489 683 709 974 992 995
9 32 212 245 352 460 528 547 584 955
11 131 219 350 375 441 470 504 803 820 912 914
11 18 323 412 669 683 730 758 797 907 931 945
7 421 527 561 595 810 811 816
8 94 168 194 274 525 536 624 866
16 102 140 244 270 286 322 412 480 540 694 739 809 868 902 925 976
5 199 244 270 702 897
8 178 200 277 299 432 564 677 920
10 212 311 349 361 372 459 667 685 838 879
8 180 188 396 422 506 601 686 991
9 97 121 345 431 723 744 932 935 970
9 171 238 239 475 526 732 897 907 939
8 60 233 424 587 607 746 948 960
9 32 189 314 480 525 577 839 938 973
13 141 157 219 315 348 555 591 594 655 664 697 743 949
7 479 586 600 657 680 726 889
7 137 342 393 509 609 728 957
9 13 105 193 288 402 557 720 749 974
7 37 164 175 212 367 640 860
10 34 45 102 274 319 347 474 493 599 811
11 93 155 276 479 515 567 836 908 909 937 992
9 312 318 405 418 516 695 896 909 963
11 3 79 185 268 289 297 403 410 559 794 902
7 33 67 88 133 283 619 700
11 118 284 368 462 505 515 661 757 840 955 996
12 112 290 295 409 427 464 513 563 814 821 870 948
17 53 58 62 78 432 545 602 646 674 684 826 860 892 896 902 912 938
10 61 157 216 311 473 529 727 824 933 965
13 66 135 169 172 333 342 518 535 611 648 730 806 944
6 56 79 89 627 699 814
5 430 603 786 857 940
12 32 265 392 504 531 533 652 665 848 881 899 917
14 32 44 264 323 351 497 641 734 755 756 815 821 899 995
12 75 79 89 174 176 532 539 587 699 817 961 969
10 59 208 348 409 634 654 883 938 984 999
12 85 98 102 160 179 196 255 324 361 468 570 645
9 97 281 460 501 661 796 912 983 989
12 27 152 185 225 228 238 239 310 587 898 908 998
10 182 188 293 313 396 434 463 931 946 952
7 15 141 486 595 842 976 984
8 24 300 383 388 479 610 673 867
10 102 103 237 252 428 535 664 769 855 998
10 138 292 314 461 551 565 583 708 759 773
12 151 228 253 308 506 526 624 783 804 881 923 981
12 111 240 286 389 472 547 564 803 861 901 918 959
10 12 67 223 421 443 539 577 727 812 960
12 221 444 455 515 523 551 581 643 855 905 915 986
8 96 197 318 325 520 588 625 731
12 78 100 124 269 330 338 683 723 769 773 833 932
13 85 231 304 338 386 465 502 519 656 716 867 910 919
15 69 163 256 348 355 392 449 481 577 579 714 753 832 971 984
9 14 48 257 382 469 571 640 641 940
3 148 322 740
12 66 102 238 277 313 393 533 563 698 828 838 991
7 299 323 449 558 574 732 946
11 42 155 201 250 428 634 649 681 731 922 946
10 27 255 364 422 472 481 596 650 889 910
6 145 258 380 393 675 853
9 25 109 352 384 461 699 761 793 967
14 63 84 121 153 218 275 371 565 575 812 846 870 904 941
7 30 31 82 271 398 412 812
14 45 63 123 386 476 508 523 620 648 841 876 889 948 949
10 75 95 131 169 183 200 258 371 789 881
8 78 102 140 163 175 181 598 915
13 34 154 224 255 318 336 406 473 518 552 601 678 842
15 149 375 398 436 448 485 678 686 696 784 815 823 849 870 977
9 17 30 76 103 134 240 287 410 848
10 64 131 196 273 345 410 446 538 773 849
15 72 142 228 315 474 477 480 488 651 732 773 777 859 892 970
6 419 518 705 824 901 909
9 82 116 143 181 458 496 647 770 863
12 21 94 109 171 175 220 282 309 407 416 501 988
8 79 106 389 426 689 886 899 909
10 139 194 425 452 492 554 647 657 717 791
6 437 498 649 692 882 950
12 227 276 374 393 486 514 532 545 694 832 883 982
12 100 128 304 374 425 534 547 602 672 697 890 991
23 8 21 60 70 77 207 270 358 402 409 515 551 560 606 658 663 670 719 759 831 834 870 881
11 158 241 260 360 366 428 512 628 822 889 962
9 64 254 401 464 467 616 824 850 854
12 214 215 271 286 392 519 549 558 597 649 734 881
16 192 246 275 322 328 335 414 481 491 504 590 660 673 690 804 809
14 155 179 214 247 301 530 549 618 724 821 823 860 863 916
7 171 176 678 854 871 919 929
6 97 182 479 497 684 725
9 83 254 280 297 615 723 741 757 793
17 114 144 173 193 252 328 514 532 561 583 590 603 637 812 852 893 925
4 71 469 631 706
7 325 482 503 649 664 847 961
12 63 144 195 238 285 314 357 463 778 798 830 955
15 7 37 44 84 120 226 235 265 287 343 435 642 668 686 763
8 188 268 581 583 633 730 841 950
10 98 221 280 321 389 494 540 922 926 998
7 69 175 560 619 624 645 882
9 65 138 370 520 556 564 780 860 887
6 139 314 319 712 740 813
6 186 479 728 765 832 982
11 39 193 204 281 334 477 558 656 762 810 822
8 32 46 190 500 696 727 782 796
12 100 121 132 155 162 227 339 545 847 911 956 960
8 27 75 194 210 230 261 433 732
8 43 146 330 520 632 687 745 947
9 56 83 314 391 423 556 780 888 949
7 229 297 583 694 716 717 916
8 347 370 422 597 664 689 752 918
12 155 209 281 282 385 596 702 755 818 958 971 985
5 332 346 602 638 656
19 3 15 17 25 57 59 125 211 367 425 427 535 544 604 638 921 939 985 986
8 76 724 736 742 792 807 923 978
12 41 75 87 159 249 261 503 596 677 857 941 983
12 20 44 66 101 130 161 323 353 383 653 849 982
9 35 66 127 199 403 434 536 940 990
10 29 50 243 300 412 423 520 688 768 970
13 3 51 53 112 339 353 541 565 572 723 779 936 944
16 18 37 40 91 101 252 337 490 690 740 746 750 767 849 850 895
11 71 147 157 247 267 283 611 674 682 918 936
7 130 241 425 680 696 878 899
11 56 174 216 234 372 384 440 513 645 703 834
9 199 265 353 458 648 697 757 871 901
8 172 233 291 408 689 785 908 924
16 19 75 105 169 343 346 351 385 494 583 609 638 724 885 966 996
7 65 102 490 601 799 818 976
16 33 155 171 283 369 592 616 640 649 735 744 775 887 958 963 983
6 54 154 544 755 899 940
12 322 363 483 499 586 654 663 669 706 713 744 986
7 175 208 310 390 441 681 799
9 58 130 524 558 585 845 860 886 954
9 125 199 217 311 465 710 848 900 993
10 87 141 241 268 386 671 677 775 798 882
8 94 153 463 547 598 616 807 945
7 28 78 173 357 715 852 940
11 118 154 289 393 582 601 640 642 957 958 973
7 92 190 199 544 758 775 974
12 20 311 582 672 699 723 794 805 873 905 927 940
10 2 22 134 251 340 605 695 838 885 951
13 6 64 86 128 158 206 213 220 257 407 583 609 868
10 18 139 355 447 506 624 667 830 895 967
13 1 92 195 327 337 514 603 660 701 723 828 895 992
13 81 292 295 431 447 602 619 652 738 753 787 843 910
12 47 65 241 350 389 420 481 656 750 787 819 892
8 209 600 626 803 868 887 896 955
11 48 79 118 308 309 482 497 499 539 845 897
11 63 112 122 164 226 234 298 521 724 730 986
7 61 77 151 477 556 855 978
9 173 444 500 525 596 747 853 921 997
10 117 207 477 508 589 590 677 767 798 917
6 384 427 622 631 673 854
10 28 85 290 493 661 787 795 820 832 894
7 39 229 407 506 521 680 900
16 13 30 32 47 105 134 284 509 610 658 660 699 837 842 874 937
13 75 103 273 343 504 538 607 692 734 775 854 880 967
14 148 168 208 291 350 379 457 487 503 576 669 894 907 908
9 94 220 338 353 386 521 541 752 918
13 172 205 282 294 361 385 512 535 591 632 856 907 989
5 432 625 701 919 950
12 1 14 273 469 521 553 568 651 694 831 970 973
11 127 151 277 305 325 372 499 712 735 800 807
6 36 358 543 573 866 976
9 1 20 107 170 222 335 627 816 881
12 2 223 264 283 313 449 469 549 559 844 969 999
12 52 249 286 290 308 364 429 479 618 675 854 970
4 71 505 546 604
7 127 159 181 733 794 810 976
13 10 82 117 175 180 242 271 455 498 600 603 689 838
10 143 165 210 432 679 742 790 875 911 979
16 7 77 293 298 613 633 647 674 688 719 737 740 831 847 893 896
7 10 20 25 585 616 644 952
11 70 148 178 190 634 639 661 671 774 788 922
13 27 46 55 59 68 225 312 706 824 901 913 986 992
7 65 165 200 250 310 727 768
4 255 344 542 951
9 85 94 119 173 205 420 686 761 845
9 80 210 225 254 461 498 622 717 718
14 72 162 205 232 297 440 552 650 663 814 852 890 945 950
12 48 75 101 177 192 304 368 381 436 473 526 868
14 45 116 352 424 484 521 522 591 609 726 784 804 865 919
9 116 258 267 310 471 525 618 715 960
5 88 255 299 300 817
5 450 563 838 889 965
13 91 135 202 235 238 293 345 529 627 665 787 820 836
9 11 12 156 438 439 491 546 950 991
8 194 314 470 475 744 817 843 850
8 172 529 575 748 769 772 785 896
13 187 189 226 304 602 722 737 763 825 869 898 924 962
5 470 491 726 873 945
11 47 82 210 254 432 487 597 603 685 743 910
12 54 91 167 193 201 208 302 492 648 651 678 713
9 58 109 138 205 372 404 473 745 913
9 10 13 29 59 236 278 503 665 951
11 69 77 104 242 289 337 637 660 717 896 954
5 335 345 572 673 728
9 1 8 38 176 225 245 408 486 495
7 167 306 309 340 349 660 942
14 38 136 216 305 522 548 597 640 717 773 871 925 928 977
10 27 258 340 379 464 466 563 574 740 898
10 57 200 274 288 311 458 460 496 868 909
7 4 133 393 461 538 696 934
10 87 158 201 263 509 562 789 853 861 951
13 0 76 99 122 146 212 243 371 673 737 779 871 913
7 185 240 259 387 397 418 448
6 90 333 842 845 935 963
7 24 271 344 472 521 871 942
6 214 323 465 556 661 767
8 143 298 407 538 648 656 726 908
7 96 307 617 737 863 984 999
8 117 212 413 495 509 591 830 989
13 49 161 232 413 443 501 520 545 552 745 756 862 910
15 52 124 227 350 406 458 464 523 578 645 671 698 780 919 936
4 234 358 682 969
13 129 142 162 445 584 601 641 654 700 722 778 796 917
13 97 278 439 461 606 618 666 701 736 754 813 894 903
9 170 172 279 377 628 806 847 881 909
9 42 110 196 202 442 642 683 700 804
12 117 150 153 178 300 499 554 790 842 928 948 972
13 7 125 151 152 369 371 493 501 620 720 815 837 908
9 13 72 105 168 298 432 507 520 856
10 121 207 283 287 392 539 683 734 932 958
8 21 143 411 570 682 718 738 846
6 92 573 875 918 938 959
13 3 60 106 108 306 514 563 630 654 703 733 815 935
4 137 539 638 897
14 36 67 124 156 177 525 528 584 606 620 754 771 899 941
8 28 153 279 396 498 782 824 872
9 62 218 457 485 507 561 695 891 963
12 24 50 152 191 206 384 456 471 526 650 699 793
9 127 162 303 351 428 440 698 819 971
14 10 20 127 132 241 514 522 530 535 641 679 735 807 983
11 60 184 233 269 428 465 559 649 823 864 983
12 181 275 291 405 429 443 518 525 579 687 729 769
5 126 257 825 893 900
7 41 271 322 362 762 805 835
12 20 70 181 258 312 427 440 599 672 838 872 967
12 88 159 209 282 360 435 460 512 661 689 820 845
3 427 828 838
11 108 212 230 312 475 498 544 638 735 788 993
7 52 128 268 527 722 803 986
12 284 320 388 392 519 621 762 823 916 930 949 990
13 40 183 234 414 417 559 706 715 733 816 827 836 862
11 39 86 100 409 457 583 603 614 621 633 861
10 54 277 289 434 560 647 676 749 891 971
8 91 260 297 407 420 619 634 960
8 4 202 252 301 593 617 690 863
14 84 90 161 173 215 244 414 467 500 749 817 839 919 976
10 10 294 673 678 805 806 811 882 943 964
14 89 201 208 301 330 376 378 496 505 559 737 763 898 999
6 66 212 622 771 878 944
15 54 93 190 248 253 273 317 329 393 599 656 698 786 789 911
13 145 150 215 238 246 301 590 602 621 783 907 941 961
13 283 289 314 372 607 639 695 719 868 870 873 895 977
5 18 321 374 537 659
9 43 141 357 614 649 789 797 900 901
7 206 408 668 758 770 794 912
12 117 140 298 456 486 504 509 557 676 768 809 935
10 65 145 272 308 424 485 493 598 766 769
12 5 8 21 232 384 418 559 678 692 708 710 980
12 25 136 301 614 620 649 748 884 929 945 946 948
5 52 232 610 685 863
16 4 42 56 143 202 227 347 354 540 637 690 721 773 841 857 999
10 37 65 103 130 314 413 417 496 588 688
11 75 132 306 419 529 572 699 785 841 984 998
15 2 78 119 169 252 380 447 486 601 746 780 865 881 920 921
11 39 105 130 170 200 325 353 635 822 855 882
5 227 424 438 595 910
12 58 218 303 428 477 491 562 582 602 808 899 987
12 85 131 210 265 317 374 499 603 815 897 924 941
8 307 396 405 455 467 546 662 690
15 10 30 111 199 357 374 389 446 497 559 591 832 919 973 986
13 67 69 218 331 377 475 574 655 721 758 787 970 978
15 17 19 66 199 269 304 439 447 595 767 818 865 872 907 952
8 68 212 222 282 519 729 748 958
8 54 191 321 342 384 421 784 802
8 18 115 234 264 314 383 485 715
9 257 394 477 517 649 807 836 897 939
12 56 116 242 276 369 381 547 723 846 877 922 985
6 50 106 448 456 550 844
8 211 294 378 602 677 746 767 974
14 22 118 126 199 249 382 430 438 485 560 686 789 816 834
8 25 74 535 545 598 694 752 947
8 167 200 541 649 729 923 958 972
9 172 311 386 465 615 811 885 889 927
13 62 82 139 258 350 534 588 688 777 812 904 921 994
13 222 308 319 370 452 459 733 762 777 860 898 926 977
14 15 58 124 155 210 253 257 279 310 523 533 555 782 970
4 20 178 254 615
10 49 505 663 665 707 746 812 968 969 979
11 3 81 261 297 302 461 628 721 865 891 990
9 18 282 313 469 502 631 767 869 966
16 0 112 114 119 132 156 280 327 334 345 439 448 656 719 741 768
13 108 159 375 381 385 388 408 434 547 722 743 812 840
15 2 67 77 182 186 408 426 459 575 610 667 712 717 732 956
9 167 187 279 294 440 515 594 659 969
6 105 359 566 602 753 986
16 129 133 230 237 246 377 409 454 461 606 702 749 817 869 887 942
9 108 113 146 244 276 407 457 870 950
10 5 24 55 236 468 663 714 839 889 899
9 164 223 233 454 583 613 657 781 996
15 38 99 153 170 204 229 260 412 415 492 642 735 779 840 982
9 80 118 315 459 588 602 709 736 973
11 30 88 118 175 187 212 264 565 740 780 945
13 10 99 102 110 178 184 266 308 319 570 582 635 764
5 264 286 515 734 955
12 18 117 132 142 173 192 309 513 810 823 928 963
11 10 28 261 274 340 386 459 510 697 841 862
14 93 98 149 228 237 344 561 612 674 780 795 880 884 896
3 91 152 482
10 65 75 222 300 383 429 436 645 687 951
13 115 131 145 189 266 278 374 449 453 655 719 878 886
14 5 50 133 143 144 221 238 325 490 615 648 752 787 964
11 16 346 385 511 578 638 681 742 804 952 991
8 120 128 139 403 602 731 831 857
4 226 390 847 927
10 68 173 186 340 356 365 467 609 784 863
12 104 259 308 332 439 510 672 752 758 809 839 922
4 394 413 498 782
17 16 179 233 277 309 362 506 521 589 605 741 742 776 899 925 963 999
8 77 106 149 426 615 819 867 908
7 313 315 392 665 742 888 913
11 21 64 84 144 210 507 672 783 815 918 921
9 84 121 172 275 279 310 650 876 991
10 52 97 118 146 152 297 406 439 690 802
7 103 388 621 652 857 909 944
11 174 306 446 610 700 800 865 886 964 980 994
10 6 247 515 566 719 762 820 830 857 949
10 4 93 100 214 327 335 376 435 860 923
7 250 485 568 729 790 839 862
7 219 287 313 330 359 625 718
10 255 392 460 470 477 487 499 793 919 947
10 158 222 310 326 472 509 665 747 805 859
9 139 154 221 236 319 456 536 617 993
6 146 430 496 823 877 930
13 22 258 286 411 427 452 579 740 744 784 792 847 871
10 27 136 240 277 327 577 640 776 798 960
10 123 131 275 292 346 531 733 738 816 949
6 53 524 555 643 819 851
9 32 128 186 253 636 676 679 715 757
5 92 110 388 557 985
9 5 63 107 603 633 643 697 849 984
9 68 104 171 172 268 450 532 630 951
10 82 121 284 633 641 676 717 758 896 981
12 171 346 423 492 586 649 745 900 906 921 925 985
5 390 451 663 867 946
13 2 221 287 427 500 622 644 758 778 780 818 848 887
7 292 415 522 783 808 880 936
10 137 142 219 384 628 771 778 887 893 907
12 7 69 74 227 229 246 278 283 564 624 683 784
13 162 183 197 440 541 630 681 733 851 866 905 914 926
10 24 46 182 283 461 563 638 715 891 932
2 67 128
8 7 17 35 162 279 324 596 780
12 142 161 219 364 366 496 532 719 750 790 797 819
14 178 275 319 324 336 353 368 471 528 729 782 788 795 864
13 23 96 105 204 233 442 454 639 657 677 801 845 886
7 7 130 181 359 399 610 889
7 39 222 248 357 572 691 974
9 16 107 196 245 266 270 666 739 819
11 186 203 280 491 513 530 811 812 821 964 992
6 179 231 378 547 605 995
13 44 63 75 314 319 378 480 774 787 824 843 929 944
10 217 247 386 408 438 499 660 688 821 956
6 177 355 700 737 894 903
7 157 474 641 798 822 930 972
6 190 247 523 662 897 940
13 40 112 207 236 272 495 501 618 620 662 701 831 838
18 53 69 101 131 189 201 289 338 342 377 581 629 741 848 895 923 953 963
18 313 337 418 426 602 606 615 620 632 633 641 724 755 768 828 833 837 873
10 51 111 296 362 486 510 636 722 887 921
14 0 22 95 252 464 479 617 715 753 803 810 893 904 984
10 47 117 140 248 373 396 748 753 780 872
11 229 242 297 354 364 442 493 631 701 739 881
20 16 44 181 204 230 259 309 339 371 416 480 496 508 524 530 542 597 723 841 893
16 91 100 150 263 319 370 396 418 471 497 569 639 754 756 802 934
10 106 206 340 394 677 736 815 842 852 954
15 30 100 149 367 547 589 617 644 713 790 897 920 929 943 984
11 101 155 310 443 454 525 597 695 913 980 996
15 45 151 245 383 481 627 628 644 745 783 814 836 841 854 927
5 665 736 883 956 972
10 115 249 353 368 408 544 633 809 840 869
15 164 273 382 489 522 554 585 627 652 691 793 870 954 960 967
6 64 261 348 702 807 927
10 46 148 163 536 703 741 761 901 919 982
5 105 187 398 528 993
8 13 471 483 488 703 805 894 900
11 59 123 153 318 512 516 540 548 597 764 839
6 99 312 355 362 399 816
11 139 437 474 561 599 605 641 642 723 918 930
11 103 110 174 315 393 409 443 595 684 843 865
9 113 256 326 371 473 690 720 901 980
13 48 63 93 135 142 166 294 447 454 488 595 597 808
13 129 221 469 471 480 553 633 690 743 801 856 945 984
6 103 379 405 478 574 647
6 13 100 633 700 735 796
8 237 276 326 369 577 854 861 902
7 9 59 218 280 387 558 682
5 148 150 373 690 825
8 67 80 230 262 391 412 607 610
10 27 64 73 129 311 444 518 576 607 940
9 43 207 596 630 644 733 880 925 979
9 53 63 146 153 452 570 578 629 975
11 142 151 213 320 379 519 601 647 731 857 867
6 334 386 597 647 763 896
18 75 83 220 324 398 471 569 571 597 609 621 623 705 724 784 839 901 909
9 116 267 288 400 473 712 917 949 965
5 222 494 532 753 986
9 2 13 39 88 567 598 843 868 919
9 68 76 319 422 490 704 776 949 992
15 4 106 166 339 340 353 453 467 541 579 730 761 806 890 957
10 83 174 400 481 584 603 833 859 929 967
10 47 96 216 251 284 355 364 426 564 992
12 18 265 284 442 459 571 593 597 617 648 672 793
8 163 323 364 445 529 617 678 742
8 279 566 569 671 675 744 754 888
9 74 77 399 574 605 607 629 699 922
12 60 68 92 268 326 350 440 538 685 723 756 791
8 44 130 259 685 694 818 902 965
14 146 209 303 306 398 472 622 631 632 720 831 879 930 951
15 0 72 123 176 261 294 351 419 436 540 641 785 816 935 983
20 2 81 101 201 288 307 313 321 355 460 483 488 505 511 572 742 749 807 881 987
6 224 289 406 457 551 885
8 139 301 388 419 669 756 854 891
6 51 264 371 553 610 804
8 40 135 153 343 714 812 844 876
9 6 175 195 267 357 442 452 762 787
13 5 10 49 122 125 130 192 247 500 539 817 923 938
9 14 282 330 339 372 436 479 520 772
9 11 177 184 248 306 528 584 777 905
11 199 224 310 382 678 688 708 827 841 864 958
7 84 482 523 725 779 823 852
8 314 370 382 422 425 591 765 795
10 162 257 269 380 400 435 465 724 733 956
3 498 594 595
10 190 205 212 310 357 406 517 527 573 982
8 53 247 274 321 337 669 777 957
12 150 264 412 421 517 549 560 608 803 860 908 921
9 48 124 139 207 443 587 750 878 919
12 60 86 131 201 241 369 522 686 805 818 886 968
9 0 27 132 323 484 716 717 810 905
12 3 175 235 357 384 651 664 765 844 865 916 987
6 62 102 215 310 683 990
10 126 361 400 440 643 673 719 865 882 926
13 309 366 464 545 550 641 680 828 859 872 971 980 995
13 24 89 162 199 273 314 379 423 431 476 671 820 903
6 134 216 259 348 398 536
10 133 137 290 393 643 748 803 806 886 917
10 12 34 99 472 485 567 571 716 796 952
11 196 240 342 361 378 508 584 604 682 749 921
15 0 162 297 298 316 419 476 487 642 658 700 741 760 864 912
5 21 397 459 567 754
13 98 188 218 248 349 381 672 709 743 856 872 911 927
8 47 96 140 288 358 541 578 931
9 38 42 348 441 450 625 677 786 788
14 127 185 230 232 235 281 445 449 577 670 819 956 966 967
7 177 259 317 618 740 955 971
11 45 160 241 418 489 645 646 765 942 951 999
7 189 242 298 323 404 509 667
9 43 104 181 334 461 538 851 923 924
11 143 345 398 491 513 591 658 698 711 751 794
12 46 127 226 305 337 352 396 465 711 781 799 915
11 146 314 347 474 490 498 552 619 621 626 722
8 17 60 143 586 610 744 940 953
6 110 124 135 307 383 487
13 4 44 79 100 110 150 170 180 697 700 728 801 838
14 121 123 203 207 238 308 336 388 510 646 699 738 777 873
11 32 143 160 183 214 254 367 456 481 606 725
7 298 331 349 429 895 946 987
9 202 247 309 351 535 569 693 846 948
7 286 440 458 479 688 805 966
18 2 83 93 119 262 266 291 366 382 457 492 644 694 727 750 839 890 993
13 96 145 256 442 445 554 592 623 678 693 712 724 752
7 58 370 387 443 595 601 859
12 69 111 177 239 338 525 611 710 742 852 899 915
8 23 43 98 350 452 612 614 861
3 46 117 637
10 27 115 185 302 633 749 905 937 968 974
11 81 86 180 184 194 320 357 401 470 774 969
5 87 137 517 783 799
6 77 275 487 658 917 966
8 232 530 680 733 848 856 875 974
10 119 213 224 360 487 702 837 852 915 989
11 35 58 191 688 689 725 760 776 839 900 922
9 100 113 328 389 522 634 700 786 846
7 357 419 605 781 804 808 827
9 38 213 283 527 653 834 846 937 996
11 71 201 363 409 470 504 567 579 599 882 939
6 133 282 336 668 676 768
17 0 21 120 152 156 306 336 405 422 426 522 571 668 757 761 764 870
5 84 405 450 558 895
11 94 120 310 398 481 520 539 555 582 671 836
12 21 45 51 250 447 619 647 798 806 860 929 986
14 97 127 156 177 201 490 500 518 761 770 788 840 859 881
9 40 48 416 442 468 521 598 690 800
19 62 170 191 243 281 318 346 366 370 506 602 617 645 760 791 798 833 849 900
15 105 117 186 315 341 353 375 597 633 661 700 753 818 886 930
7 100 194 317 659 695 711 869
6 248 408 417 436 901 959
10 37 82 94 119 260 278 331 402 699 866
10 142 227 249 329 423 693 803 835 945 980
7 461 502 511 557 583 771 942
15 3 26 31 50 161 235 261 324 375 638 756 905 940 943 958
7 155 174 280 288 542 631 804
8 18 48 149 244 287 301 333 522
14 31 153 191 395 452 470 514 565 578 629 661 709 776 798
8 192 265 313 383 449 533 791 987
11 16 44 63 177 355 389 459 467 529 623 792
13 4 40 170 199 341 443 530 604 608 757 771 852 940
10 82 177 398 416 431 437 477 592 906 908
7 162 371 450 565 694 842 912
10 33 65 238 587 601 893 917 922 936 968
15 13 83 285 328 347 398 427 531 563 684 757 758 805 985 998
12 61 193 318 520 547 596 612 678 884 925 929 944
15 136 159 341 397 541 547 549 642 649 702 783 802 943 965 997
5 247 418 521 621 680
10 243 355 357 414 563 643 691 867 922 944
9 187 334 420 439 572 607 774 805 944
8 245 347 493 508 517 785 792 804
5 377 560 753 882 926
15 12 73 108 196 201 415 488 502 600 675 884 893 928 938 982
9 30 250 472 475 525 649 677 705 945
9 11 12 347 372 582 666 699 834 945
7 148 162 198 688 786 829 874
9 192 337 385 510 540 545 700 772 774
14 44 191 283 371 524 599 600 635 724 747 887 898 907 924
8 132 443 454 603 643 679 839 871
10 50 121 122 134 265 338 356 597 889 988
11 5 204 212 222 265 439 603 645 651 730 825
14 56 178 220 257 318 351 567 717 736 740 874 879 927 947
11 235 365 484 500 545 571 574 740 945 962 982
5 105 195 275 310 830
11 60 198 678 711 723 837 841 941 951 984 999
11 19 55 291 404 612 638 717 721 847 934 963
8 330 463 469 514 555 654 775 867
6 37 323 416 477 632 884
11 97 148 150 532 615 717 766 784 797 801 973
9 122 132 329 660 669 685 912 960 973
7 59 200 486 764 831 903 977
8 347 378 435 501 508 519 875 921
11 114 226 345 402 485 520 597 716 932 992 997
12 3 143 274 281 415 461 486 855 963 970 977 997
8 89 129 197 303 484 721 777 987
6 454 478 576 729 736 814
9 29 112 115 415 656 752 870 907 964
9 45 183 275 281 300 301 426 490 912
8 57 113 400 590 706 745 752 925
8 4 355 361 365 383 762 822 919
9 25 547 564 637 711 733 834 879 914
12 132 207 301 513 514 657 664 694 770 794 871 976
6 144 161 322 442 574 576
7 12 62 346 431 529 659 804
10 76 327 335 440 493 531 536 574 581 600
8 70 187 213 528 689 713 871 949
7 79 331 455 515 546 583 994
10 276 480 550 575 607 707 742 844 856 894
13 145 160 169 211 298 408 503 544 563 577 633 764 808
12 20 162 352 415 492 648 746 845 911 917 959 986
13 53 56 62 263 479 682 712 751 842 895 921 927 991
13 9 31 371 372 380 412 500 540 590 654 924 930 952
12 121 180 400 467 583 682 721 799 841 875 885 985
8 181 204 295 430 479 483 509 811
13 78 81 88 97 127 176 397 446 557 582 605 857 936
7 24 306 645 723 734 871 964
5 74 341 563 735 746
7 291 318 457 559 610 641 983
9 0 37 189 255 366 395 484 688 777
6 168 380 536 583 660 990
9 13 151 220 269 331 442 623 676 953
9 103 235 483 582 764 803 849 924 975
10 207 322 361 378 564 593 720 723 733 872
10 39 354 358 689 707 788 809 819 910 928
5 389 554 722 848 871
11 22 46 76 81 86 187 584 621 693 764 817
5 122 503 552 603 742
16 109 113 121 234 277 373 468 599 665 675 728 797 845 866 942 972
15 73 80 105 276 314 408 445 541 652 713 731 746 779 805 929
15 147 366 463 476 560 614 667 698 740 745 804 811 830 914 993
12 124 155 228 231 261 444 476 638 675 720 830 842
12 75 192 220 341 362 389 459 505 611 649 817 908
13 91 92 110 147 160 496 575 620 713 784 814 874 919
8 213 238 314 485 545 609 799 853
13 180 188 236 330 395 534 599 668 826 874 927 946 962
13 121 132 151 236 252 476 512 588 789 805 830 971 996
9 278 292 293 319 513 517 521 588 653
4 18 68 328 443
6 258 262 406 607 771 808
11 38 96 265 298 447 452 497 550 604 857 936
11 151 192 225 236 391 470 509 565 616 648 938
12 166 266 410 414 475 525 655 801 807 862 980 997
9 128 188 338 354 501 574 646 667 724
10 127 372 458 548 566 582 587 683 799 897
11 3 223 234 380 412 465 555 673 879 883 973
7 118 154 258 265 315 588 591
7 72 129 311 330 494 593 775
10 126 208 298 315 460 469 534 562 659 855
9 85 260 302 312 401 455 590 896 935
7 198 206 416 462 626 756 914
5 179 193 259 810 979
7 0 156 470 658 713 901 939
9 7 48 172 286 370 466 597 672 861
6 61 124 161 210 751 864
12 53 116 154 209 322 369 438 555 759 805 806 811
10 31 146 155 310 388 398 542 595 647 766
7 114 124 283 308 329 380 499
11 117 214 221 281 597 639 723 878 952 971 987
8 15 180 310 350 509 714 750 776
9 70 113 142 463 728 943 962 966 995
11 72 157 161 253 412 470 505 607 719 931 997
8 40 150 382 447 597 710 760 947
15 92 98 142 241 286 367 396 411 464 466 595 693 846 953 971
18 79 91 145 224 246 475 527 545 557 615 633 699 711 754 863 909 973 997
9 18 59 122 138 257 521 529 609 721
16 1 163 212 294 324 490 492 535 602 607 658 760 788 850 913 946
12 15 150 272 297 382 433 446 604 738 786 806 854
10 189 214 371 414 590 618 636 884 908 989
8 7 104 392 507 653 669 783 918
10 359 374 404 433 465 584 785 803 872 939
10 172 184 219 292 450 506 697 712 714 838
12 51 76 137 191 321 332 398 444 543 563 761 993
9 264 299 360 574 596 709 800 927 943
7 298 300 343 347 569 723 797
8 29 99 312 347 414 841 914 924
10 1 66 120 160 176 566 578 687 895 930
16 12 23 38 53 147 199 319 363 406 604 659 702 710 736 873 948
12 48 60 96 111 146 290 377 430 809 900 920 980
12 53 312 316 379 383 393 607 624 651 842 880 977
9 79 274 279 376 494 769 823 881 979
11 8 72 85 386 448 621 680 709 783 920 993
10 263 342 490 542 553 555 631 790 815 910
4 44 88 146 202
8 196 301 560 639 672 701 721 875
10 251 259 315 327 359 514 556 665 720 911
9 71 277 430 471 624 703 828 870 883
9 114 154 179 439 470 535 557 817 994
14 51 145 168 227 303 315 437 474 489 544 839 884 923 984
7 15 460 583 658 678 829 987
12 55 78 216 408 493 501 518 554 618 669 671 996
6 237 390 578 727 803 885
15 178 189 210 218 273 282 548 573 631 744 762 875 908 921 934
13 19 76 136 157 238 368 373 407 428 481 636 922 993
8 170 416 519 525 609 725 927 985
13 42 105 126 258 292 298 310 481 526 610 717 772 861
16 28 47 145 316 351 426 431 434 563 754 777 781 791 800 919 978
12 129 143 172 455 464 501 600 672 680 798 845 960
8 30 141 366 417 481 597 694 852
7 73 382 751 757 808 810 946
13 48 86 214 397 451 709 767 788 859 867 912 950 987
5 294 551 653 899 924
4 506 562 882 974
8 10 126 218 349 478 539 666 833
11 21 73 173 202 205 241 647 757 776 820 892
10 87 185 383 536 575 629 854 918 961 965
13 264 276 295 310 313 391 444 493 601 649 721 855 950
14 10 45 158 212 307 326 361 476 494 671 715 747 877 973
7 267 308 608 820 861 893 943
10 103 114 147 488 536 741 748 763 843 863
7 162 353 367 512 650 788 866
12 12 18 184 221 305 359 539 554 584 667 675 724
10 0 327 355 373 525 574 576 598 753 942
8 96 97 122 335 549 643 892 977
15 120 147 203 248 289 294 311 411 512 527 585 755 941 972 995
5 309 406 638 699 918
8 52 97 177 456 472 518 579 651
8 98 198 259 301 372 879 888 934
15 49 84 107 193 225 319 398 462 576 599 602 739 748 883 938
8 14 30 380 384 443 592 614 783
13 39 347 369 370 481 596 696 718 786 851 911 965 975
11 64 254 259 373 398 415 422 536 571 632 824
12 31 71 205 239 244 374 453 497 505 594 605 819
9 111 228 270 416 427 477 514 753 953
12 264 265 305 349 356 454 496 527 547 702 876 992
15 0 4 199 360 381 462 483 572 614 711 723 853 963 969 987
15 6 67 72 104 277 302 351 401 483 612 619 633 726 827 902
7 130 238 255 259 624 646 901
7 67 443 592 673 766 986 994
8 54 71 93 187 292 513 599 990
13 55 60 72 279 366 578 657 668 705 730 926 930 999
3 572 737 978
13 93 105 133 235 244 384 386 480 501 576 753 772 989
13 253 270 352 384 436 447 548 665 737 807 843 867 984
10 213 253 254 302 305 428 444 553 633 839
9 282 289 371 418 439 495 799 857 941
9 332 397 479 680 785 860 895 930 982
12 3 48 76 234 259 269 484 678 738 765 773 875
11 18 68 80 131 401 420 431 549 606 841 922
9 51 68 168 234 578 776 805 825 850
7 14 47 279 296 689 702 710
7 3 59 77 315 336 469 669
10 16 264 378 442 634 675 708 739 785 928
12 102 277 337 348 385 451 550 617 844 880 890 987
17 2 117 122 282 316 387 408 440 475 499 559 612 636 666 775 808 871
7 25 155 240 493 605 853 856
17 40 127 165 184 340 377 493 513 550 572 598 665 677 767 786 867 960
14 70 110 288 325 400 506 545 644 711 739 744 868 913 980
12 23 112 173 276 341 511 556 596 655 687 863 929
12 11 36 352 416 497 687 753 787 797 850 876 962
9 103 238 319 426 547 572 629 741 774
11 30 53 154 199 325 514 578 671 747 905 940
13 102 212 366 512 543 607 611 680 757 786 810 848 869
9 77 93 426 446 534 748 799 917 964
12 18 316 488 590 605 639 720 741 804 923 961 999
16 37 187 469 562 593 617 647 724 787 851 905 911 938 939 946 966
4 235 271 681 836
8 3 195 243 281 449 579 768 992
2 91 260
9 24 79 429 603 761 867 892 938 953
8 25 230 243 433 452 485 648 824
10 19 21 97 346 348 440 575 739 790 815
6 163 177 253 382 705 714
11 119 246 259 267 451 655 748 816 893 930 934
11 52 105 123 228 244 340 505 715 827 845 930
19 27 34 97 184 188 230 263 284 344 356 363 366 594 628 691 730 736 926 969
11 3 40 104 292 342 454 480 497 760 889 910
10 67 123 425 434 525 685 729 803 887 957
11 4 33 476 605 730 742 835 848 883 956 957
10 22 227 261 346 478 553 590 741 744 745
12 172 235 362 406 417 488 531 621 728 749 750 758
11 271 287 288 488 573 696 810 841 874 930 999
7 146 179 334 510 559 757 837
8 183 245 258 294 446 488 697 852
10 52 247 294 335 469 555 565 634 637 781
13 13 19 24 91 215 307 324 387 406 413 526 875 881
10 367 403 421 430 538 570 647 685 760 960
10 150 160 186 271 399 501 541 676 787 833
10 87 90 221 596 691 796 838 898 934 973
8 13 66 213 359 422 604 610 983
7 111 233 257 322 373 533 684
14 24 36 39 114 152 199 216 332 522 591 608 661 683 943
9 63 89 153 249 364 638 664 942 943
9 338 355 364 449 502 511 658 730 966
8 54 109 150 215 277 451 726 785
12 21 245 278 332 409 473 564 610 765 872 921 951
5 266 321 480 880 929
10 9 56 175 201 311 416 758 810 835 924
14 70 125 254 355 433 456 534 547 596 761 769 900 970 996
7 476 540 554 588 772 791 928
7 260 411 634 646 742 880 895
9 6 353 519 683 698 708 835 930 958
7 291 369 383 464 610 639 683
8 128 156 157 169 517 667 705 739
9 27 266 392 441 517 523 706 900 940
13 35 45 110 132 243 301 345 388 393 500 515 769 963
11 215 283 338 458 472 672 684 811 833 838 975
8 117 446 511 593 608 803 889 992
12 49 246 364 388 499 530 764 765 820 839 882 953
16 42 75 102 140 191 222 232 250 365 508 586 705 709 877 987 995
7 38 119 630 797 895 971 976
11 103 129 227 238 272 354 390 395 475 777 975
11 2 70 145 298 426 481 514 766 769 854 888
7 20 163 341 376 500 871 906
6 138 397 517 629 826 855
10 106 487 554 606 619 672 728 817 853 922
3 15 276 571
12 194 211 231 308 329 343 529 612 663 748 758 911
10 21 96 269 342 355 459 460 648 793 954
16 29 71 78 111 267 272 283 437 492 569 599 605 621 760 863 908
8 338 340 506 568 572 740 788 869
15 105 109 180 279 340 357 375 401 468 499 524 635 720 785 903
16 87 119 154 224 496 649 669 696 734 770 833 864 875 900 918 974
4 151 187 304 755
10 102 120 194 219 269 386 438 710 843 907
9 10 30 104 344 469 518 670 795 904
7 242 286 309 413 541 551 786
19 43 50 70 123 152 186 212 232 253 370 401 588 637 640 768 899 932 972 997
10 193 360 467 561 613 699 805 847 856 868
6 149 513 554 782 862 903
8 124 232 265 589 672 835 889 974
12 3 98 134 144 257 353 528 606 714 811 865 963
10 114 186 377 742 768 769 817 836 839 992
6 62 270 274 325 492 740
13 75 175 267 392 437 477 490 547 685 760 905 929 946
