200
3 34 75 127
1 189
6 6 19 43 69 81 148
1 141
4 25 131 139 169
5 8 57 82 84 145
6 2 92 22 53 59 141
4 88 28 117 174
7 88 5 46 64 71 122 182
3 36 83 151
1 187
4 15 22 60 138
3 28 138 172
2 63 193
4 62 66 130 144
4 104 11 32 135
5 56 154 164 170 172
3 47 63 169
3 105 76 171
4 90 2 113 33
4 95 115 37 57
3 37 48 151
4 88 6 11 49
3 58 164 189
1 197
3 4 63 188
5 97 73 158 161 168
5 119 130 29 57 189
5 104 7 106 12 31
5 27 40 52 158 187
3 45 74 82
3 28 57 179
3 112 15 190
4 119 19 62 166
4 0 99 42 175
4 86 145 41 63
6 93 9 130 166 173 175
4 108 20 21 194
3 56 70 199
3 150 45 84
6 86 89 105 121 29 176
6 102 119 120 35 66 185
4 34 61 71 172
2 2 67
2 79 81
5 85 93 30 39 197
4 86 8 138 70
2 17 172
3 21 167 183
2 22 80
4 85 107 109 164
3 124 126 52
2 29 51
6 87 97 100 6 149 166
5 110 126 143 71 181
2 87 147
5 16 130 38 181 184
7 5 123 20 27 31 67 74
5 23 145 76 167 174
3 6 111 82
2 94 11
5 106 111 119 42 190
4 14 33 159 171
6 107 112 13 17 25 35
4 97 8 79 196
2 152 83
5 113 14 125 41 160
4 104 127 43 57
4 99 162 194 199
2 2 122
5 115 137 38 46 191
6 8 125 42 54 173 188
1 125
2 97 26
9 89 123 128 132 30 149 57 184 76
3 85 0 140
5 18 132 58 74 195
3 85 88 120
5 154 155 156 169 192
4 99 44 64 199
3 132 49 178
6 2 124 44 170 183 186
5 5 30 165 59 199
4 9 111 149 65
3 94 5 39
6 45 50 75 77 140 166
5 35 40 46 89 96
5 53 55 138 142 147
8 7 8 22 77 103 113 136 189
4 86 40 74 194
2 19 107
6 114 130 149 152 170 173
2 6 123
4 36 45 129 143
5 60 84 142 148 199
4 20 113 133 192
5 86 101 138 157 165
5 26 53 64 73 166
1 151
3 34 68 79
5 53 119 148 153 191
2 96 121
4 41 118 120 173
3 88 150 184
3 15 28 67
3 18 40 149
4 28 61 138 151
4 90 50 63 152
2 37 141
3 50 161 183
6 54 118 120 144 147 158
5 59 61 83 134 141
3 32 63 118
7 88 95 19 66 117 188 191
4 91 142 174 197
3 20 70 161
2 139 174
2 7 113
4 102 110 112 174
5 100 27 33 41 61
5 102 110 41 77 129
3 101 40 128
2 8 69
4 92 57 74 131
2 51 81
5 66 71 72 146 152
4 51 54 127 190
5 0 126 67 146 162
4 121 74 138 169
3 93 120 195
5 91 14 27 36 56
4 4 123 146 199
4 74 76 80 154
3 95 136 143
1 111
2 15 150
2 88 133
2 70 169
7 87 96 106 11 12 128 46
6 4 116 153 155 166 183
4 85 75 148 153
7 3 6 108 111 180 184 193
5 87 94 114 170 183
3 93 133 54
3 110 14 172
3 5 35 58
4 125 127 131 191
3 87 110 55
5 2 94 100 140 179
5 91 105 53 74 83
4 103 135 39 162
6 98 106 9 21 165 184
5 91 107 125 65 198
3 100 139 140
6 16 132 78 156 157 179
4 139 78 157 160
4 154 78 157 195
4 96 154 155 156
4 110 26 29 195
3 62 187 195
2 155 66
4 109 115 26 170
4 127 150 68 181
1 179
3 16 23 50
3 96 151 82
7 85 97 139 33 36 53 178
3 48 58 196
1 26
5 4 17 128 137 78
5 91 16 142 161 81
2 18 62
5 12 16 144 42 47
4 91 102 36 71
6 7 114 116 118 58 175
3 34 36 174
2 40 199
1 196
3 166 80 197
4 31 148 154 163
2 141 182
3 162 54 56
3 8 180 192
6 109 139 142 48 81 199
5 103 141 151 56 74
2 41 194
2 81 199
3 10 29 159
3 113 25 71
4 88 1 23 27
3 126 32 61
4 100 113 146 70
3 95 182 78
2 13 141
4 89 37 68 185
5 129 156 158 159 76
3 167 64 177
4 114 24 45 178
1 152
9 94 131 38 68 176 183 186 79 82
