100
1 24
3 59 24 90
4 21 37 49 77
1 20
1 24
2 14 67
1 67
3 62 70 95
3 45 55 77
5 59 26 45 49 54
2 80 99
1 89
3 62 82 85
1 66
2 5 26
1 72
3 70 36 77
1 54
1 36
4 65 71 49 55
4 3 67 55 73
8 2 30 40 42 43 47 86 95
2 36 46
2 62 43
6 0 1 4 67 79 38
1 54
5 9 14 48 50 83
2 51 58
1 58
1 66
2 21 90
2 67 84
2 60 82
1 90
3 73 45 54
2 78 36
6 16 18 76 22 35 47
3 2 81 82
2 24 40
2 63 46
3 60 21 38
1 88
1 21
2 21 23
2 67 68
3 8 9 34
2 22 39
2 21 36
3 75 26 85
6 2 63 9 19 96 97
2 26 54
3 27 84 87
1 55
3 85 89 90
6 9 17 25 34 50 57
6 8 19 20 76 91 52
1 96
3 92 94 54
3 27 28 97
6 1 9 66 82 88 91
3 32 40 80
1 90
3 7 12 23
4 39 49 93 98
1 77
3 19 72 86
4 59 13 29 80
9 5 6 20 24 31 44 83 84 94
2 44 93
1 96
5 7 16 83 90 92
1 19
4 65 15 73 80
6 72 20 34 74 77 81
1 73
1 48
2 36 55
6 2 64 8 16 73 80
1 35
1 24
5 60 66 10 72 77
2 73 37
5 59 12 32 37 97
4 67 70 26 89
3 67 31 51
3 12 48 53
3 65 21 91
1 51
2 59 41
3 11 83 53
7 1 61 70 30 33 53 95
3 59 86 55
2 70 57
2 63 68
2 67 57
3 7 21 90
3 69 49 56
3 82 49 58
1 63
1 10
