1000
16 16 61 88 92 133 203 220 486 505 546 562 805 822 900 966 978
5 456 543 548 557 832
5 230 305 349 530 670
9 13 229 251 254 603 741 929 946 978
10 187 301 413 420 596 640 908 946 974 983
11 134 251 305 467 544 630 660 689 717 801 994
9 86 158 279 404 739 849 880 927 943
12 23 256 408 425 683 709 770 775 781 814 890 935
3 157 892 996
5 34 63 88 143 535
8 164 294 352 524 683 822 883 922
8 32 73 187 359 369 501 736 888
10 239 285 331 495 729 750 799 809 840 895
8 3 157 235 330 541 554 570 950
5 117 125 501 906 959
6 210 216 325 430 440 764
10 0 41 126 166 167 168 239 321 328 426
13 47 97 186 381 412 494 511 570 594 834 852 936 969
11 21 36 168 329 419 747 826 828 905 913 926
7 154 444 507 529 579 830 912
12 134 183 405 417 485 531 677 771 784 786 874 977
17 18 94 209 253 355 446 501 503 559 607 661 770 827 868 882 923 981
7 124 337 549 647 888 905 966
13 7 97 184 230 270 370 570 589 633 802 860 902 942
10 83 87 124 146 273 465 497 546 697 908
9 115 167 257 353 388 542 671 700 725
13 70 90 137 162 220 262 320 504 529 558 644 856 927
6 81 140 336 360 596 624
9 131 247 284 290 320 340 689 766 784
9 45 134 277 387 531 537 701 752 799
11 51 131 227 435 464 546 617 636 787 876 959
5 535 698 842 844 954
14 11 66 120 376 381 412 520 525 674 714 833 913 976 981
11 252 271 313 352 498 538 606 724 745 950 968
19 9 85 129 131 201 228 253 306 416 423 442 468 482 710 731 789 828 841 862
12 37 130 320 343 428 463 486 550 651 710 858 992
8 18 280 284 292 374 651 891 953
12 35 68 81 207 389 546 607 661 700 716 805 887
11 232 293 319 370 452 466 597 677 679 690 728
11 162 200 300 306 601 612 677 798 824 917 967
8 74 339 356 373 560 650 874 997
15 16 142 305 391 443 486 538 663 704 833 840 869 920 945 961
8 233 369 457 567 599 780 902 972
14 165 172 178 220 278 429 500 542 568 690 740 756 769 915
7 164 179 496 612 747 753 831
15 29 91 120 124 128 195 222 329 355 484 531 543 626 896 897
6 126 181 267 533 718 910
7 17 390 568 577 623 886 896
13 87 122 221 321 409 518 546 578 592 639 766 810 889
10 118 163 296 383 448 584 591 592 628 826
8 271 354 390 391 654 747 750 907
17 30 75 87 89 238 334 372 385 394 496 514 523 524 560 649 680 870
9 266 294 373 514 579 627 816 973 988
17 126 188 252 278 317 434 451 619 648 653 720 793 794 898 916 959 976
9 110 165 457 497 546 555 639 709 754
11 105 422 498 570 572 582 635 766 909 946 947
10 68 171 250 427 537 548 698 725 749 844
11 70 155 168 316 345 382 389 485 526 685 732
9 265 471 525 550 613 624 733 838 990
8 303 329 338 378 748 750 800 909
14 91 187 228 245 334 432 520 551 627 727 740 828 916 951
17 0 101 131 189 318 370 386 527 564 644 672 678 857 859 927 954 967
13 67 155 342 434 563 731 758 761 839 860 867 893 996
13 9 68 93 101 108 152 448 450 454 617 619 870 899
7 194 202 210 643 673 689 722
7 343 384 636 787 900 927 956
10 32 87 316 319 364 705 759 832 909 972
10 62 167 195 263 413 598 824 826 929 959
15 37 56 63 89 105 194 232 304 472 479 499 589 900 942 947
9 76 492 691 710 724 725 795 869 934
14 26 57 163 437 492 542 612 620 625 684 724 743 825 939
8 233 240 242 538 563 580 583 670
6 125 372 419 730 970 984
10 11 81 238 478 499 660 730 821 944 984
6 40 212 494 757 952 996
14 51 124 195 274 317 430 594 676 689 733 783 879 920 982
9 69 239 252 290 411 414 694 778 969
12 80 284 329 362 379 482 484 494 661 700 799 909
8 220 281 414 532 739 754 778 846
10 154 240 249 293 507 535 613 803 823 856
4 77 196 756 859
9 27 37 73 265 283 301 314 431 829
8 224 250 371 374 399 649 827 912
12 24 172 202 216 236 498 559 582 845 897 901 930
12 231 328 340 352 442 444 464 484 495 518 545 744
7 34 307 406 672 752 770 967
10 6 104 112 296 413 428 597 706 824 965
10 24 48 51 66 263 342 468 496 663 850
9 0 9 152 204 260 370 612 742 961
12 51 68 483 598 606 646 659 671 714 847 966 970
12 26 158 220 229 282 316 346 565 615 719 792 952
9 45 60 182 184 208 234 271 277 808
8 0 355 472 570 604 767 850 926
16 63 198 230 301 347 405 476 533 566 628 717 765 812 859 876 953
14 21 134 311 321 490 529 590 630 739 801 844 936 964 999
16 126 128 139 148 183 205 235 275 291 315 336 380 394 419 666 922
8 139 184 223 661 720 881 953 966
10 17 23 114 230 239 260 492 599 687 894
8 107 163 184 214 333 626 833 956
9 244 261 360 401 581 608 861 969 986
6 215 529 535 570 881 933
11 61 63 148 181 198 280 391 729 865 904 923
12 105 198 407 479 540 543 602 631 670 722 902 999
11 132 183 550 557 579 624 661 724 760 855 896
9 86 200 329 339 430 460 701 872 936
13 55 68 102 274 387 440 559 608 656 687 721 916 994
11 251 324 428 443 545 548 592 599 835 893 913
8 98 288 479 504 541 710 757 919
5 63 233 622 660 703
10 331 347 417 559 670 707 823 833 919 935
12 54 224 408 497 517 538 694 713 784 935 990 999
12 125 183 250 290 298 518 590 723 738 884 910 920
7 86 158 160 204 548 777 836
15 147 217 241 245 272 327 393 554 581 638 702 742 768 963 978
10 97 310 317 350 523 537 602 718 727 907
12 25 288 528 530 599 686 703 819 872 911 929 984
6 285 384 766 846 881 954
10 14 118 276 289 425 695 735 740 779 955
11 49 117 168 225 247 592 721 792 795 874 971
9 159 166 206 254 263 277 548 730 770
8 32 45 200 230 371 390 636 830
11 126 174 306 358 405 424 529 692 748 910 919
7 48 129 136 235 311 512 577
4 308 333 391 970
12 22 24 45 75 280 448 640 759 766 777 889 919
15 14 72 111 130 155 183 229 284 323 517 663 718 758 806 807
15 16 46 53 95 121 143 185 271 337 516 602 687 706 887 937
11 246 366 369 394 413 434 505 526 656 759 831
7 45 95 318 392 686 824 953
12 34 122 130 204 269 315 329 454 667 816 916 921
8 35 125 129 181 834 906 935 951
14 28 30 34 61 201 208 215 338 371 448 707 899 970 972
14 103 208 297 416 422 449 486 533 603 810 817 845 868 882
11 0 139 140 349 357 464 745 754 779 807 859
10 5 20 29 94 200 283 288 331 477 548
9 317 426 541 692 726 727 784 810 931
10 122 233 402 432 487 529 592 678 932 944
5 26 416 446 538 560
11 147 267 311 452 478 537 577 676 690 719 834
11 95 96 133 294 301 346 411 422 655 757 853
6 27 133 200 322 521 568
7 150 245 251 603 619 658 724
9 41 295 325 386 526 532 650 716 971
18 9 126 168 195 455 461 469 498 758 786 790 799 823 827 853 883 889 948
4 371 392 402 489
13 221 247 272 337 484 549 558 565 627 757 886 903 996
9 24 193 275 279 539 649 658 750 783
16 113 138 156 161 197 300 311 325 398 410 531 598 669 712 749 757
14 95 101 389 400 507 523 529 702 793 847 876 955 964 989
6 158 174 233 703 831 959
9 141 236 241 447 602 673 780 821 938
6 500 546 607 623 674 878
5 63 88 247 521 583
2 694 958
8 19 79 232 368 471 611 840 914
11 57 62 125 210 243 338 357 416 756 948 953
10 147 265 266 382 537 544 545 688 690 793
12 8 13 190 330 353 469 507 568 587 689 771 932
16 6 90 112 149 203 270 292 430 641 706 722 726 775 945 955 968
8 119 367 491 887 895 912 963 979
14 112 274 354 424 425 457 479 576 580 638 656 669 863 999
10 147 200 241 323 387 595 672 721 872 951
10 26 39 201 289 381 490 617 631 708 896
11 49 70 98 194 355 646 688 745 771 878 972
8 10 44 215 262 307 389 509 878
12 43 54 431 442 557 627 643 754 782 865 957 980
5 16 119 214 510 987
17 16 25 67 400 402 483 484 496 529 562 597 601 621 709 722 748 918
11 16 18 57 118 143 265 483 489 584 641 911
9 209 222 256 359 442 601 625 817 914
8 367 551 566 593 727 776 865 996
9 56 308 417 473 527 602 647 804 996
9 43 83 449 488 566 711 854 915 993
9 370 482 544 607 761 783 785 919 944
15 121 149 278 352 398 443 567 606 759 851 859 889 896 925 929
8 181 244 301 348 380 619 761 799
5 288 590 699 781 878
12 231 295 304 403 457 533 669 743 882 908 968 979
10 43 182 581 641 659 792 814 815 924 955
10 44 204 339 483 526 556 733 826 888 921
6 256 335 583 646 665 731
15 46 101 130 175 309 361 405 427 443 483 521 544 685 723 991
10 91 178 408 414 448 532 787 859 887 994
14 20 95 103 111 125 323 417 429 506 547 843 873 947 989
10 23 91 96 98 434 437 525 587 820 845
8 126 276 393 404 459 479 673 805
6 17 427 445 633 639 928
13 4 11 60 229 344 423 505 543 632 771 802 946 989
8 53 265 308 499 642 807 931 972
12 61 220 279 450 471 516 545 556 567 686 810 959
7 157 265 360 675 688 784 954
7 224 297 391 604 865 905 961
8 458 560 595 600 666 778 900 913
13 146 198 251 293 361 465 499 574 585 638 759 772 827
11 64 68 163 289 305 351 372 583 590 690 858
14 45 67 75 143 250 256 291 338 473 522 652 781 917 949
6 80 593 734 904 923 935
9 147 378 387 411 430 443 740 778 940
9 93 101 102 193 255 356 375 544 895
4 210 375 589 705
13 39 104 120 134 140 161 335 378 541 612 621 672 991
13 34 131 162 241 245 307 423 445 509 548 578 685 886
15 64 83 296 317 381 408 503 553 579 587 610 702 740 954 959
9 0 158 303 343 410 422 447 661 666
14 88 112 129 179 243 519 664 692 772 826 829 843 899 967
12 95 221 303 389 408 436 484 511 720 863 864 959
12 119 316 380 394 399 430 487 548 583 641 850 962
9 37 312 346 530 541 645 912 969 998
11 91 131 132 283 418 428 542 618 674 861 886
12 21 169 211 277 441 495 535 672 679 852 915 944
13 15 64 155 199 223 284 462 496 539 616 676 876 981
11 209 226 244 397 454 535 584 591 708 744 927
4 74 791 956 958
10 276 349 645 702 809 838 870 886 924 989
15 98 166 229 260 329 569 642 691 749 839 856 879 908 929 981
10 100 131 164 336 453 562 654 716 782 970
10 15 83 266 268 505 522 545 876 888 914
10 113 227 241 590 612 636 670 793 807 988
9 392 397 416 498 549 675 749 819 941
13 275 278 529 581 648 774 796 892 908 921 951 961 982
14 0 26 43 78 90 189 287 443 445 481 544 693 940 943
11 48 145 205 260 264 595 678 748 782 914 972
8 45 169 233 366 396 423 432 826
12 96 210 242 399 608 628 638 678 736 852 947 966
6 82 110 191 263 702 883
6 118 356 580 683 835 848
8 211 311 404 526 559 589 662 926
12 30 217 362 479 582 608 668 710 731 780 811 906
12 34 60 245 444 589 640 647 748 819 844 865 949
12 3 90 125 187 214 321 342 512 679 899 914 955
13 2 23 93 97 120 260 378 435 526 546 660 801 806
12 84 177 244 248 324 388 492 579 589 714 916 961
12 38 68 154 487 583 590 597 677 697 722 768 979
13 42 71 108 136 149 222 390 628 668 776 808 914 954
13 91 336 339 343 440 456 500 637 640 663 674 778 840
10 13 95 122 292 403 408 487 666 688 765
13 83 150 342 446 462 608 611 652 698 723 758 787 807
7 264 365 395 674 724 897 945
8 51 73 243 372 421 638 786 893
11 12 16 76 97 342 493 717 775 870 874 983
7 71 79 269 291 398 578 669
18 113 150 161 201 217 247 294 418 521 576 599 602 643 646 716 756 759 836
6 71 223 810 859 892 957
9 155 204 238 365 447 492 561 815 904
6 99 175 211 231 483 946
13 60 113 141 201 228 339 526 532 712 781 902 932 934
9 127 307 382 506 542 617 619 655 829
11 28 118 145 152 241 251 292 324 458 549 750
6 231 399 529 642 706 959
9 79 264 284 516 559 563 733 827 945
14 56 82 111 195 328 478 516 732 760 795 800 805 913 975
13 3 5 106 141 193 247 282 501 700 793 868 945 964
7 33 53 76 419 546 771 997
6 21 34 261 508 531 708
9 3 119 406 452 466 568 779 793 998
8 198 300 413 588 722 859 863 988
16 7 169 180 195 327 347 390 392 434 506 555 719 760 790 800 930
6 25 431 462 478 528 860
2 265 814
8 387 437 478 509 510 710 802 990
10 88 97 214 221 230 290 400 929 940 965
7 99 253 413 527 745 775 783
11 26 164 279 288 307 589 706 711 767 856 881
12 67 87 119 224 283 445 509 665 711 780 838 984
8 221 237 249 409 766 954 992 993
12 58 81 156 168 188 190 258 500 514 864 935 988
15 52 156 216 322 371 466 499 563 609 686 745 811 819 902 944
9 46 138 269 520 729 822 871 913 931
5 216 305 342 541 766
15 129 240 267 286 296 358 432 484 623 668 726 760 770 969 985
10 23 158 460 528 586 646 656 704 709 905
12 33 50 91 126 504 515 590 676 733 737 823 882
7 113 145 355 542 578 818 919
11 24 312 390 417 493 498 524 603 702 911 924
15 75 105 160 364 502 587 610 673 766 798 808 861 888 939 950
5 95 146 219 431 537
9 117 185 213 474 602 613 629 784 908
14 29 91 119 209 469 507 533 582 650 807 935 951 971 994
9 43 53 174 219 351 463 655 871 952
13 6 146 189 262 375 441 546 606 650 759 822 848 854
13 36 101 124 320 544 571 585 688 740 746 775 869 962
10 78 519 528 669 671 759 777 809 862 972
8 90 251 450 647 670 806 870 927
12 81 134 208 263 298 321 450 465 541 637 641 775
13 28 36 77 125 210 249 317 420 682 763 784 866 979
12 12 116 304 348 522 539 545 698 716 923 945 958
10 269 467 488 504 513 566 634 642 646 716
13 220 374 436 580 599 625 778 808 854 883 942 955 972
10 107 115 134 176 262 390 399 403 690 777
8 117 162 194 373 552 707 737 858
10 28 76 111 260 406 514 639 694 701 926
9 95 195 240 444 508 528 575 832 973
18 36 158 235 247 293 310 405 481 526 566 568 581 736 747 796 823 845 959
19 38 79 193 292 319 446 447 476 488 529 704 739 744 883 910 919 937 938 987
10 10 52 139 241 336 537 618 672 693 832
14 142 177 309 331 352 411 492 512 599 620 647 837 905 970
9 49 86 202 269 352 474 620 753 974
8 132 191 394 421 434 526 668 959
12 111 283 325 329 382 524 553 559 763 765 777 943
7 323 360 497 580 729 746 944
11 39 147 255 424 460 551 567 770 905 916 959
10 4 81 93 139 175 487 644 669 776 894
7 324 383 385 678 702 827 834
8 59 203 205 724 818 928 954 988
7 68 177 285 566 570 774 844
9 2 5 41 194 268 326 596 597 885
9 34 39 121 471 481 585 820 911 953
11 85 164 201 246 262 317 399 639 788 831 864
8 123 171 188 346 474 699 725 827
9 181 295 511 702 754 773 798 979 995
5 114 292 380 560 986
8 94 122 138 147 226 313 524 693
7 207 273 463 542 638 871 897
2 33 311
8 81 365 424 425 454 896 897 973
13 95 129 353 458 506 540 592 623 755 800 850 875 883
11 57 66 90 206 387 563 707 784 812 817 907
13 53 75 114 135 202 284 307 428 553 554 612 819 933
12 61 128 341 349 369 372 509 773 792 813 858 894
9 38 66 293 467 646 668 682 895 979
10 26 28 35 280 464 512 623 810 871 970
14 16 48 94 229 283 490 609 646 699 718 760 833 902 923
8 140 266 361 425 504 579 797 848
6 125 161 183 299 595 932
13 106 231 247 302 441 500 575 614 729 784 833 870 926
8 15 142 147 298 532 579 710 894
6 305 507 654 716 908 925
12 113 256 351 407 425 457 578 716 775 794 810 997
10 16 84 250 371 386 508 712 802 861 988
16 18 45 59 77 104 129 214 298 367 419 521 573 691 694 904 973
9 13 157 389 440 485 509 683 693 866
8 12 109 134 295 392 573 682 966
8 345 442 586 674 747 844 892 905
8 98 123 354 669 731 768 817 976
4 51 60 406 680
8 180 200 372 384 440 508 631 779
13 27 95 215 234 294 392 485 508 524 828 891 958 996
11 22 126 145 338 373 399 789 864 913 953 996
10 59 131 155 195 337 525 588 624 901 960
14 40 104 179 234 245 366 448 554 579 602 652 862 929 965
5 28 84 453 700 974
8 318 542 563 591 759 779 854 927
11 62 87 229 236 239 268 355 436 629 692 779
16 35 65 203 234 378 452 501 540 601 620 657 679 683 726 755 787
6 187 515 602 620 658 946
5 57 332 648 964 970
11 90 139 207 308 453 597 637 685 716 733 758
8 93 109 256 642 649 742 899 921
6 175 285 503 584 680 827
12 2 133 213 318 383 493 595 630 761 769 913 965
5 114 380 556 655 822
8 194 278 327 737 761 798 868 963
12 10 33 84 174 295 296 356 455 648 685 698 934
9 25 157 315 374 610 695 784 842 973
8 50 160 333 456 462 686 826 920
16 21 45 92 163 272 342 396 433 578 587 636 717 748 790 986 999
10 40 198 225 352 509 692 870 900 917 939
10 133 155 415 432 504 627 643 717 863 916
5 121 269 469 556 648
10 11 169 368 397 547 643 684 774 817 862
13 27 99 190 299 400 439 544 580 695 780 821 838 851
10 181 193 322 393 572 702 817 819 837 934
10 77 227 449 493 622 643 671 747 824 850
4 477 574 821 936
9 66 274 387 607 733 739 753 908 975
9 237 243 314 437 676 750 754 815 984
8 127 222 339 474 522 544 703 873
11 159 170 329 427 435 595 665 701 818 922 995
6 154 359 511 612 691 868
9 11 42 127 318 550 600 687 934 950
13 23 38 61 88 173 467 525 597 938 943 961 997 998
10 82 120 131 144 266 328 643 697 701 735
10 51 72 194 238 318 335 507 535 729 848
18 40 52 289 337 382 426 603 661 674 692 747 841 848 894 900 903 928 933
11 36 82 287 353 471 579 624 816 854 885 964
7 198 199 279 416 626 714 960
8 32 405 659 734 749 789 921 996
6 448 522 550 604 620 996
11 59 197 200 230 343 460 529 559 674 802 945
7 77 467 469 545 787 880 881
6 95 175 206 310 350 863
11 17 32 162 202 474 513 630 690 771 839 922
7 57 156 246 298 373 407 679
10 49 302 349 460 565 609 652 684 847 969
8 65 116 335 550 566 592 657 869
12 51 302 405 496 576 653 667 682 773 819 835 992
12 61 142 328 388 396 464 549 595 814 921 960 990
10 29 105 161 197 259 316 364 434 710 825
9 25 231 386 393 545 649 712 793 997
11 37 57 148 164 205 330 430 576 636 741 905
11 47 50 120 233 256 273 288 628 772 915 968
12 41 50 101 123 191 445 464 487 618 726 880 927
11 128 144 218 256 331 336 552 591 617 857 964
7 113 185 361 388 520 727 859
17 51 95 127 206 297 432 452 459 472 474 539 671 687 777 895 953 968
5 237 517 679 762 996
9 222 355 386 398 520 584 663 748 937
10 211 218 359 432 434 564 693 756 929 951
10 147 174 240 396 440 493 600 701 895 966
11 82 206 223 248 288 307 337 612 639 841 923
8 148 167 260 360 607 713 853 993
9 99 446 466 484 626 759 768 782 853
8 136 144 167 503 527 694 717 929
9 177 235 288 437 479 492 496 597 657
11 6 185 226 418 425 527 654 699 733 750 988
13 20 93 121 181 292 376 385 431 481 507 602 699 850
11 85 254 290 334 591 611 632 733 783 912 957
8 102 327 382 450 685 704 888 903
12 7 110 182 202 205 235 636 678 735 779 798 799
8 48 264 429 605 669 694 824 994
9 147 203 421 456 480 596 705 905 954
8 76 139 197 295 441 588 697 888
6 17 32 827 862 872 948
12 4 67 86 127 255 261 533 682 684 927 960 972
10 76 78 182 489 491 577 581 710 754 949
7 357 419 548 628 811 931 992
15 34 132 137 155 218 375 480 515 537 579 637 644 858 941 948
9 20 109 171 183 273 488 535 558 768
11 208 241 404 515 569 609 786 904 907 985 993
13 18 72 95 252 329 415 481 601 684 750 833 848 978
7 4 284 506 588 725 874 923
8 238 297 410 512 571 683 691 734
9 55 132 139 203 448 616 620 703 761
11 34 187 201 222 465 479 496 615 625 801 815
11 121 160 300 314 500 537 696 741 870 962 994
15 7 117 160 314 322 327 404 503 543 594 631 646 708 878 972
7 16 135 373 480 764 775 807
9 56 181 186 367 561 667 674 745 918
8 35 86 106 208 317 522 699 993
7 43 183 409 589 677 843 875
16 15 75 104 158 197 206 389 479 482 502 600 635 801 886 938 987
12 81 165 257 275 405 455 474 532 540 609 749 910
19 60 136 222 269 357 394 397 531 534 546 601 715 766 797 823 865 881 956 990
9 355 448 504 524 541 754 769 788 997
15 53 62 127 184 256 297 387 397 591 592 604 609 665 889 933
9 30 230 367 463 532 658 849 866 935
10 205 287 342 507 654 727 785 877 893 998
7 70 184 259 365 403 439 469
4 737 789 846 892
9 360 437 483 494 507 508 712 852 947
14 15 105 234 330 335 398 537 593 668 738 785 787 956 977
7 209 279 324 411 723 816 836
12 34 84 165 169 332 616 637 650 692 957 966 985
11 41 106 174 181 197 220 823 885 910 939 997
8 19 84 228 291 608 643 742 865
14 186 201 220 263 391 446 547 550 558 572 614 853 886 928
16 21 137 236 293 401 445 546 615 635 660 690 766 786 839 947 972
11 150 203 243 293 501 564 593 694 706 854 875
15 49 63 124 131 182 339 377 422 433 489 501 679 848 858 888
8 132 172 362 498 583 587 645 989
10 63 189 282 283 407 458 491 595 703 715
5 53 519 544 724 898
10 38 138 254 343 394 507 685 704 877 958
11 215 340 346 467 519 523 680 753 777 970 980
12 63 129 211 314 519 534 571 613 661 854 884 936
6 143 352 431 676 683 836
8 1 234 354 410 473 568 597 772
6 42 54 160 177 327 471
10 192 247 315 450 740 799 853 867 889 980
6 185 394 710 742 923 933
12 104 270 300 378 383 468 478 519 793 801 842 939
2 143 464
7 210 236 257 354 489 575 798
8 35 278 312 435 470 564 570 904
11 30 84 133 320 386 391 461 733 777 844 892
9 24 193 283 423 513 768 871 920 945
8 38 254 266 401 593 628 630 885
8 5 286 319 370 379 453 803 880
7 34 87 460 635 664 670 696
16 143 157 277 358 379 437 575 578 634 700 723 750 767 817 909 953
5 463 636 840 916 955
16 58 154 189 306 374 457 497 503 510 640 664 690 700 765 937 982
13 68 92 394 483 495 506 508 623 742 844 860 865 931
9 171 195 456 534 711 742 871 917 985
9 276 296 308 366 381 394 431 511 849
7 569 585 589 601 626 670 871
6 93 293 616 684 735 829
4 134 363 893 950
14 73 138 250 257 259 460 527 675 720 889 902 908 968 978
15 68 102 107 160 185 227 403 423 430 559 560 688 769 896 910
10 410 416 426 556 579 582 644 675 899 975
11 220 292 306 405 419 660 733 739 825 854 919
8 34 77 173 430 485 646 809 927
16 89 167 168 179 181 244 439 472 517 624 659 781 783 851 932 981
13 45 77 84 145 167 205 269 401 513 594 637 794 971
8 20 57 330 336 482 506 898 925
9 0 35 41 132 487 721 770 779 849
12 136 206 232 235 301 391 486 570 590 714 752 966
7 172 286 293 417 564 670 817
12 144 168 414 448 462 491 496 534 623 663 676 934
7 94 162 321 516 683 778 903
11 159 414 450 489 494 578 581 769 816 877 932
12 69 70 97 231 243 295 403 580 745 750 824 917
7 239 273 349 362 398 622 837
14 17 74 77 439 491 562 613 620 622 704 759 897 964 973
6 12 84 209 472 753 914
13 44 51 87 167 210 385 403 423 489 551 678 911 965
10 24 54 110 299 471 548 552 660 844 918
10 33 55 83 143 218 273 449 511 687 944
7 68 73 188 193 266 653 962
8 43 151 234 265 324 424 656 804
8 11 14 21 251 343 447 448 960
8 274 430 604 699 720 894 932 955
14 21 202 348 402 425 471 526 658 684 699 703 737 822 851
7 26 107 271 286 322 357 433
10 0 127 187 216 556 640 691 701 845 959
12 183 246 256 315 420 472 485 699 917 941 945 970
13 19 79 148 157 277 326 372 405 436 439 452 919 955
15 253 291 328 335 336 439 472 592 598 655 748 787 795 892 951
17 164 201 259 263 318 330 356 598 609 635 798 815 823 863 875 983 997
6 166 259 471 691 713 860
7 17 205 309 368 474 498 951
11 122 229 295 320 421 622 636 662 671 729 771
8 286 381 465 484 603 822 941 999
10 51 52 265 290 535 635 676 762 820 934
5 271 344 416 418 958
13 126 189 249 250 490 608 613 668 690 702 710 727 922
6 110 125 395 483 654 719
10 48 84 111 656 660 687 755 784 885 965
11 204 281 451 453 454 460 591 664 666 892 979
9 32 60 267 393 396 768 828 845 942
11 140 152 181 241 329 658 731 866 891 925 942
9 195 216 285 366 377 428 769 785 852
7 51 114 148 453 588 716 888
13 10 51 273 298 311 336 433 550 552 661 696 820 922
8 32 58 184 338 370 688 813 898
16 57 127 142 179 226 230 245 292 297 503 596 642 655 875 935 965
10 61 171 261 402 404 478 712 775 934 950
10 115 257 270 281 291 554 602 654 714 738
21 19 26 94 100 121 136 148 167 219 248 293 378 604 683 694 700 704 766 791 937 988
13 2 115 207 571 593 685 722 755 826 886 949 967 970
10 20 29 45 147 253 432 624 790 886 995
10 78 142 182 245 325 431 435 728 823 943
12 46 93 132 177 277 413 561 638 685 777 864 974
5 432 454 473 489 809
17 9 31 79 100 209 211 372 417 514 557 588 606 724 760 789 829 925
6 596 708 779 786 894 969
15 29 56 114 138 156 275 294 416 424 440 678 722 768 901 953
11 33 41 71 110 137 634 732 763 839 909 932
6 146 210 285 394 848 866
8 102 315 343 431 623 703 836 981
11 13 107 135 200 207 268 283 433 605 709 955
15 25 43 70 208 246 272 312 341 587 590 643 755 756 763 940
8 1 45 102 187 425 569 799 907
16 5 156 173 181 198 220 280 360 366 451 633 666 792 810 865 890
10 84 106 156 189 216 285 379 388 848 900
16 0 24 30 37 48 54 151 230 252 279 432 446 641 697 731 749
7 183 359 445 637 732 912 945
17 1 56 106 112 119 134 201 206 415 497 611 621 646 869 888 920 921
11 22 145 218 247 386 590 619 778 881 918 950
14 35 58 103 369 377 384 445 524 626 637 669 771 895 900
9 60 170 300 496 602 763 830 921 933
7 289 392 497 524 758 795 924
7 202 298 317 680 705 757 871
12 13 113 317 339 528 563 579 746 812 853 867 966
7 54 256 823 907 915 932 946
11 179 189 350 358 480 505 622 677 726 746 828
9 1 103 165 535 578 658 719 734 985
12 26 145 417 445 559 569 574 592 598 897 962 987
14 21 83 105 109 226 249 298 378 479 558 574 613 851 950
9 40 51 137 192 310 479 602 653 936
8 243 427 533 573 831 845 882 936
9 0 167 215 494 734 768 843 889 941
13 62 71 249 266 316 341 554 654 703 772 896 934 981
7 61 397 447 463 488 684 720
6 90 145 383 917 941 956
9 93 170 172 286 292 304 384 803 951
8 42 174 189 300 680 894 938 990
11 43 47 140 157 254 292 456 575 607 733 954
8 214 418 475 543 558 677 730 975
13 13 17 23 55 92 100 304 463 487 587 742 796 837
6 280 421 454 530 634 685
10 55 361 445 604 606 717 855 875 934 940
8 329 331 561 615 725 736 825 891
9 193 363 558 559 714 768 858 865 977
8 291 324 462 469 568 890 898 952
6 160 241 385 389 732 891
8 47 122 138 414 874 893 951 978
20 48 201 240 272 327 355 469 491 557 663 701 732 757 795 796 835 887 902 930 932
20 19 52 103 202 231 322 325 339 374 416 480 554 589 841 867 868 872 882 945 999
17 71 160 225 287 299 360 492 623 643 648 791 833 835 846 860 862 917
12 99 113 178 219 292 414 491 590 688 705 739 918
7 55 83 227 277 480 733 771
8 71 152 180 194 206 232 449 894
10 49 168 211 348 396 677 729 839 841 867
9 193 280 306 475 800 801 836 897 904
9 270 332 720 726 798 907 928 950 965
12 157 184 202 274 355 449 542 570 609 704 769 794
8 255 338 411 420 523 535 714 883
14 23 68 199 226 228 231 262 429 475 579 692 780 855 885
15 94 111 176 194 217 232 271 487 542 549 581 697 702 740 851
12 49 211 341 392 406 434 519 715 939 942 972 991
18 48 49 106 118 136 315 384 434 508 558 616 657 689 711 772 891 908 932
10 170 196 440 447 466 530 612 712 879 969
7 17 75 425 484 871 893 971
13 161 192 221 323 349 367 386 450 600 632 657 800 923
12 4 27 305 410 526 536 638 673 687 724 921 987
14 38 86 167 232 305 346 370 403 456 598 730 949 965 981
14 67 89 147 508 509 558 597 736 829 843 936 952 987 997
13 42 97 106 115 241 287 295 679 717 733 825 862 956
8 192 369 398 430 595 699 703 845
14 39 167 169 343 419 432 475 706 744 745 747 801 969 970
16 102 114 126 150 171 241 276 339 344 405 528 551 560 660 755 908
9 3 132 141 273 373 513 706 931 991
11 92 191 377 434 502 529 572 774 820 909 915
9 409 541 705 826 864 917 932 955 976
9 33 89 174 279 535 572 697 729 775
13 21 37 151 173 364 400 568 626 635 771 830 907 976
10 99 105 223 227 236 444 516 700 790 980
11 266 321 383 418 431 434 509 587 644 663 776
8 202 274 353 640 649 912 914 932
6 154 236 406 548 705 844
14 39 44 70 88 200 217 317 368 399 593 743 744 769 920
13 58 79 276 454 494 516 559 729 790 803 936 971 975
4 324 445 891 941
9 90 423 446 573 714 756 834 950 976
13 210 422 442 476 592 648 688 792 836 846 860 896 943
7 30 63 162 246 392 890 913
6 208 294 391 622 769 913
9 53 63 141 175 246 549 706 798 874
11 70 295 296 343 344 377 422 494 667 709 915
6 167 200 548 632 675 716
12 108 362 493 494 512 556 618 733 805 830 897 926
13 47 151 269 315 320 472 489 540 580 751 763 903 913
10 27 58 103 338 374 483 531 789 941 970
8 70 169 287 423 666 724 867 939
11 45 98 375 401 475 550 607 711 742 918 983
7 52 60 145 165 357 761 865
9 49 93 223 233 390 415 466 654 808
5 276 342 712 836 990
11 5 94 349 381 466 655 836 871 912 933 964
8 102 162 335 425 650 876 940 990
10 187 406 595 621 717 721 748 894 905 950
5 23 186 544 741 994
5 286 469 538 571 641
14 55 430 446 468 509 514 607 636 672 723 749 948 990 994
10 30 65 120 217 355 389 408 470 512 635
11 234 283 346 416 442 484 547 550 823 899 964
12 113 160 193 223 238 312 533 596 719 731 802 849
11 48 54 186 290 307 399 652 695 754 790 842
10 4 124 228 234 471 505 610 664 875 920
15 158 168 178 206 283 546 634 719 767 862 898 899 938 953 979
8 188 214 248 286 347 526 774 790
14 64 165 241 357 359 362 371 444 542 580 709 799 810 943
8 26 61 301 416 480 609 683 752
8 207 213 449 742 783 798 931 939
14 89 163 180 241 270 286 319 321 425 482 548 677 821 914
9 22 171 228 282 295 807 888 963 978
12 53 219 345 352 358 580 616 658 705 900 904 992
9 51 82 146 347 388 610 650 664 795
10 40 142 277 279 442 631 649 748 817 853
6 35 36 725 760 825 952
11 195 236 339 383 639 681 692 827 849 891 912
6 53 385 499 560 660 863
13 50 215 326 404 436 517 528 563 628 778 810 864 921
8 139 246 278 350 508 526 630 815
13 105 127 160 270 500 518 719 784 953 959 968 993 995
7 343 384 403 592 595 670 688
15 141 146 344 435 503 521 557 648 748 791 801 811 812 964 972
7 89 178 376 483 876 916 949
12 5 73 108 230 446 481 497 518 602 653 728 738
17 21 37 77 96 103 203 373 454 524 755 804 814 822 824 888 966 968
3 226 512 722
12 41 87 125 234 396 489 578 609 669 781 860 935
12 204 468 471 519 640 649 698 823 880 898 976 983
9 180 263 367 434 684 735 768 833 956
10 95 192 203 235 519 544 625 712 824 981
7 129 385 427 620 745 884 919
9 227 233 269 297 319 440 516 742 836
11 147 160 177 240 281 301 333 409 550 663 732
11 2 71 102 109 217 282 468 475 488 657 707
7 25 89 281 362 394 512 912
8 61 85 161 200 209 294 635 970
10 64 150 185 274 596 730 743 813 867 869
11 32 151 208 234 237 332 373 378 427 686 865
7 190 218 478 480 621 710 901
10 75 138 210 271 365 455 489 514 741 912
13 20 38 39 232 429 556 569 584 646 679 850 856 871
10 61 136 221 223 302 408 496 537 685 792
11 38 209 229 343 382 395 448 599 677 853 960
9 51 334 348 453 553 567 751 833 971
2 652 912
14 284 319 331 385 413 695 701 735 757 801 820 841 900 989
13 7 10 225 330 343 421 455 490 529 644 750 879 957
14 70 359 383 413 419 476 503 564 665 709 776 887 952 983
17 57 181 201 346 352 407 452 530 533 571 678 735 774 836 846 868 938
8 115 128 189 266 354 674 727 887
11 97 105 126 369 394 498 518 596 720 816 973
14 156 163 190 235 280 479 525 581 616 657 717 783 848 894
10 5 28 64 75 157 592 835 917 974 988
11 38 43 138 156 194 288 381 446 471 516 964
7 69 214 329 368 421 505 510
12 121 135 204 342 356 373 442 589 652 732 789 899
9 220 294 311 330 397 734 821 888 927
15 76 110 153 290 329 402 409 447 529 831 855 863 875 911 993
6 117 353 360 639 682 861
5 424 468 524 789 823
9 24 232 371 411 546 590 606 833 937
9 31 56 236 285 352 664 820 823 862
13 176 308 321 404 405 428 502 503 506 600 705 815 866
10 25 37 77 251 340 469 471 529 608 838
17 29 104 290 367 371 398 505 578 682 719 733 750 800 802 867 966 986
11 113 148 202 213 224 273 302 309 361 516 590
13 108 115 149 366 422 450 503 540 563 600 762 872 930
15 41 270 293 407 452 494 529 587 758 780 875 877 927 952 971
13 66 199 410 553 581 605 611 648 699 761 830 890 973
12 86 126 158 248 262 447 601 603 619 709 768 875
7 109 131 289 316 670 956 992
10 162 211 253 425 536 723 815 857 983 985
13 7 54 167 270 541 620 643 684 706 729 852 866 963
17 34 35 69 107 227 259 325 387 414 459 516 675 735 790 794 896 966
10 172 262 263 473 592 626 717 797 863 892
11 147 245 328 388 439 527 593 629 666 924 932
3 110 400 510
10 32 89 231 375 487 528 574 588 615 725
8 432 450 591 751 810 858 859 919
15 37 142 215 241 285 286 326 327 346 523 621 788 924 941 964
13 5 93 239 355 357 402 572 599 632 688 711 734 792
7 46 114 125 321 823 866 957
11 90 138 256 517 557 638 641 656 701 763 922
11 53 96 205 478 502 564 586 687 752 806 933
5 105 118 161 486 632
14 64 102 158 167 232 255 530 537 662 782 862 915 925 951
9 111 181 236 441 469 635 708 792 908
12 33 69 70 103 141 237 303 451 535 596 625 738
10 25 56 69 308 420 573 651 714 865 927
7 135 158 269 343 391 556 586
10 60 114 135 170 393 436 516 686 861 872
8 38 532 660 742 776 786 885 888
15 12 101 267 299 324 372 512 584 606 613 709 758 843 867 992
9 72 73 119 569 597 673 737 954 978
12 34 62 180 227 333 521 546 638 832 848 852 953
8 57 250 538 547 576 578 669 692
20 58 75 179 249 271 346 364 404 406 464 481 568 582 599 622 701 751 797 859 885
11 196 376 421 557 562 693 717 761 924 940 980
14 117 371 408 476 665 682 685 710 757 791 895 900 929 995
7 11 223 292 573 598 904 949
8 271 289 351 438 503 730 739 751
6 111 440 528 660 724 861
10 6 78 94 293 364 481 581 737 806 823
11 43 60 117 197 202 280 458 590 783 855 903
8 3 389 424 633 676 802 813 904
14 88 113 347 444 459 472 473 570 626 645 668 728 765 768
6 70 177 612 673 746 953
6 84 211 293 601 612 830
11 33 133 163 261 266 427 492 601 667 756 904
7 280 299 554 556 743 839 889
11 18 44 50 292 332 362 373 601 759 863 887
13 59 121 167 221 228 355 396 508 632 650 658 838 958
10 56 147 214 218 376 431 546 635 818 967
14 12 50 59 146 247 365 404 419 469 492 683 701 911 977
5 623 680 715 733 737
7 29 85 487 644 720 875 998
7 44 296 364 453 495 937 956
9 54 78 133 165 309 365 414 433 639
7 315 343 518 530 542 602 661
11 43 80 155 241 397 542 615 745 761 866 910
14 74 107 139 145 147 553 578 682 735 793 804 825 835 947
11 62 125 143 236 346 552 704 729 824 890 996
16 66 124 127 174 193 241 279 281 341 401 494 747 915 931 958 959
7 103 250 256 269 321 535 651
11 62 173 175 349 351 422 627 705 734 756 909
3 395 514 703
9 284 298 538 542 551 623 719 912 954
4 15 426 929 950
9 93 235 298 471 742 787 808 814 952
13 28 48 55 116 124 264 268 274 432 446 529 790 867
6 92 262 469 641 771 782
16 113 232 333 401 417 465 520 537 562 574 665 706 742 905 953 975
12 43 349 433 479 491 522 587 612 618 807 842 932
13 7 21 85 119 269 300 486 787 802 870 950 951 975
12 20 157 163 187 252 381 512 550 582 607 767 821
8 193 204 390 456 563 592 864 866
5 309 318 385 931 934
8 219 304 359 604 642 685 876 981
11 7 158 239 261 280 283 327 426 527 606 944
9 170 233 301 609 684 728 814 839 959
10 112 124 281 288 298 394 453 464 533 887
12 76 78 192 197 234 287 490 549 654 901 964 994
13 117 133 254 335 341 342 408 486 536 810 860 952 987
11 42 150 227 263 360 589 704 801 823 983 998
8 7 176 195 245 483 663 846 855
8 165 215 221 401 722 767 839 923
12 75 146 173 261 406 483 645 688 740 787 843 991
15 20 28 110 135 190 276 284 316 324 353 518 656 870 955 970
6 173 436 440 522 850 998
7 20 143 238 418 446 536 728
13 30 65 182 236 343 379 440 508 765 770 783 854 873
6 307 433 716 851 892 958
10 34 337 376 438 535 624 692 696 824 835
13 143 256 355 531 608 613 639 642 710 766 805 910 914
6 212 529 580 658 735 976
12 90 118 178 318 544 616 678 717 723 832 972 977
10 53 148 156 217 251 254 388 460 757 997
8 53 327 484 587 710 833 891 917
10 69 118 250 508 552 578 649 796 934 978
6 219 292 570 578 795 907
4 322 432 711 733
11 39 274 309 351 408 462 509 586 619 645 829
10 12 29 77 143 175 408 458 543 643 922
8 59 250 256 315 585 595 701 878
13 5 94 230 423 430 460 585 601 658 682 780 828 842
10 23 187 259 328 378 638 701 741 770 939
7 79 467 566 613 815 925 965
6 171 500 661 757 853 962
11 0 37 185 250 622 790 841 877 885 924 939
9 125 230 282 720 739 877 912 925 964
9 125 133 188 217 236 277 426 647 769
7 91 233 274 287 628 765 917
7 12 213 281 482 534 967 975
13 48 132 135 189 242 320 327 544 643 654 715 779 838
8 227 266 415 658 816 910 965 984
7 93 316 554 658 889 978 981
9 318 525 673 741 852 920 948 968 988
8 7 178 258 386 661 765 776 831
9 178 243 365 423 509 655 699 708 803
9 52 129 374 441 491 687 811 862 869
12 132 169 316 333 359 361 469 488 650 875 892 914
4 272 303 367 749
10 115 218 228 266 317 361 385 836 905 973
9 184 306 514 524 604 682 698 897 950
8 73 150 360 363 646 693 771 845
10 0 10 267 279 350 503 513 661 834 897
18 79 109 143 271 292 432 443 509 532 555 637 664 696 698 718 739 780 978
13 39 67 86 128 362 409 492 661 666 758 789 903 937
7 70 387 481 573 599 651 757
11 18 49 67 179 204 222 354 530 605 919 930
10 21 82 143 193 249 302 308 348 412 652
7 18 34 60 336 520 556 801
7 81 204 246 476 535 598 798
14 19 120 551 607 622 705 744 852 854 861 863 869 917 939
9 44 127 149 307 561 694 814 845 962
9 1 66 291 294 731 792 915 947 953
12 32 41 98 109 321 324 419 580 665 680 697 794
11 17 130 138 302 615 822 860 862 900 976 985
8 106 225 385 578 580 689 757 789
13 112 241 441 455 540 585 616 629 630 668 685 819 847
5 295 361 493 570 951
10 58 213 263 360 700 748 810 839 852 934
11 62 214 381 446 538 584 746 776 782 838 967
7 12 41 154 234 470 869 905
8 34 373 399 579 584 682 805 962
6 31 353 460 639 769 801
8 183 204 429 562 598 729 783 900
11 31 56 94 228 304 332 464 472 497 611 939
10 83 132 184 292 505 520 561 600 821 831
9 78 116 438 580 616 685 781 945 984
4 89 148 383 836
12 225 279 322 372 373 419 448 539 545 688 731 936
8 6 435 474 486 638 652 916 980
10 87 92 206 315 362 405 677 785 873 978
8 174 360 483 503 559 590 788 959
10 17 209 223 439 522 709 731 813 830 838
12 139 143 400 401 445 458 554 650 679 804 879 916
11 172 279 287 341 374 447 454 481 787 830 974
7 103 572 589 694 740 781 968
7 26 79 214 262 677 889 974
3 61 392 708
9 35 194 289 318 416 448 574 715 988
12 61 80 93 133 174 182 242 255 393 715 733 919
10 23 62 257 472 510 580 616 663 779 834
11 99 208 274 328 695 727 738 830 893 896 969
13 34 281 339 359 412 580 599 641 698 722 816 834 883
12 160 205 255 357 380 509 653 694 711 747 830 894
10 205 265 307 337 533 605 654 772 919 928
14 101 165 170 191 228 432 444 472 544 574 627 674 725 877
13 284 330 435 521 539 699 709 718 756 772 914 973 994
12 62 458 554 579 584 625 673 701 729 766 870 995
10 21 132 251 351 368 579 685 893 952 955
10 41 69 280 384 548 673 816 830 840 956
13 51 63 213 239 282 324 356 424 770 784 867 987 996
11 267 278 312 320 465 473 475 553 594 630 677
7 104 115 161 412 579 703 727
6 183 366 787 850 879 916
8 20 40 118 239 420 577 619 909
13 315 429 447 509 526 572 640 694 704 706 752 817 889
8 30 93 148 210 216 631 659 774
7 436 452 491 704 805 806 865
8 151 163 164 176 425 800 968 993
8 75 214 593 683 853 873 968 990
8 6 379 391 467 664 890 934 984
8 96 100 116 262 379 432 549 901
7 21 132 177 271 561 579 910
8 10 143 224 287 293 315 588 862
6 111 454 667 976 977 981
9 305 374 443 466 518 589 728 733 805
9 47 145 201 208 213 430 445 530 531
9 37 126 159 182 578 684 686 747 777
15 11 22 179 216 274 407 411 448 523 548 647 661 693 728 974
14 48 124 143 174 434 458 478 562 746 812 856 875 952 982
7 7 544 575 617 705 758 880
10 36 336 521 573 576 592 614 652 794 917
12 8 219 242 332 438 464 508 519 711 788 817 908
10 62 106 238 436 477 577 594 861 868 916
12 97 301 318 325 373 502 536 567 583 632 688 863
10 12 159 198 319 394 398 550 735 896 949
12 45 47 103 162 174 314 479 563 616 710 861 895
12 45 83 237 312 314 494 558 585 622 820 822 908
8 53 451 485 525 575 641 664 977
10 63 131 204 229 347 480 637 641 692 933
16 0 65 68 192 356 373 545 550 648 682 735 834 843 929 955 962
6 83 338 537 675 778 881
10 23 42 102 245 266 321 478 578 910 948
7 145 373 407 490 623 740 824
13 101 196 243 329 418 463 585 648 736 741 745 961 994
14 18 22 191 270 295 300 332 389 410 632 768 819 840 989
5 14 130 227 929 956
10 50 114 316 418 543 555 586 607 796 940
16 4 24 177 214 219 276 326 364 478 592 602 723 892 897 940 971
11 55 59 66 77 469 538 604 761 874 925 997
13 46 111 121 293 431 443 479 756 790 811 882 902 949
9 115 168 273 306 496 694 750 945 976
16 19 82 159 207 406 547 610 630 652 671 676 681 763 806 942 961
12 18 32 106 192 250 267 337 349 617 618 623 932
13 154 169 216 221 229 233 495 610 646 790 817 866 944
10 43 172 209 390 555 604 620 722 759 832
14 53 60 105 129 231 300 357 470 659 849 853 873 893 992
14 39 195 356 473 492 506 565 580 605 689 794 808 830 891
6 167 427 497 549 581 626
16 107 109 121 124 173 272 293 481 507 667 715 826 859 864 945 974
10 41 75 111 354 465 548 612 640 813 999
11 129 179 219 347 376 386 548 551 596 654 963
10 10 95 367 381 516 524 719 799 940 966
11 21 101 196 285 321 399 420 459 595 782 968
8 178 213 273 552 712 716 734 805
9 174 326 485 521 535 722 803 806 909
6 18 92 226 290 324 622
13 6 26 61 65 211 282 341 391 413 482 693 704 725
7 186 303 373 445 586 864 978
14 3 67 115 174 214 260 339 397 402 735 764 900 906 979
5 83 256 578 703 826
9 135 188 267 415 472 603 645 759 773
16 136 157 245 323 483 491 502 538 555 578 592 605 610 712 769 913
9 100 317 373 434 459 551 630 720 899
14 69 245 352 361 369 489 514 527 563 572 773 795 838 880
10 7 109 110 130 196 265 277 435 526 663
11 17 94 104 363 454 560 561 598 613 848 950
8 126 293 396 471 529 697 753 824
7 150 293 370 430 567 641 685
12 70 274 356 443 460 591 625 645 802 805 830 844
10 197 220 260 542 572 631 734 907 908 922
9 218 416 506 513 562 565 614 624 716
7 23 68 287 520 521 591 912
7 6 220 298 370 532 616 643
11 73 136 173 209 266 299 498 775 914 960 988
14 41 158 237 249 251 285 378 465 506 547 579 846 911 919
7 3 4 55 187 244 344 555
9 55 68 183 223 439 446 757 832 964
8 143 155 412 416 635 813 902 965
9 195 228 414 530 597 659 736 895 910
15 13 33 274 369 477 527 549 559 586 615 632 764 770 820 936
13 60 130 161 219 277 397 508 511 566 577 722 770 837
12 74 90 278 575 598 651 684 704 765 779 868 889
16 36 93 96 128 155 306 337 394 469 537 641 656 731 743 768 832
13 31 61 116 190 202 233 264 303 410 568 730 763 981
14 117 148 158 178 229 287 470 502 507 541 605 784 868 900
12 65 98 212 432 440 565 599 665 707 753 869 906
6 165 242 406 442 683 718
10 153 212 285 336 452 515 748 759 788 977
18 14 30 53 67 149 189 202 205 248 292 297 300 505 656 759 776 851 964
8 338 375 386 413 501 679 944 984
8 41 88 191 219 231 370 904 912
9 206 280 424 499 558 804 831 841 900
6 113 159 351 647 709 921
17 94 148 251 345 374 392 494 630 637 658 690 716 778 806 947 959 972
13 86 260 339 349 496 518 526 586 597 803 811 948 977
14 0 22 89 96 223 331 398 442 487 554 661 701 710 922
8 39 61 85 204 530 749 809 839
14 33 158 177 390 394 478 656 661 813 855 878 879 923 969
14 17 76 99 207 269 383 536 593 601 861 968 976 984 988
16 72 89 123 131 215 295 320 345 453 506 530 601 624 672 784 994
9 118 142 277 484 594 613 680 704 908
16 42 66 131 163 188 221 281 287 413 425 446 591 658 792 964 985
10 52 291 314 329 353 494 687 705 819 866
9 4 296 340 533 689 854 856 888 919
8 250 364 480 569 613 768 770 809
12 32 53 333 605 607 615 664 791 834 884 911 969
9 20 440 574 750 792 884 898 958 965
13 0 3 113 419 478 577 647 730 795 812 823 850 928
10 159 177 232 284 309 319 519 641 929 981
6 165 453 458 608 734 849
14 21 32 210 214 483 540 563 597 666 774 812 884 954 979
4 75 219 471 889
8 4 239 509 626 664 684 708 780
10 72 73 115 263 365 811 846 880 960 969
8 269 418 442 473 557 708 834 972
4 99 310 355 701
8 166 293 430 558 596 598 779 870
14 52 217 255 265 303 328 404 529 689 813 858 944 969 991
7 148 183 187 213 449 682 905
10 58 110 259 386 432 567 629 631 635 879
6 181 200 591 603 783 988
8 35 264 385 415 648 707 729 916
8 172 264 400 418 428 656 694 878
12 5 105 182 277 409 424 633 635 778 866 904 970
6 309 367 531 656 735 867
13 8 62 74 145 170 171 336 337 376 377 395 758 870
11 40 252 327 370 388 433 443 509 598 793 909
7 207 254 370 436 752 780 785
8 94 102 110 160 355 513 579 920
