200
4 53 115 133 141
4 87 91 140 158
2 29 39
3 54 76 174
5 111 16 21 46 55
1 112
3 54 67 159
1 178
1 77
7 114 38 46 60 93 105 142
5 20 47 120 126 177
4 26 65 98 126
5 29 60 95 138 161
6 109 16 34 39 81 83
2 69 171
6 20 70 147 166 182 193
3 4 114 13
4 94 141 151 196
2 62 68
2 65 92
4 10 15 56 170
6 4 46 49 74 160 190
2 111 112
7 116 126 53 71 92 97 167
5 125 28 66 150 183
3 110 163 184
8 11 126 39 48 52 149 160 192
10 111 29 67 78 86 90 143 152 183 185
5 24 34 49 155 162
5 2 12 27 31 176
1 69
6 29 39 99 155 165 177
7 132 47 52 58 103 154 199
2 51 100
2 13 28
4 115 116 81 142
3 127 149 189
3 55 83 107
4 9 117 132 137
5 2 13 26 31 184
3 115 156 185
2 124 147
6 47 83 87 96 103 108
3 114 62 92
3 49 72 181
8 111 122 138 60 181 186 189 196
8 4 115 9 21 63 97 102 187
7 10 127 32 42 57 152 193
5 121 26 140 77 167
3 21 28 44
2 124 71
3 125 33 104
5 26 32 153 53 71
6 0 23 144 52 174 188
4 3 6 148 106
3 4 124 37
3 20 62 107
2 47 197
5 114 120 32 76 185
1 184
4 9 12 45 190
2 110 193
5 18 43 56 158 66
4 121 46 96 193
5 111 146 70 183 185
4 11 19 75 195
5 24 62 72 81 187
7 6 123 27 100 102 164 184
4 18 90 91 194
6 14 30 160 80 107 172
3 15 139 64
4 23 50 52 105
5 44 66 79 89 194
2 144 195
3 21 151 155
3 138 65 77
4 3 120 152 58
6 8 143 48 75 107 179
3 27 138 99
4 127 145 72 198
2 130 69
3 13 35 66
5 139 163 167 86 197
5 13 37 42 94 180
2 95 189
2 130 145
4 27 170 82 102
2 1 42
2 89 197
4 153 72 88 102
4 27 68 105 191
4 1 148 68 193
3 19 23 43
4 9 124 169 175
4 17 130 135 83
4 12 126 177 84
2 42 63
4 23 46 165 183
2 11 172
7 120 31 144 150 153 78 182
5 33 142 144 67 196
2 177 181
6 46 151 67 86 185 89
4 32 42 161 192
2 125 51
3 9 71 90
5 126 129 152 54 189
8 129 135 37 56 165 69 77 175
2 42 189
3 13 128 175
2 25 61
8 4 22 27 45 64 140 144 146
4 5 22 117 159
2 128 148
6 9 16 43 58 125 137
5 0 35 40 46 160
3 23 35 179
3 112 38 120
2 169 177
1 189
9 117 10 58 76 99 145 154 167 176
5 48 63 137 138 167
3 45 125 147
2 67 168
5 41 50 55 93 143
5 114 122 24 51 104
11 10 11 23 26 95 106 131 141 157 178 181
5 36 47 79 130 134
4 109 113 136 186
4 106 107 169 190
4 127 80 85 94
5 126 138 160 168 187
3 32 38 156
2 0 168
4 127 149 152 180
3 94 107 150
1 128
4 114 121 38 187
9 12 121 131 45 75 78 147 179 197
6 70 82 145 154 164 179
4 1 111 48 153
5 0 17 126 167 195
3 9 35 100
4 124 27 77 159
5 111 53 73 99 100
6 120 139 79 85 151 153
6 111 64 155 175 190 192
6 15 122 138 41 156 194
5 113 54 91 150 171
3 26 134 36
6 24 135 148 99 160 181
4 17 145 74 102
5 134 27 47 76 106
6 140 145 52 89 99 184
4 120 32 139 167
5 28 31 146 74 199
4 132 40 147 182
2 126 173
2 1 62
4 112 6 143 167
8 115 21 131 26 150 69 166 193
3 12 103 178
1 28
5 25 82 168 180 194
2 139 67
3 31 97 107
2 15 160
8 120 121 23 141 48 154 159 82
4 123 131 133 163
4 118 129 93 179
2 20 86
2 14 148
2 69 98
2 157 194
3 3 53 190
5 109 146 93 107 177
2 120 29
8 10 118 31 175 95 101 190 196
3 7 126 161
6 116 138 139 169 77 191
3 134 163 83
6 126 150 44 45 101 192
3 15 156 99
4 24 27 64 97
6 25 39 153 59 67 188
7 27 40 58 64 102 188 195
2 128 45
4 131 137 46 66
3 53 184 185
6 119 36 45 84 106 108
6 129 21 146 60 174 177
2 179 90
4 26 146 181 103
6 15 47 160 61 63 91
5 147 163 68 72 173
4 141 65 73 185
4 17 45 177 100
4 138 57 82 88
1 79
2 32 155
