1000
5 212 350 617 641 958
15 28 34 339 451 504 518 538 569 572 639 785 882 922 924 992
11 75 198 416 515 564 585 735 772 822 845 993
10 7 85 120 149 172 366 445 478 857 884
9 23 31 175 265 272 492 716 724 866
10 209 573 634 713 833 844 910 923 955 998
9 469 496 558 575 585 658 731 867 921
7 3 120 266 383 432 463 709
6 42 68 727 759 930 969
12 10 47 219 281 343 379 523 569 848 871 933 995
13 9 186 247 303 433 479 527 621 749 820 841 842 856
11 21 167 234 538 553 581 742 766 790 874 922
4 193 381 503 775
10 68 90 179 389 449 515 774 802 811 852
13 95 117 331 378 394 665 672 772 818 836 888 948 978
13 144 296 311 343 428 433 462 480 580 756 778 873 993
8 70 170 426 568 623 729 946 965
11 95 274 319 341 505 594 729 778 825 865 910
10 70 123 192 240 479 574 621 640 842 900
10 154 167 247 360 517 580 702 726 738 918
5 429 462 598 876 974
10 11 65 85 112 235 291 302 548 662 679
9 162 195 220 600 629 698 875 946 969
12 4 209 308 366 426 530 591 660 798 916 944 969
5 157 238 400 433 926
11 95 102 226 262 331 378 381 386 562 629 820
12 27 64 103 315 353 439 446 487 565 788 846 856
10 26 80 250 352 373 507 591 621 755 910
13 1 113 129 186 259 318 367 485 565 730 822 905 941
12 105 156 275 417 476 667 752 759 791 850 937 944
8 157 167 370 372 392 419 670 990
12 4 43 148 260 287 438 520 541 618 812 873 907
11 139 506 523 546 574 634 769 907 939 950 985
9 38 90 263 346 374 664 858 876 978
11 1 186 316 323 461 662 668 734 743 862 867
11 115 225 262 487 521 743 785 819 830 932 940
10 118 233 240 256 320 429 537 657 848 896
11 57 81 122 231 277 320 352 457 773 930 950
9 33 298 356 386 408 425 697 836 985
6 184 413 477 651 868 940
11 44 253 310 386 525 540 587 732 897 970 999
10 75 113 222 282 367 772 818 835 886 960
11 8 62 67 330 440 441 862 895 903 979 989
6 31 47 194 312 424 610
12 40 48 132 142 190 229 243 434 701 763 880 920
7 82 88 123 412 590 636 855
15 53 255 330 376 378 426 430 505 546 564 615 677 721 766 844
16 9 43 75 196 354 447 606 633 713 716 717 718 795 812 836 990
11 44 50 81 94 160 310 330 661 827 836 854
6 79 294 472 548 828 889
13 48 73 80 153 168 251 395 455 488 559 581 586 904
10 63 313 318 378 675 757 799 834 851 952
15 77 79 84 136 197 207 227 310 314 398 419 506 543 740 754
12 46 121 126 314 449 453 486 700 815 819 886 893
12 55 69 120 132 305 434 507 535 551 574 585 668
12 54 104 177 247 378 405 466 609 649 776 792 876
8 74 106 221 396 601 781 822 988
14 37 213 392 445 453 469 646 685 728 781 789 826 924 982
8 200 551 657 672 795 844 898 986
15 100 140 171 237 465 631 681 733 881 910 911 921 933 984 994
7 89 207 212 344 443 653 749
3 789 842 948
5 42 546 556 647 930
13 51 88 97 144 265 366 402 434 455 522 527 548 839
9 26 93 442 551 771 870 904 906 922
6 21 93 109 111 649 689
7 281 315 349 414 625 715 934
16 42 194 209 246 370 386 450 498 536 550 599 648 659 845 869 915
12 8 13 121 132 267 392 506 508 531 733 810 895
11 54 112 132 143 318 678 741 784 865 877 931
13 16 18 118 187 329 394 485 488 538 574 602 670 982
7 233 652 664 727 834 840 882
15 200 308 315 402 480 526 616 617 681 736 754 793 822 843 868
13 50 93 135 233 294 347 356 490 691 735 858 899 992
16 56 84 88 99 126 132 379 415 417 510 579 608 615 646 720 967
12 2 41 47 233 423 540 546 653 764 802 841 911
4 512 557 679 748
13 52 273 361 518 602 624 670 784 844 898 923 928 968
8 88 104 184 404 407 476 761 824
10 49 52 160 230 346 448 563 576 634 948
13 27 50 88 216 236 371 430 461 491 651 665 774 884
13 37 48 100 120 152 258 398 596 722 747 820 930 940
8 45 144 391 475 615 875 942 946
7 157 362 558 605 619 694 818
16 52 74 108 112 276 417 455 549 591 682 709 763 807 853 901 997
15 3 21 91 102 128 315 325 421 505 586 598 908 943 957 967
10 259 267 320 385 436 721 785 878 912 970
12 134 193 251 314 483 578 765 858 895 910 953 955
9 45 63 74 78 80 216 454 480 584
4 60 746 799 935
16 13 33 184 240 286 290 386 425 475 526 596 800 834 882 934 988
12 85 106 252 313 344 408 497 648 668 759 869 998
6 178 311 641 690 705 953
16 64 65 73 250 342 364 394 463 467 527 580 605 649 827 893 992
9 48 259 296 495 541 584 626 667 863
9 14 17 25 313 375 442 455 636 880
5 99 189 252 478 750
12 63 111 116 176 228 353 625 653 751 819 954 975
6 295 418 438 649 678 901
13 74 96 156 200 306 329 339 525 537 704 756 805 896
10 59 81 268 273 336 500 633 697 723 881
14 158 186 265 281 282 431 478 568 690 696 704 779 903 987
12 25 85 143 185 212 343 344 435 533 597 598 879
8 26 300 305 320 360 891 894 928
10 55 78 228 250 575 659 677 683 863 941
6 29 166 565 652 712 741
13 56 91 107 128 384 559 604 657 684 786 843 861 913
15 106 113 121 323 416 437 457 464 539 547 551 734 871 975 988
11 84 220 273 382 450 455 525 589 754 765 919
2 65 414
7 418 508 551 583 625 839 866
8 65 97 199 299 409 685 888 982
8 21 69 84 466 809 880 881 973
12 28 41 107 173 276 296 398 418 485 661 687 871
8 324 344 380 506 552 578 839 873
6 35 381 459 801 847 977
12 97 143 164 202 273 387 442 454 838 915 917 930
8 14 258 266 499 547 853 873 968
9 36 70 160 190 226 631 664 672 995
13 135 175 195 239 605 613 633 658 765 773 899 931 962
20 3 7 54 81 212 219 385 538 596 633 635 636 654 662 718 796 800 843 875 917
13 53 68 107 146 340 391 458 466 543 597 634 864 947
14 37 166 208 400 427 536 670 704 755 764 802 936 957 984
10 18 45 247 472 582 646 738 774 916 947
8 222 441 808 830 903 922 939 980
5 220 292 358 492 546
8 53 74 127 190 284 381 412 737
7 126 342 390 490 595 643 901
14 85 106 165 208 215 225 293 355 466 472 517 568 791 847
12 28 238 395 477 497 522 524 536 596 624 731 804
5 211 327 508 581 583
14 142 253 273 347 409 523 561 632 688 701 733 792 877 926
11 44 54 68 69 74 293 415 471 538 907 931
7 322 522 549 566 847 871 983
10 87 173 185 271 294 314 796 827 879 908
10 73 119 222 254 326 352 472 486 861 872
5 52 600 698 743 999
8 310 336 361 385 443 503 659 729
17 157 241 420 458 459 483 543 580 596 623 635 637 638 670 685 810 924
12 32 169 173 189 245 379 414 569 584 598 627 761
10 59 317 538 704 762 810 863 887 916 980
9 178 251 398 658 739 789 919 932 991
18 44 131 177 263 273 370 391 439 485 492 699 736 738 827 891 908 949 997
16 69 102 116 172 177 182 318 430 476 623 626 744 843 874 929 967
17 15 63 82 215 219 237 300 389 426 629 689 697 714 805 856 864 907
7 234 297 417 425 679 770 870
16 121 295 308 394 439 465 477 497 501 539 624 637 654 759 914 925
10 211 369 375 547 593 643 672 707 779 808
5 31 172 319 771 887
7 3 225 494 530 629 923 944
9 240 534 642 682 746 803 881 943 955
9 307 596 632 671 727 807 875 882 914
11 81 244 424 540 547 601 751 777 787 790 961
7 50 326 684 732 783 792 795
9 19 201 310 416 692 836 860 891 991
5 262 324 518 919 924
14 29 99 282 295 335 371 503 685 717 726 736 756 839 930
9 24 30 83 138 238 394 517 565 655
11 101 350 393 442 531 567 581 695 720 894 928
2 563 732
14 48 79 118 209 260 356 425 709 760 794 803 820 873 931
5 262 384 434 573 886
8 22 376 458 508 602 663 714 736
13 186 326 375 425 487 535 562 713 844 881 904 973 982
8 116 171 471 786 923 931 956 990
12 128 174 188 344 393 552 606 659 713 715 854 946
15 105 122 215 249 420 531 535 541 546 561 581 609 618 792 893
16 11 19 30 180 208 345 373 401 428 674 760 765 774 823 833 947
11 50 388 479 482 524 565 744 812 835 851 922
6 139 433 517 602 624 783
8 16 239 281 346 364 756 911 970
7 59 164 196 266 696 852 927
12 3 143 148 173 258 306 312 555 730 902 910 964
10 113 134 139 172 239 280 408 457 531 746
8 165 193 303 425 556 633 754 884
7 4 119 495 532 537 672 749
12 97 370 403 560 627 662 831 870 899 923 949 984
16 55 142 143 218 259 326 327 349 362 385 420 421 592 628 880 942
12 92 141 236 292 298 340 421 479 739 829 833 933
8 13 203 280 426 721 777 815 905
5 167 302 614 741 831
7 183 213 237 456 517 553 992
5 143 220 253 491 734
10 181 300 458 507 603 612 688 772 837 940
7 39 78 90 254 563 579 923
10 102 134 221 275 393 422 443 750 765 873
12 10 28 34 101 163 347 377 450 473 533 599 846
7 70 212 339 571 603 907 986
12 165 200 256 297 329 376 651 697 714 757 760 933
14 96 139 230 327 346 397 528 717 755 854 864 888 925 956
18 44 118 126 207 220 230 243 371 412 426 449 618 760 771 799 806 809 890
14 224 290 383 386 410 480 509 673 713 809 867 935 964 981
7 18 211 252 266 442 722 964
11 12 87 174 238 518 582 681 843 866 880 891
12 43 67 231 233 340 522 778 801 919 920 951 999
8 22 119 355 395 425 932 937 978
12 47 171 329 379 438 509 565 656 706 861 896 943
13 52 206 297 333 382 426 446 449 625 677 694 770 998
7 2 202 227 626 733 758 806
8 111 293 307 426 493 747 841 911
11 58 72 99 188 300 399 485 559 566 776 940
14 154 204 235 236 324 327 329 333 473 494 551 695 879 964
7 116 198 482 624 639 844 927
5 179 299 612 824 873
13 201 232 237 261 299 314 342 402 474 683 846 848 956
7 405 450 461 509 537 633 772
6 197 559 690 758 854 898
10 52 60 190 359 491 514 550 650 684 798
7 122 128 167 477 624 649 690
13 5 23 67 160 224 239 404 530 531 551 563 849 874
8 405 416 446 486 571 575 677 911
12 130 147 192 251 454 578 602 645 711 793 817 820
13 0 60 102 120 187 245 255 333 554 682 694 813 992
6 57 181 214 278 281 579
9 213 215 402 487 491 544 646 968 970
8 128 144 166 214 355 479 513 964
12 80 88 263 436 438 439 460 558 575 714 795 858
11 239 308 360 440 542 578 672 878 900 937 981
8 177 265 394 512 544 620 887 981
12 9 120 144 221 268 328 365 643 791 888 895 946
14 22 108 125 182 190 286 308 440 635 682 758 869 874 901
11 56 185 219 233 365 425 486 530 719 769 892
11 41 124 135 251 297 303 390 429 462 617 733
6 323 393 394 511 652 758
8 191 209 290 443 635 762 794 989
11 35 128 149 258 327 445 489 746 769 822 827
8 25 118 455 589 628 646 831 913
10 52 198 243 329 382 398 435 685 930 977
7 97 104 488 505 540 826 842
13 44 258 276 331 364 380 386 431 606 649 665 745 849
11 79 189 190 473 515 519 546 642 747 862 870
10 37 194 302 354 508 569 596 651 684 926
14 204 234 239 311 344 368 430 662 669 680 800 893 925 931
14 36 71 73 75 194 221 405 444 623 649 746 836 848 851
12 11 145 232 278 379 401 430 562 930 931 969 986
13 21 201 395 420 428 574 612 618 690 741 754 777 861
13 80 178 201 389 447 449 454 493 521 744 774 819 981
10 59 144 181 204 243 740 762 766 829 960
14 24 129 157 193 292 302 446 469 483 574 577 707 744 760
15 119 170 173 209 217 232 342 357 387 454 492 659 791 802 952
21 18 36 90 150 329 372 420 423 429 478 508 574 589 635 658 693 725 883 884 923 955
8 138 325 449 518 588 642 820 908
6 397 568 575 648 766 904
11 44 190 227 237 256 312 324 327 833 854 945
6 152 395 480 691 723 953
12 139 212 266 307 319 631 632 666 671 735 773 890
8 67 307 373 389 482 596 644 891
12 10 19 55 123 268 443 515 616 737 791 873 999
12 312 360 394 453 506 611 645 688 752 797 908 925
8 166 529 556 614 739 775 854 924
11 27 93 104 310 450 460 491 577 586 633 960
15 50 87 141 211 222 290 304 444 543 646 715 791 825 851 965
8 91 96 192 283 469 700 709 766
14 40 131 182 277 329 370 487 627 711 717 746 779 940 960
8 135 184 394 440 479 545 686 906
10 46 212 296 309 334 483 604 671 722 818
8 36 188 243 355 513 814 932 945
10 284 549 611 797 856 923 930 941 989 997
9 81 117 172 225 229 407 573 671 841
12 28 86 94 177 273 471 520 529 579 732 808 960
11 31 160 357 373 407 473 690 780 813 879 982
10 204 321 399 427 452 667 672 685 711 745
12 25 35 155 161 275 306 356 439 613 665 686 980
7 33 142 216 296 359 578 818
6 574 679 681 742 783 861
14 4 63 101 218 291 316 396 430 507 618 797 807 922 951
11 7 117 171 192 245 295 374 592 644 770 904
9 68 86 433 554 617 715 716 850 920
7 100 219 247 458 478 799 809
6 304 404 812 825 910 942
5 399 582 646 756 865
5 134 561 611 671 685
6 4 449 717 763 907 998
11 77 100 108 116 131 142 259 284 497 682 890
8 17 303 390 624 684 730 814 886
9 29 185 262 381 562 596 623 671 768
8 84 113 229 306 528 572 914 946
8 37 253 474 514 521 531 688 979
6 213 234 360 671 706 796
7 310 549 560 572 647 881 952
7 173 179 293 340 744 756 997
9 9 66 101 170 213 490 607 770 893
14 41 101 156 309 337 449 450 563 591 597 699 722 844 971
7 252 591 632 749 786 799 857
9 126 257 273 308 340 532 590 739 875
4 381 385 732 778
7 90 220 411 486 620 940 996
9 31 337 350 490 566 693 767 889 963
9 291 468 787 818 895 927 953 977 995
9 352 399 574 580 736 800 807 819 889
9 90 191 224 251 569 581 761 793 988
14 21 265 288 294 455 472 503 604 645 651 917 974 992 996
13 125 178 238 450 500 547 735 782 784 851 874 880 980
9 128 132 199 280 341 353 407 452 496
8 49 73 134 291 420 620 640 674
11 98 146 156 266 398 467 638 680 696 699 821
13 15 94 113 255 263 309 388 488 611 654 706 832 924
4 145 188 197 222
5 38 178 307 364 516
12 111 203 204 347 386 442 478 480 488 637 785 992
17 103 144 183 200 308 433 465 533 556 628 701 706 762 869 924 932 971
3 362 470 841
10 21 180 231 238 370 403 741 745 887 923
11 10 174 222 274 367 431 538 589 757 904 911
8 251 269 368 378 439 531 678 911
7 54 103 466 644 718 738 892
12 99 172 262 276 307 395 484 492 553 775 795 847
15 151 199 245 246 298 306 361 519 521 722 753 824 826 901 940
17 23 72 146 217 220 284 300 339 449 455 524 547 591 600 652 749 882
10 255 282 296 506 510 735 764 767 858 929
13 40 48 52 137 154 250 279 315 505 549 629 664 666
12 15 92 232 380 536 618 688 783 910 934 939 965
9 43 172 243 248 497 563 875 899 961
12 51 91 95 389 501 679 699 712 877 885 887 900
12 52 53 87 134 204 400 517 564 820 870 873 983
15 26 66 72 85 310 396 443 507 611 681 734 758 872 890 993
5 34 265 461 757 850
13 140 328 393 470 484 562 719 749 772 800 845 921 967
14 28 51 69 143 362 430 439 453 604 656 749 834 849 947
7 17 148 245 538 722 950 985
10 36 37 86 103 324 334 428 540 862 941
6 261 345 575 600 651 975
9 133 476 534 541 588 679 840 922 943
13 34 107 223 376 442 497 612 703 757 788 797 830 894
14 114 155 201 243 320 416 423 439 523 618 760 794 901 994
4 85 241 764 968
12 135 153 163 177 417 445 816 857 890 912 928 973
14 130 177 189 201 225 243 329 439 473 598 625 714 748 814
7 219 317 485 595 721 874 950
12 70 99 188 196 201 227 240 253 327 349 646 771
9 42 46 48 530 781 907 953 973 974
9 14 25 229 549 566 626 667 720 873
4 520 565 699 717
9 197 201 212 505 695 832 856 932 988
9 255 320 615 677 790 815 919 927 934
3 156 567 797
9 100 137 345 438 529 610 612 791 971
7 282 287 397 636 660 690 770
5 428 572 588 654 912
10 1 99 187 308 342 380 483 572 589 926
9 121 178 194 280 284 347 513 543 988
8 17 293 377 420 425 592 711 869
11 93 127 204 239 339 370 472 616 667 724 871
8 9 15 102 489 714 728 795 882
12 60 91 102 114 165 232 420 593 665 838 877 899
12 167 321 336 400 402 421 464 568 657 779 793 891
8 33 79 170 189 617 629 774 960
12 73 131 186 299 340 540 587 600 654 693 899 956
8 408 422 435 739 743 898 938 972
12 66 177 329 523 557 681 756 802 865 869 895 939
11 0 158 287 364 474 534 586 746 848 898 922
5 725 739 793 844 984
8 27 37 135 289 499 571 658 847
9 26 97 293 393 711 737 767 860 944
11 47 231 497 556 595 606 680 753 755 796 857
8 128 195 215 256 400 427 602 639
12 38 73 160 262 376 398 467 542 559 736 771 910
7 239 260 385 467 691 764 906
8 125 387 461 555 726 741 816 831
4 207 263 709 744
7 19 103 217 248 278 538 777
9 77 137 307 396 438 597 670 890 892
9 83 177 301 318 393 682 776 809 937
6 453 547 585 865 874 913
12 93 170 229 298 350 368 554 771 791 834 853 955
5 219 221 454 720 740
11 3 23 63 392 482 581 764 869 934 936 984
8 28 41 303 493 541 611 866 968
13 232 304 364 372 381 582 644 682 698 734 749 758 813
7 147 544 567 586 662 732 988
12 30 67 142 176 253 302 342 385 531 662 732 984
8 80 156 190 378 435 594 766 810
9 30 240 368 571 594 771 855 885 893
9 27 167 246 260 383 392 738 758 968
8 33 266 450 496 538 691 768 871
11 95 147 163 412 427 440 529 619 838 847 991
6 46 162 188 323 356 879
11 186 341 500 519 534 587 600 681 793 860 908
13 14 25 46 51 55 304 371 467 482 508 560 842 959
12 9 74 139 196 234 395 582 639 739 744 860 955
14 114 229 311 339 483 532 563 601 631 772 832 840 910 973
14 12 25 115 126 275 285 368 435 562 566 766 796 914 977
7 108 197 227 661 743 784 990
12 7 191 373 390 560 714 715 720 760 826 865 875
9 106 161 405 500 503 808 880 958 972
13 86 120 137 177 285 357 370 428 583 617 623 841 929
14 25 38 40 67 90 191 229 299 510 692 727 872 892 998
9 116 239 358 396 515 547 582 750 773
6 168 296 414 437 642 892
9 13 144 236 246 313 450 610 681 928
12 127 222 274 383 603 640 647 725 736 741 821 888
14 82 121 142 411 420 467 484 491 500 570 615 636 775 850
12 30 57 68 366 373 435 507 516 626 682 703 858
14 158 165 185 223 317 353 362 401 443 586 608 630 848 854
13 14 70 93 146 157 218 223 248 254 507 591 642 700
11 50 129 195 235 244 306 379 406 498 936 963
15 56 265 315 361 387 417 533 618 671 682 743 782 879 914 992
10 189 242 337 573 578 621 736 807 873 954
15 52 81 113 141 227 295 356 447 472 498 645 658 691 785 920
8 200 261 270 289 574 621 845 852
10 24 122 314 345 355 403 601 795 807 898
9 167 234 393 457 527 588 603 957 960
11 63 72 204 214 345 482 537 655 730 767 842
13 176 302 400 405 417 477 540 677 712 713 748 772 939
10 78 209 269 430 526 534 610 665 679 951
12 55 205 210 233 384 403 427 501 793 900 912 929
8 395 439 509 738 800 914 960 962
7 78 258 260 293 620 761 767
10 38 91 173 348 543 558 693 724 833 929
8 111 131 509 552 601 637 661 723
7 191 420 440 480 553 558 916
10 286 391 462 510 574 692 847 893 900 946
13 45 126 190 375 421 496 623 720 729 787 789 808 882
6 39 466 623 625 712 721
6 66 109 139 388 547 729
7 74 132 503 617 622 642 663
13 2 107 154 210 324 455 650 679 740 818 820 897 986
15 29 74 84 145 326 396 403 445 520 561 645 719 732 748 877
9 98 110 113 535 680 682 846 869 938
7 30 52 673 702 880 924 947
17 138 166 177 235 240 294 341 344 391 410 479 706 747 812 843 939 999
9 85 177 178 345 412 503 961 967 981
9 185 348 461 536 679 859 861 912 966
7 75 240 324 675 811 937 961
7 43 152 432 565 748 873 923
11 38 90 145 160 163 174 195 221 341 750 949
16 16 23 46 144 179 190 197 199 427 475 529 607 819 850 899 962
15 122 261 355 375 405 426 500 558 571 586 597 725 963 971 984
13 15 167 235 320 338 385 481 493 552 596 657 771 966
10 20 36 222 240 535 644 671 673 809 858
15 46 80 143 232 234 265 318 404 437 538 663 802 909 981 988
8 101 229 303 521 625 745 762 808
8 7 424 517 597 635 763 857 874
12 10 15 24 169 267 300 475 652 692 718 803 993
9 44 54 63 161 464 613 688 882 918
10 102 227 348 371 381 392 717 741 800 993
7 86 216 503 511 711 807 813
8 107 388 430 488 594 895 902 963
11 31 98 196 216 336 361 487 509 556 603 644
13 26 142 146 216 262 304 318 324 327 406 549 551 934
17 42 217 220 254 375 410 491 503 516 562 590 632 642 706 715 767 925
8 42 124 472 513 647 723 891 940
14 64 95 116 158 192 299 323 482 589 636 694 701 724 936
14 60 137 185 224 247 315 393 484 539 575 592 791 828 835
10 233 251 461 569 579 756 804 871 975 991
10 3 57 225 326 417 702 712 852 952 969
9 26 197 210 238 455 581 637 873 938
12 47 236 398 458 466 555 577 727 752 810 868 905
9 79 474 560 629 696 732 738 858 960
15 13 53 190 197 236 241 272 282 308 450 725 779 798 979 984
16 67 108 186 205 250 282 292 374 389 449 658 672 862 902 966 977
7 1 561 580 595 741 757 947
9 261 293 538 655 680 766 769 847 940
12 53 57 248 318 363 527 684 786 802 932 958 986
10 88 116 211 236 239 365 611 638 653 807
14 50 63 84 95 108 226 291 308 416 446 457 561 567 831
5 181 604 659 665 925
10 37 107 173 401 455 527 546 713 833 930
8 121 138 162 183 268 447 475 516
7 115 138 610 643 702 711 903
5 216 250 583 810 823
11 34 80 205 316 358 422 444 601 629 937 947
10 15 20 222 411 617 633 669 893 959 990
11 7 93 548 568 666 707 745 773 801 803 901
7 107 345 434 476 917 936 978
5 59 146 300 830 881
10 55 112 121 128 305 413 447 598 819 969
10 93 295 356 357 378 391 552 559 885 914
7 288 546 613 620 651 674 729
10 6 57 238 252 496 548 664 714 756 993
6 301 317 516 751 780 993
5 132 164 259 624 699
16 49 123 128 135 291 342 398 441 505 604 686 695 728 766 807 883
7 186 201 230 260 327 852 855
13 204 277 350 448 490 497 528 616 641 665 681 806 949
10 82 90 426 433 458 585 637 749 925 990
9 29 78 143 322 464 592 677 702 763
9 39 129 146 208 403 535 554 715 878
14 3 96 101 240 268 299 482 484 523 652 700 703 938 964
16 10 18 168 178 215 254 420 502 509 531 553 607 648 663 801 921
10 15 72 88 191 244 299 410 675 874 922
5 428 506 546 806 880
12 168 202 246 366 378 402 442 478 509 713 745 893
12 87 138 238 255 339 380 550 557 752 806 818 999
7 306 317 391 443 478 549 869
12 28 70 113 142 200 328 487 511 705 872 877 942
8 53 135 210 221 286 629 662 836
9 26 35 163 214 253 438 485 607 674
9 50 70 228 296 299 437 541 686 761
6 225 343 540 596 867 896
13 73 127 281 287 474 501 565 756 759 848 876 881 945
9 80 182 207 214 250 391 440 611 777
9 4 125 142 239 306 532 637 780 821
10 199 236 367 428 510 532 723 769 887 889
6 149 201 613 767 858 993
7 94 175 558 703 724 946 969
10 6 293 374 412 469 700 762 785 871 926
14 91 129 146 273 312 323 354 474 525 693 698 701 880 997
12 67 395 398 650 685 711 832 863 926 969 990 995
9 117 352 548 765 788 855 862 900 931
12 100 292 377 384 391 427 649 665 767 786 899 901
9 146 313 405 490 575 616 807 809 958
5 479 505 725 918 919
12 12 137 156 291 384 415 421 436 440 593 792 920
8 1 572 624 628 708 781 819 836
11 17 46 85 228 310 333 472 502 602 631 705
9 32 52 68 114 248 309 481 524 981
9 27 54 183 265 315 392 394 702 895
13 68 110 130 162 231 240 378 588 665 691 846 867 958
11 191 196 205 406 409 438 479 482 541 559 904
11 74 309 386 411 493 566 628 661 694 730 839
11 223 436 485 557 582 775 789 795 874 895 911
6 76 218 514 599 752 979
11 215 256 340 441 627 700 741 751 819 888 950
9 207 277 512 634 700 828 894 895 910
10 2 13 230 247 387 594 762 768 874 922
6 298 392 440 458 470 925
11 19 128 157 169 181 314 432 633 688 798 940
10 1 77 155 193 241 646 740 755 821 906
5 230 307 377 549 562
10 31 259 332 417 525 549 563 583 903 918
10 35 236 277 307 431 590 682 870 958 965
7 63 129 133 194 644 661 684
10 9 32 131 324 349 478 562 765 883 923
11 129 168 308 506 614 618 716 844 848 891 946
6 40 99 108 497 520 800
4 72 90 404 754
12 10 63 93 401 453 457 598 837 894 941 972 995
9 189 276 474 537 563 650 754 811 831
10 249 259 336 375 426 590 725 749 917 946
10 23 149 209 221 330 733 768 899 948 979
13 68 158 166 173 209 277 304 370 479 581 794 858 977
11 175 284 380 492 493 560 562 601 608 679 811
6 102 186 300 396 772 903
15 150 322 350 377 404 541 657 663 695 731 774 788 863 945 961
11 54 163 166 418 429 477 603 653 661 823 929
9 67 122 129 311 422 644 704 726 787
8 36 99 175 205 402 528 762 792
17 1 11 70 120 132 140 303 319 360 374 430 452 569 828 848 854 880
7 107 146 443 638 749 769 869
11 40 75 152 228 320 347 403 489 634 638 686
11 31 94 166 322 367 488 509 534 600 611 863
9 217 356 679 827 831 853 877 914 917
10 52 121 138 251 340 408 623 744 775 786
9 214 218 369 645 731 831 855 861 978
8 254 680 708 722 792 873 933 986
17 32 46 62 75 125 166 230 457 468 481 625 664 699 744 804 851 940
14 107 117 147 152 292 308 363 387 414 575 737 783 903 940
13 21 49 63 463 469 499 552 586 656 667 831 954 988
14 84 133 257 279 310 331 439 484 519 520 580 693 785 843
7 67 207 483 757 801 873 888
14 54 58 64 107 110 201 209 439 664 688 704 708 734 977
11 114 165 409 428 467 548 606 613 666 742 751
13 11 181 306 410 479 620 651 727 782 787 799 916 988
13 212 267 364 477 563 569 576 637 694 910 958 969 972
6 172 358 447 638 836 927
10 62 174 249 300 354 438 601 746 765 950
6 76 349 483 511 621 688
10 6 83 216 408 410 427 495 802 819 897
13 50 106 200 206 356 467 509 667 718 774 907 920 924
10 176 279 378 383 448 532 652 741 779 995
11 131 166 271 417 451 455 601 604 716 784 941
14 25 163 234 275 317 381 440 519 523 532 602 613 805 951
14 79 159 184 209 282 312 380 520 528 554 765 813 973 978
10 2 46 314 569 714 718 735 736 955 981
12 26 28 105 157 168 196 332 424 490 620 852 989
12 133 200 287 331 381 510 683 711 766 846 966 988
12 158 335 369 455 577 578 613 682 727 757 947 993
11 16 101 128 242 345 463 586 598 689 720 919
15 1 9 139 231 290 444 538 554 564 645 651 726 837 871 959
14 391 603 676 728 786 792 855 856 866 888 899 921 951 962
10 187 210 352 372 427 584 645 698 850 919
10 1 276 279 338 339 504 580 727 764 926
7 5 161 258 397 595 649 723
13 18 32 54 70 235 238 240 264 289 399 411 585 803
13 6 104 210 216 242 321 443 501 547 614 773 898 969
6 79 554 680 731 867 935
9 238 250 447 567 709 852 858 867 969
12 87 114 211 217 263 397 567 601 636 714 840 905
8 74 184 213 259 444 887 990 991
11 15 19 93 138 289 451 549 572 940 968 991
12 11 50 130 158 166 290 366 446 531 708 779 946
11 123 193 270 368 379 387 511 583 755 835 969
8 110 130 385 460 520 582 685 729
8 88 94 139 571 756 866 880 996
10 2 6 54 363 475 574 806 827 842 925
12 50 85 250 350 369 393 427 548 568 595 848 934
7 40 347 377 690 758 839 845
10 241 322 338 401 508 618 638 669 727 943
12 108 226 240 303 339 442 685 861 871 921 943 947
10 45 284 440 521 529 639 670 773 796 986
10 23 27 84 282 283 308 394 870 917 984
11 177 266 341 443 476 606 644 699 738 790 956
8 147 344 503 596 618 685 781 891
10 17 371 372 437 515 624 634 685 908 913
9 127 328 354 451 573 586 597 617 915
18 81 90 120 129 138 151 231 246 275 428 489 593 612 646 752 805 905 911
10 102 121 282 361 427 432 595 692 894 965
11 20 85 102 139 327 466 527 568 687 716 940
12 67 186 512 650 667 669 753 762 786 862 898 996
10 22 136 308 321 347 377 541 653 981 995
14 56 152 380 400 409 461 532 556 561 578 707 743 776 809
11 70 77 162 169 211 355 505 562 717 911 917
11 183 187 390 401 438 535 570 716 942 975 989
11 106 255 291 318 456 472 561 658 789 809 886
8 83 93 119 628 648 816 913 929
11 47 165 229 354 552 592 644 669 670 830 913
12 281 426 479 487 652 736 750 778 881 893 950 993
4 74 393 532 814
7 55 166 675 689 809 968 990
8 43 336 389 404 459 691 719 965
10 248 257 271 296 315 367 454 491 541 846
8 183 203 235 323 336 596 725 843
10 119 262 434 468 494 552 562 567 782 853
8 180 249 524 575 668 771 787 898
11 46 74 82 334 391 618 669 678 698 817 936
8 72 247 342 474 501 633 729 855
12 0 72 222 267 346 385 415 462 595 937 956 970
16 31 166 190 235 265 311 324 396 524 588 593 615 692 711 853 950
4 83 375 834 912
14 218 286 294 407 468 553 565 671 710 718 797 826 871 923
9 10 18 27 397 399 557 681 834 847
3 415 661 939
12 16 138 143 233 275 385 412 413 543 624 877 897
12 77 129 146 169 202 208 274 471 504 594 623 962
11 66 97 110 197 327 413 431 546 735 896 898
12 94 143 198 331 392 627 658 661 674 708 881 908
8 139 176 253 513 626 813 820 957
7 177 226 300 504 510 605 638
10 22 25 144 149 310 346 448 461 486 949
4 393 648 885 950
8 59 118 245 380 505 637 792 998
11 131 151 245 283 440 680 725 775 826 941 947
12 47 100 119 120 174 205 250 462 517 616 832 884
11 5 32 79 121 514 540 594 686 791 894 935
8 120 138 220 224 240 432 812 817
18 45 95 120 337 391 442 578 708 729 735 801 834 870 891 923 933 947 963
15 138 146 299 409 446 475 492 554 631 661 696 722 852 860 905
12 138 295 454 539 540 555 588 628 689 716 841 917
9 1 202 355 379 590 657 739 790 869
6 18 294 390 712 859 986
7 0 92 474 688 716 899 967
12 150 230 241 388 394 415 440 709 758 766 833 892
8 127 147 219 459 762 783 871 991
12 246 266 305 368 429 438 522 536 592 606 683 735
11 211 248 291 398 417 544 569 571 688 804 890
14 57 74 123 214 226 251 270 329 518 596 653 657 770 942
11 62 279 390 441 652 657 699 739 844 911 942
7 67 91 242 479 605 630 733
16 55 65 93 98 208 229 233 500 573 660 693 723 727 836 912 977
9 207 416 498 528 599 934 958 982 999
14 39 80 188 231 291 321 468 553 569 733 795 878 974 975
10 71 105 223 308 433 478 560 607 647 998
8 60 75 97 454 535 600 646 927
7 120 146 296 338 347 665 814
7 157 402 452 768 827 883 983
8 196 318 548 688 715 853 920 947
11 36 58 106 345 428 534 639 646 647 753 882
12 6 119 141 240 352 398 450 604 626 784 853 883
10 67 104 137 165 239 456 803 817 913 963
7 23 337 649 799 806 825 948
12 48 113 382 409 510 522 535 622 626 637 834 859
10 21 34 120 176 232 369 370 486 727 797
7 162 415 430 479 534 680 758
7 33 71 118 310 469 546 551
20 14 80 229 262 344 404 456 474 500 508 654 734 753 781 791 844 871 883 966 997
12 245 310 463 552 721 751 761 770 870 885 972 990
8 29 94 261 331 342 548 559 599
6 34 54 91 614 703 745
10 232 462 588 599 606 615 750 795 811 842
10 30 70 77 122 138 361 590 606 863 918
11 151 245 255 258 271 275 278 396 429 620 904
13 14 58 118 147 175 217 261 450 813 877 878 882 989
6 191 419 429 785 819 910
7 167 294 468 487 626 835 852
8 51 423 480 609 767 772 889 965
3 570 809 845
10 46 104 197 210 334 403 476 770 896 911
9 69 98 304 615 681 813 844 855 972
14 21 76 145 264 313 322 404 416 422 532 542 792 913 996
13 232 295 354 418 452 545 576 632 663 712 735 849 974
14 59 72 193 264 315 349 377 389 474 621 678 812 864 982
15 84 150 212 220 273 362 368 392 396 418 521 567 865 931 985
7 104 204 566 644 688 851 936
9 106 153 207 231 274 453 522 778 903
13 57 111 138 156 227 261 271 498 583 589 593 594 770
10 254 262 472 488 540 634 693 807 816 848
7 113 598 721 761 778 969 981
17 131 183 248 277 311 434 517 551 557 641 645 656 683 761 775 825 880
12 65 144 568 609 638 704 827 853 871 916 929 973
12 92 101 206 208 235 260 337 587 698 707 726 810
8 73 244 357 374 398 508 610 986
10 154 386 411 433 597 618 766 841 849 914
12 240 287 347 408 497 549 649 686 726 862 864 868
9 83 197 212 442 510 554 741 859 976
11 158 201 333 472 534 735 854 859 874 925 941
7 101 171 295 448 637 882 884
4 38 100 144 188
8 22 136 368 497 571 615 690 842
12 142 282 295 313 332 471 546 592 647 706 767 948
13 53 252 394 478 496 513 514 773 889 890 942 977 989
8 44 131 300 442 497 724 872 956
9 19 419 445 459 476 507 721 881 981
8 323 392 478 495 668 815 822 969
10 99 101 122 140 536 551 689 722 911 965
6 92 485 505 708 731 863
13 196 278 296 300 420 440 699 713 752 782 795 877 985
11 147 238 463 601 690 821 879 904 934 973 976
8 504 545 551 581 626 636 705 954
8 7 84 160 252 359 577 642 754
2 620 806
11 211 253 261 341 353 436 459 498 566 618 791
8 105 313 403 413 445 640 680 814
14 5 47 163 165 191 403 457 482 706 720 770 808 860 954
14 144 162 188 216 327 343 383 469 564 578 785 844 975 999
10 66 165 251 267 383 440 477 656 774 849
9 4 47 267 524 561 598 603 638 641
11 47 156 189 253 272 332 435 602 779 973 985
11 47 120 305 433 559 564 620 751 772 943 976
5 221 317 417 610 777
8 74 158 331 365 383 412 568 713
12 46 86 179 328 413 666 687 702 799 841 944 961
12 81 192 255 282 307 319 545 637 704 816 949 972
9 100 244 409 441 493 573 649 744 879
7 4 342 408 442 495 701 998
13 240 351 390 427 449 502 529 612 632 743 850 885 922
7 19 156 358 536 569 690 693
14 8 71 151 386 447 553 567 572 588 649 662 733 768 997
5 57 343 472 570 939
11 16 17 137 412 414 468 583 616 636 842 914
10 28 172 274 402 510 749 755 784 941 947
9 6 129 534 544 576 705 882 941 971
10 40 153 159 259 285 369 370 417 448 908
11 59 68 131 198 222 530 648 651 727 841 881
10 34 107 182 315 368 551 665 916 944 956
13 2 73 245 292 309 564 625 636 644 680 695 830 873
13 72 142 156 162 289 356 390 397 564 607 821 856 911
9 126 247 353 547 821 826 831 863 894
14 19 123 142 305 373 406 448 592 807 826 861 892 937 969
10 141 178 249 284 348 351 379 639 647 769
12 52 237 365 416 518 785 803 809 848 895 899 910
16 69 105 180 235 302 358 390 435 451 513 560 694 759 917 924 991
7 11 264 552 780 817 842 962
14 34 35 136 348 382 396 601 725 799 848 881 902 912 959
15 143 168 236 238 280 359 379 543 546 723 778 833 881 942 958
11 229 261 302 431 463 482 668 808 889 933 985
11 89 150 173 225 233 253 350 556 796 988 999
8 81 199 230 420 779 808 814 919
8 76 327 403 417 424 820 897 905
14 10 60 175 283 308 317 318 368 475 529 539 730 870 921
8 96 185 387 425 607 669 890 922
10 97 152 470 513 552 666 718 756 786 969
11 29 248 447 483 512 596 706 776 842 943 992
6 307 354 599 657 665 847
11 52 72 108 174 235 526 528 709 771 822 901
7 27 122 189 354 518 582 730
12 15 99 156 170 270 280 349 444 469 490 584 751
10 51 188 303 316 323 451 550 567 795 834
12 198 206 220 223 315 368 373 587 642 663 912 992
8 8 29 91 146 490 741 928 948
9 160 167 188 190 238 324 383 936 999
11 78 139 290 407 488 666 687 688 841 862 889
13 140 224 237 300 431 496 515 537 599 643 790 863 974
6 44 84 272 432 476 846
9 75 122 309 325 357 366 572 869 983
13 87 108 119 167 185 499 523 556 563 798 828 831 985
15 11 46 237 242 252 371 381 452 472 566 642 692 827 916 947
12 287 309 353 402 407 440 494 500 675 699 787 793
8 275 374 515 530 655 727 891 923
9 32 221 225 452 493 539 739 793 890
12 145 197 266 281 337 646 666 677 685 713 827 838
13 64 148 190 329 356 364 372 428 614 754 793 916 950
11 2 14 41 183 205 317 380 403 533 675 718
8 37 119 245 387 463 575 590 700
10 13 80 123 167 236 346 534 559 715 829
11 12 249 306 391 511 543 632 688 846 880 930
8 55 200 362 601 752 829 841 964
6 152 179 235 360 491 719
8 15 17 194 285 607 684 687 744
12 101 147 253 345 449 560 581 717 747 794 958 964
6 260 470 492 742 787 973
10 56 57 330 504 593 665 790 809 926 994
6 292 396 553 613 706 866
7 153 169 264 311 547 643 846
8 69 77 292 382 561 658 730 970
11 1 35 86 299 398 496 549 673 714 740 831
11 106 164 283 453 500 543 570 599 751 829 956
9 152 288 412 536 553 614 767 780 880
4 26 323 499 534
9 57 61 141 412 511 604 817 942 998
8 11 152 334 592 639 762 781 830
13 29 128 219 239 247 251 336 364 443 634 665 711 912
11 55 131 153 166 503 537 545 570 631 679 865
10 72 211 290 345 351 377 405 767 769 771
6 160 224 324 531 779 907
12 47 58 153 216 306 343 400 511 651 669 706 757
9 120 134 278 354 381 590 746 853 995
8 248 257 265 323 335 620 662 898
8 23 207 449 517 765 817 848 870
10 51 89 190 268 283 553 660 721 743 832
10 90 120 232 289 317 406 435 525 960 971
8 115 194 463 479 550 636 806 906
12 13 75 122 239 349 430 453 558 877 883 908 964
8 150 160 433 463 574 659 740 980
6 129 444 546 645 924 944
7 99 144 562 596 845 926 929
12 190 198 474 481 483 585 660 710 801 808 850 972
15 84 151 265 289 397 400 436 454 472 501 686 738 844 871 938
11 124 147 259 384 412 431 713 745 747 806 864
16 112 190 191 268 362 429 501 601 604 609 676 740 781 819 856 902
11 68 138 140 371 447 460 690 836 846 899 999
5 13 423 528 532 669
10 31 47 168 269 420 635 681 852 905 983
12 212 260 368 436 563 627 672 678 842 961 976 993
10 256 274 327 608 654 712 747 831 890 934
7 53 179 334 703 907 936 955
9 326 358 605 686 722 832 844 859 862
7 211 615 635 659 742 789 798
10 14 41 83 255 263 288 416 483 879 908
14 35 53 97 236 289 426 466 504 513 558 673 809 892 917
13 10 25 81 160 211 241 314 416 627 748 825 969 988
9 295 390 492 518 707 736 737 870 996
8 2 28 56 72 225 703 754 852
6 167 460 535 922 937 946
3 78 203 307
9 17 251 269 660 688 820 836 862 910
9 57 228 307 383 620 632 737 738 960
14 48 93 134 142 225 542 585 655 689 766 770 848 908 973
6 49 443 514 538 765 909
7 178 237 774 776 786 899 990
8 35 124 323 465 606 735 790 871
15 176 180 226 358 455 528 542 544 548 737 765 785 814 889 930
7 296 333 380 498 633 799 816
9 5 167 178 243 408 457 642 744 904
10 51 71 90 318 364 619 621 636 661 757
7 41 168 443 582 674 919 934
16 14 38 47 48 154 233 486 504 555 649 810 825 896 909 957 996
6 183 527 569 847 872 944
5 116 344 375 770 955
6 63 110 114 156 510 587
8 71 322 380 578 865 895 904 917
12 10 75 199 258 301 385 638 692 721 733 761 776
13 10 18 61 228 378 402 585 669 698 729 742 752 813
12 72 106 120 143 193 420 549 612 855 916 962 969
17 5 46 58 77 163 202 282 351 524 647 665 678 714 807 816 851 884
8 2 67 317 399 587 676 805 863
11 26 186 204 418 508 566 611 763 775 783 810
12 115 128 133 306 352 375 411 452 621 753 837 879
16 9 36 204 233 350 393 490 524 538 586 686 740 743 798 827 959
11 209 229 318 680 692 715 878 900 954 960 975
11 29 267 316 391 426 571 725 806 858 894 895
10 51 168 233 251 292 546 683 844 853 874
11 13 171 399 445 473 565 577 637 674 812 822
13 84 117 364 542 613 618 656 658 689 796 851 914 973
11 48 165 189 206 243 249 393 538 695 865 883
9 45 372 473 499 544 570 616 678 843
8 10 26 144 257 333 570 736 809
7 3 283 326 354 432 922 990
13 33 73 87 216 309 392 429 448 494 531 577 850 892
7 422 640 661 694 695 816 980
7 154 353 377 379 637 713 915
11 106 135 196 235 264 422 544 589 738 919 987
12 34 42 230 320 450 499 599 693 761 816 825 967
11 94 104 140 498 534 541 670 705 737 762 845
9 121 144 189 681 693 808 918 976 999
13 17 69 270 349 363 383 682 792 840 854 898 904 941
9 4 110 193 367 570 584 782 900 999
9 6 34 191 489 508 576 577 918 986
6 39 72 447 693 904 911
14 67 91 220 300 341 349 366 418 484 539 639 764 902 996
13 64 145 176 230 314 521 591 636 666 749 798 821 901
18 9 107 113 133 342 374 444 496 569 589 620 643 665 689 807 830 904 918
7 135 315 386 485 701 837 939
16 15 31 114 117 160 185 203 247 314 331 397 424 446 545 550 735
14 11 143 209 220 292 328 363 432 480 511 515 695 851 882
7 22 82 120 151 284 312 383
4 20 33 55 490
15 69 131 313 344 417 485 542 623 672 706 802 910 964 980 995
8 86 217 477 651 672 849 939 992
10 102 134 201 260 376 396 707 723 818 847
16 44 95 112 177 193 292 384 419 481 497 538 584 688 775 787 957
15 59 100 112 150 163 279 465 490 607 626 702 733 743 744 916
14 1 71 90 151 308 343 412 434 657 672 696 731 874 948
9 240 472 523 655 658 665 802 854 964
11 3 80 174 240 633 696 844 897 905 908 916
7 313 372 467 630 666 725 890
6 41 53 161 274 604 961
9 140 148 218 302 313 493 579 962 994
9 14 111 189 219 390 513 550 570 953
12 49 287 289 493 675 700 745 761 831 893 919 922
12 190 245 273 315 326 361 645 700 750 769 814 885
11 103 142 154 193 246 345 441 524 593 636 768
9 221 305 361 386 388 642 738 819 858
11 53 93 166 232 281 372 411 462 482 607 889
9 103 158 323 514 527 597 634 737 850
14 42 68 87 219 288 349 437 507 511 514 740 840 850 915
7 36 99 196 489 625 677 836
8 40 416 558 623 748 884 947 961
13 58 77 206 348 350 400 575 599 614 625 797 865 947
15 73 119 176 312 344 347 426 500 530 570 641 740 810 829 914
9 18 217 313 405 411 499 849 866 995
12 84 98 127 220 307 324 463 500 754 870 993 997
8 172 437 450 743 809 869 924 932
9 42 101 124 459 520 533 547 684 994
14 50 64 163 242 266 303 509 671 707 833 840 865 868 871
9 28 179 447 578 596 637 748 812 884
7 64 254 357 518 801 979 981
11 31 32 132 144 187 272 330 559 794 815 972
13 85 134 142 241 248 377 594 626 732 802 818 827 884
4 430 828 836 964
19 5 17 27 59 87 172 269 311 356 380 514 554 673 740 825 877 920 924 969
16 59 75 170 199 210 303 304 511 596 602 647 677 704 736 868 955
10 86 326 338 405 422 619 649 743 758 791
10 106 226 363 594 605 606 659 679 950 975
12 146 151 276 381 396 406 467 542 692 729 853 899
5 67 116 595 860 895
12 23 123 140 410 553 689 734 766 771 843 881 884
12 116 120 291 464 529 542 591 602 638 741 819 840
11 19 434 502 520 670 864 867 871 925 974 979
13 108 141 155 194 334 502 568 571 747 835 861 889 979
9 44 194 267 398 503 559 656 910 940
8 6 59 317 479 570 589 749 957
17 1 11 64 124 168 265 322 350 480 515 725 750 823 857 889 960 981
15 5 77 149 164 176 184 240 257 302 424 523 620 636 768 969
13 1 57 138 155 249 296 300 419 559 741 804 902 910
11 146 189 232 248 440 456 475 516 585 695 918
9 24 131 231 339 496 498 572 781 805
7 171 202 288 334 555 653 948
6 77 103 158 326 389 759
10 143 309 385 405 408 535 605 689 805 955
12 8 37 62 81 116 156 227 234 257 457 775 831
9 69 119 132 160 164 232 234 499 682
9 35 141 195 256 300 333 453 902 995
9 9 59 178 188 545 636 745 974 991
11 66 90 311 334 366 439 586 650 707 814 835
4 89 191 576 634
10 122 366 395 442 464 615 683 760 815 988
9 29 195 217 362 423 461 617 738 823
6 348 418 446 478 807 965
12 32 124 311 349 403 420 622 728 872 878 966 967
16 35 39 81 183 200 253 286 307 441 452 517 546 547 580 598 920
11 28 104 257 320 527 561 632 695 730 731 865
12 82 177 269 485 603 646 647 700 744 789 969 972
8 85 150 196 322 588 589 718 752
10 23 29 149 353 721 734 804 837 964 972
4 243 256 490 534
12 16 22 82 165 219 276 411 495 524 529 581 823
18 121 123 167 318 419 451 461 567 589 632 636 656 730 766 897 898 952 960
9 14 61 79 530 660 699 759 882 927
6 142 176 425 474 629 722
12 32 37 319 328 513 556 607 618 630 771 913 959
5 194 265 404 562 570
5 51 239 279 445 947
6 87 92 244 288 330 888
6 97 397 548 708 713 849
11 5 87 150 240 364 379 564 815 838 911 929
9 164 189 204 347 592 617 701 734 786
7 85 122 401 627 836 880 921
10 0 384 453 501 508 521 554 650 744 779
6 378 462 569 743 848 950
15 41 237 250 253 259 346 401 406 448 800 826 849 922 947 975
9 152 312 421 423 534 721 813 886 897
10 119 406 426 570 624 742 843 887 971 979
6 287 395 427 437 636 659
14 172 191 192 201 215 478 776 779 802 877 883 909 944 968
9 16 251 311 521 597 610 675 704 938
6 422 428 450 566 665 939
8 74 85 143 317 421 641 862 939
9 77 117 214 325 367 373 580 609 964
21 8 22 23 234 445 466 495 498 554 575 577 582 687 703 738 751 820 843 910 923 942
7 40 86 170 214 617 784 988
7 282 300 336 427 731 800 962
11 348 384 527 554 666 678 722 806 907 942 944
12 112 163 326 330 380 563 689 707 717 780 827 853
8 20 291 330 651 680 762 918 933
10 97 107 321 444 603 651 714 849 913 960
5 694 707 718 813 864
10 115 227 288 381 450 531 551 649 700 994
6 14 33 195 464 544 563
9 42 277 449 512 530 906 918 919 962
7 124 140 262 292 803 859 877
14 191 217 218 236 421 430 506 564 600 687 702 906 922 986
7 57 70 111 163 260 650 681
5 133 314 655 764 812
9 59 122 176 351 366 370 427 449 591
8 32 38 319 682 706 717 745 765
12 58 187 234 416 453 545 590 640 691 867 981 998
2 101 861
15 56 90 107 290 333 340 369 430 548 553 566 746 820 936 970
7 42 224 257 565 603 672 700
12 30 47 164 382 462 475 498 579 609 666 829 857
9 141 154 375 444 579 580 643 741 933
11 1 73 93 181 212 291 299 396 752 758 878
12 2 15 315 433 435 469 470 494 567 607 813 901
6 59 324 781 887 903 977
12 9 118 288 498 527 560 600 796 877 900 932 999
8 286 291 584 599 679 821 836 869
8 84 142 257 280 497 665 727 901
10 5 91 197 272 386 631 652 724 789 986
14 40 136 194 247 420 483 650 714 746 760 810 864 866 995
