600
12 6 77 93 106 249 278 290 324 463 481 496 571
6 18 129 171 195 379 556
9 158 245 254 260 298 452 458 471 580
12 4 41 157 196 251 279 284 291 297 470 485 592
10 3 72 167 240 386 395 417 500 570 590
8 14 92 171 187 350 418 521 533
8 0 236 296 472 519 552 575 594
6 17 27 103 118 288 322
8 74 137 165 224 344 345 348 580
3 33 39 283
6 91 166 194 342 432 561
11 72 78 175 233 283 407 417 427 474 523 568
8 38 133 277 389 412 415 590 595
5 93 182 298 460 529
5 5 181 278 316 431
8 56 60 193 274 412 449 536 585
7 59 208 285 293 348 462 524
11 7 53 65 76 223 312 436 468 515 537 592
6 1 65 165 179 361 451
3 96 543 582
7 187 259 330 471 487 511 595
9 56 87 91 199 265 318 328 391 441
10 82 96 154 265 299 318 347 442 448 452
6 87 93 189 323 476 564
10 126 128 189 214 218 313 320 414 426 536
9 82 171 185 211 249 255 265 368 555
5 226 355 426 481 591
8 7 30 80 274 318 362 458 535
10 56 127 222 235 272 446 496 545 567 575
8 53 91 126 215 230 320 474 577
6 27 108 143 372 473 572
10 49 88 89 103 145 250 319 361 401 528
8 145 150 155 220 293 315 323 560
6 9 163 264 378 481 594
7 139 173 235 355 445 523 547
10 48 233 273 275 379 391 426 502 567 582
9 129 189 293 370 387 470 531 535 585
10 145 166 280 345 392 393 446 462 517 557
9 12 91 141 175 189 252 494 567 585
7 9 200 269 303 380 467 568
6 118 279 415 445 471 596
9 3 218 263 280 333 376 378 525 536
10 125 152 245 260 285 330 382 455 487 576
7 52 138 156 360 387 432 487
6 182 215 281 327 349 534
5 63 124 284 403 530
4 117 128 448 536
3 114 124 264
6 35 90 124 135 467 558
8 31 135 173 307 361 378 395 409
7 87 150 269 306 320 377 407
7 82 136 203 206 316 335 360
3 43 147 465
8 17 29 56 173 252 315 439 516
7 63 116 149 181 199 236 497
5 70 219 318 519 594
9 15 21 28 53 85 227 244 352 500
11 83 99 190 277 280 295 326 390 450 552 567
8 84 177 252 300 322 325 412 507
10 16 71 164 205 252 326 405 483 501 567
6 15 194 198 428 454 559
10 126 158 161 169 311 353 443 499 548 583
6 152 178 312 431 515 518
12 45 54 83 150 308 334 355 385 416 459 478 512
9 112 161 251 268 311 457 525 573 596
9 17 18 124 192 239 362 385 477 554
4 176 273 275 450
5 133 306 319 348 555
7 173 240 260 341 364 541 597
9 302 355 405 408 463 487 497 569 592
6 55 131 136 269 420 439
10 59 114 128 186 225 353 415 431 482 491
6 4 11 115 469 516 576
5 152 218 329 398 589
9 8 141 266 477 492 500 523 540 559
8 134 199 206 272 312 464 505 529
11 17 80 206 266 277 302 326 331 386 445 459
9 0 139 260 275 277 321 463 475 500
12 11 151 187 251 339 366 375 467 470 511 542 558
10 129 164 165 318 370 394 483 547 571 594
5 27 76 97 250 574
5 95 119 256 316 366
7 22 25 51 182 329 421 540
7 57 63 254 257 334 371 528
7 58 147 228 360 455 457 560
9 56 148 333 372 489 518 523 563 572
7 178 291 388 446 450 537 545
10 21 23 50 111 221 342 350 375 425 478
7 31 137 321 413 508 584 589
9 31 117 205 292 310 360 508 533 561
8 48 137 284 392 425 472 557 564
10 10 21 29 38 131 191 205 264 414 574
5 5 223 248 348 349
7 0 13 23 235 237 501 590
4 206 313 316 355
9 81 183 192 208 306 332 419 516 525
7 19 22 180 278 313 424 581
8 80 206 301 319 384 531 535 575
4 288 438 504 520
10 57 173 180 264 338 386 397 403 461 527
6 106 282 287 310 363 555
10 240 253 297 299 317 350 352 354 367 559
5 327 328 466 521 563
11 7 31 122 132 143 147 166 255 297 336 466
8 131 207 210 224 295 316 514 591
2 185 354
10 0 100 150 261 307 414 434 444 472 525
9 119 184 191 406 418 457 473 514 573
12 30 141 144 162 169 208 441 517 522 531 542 559
4 158 215 233 575
4 272 321 340 415
6 87 186 474 488 507 590
8 64 214 230 251 279 353 453 477
6 146 160 213 329 491 592
7 47 71 216 413 551 572 573
7 72 261 343 356 421 450 559
9 54 192 298 304 373 375 430 492 546
4 46 89 334 567
10 7 40 119 132 234 267 269 292 368 462
8 81 107 118 165 182 252 432 443
5 201 219 221 320 517
5 189 218 387 556 565
10 103 135 136 185 275 289 464 473 552 589
3 137 245 528
10 45 47 48 65 225 231 256 384 483 593
10 42 132 189 246 285 317 389 445 461 478
5 24 29 61 173 378
6 28 140 258 277 327 341
9 24 46 71 160 242 255 295 387 572
11 1 36 79 183 340 348 357 438 510 523 593
12 189 259 291 312 316 435 438 440 444 489 505 530
7 70 91 104 183 221 271 541
8 103 118 125 147 287 465 546 559
4 12 67 312 460
3 75 294 378
12 48 49 122 279 302 334 339 372 428 460 470 555
8 51 70 122 173 337 403 496 524
9 8 88 90 123 337 375 381 469 571
8 43 319 405 479 503 510 545 589
5 34 77 191 248 357
8 127 151 194 246 295 402 437 478
4 38 74 108 308
5 177 338 499 536 580
5 30 103 219 438 596
6 108 191 263 437 480 570
7 31 32 37 183 201 269 427
5 113 200 431 493 495
9 52 84 103 132 255 266 323 334 577
7 85 282 295 414 424 505 512
6 54 167 169 208 229 305
11 32 50 63 106 229 312 364 421 469 494 587
9 78 140 162 276 288 328 350 421 492
11 42 62 73 267 375 406 474 512 521 559 569
1 288
8 22 186 208 265 345 483 553 567
7 32 196 201 447 498 556 568
8 43 204 212 222 231 253 259 348
4 3 320 386 479
9 2 61 109 290 331 340 390 496 592
10 192 264 266 341 343 481 554 569 586 590
7 113 128 161 307 541 553 587
9 61 64 160 195 392 414 422 522 542
8 108 151 178 484 516 566 578 587
5 33 217 263 266 299
6 59 79 383 388 439 540
12 8 18 79 119 172 293 332 378 469 521 582 590
6 10 37 103 204 226 519
4 4 149 462 577
7 273 387 421 491 512 514 551
8 61 108 149 200 238 240 328 436
4 320 359 368 579
7 1 5 25 263 519 530 545
5 165 224 420 470 542
14 34 49 53 68 99 126 136 186 196 267 316 487 549 580
5 230 346 448 459 473
3 11 38 319
6 66 266 323 383 454 491
7 58 142 312 335 352 435 581
11 62 86 162 189 253 328 346 348 356 489 592
7 18 225 364 381 392 432 481
5 96 99 219 380 527
10 14 54 186 191 210 275 316 338 557 587
7 13 44 82 119 289 308 456
6 95 129 131 145 341 564
8 107 206 238 243 282 346 470 556
7 25 105 122 216 305 468 569
9 71 111 154 173 181 210 222 249 599
8 5 20 78 243 326 335 427 529
11 195 306 353 408 436 457 468 494 525 583 592
15 23 24 36 38 121 125 130 178 205 259 293 298 423 483 498
5 57 201 218 340 468
9 91 107 139 144 181 225 318 371 589
9 65 95 116 159 246 379 406 480 592
4 15 259 367 432
10 10 60 140 208 256 326 366 462 475 480
6 1 161 188 268 343 384
5 3 155 173 394 578
6 260 313 369 380 449 548
2 60 344
6 21 54 75 219 322 598
5 39 146 169 404 553
7 120 145 155 190 287 346 460
7 343 351 366 371 390 574 579
3 51 277 434
9 156 166 276 284 296 323 486 501 581
8 59 89 91 189 224 288 413 502
9 51 75 76 94 97 184 491 514 559
5 104 334 404 406 531
12 16 95 108 149 154 194 252 270 324 522 524 573
6 255 348 409 440 496 584
5 104 181 186 236 326
6 25 336 359 379 448 554
3 156 352 572
8 113 314 318 425 516 540 577 587
6 24 112 348 393 433 568
7 29 44 109 287 476 517 522
6 114 185 369 465 531 538
6 163 323 389 447 498 529
11 24 41 73 121 190 309 414 467 486 547 598
7 55 120 143 180 199 295 556
5 32 287 329 393 491
5 87 120 131 282 346
11 28 156 186 252 265 267 324 455 520 533 541
6 17 92 254 507 574 575
6 8 104 172 205 321 517
12 71 124 179 191 302 324 424 427 443 491 561 589
4 26 166 347 350
8 56 260 271 373 393 441 537 595
6 84 245 280 328 460 473
9 149 150 241 294 426 494 527 538 545
8 29 112 174 233 284 424 520 539
4 124 156 269 357
4 277 494 515 583
11 11 35 109 230 290 324 362 383 392 510 550
9 118 280 299 394 402 458 461 513 548
8 28 34 93 284 339 396 488 543
6 6 54 210 308 320 560
7 93 241 319 355 420 475 487
4 169 184 417 581
5 65 256 336 407 535
10 4 68 101 169 264 288 321 363 451 502
6 229 237 355 444 480 490
4 128 321 366 592
6 184 187 295 460 481 498
5 56 374 426 467 474
6 2 42 123 228 345 577
6 125 140 192 272 383 559
3 312 346 593
9 92 139 272 301 362 384 470 484 558
6 0 25 186 357 413 429
8 31 80 414 423 455 489 518 533
9 3 64 78 112 269 279 376 428 454
11 38 53 58 59 119 208 222 305 306 330 486
10 101 156 178 279 300 314 403 493 552 574
8 2 83 223 295 301 400 427 599
7 25 103 128 147 209 559 584
16 81 124 194 239 311 328 337 345 351 428 489 495 503 516 528 568
3 83 351 490
6 127 330 381 397 433 438
9 20 130 156 189 193 308 335 338 374
8 2 42 68 77 197 227 286 318
5 106 115 414 467 501
8 267 270 307 364 367 448 472 499
8 41 144 163 171 360 478 517 588
7 33 47 91 99 159 240 594
8 21 22 25 154 222 269 270 504
12 74 76 147 159 163 176 335 349 429 506 510 541
10 118 152 173 222 262 333 345 356 532 589
7 64 195 300 301 399 490 503
11 39 50 70 118 145 231 251 265 315 443 448
4 208 262 265 499
6 131 227 347 567 569 580
8 28 75 110 246 248 369 371 596
7 35 66 168 277 388 392 396
10 15 27 297 301 320 351 386 412 511 513
12 35 66 77 122 181 290 370 395 456 565 578 593
12 151 204 341 354 414 430 433 512 538 548 554 578
12 12 57 76 77 127 203 232 273 382 417 500 509
5 0 14 96 312 328
8 3 40 112 135 251 253 375 532
10 37 41 57 228 234 318 393 451 491 563
4 44 452 488 596
8 100 148 184 221 376 380 396 487
3 9 11 363
9 3 45 90 204 230 235 404 473 485
6 16 42 125 374 380 539
4 260 364 402 467
7 100 132 201 215 220 292 544
10 7 98 151 153 205 240 463 492 503 520
4 122 182 430 471
5 0 158 233 275 421
7 3 86 130 358 485 487 569
8 89 118 287 352 361 373 380 594
10 16 32 36 165 189 378 404 429 549 577
11 134 229 315 318 325 384 465 489 501 514 582
15 57 104 128 140 148 219 243 254 321 404 417 443 449 483 542
6 6 204 347 394 548 590
6 3 101 103 274 313 394
8 2 13 116 189 372 418 463 592
7 22 101 163 234 359 409 593
7 58 253 268 375 432 435 593
8 97 248 254 268 274 381 393 573
7 69 76 135 225 409 446 498
5 39 365 367 411 577
4 116 344 398 516
9 149 185 252 341 420 437 480 495 574
10 50 67 95 188 252 396 410 460 469 480
7 49 106 160 262 380 382 506
9 63 141 182 236 259 440 505 576 599
5 218 380 424 466 566
5 89 100 375 423 498
6 61 64 256 343 453 514
11 17 62 75 130 133 150 177 247 278 471 520
9 24 94 96 197 297 344 418 489 521
4 213 253 461 524
8 32 53 269 294 324 378 505 515
10 14 51 81 94 104 130 173 181 365 471
5 101 125 436 531 585
15 21 22 27 55 79 191 213 260 280 294 373 388 471 475 524
8 31 67 97 138 175 237 400 476
13 24 29 50 120 157 170 236 274 321 395 506 534 573
14 77 88 110 224 240 242 295 320 355 387 433 446 508 516
6 7 58 199 370 422 591
10 23 32 147 176 204 217 345 453 543 572
7 0 208 222 225 233 315 388
5 58 294 499 503 569
9 57 59 76 187 194 210 328 368 501
7 44 102 127 395 440 556 558
12 21 102 151 169 178 228 256 278 326 500 555 566
8 73 82 113 220 362 408 444 553
7 20 42 252 258 476 576 592
8 76 158 371 442 456 469 476 498
5 95 165 406 421 539
5 41 85 267 393 466
8 63 83 117 135 147 207 370 392
9 51 177 187 259 266 336 465 550 570
6 103 211 239 335 497 565
5 136 137 256 417 426
8 99 142 181 259 437 463 468 512
5 78 135 235 454 520
8 110 129 158 190 359 404 471 563
11 68 127 159 183 276 305 354 410 482 506 597
5 10 87 389 425 562
10 115 159 195 202 311 410 421 439 527 534
7 8 198 304 313 345 454 576
10 8 37 154 245 256 267 323 344 496 510
11 174 178 184 201 221 247 370 383 384 392 501
7 22 226 271 296 477 496 521
11 8 16 67 92 129 156 178 209 214 349 471
6 44 92 266 348 416 417
10 5 87 101 151 226 401 431 527 542 568
8 202 256 257 274 449 451 515 572
7 56 101 177 212 292 444 580
7 61 71 112 188 411 455 543
9 101 105 276 341 380 445 449 478 545
10 26 34 63 69 94 237 241 321 459 593
7 115 178 267 366 415 562 586
6 129 139 231 249 359 475
5 291 384 425 472 501
6 170 211 299 340 357 493
8 43 51 84 89 263 500 575 583
6 18 31 49 292 373 398
9 27 65 233 248 329 400 420 439 536
8 100 240 283 385 431 454 549 567
7 68 150 179 262 286 490 527
5 303 316 420 556 564
9 78 81 194 202 242 356 378 470 515
5 101 193 262 303 577
5 25 118 170 326 404
7 197 216 272 396 426 433 517
10 36 79 275 322 334 346 426 430 573 583
8 83 191 202 272 331 463 504 521
4 30 85 135 298
6 116 227 292 318 361 483
9 244 259 285 400 457 460 464 553 560
10 78 87 116 137 152 279 300 310 507 580
4 41 251 282 585
4 50 493 526 543
11 33 41 49 126 134 165 293 315 366 459 553
7 1 35 192 211 405 476 555
14 39 180 197 282 285 292 307 309 354 458 471 500 562 583
5 137 179 258 301 453
6 42 277 307 410 438 532
8 164 176 233 246 346 474 521 532
11 97 124 195 248 294 346 358 454 535 585 594
7 63 65 363 422 495 497 512
8 4 76 99 157 274 477 489 579
9 36 43 121 128 168 321 436 501 553
9 86 164 273 318 324 397 451 457 489
4 12 125 217 342
7 57 158 202 405 470 537 599
5 21 35 546 574 577
11 37 90 161 179 233 273 334 346 426 456 566
10 37 214 220 227 280 301 333 409 436 450
5 79 196 234 296 297
7 4 49 275 320 327 421 501
10 235 273 282 306 369 416 474 491 508 516
8 99 258 388 446 480 499 533 543
4 73 304 361 470
5 268 474 506 552 599
7 254 319 362 374 431 524 590
3 31 350 444
4 140 234 286 518
7 45 99 136 253 467 469 539
9 200 207 284 293 295 340 368 447 492
10 59 69 138 379 390 492 521 527 583 592
8 107 152 192 207 332 429 441 488
4 11 50 239 441
5 69 188 329 560 582
6 49 209 299 302 393 511
6 306 341 343 382 424 551
7 303 353 448 516 535 578 594
8 12 15 58 274 437 462 478 598
6 88 114 205 249 458 594
13 24 91 106 148 161 218 250 261 276 424 439 531 549
6 12 40 71 110 356 446
3 63 349 396
10 4 11 238 277 295 337 349 456 488 555
6 5 107 298 313 513 587
3 95 481 586
7 70 172 237 305 362 365 563
11 82 115 150 151 168 290 332 343 395 441 533
6 161 322 385 489 502 577
5 189 250 310 474 486
9 96 148 225 230 309 410 414 576 583
10 87 90 213 342 358 473 484 501 534 595
14 24 26 35 229 244 337 369 370 392 442 549 557 561 587
5 11 145 187 225 254
6 60 135 251 256 524 527
5 249 266 293 406 508
5 116 276 289 370 447
7 14 62 71 146 350 363 400
9 10 43 119 179 193 300 492 514 584
8 214 258 276 321 369 459 476 511
5 106 203 449 500 577
4 130 177 300 519
7 17 169 188 317 387 393 558
8 140 144 305 338 412 489 542 555
9 98 129 130 143 258 382 542 566 595
8 53 70 164 343 362 414 543 561
4 130 209 308 327
8 21 108 227 406 407 421 461 540
6 22 331 426 463 526 566
6 61 119 225 269 295 482
10 106 130 241 329 352 401 514 528 551 565
9 34 40 76 125 354 504 563 582 596
9 28 37 86 302 321 397 415 480 508
7 155 217 404 430 463 494 595
8 22 46 174 211 262 269 411 532
9 15 197 295 351 354 434 482 483 552
9 57 66 86 115 393 454 514 576 580
8 18 240 280 351 388 521 543 592
3 2 22 281
5 112 311 323 381 551
10 60 176 251 339 344 363 384 450 490 524
6 42 84 222 250 353 518
9 182 275 331 392 417 527 531 549 594
8 64 84 107 188 374 388 500 587
5 2 27 234 380 413
8 63 76 174 355 378 433 482 514
13 13 133 135 201 228 243 306 374 467 495 520 523 556
7 99 125 234 314 441 532 585
6 16 37 118 167 194 412
10 0 69 77 288 298 338 371 442 447 485
4 75 122 374 584
6 52 132 216 294 335 566
6 102 103 309 333 496 541
10 39 48 78 218 244 261 286 403 460 477
7 17 185 188 190 338 491 519
9 72 137 150 165 306 331 403 476 573
11 3 36 78 135 172 184 248 366 390 398 511
11 2 20 40 289 312 316 318 340 348 380 587
6 6 90 106 262 358 553
8 30 107 122 174 228 284 425 554
9 11 29 111 152 244 383 396 399 423
5 77 194 237 318 357
9 23 215 319 330 331 379 433 469 502
7 65 74 112 347 386 467 506
10 63 87 125 140 263 354 412 502 557 581
4 138 157 542 590
10 144 192 194 241 305 306 397 446 512 552
7 0 26 33 159 179 243 419
5 71 341 443 449 459
9 59 79 124 154 189 295 373 449 498
5 162 248 425 496 554
4 3 284 291 463
5 204 218 252 423 502
8 20 42 43 69 173 237 282 291
7 111 235 281 406 417 512 550
12 85 130 178 250 256 294 313 386 388 422 437 499
6 241 257 268 364 454 585
12 71 113 168 176 206 220 225 280 396 468 528 591
9 74 116 151 288 404 405 432 560 592
6 146 253 359 377 549 582
7 38 150 188 229 232 447 576
6 146 256 305 385 460 511
10 0 28 136 158 209 345 347 466 484 550
4 54 69 336 385
11 155 189 217 243 302 310 331 483 551 562 586
12 61 142 262 270 325 397 489 503 514 535 551 591
11 4 56 74 77 277 328 360 380 434 457 553
14 59 93 204 261 294 326 346 358 387 395 425 537 583 591
8 35 205 240 422 476 478 486 589
9 138 256 268 288 325 499 537 582 598
7 98 265 371 445 521 544 558
5 75 130 148 308 315
6 266 307 320 341 399 477
5 58 111 223 375 530
6 88 89 321 396 429 446
3 277 593 599
5 129 138 233 266 345
8 20 78 274 409 433 470 495 552
9 63 148 152 168 276 338 385 480 488
4 234 274 418 578
11 104 107 168 206 294 311 432 444 450 459 499
9 17 62 232 315 351 366 535 563 579
10 53 72 95 162 213 256 304 321 396 411
9 37 108 120 215 224 263 369 553 585
9 62 85 250 402 455 527 529 544 576
6 6 55 166 171 435 468
9 98 222 230 288 312 339 460 535 558
13 5 102 152 165 313 347 371 383 405 451 504 558 584
5 108 161 208 215 587
8 11 34 74 85 129 460 528 596
11 16 136 208 314 318 400 428 454 536 548 596
5 41 64 95 106 188
3 377 442 575
10 99 180 229 343 350 364 405 428 456 518
7 31 83 123 256 444 491 523
8 13 75 187 217 518 534 568 569
5 45 130 171 507 578
8 36 97 108 207 216 317 414 456
6 267 279 382 383 448 461
7 5 89 222 250 397 421 598
5 44 320 343 425 529
12 27 36 97 239 384 411 499 515 520 555 558 578
8 15 24 41 46 142 362 524 560
7 17 86 227 390 501 503 555
5 216 229 276 541 567
5 230 285 332 403 544
5 74 82 164 213 441
7 68 131 160 222 266 466 538
10 78 108 161 172 295 350 437 438 479 563
9 19 235 323 353 377 397 439 451 578
6 287 504 518 539 552 587
7 28 86 138 171 229 354 592
4 116 132 391 564
3 34 79 218
6 61 197 234 276 296 524
8 173 293 363 414 426 456 493 557
5 233 335 488 496 567
9 114 168 410 444 453 498 499 555 591
9 6 57 122 253 399 449 480 511 544
11 154 160 200 329 374 378 387 472 500 517 558
6 65 159 211 276 473 484
11 25 67 100 135 328 379 417 437 535 537 551
9 1 121 155 184 219 327 365 460 587
6 37 90 181 426 478 549
11 48 78 248 327 436 504 520 521 535 553 575
10 60 74 101 108 115 132 152 206 246 255
8 32 84 236 374 408 492 536 579
5 10 89 225 426 439
4 342 356 380 498
9 85 102 280 340 420 445 515 542 566
6 23 90 183 365 546 576
4 121 275 336 444
9 162 309 328 392 438 442 465 563 591
11 28 35 38 57 59 117 154 271 363 538 550
7 11 39 155 214 256 350 529
8 69 152 159 185 271 291 325 529
3 4 144 335
4 0 79 137 595
7 30 85 114 128 212 323 351
8 64 107 114 208 301 320 370 469
7 80 91 202 223 253 305 391
8 6 28 97 109 223 360 526 558
10 42 72 308 330 344 424 450 494 518 564
11 29 147 167 213 245 293 303 367 391 422 434
9 162 196 275 276 411 513 530 535 543
5 170 202 386 515 560
8 2 8 142 173 271 352 375 450
5 96 177 204 238 478
8 19 35 165 294 408 445 493 503
9 61 188 232 360 370 380 405 424 501
6 88 209 255 432 464 521
11 15 36 38 317 376 384 461 490 517 592 593
5 159 356 419 498 590
12 150 160 162 181 213 418 426 457 471 522 544 556
2 263 592
8 73 88 122 138 191 225 267 502
10 4 12 93 111 159 165 296 400 479 586
8 26 104 322 491 499 501 551 566
17 3 17 69 113 158 178 188 192 242 298 330 405 451 492 545 585 588
9 124 129 247 275 299 300 355 509 585
10 6 33 55 79 264 292 384 411 413 456
7 12 20 227 425 438 447 571
8 40 64 143 272 281 445 523 524
2 68 341
5 199 218 412 503 533
6 186 254 308 390 399 509
