100
3 22 26 91
2 24 35
3 13 74 75
2 23 64
1 63
2 33 80
5 21 41 45 47 93
4 27 29 47 74
3 31 73 90
3 57 63 69
2 13 17
7 52 57 31 39 42 45 99
1 79
3 2 10 32
3 63 88 90
3 54 39 92
3 25 85 92
7 58 10 64 65 28 35 90
5 20 30 44 79 95
1 44
4 18 71 22 41
2 6 47
5 0 62 20 78 90
3 3 74 84
2 1 74
2 16 43
4 0 58 33 79
4 7 57 69 78
1 17
4 7 36 41 99
1 18
2 8 11
1 13
4 53 5 26 81
4 56 75 79 98
3 1 17 85
2 53 29
2 61 86
1 81
4 49 11 15 82
1 49
3 6 20 29
2 11 79
2 25 90
2 18 19
2 6 11
3 54 57 60
3 6 7 21
1 95
2 39 40
2 70 78
3 67 69 72
3 11 54 99
5 33 36 59 63 66
3 52 15 46
1 70
1 34
5 9 11 27 46 80
3 17 26 91
1 53
2 46 81
2 37 80
1 22
8 4 53 9 14 76 83 88 97
2 3 17
2 17 70
2 53 95
1 51
3 75 88 96
5 51 9 27 79 87
4 50 55 65 82
1 20
1 51
1 8
6 2 7 23 24 84 95
3 2 68 34
2 63 80
1 90
3 50 22 27
7 12 69 18 26 34 42 90
5 5 57 61 76 97
4 60 33 38 99
2 70 39
3 63 85 95
3 74 23 98
4 16 83 35 97
2 37 88
3 69 92 98
5 63 14 68 86 96
1 90
9 8 14 17 22 77 79 89 43 99
2 0 58
3 15 16 87
2 6 98
1 95
6 48 66 18 74 83 94
2 68 88
3 63 80 85
4 84 87 34 93
5 52 11 29 81 90
