600
5 41 163 192 297 388
8 96 130 159 285 321 460 480 588
5 52 246 344 506 590
9 22 115 246 320 401 425 491 498 568
5 26 49 220 531 532
7 117 169 402 432 553 570 579
5 14 293 355 392 422
6 81 103 158 165 285 295
4 42 93 262 443
7 31 372 379 386 404 451 593
4 319 353 354 507
7 80 81 159 171 386 544 569
5 125 180 256 378 592
7 159 279 303 392 499 507 548
3 6 271 284
8 42 154 239 301 411 428 546 559
7 71 90 129 266 296 550 581
5 21 50 77 173 456
6 57 80 132 232 400 524
5 140 144 198 475 596
3 223 270 347
10 17 25 112 313 327 448 494 511 536 562
11 3 51 54 153 184 194 251 337 371 390 508
5 81 179 213 425 440
2 254 483
12 21 60 98 135 184 197 204 256 311 521 536 586
9 4 93 101 168 244 278 410 528 581
9 50 148 223 314 335 371 457 500 526
8 32 328 362 381 411 425 519 560
9 32 67 161 244 334 375 444 508 562
6 140 233 369 539 551 568
9 9 153 187 247 278 571 577 594 596
12 28 29 38 75 235 301 345 378 473 570 582 584
6 106 265 327 342 443 526
6 106 149 175 278 313 426
4 52 138 387 472
7 154 194 256 431 495 509 534
6 138 267 312 510 554 592
11 32 51 73 85 112 128 159 172 206 234 346
4 157 296 376 556
6 246 304 391 474 568 575
7 0 156 255 283 301 439 441
10 8 15 93 224 264 391 416 462 481 592
10 275 303 310 368 412 430 505 510 538 540
10 79 173 288 307 339 426 450 475 493 594
7 64 142 154 310 379 425 475
14 72 74 243 252 273 301 356 418 473 503 540 580 593 594
9 69 102 114 171 228 434 461 469 534
5 81 215 310 386 452
11 4 96 97 98 113 135 169 209 272 360 370
10 17 27 101 136 184 253 309 447 458 597
4 22 38 209 490
8 2 35 231 287 337 439 518 567
5 198 211 336 407 511
9 22 91 162 188 313 319 439 556 575
6 85 256 299 374 415 497
6 63 115 165 280 488 537
4 18 68 332 559
7 169 186 327 328 468 495 581
5 96 192 262 266 346
10 25 129 162 198 263 302 459 563 573 581
10 71 123 176 212 213 347 403 416 558 580
4 321 387 428 434
13 56 93 113 130 168 180 223 388 446 500 515 521 586
5 45 73 311 593 595
8 126 156 163 238 302 336 528 599
3 136 264 302
11 29 132 154 251 279 341 404 453 485 517 554
9 57 73 84 219 264 336 481 525 594
5 47 209 222 484 487
8 90 127 147 323 383 459 461 571
11 16 61 146 163 174 186 330 357 538 562 579
4 46 243 280 537
10 38 64 68 92 177 433 444 459 473 524
8 46 239 245 250 341 402 522 593
8 32 93 99 167 347 361 371 442
8 123 215 253 261 321 376 544 590
9 17 88 215 249 347 395 407 462 518
9 150 171 185 473 478 486 506 527 538
6 44 211 307 341 433 528
13 11 18 117 129 141 173 276 331 373 437 488 532 595
13 7 11 23 48 108 185 260 272 384 449 493 494 516
5 151 414 429 437 481
8 112 153 235 368 405 444 470 583
5 68 297 301 519 586
14 38 55 90 168 225 267 315 426 466 473 495 496 513 521
4 135 398 446 465
8 202 405 415 418 426 463 551 560
4 77 129 256 294
8 149 172 256 262 320 351 433 583
10 16 70 85 149 158 236 259 278 394 495
5 54 129 326 389 480
10 73 125 145 159 188 198 437 480 558 577
10 8 26 42 63 75 111 163 310 385 464
4 211 329 438 581
9 130 192 307 366 368 426 438 587 598
7 1 49 59 269 357 548 595
6 49 259 289 306 389 592
6 25 49 207 286 433 564
3 75 256 319
6 229 326 353 429 483 572
8 26 50 176 363 400 429 514 555
7 47 283 491 525 529 555 582
7 7 109 187 200 326 404 577
2 169 434
7 119 339 386 399 420 508 525
8 33 34 200 412 450 529 533 548
7 109 246 302 406 421 448 463
6 81 142 163 466 552 587
10 103 107 116 168 212 224 407 491 533 583
6 150 170 196 308 386 469
6 93 122 190 363 519 544
7 21 38 83 131 248 344 503
7 49 63 356 371 503 540 578
12 47 154 259 358 385 408 433 497 505 557 566 596
7 3 56 124 150 316 427 570
9 109 179 182 389 451 485 539 548 559
8 5 80 118 150 262 294 494 543
5 117 270 519 542 564
7 105 126 256 313 381 401 509
3 259 278 551
4 356 357 419 482
4 111 303 332 421
7 61 76 164 261 273 551 570
7 115 158 350 366 394 399 598
7 12 92 143 223 336 458 489
9 65 119 178 267 372 401 468 528 571
6 70 223 439 497 539 559
7 38 192 231 359 365 462 510
12 16 60 80 88 91 216 258 276 379 415 432 488
8 1 63 95 161 224 260 262 545
6 112 268 321 341 495 536
8 18 67 200 263 369 391 448 529
7 204 345 356 359 529 535 582
4 312 355 375 505
7 25 49 86 172 221 304 584
10 50 66 167 187 326 328 374 483 521 580
5 237 338 460 475 564
7 35 37 207 256 278 490 596
5 212 274 282 548 572
8 19 30 229 408 429 436 482 544
8 80 156 204 249 296 449 496 508
14 45 108 160 195 212 245 303 399 406 446 497 538 574 589
9 125 210 213 348 368 440 470 522 561
8 19 273 329 355 385 426 472 491
11 92 155 157 294 341 375 377 437 474 503 585
6 71 203 204 214 236 567
4 70 153 468 485
6 27 333 422 488 538 598
10 34 89 90 284 293 303 317 376 480 574
9 78 110 115 117 206 295 402 469 599
4 82 245 490 553
6 491 500 518 519 579 599
11 22 31 83 147 158 208 260 274 397 510 530
10 15 36 45 67 114 259 280 481 543 576
8 145 193 224 233 299 340 404 458
5 41 65 141 343 531
5 39 145 392 457 515
8 7 90 124 153 331 389 477 556
9 1 11 13 38 92 205 217 318 520
4 142 297 309 462
7 29 130 203 345 362 541 548
7 54 60 402 458 479 499 512
8 0 65 71 93 108 269 515 599
5 123 251 333 451 586
9 7 56 225 289 326 375 463 480 526
3 322 530 533
6 75 136 324 500 540 578
5 26 63 85 109 312
7 5 49 58 104 192 348 378
6 110 175 320 477 507 599
7 11 47 78 233 277 298 588
6 38 89 135 357 419 503
9 17 44 80 219 264 306 361 479 547
6 71 186 280 366 437 555
9 34 170 190 323 354 464 536 550 567
11 61 101 194 211 246 283 344 369 502 554 578
3 73 227 484
7 126 221 251 340 416 498 540
9 23 116 200 302 314 390 408 445 525
8 12 63 245 256 348 401 464 465
5 204 287 296 364 552
7 116 191 193 285 288 434 549
4 346 396 532 594
5 22 25 50 313 322
10 78 81 226 264 272 291 324 364 368 497
6 58 71 174 247 328 450
11 31 103 136 355 382 384 396 439 472 505 585
8 54 92 229 246 366 498 524 551
6 198 281 290 414 488 549
6 111 175 192 313 382 591
10 182 212 281 321 459 461 464 483 489 591
10 0 59 95 128 169 190 248 376 381 578
7 155 182 234 317 358 380 393
9 22 36 176 252 338 363 428 452 567
11 142 225 307 320 329 340 390 491 503 517 526
10 110 205 233 259 283 315 412 460 539 544
5 25 229 321 405 458
8 19 53 60 92 189 217 422 442
6 216 369 401 518 564 598
7 103 106 132 179 213 222 579
9 216 237 251 295 314 368 435 510 525
3 87 324 338
8 146 161 242 247 291 313 492 496
11 25 133 141 146 181 235 275 293 311 448 481
7 159 196 413 430 440 453 570
5 38 150 233 264 460
6 98 138 390 394 492 553
8 153 239 393 472 508 519 541 586
10 49 51 69 317 330 416 438 493 497 545
8 143 238 302 363 465 479 526 566
9 53 79 94 176 214 229 324 390 556
11 61 109 139 142 191 236 331 354 404 448 496
7 23 61 143 200 252 298 529
4 146 211 305 428
8 48 76 77 302 501 549 574 594
7 129 199 201 365 431 580 598
8 159 198 306 310 312 324 383 459
1 567
8 68 173 300 376 431 450 524 546
4 4 337 482 521
4 135 178 246 531
5 69 200 279 390 579
7 20 27 63 125 127 257 487
5 42 109 130 155 225
10 85 165 195 224 236 311 325 517 524 564
4 185 338 400 577
4 177 391 444 513
4 47 321 436 584
9 100 140 188 197 211 237 445 494 544
1 320
6 52 128 314 433 542 550
7 18 237 245 380 449 530 564
9 30 155 171 196 206 282 335 341 462
9 38 193 327 334 397 410 461 478 490
6 32 83 204 309 405 419
8 90 146 212 225 358 409 430 502
8 137 201 229 232 293 319 482 535
4 65 210 375 397
11 15 74 208 260 323 371 418 444 462 481 584
4 257 364 439 568
7 287 347 359 362 435 560 577
7 203 327 452 488 500 567 592
7 46 72 352 404 422 498 558
4 26 29 353 495
10 74 142 151 180 232 314 483 498 518 540
10 2 3 40 107 176 188 221 300 319 492
9 31 186 203 327 350 397 400 480 541
6 112 192 385 393 518 584
5 77 141 272 382 516
6 74 378 514 559 582 592
6 22 67 164 178 201 569
10 46 194 213 270 353 437 447 489 561 596
6 50 76 254 388 392 522
6 24 253 278 352 400 448
3 41 279 390
13 12 25 36 55 88 89 99 119 138 180 536 549 594
5 223 240 415 501 523
4 129 329 393 450
7 90 97 114 120 154 196 455
7 81 130 153 239 314 373 544
4 76 123 418 517
10 8 59 89 117 130 319 396 439 467 517
10 60 132 299 314 319 461 515 521 567 592
9 42 66 68 173 185 206 316 396 573
4 33 362 453 562
9 16 59 283 341 382 391 410 455 547
6 37 85 126 504 561 584
6 131 372 442 488 571 585
6 96 163 358 412 439 526
11 20 118 252 288 300 394 427 447 456 503 580
9 14 293 335 349 386 394 466 499 549
9 49 81 185 249 299 400 405 525 550
5 46 123 144 366 390
6 139 153 434 476 553 557
7 43 204 330 345 405 425 547
4 80 129 349 589
5 171 289 306 341 475
9 26 31 34 90 120 138 254 295 478
8 13 67 222 255 384 454 553 588
5 56 72 154 174 407
5 189 191 338 431 485
9 139 233 373 397 428 434 499 507 569
7 41 102 176 196 266 424 501
4 14 149 369 588
5 1 7 182 344 479
6 98 341 391 410 560 563
6 52 181 241 320 402 578
6 44 182 270 292 550 571
7 97 165 277 291 318 375 411
6 189 350 352 400 414 495
7 185 203 289 309 353 532 577
5 288 378 480 524 583
9 6 149 204 237 271 367 372 430 512
6 88 117 145 368 561 579
6 7 150 201 278 406 535
7 16 39 141 181 298 445 537
7 0 84 160 464 472 568 589
5 171 213 296 477 556
8 55 155 263 272 404 463 516 582
5 219 246 270 384 579
8 15 32 41 46 84 377 551 561
12 60 65 66 107 179 210 215 308 385 388 434 437
7 13 43 122 142 149 478 571
3 40 135 466
7 214 306 323 344 424 492 562
11 97 173 217 277 305 312 505 533 568 576 590
7 44 79 95 195 373 431 551
4 110 302 521 561
5 50 160 235 291 334
10 43 45 48 93 217 311 421 529 551 568
8 25 64 204 225 310 351 533 565
7 37 134 168 217 306 472 576
9 21 34 54 119 184 190 203 391 392
17 27 179 201 231 245 260 263 327 347 372 398 421 444 479 537 556 560
3 85 196 590
4 115 264 353 469
6 149 193 209 369 400 443
5 159 289 340 360 480
13 10 54 99 237 246 262 263 328 329 330 388 431 537
10 3 89 170 195 230 287 324 423 438 514
11 1 62 76 131 191 197 228 419 475 532 557
2 166 184
6 70 175 239 305 493 523
11 167 185 202 211 217 320 335 359 361 426 573
4 225 462 550 583
8 91 100 103 136 165 430 440 494
9 21 33 58 234 242 247 314 333 401
12 28 58 136 186 319 338 412 429 456 482 492 511
10 94 144 195 258 319 341 449 536 544 590
9 71 209 275 319 436 440 490 491 532
4 80 158 212 373
4 57 122 490 540
5 148 164 327 397 559
7 29 234 309 408 436 503 572
5 27 233 271 324 453
5 53 65 68 125 397
8 22 52 220 373 445 497 534 557
10 137 194 202 226 281 328 492 532 547 561
3 44 105 347
6 155 178 195 318 374 447
10 67 74 79 131 145 233 266 277 286 329
2 33 471
6 156 378 380 389 399 595
10 2 112 176 285 305 380 453 454 473 562
8 32 133 161 275 346 407 424 498
5 38 59 183 345 552
10 20 61 75 77 241 314 339 410 425 536
6 143 169 180 362 377 429
4 271 276 378 574
10 124 247 290 361 378 394 434 456 499 553
8 89 311 368 447 461 484 528 533
6 243 254 290 388 400 484
10 10 100 244 252 291 316 399 403 443 586
7 10 175 212 379 413 440 583
8 6 134 144 187 376 401 468 513
7 46 113 121 133 381 424 490
7 71 96 121 172 510 562 577
5 114 193 236 269 575
8 128 133 241 324 374 472 528 567
3 49 318 536
8 75 173 324 350 363 474 501 553
6 28 161 241 265 348 497
8 101 111 194 210 361 492 517 577
6 181 185 240 373 411 422
4 128 216 377 408
10 95 124 174 188 273 367 388 473 550 574
6 293 366 386 411 431 449
8 43 83 95 143 185 201 294 351
9 30 132 176 199 284 317 406 558 573
4 49 406 447 586
6 22 27 75 113 239 551
8 9 126 268 293 314 437 541 551
12 80 260 282 307 331 337 364 431 433 445 498 598
5 55 136 340 359 572
9 29 134 145 165 238 289 490 545 565
9 39 76 149 192 219 355 398 418 431
5 145 301 348 365 471
12 12 32 169 250 292 343 349 350 449 515 565 593
5 9 45 129 354 489
6 193 232 343 344 392 546
5 28 119 192 356 447
6 187 190 249 266 541 542
4 70 217 449 576
5 81 187 279 300 393
7 93 114 144 248 302 434 502
9 9 11 48 105 110 271 367 414 417
3 35 62 465
9 0 63 253 302 319 352 366 430 577
6 91 97 116 158 343 490
12 22 179 195 207 211 222 255 273 450 462 519 556
10 40 42 132 227 266 286 313 392 486 535
10 6 13 157 253 313 380 391 423 521 567
7 193 208 248 258 384 419 540
6 90 124 207 270 271 350
3 77 417 490
7 183 187 262 264 435 587 588
7 153 234 238 247 282 333 336
6 86 314 376 525 530 562
6 105 124 142 343 353 507
12 18 101 226 247 254 272 290 317 352 449 481 530
8 3 119 126 180 199 327 355 554
5 5 74 150 162 287
5 61 353 428 502 533
8 9 67 103 155 212 243 299 443
7 83 87 197 235 272 275 569
7 107 142 295 369 370 496 533
8 53 77 109 280 345 413 457 559
9 114 140 179 334 365 431 459 481 484
3 236 481 513
9 26 234 266 286 347 468 482 561 563
7 15 28 289 364 367 422 451
8 43 106 196 269 328 497 518 569
5 205 354 407 421 542
5 82 189 290 386 590
8 55 87 129 257 450 525 568 582
5 42 61 178 209 512
6 386 395 518 523 546 562
7 46 87 239 261 376 467 489
10 121 172 235 321 393 422 447 570 575 586
2 105 589
11 107 122 310 314 413 449 456 457 501 538 588
10 6 148 198 243 364 411 419 510 519 573
4 320 392 481 554
5 283 305 345 356 462
8 3 23 28 45 275 347 512 573
10 34 44 85 87 95 144 324 537 583 593
3 115 270 533
8 15 62 194 214 282 403 441 551
9 82 100 101 140 328 348 486 509 526
8 43 205 236 293 326 388 438 440
12 36 216 219 281 307 319 367 373 376 408 490 576
3 5 129 507
10 73 79 89 98 114 231 373 439 487 569
10 47 62 104 182 274 282 302 350 385 575
6 201 241 396 447 496 502
4 140 228 330 334
8 80 82 92 145 174 252 302 372
6 94 95 209 320 430 455
12 41 52 54 127 187 240 262 269 433 518 570 597
7 23 143 205 326 330 354 430
2 41 428
4 75 198 268 539
7 8 33 317 353 404 545 563
7 29 73 83 227 239 314 596
5 179 229 296 337 373
5 63 86 142 448 575
11 50 252 270 340 351 370 381 419 435 505 592
7 21 107 132 204 212 254 446
10 81 141 232 329 367 378 383 400 421 566
8 44 106 186 219 258 390 415 579
6 9 116 164 411 527 530
4 48 194 242 513
6 67 205 265 335 344 512
3 279 344 523
5 259 266 438 458 514
10 17 270 328 350 421 462 480 497 533 550
7 27 157 407 421 462 470 581
8 50 125 155 162 197 455 460 558
11 60 70 73 191 217 408 477 556 575 577 586
9 1 137 196 206 458 471 529 542 572
7 47 70 191 234 263 351 533
13 42 77 128 160 233 239 325 390 424 456 457 549 588
7 87 107 165 299 484 523 587
6 93 175 180 191 297 469
5 86 180 210 387 542
6 85 108 271 304 522 556
4 262 418 495 542
6 58 126 147 355 410 489
6 47 110 150 316 464 557
6 83 143 457 490 520 567
6 342 377 460 491 493 508
9 35 144 187 208 297 312 359 496 514
9 32 46 73 78 85 344 366 486 548
4 40 145 361 582
6 19 44 45 137 277 321
2 274 555
4 158 170 298 459
9 78 234 278 303 524 563 569 582 590
6 162 173 210 285 314 565
12 1 91 92 149 165 247 292 318 456 483 547 584
13 42 68 82 154 204 239 400 408 409 423 527 551 563
9 121 140 220 237 328 410 497 541 593
8 24 100 136 191 245 480 486 584
7 69 177 351 352 408 463 583
6 67 116 147 281 551 589
6 78 391 429 473 483 537
4 69 223 433 508
7 56 80 129 148 189 242 268
7 125 191 252 379 418 468 508
13 51 138 151 234 330 332 356 375 389 395 431 470 528
10 3 102 109 144 152 195 330 471 572 595
7 203 207 246 305 328 338 363
6 44 81 209 323 471 543
6 21 81 117 229 326 567
10 36 58 85 90 131 244 290 467 542 553
10 85 141 203 212 406 435 472 542 558 573
12 55 114 127 142 185 209 337 362 412 456 482 597
9 3 178 188 243 245 345 373 511 583
6 13 162 271 282 350 577
5 27 63 152 167 242
5 215 257 283 361 421
6 176 236 385 403 435 543
10 46 112 113 145 172 195 270 334 554 599
2 267 517
6 43 114 134 187 306 447
3 2 78 512
6 10 13 170 282 399 432
10 22 29 105 141 208 471 487 489 553 593
5 36 119 429 511 553
7 37 43 128 153 201 357 422
6 21 53 328 498 509 570
6 162 293 416 425 453 506
7 85 227 355 409 452 551 594
7 101 250 320 455 472 574 590
5 63 157 163 263 378
3 81 249 299
8 67 195 225 261 262 363 504 568
11 52 77 152 199 245 248 412 417 439 564 571
8 28 84 111 118 152 208 390 422
3 159 470 532
9 25 63 85 136 220 263 308 392 535
6 74 143 253 466 579 599
5 257 323 417 454 463
8 18 73 188 219 225 292 478 561
8 68 102 105 179 201 272 398 415
9 27 33 165 195 210 269 429 570 598
3 78 451 481
8 26 65 79 126 351 359 490 550
7 102 106 132 133 213 310 460
6 153 166 232 398 400 451
3 4 156 221
8 4 80 183 291 321 330 338 520
11 106 109 166 306 311 351 403 406 427 456 461
4 36 47 337 547
6 133 237 295 391 521 597
8 21 25 131 175 256 329 347 360
7 56 72 296 314 319 426 486
6 43 71 78 142 148 421
5 30 116 127 196 442
8 43 46 113 167 178 245 332 393
6 161 208 247 372 382 482
11 118 231 382 413 460 465 467 495 496 567 571
5 117 154 493 502 595
10 11 76 111 140 196 229 260 329 559 573
6 130 209 375 443 550 552
4 15 219 380 417
6 173 266 275 338 480 534
8 13 96 106 116 139 161 473 580
6 182 189 215 256 271 462
11 16 175 231 272 288 325 366 456 528 545 571
14 30 87 120 123 188 301 307 310 371 372 428 481 485 513
4 108 181 346 545
10 5 151 207 274 279 350 361 495 508 509
7 37 67 176 401 423 503 595
4 101 102 174 476
9 39 54 158 211 298 314 390 459 466
6 114 274 321 337 469 587
7 61 92 243 369 458 496 569
9 15 57 116 127 250 333 407 544 597
5 28 87 241 286 314
12 143 252 267 294 301 308 338 410 524 567 590 591
10 21 29 71 265 305 344 357 398 417 566
6 60 286 410 443 478 481
9 98 118 137 199 225 232 518 573 576
4 311 375 378 479
4 114 210 449 562
14 52 146 175 194 218 242 263 359 392 470 494 542 561 579
9 3 30 40 240 297 306 310 415 517
8 11 251 282 405 412 433 478 558
9 5 32 115 123 205 419 439 511 526
9 31 70 126 268 288 303 518 542 550
6 100 139 334 374 460 491
10 60 264 324 369 422 425 496 544 564 592
6 142 149 215 349 366 514
7 40 54 358 419 434 446 459
7 154 306 312 383 431 564 598
12 31 92 103 226 241 291 357 363 388 459 499 594
6 113 167 176 192 287 581
11 5 71 152 200 222 294 300 450 522 567 585
7 46 61 136 216 270 548 596
7 16 26 58 60 94 457 578
8 32 102 133 250 299 415 474 478
9 83 89 109 292 325 354 426 484 498
8 32 135 228 239 248 267 480 483
4 145 187 268 579
9 25 63 84 164 208 353 370 419 459
6 95 108 396 463 557 591
7 1 171 279 284 396 421 462
5 142 276 297 420 485
9 2 76 306 315 329 414 478 514 561
4 190 191 561 587
9 12 37 42 97 242 250 263 447 573
8 9 46 64 74 378 426 482 508
9 31 44 46 68 183 215 256 513 577
7 64 80 96 343 491 543 554
7 19 31 114 138 252 444 580
5 50 439 497 535 559
8 95 124 148 199 216 373 526 576
7 65 150 152 163 170 503 522
