100
2 71 95
1 79
1 90
3 53 72 98
3 45 31 71
3 12 24 39
1 65
2 84 85
4 44 23 31 71
3 25 34 89
2 38 91
3 46 57 81
2 5 82
1 34
8 54 59 61 63 30 88 90 94
3 59 67 34
1 27
5 53 25 36 37 82
2 62 28
3 81 26 83
1 89
1 26
3 78 38 88
1 8
2 5 95
5 65 9 17 26 31
6 44 19 21 83 25 29
4 48 75 16 40
4 45 74 76 18
5 46 80 26 38 92
3 62 14 84
6 4 8 78 25 91 39
2 51 39
2 59 92
3 9 13 15
1 83
2 67 17
2 79 17
5 60 10 77 22 29
4 5 76 31 32
3 79 27 95
1 96
1 78
2 48 53
8 8 26 58 68 75 90 97 98
3 4 28 47
4 11 29 53 73
2 45 94
2 43 27
1 78
4 56 74 86 87
2 32 85
2 63 71
5 43 46 3 17 86
3 14 78 83
1 90
1 50
3 11 89 91
2 44 66
4 14 15 33 62
1 38
2 14 64
3 59 18 30
3 52 14 91
2 61 97
3 6 25 99
1 58
3 15 36 79
2 44 93
1 77
1 80
5 0 4 52 8 89
1 3
1 46
3 50 28 87
3 44 27 85
3 28 39 95
3 69 38 91
5 49 54 22 31 42
4 1 67 37 40
2 70 29
2 11 19
3 12 17 85
4 54 19 26 35
2 7 30
5 51 7 75 82 95
3 50 53 90
2 50 74
2 14 22
5 57 9 71 20 90
7 44 2 55 14 86 89 96
5 57 63 10 77 31
2 29 33
1 68
2 47 14
5 0 76 85 24 40
2 90 41
2 44 64
2 44 3
1 65
