600
8 35 69 108 166 289 382 504 518
6 73 328 382 462 531 564
11 122 144 150 187 224 248 331 396 406 524 581
12 20 43 81 150 203 262 263 288 303 323 415 496
6 235 305 395 465 512 585
17 82 209 246 248 249 262 297 314 319 324 325 372 448 457 524 528 566
11 60 69 104 117 279 286 333 446 465 515 561
9 147 155 162 176 277 419 479 538 598
8 9 24 256 439 512 514 520 589
8 8 18 119 178 203 424 489 551
4 14 115 340 436
12 26 97 204 219 249 257 261 282 318 494 558 568
5 88 206 312 495 516
8 25 61 123 365 380 386 471 584
6 10 91 306 330 517 564
6 28 222 247 269 372 532
10 66 105 166 291 302 371 379 485 549 561
5 248 291 353 371 399
5 9 250 378 507 566
13 24 76 167 197 298 319 355 359 403 451 476 549 594
7 3 86 153 189 231 342 503
5 27 85 269 526 565
8 110 251 302 307 324 398 468 557
7 55 217 229 252 411 517 563
12 8 19 97 190 216 237 239 321 325 376 397 540
5 13 28 120 150 419
10 11 125 202 274 302 308 439 474 550 567
10 21 36 201 255 257 376 392 447 555 595
4 15 25 74 320
4 180 332 461 587
8 31 129 174 182 317 338 394 416
9 30 37 143 187 395 417 425 529 584
10 75 133 138 174 282 312 320 323 342 398
6 85 223 227 241 260 343
7 58 79 160 444 488 513 577
10 0 139 183 223 290 347 357 388 398 520
8 27 82 167 186 241 261 321 430
11 31 58 110 175 183 263 298 363 427 440 443
7 106 109 237 243 471 557 594
2 523 573
4 61 126 323 461
5 154 322 402 449 521
8 134 172 175 215 277 323 324 405
10 3 80 133 245 334 338 347 380 424 468
7 128 345 395 434 489 491 536
14 107 111 158 205 265 305 330 403 407 456 495 517 543 592
3 262 346 380
8 195 212 304 378 426 459 478 552
5 208 217 264 403 411
8 107 163 259 295 327 380 440 450
10 53 72 89 116 229 251 275 338 407 566
4 96 102 114 392
6 203 222 269 286 434 553
8 50 160 357 378 452 468 493 554
8 108 216 389 391 444 542 564 591
7 23 129 229 298 397 476 573
6 59 217 272 348 389 427
10 142 231 237 298 322 332 409 420 434 572
10 34 37 355 417 500 525 527 565 572 598
7 56 339 345 350 427 481 594
7 6 190 268 343 450 484 525
11 13 40 113 143 152 162 176 181 345 351 364
5 329 408 433 501 575
8 66 79 169 172 268 424 578 588
5 186 194 246 361 403
4 101 131 288 372
3 16 63 588
8 79 191 255 376 386 395 488 528
9 87 235 260 326 330 367 393 557 574
5 0 6 255 280 348
11 82 206 244 272 281 362 383 395 398 408 532
9 74 80 134 191 230 464 499 511 590
5 50 117 213 344 595
9 1 137 245 308 314 327 450 461 524
6 28 71 98 167 414 424
8 32 95 267 270 305 452 520 588
6 19 150 177 220 257 445
5 134 211 297 307 328
11 94 124 140 177 192 193 283 396 407 416 507
9 34 63 67 123 245 254 318 385 568
6 43 71 239 337 529 540
7 3 242 253 420 455 489 503
12 5 36 70 124 150 189 272 346 372 474 485 587
6 230 312 394 489 492 599
7 86 153 154 172 323 528 534
10 21 33 130 148 164 173 325 397 450 584
13 20 84 91 95 105 177 204 379 455 462 464 466 565
4 68 111 305 446
8 12 166 202 250 256 338 382 535
6 50 167 346 395 514 521
4 148 219 411 477
9 14 86 93 110 186 206 431 470 515
11 120 142 177 200 210 426 467 539 572 575 595
9 91 100 131 201 328 369 427 454 563
9 78 119 223 277 355 381 431 518 577
10 75 86 153 333 366 372 444 560 565 577
7 51 162 172 347 362 392 413
8 11 24 152 339 403 472 508 580
8 74 103 123 214 326 344 555 588
10 222 247 309 321 382 400 444 522 568 595
6 93 176 228 230 428 538
9 65 122 305 331 361 429 451 480 593
11 51 231 235 265 289 300 328 403 460 480 508
6 98 205 294 439 485 579
3 6 251 499
8 16 86 241 311 317 440 572 579
7 38 207 342 403 437 569 599
9 45 49 164 221 256 360 424 474 597
9 0 54 117 250 292 372 426 449 579
7 38 153 168 219 248 563 577
10 22 37 91 245 281 361 378 422 423 558
8 45 87 148 324 350 398 474 557
11 136 139 242 265 316 327 359 398 413 512 555
11 61 126 170 178 210 430 441 446 493 579 583
8 51 445 459 498 503 529 587 599
7 10 158 357 369 429 490 571
10 50 239 287 340 343 357 384 449 528 535
8 6 72 108 170 283 298 345 351
3 119 341 561
10 9 94 118 173 232 287 360 496 510 566
7 25 92 157 158 229 343 462
5 213 327 366 376 510
8 2 101 197 220 225 370 422 488
7 13 79 98 314 490 512 520
4 78 82 130 173
7 26 264 300 328 473 515 530
5 40 113 208 415 540
8 237 306 423 482 535 563 570 585
4 44 368 542 570
11 30 55 135 221 298 325 329 387 450 451 527
8 85 124 146 286 424 531 556 586
7 65 93 133 214 373 466 474
6 146 296 306 344 453 510
5 32 43 131 283 432
13 42 71 77 159 223 319 409 426 451 472 539 542 544
11 129 174 210 248 264 282 289 298 311 368 473
8 112 186 224 234 251 332 561 579
3 73 268 598
7 32 143 230 274 340 388 512
9 35 112 166 214 221 350 424 578 593
4 78 363 430 571
7 246 252 356 357 383 479 529
7 57 92 228 432 494 525 582
6 31 61 138 275 493 571
7 2 181 214 370 417 554 566
8 160 286 290 381 443 493 544 595
7 130 132 249 303 343 403 445
3 7 503 550
10 85 90 111 236 253 373 412 458 541 586
12 159 200 205 219 305 313 386 428 438 444 501 513
8 2 3 25 76 82 328 347 453
2 402 565
6 61 97 361 365 452 513
10 20 84 95 109 292 324 423 460 501 507
5 41 84 244 302 444
2 7 234
7 298 415 436 453 511 563 572
7 120 188 332 382 485 571 596
10 45 115 120 162 268 304 402 458 569 572
9 134 149 328 342 379 442 536 573 589
11 34 53 145 200 246 299 341 391 457 464 560
8 172 386 399 437 476 519 544 574
7 7 61 96 158 258 285 343
4 49 248 375 521
4 85 107 199 555
7 219 287 302 355 381 389 450
10 0 16 88 139 178 224 314 389 446 554
10 19 36 74 89 217 320 340 416 493 539
9 109 258 267 319 360 454 503 567 587
7 63 196 339 363 442 486 579
6 113 117 202 271 476 588
6 307 448 474 483 498 527
15 42 63 84 96 161 183 191 209 240 294 372 429 498 515 524
8 85 119 124 303 317 399 456 465
9 30 32 135 264 266 340 362 419 478
7 37 42 258 315 392 482 537
8 7 61 100 189 292 309 315 465
17 76 78 86 92 203 254 306 309 355 370 388 407 439 464 471 549 576
5 9 113 166 183 227
5 212 223 351 456 561
7 29 290 299 341 406 466 591
5 61 144 186 226 531
9 30 228 290 434 458 465 474 488 517
6 35 37 172 178 225 303
4 272 430 506 528
9 253 276 277 291 346 385 471 550 583
9 36 64 91 136 181 320 350 397 569
6 2 31 207 428 478 555
9 157 248 259 289 373 432 452 540 571
9 20 82 176 207 334 379 381 422 467
7 24 60 225 360 381 421 481
5 67 71 172 243 364
6 78 229 303 348 463 502
4 78 233 472 505
7 64 329 421 466 468 485 584
3 47 208 283
3 169 260 534
7 19 122 204 393 428 475 598
5 215 230 234 410 530
3 164 299 472
12 92 149 160 250 257 397 417 423 450 482 553 597
9 27 93 203 260 272 295 474 523 533
10 26 88 170 217 236 264 379 455 553 579
9 3 9 52 177 201 220 277 399 558
8 11 86 197 212 220 395 500 570
7 45 103 149 254 315 454 580
9 12 70 91 309 347 401 530 540 573
9 106 187 189 215 238 308 309 496 523
7 48 126 195 231 421 541 550
8 5 172 273 364 413 440 505 577
6 92 113 135 450 514 579
6 77 259 335 387 395 399
6 47 179 204 294 433 549
7 72 121 271 278 360 416 595
8 98 131 139 144 225 372 535 559
6 42 198 207 357 412 447
3 24 54 251
11 23 48 56 167 202 342 348 370 451 453 562
4 311 504 521 587
9 11 90 109 149 165 320 391 392 474
6 76 122 203 204 260 280
6 107 129 139 525 532 553
10 15 52 99 249 283 301 350 495 524 549
11 33 35 94 134 179 270 347 363 433 541 581
12 2 136 166 226 236 301 322 327 418 517 540 589
6 122 183 190 214 231 278
5 181 224 365 445 545
6 33 178 356 405 433 519
9 100 142 182 244 326 506 550 552 589
11 23 50 55 120 192 255 326 351 425 496 528
12 71 83 100 138 198 258 280 342 439 441 442 537
8 20 57 102 208 225 338 451 545
5 119 243 418 488 546
5 193 234 268 356 404
7 136 155 198 233 277 458 492
9 4 68 102 279 298 317 442 449 560
4 148 202 224 384
8 24 38 57 127 241 359 387 551
5 207 418 443 504 505
7 24 80 116 372 426 477 525
4 172 466 546 557
11 33 36 105 237 256 296 455 468 498 538 549
4 81 112 353 519
6 38 191 232 258 574 577
4 70 154 228 374
11 43 73 79 110 310 421 422 439 481 521 578
8 5 64 141 160 279 517 532 550
5 15 99 283 326 464
15 2 5 17 109 135 163 188 280 310 322 394 466 500 542 593
9 5 11 146 222 265 412 422 424 475
9 18 88 108 200 270 456 502 567 590
8 22 50 104 136 216 286 494 552
5 23 141 308 361 452
9 81 148 185 328 418 458 460 475 518
8 79 177 205 322 325 468 545 549
6 27 67 69 229 415 477
8 8 88 107 241 341 447 511 578
10 11 27 76 200 299 370 458 544 558 566
10 162 168 175 230 243 356 362 363 473 477
9 49 188 211 352 359 450 536 539 551
9 33 68 196 201 220 306 359 374 535
8 11 36 287 381 386 564 582 595
10 3 5 46 288 370 390 396 440 451 549
8 3 37 279 332 390 499 551 576
10 48 125 135 174 202 369 381 471 526 591
7 45 102 112 249 345 512 521
7 174 274 279 374 443 510 530
8 75 168 338 349 403 429 483 533
10 60 63 137 158 233 316 360 427 532 568
5 15 21 52 283 506
8 75 223 250 335 500 501 521 593
7 170 213 290 296 360 486 509
6 56 70 82 184 201 369
4 209 382 435 562
5 26 138 266 279 584
4 50 143 293 420
6 185 316 359 360 376 595
9 7 42 94 185 203 234 322 482 563
4 213 225 334 545
10 6 235 246 263 266 274 292 314 455 536
8 69 220 230 248 401 469 477 529
7 70 110 288 335 394 429 498
7 11 32 135 380 405 444 592
10 78 117 133 195 222 247 269 319 469 539
6 303 366 375 418 471 533
5 162 354 424 442 533
7 6 52 130 145 251 410 426
5 116 119 165 261 379
6 3 65 262 281 313 456
6 0 102 135 188 547 590
7 35 145 180 182 271 359 426
7 16 17 185 366 381 550 588
4 108 153 176 279
2 275 445
4 103 172 212 310
7 49 201 342 359 489 556 562
6 132 241 271 344 400 478
4 5 77 440 531
13 19 37 55 57 117 129 135 156 235 334 356 458 578
8 160 180 199 257 394 475 499 506
5 102 125 334 338 476
7 222 224 327 475 486 490 538
7 16 22 26 154 165 385 586
6 3 146 173 183 192 284
7 47 158 340 407 484 553 582
10 4 45 75 87 101 149 418 454 475 578
9 14 127 132 177 260 389 400 483 557
9 22 77 171 446 524 550 577 591 595
9 26 73 207 252 338 358 405 433 533
8 99 176 177 206 207 343 428 513
6 245 248 294 312 406 572
4 105 135 218 536
4 12 32 83 310
4 149 288 414 497
7 5 73 123 166 279 422 545
7 175 176 205 319 432 549 595
4 112 268 276 428
6 30 105 173 235 525 574
7 11 79 362 397 441 493 514
8 5 19 134 168 283 315 422 465
8 28 32 167 186 219 384 452 481
6 24 36 99 492 502 575
11 41 57 224 248 254 277 360 373 405 563 590
6 3 32 40 42 84 431
8 5 22 42 111 153 390 451 560
8 5 24 85 129 254 332 471 597
5 68 98 228 229 247
12 49 73 112 121 224 301 345 426 464 490 522 550
11 1 77 93 102 125 150 159 253 450 564 595
7 62 129 194 398 500 533 586
8 14 45 68 334 365 405 419 428
7 2 101 440 487 535 573 592
8 29 57 136 157 263 325 447 516
6 6 95 334 366 440 520
10 43 189 278 298 300 330 333 399 417 463
5 211 270 281 564 566
3 483 553 581
5 80 358 365 593 595
9 30 43 50 88 231 267 300 308 460
7 59 97 169 427 439 444 480
8 10 116 138 167 174 304 513 579
6 118 160 180 256 352 585
8 20 32 106 159 217 230 295 381
9 33 60 116 120 146 162 309 404 438
10 72 98 132 296 403 469 470 488 524 587
14 44 59 61 117 265 327 361 371 389 429 479 518 549 581
9 46 82 89 185 383 391 472 572 598
10 35 43 96 150 206 223 429 451 518 520
6 56 69 192 217 354 592
3 267 520 591
9 59 111 139 186 222 382 434 522 595
6 61 117 179 229 504 559
4 259 341 418 481
3 17 242 479
2 285 348
6 19 58 94 165 177 389
7 141 227 233 258 298 433 584
8 35 53 115 116 141 215 449 486
6 308 337 391 438 519 588
10 19 112 237 259 260 276 290 295 468 576
14 107 119 168 190 213 268 271 276 322 377 411 439 478 483
8 64 101 110 152 252 345 525 575
8 70 96 174 258 318 428 433 474
7 37 140 169 223 258 453 548
9 61 191 209 393 460 521 538 551 588
10 13 152 226 330 337 386 395 482 512 523
10 95 121 284 291 333 394 412 441 501 527
7 68 385 400 426 501 530 581
5 128 135 468 479 582
7 93 115 264 272 421 431 486
6 122 144 177 217 257 262
6 16 17 345 439 454 572
14 5 15 65 82 95 108 172 214 239 378 406 451 494 516
8 131 148 188 322 391 458 516 597
9 244 260 266 441 451 478 525 529 582
6 163 284 457 462 552 586
7 24 27 67 121 276 482 520
4 360 391 401 497
5 18 47 53 110 372
7 16 86 159 189 202 287 543
10 13 43 46 49 282 390 438 457 482 515
12 94 145 165 189 190 261 264 291 342 426 554 566
10 0 1 88 99 157 273 350 460 479 547
7 70 141 346 478 479 580 597
5 116 236 320 441 518
5 79 185 302 367 548
9 13 67 149 161 261 365 428 448 529
4 129 211 237 447
4 35 138 177 519
12 54 56 165 166 306 345 355 478 493 562 569 597
6 262 263 324 380 409 565
9 54 160 219 346 358 373 377 433 466
6 27 51 96 175 219 570
4 68 197 364 516
10 30 83 248 281 299 366 460 472 526 562
13 4 31 44 67 70 89 204 211 365 396 404 451 471
7 2 78 262 395 407 494 577
9 24 55 85 186 200 318 433 453 486
9 22 32 35 70 111 112 329 475 591
7 17 161 173 203 211 334 417
6 99 296 306 367 430 597
5 206 280 377 425 465
7 41 151 158 478 557 567 575
11 19 45 48 64 97 102 106 146 267 344 561
7 233 343 395 417 468 501 567
8 42 227 282 308 322 330 467 469
7 2 180 310 372 410 413 436
6 45 50 78 177 304 396
4 62 70 477 582
4 57 134 390 520
3 198 286 406
9 23 48 90 360 529 531 539 546 583
6 148 215 249 366 470 576
4 96 112 209 406
4 74 313 442 458
7 3 126 156 255 448 506 569
6 30 78 167 213 428 524
7 31 58 144 200 334 399 404
8 224 232 238 253 284 305 352 420
7 7 25 174 330 489 517 564
6 57 81 275 418 517 579
5 190 194 208 245 369
9 110 122 189 245 249 314 319 473 486
4 110 127 153 200
10 9 43 63 74 107 130 139 249 285 474
5 31 229 401 436 475
12 47 92 108 134 239 286 290 327 367 381 499 572
8 37 56 59 93 268 339 545 572
10 100 149 187 197 309 316 330 362 386 416
8 101 115 172 267 281 345 347 541
7 36 113 140 184 400 555 571
7 91 94 323 369 453 571 591
5 133 142 188 315 450
11 62 212 223 227 308 356 362 391 397 528 582
5 44 52 57 182 350
5 273 515 549 573 590
5 10 156 406 425 488
6 106 161 443 496 518 537
5 149 343 358 380 521
11 8 26 103 177 230 245 339 360 371 521 546
12 37 49 105 209 262 297 331 333 546 569 574 599
7 113 230 318 366 374 384 575
7 159 169 230 235 285 414 519
10 37 145 238 266 437 473 504 523 573 582
9 34 54 95 99 149 154 282 339 519
7 76 114 146 226 293 530 550
6 6 87 113 166 307 580
5 27 215 256 332 387
7 5 171 386 415 458 500 573
7 41 108 116 235 357 522 532
15 49 60 73 85 129 165 200 210 259 328 432 460 501 553 590
15 19 101 129 134 217 231 262 324 347 372 374 395 496 580 596
8 53 75 152 188 252 320 457 556
7 132 150 156 217 363 397 431
7 93 168 205 305 371 482 577
7 81 86 202 241 279 493 507
6 45 173 179 250 288 543
8 5 160 375 380 452 463 470 512
11 148 158 182 234 253 257 298 373 414 448 489
4 47 114 489 492
8 102 153 253 338 364 382 394 450
4 29 40 73 590
4 1 86 120 375
4 192 334 457 592
9 71 86 160 177 247 327 478 531 565
10 4 6 173 176 182 319 401 508 547 580
9 86 131 180 194 240 248 391 475 488
3 92 189 405
10 22 43 53 194 241 254 359 368 404 471
6 280 283 344 405 547 548
7 91 344 412 457 497 539 589
9 13 38 177 185 264 284 325 395 468
6 97 134 193 199 346 394
8 125 135 258 422 443 506 507 529
12 26 82 107 111 131 171 182 201 219 362 424 521
9 197 249 253 299 301 305 398 425 466
6 19 55 161 170 300 599
9 90 239 255 258 280 408 514 535 537
11 47 174 187 296 360 374 383 389 402 464 555
8 7 141 345 353 368 382 383 511
5 101 102 339 507 560
6 59 190 245 320 352 489
10 127 175 200 277 365 376 380 454 491 502
7 171 267 306 336 360 542 594
2 60 304
6 16 82 103 157 194 499
8 169 271 301 357 369 397 422 514
3 331 566 567
8 34 67 122 182 232 344 436 466
9 9 44 81 83 295 419 458 459 481
6 115 123 301 327 518 564
3 44 482 577
6 83 234 321 459 573 581
11 53 113 143 145 167 318 389 455 494 520 578
7 11 142 251 372 396 493 496
4 12 45 222 552
8 3 119 207 229 437 451 494 582
4 313 377 470 509
5 114 171 172 241 281
7 71 104 263 299 426 485 558
7 58 204 248 270 329 448 583
8 62 149 153 270 366 367 404 450
7 192 250 321 482 530 546 599
5 20 81 114 147 168
6 0 218 238 351 443 521
3 193 209 238
6 184 228 269 299 415 473
6 18 78 153 455 473 480
5 97 102 465 548 554
4 271 497 544 585
6 119 121 132 266 551 589
4 71 156 256 479
9 4 8 112 123 138 265 365 457 533
7 34 149 152 309 340 527 588
6 8 89 210 318 477 486
6 6 91 125 172 380 435
5 12 332 372 373 393
10 14 23 45 182 224 246 419 420 530 571
9 0 94 253 345 347 384 437 490 557
8 161 227 242 358 388 442 444 567
11 8 35 75 123 333 347 349 376 409 493 522
12 41 89 163 218 245 265 270 364 438 439 474 504
6 99 327 350 449 520 564
7 39 201 207 365 443 549 560
9 2 5 73 172 222 307 344 416 576
11 58 60 142 221 239 317 361 374 550 579 582
4 21 264 394 537
5 58 129 171 366 513
12 5 67 84 116 184 229 433 533 544 561 568 590
9 31 80 114 141 280 374 386 411 473
8 125 198 206 266 367 445 502 517
6 1 130 181 297 411 464
7 15 70 221 246 268 449 542
8 201 267 284 285 308 329 512 528
3 84 196 561
7 88 116 127 214 260 331 477
6 44 159 259 279 311 572
5 175 230 437 477 526
5 7 100 241 301 364
8 92 134 167 259 283 411 470 567
8 24 80 126 188 206 224 585 591
4 148 208 223 429
6 54 128 134 248 483 532
3 45 379 456
6 134 145 161 257 509 528
6 226 231 254 278 314 427
7 232 240 411 439 440 502 550
4 289 382 465 469
4 363 385 469 508
12 16 19 177 212 222 241 254 262 315 345 435 523
12 26 147 185 208 228 246 291 307 327 445 525 546
7 9 237 259 263 364 510 556
7 47 228 251 375 495 586 588
8 52 200 202 221 304 336 450 561
5 53 144 166 381 508
7 27 98 112 164 187 430 478
6 130 295 452 551 559 578
8 22 38 68 111 240 306 402 518
7 11 110 203 257 499 590 593
3 214 351 556
6 95 160 235 324 480 523
10 6 16 118 136 179 403 528 534 553 588
7 217 273 295 389 394 563 595
8 23 93 109 127 156 277 322 562
9 1 14 54 261 328 335 419 490 522
7 21 58 86 95 151 390 464
9 5 18 50 119 144 257 335 381 487
8 26 168 250 402 404 487 519 539
5 11 79 99 268 528
7 106 158 186 389 415 440 574
4 127 128 204 392
9 115 140 143 157 188 430 431 517 597
12 57 58 92 105 156 158 310 346 371 426 427 536
9 39 55 159 206 331 435 443 448 492
7 68 161 243 317 440 569 577
6 62 92 321 361 402 441
6 177 263 359 412 524 582
11 34 94 95 109 209 243 307 396 454 491 574
8 63 139 245 256 298 305 493 556
11 103 105 108 113 136 169 202 210 340 420 525
7 97 205 383 446 451 465 584
7 2 223 336 345 367 492 585
11 142 261 304 368 374 408 433 443 496 525 576
4 113 185 411 500
8 13 31 85 194 274 356 580 586
6 4 127 341 509 540 581
7 130 148 302 329 375 552 584
6 29 82 114 168 218 344
11 63 66 75 98 170 291 358 364 513 552 561
6 8 159 224 228 470 510
11 71 250 289 322 435 450 461 528 558 591 593
9 54 180 264 307 349 398 431 540 590
5 45 282 331 348 463
7 101 139 248 270 337 558 590
4 19 38 59 483
14 27 72 92 99 145 213 261 276 307 315 328 337 350 562
2 157 451
8 107 200 325 373 383 389 400 571
5 7 58 137 197 346
6 83 106 114 440 476 502
