1000
8 15 188 294 336 387 460 639 753
10 66 85 107 132 215 280 526 551 555 654
9 169 293 351 415 451 454 599 680 831
8 38 133 236 402 494 632 727 806
21 18 26 33 52 64 177 190 204 218 271 299 409 416 491 522 555 582 640 695 709 725
12 72 411 451 479 493 653 704 748 761 764 896 990
13 130 186 190 252 345 369 432 454 670 680 725 865 912
12 301 374 398 435 441 511 539 692 710 715 840 908
10 165 229 237 372 493 572 689 728 763 896
9 61 133 445 538 600 713 721 870 897
7 105 265 467 489 525 725 907
15 53 63 140 266 303 531 555 611 810 900 922 951 979 981 990
18 64 108 143 168 204 238 375 395 534 593 602 729 786 808 864 895 908 986
16 48 134 172 208 214 254 272 537 629 644 647 692 907 939 948 968
7 374 378 470 526 780 835 908
8 0 37 69 102 406 623 764 938
7 153 242 324 511 700 754 833
10 20 23 29 170 392 413 543 610 787 908
10 4 211 258 272 362 474 633 797 851 905
6 408 575 588 693 921 934
13 17 64 230 327 411 469 517 595 654 686 716 770 834
17 64 131 218 224 278 293 390 397 442 482 604 692 695 735 746 840 927
7 82 189 464 539 649 866 964
8 17 214 476 592 691 711 875 993
10 512 518 576 674 758 775 849 861 939 954
7 114 266 498 586 665 747 755
10 4 45 202 266 326 348 401 718 840 908
7 84 312 471 654 775 911 968
7 71 89 153 286 313 653 708
7 17 390 474 647 789 818 858
11 88 210 266 358 469 510 555 562 812 879 920
11 108 283 291 303 326 647 797 846 912 913 968
10 64 83 122 424 440 598 635 719 775 814
10 4 46 97 128 635 709 745 802 966 983
9 174 278 325 487 541 606 741 884 948
14 290 381 401 473 576 579 641 647 681 688 702 925 942 991
6 155 190 293 306 919 983
9 15 52 68 186 306 363 371 756 947
12 3 121 230 244 329 429 532 693 698 762 785 841
10 56 213 423 483 521 534 629 688 699 987
5 42 269 405 666 788
10 117 401 525 531 676 799 813 822 876 990
11 40 96 107 212 274 375 594 630 644 669 969
5 165 392 535 635 701
8 208 470 484 562 577 687 721 752
10 26 200 253 263 340 484 511 514 931 965
14 33 167 276 367 395 438 459 494 519 662 755 847 880 911
14 149 169 185 201 273 469 585 602 725 791 861 880 914 924
9 13 59 75 90 266 343 549 794 847
13 100 307 328 362 422 515 523 531 597 626 744 798 827
10 328 348 531 544 573 628 682 735 788 843
11 106 148 188 194 271 375 484 558 716 754 758
11 4 37 114 362 502 551 567 739 823 860 908
13 11 178 244 283 432 595 712 809 863 901 927 948 989
12 144 163 188 203 312 438 566 675 749 753 896 934
8 102 158 477 800 803 867 883 897
4 39 688 791 978
7 119 408 596 801 827 880 899
8 104 144 369 572 628 643 743 984
7 48 221 248 422 699 748 768
15 78 99 301 332 420 476 493 547 647 696 798 833 877 896 907
13 9 185 257 269 286 325 349 471 572 623 661 844 981
11 129 168 346 402 445 508 714 738 752 871 872
14 11 79 321 358 416 519 538 555 611 657 797 872 893 981
10 4 12 20 21 32 358 384 667 790 919
6 455 580 690 850 865 938
10 1 154 166 181 185 216 548 565 791 980
18 109 143 148 193 278 337 414 416 515 585 615 674 684 685 791 819 858 972
15 37 78 209 273 347 440 531 556 569 608 701 742 769 790 875
7 15 130 171 346 581 963 985
8 121 208 330 371 462 571 666 823
6 28 554 688 774 835 872
9 5 110 189 209 601 611 645 652 917
8 301 318 361 443 505 593 667 781
11 274 427 522 529 548 565 610 659 689 714 717
15 48 93 99 138 183 205 256 351 428 473 588 724 810 921 940
6 280 292 367 371 412 841
7 116 289 372 472 683 707 788
17 60 68 154 262 395 423 448 476 536 650 766 797 801 820 840 942 953
15 63 107 206 209 221 317 448 493 573 681 718 781 845 939 985
15 224 281 417 455 456 473 518 578 605 630 631 726 736 777 807
14 100 153 210 588 596 760 819 863 878 910 915 920 930 943
12 22 219 269 275 349 411 541 579 747 816 876 897
8 32 380 400 433 485 495 815 917
9 27 89 98 325 346 382 431 834 996
6 1 524 561 717 790 892
9 123 361 366 374 491 506 612 844 937
6 157 173 286 814 816 882
11 30 304 461 501 581 587 642 868 877 901 930
13 28 84 222 312 337 494 631 762 773 809 947 966 994
13 48 339 376 470 579 604 634 653 656 761 850 881 970
10 349 431 595 645 692 694 863 872 900 916
4 206 352 674 992
12 75 200 244 283 364 441 444 543 562 587 689 778
8 97 123 202 549 666 810 851 898
12 348 372 597 643 688 731 732 873 895 931 962 974
11 42 147 319 321 474 496 615 624 687 782 808
21 33 94 163 240 253 337 351 392 415 416 440 642 676 717 752 765 794 815 903 987 998
6 84 297 307 319 321 484
14 60 75 108 176 264 385 461 516 650 675 749 764 819 977
13 49 81 116 232 278 312 318 348 353 468 542 842 847
15 122 199 247 328 339 382 399 407 469 485 600 610 803 890 953
12 15 55 118 182 260 268 435 545 577 719 789 821
13 134 212 254 440 491 594 595 622 693 846 906 964 982
9 58 184 258 281 368 493 619 690 963
7 10 254 269 287 414 478 981
5 51 706 708 709 796
8 1 42 79 489 611 618 709 739
11 12 31 99 269 275 331 335 496 512 685 972
10 67 393 466 475 603 700 824 907 933 960
7 72 136 228 233 355 615 967
4 144 203 254 373
11 307 367 507 535 537 576 778 787 893 901 969
13 186 303 340 401 414 434 502 524 539 610 801 930 987
13 25 52 235 374 391 418 704 766 786 873 903 906 941
6 580 654 742 879 933 980
12 77 100 135 351 432 478 571 650 688 695 793 940
8 41 185 261 301 314 400 420 613
11 102 295 331 474 510 546 606 819 863 939 965
8 57 192 290 651 722 786 877 901
7 192 241 260 314 460 830 926
10 38 70 126 147 227 286 408 420 762 821
15 32 101 232 260 349 370 441 496 714 717 772 805 873 891 964
9 86 94 335 354 379 412 673 829 987
16 138 166 210 308 373 412 419 460 466 548 581 622 671 711 759 817
12 234 236 254 297 322 383 566 587 669 752 831 915
8 121 226 611 713 745 876 898 975
9 189 248 314 390 400 453 824 846 876
16 33 178 206 255 272 426 440 505 506 616 621 643 645 758 970 980
15 62 328 335 388 498 511 563 587 614 668 809 836 958 959 968
5 6 69 566 877 925
15 21 171 200 223 260 428 486 579 689 694 739 792 882 942 979
16 1 191 193 238 242 325 355 419 462 536 670 699 730 785 818 890
11 3 9 256 287 312 463 535 583 585 761 887
11 13 103 582 636 662 677 731 756 766 934 936
6 116 147 322 412 914 932
4 110 147 163 489
6 330 382 406 515 816 995
13 75 124 165 256 272 280 284 386 391 436 500 601 800
6 200 270 603 772 777 893
11 11 231 383 531 630 784 804 899 912 920 957
11 163 196 258 301 348 349 377 397 537 731 937
14 163 227 231 324 370 420 498 516 654 758 787 861 923 947
15 12 67 145 174 308 333 337 516 555 646 694 721 744 868 983
13 54 58 111 152 333 514 531 563 571 722 745 962 999
9 143 148 177 303 327 444 633 639 832
7 242 244 416 565 569 629 692
13 96 121 135 136 287 430 443 694 708 720 729 861 881
12 51 67 145 164 211 218 349 459 649 819 901 969
12 47 168 184 505 520 696 734 809 817 918 946 965
13 170 231 247 295 432 473 563 747 816 841 890 913 931
7 261 325 370 543 590 610 816
13 144 165 430 445 455 577 736 786 794 806 842 963 989
17 16 28 81 214 250 301 405 408 427 477 657 677 698 706 799 949 960
7 66 78 263 373 491 626 669
6 36 165 198 325 858 973
8 185 192 395 438 569 713 739 799
6 87 178 334 735 795 898
12 55 227 258 263 597 661 751 805 807 808 879 979
7 206 469 696 754 820 822 959
3 162 376 683
10 258 300 317 351 405 479 502 625 648 894
10 160 504 680 702 705 731 755 862 887 999
18 54 97 136 141 142 194 295 355 377 440 470 578 660 684 740 781 792 936
12 148 250 359 405 432 532 631 666 851 874 959 997
20 8 43 138 152 155 250 309 421 466 525 539 548 557 570 602 638 732 798 809 913
22 66 124 200 217 252 262 271 312 325 400 515 568 683 687 698 837 878 909 911 942 971 990
7 46 301 377 386 466 542 681
10 12 62 149 265 652 705 739 873 975 994
10 2 47 199 374 387 571 591 813 827 856
7 17 150 385 624 783 803 852
10 69 131 195 236 253 492 823 886 895 982
10 13 316 390 392 454 591 641 848 850 927
4 87 427 538 887
12 34 143 175 241 268 270 421 423 643 649 717 911
11 174 186 428 547 557 583 606 737 805 917 997
11 99 185 205 234 297 345 501 711 736 872 993
9 4 145 202 624 647 750 828 862 968
15 53 128 157 365 453 470 485 508 514 541 577 595 770 919 974
10 205 224 278 437 438 477 537 648 890 917
6 183 331 399 853 946 992
5 66 318 718 804 941
9 102 204 225 292 366 393 532 610 991
6 75 180 778 865 878 999
8 104 149 197 536 615 646 840 901
21 47 61 66 117 156 176 242 295 308 397 399 410 485 508 534 691 712 813 846 875 922
10 6 37 113 175 374 468 568 611 670 703
7 260 411 611 626 713 781 823
8 0 51 54 506 653 956 991 994
6 22 72 127 546 552 859
8 4 6 36 221 262 306 439 841
7 132 258 497 536 543 610 819
12 119 120 156 212 513 553 620 669 680 697 784 870
13 67 132 293 503 508 545 592 655 798 799 913 950 954
15 51 163 195 434 491 634 716 748 837 857 868 882 892 921 951
12 171 194 209 218 331 350 401 428 705 837 841 842
8 141 235 331 382 409 548 678 757
8 184 349 530 579 772 808 820 838
3 155 595 817
9 101 169 416 757 771 838 851 893 929
12 45 93 131 139 166 297 461 728 793 800 866 948
12 47 351 353 424 453 507 556 632 703 792 950 970
9 26 94 177 288 370 390 657 659 902
7 54 111 251 264 291 447 688
10 4 12 182 251 520 650 680 694 834 943
11 75 176 179 294 439 474 516 699 701 776 962
11 79 92 128 159 236 254 442 669 780 826 890
6 398 407 441 779 803 990
9 13 44 70 297 330 372 524 836 994
12 68 72 79 195 226 527 529 537 566 673 748 757
12 30 81 124 393 508 512 693 733 754 923 964 983
6 18 148 219 227 243 853
10 42 103 192 251 257 277 528 567 735 969
9 39 399 467 616 619 649 684 746 819
9 13 23 153 386 406 461 581 675 972
6 1 342 459 558 791 979
6 66 419 494 502 644 684
14 166 244 323 386 428 451 452 491 510 585 623 782 882 939
10 4 21 148 195 284 298 330 373 407 845
8 82 211 251 340 466 676 822 959
8 378 456 516 557 600 764 873 996
12 59 79 190 361 399 436 561 580 626 627 789 945
5 89 336 418 432 545
7 131 297 350 398 470 604 911
9 21 80 179 549 608 613 617 802 804
9 182 315 422 500 554 721 818 841 956
12 126 209 258 386 400 459 469 480 528 541 946 964
10 121 142 158 211 254 270 411 744 760 936
8 110 333 375 511 576 694 873 937
5 8 327 361 450 622
11 20 38 257 260 387 431 549 550 695 880 925
8 140 142 150 326 397 399 686 831
8 100 122 358 482 577 656 672 767
11 110 254 434 437 478 533 687 705 729 877 966
10 125 176 382 424 478 505 513 730 827 862
16 114 196 265 328 343 363 365 405 511 598 666 852 875 910 973 975
9 3 125 171 206 396 576 640 657 787
8 8 359 468 509 582 666 707 977
11 12 132 338 461 512 543 545 642 753 971 986
8 248 364 405 538 550 564 756 997
7 97 379 430 747 927 964 984
9 120 174 414 442 499 679 707 955 998
12 16 132 146 185 258 276 423 427 450 628 755 906
7 211 354 367 483 674 718 993
17 38 53 93 146 217 302 327 476 483 543 582 611 644 878 892 975 996
7 266 308 395 443 603 693 828
11 341 399 475 595 599 617 646 761 875 964 975
10 101 150 283 320 433 570 630 644 711 913
10 59 127 239 272 445 472 495 553 755 870
6 309 451 493 811 839 931
11 153 164 165 252 337 678 690 724 921 959 994
11 203 204 212 219 257 326 354 522 690 888 973
14 6 166 250 361 466 500 553 716 762 778 787 816 840 918
12 45 97 171 256 297 388 525 565 608 644 718 947
18 13 103 105 111 125 206 227 233 282 506 569 590 671 753 815 935 952 963
8 128 368 550 571 679 721 792 893
10 75 133 138 253 365 534 597 772 931 934
10 61 212 230 251 276 496 504 506 624 922
12 18 104 141 158 161 191 226 242 399 495 619 912
10 376 421 525 526 572 757 818 884 926 929
10 102 120 122 131 187 230 472 493 514 945
15 117 151 281 430 515 527 578 712 845 868 883 912 929 947 975
10 78 166 190 599 615 667 842 861 966 993
14 45 154 158 320 361 373 508 616 829 843 869 878 903 927
8 99 203 346 377 530 635 778 980
12 10 168 235 277 389 444 474 513 606 633 705 973
16 11 25 26 30 48 245 477 666 703 787 838 843 846 871 893 922
6 476 599 640 652 976 984
8 102 174 335 359 378 480 508 650
14 40 61 82 105 108 289 299 301 352 387 588 831 974 987
11 139 174 227 420 449 554 706 858 956 959 990
13 4 51 166 370 372 378 397 485 488 495 654 658 777
12 13 18 128 138 248 372 388 402 576 584 643 646
13 47 68 322 494 523 537 583 617 637 646 780 836 876
5 42 74 359 373 817
9 82 108 320 425 481 536 664 830 946
11 46 242 257 307 352 366 412 460 798 845 978
14 212 265 296 403 410 453 516 557 567 799 859 890 923 995
11 21 34 67 100 179 372 484 556 605 715 820
10 325 494 539 540 551 565 655 713 806 919
10 1 76 138 326 370 431 539 572 612 913
13 80 104 261 440 458 567 584 753 795 819 883 949 994
4 254 328 556 769
13 31 53 93 247 343 557 690 715 744 771 835 875 922
7 138 218 401 544 551 633 680
9 344 355 358 492 690 797 816 856 877
12 28 61 87 121 477 492 553 640 658 900 950 957
14 105 133 147 381 475 508 526 648 674 702 773 806 859 873
7 202 303 422 442 879 934 958
7 77 269 584 600 694 897 976
17 35 119 321 324 393 447 495 526 549 587 693 713 772 913 932 947 986
9 31 203 396 418 499 522 558 812 989
7 76 182 319 380 657 736 930
18 2 21 36 193 311 328 331 344 349 676 687 697 702 707 736 824 883 904
10 0 205 358 638 794 867 891 894 942 984
10 118 150 163 185 435 537 780 801 909 914
3 277 648 957
9 98 125 176 200 208 223 253 388 783
10 218 335 362 420 422 614 624 905 913 972
10 4 269 374 663 697 710 736 737 753 917
6 161 460 685 856 867 905
20 7 60 73 117 141 153 167 269 405 473 488 531 551 554 646 789 790 821 951 993
7 244 362 487 632 649 691 999
7 11 31 113 145 288 530 788
10 88 337 405 478 733 757 806 896 914 996
4 390 512 566 889
13 36 37 190 312 446 527 673 684 872 877 893 909 933
7 49 98 112 276 599 669 676
11 124 143 185 245 436 478 663 769 791 841 921
5 165 249 490 565 754
4 472 556 827 868
8 293 372 464 470 610 642 683 773
13 27 54 89 100 133 166 306 326 534 624 820 853 942
9 28 350 371 518 520 689 809 876 936
6 117 120 127 483 488 790
6 225 325 638 668 681 961
7 172 333 394 482 710 745 990
8 79 161 416 505 508 567 794 825
10 73 100 181 385 410 435 445 743 775 920
11 96 98 292 342 498 738 755 837 880 928 994
14 247 263 275 323 521 594 607 647 724 802 820 826 921 972
13 63 96 98 290 480 643 681 713 730 802 909 941 960
9 125 135 273 325 344 652 675 812 866
9 217 320 343 470 620 758 802 861 889
12 16 142 290 470 526 634 647 761 789 824 843 877
18 34 61 84 132 151 155 166 279 315 322 359 422 445 450 601 608 648 672
17 26 31 231 251 280 312 368 413 461 530 611 612 660 814 845 881 931
12 20 145 229 244 339 491 558 632 787 794 813 900
14 49 50 101 129 235 282 293 473 659 760 855 857 877 969
6 38 442 523 657 691 793
9 70 137 208 218 425 540 680 690 812
13 108 118 180 195 196 293 659 715 765 853 859 928 933
7 60 348 552 616 734 831 860
10 143 144 228 316 392 413 463 552 935 952
9 157 339 460 504 511 674 717 742 898
16 108 123 129 268 298 361 380 520 654 666 703 709 729 930 933 938
11 0 222 379 414 474 488 723 764 791 879 910
10 67 89 97 143 250 304 470 666 730 960
5 238 524 666 673 842
12 90 101 327 334 403 448 470 519 656 728 903 929
8 45 113 219 470 534 539 647 933
8 246 380 469 495 528 572 785 925
10 215 319 360 448 518 600 630 649 690 703
11 48 235 283 323 363 578 629 756 762 804 997
10 285 293 322 633 656 730 789 837 888 939
14 6 176 407 532 544 617 642 732 749 777 839 893 909 990
14 62 69 84 264 385 420 458 480 560 630 688 784 843 863
8 68 369 408 462 605 671 750 880
11 26 50 95 100 141 332 365 556 636 816 893
16 61 82 91 122 141 148 197 293 374 443 539 577 640 687 742 862
7 195 223 313 356 380 669 704
13 2 75 97 116 161 201 381 389 390 395 551 742 865
12 92 269 276 354 494 514 637 649 654 673 696 957
7 100 201 782 853 861 889 933
13 123 243 251 352 355 391 392 412 553 745 925 972 997
18 110 132 163 285 354 387 488 503 508 514 542 554 613 659 772 848 897 968
9 350 391 534 662 670 721 886 929 942
6 376 392 595 726 837 971
11 30 63 64 232 285 294 363 508 669 803 843
9 164 237 268 274 325 421 698 711 870
8 342 390 479 494 670 865 941 971
14 73 86 221 229 252 263 335 392 393 517 641 667 796 855
11 18 49 52 298 302 427 471 485 613 679 818
13 37 235 343 358 373 418 470 570 668 831 837 902 915
6 93 239 380 508 582 893
11 178 235 256 348 477 571 573 747 811 856 910
11 86 182 276 383 385 402 574 665 718 946 982
10 46 76 112 243 524 580 726 820 862 872
8 104 255 326 454 475 589 696 799
8 6 58 347 621 897 952 963 973
11 122 142 151 202 271 280 406 454 646 885 903
9 37 70 76 313 492 533 705 727 964
17 8 77 95 208 271 272 278 311 390 528 631 646 788 793 816 828 894
8 111 124 154 218 263 274 363 880
13 7 14 86 114 169 186 299 349 390 528 550 981 983
11 12 42 51 228 432 483 520 592 737 845 913
11 90 160 259 357 453 524 541 565 692 764 795
12 141 163 167 264 381 661 740 756 777 794 806 942
13 14 220 268 271 385 386 438 463 477 529 558 828 848
11 123 240 336 404 480 496 664 756 757 909 993
15 83 292 335 341 350 364 529 530 559 580 587 638 678 739 780
12 35 287 351 377 464 608 672 742 941 953 986 988
10 84 101 137 196 234 398 427 814 916 942
8 125 140 366 457 536 708 873 990
7 64 486 487 529 701 703 752
12 99 170 318 346 366 378 441 660 700 797 830 923
13 138 167 214 217 226 378 388 393 595 599 666 824 873
13 0 169 230 269 355 402 631 650 665 732 818 823 903
11 129 253 272 297 386 449 493 495 675 713 881
10 265 351 393 453 496 733 907 958 984 989
13 21 29 127 172 202 305 351 360 372 374 575 636 769
11 114 138 354 356 569 614 642 695 740 790 878
14 17 43 97 172 333 354 357 361 634 744 815 892 962 973
16 109 182 210 290 361 386 389 402 534 544 810 837 852 863 874 909
10 316 454 547 563 601 651 700 834 851 999
12 12 46 78 156 245 351 626 713 765 876 952 969
8 236 291 405 420 793 862 896 908
9 21 141 185 231 271 587 597 786 948
12 7 207 223 382 444 498 507 575 704 828 917 949
19 101 180 185 213 221 231 246 258 421 444 478 527 555 597 646 713 867 889 974
12 83 117 127 166 226 470 584 681 686 720 748 771
12 26 35 41 113 195 284 450 489 628 635 730 877
9 3 62 272 366 387 393 479 549 994
5 277 339 737 899 922
8 379 444 486 684 712 844 937 959
18 40 153 161 164 235 239 301 304 396 431 507 513 525 547 564 623 763 797
7 15 137 214 370 433 450 998
10 101 207 218 345 461 576 719 794 798 900
14 19 57 121 153 347 482 546 612 693 736 737 871 907 931
6 4 196 551 686 913 947
8 185 277 318 417 518 666 863 980
10 5 20 82 187 227 469 613 891 914 969
13 76 123 124 135 276 354 502 658 674 731 742 920 978
10 17 326 333 492 505 750 783 824 871 978
14 67 105 113 241 336 453 518 581 586 714 748 815 918 981
7 2 97 652 692 815 819 969
13 4 63 67 97 146 199 317 479 570 790 841 880 937
7 80 410 547 554 766 979 995
13 114 222 291 363 498 641 770 825 858 876 881 887 986
10 124 132 216 670 744 818 873 881 934 937
16 60 117 121 142 270 298 346 396 516 637 718 721 817 847 930 967
11 165 174 259 359 399 513 514 582 614 886 997
8 49 59 225 288 298 325 807 899
8 39 78 174 242 649 659 803 847
9 32 201 234 537 624 666 687 858 864
5 275 330 665 879 971
7 128 474 542 627 633 928 984
12 74 153 173 242 362 382 438 510 716 729 753 762
12 75 131 175 195 217 435 584 695 729 741 935 978
4 38 614 767 906
10 147 152 240 261 489 554 765 835 923 999
14 84 91 230 280 405 435 562 591 605 767 797 844 851 920
13 6 53 116 150 164 222 375 656 667 690 731 864 964
17 83 247 406 462 496 517 523 659 759 769 790 843 846 873 905 917 990
8 113 194 233 472 495 501 692 825
9 7 102 295 318 428 431 648 755 804
5 138 221 308 847 993
7 179 233 510 780 893 947 983
11 46 54 156 179 378 427 597 623 750 784 862
6 190 205 729 755 837 916
14 32 68 97 103 128 163 281 579 778 783 794 811 845 914
11 7 93 122 207 385 490 525 597 639 752 969
13 21 206 241 288 329 476 499 502 508 646 836 881 891
9 73 147 245 349 460 492 533 784 976
10 93 145 265 398 399 404 541 590 617 987
10 9 62 152 248 318 325 711 717 807 853
4 306 503 609 962
6 203 290 474 881 948 950
9 78 79 339 342 582 819 898 976 986
7 270 388 492 508 513 593 654
12 229 242 325 401 406 463 494 509 675 682 695 877
10 2 5 217 249 488 552 597 886 953 972
4 217 618 700 785
17 127 178 201 277 376 389 414 510 560 612 658 723 824 855 878 899 968
15 2 6 172 368 370 394 474 590 633 695 706 740 748 923 950
10 65 80 152 464 484 575 689 796 888 969
6 80 220 542 601 608 694
9 383 517 566 629 803 823 848 964 999
9 281 346 545 621 650 800 848 851 966
11 46 148 215 226 483 494 500 560 693 786 926
12 0 120 124 276 300 334 443 472 494 676 889 954
12 88 99 200 214 238 326 407 545 577 727 758 897
7 70 132 347 433 801 809 875
13 133 333 378 450 506 566 628 658 666 795 800 869 925
13 22 311 381 455 495 637 656 737 798 805 833 925 929
4 529 730 737 745
13 109 124 165 167 219 252 641 717 746 763 804 821 902
3 10 213 862
9 100 186 237 541 583 643 678 891 996
8 20 30 47 101 159 226 341 411
21 14 44 90 163 178 223 311 323 324 337 339 340 363 400 497 563 599 713 852 936 943
5 27 61 362 611 766
12 77 248 260 310 434 460 515 534 678 694 716 909
11 35 75 80 150 301 328 485 534 574 662 681
14 18 29 96 118 205 265 336 426 447 454 554 823 849 903
9 109 246 287 368 491 588 607 673 784
8 23 60 78 244 267 442 551 574
12 55 153 179 266 286 365 378 539 619 639 823 924
16 105 116 233 234 304 308 399 487 500 578 745 792 793 827 844 994
6 5 161 360 402 416 868
7 226 268 321 346 379 598 924
2 275 785
9 21 232 316 408 698 739 741 917 972
16 39 243 244 314 375 459 626 650 727 730 744 772 780 784 813 875
12 44 45 51 98 278 455 581 634 635 695 895 974
13 83 101 178 185 271 362 473 612 638 716 767 785 983
10 131 384 404 495 533 590 738 772 773 855
9 34 302 384 478 524 582 747 775 974
11 271 301 314 336 355 451 503 507 572 626 679
5 10 107 136 401 430
5 309 441 607 839 879
12 4 86 103 154 194 217 327 475 495 835 907 958
10 171 285 286 371 413 443 449 503 782 817
15 5 8 60 79 104 249 260 388 644 687 711 724 875 938 965
14 3 46 89 216 273 279 352 360 450 459 460 908 916 934
17 83 248 258 271 290 341 388 434 464 486 491 696 781 840 859 866 888
9 96 108 122 257 379 389 433 762 803
7 191 470 498 536 798 961 969
12 25 129 142 319 398 418 497 502 690 841 873 881
8 241 291 442 533 664 719 980 990
16 138 225 252 459 478 515 634 659 668 710 737 776 784 901 908 999
6 88 176 434 590 830 834
13 52 113 161 216 412 442 498 538 713 749 825 968 998
10 193 355 446 488 492 539 661 780 896 907
8 162 257 334 683 706 746 903 979
11 73 128 149 234 317 413 738 739 762 885 899
9 86 128 188 254 257 463 573 743 987
12 112 201 398 405 488 528 609 707 771 903 938 967
20 62 178 185 193 210 263 268 287 317 355 358 364 442 449 605 636 731 778 826 964
5 237 450 792 890 955
12 30 118 217 427 437 453 548 620 690 859 862 998
8 7 16 45 129 228 235 334 893
9 24 108 210 238 305 517 587 681 914
13 192 234 265 405 421 449 516 558 605 732 769 771 954
9 45 144 178 260 352 355 421 546 706
12 49 67 137 166 261 472 500 593 848 949 953 975
13 99 142 143 205 220 277 420 513 594 736 812 879 990
12 20 361 433 457 512 631 644 654 748 777 820 982
11 24 80 313 342 410 414 536 561 669 889 978
7 46 63 339 818 876 883 951
8 149 204 313 335 375 813 923 964
5 39 320 688 961 972
11 4 74 251 291 697 700 724 745 752 838 960
14 49 273 329 433 590 627 722 734 779 808 822 883 936 972
8 85 113 208 338 367 376 487 857
13 10 41 165 253 259 405 441 575 598 726 887 893 956
13 1 14 259 287 290 324 527 628 655 663 691 780 883
11 209 261 306 399 526 584 725 759 782 794 840
14 212 226 341 372 374 507 532 556 614 781 786 809 891 997
9 74 209 378 380 384 465 545 844 957
9 197 264 303 326 380 563 589 730 980
13 11 41 49 50 68 140 144 301 646 703 718 771 804
9 38 164 182 345 528 540 741 777 908
9 233 371 443 486 499 766 802 851 968
13 12 39 185 256 312 340 356 393 472 473 927 956 979
5 43 112 133 815 863
11 78 132 184 191 275 383 497 518 623 680 968
12 13 112 141 179 209 273 295 424 587 837 899 992
12 9 63 173 239 502 578 606 745 798 914 960 974
14 7 22 113 165 279 280 340 349 477 503 594 807 840 970
7 279 330 532 682 714 775 904
15 34 82 178 226 376 444 468 636 645 744 762 876 896 904 910
5 100 167 355 426 456
11 17 93 151 191 238 244 583 704 899 958 981
8 50 284 345 393 699 808 824 898
13 102 193 222 238 458 461 529 570 632 702 843 904 955
6 118 189 408 514 553 991
9 60 175 394 405 417 623 795 895 947
11 66 74 124 165 196 510 658 674 754 826 911
9 48 94 224 230 290 402 634 707 900
5 230 239 255 374 590
16 1 52 279 284 301 351 409 476 558 582 755 860 862 908 911 953
6 189 332 333 451 702 814
9 192 248 252 286 354 546 685 726 826
11 71 225 270 301 355 417 430 474 592 727 832
12 1 4 11 30 63 143 399 659 704 757 850 967
11 68 201 278 282 310 348 528 640 660 663 991
7 165 175 220 277 283 612 868
12 51 215 291 327 378 513 551 595 734 748 760 762
5 380 565 787 971 985
8 346 453 459 632 721 755 942 958
9 85 221 518 767 786 813 840 910 990
7 30 44 93 431 580 863 894
10 129 144 150 394 470 530 608 704 864 873
5 239 405 612 774 779
13 66 74 146 253 279 309 376 559 736 770 927 941 960
11 54 125 130 209 305 457 463 696 728 824 946
11 52 212 277 281 317 588 659 792 909 928 978
7 166 186 591 654 730 793 970
10 68 146 156 254 391 618 643 695 720 918
12 165 247 363 416 545 631 687 711 732 751 879 987
7 70 116 144 169 255 365 683
8 8 58 61 259 280 341 488 603
9 50 79 365 506 636 772 890 954 981
4 366 473 476 597
8 19 390 398 455 525 773 914 931
10 24 35 112 228 236 272 407 627 648 883
10 44 102 152 178 232 349 461 608 730 976
10 80 163 261 343 478 538 604 617 673 842
8 35 82 90 131 197 440 688 808
12 65 115 221 367 380 562 584 615 703 845 898 931
10 69 88 124 214 414 484 808 868 894 957
13 4 134 237 244 364 421 448 487 551 758 900 925 967
8 133 175 273 468 543 630 646 828
10 272 281 289 400 428 527 580 686 786 912
11 47 67 133 217 656 664 679 684 703 828 950
6 25 414 615 811 969 995
16 88 93 125 129 290 380 397 512 537 603 671 824 835 908 984 998
9 19 75 81 269 475 567 591 622 935
8 368 530 672 673 788 830 864 915
15 151 254 444 454 486 501 523 550 604 785 818 835 935 958 990
8 169 172 431 568 588 741 789 805
8 23 193 375 554 615 618 664 939
7 12 73 449 515 827 889 894
7 42 103 320 516 539 678 920
14 20 53 91 103 178 198 246 357 386 558 627 705 812 992
8 57 81 690 706 774 779 820 920
12 49 95 158 256 397 399 438 441 451 574 865 939
10 32 235 480 525 614 673 875 876 952 980
9 2 246 262 267 307 386 470 610 825
7 9 101 220 289 342 739 817
8 72 138 325 394 456 696 905 932
4 12 47 165 664
7 109 139 245 572 587 633 673
9 21 90 223 578 590 632 640 857 938
9 80 278 347 431 508 513 611 710 780
12 34 118 175 265 538 657 699 720 724 925 931 993
8 320 475 490 682 721 765 925 988
11 68 224 253 325 381 456 563 577 726 825 847
4 446 507 821 841
14 17 74 101 113 151 182 191 311 599 617 856 941 942 974
13 11 63 72 107 126 186 187 244 326 471 605 773 858
11 86 280 326 408 453 485 557 564 775 827 966
8 117 224 355 362 411 634 748 823
11 129 298 391 421 429 528 598 621 635 851 938
13 67 96 110 184 262 580 586 592 725 734 788 790 956
7 128 213 263 332 709 823 867
11 224 246 273 345 444 578 610 812 863 941 955
6 107 452 569 592 643 649
8 104 213 258 477 643 766 818 835
5 192 323 510 649 968
9 128 369 458 614 771 827 856 919 989
11 103 124 229 588 629 678 724 779 818 940 961
11 15 61 217 405 438 536 547 656 673 890 977
9 96 170 177 257 298 312 424 795 892
6 161 772 834 884 890 972
14 49 154 187 221 395 483 488 629 634 691 740 864 877 886
11 221 426 523 576 595 763 819 857 897 940 956
8 50 58 242 401 463 526 755 962
9 13 39 146 343 457 622 626 719 759
8 42 80 140 247 342 346 583 826
12 80 89 164 372 387 517 570 737 805 867 895 954
11 3 201 302 327 545 560 604 772 844 885 987
11 18 145 265 284 344 426 454 603 860 892 921
12 90 194 324 392 484 500 549 613 626 702 735 850
11 32 33 43 264 401 484 614 649 676 777 973
8 134 348 390 508 541 573 919 970
7 273 352 420 464 674 846 914
10 165 294 315 380 485 679 845 901 930 961
7 0 145 441 477 834 848 940
11 4 236 267 286 349 556 604 654 705 886 929
5 35 172 361 418 466
13 88 97 238 311 345 391 760 800 823 830 874 909 996
12 58 95 128 174 272 321 468 569 618 619 711 817
15 13 42 216 244 247 253 493 517 679 695 728 754 794 880 921
5 72 91 128 541 821
16 143 184 246 272 273 301 370 372 399 442 531 583 678 783 959 995
13 13 29 31 35 60 177 320 324 340 807 815 861 987
9 161 179 287 296 325 435 576 707 859
15 22 148 174 213 302 342 352 423 618 620 635 681 698 951 982
16 78 99 116 204 268 387 458 483 660 695 718 752 816 878 944 963
4 119 394 758 806
7 72 168 267 322 415 886 955
9 5 28 90 188 709 833 838 855 990
18 1 20 27 115 142 271 335 352 449 517 568 640 665 700 729 731 848 995
4 193 279 526 675
10 90 232 339 344 432 464 585 623 739 907
8 63 153 202 236 292 329 606 912
11 271 286 412 453 463 548 876 880 941 965 988
13 74 202 328 331 355 423 433 500 555 567 831 838 848
10 163 326 385 556 650 842 901 954 958 993
10 61 158 377 503 750 797 808 824 883 964
7 46 134 356 473 731 760 859
5 299 308 526 556 929
11 275 379 499 585 592 602 743 781 807 868 880
6 25 366 387 425 654 795
21 40 70 94 164 235 237 266 335 337 338 386 410 424 463 669 692 741 793 865 918 957
9 64 73 262 361 432 690 719 723 871
11 129 315 363 500 740 758 859 860 894 927 943
14 42 125 154 192 206 307 350 358 518 666 741 750 758 888
8 6 132 186 356 360 419 789 916
5 124 254 347 587 856
5 232 325 381 589 753
19 123 209 306 338 352 475 578 589 598 603 623 687 759 784 858 892 921 930 978
13 24 67 92 243 287 334 412 548 637 728 853 877 904
7 54 99 214 322 388 450 655
8 41 97 219 293 307 460 635 793
3 134 153 874
15 196 250 380 468 472 594 622 646 702 714 724 804 806 891 961
10 241 255 362 488 585 638 644 709 858 915
13 2 6 162 192 204 284 330 536 705 721 848 877 989
16 35 79 167 315 321 400 473 512 649 745 767 816 822 905 953 978
7 50 450 540 607 707 914 955
6 77 160 166 311 504 571
11 67 163 213 216 306 404 585 720 741 771 812
9 67 108 300 553 835 864 893 971 982
6 20 231 400 409 584 792
12 44 96 166 233 293 349 424 493 570 673 856 922
12 35 39 56 71 95 116 203 346 521 579 776 947
10 8 74 93 131 313 455 771 884 895 962
17 65 104 250 251 283 285 330 342 432 498 510 596 667 695 763 950 994
11 23 185 302 329 526 626 715 745 860 890 977
13 7 13 21 91 146 376 415 434 666 742 816 904 963
11 19 38 103 210 245 290 408 459 745 844 882
11 91 131 143 147 204 228 289 456 472 769 916
14 4 21 116 230 391 428 450 454 484 569 644 650 690 802
11 60 149 159 352 368 495 566 601 879 971 991
8 192 293 299 522 738 754 925 959
11 38 153 166 359 482 649 716 768 848 854 945
12 39 59 132 205 544 606 714 762 772 952 966 998
10 16 109 385 394 452 522 654 773 841 998
11 43 68 205 384 726 740 829 870 958 964 977
10 35 162 287 293 545 552 634 678 896 920
10 186 201 266 335 342 384 531 580 585 869
13 5 114 350 398 543 555 563 728 745 819 849 853 979
12 162 168 195 233 265 371 595 640 680 839 948 989
11 106 153 270 454 504 514 596 825 889 914 937
13 77 237 241 293 507 549 648 682 730 733 905 952 993
5 28 106 147 383 846
11 4 33 106 107 335 616 653 679 814 873 902
8 7 299 316 500 605 757 848 889
13 23 124 176 247 359 445 493 570 643 928 958 985 991
7 53 185 261 404 718 818 896
13 9 126 156 187 279 290 321 388 395 399 470 502 955
12 62 74 122 414 540 678 699 793 830 845 849 852
8 7 278 283 331 691 862 875 909
9 20 51 194 252 427 472 485 698 832
10 74 85 97 122 174 334 445 466 752 866
11 26 79 181 243 253 366 420 531 650 712 981
7 32 102 407 499 629 667 976
6 147 400 569 606 684 863
13 9 44 143 225 255 356 420 560 607 680 729 862 869
5 119 144 523 768 891
5 336 453 667 811 976
9 75 250 320 493 522 606 622 678 973
11 4 6 10 47 527 615 795 861 886 903 975
10 80 357 367 525 553 608 701 799 941 993
5 3 371 461 483 554
12 8 200 339 566 644 674 704 760 863 873 885 948
11 12 147 233 335 427 428 439 654 721 746 910
15 132 234 321 337 344 401 465 483 530 568 577 707 912 960 962
11 95 134 141 162 412 432 508 654 662 849 850
9 95 165 345 387 513 570 803 870 880
4 210 304 389 707
7 149 332 523 558 615 765 995
6 21 50 157 212 634 987
11 80 152 176 292 293 299 408 516 565 747 821
11 175 299 375 403 408 464 465 500 631 857 963
9 62 319 486 505 697 804 934 949 965
16 52 107 131 156 168 380 482 505 600 656 746 782 817 889 905 922
9 163 377 391 454 626 668 701 792 975
11 34 428 482 532 591 666 669 684 756 925 999
12 68 115 334 349 351 381 412 692 762 785 867 931
8 58 318 506 664 785 788 793 999
9 49 143 227 283 392 419 483 541 836
16 33 126 144 316 354 465 478 522 538 681 691 693 704 841 909 941
10 21 213 466 504 729 739 758 768 830 875
8 25 82 150 240 365 487 736 897
11 5 59 194 209 400 414 454 517 558 613 938
5 54 99 345 502 863
7 177 347 413 438 661 669 951
4 158 570 833 910
11 44 62 97 125 384 441 522 650 717 827 838
10 0 54 238 254 281 299 427 672 805 839
10 16 51 159 210 309 548 644 697 968 969
12 25 46 162 242 248 319 435 439 551 560 628 915
9 37 134 239 343 377 379 741 839 912
8 196 199 209 259 304 379 555 710
12 24 51 128 142 323 461 582 651 668 669 746 769
9 124 433 527 629 673 778 787 895 908
9 81 227 328 558 642 662 728 836 928
8 5 90 133 246 324 858 877 977
14 38 89 121 252 343 427 496 505 541 558 699 742 903 932
8 8 405 466 627 690 768 774 852
7 5 15 99 220 336 376 839
8 97 331 395 430 607 734 852 938
8 78 114 134 417 471 533 619 814
11 232 429 431 485 561 681 812 815 851 961 964
7 59 698 722 746 763 826 865
11 68 282 308 390 433 513 694 758 778 926 963
6 20 178 418 565 773 864
10 199 283 400 507 513 531 621 684 689 775
12 122 139 197 256 290 355 483 486 573 625 632 699
12 89 287 311 486 575 611 700 770 784 790 872 947
7 71 564 596 763 869 889 972
9 24 27 32 318 487 540 612 771 891
4 205 500 688 783
11 80 139 271 345 377 517 532 635 809 838 867
11 93 112 183 252 264 440 508 759 769 840 941
6 207 523 564 596 622 883
12 14 206 273 295 380 437 483 503 526 605 846 959
10 73 79 163 187 495 528 664 852 874 912
8 96 217 353 492 527 739 831 966
9 170 297 413 440 646 776 843 858 865
11 140 192 346 438 443 475 483 500 673 773 885
11 38 132 341 452 481 485 590 742 743 834 889
11 12 114 119 152 397 459 528 561 584 822 855
10 17 112 142 236 252 266 327 559 759 816
10 40 50 77 303 372 589 615 743 811 832
13 29 102 221 301 324 344 591 670 870 873 896 910 923
12 64 68 85 301 314 391 416 433 615 773 834 953
12 47 56 66 67 215 308 336 842 889 924 942 977
12 131 163 201 255 478 509 567 686 740 798 844 871
12 116 200 329 372 396 478 568 666 676 714 743 967
11 48 97 152 294 317 327 377 407 440 527 644
10 157 281 376 463 547 624 665 725 799 804
6 106 361 455 891 965 993
12 18 31 63 78 285 385 405 431 661 827 930 981
12 49 60 165 193 276 407 464 497 538 792 877 902
9 41 153 156 193 277 368 726 795 862
8 55 138 200 458 463 642 805 810
7 57 78 113 295 462 895 932
10 33 224 320 321 323 533 695 934 951 978
9 55 101 170 207 358 423 457 496 732
10 140 181 224 343 435 466 531 678 738 795
13 122 158 175 464 591 631 753 800 863 865 866 923 952
11 3 152 279 287 304 377 651 678 821 870 917
9 80 158 422 445 539 647 664 812 924
11 12 96 158 197 523 544 579 581 661 894 917
10 53 89 129 149 165 313 462 528 777 970
5 11 75 94 393 800
10 249 365 440 586 723 788 840 930 974 998
11 30 291 322 330 516 595 617 684 767 807 971
10 41 169 185 327 483 520 561 832 858 932
9 32 87 326 382 552 709 766 864 895
9 83 97 254 392 414 415 535 647 767
13 82 87 137 150 151 252 285 348 372 650 681 692 787
11 124 149 198 274 420 492 600 643 739 875 948
12 29 132 225 259 362 387 419 519 590 619 622 712
14 67 81 99 118 148 191 213 281 415 448 627 704 902 989
12 78 159 197 278 312 320 367 517 596 822 860 944
10 102 121 301 466 609 645 736 806 900 992
10 41 159 219 523 681 786 820 824 850 944
14 52 70 171 187 387 457 474 477 613 616 642 854 882 958
14 109 127 293 324 386 413 453 544 566 587 661 822 918 986
8 317 418 434 502 599 608 706 847
8 206 320 508 548 553 630 768 861
13 49 57 169 234 310 478 593 612 621 752 797 882 883
9 177 245 372 378 398 583 585 863 903
4 123 263 701 962
10 120 275 385 501 589 642 714 746 840 842
8 2 125 231 269 332 363 659 782
5 145 554 716 788 813
7 16 60 464 653 751 897 911
9 20 84 204 394 501 625 639 785 790
9 14 71 283 430 491 587 590 619 685
10 129 208 273 442 744 760 838 902 978 993
12 166 194 195 319 344 357 363 393 439 537 910 932
10 197 199 266 522 653 659 752 777 836 854
7 249 345 490 705 753 756 764
16 7 21 26 78 184 252 495 527 539 561 778 811 830 919 958 968
13 38 76 150 190 195 225 308 416 498 609 700 745 993
10 100 152 195 262 338 578 660 791 830 970
11 50 263 266 324 346 358 433 545 783 947 990
12 61 86 404 431 478 529 632 693 792 886 926 954
13 79 218 261 276 326 375 440 580 638 714 942 952 995
11 31 103 127 185 266 433 637 708 780 905 988
11 46 48 100 420 423 436 608 825 856 881 936
15 172 355 378 457 458 515 639 654 659 680 698 710 942 955 960
6 24 474 704 714 731 938
7 65 90 172 555 634 731 822
12 18 94 164 199 394 431 458 533 614 767 946 989
8 170 235 393 470 714 763 765 781
11 180 211 312 331 353 445 674 704 907 930 967
6 698 823 838 867 908 994
6 328 361 453 486 653 786
9 169 285 300 365 610 621 671 687 847
7 194 328 524 604 627 737 938
12 29 67 155 270 418 424 611 673 679 761 783 813
11 189 277 287 331 495 510 648 662 668 957 989
8 52 332 551 633 668 691 820 894
10 24 47 142 147 262 323 353 647 725 826
15 162 177 234 349 367 396 438 467 510 551 715 721 799 887 908
19 53 81 91 118 346 393 410 535 562 617 720 728 749 805 828 876 888 937 946
10 12 424 432 563 589 626 685 770 814 981
11 6 65 183 351 360 597 666 768 783 805 989
7 22 200 322 495 717 805 939
9 55 294 300 399 616 631 742 777 854
11 88 143 194 261 310 479 557 581 664 972 973
6 263 463 703 721 774 895
9 9 192 248 359 701 732 789 806 871
9 62 266 408 413 667 792 870 932 933
9 62 63 71 91 176 306 367 773 923
17 95 114 122 168 220 228 287 383 386 419 433 498 563 709 728 789 954
7 164 393 642 677 781 893 934
14 23 68 185 235 246 283 462 483 493 598 715 746 817 948
13 41 82 126 127 273 313 395 418 519 541 598 658 863
18 60 88 119 130 233 285 306 324 328 401 450 626 674 680 761 798 898 933
8 81 166 183 244 263 391 453 650
11 30 115 158 288 336 425 490 516 570 696 997
13 46 47 57 230 319 347 373 416 644 658 664 732 967
11 90 147 326 388 418 419 442 447 498 847 991
8 87 131 194 217 693 823 827 932
11 55 261 281 293 519 523 526 576 661 779 827
8 34 259 625 689 913 938 956 967
10 370 505 632 728 784 886 895 972 982 989
11 171 356 421 451 626 640 652 725 844 885 947
7 133 162 173 418 525 862 931
8 251 344 455 495 669 863 895 936
14 305 323 353 399 460 518 593 706 710 739 774 785 791 947
12 101 132 150 179 206 277 509 573 623 625 691 917
10 122 294 411 442 468 528 678 722 775 796
8 85 194 244 392 624 633 673 944
15 63 112 139 199 255 266 306 345 348 364 437 511 525 685 874
9 161 294 372 562 581 593 668 808 860
14 12 95 171 484 547 631 689 759 801 814 869 885 888 933
11 5 8 54 60 304 396 503 541 702 712 789
11 9 55 82 289 355 369 461 627 747 833 905
8 94 126 157 334 448 544 580 877
8 57 140 403 422 453 505 537 543
9 11 91 286 327 407 549 582 821 914
9 53 88 112 119 148 184 500 638 660
8 202 363 466 709 798 819 836 996
13 97 114 263 339 370 387 474 504 507 725 762 828 936
7 293 540 541 545 674 692 999
11 18 298 300 433 601 681 707 739 846 897 929
5 103 114 242 429 999
10 10 13 60 109 389 408 491 503 656 853
16 7 12 14 17 26 52 396 494 500 532 551 587 759 854 862 954
13 166 295 306 321 345 379 393 472 567 642 715 745 940
10 81 235 336 365 541 561 729 751 789 837
8 27 46 166 174 223 548 551 833
10 6 31 140 258 261 584 657 730 756 781
13 31 150 165 193 247 280 290 298 375 409 884 922 949
13 47 135 295 304 411 440 512 538 575 637 682 706 900
7 81 125 363 589 679 755 932
7 91 382 439 494 670 694 965
12 72 83 175 179 299 398 433 482 806 808 890 986
7 149 252 414 569 666 824 930
8 36 64 178 279 621 636 840 951
9 30 81 140 318 412 431 594 596 702
10 19 75 194 250 308 320 633 644 673 973
9 11 185 257 266 283 403 687 739 913
11 142 210 277 385 430 454 520 789 805 872 950
5 47 477 480 791 807
14 35 130 230 341 354 463 464 582 606 607 697 741 986 999
7 120 259 459 769 844 928 972
10 21 53 172 240 263 534 565 668 941 998
7 319 331 426 567 711 760 926
10 199 259 261 339 356 464 640 663 905 944
14 81 88 113 292 335 420 638 673 797 811 853 918 977 978
14 45 95 150 249 256 326 408 575 580 606 742 887 994 996
10 135 290 601 762 801 813 837 871 882 915
11 109 115 306 331 335 340 353 871 877 895 955
10 19 54 134 256 288 419 494 738 802 874
5 254 333 428 588 590
10 134 163 227 313 470 523 847 888 903 945
9 86 141 228 404 416 419 706 863 980
13 15 65 335 493 507 604 614 748 765 849 857 884 962
9 13 24 79 118 217 344 592 597 866
6 75 116 622 627 639 909
14 114 181 321 360 381 565 610 617 658 726 745 778 927 956
15 35 78 131 166 294 312 356 377 382 560 610 791 845 848 958
4 81 204 470 668
5 650 820 822 892 929
5 221 260 698 936 947
8 149 180 226 275 366 566 851 863
15 37 89 142 253 261 290 409 437 547 688 773 843 886 889 945
10 13 34 53 200 397 447 705 728 817 875
6 153 281 398 515 738 913
8 193 201 286 447 454 585 690 923
11 11 194 301 519 649 750 802 919 954 957 984
12 254 333 369 395 598 699 707 805 845 964 980 989
9 78 101 381 451 515 551 681 790 964
12 24 193 460 513 573 631 660 844 873 908 951 977
9 241 509 545 617 652 682 713 848 933
9 188 225 270 525 534 615 627 884 941
9 140 286 296 352 529 581 666 859 951
14 129 288 389 491 543 560 590 660 701 711 823 840 942 985
10 129 159 164 219 250 270 404 646 697 780
9 109 153 321 337 522 538 565 730 848
7 315 497 521 622 638 678 767
11 95 144 205 392 446 628 689 730 829 938 973
11 69 104 152 254 369 650 692 737 769 969 973
20 22 103 122 210 226 240 246 371 432 457 508 520 661 701 767 952 953 977 983 986
11 45 118 149 493 658 738 796 916 968 979 996
8 33 89 233 262 458 612 699 782
9 110 420 507 555 582 793 853 880 884
16 13 27 31 129 177 355 453 502 533 536 620 754 840 965 978 981
14 42 112 148 212 328 395 411 415 441 455 497 586 754 963
8 90 128 201 539 568 636 809 842
9 166 238 357 360 425 559 685 696 812
16 67 108 214 298 320 354 451 482 521 523 625 774 868 885 926 983
13 155 235 251 265 369 392 635 724 868 921 962 963 996
10 95 178 269 399 484 487 538 610 811 979
9 126 168 235 244 246 261 515 725 740
7 267 289 443 448 577 719 723
10 99 237 623 691 701 761 791 930 954 964
13 56 276 412 413 428 518 567 673 681 802 836 930 968
10 11 131 158 215 417 504 534 704 965 974
10 66 115 128 264 410 499 530 598 937 952
12 11 61 63 105 374 414 543 573 718 797 864 968
7 103 171 366 517 649 685 885
9 33 36 143 210 374 437 485 964 972
8 58 240 267 294 389 426 587 951
5 69 79 559 711 958
10 12 238 290 381 418 448 824 917 925 964
11 39 97 113 123 269 444 506 570 632 647 735
4 381 607 658 846
13 53 152 291 389 621 680 705 819 851 859 865 885 952
16 5 11 41 166 207 270 316 345 383 433 499 516 561 590 653 843
8 35 182 188 546 556 696 711 881
5 92 180 537 595 821
14 23 176 243 262 301 379 436 606 660 707 726 796 836 841
12 89 168 188 208 250 281 319 402 478 690 854 931
8 137 277 417 586 646 654 734 845
10 84 220 244 304 468 642 902 931 965 973
8 164 175 239 343 354 421 528 879
10 97 241 406 502 510 587 699 700 811 927
13 144 162 183 302 394 430 457 500 741 743 904 906 925
