1000
5 387 468 561 576 942
9 136 145 146 339 421 579 786 864 941
12 97 169 284 448 497 503 540 574 637 694 695 897
20 4 6 11 138 441 560 599 621 689 700 726 741 840 848 849 855 881 913 934 987
11 3 135 189 258 385 396 472 564 723 960 963
12 47 93 109 132 135 208 344 655 816 828 870 910
9 3 52 190 221 264 421 607 917 946
15 42 134 201 211 249 362 401 457 468 570 623 710 718 953 956
9 22 74 193 203 328 456 482 705 988
8 129 206 302 477 517 677 786 831
12 123 367 382 440 502 503 537 572 640 669 813 964
11 3 56 103 136 157 178 212 639 924 933 986
15 28 32 84 87 165 169 235 250 342 357 392 606 676 857 997
11 58 228 296 510 560 582 744 854 914 916 961
14 75 77 81 102 118 290 341 365 419 446 538 597 815 833
13 108 247 365 383 479 583 649 678 726 857 899 930 971
12 92 379 444 503 537 658 697 730 764 833 855 938
8 96 130 474 514 743 923 937 987
9 51 61 135 242 453 455 585 895 950
9 357 370 442 574 639 729 746 761 842
12 56 93 205 245 307 472 606 645 666 720 778 790
15 34 60 91 114 236 240 273 666 696 709 711 724 750 918 966
14 8 280 307 318 327 354 414 433 545 684 751 831 836 990
6 126 324 426 499 785 887
3 376 591 784
10 66 135 175 250 309 524 606 611 804 925
7 263 415 487 526 608 871 976
8 58 71 307 322 466 836 837 839
12 12 237 239 249 292 549 588 623 671 767 942 952
11 102 121 134 140 144 172 376 400 661 829 933
7 88 93 298 336 613 783 948
13 109 241 324 361 440 517 549 623 668 751 874 929 956
8 12 50 63 72 233 290 510 633
7 84 111 118 372 543 623 928
13 21 129 254 268 298 303 333 473 518 540 895 933 956
15 47 83 97 162 341 359 414 419 435 517 670 674 825 840 997
15 137 141 164 197 321 375 506 519 615 624 787 848 903 991 994
11 207 209 259 403 465 614 652 792 918 934 976
9 104 223 244 263 506 625 758 769 814
8 106 154 217 376 431 527 720 911
16 136 169 203 208 212 256 334 335 359 457 549 595 756 757 901 951
11 43 107 347 451 475 503 632 745 858 933 995
11 7 96 110 280 355 394 470 548 604 755 829
11 41 105 126 139 188 277 294 329 598 696 899
11 61 167 396 398 431 589 609 694 698 820 998
9 91 319 453 468 538 668 711 846 978
13 58 89 124 176 199 227 333 632 659 905 931 994 999
15 5 35 114 142 149 243 251 288 388 503 528 534 677 749 821
6 131 181 675 706 791 826
8 142 257 277 295 619 640 869 999
10 32 348 364 436 465 655 719 792 840 845
12 18 55 119 241 251 275 428 659 757 759 825 834
5 6 133 638 805 868
12 113 144 237 250 278 279 302 311 361 476 543 825
9 131 217 278 283 295 319 431 828 898
11 51 153 184 251 375 381 586 721 805 852 919
17 11 20 85 177 188 277 329 406 445 468 474 553 613 629 693 720 733
12 242 335 406 479 631 670 810 834 893 937 943 997
15 13 27 46 98 164 226 251 355 456 506 577 587 675 921 965
6 123 355 573 752 813 973
13 21 120 202 259 286 318 361 410 505 626 703 708 869
15 18 44 191 256 281 296 360 505 693 752 786 819 826 876 980
9 137 446 483 490 593 648 787 905 992
9 32 124 162 393 500 646 670 847 874
8 299 312 318 381 408 516 751 841
4 108 496 499 807
16 25 191 203 214 268 335 349 369 441 490 769 817 946 955 963 977
5 87 104 437 589 878
12 78 105 369 387 478 548 641 839 853 919 927 959
9 177 203 333 500 572 594 653 670 993
5 90 874 942 969 982
7 27 182 368 610 674 702 851
11 32 141 166 383 413 543 601 670 692 746 844
13 98 256 349 388 390 411 428 501 577 648 708 799 827
10 8 110 371 408 473 609 816 900 922 983
14 14 145 210 255 274 293 458 476 518 630 655 725 916 950
6 226 231 409 748 814 914
12 14 83 92 327 363 460 466 509 631 719 762 952
12 68 191 253 279 494 653 688 727 748 894 904 924
7 229 269 423 555 616 787 871
6 164 292 627 682 720 956
9 14 197 239 273 570 574 890 924 984
10 255 285 324 529 548 614 752 807 840 983
9 35 77 115 126 191 219 391 459 889
7 12 33 149 369 553 764 808
10 56 90 108 333 406 437 790 816 900 940
12 128 292 353 459 481 615 781 842 864 907 943 950
9 12 67 313 385 393 414 818 916 994
6 30 563 679 694 707 760
6 46 231 262 517 978 994
11 70 85 323 327 556 645 648 687 718 870 921
8 21 45 194 212 433 652 711 949
11 16 77 340 499 566 642 856 858 908 928 989
13 5 20 30 123 386 410 475 480 716 771 839 944 956
9 187 272 360 373 602 727 900 962 993
7 122 135 206 546 565 757 823
12 17 42 97 158 197 311 390 415 498 581 756 965
12 2 35 96 144 266 267 442 464 486 504 762 905
9 58 73 298 335 410 635 682 758 905
10 100 176 267 642 649 778 861 910 967 986
9 99 257 260 265 311 459 662 898 941
14 116 133 228 281 343 357 358 453 457 482 847 909 914 932
7 14 29 192 575 957 961 993
8 11 126 271 305 692 765 842 875
12 38 67 118 173 199 318 329 408 565 732 766 879
9 43 68 138 264 334 343 533 856 966
12 39 148 179 237 256 370 420 499 604 668 724 830
10 41 260 414 445 569 615 747 829 893 907
11 15 65 85 154 161 598 612 779 806 926 948
9 5 31 131 200 325 483 520 631 743
9 42 74 174 251 412 484 494 692 703
9 33 195 410 497 596 660 718 783 919
3 365 800 834
18 53 153 194 299 313 345 372 479 578 612 613 655 674 699 752 851 949 963
8 21 47 174 282 327 354 402 702
10 83 140 141 258 271 445 457 492 816 899
10 101 375 460 469 635 788 802 878 896 980
10 128 168 349 359 465 482 533 699 851 898
10 14 33 104 144 291 300 321 356 374 964
11 51 219 275 289 395 403 481 692 760 849 988
9 60 171 200 208 398 437 750 783 968
13 29 195 303 546 646 659 709 711 794 885 893 946 981
7 95 487 599 606 679 692 695
10 10 59 93 472 626 693 744 770 778 883
8 46 63 174 284 478 495 783 997
12 209 329 375 602 695 702 707 760 779 851 890 965
11 23 43 83 103 309 472 686 746 749 796 941
5 166 281 345 878 984
10 86 117 234 340 353 356 426 441 707 924
13 9 34 144 188 203 220 431 574 674 751 786 876 915
9 17 200 226 472 487 625 840 844 855
8 48 54 109 424 548 580 604 735
9 5 177 261 324 359 522 540 704 921
9 52 101 355 517 531 589 655 709 858
7 7 29 211 358 383 594 839
19 4 5 18 25 95 236 346 356 381 419 432 582 611 640 714 732 740 774 926
10 1 11 40 160 197 310 706 725 771 888
9 36 62 148 480 598 622 696 759 893
11 3 105 156 190 273 467 638 735 942 962 968
7 43 377 473 601 804 849 858
13 29 115 141 176 215 443 719 755 793 798 850 896 926
14 36 72 115 140 182 205 244 293 438 524 534 785 786 958
10 47 49 356 397 401 641 755 762 846 853
10 170 247 315 353 370 409 544 567 890 905
14 29 53 97 118 129 303 383 445 456 601 762 904 907 926
12 1 75 296 581 663 708 733 737 766 783 838 885
8 1 190 225 344 400 407 915 925
11 148 161 193 253 263 316 350 442 525 616 628
11 106 137 147 482 523 583 636 667 792 875 922
15 47 84 189 235 247 248 351 383 401 528 756 795 800 839 868
11 184 247 261 324 576 657 750 756 841 922 996
9 278 465 526 556 608 724 742 808 999
2 398 455
11 55 113 223 371 649 754 785 796 919 921 967
9 39 108 196 245 247 490 624 824 904
3 247 338 573
5 138 395 437 505 682
11 11 227 474 516 545 577 767 813 852 901 913
11 96 225 313 387 594 828 880 920 947 956 966
7 394 409 480 648 667 738 873
9 136 433 626 665 743 753 786 820 998
12 108 147 182 247 354 387 424 434 438 455 606 760
11 35 63 348 369 514 662 801 814 830 914 946
10 298 326 379 506 565 648 867 953 964 968
14 36 58 80 225 285 357 530 546 556 623 666 780 862 926
10 12 214 415 504 544 553 574 593 692 791
7 72 127 262 420 575 832 847
7 44 185 326 402 586 835 882
13 117 180 227 285 336 393 476 494 634 648 704 935 981
12 2 12 40 187 202 278 431 480 660 780 815 844
6 143 236 348 371 574 770
10 120 191 248 496 606 702 745 760 844 918
8 29 272 456 560 613 631 674 691
10 104 215 254 363 477 565 570 902 925 970
12 110 114 124 217 267 453 460 513 761 796 875 973
10 25 194 532 686 803 804 807 868 947 965
11 46 99 140 272 406 431 485 549 649 753 938
11 56 69 132 279 504 520 524 555 671 718 934
8 11 261 467 565 650 687 693 796
10 106 224 240 248 404 451 455 522 883 936
13 168 184 222 267 341 412 451 613 623 716 739 807 965
7 48 362 367 542 572 588 799
13 71 141 161 204 378 618 646 812 848 890 919 961 980
12 217 237 270 323 470 677 784 791 907 947 953 966
10 55 150 180 246 261 335 604 622 652 947
6 167 299 580 581 788 890
15 335 382 483 600 618 640 642 663 665 670 686 851 882 903 936
8 94 169 260 304 322 696 815 985
14 43 56 129 255 263 432 494 520 553 619 644 822 866 955
8 4 149 215 346 410 685 735 844
7 6 138 146 256 300 373 907
7 61 66 78 83 171 652 671
13 102 292 305 678 701 741 756 798 842 852 882 943 977
6 8 147 255 486 537 963
13 91 113 175 259 274 286 492 656 746 761 890 973 995
6 111 121 435 498 543 620
9 154 455 500 690 723 726 833 837 862
17 36 81 96 136 236 250 302 428 454 501 579 729 874 883 893 911 947
5 349 757 783 803 839
8 46 104 236 407 416 555 573 965
17 109 120 130 404 415 444 531 547 575 610 638 819 872 910 950 994 996
9 7 245 287 291 425 619 810 835 883
17 60 169 225 260 328 332 339 354 438 462 499 510 544 583 632 850 853
18 8 40 66 69 129 229 234 310 432 446 512 588 655 701 720 734 833 856
10 182 291 360 455 529 537 544 601 639 684
11 20 141 698 723 758 888 911 926 941 946 986
16 9 95 287 339 358 360 406 659 665 712 780 783 814 852 876 933
4 37 310 351 937
7 5 40 120 446 495 616 958
7 37 125 299 539 809 855 912
10 75 327 412 553 603 628 653 776 784 830
4 7 134 380 670
11 11 40 91 254 368 558 659 693 741 900 945
3 884 917 932
5 66 165 216 269 565
10 140 173 189 249 280 352 591 869 875 974
8 214 238 263 271 702 877 895 968
13 39 54 174 183 223 277 328 340 373 483 542 642 946
6 220 229 497 698 828 970
9 83 119 297 323 703 768 773 910 913
10 129 218 260 272 337 407 424 623 671 864
8 6 279 458 546 574 633 717 841
13 180 236 253 349 352 406 454 515 534 538 553 877 964
13 38 153 217 244 250 378 401 496 540 640 658 700 768
7 179 390 507 643 940 957 986
12 146 158 164 202 415 417 592 702 902 921 959 977
10 58 76 130 562 574 599 689 700 770 840
12 46 157 168 238 567 637 720 744 785 795 961 971
10 13 101 241 394 442 477 577 672 904 940
17 79 203 218 232 243 302 344 370 456 517 700 763 804 876 881 980 985
11 367 431 559 618 623 631 683 835 891 974 982
11 76 89 330 346 358 440 601 622 746 913 957
9 229 529 680 682 689 839 850 936 997
9 32 387 414 475 670 698 786 866 876
7 128 203 412 533 661 972 981
7 12 149 300 438 504 928 982
11 21 135 170 197 199 222 357 629 741 976 992
13 28 53 106 183 245 332 405 435 454 584 632 825 883
10 216 227 270 299 314 567 816 823 912 964
3 28 81 911
11 21 179 412 433 642 708 718 731 736 806 962
9 31 51 228 331 481 565 608 810 864
10 18 57 270 328 364 395 498 522 530 644
7 47 229 527 686 720 854 875
11 38 141 223 406 448 522 602 674 684 896 901
17 20 154 201 237 254 255 286 293 321 438 480 747 857 877 915 930 988
14 184 308 330 334 367 374 377 691 695 730 809 921 960 969
12 15 143 149 150 154 155 161 371 508 632 650 906
14 149 171 179 471 521 595 606 693 722 732 843 943 958 962
12 7 28 215 348 436 503 528 674 732 800 898 944
10 12 25 53 197 223 466 541 578 755 958
11 47 51 55 58 110 329 353 634 742 909 917
8 255 265 420 450 451 573 729 779
11 78 147 222 410 424 513 690 770 872 877 878
11 34 173 212 245 349 407 500 773 830 863 957
14 75 82 188 193 245 252 349 460 507 595 607 701 841 884
12 40 61 73 106 190 284 307 358 487 496 522 747
15 49 100 367 397 399 604 723 780 798 818 828 846 895 956 994
11 4 115 277 286 289 302 373 486 591 697 823
14 37 60 194 281 302 424 505 570 652 778 797 818 881 987
9 100 107 187 202 220 446 508 811 952
6 132 150 178 184 559 611
9 89 166 341 629 831 854 864 871 930
17 26 38 147 188 216 348 409 416 460 596 696 737 809 874 940 959 994
8 6 105 271 428 479 722 726 874
7 100 252 286 357 515 551 702
6 97 541 804 816 817 917
13 97 99 174 180 519 663 676 694 736 882 916 949 980
5 34 66 476 720 996
6 79 214 416 608 675 815
11 183 238 242 360 375 555 580 779 787 874 918
12 103 115 216 264 358 409 519 744 799 861 877 912
10 94 172 176 220 310 463 687 796 836 880
8 21 81 138 284 604 630 906 923
8 75 194 381 548 618 794 796 856
10 51 119 432 449 467 566 617 808 871 927
7 297 409 448 697 877 959 965
13 43 49 56 217 258 438 550 561 628 693 772 885 890
13 53 54 151 169 350 370 425 579 588 706 735 745 945
11 53 78 177 221 331 357 372 721 727 746 794
8 22 42 215 348 538 682 960 975
8 61 101 127 259 486 580 692 747
10 114 342 366 536 712 719 786 821 883 968
5 54 396 456 837 982
13 2 124 256 273 455 458 559 601 629 747 829 871 909
9 82 164 168 547 562 657 715 784 987
8 60 194 245 258 265 337 696 836
7 201 206 356 511 538 615 970
8 47 297 326 464 469 582 867 900
8 119 258 398 510 570 811 831 846
8 14 32 302 445 688 721 833 890
9 118 201 204 463 653 806 871 911 988
9 28 80 86 192 399 466 778 936 951
12 75 141 245 350 393 395 454 460 551 584 728 772
12 43 340 360 515 675 706 752 756 835 848 909 932
11 49 54 302 431 635 691 788 882 907 966 994
9 13 61 145 342 644 648 700 941 991
10 219 276 288 417 519 555 588 691 837 870
9 30 34 98 163 359 381 490 670 889
12 64 113 185 209 238 350 401 463 478 585 796 986
13 118 190 235 312 352 413 514 618 732 783 916 935 995
8 303 346 573 718 723 729 787 907
14 9 53 197 229 258 259 290 295 548 797 849 890 960 985
11 34 121 144 301 455 492 565 637 719 820 939
5 187 388 477 569 752
5 103 192 562 796 894
6 321 555 596 615 751 942
11 20 22 27 256 323 351 503 693 723 865 921
6 246 400 431 496 752 804
12 25 126 425 528 571 725 756 768 831 923 940 952
11 136 203 207 272 379 631 666 733 781 923 924
9 53 96 100 428 595 631 762 834 855
15 64 300 353 360 389 408 410 577 610 753 862 892 919 961 972
14 87 113 158 323 326 353 371 489 663 667 674 727 855 923
7 238 378 509 523 593 688 871
9 143 334 341 558 559 607 700 724 866
4 147 436 441 517
6 439 513 561 573 952 992
11 22 60 64 104 378 406 519 558 894 911 934
19 45 54 353 365 389 418 451 523 569 686 687 720 731 740 760 806 814 930 941
10 356 377 391 513 570 625 755 758 832 931
9 36 118 245 306 533 570 821 852 906
6 27 187 578 696 865 925
14 90 183 219 307 313 401 434 461 471 598 621 678 681 754
9 23 31 82 132 150 885 909 937 995
8 109 452 470 566 637 778 873 887
11 163 167 288 313 539 625 647 826 834 906 910
12 22 77 90 114 210 392 407 645 707 810 926 940
10 8 202 217 242 355 379 438 473 850 999
11 43 56 104 125 251 514 632 666 709 731 967
5 231 246 474 661 692
15 241 279 415 445 446 514 516 648 680 744 768 860 886 975 992
9 202 237 401 577 586 831 873 950 959
8 34 46 69 85 429 653 659 956
8 40 105 246 315 403 689 709 946
14 40 57 66 98 184 186 411 479 498 635 793 820 829 864
6 30 168 547 718 856 888
10 220 286 387 406 425 501 517 632 912 994
11 155 342 397 401 463 528 581 746 792 823 933
9 1 202 206 648 725 775 842 904 942
10 92 128 217 294 401 493 650 951 975 989
11 14 35 180 262 315 454 627 703 843 912 934
11 12 282 296 338 366 651 661 907 912 928 972
8 101 105 359 367 513 519 572 940
11 5 146 229 373 529 580 624 635 815 819 978
7 113 127 371 784 786 861 911
9 135 189 231 301 404 419 541 599 907
3 41 479 916
12 50 162 170 249 263 280 461 552 630 663 684 742
16 66 73 117 198 222 254 255 356 508 556 565 652 661 797 844 927
13 147 278 293 299 471 616 706 775 799 820 895 955 976
5 149 207 307 558 808
11 215 222 300 359 488 636 651 653 781 827 921
12 86 128 143 251 312 313 319 430 462 598 662 921
11 22 114 161 202 548 644 705 796 811 825 921
10 42 58 59 133 328 363 493 864 878 994
19 118 128 135 142 287 320 349 368 444 585 650 676 764 782 847 848 898 928 979
14 12 19 101 164 236 265 279 371 472 485 566 692 800 962
10 101 134 206 231 256 271 524 797 846 909
11 35 40 117 132 298 343 352 572 612 713 765
17 61 94 204 206 270 294 312 376 417 467 476 609 772 948 955 987 994
10 31 53 60 381 394 497 615 684 746 796
10 7 181 384 424 480 550 584 705 776 859
8 77 173 355 414 489 538 767 902
12 50 242 403 498 590 695 721 744 801 832 846 963
10 14 15 112 319 429 468 572 604 623 950
9 282 342 372 526 538 619 737 799 958
10 10 181 230 246 257 343 414 700 824 901
13 71 212 356 417 480 542 703 779 832 850 914 916 957
7 66 68 84 162 498 617 762
9 19 106 143 229 278 445 661 663 825
10 74 153 170 247 313 345 357 388 449 941
13 33 113 279 366 462 663 697 834 888 946 969 972 990
14 94 190 217 258 344 413 453 605 640 724 785 991 992 993
10 118 246 431 459 650 654 665 738 848 983
8 36 55 116 125 270 539 686 970
8 24 29 39 360 603 694 700 828
8 139 246 320 462 710 788 819 874
8 182 223 314 318 572 670 692 994
11 16 163 310 328 416 517 604 639 668 900 909
13 211 463 532 586 724 726 738 742 795 837 841 925 978
8 55 64 135 274 298 361 421 708
9 10 186 538 604 829 846 899 936 976
16 15 72 134 144 149 402 411 444 457 549 557 677 682 793 797 904
9 362 406 439 722 746 831 847 925 988
12 4 87 447 461 486 588 590 614 733 761 784 999
9 93 435 468 576 594 597 604 608 749
16 0 68 158 161 233 337 554 706 734 743 778 803 823 857 866 929
11 47 73 304 371 445 502 562 651 658 696 725
6 312 319 394 680 691 980
6 73 96 224 426 508 895
7 83 320 542 613 744 853 935
7 12 327 431 441 605 664 943
11 63 87 168 293 436 493 592 650 799 847 879
9 42 159 228 361 389 479 659 717 947
12 119 156 242 293 460 484 701 761 775 807 875 942
10 4 44 283 448 671 781 862 911 916 925
8 142 257 338 465 545 711 934 962
11 44 120 152 289 407 799 914 939 946 963 985
5 257 292 653 706 826
6 29 146 308 852 859 942
19 7 142 149 223 299 323 332 338 340 477 514 578 598 737 757 810 838 850 881
13 114 167 383 420 425 464 532 592 595 752 768 776 785
7 37 119 334 364 584 631 997
7 179 200 346 408 448 716 955
11 237 491 526 574 585 641 657 684 733 793 869
15 56 57 85 176 206 222 244 318 337 384 509 593 619 634 992
17 146 199 220 254 327 398 433 496 534 639 763 802 888 902 928 930 953
7 64 74 104 312 404 426 838
12 76 143 159 263 271 276 537 540 568 700 763 921
10 60 93 98 111 189 253 312 558 562 681
11 73 335 383 451 456 589 635 878 885 908 925
11 110 180 210 234 240 442 469 509 609 670 977
6 72 300 373 522 593 679
11 22 35 87 107 233 363 367 471 903 915 981
12 26 96 165 200 225 331 678 690 720 782 830 931
9 199 263 269 379 447 465 607 706 870
11 225 297 360 368 463 488 626 743 822 945 995
5 319 434 447 685 990
12 14 35 135 346 491 492 496 508 602 663 666 770
8 106 166 252 402 507 658 885 939
10 1 6 381 433 465 470 583 681 702 851
3 481 577 767
3 79 535 664
12 131 161 220 253 259 362 570 609 645 815 827 844
10 201 278 309 337 402 504 520 567 798 933
10 23 128 390 408 480 493 527 580 690 837
4 452 774 851 980
12 51 73 197 264 311 462 628 762 766 781 879 931
4 333 365 478 952
6 353 641 653 898 912 971
23 39 44 54 129 169 176 230 295 308 374 392 440 446 580 621 669 693 743 891 896 908 909 942
7 135 188 203 275 653 831 940
10 22 91 160 240 407 421 510 548 594 943
9 161 323 418 551 577 604 607 869 935
6 35 195 237 386 471 807
15 50 249 316 393 440 448 630 737 787 790 836 940 958 963 989
10 67 85 120 156 458 482 500 569 612 799
14 141 161 202 235 245 277 328 499 545 621 689 739 952 979
6 317 384 540 748 827 914
7 10 31 231 431 436 534 821
11 3 66 128 316 392 535 548 792 872 921 978
13 19 97 147 228 412 472 651 655 659 670 727 941 994
6 140 500 599 653 686 803
10 16 200 356 383 529 557 566 710 841 998
13 56 107 115 144 290 331 370 388 494 540 673 770 952
10 14 62 203 208 260 331 431 771 900 954
5 385 416 418 550 793
9 2 244 276 396 404 436 797 815 866
10 275 371 583 637 649 687 724 750 811 906
4 252 463 540 721
10 41 179 180 252 319 411 501 637 771 992
5 325 427 580 630 844
11 18 45 101 174 373 464 529 648 652 926 942
14 197 222 237 293 341 462 495 498 544 601 784 808 857 967
20 18 152 161 179 196 204 284 303 480 502 510 603 682 789 815 869 879 907 914 992
9 8 58 144 172 229 283 411 564 871
10 7 40 101 115 383 497 630 768 796 931
14 75 221 284 437 491 570 639 652 797 841 896 908 935 980
10 83 86 100 374 490 511 529 540 687 688
10 77 116 174 255 263 293 395 475 827 988
9 323 348 385 493 613 648 770 826 965
14 202 353 372 377 428 454 553 556 566 601 797 885 969 991
16 272 291 299 338 380 417 450 530 534 640 666 682 799 838 862 910
7 97 288 402 453 469 906 968
12 37 50 117 151 397 416 421 708 746 834 849 851
10 27 77 250 292 562 714 837 841 895 905
9 138 178 275 360 639 717 769 837 918
10 0 7 45 56 365 386 552 829 869 880
9 116 288 412 464 630 666 716 883 970
5 42 183 325 421 977
12 248 323 350 414 435 709 856 888 940 941 968 982
12 4 20 123 126 130 357 442 518 607 710 722 909
8 34 74 139 328 540 886 893 989
9 17 56 157 330 648 654 678 710 777
7 41 93 233 460 740 798 987
8 53 75 168 268 360 696 710 935
12 9 173 228 304 401 542 591 671 776 794 807 935
12 68 124 299 429 558 612 678 825 830 863 904 945
15 15 57 113 264 335 347 394 553 643 678 699 823 874 890 994
16 93 137 159 169 245 362 368 426 455 694 737 749 751 752 836 982
8 86 119 241 422 619 648 796 797
9 8 101 117 148 437 671 887 910 934
11 62 109 186 217 600 747 786 821 822 924 965
7 110 395 488 534 601 644 706
8 176 357 497 498 560 621 833 835
12 97 193 258 281 385 546 633 648 660 698 758 775
9 26 122 130 256 512 655 664 831 833
9 352 417 484 583 780 818 829 906 907
5 313 363 685 929 963
9 62 66 154 298 459 568 669 698 878
5 405 419 458 631 966
7 115 194 303 419 571 875 905
9 340 355 393 426 461 685 928 929 990
13 78 110 168 188 445 655 681 731 751 772 834 858 875
6 124 208 454 724 865 956
11 65 171 223 256 308 407 419 651 790 799 884
11 2 111 218 361 457 485 537 552 562 869 989
13 96 195 242 335 364 369 454 485 536 683 886 971 995
10 23 65 92 106 202 438 516 540 549 623
12 63 69 196 254 437 443 516 620 628 631 640 960
9 73 197 337 451 661 700 786 890 974
8 10 388 455 508 543 715 820 913
15 2 10 16 41 47 249 307 580 584 606 633 649 719 983 995
10 97 165 177 235 425 529 616 715 795 924
9 60 61 156 259 570 766 917 950 976
5 36 38 58 163 735
7 224 255 420 687 820 878 900
9 247 260 349 390 419 502 712 837 882
6 77 314 406 412 676 756
11 13 32 202 289 433 455 603 604 667 825 905
5 287 459 568 782 862
7 203 487 548 603 738 810 946
11 174 253 317 320 343 547 552 761 822 901 959
10 17 162 300 329 331 401 661 758 797 864
8 222 265 294 540 585 588 849 958
9 64 157 331 499 500 522 558 696 725
11 9 31 35 89 133 229 316 337 379 904 913
8 34 75 472 820 932 964 984 987
11 36 267 271 297 318 343 636 759 878 974 976
9 109 177 188 425 605 612 643 670 816
3 248 543 651
9 132 179 242 244 256 413 516 696 779
7 148 314 319 656 726 780 788
10 25 141 177 358 526 571 660 663 724 736
5 147 563 692 781 894
11 26 151 366 405 524 606 682 686 869 988 991
12 39 243 426 691 692 729 749 785 813 854 946 967
8 47 149 249 309 338 675 878 918
11 82 204 232 344 444 453 459 504 769 800 813
9 164 242 463 559 725 746 756 821 992
7 133 200 592 620 684 870 881
5 175 380 402 765 979
10 105 117 234 321 537 672 770 776 829 871
7 47 141 222 407 440 463 484
7 423 441 554 903 926 940 978
5 282 498 623 692 851
11 10 16 193 204 409 497 533 793 798 806 892
16 14 45 222 280 287 363 366 382 552 759 790 894 915 936 970 997
8 209 326 375 684 698 750 775 933
13 2 34 132 223 409 439 445 450 459 473 499 515 887
6 250 266 346 780 830 926
10 181 217 368 391 477 584 652 722 777 846
8 33 53 72 195 502 521 551 625
10 143 165 202 204 454 678 705 891 903 954
7 22 157 397 438 710 741 876
7 95 121 164 221 486 713 722
7 200 285 336 513 658 687 725
12 42 68 82 131 274 302 354 433 441 512 773 836
12 28 31 40 176 383 499 657 796 882 978 981 984
8 277 362 447 616 675 721 909 965
8 265 293 434 543 686 694 843 991
6 348 468 497 513 538 717
10 56 84 165 188 210 222 462 479 836 893
6 387 535 642 654 923 938
9 79 177 199 270 297 306 692 724 921
10 90 151 164 349 462 623 752 799 830 850
4 383 444 617 683
9 212 315 318 351 410 478 516 824 891
8 230 261 284 315 530 812 845 934
11 3 13 172 485 615 706 739 743 801 925 939
7 0 277 317 667 722 774 798
11 226 285 305 388 410 466 497 589 766 917 956
5 88 525 832 879 979
10 4 456 684 743 759 845 862 944 977 980
13 95 104 163 173 178 214 241 303 349 667 679 770 951
15 92 275 325 357 444 462 744 793 852 878 901 923 941 949 982
10 143 227 238 425 570 572 596 633 806 993
5 409 490 511 575 810
8 107 304 319 437 585 744 791 941
16 7 81 173 259 289 320 321 424 458 505 567 665 674 714 726 972
8 309 492 524 729 867 885 929 936
12 10 69 181 343 359 365 378 567 627 767 821 897
12 59 155 199 252 301 317 679 739 756 857 963 990
14 2 19 81 129 165 170 221 226 405 618 636 770 789 888
6 102 166 200 568 793 965
6 0 150 386 598 660 840
15 58 73 157 228 312 332 422 434 601 729 756 797 875 893 973
9 113 250 322 401 580 583 634 702 787
7 1 197 278 636 640 943 949
16 131 185 270 281 344 426 431 452 503 578 627 676 761 762 826 919
7 96 145 185 338 599 622 873
6 13 135 288 832 855 933
17 15 148 202 421 449 488 578 593 618 640 694 700 731 818 859 960 993
10 237 293 362 403 503 542 586 592 754 901
11 18 299 356 405 515 569 596 600 617 873 974
7 55 167 332 380 584 665 707
5 58 590 606 731 937
11 28 181 203 278 297 385 515 625 784 917 999
9 44 67 133 411 562 665 859 882 944
8 364 385 587 674 833 845 914 953
9 24 215 258 477 655 731 855 863 885
9 225 393 402 531 584 748 774 805 861
11 62 165 314 406 413 583 659 748 858 924 965
7 69 134 158 386 433 675 894
10 40 248 255 311 402 896 917 958 962 985
10 111 263 306 567 585 653 672 696 904 959
6 14 386 624 835 842 926
9 43 108 137 323 353 401 576 708 791
12 3 122 226 346 443 581 606 637 827 845 881 892
8 186 483 585 652 757 825 831 991
12 72 139 144 204 231 284 454 462 484 577 706 876
7 94 125 244 419 616 624 680
12 210 376 455 510 512 654 666 715 894 897 916 998
15 42 106 131 184 257 273 365 379 382 386 434 510 806 807 993
8 373 392 520 802 863 879 907 936
17 12 20 25 122 161 171 248 503 526 587 599 706 728 744 846 919 971
11 6 255 315 416 434 472 609 687 692 701 915
10 26 151 241 269 386 777 810 935 972 995
12 44 74 360 412 424 607 699 705 727 854 892 945
8 71 200 312 734 866 871 876 998
8 25 135 261 640 821 860 967 968
10 108 113 359 437 478 520 617 621 726 989
13 30 56 113 172 180 391 461 644 659 711 726 763 809
6 37 82 385 847 860 873
12 36 86 107 287 306 361 560 629 701 773 968 998
10 79 147 208 350 504 550 602 685 918 997
7 275 369 557 585 612 648 745
12 182 186 230 274 300 574 583 683 808 915 958 976
9 49 188 201 366 406 481 749 785 922
9 195 500 531 756 802 812 831 833 950
10 3 323 431 438 485 612 745 750 774 786
6 137 184 231 581 646 973
14 7 28 31 33 164 180 220 230 365 499 536 556 775 825
9 36 154 344 597 602 639 733 858 968
11 38 130 320 326 543 588 632 688 773 812 837
5 60 123 160 417 943
8 80 341 572 580 716 820 844 966
11 147 210 277 428 500 719 794 804 873 957 963
6 56 236 262 284 615 748
11 75 273 348 436 452 457 469 749 791 887 945
15 57 77 109 172 230 310 311 403 491 500 682 687 693 696 755
10 41 46 202 237 247 329 337 625 724 934
7 32 221 486 503 567 674 735
7 168 251 406 578 670 818 941
9 98 116 295 335 344 411 724 943 956
8 148 352 519 574 579 735 867 971
12 2 227 303 325 449 451 599 672 799 820 894 992
3 52 138 200
13 11 19 204 379 407 458 467 624 677 715 823 933 978
15 10 49 135 186 223 373 463 500 579 583 611 654 742 759 853
6 68 142 405 430 775 778
11 92 99 186 217 240 554 772 808 837 838 853
11 224 479 520 658 722 752 835 932 968 970 973
9 188 242 296 354 484 613 842 887 983
5 20 90 327 424 689
8 63 121 182 622 664 704 733 911
3 326 770 861
21 62 73 90 159 163 168 296 331 339 453 461 474 481 486 617 673 791 880 940 943 993
8 15 99 153 176 449 503 655 944
9 178 247 340 356 374 393 719 942 947
8 342 352 388 442 496 521 854 961
14 37 91 184 191 259 349 453 458 542 600 746 819 842 978
19 69 78 210 291 333 352 399 430 432 443 596 675 677 727 836 871 884 909 926
10 374 474 554 603 640 708 719 804 838 982
12 5 50 75 113 133 203 442 487 494 591 649 778
3 194 523 948
5 150 285 405 549 681
10 16 223 388 420 547 643 679 701 704 961
13 46 51 121 206 212 333 394 442 593 613 817 823 852
7 111 169 486 524 576 677 964
11 29 234 330 342 349 370 501 514 803 876 971
4 100 162 353 678
12 145 186 267 313 348 370 372 419 524 680 968 985
8 392 423 487 646 673 694 788 867
11 160 186 206 374 570 586 589 770 875 898 922
16 20 21 164 310 329 419 463 469 603 699 719 736 745 836 917 983
9 148 159 313 510 561 565 731 748 991
5 31 45 106 379 945
6 10 431 490 738 759 896
18 35 57 63 69 72 186 211 233 298 378 412 442 520 634 701 722 806 866
9 28 177 191 220 396 477 482 867 926
6 228 533 596 637 804 955
6 445 648 664 753 802 998
14 35 71 113 129 172 244 249 313 570 590 633 678 763 836
9 48 58 269 294 528 550 594 653 990
6 12 267 356 509 580 771
11 9 47 183 383 639 653 660 731 742 792 956
15 15 192 323 415 474 478 479 544 662 674 732 892 911 944 981
9 88 122 413 565 573 658 835 846 899
8 232 331 389 602 663 751 864 881
8 323 410 421 494 657 892 894 900
14 80 98 156 232 280 383 455 463 526 631 901 940 947 964
5 230 498 557 618 942
14 22 204 244 348 361 405 531 539 564 797 870 901 932 980
10 189 418 489 493 616 759 769 803 872 953
11 126 175 186 243 319 375 443 526 551 710 972
11 90 178 272 319 449 459 507 547 607 631 867
11 78 290 314 459 625 758 810 838 845 851 995
8 3 226 232 334 438 645 781 999
7 196 253 415 426 799 843 932
7 172 246 295 297 389 527 967
19 72 103 110 119 122 165 281 330 357 378 525 527 536 555 607 737 811 820 883
17 56 61 123 178 212 248 277 307 431 631 726 759 760 765 827 876 986
12 2 44 88 267 376 480 551 583 664 745 784 875
7 2 122 125 246 364 882 998
17 21 43 137 187 263 286 322 388 476 516 522 596 631 785 837 846 989
10 16 258 276 372 701 843 920 940 942 951
9 44 205 218 233 486 490 539 733 905
9 113 117 479 609 666 779 801 819 910
16 3 223 226 229 296 315 367 376 409 501 583 734 847 868 972 994
12 192 203 255 395 607 615 658 670 697 796 910 984
12 71 114 125 171 216 225 265 421 578 726 866 911
9 60 110 219 341 368 735 762 766 907
9 132 168 646 658 707 719 863 954 964
6 8 354 362 544 609 945
17 48 136 278 294 350 387 399 416 484 560 601 606 720 738 823 911 970
11 88 125 128 327 586 704 742 769 812 859 870
12 60 73 145 240 381 465 598 654 832 859 897 931
8 21 121 133 329 334 471 837 930
8 7 377 444 472 474 476 545 686
10 21 45 91 121 397 613 772 800 851 873
4 206 282 508 940
7 359 546 716 730 884 920 935
4 135 466 570 926
8 285 502 504 603 639 864 904 907
9 93 180 404 469 627 713 784 832 918
6 221 394 467 552 822 839
12 7 90 111 177 240 301 336 731 782 865 875 895
12 50 77 140 282 303 503 628 650 654 666 704 983
15 20 39 56 80 203 227 243 268 319 415 706 824 940 955 978
8 55 279 290 364 450 550 968 996
12 248 264 384 472 542 546 561 643 670 738 778 916
10 4 196 205 257 301 307 824 836 876 945
14 21 106 151 315 373 380 449 495 524 555 632 635 840 986
9 75 136 309 339 388 516 530 547 782
17 3 15 196 264 380 523 570 612 613 693 702 787 824 951 961 977 996
13 78 94 279 313 442 609 653 744 780 835 850 961 988
7 293 606 737 763 945 978 992
8 19 197 252 301 527 571 577 748
6 16 246 713 769 890 921
11 240 319 329 494 583 587 591 667 677 718 961
8 104 135 248 249 300 678 737 983
13 56 145 310 385 405 624 646 698 797 829 921 941 982
5 203 387 610 700 769
12 131 138 189 278 506 633 636 703 762 784 873 968
4 240 267 524 666
9 145 263 366 401 436 480 692 728 732
8 159 374 380 512 669 706 722 781
5 180 438 560 573 984
7 135 319 475 848 860 927 976
5 3 192 212 236 545
11 151 251 348 380 640 677 707 771 868 986 992
9 17 109 160 387 417 431 560 564 775
13 13 123 227 271 331 364 391 566 569 606 727 849 980
7 41 171 278 617 621 666 694
14 19 72 126 194 231 279 338 361 384 465 530 652 933 937
8 107 245 256 281 284 483 813 977
13 76 78 439 592 593 629 667 729 769 776 801 822 960
9 47 126 386 480 527 619 630 818 870
10 21 120 150 449 539 621 923 938 939 986
11 22 31 64 129 306 480 494 680 815 840 849
13 59 61 82 113 294 304 308 402 480 556 643 792 947
4 160 176 312 673
4 153 323 584 878
8 42 140 142 250 320 631 909 966
13 40 96 149 150 192 294 309 509 530 573 577 620 854
10 40 51 95 198 401 600 790 895 898 948
9 38 98 205 320 486 514 688 783 817
11 51 137 519 538 564 640 669 685 693 819 935
8 88 119 125 161 171 319 693 818
11 19 174 194 385 395 513 580 828 845 921 961
14 77 97 142 144 311 369 428 580 703 735 892 939 969 974
8 229 407 409 613 674 728 876 899
4 16 84 356 950
7 103 359 532 693 789 969 996
9 104 145 428 505 562 703 862 985 996
8 28 157 363 422 572 791 906 966
8 219 223 309 331 402 457 770 855
11 38 66 467 529 685 707 730 734 748 810 893
13 123 170 226 253 419 445 461 533 565 574 647 665 768
10 93 136 446 451 676 742 797 823 852 972
7 277 293 360 494 642 711 858
8 219 254 548 615 625 775 797 837
6 135 427 561 592 621 968
12 339 350 395 486 539 623 641 743 773 816 897 997
8 210 362 402 477 533 748 814 911
5 474 542 608 815 937
12 20 99 123 259 292 325 387 641 655 722 806 939
9 108 125 252 270 368 522 699 821 915
9 164 169 206 257 488 523 541 727 810
11 86 310 352 396 428 525 689 738 882 890 996
9 356 415 511 718 725 793 862 940 993
13 30 111 120 124 145 198 206 300 758 949 958 959 965
13 24 183 210 285 345 385 454 588 694 716 735 868 929
10 23 141 153 227 373 402 527 619 696 992
14 1 9 61 129 141 160 233 282 345 483 501 621 819 929
11 36 62 79 270 301 436 578 726 844 930 954
11 116 185 295 377 523 664 816 974 994 995 999
6 455 574 765 821 822 859
6 20 85 436 496 538 757
9 48 165 183 569 598 630 648 767 980
9 37 50 148 338 441 677 752 799 956
14 140 335 383 405 447 537 566 575 782 826 878 882 897 979
6 121 274 279 477 628 955
6 149 227 380 504 949 973
15 126 153 174 178 272 274 299 305 354 361 457 481 549 701 987
16 259 302 349 358 383 448 458 462 481 514 577 684 733 771 773 859
7 140 192 257 425 475 537 561
19 73 181 271 350 366 393 398 437 463 496 556 637 690 792 837 878 900 920 942
9 112 149 249 357 529 711 844 890 973
7 162 364 560 699 748 828 869
6 116 407 605 620 673 946
7 175 198 387 443 661 685 904
10 25 139 175 229 266 308 628 654 672 942
5 52 55 592 929 996
11 108 240 291 319 537 567 604 670 778 877 900
10 65 82 175 180 395 435 477 604 874 976
8 84 151 275 351 454 618 642 902
6 209 246 263 613 850 999
12 57 201 241 327 401 512 568 608 688 769 780 931
7 260 289 354 449 692 856 932
7 182 559 620 625 707 868 970
9 10 59 157 527 529 747 817 859 887
6 38 76 162 206 319 776
13 14 169 187 269 344 424 448 455 751 777 843 967 985
9 5 74 85 115 238 266 520 775 788
8 66 266 659 758 813 888 932 974
11 87 257 259 488 583 634 749 760 883 905 910
11 61 200 344 377 652 699 759 786 958 978 992
11 44 160 303 335 350 502 507 518 627 637 692
13 47 282 321 440 483 530 572 611 779 789 846 927 943
9 188 417 483 513 717 748 789 898 957
11 95 238 258 338 387 479 639 659 706 771 864
6 154 367 558 720 723 726
11 35 51 53 237 354 370 478 510 600 623 875
9 48 61 326 399 461 580 793 879 895
7 73 352 424 439 460 599 693
8 5 54 158 218 257 376 761 801
11 29 42 107 284 335 382 468 488 533 733 893
11 106 162 210 254 415 478 541 556 879 956 964
16 9 22 262 289 309 332 384 432 487 600 620 852 881 943 945 973
8 166 320 364 368 563 582 708 716
11 14 16 196 203 290 485 487 590 620 841 879
13 51 57 112 311 326 372 465 494 871 873 913 919 972
10 167 201 230 294 485 597 643 679 727 999
12 22 27 272 286 436 480 548 553 653 666 674 723
15 27 196 283 297 380 426 466 467 508 625 642 696 709 773 799
11 145 401 408 463 642 654 688 862 873 877 905
9 27 68 93 134 149 198 232 717 963
11 3 35 50 82 130 226 576 724 751 855 981
12 64 150 221 255 380 444 458 466 833 909 912 988
8 19 86 103 192 339 597 644 652
6 248 341 551 690 697 815
12 72 130 169 171 189 349 424 452 627 787 800 876
11 50 559 564 590 599 688 761 853 898 902 991
14 45 142 257 289 358 364 382 542 606 679 696 821 944 976
8 63 101 166 356 384 393 614 700
7 3 36 182 294 356 374 740
9 3 119 139 302 465 515 744 751 979
10 140 202 232 328 368 401 556 727 809 901
12 71 113 117 125 186 421 427 465 536 688 711 861
13 55 157 192 206 321 400 566 659 771 831 878 947 978
7 68 142 202 391 640 642 845
11 13 243 262 527 609 651 756 882 893 986 990
12 3 16 130 209 311 313 582 591 768 840 893 895
8 92 105 203 274 336 471 811 944
6 12 15 245 387 454 573
10 41 92 133 139 494 593 624 772 860 912
9 362 400 583 589 707 708 789 797 813
5 331 611 614 740 858
8 99 271 345 592 647 851 862 913
11 164 196 312 396 463 511 564 766 782 838 861
7 254 478 591 605 704 977 978
12 1 86 220 241 262 335 355 514 680 715 823 985
6 307 322 495 718 913 962
11 188 233 315 387 448 610 670 702 873 947 971
8 163 288 571 636 664 671 687 964
9 52 149 175 700 742 784 812 876 895
11 49 60 215 405 434 455 468 497 526 801 955
9 5 90 297 416 531 684 707 749 898
16 26 79 262 275 284 291 314 456 533 610 653 834 915 926 931 952
6 200 253 441 685 903 959
12 159 325 332 581 585 614 628 711 735 834 838 866
12 31 63 70 197 263 264 270 377 479 807 946 958
13 103 148 174 215 243 395 492 494 577 665 694 718 825
14 61 129 206 229 233 545 601 610 661 693 723 763 844 868
8 216 222 245 253 271 276 806 838
17 67 116 127 253 355 411 490 507 519 528 566 754 793 799 852 890 956
11 104 393 428 455 563 605 826 830 833 908 943
5 158 272 468 648 884
10 3 229 259 401 531 599 680 831 944 986
12 167 186 192 267 295 508 549 589 695 781 793 854
12 123 179 197 201 237 282 469 692 818 928 936 986
7 213 255 496 653 713 880 900
9 121 145 277 324 411 420 462 571 591
3 331 473 498
7 23 325 482 540 630 644 813
9 136 205 336 372 407 471 574 817 943
3 83 298 995
16 81 125 143 182 185 194 277 290 302 479 501 730 781 800 878 959
4 230 431 544 558
10 312 537 599 609 678 681 762 935 945 998
12 57 107 121 137 197 473 553 577 769 829 854 855
9 78 305 318 525 538 594 603 637 681
13 18 34 216 257 350 390 466 718 757 826 855 868 921
7 116 140 244 431 458 595 669
6 2 572 603 708 775 793
11 54 100 117 249 356 430 665 757 822 845 870
6 15 43 115 382 679 763
12 74 85 94 212 288 379 446 507 681 799 806 884
10 40 157 244 367 513 566 584 682 684 850
6 173 225 363 407 808 845
6 36 186 414 535 544 872
11 78 144 154 228 339 383 478 517 596 715 803
11 46 62 97 98 143 466 492 510 698 818 838
8 247 273 321 326 449 464 488 767
14 86 107 144 183 190 295 301 342 346 455 488 605 703 715
7 92 411 431 458 879 941 943
14 101 251 284 294 324 358 379 431 472 550 653 755 841 970
11 5 99 200 219 326 463 482 699 701 818 921
14 39 197 205 239 291 318 345 396 646 678 702 706 776 961
9 209 238 271 337 341 342 430 841 858
11 3 157 219 231 502 517 834 861 865 990 996
10 13 76 101 162 368 398 439 455 590 935
10 129 146 245 414 538 607 618 779 871 961
12 13 75 87 267 300 347 368 396 603 722 934 983
10 6 213 251 266 505 562 588 595 666 997
8 21 37 171 270 467 528 616 716
9 55 68 111 153 182 312 580 606 834
7 158 697 713 799 941 993 999
20 58 90 132 153 225 246 307 352 353 354 409 441 555 730 733 761 895 910 924 942
6 74 148 150 619 665 991
9 17 273 309 310 313 554 566 750 944
10 11 78 81 128 310 483 504 593 921 973
10 25 146 173 322 380 384 396 411 560 946
17 108 135 140 144 164 205 327 453 535 541 597 653 671 714 871 936 962
5 68 275 349 740 821
10 33 92 235 342 356 407 493 883 944 945
9 31 387 489 493 571 784 786 805 958
9 15 245 262 319 407 709 787 964 970
10 46 320 415 428 457 708 810 871 982 986
10 101 213 294 518 643 684 690 811 817 997
11 11 29 34 41 206 338 425 539 582 639 746
11 3 37 177 318 341 397 482 559 632 916 967
12 168 300 391 434 458 476 477 608 713 759 892 914
10 179 186 232 292 382 538 571 605 883 926
8 17 57 207 324 587 746 777 958
5 16 176 554 750 943
8 303 398 420 560 750 762 778 961
18 85 224 228 263 309 327 343 432 436 471 535 648 682 697 712 720 782 977
16 1 100 126 205 296 319 371 442 471 566 569 634 733 908 920 987
17 0 28 70 138 306 339 395 400 431 453 650 683 697 799 804 921 974
16 57 86 192 248 392 433 579 626 635 648 821 831 879 888 908 938
11 93 249 564 589 649 678 846 856 881 923 928
13 212 278 417 478 609 630 668 705 723 728 831 892 928
14 6 66 121 162 205 217 334 372 398 512 527 802 874 925
11 158 175 183 184 197 394 650 682 752 852 866
5 30 108 360 656 757
7 91 113 267 566 579 783 795
10 18 75 86 200 332 365 505 620 764 970
6 40 292 340 565 697 726
9 28 77 260 309 317 429 438 445 871
7 7 163 183 407 590 685 978
4 446 544 704 787
10 66 188 350 360 404 672 720 794 869 971
17 7 31 34 80 93 158 257 333 495 562 635 677 792 830 878 967 998
7 102 224 231 254 368 628 822
14 141 208 248 250 366 436 515 595 618 783 819 874 929 937
10 68 225 263 276 332 513 596 783 872 890
8 4 246 280 302 500 583 748 966
14 13 102 182 227 312 651 658 726 727 731 761 911 915 939
9 94 138 240 248 357 397 595 865 926
11 4 66 113 193 364 398 436 489 573 628 839
13 10 118 163 222 238 518 660 682 704 830 867 930 980
14 58 96 125 175 180 199 276 461 483 550 575 593 783 977
10 21 105 158 183 295 491 627 755 767 960
10 99 153 329 454 527 611 691 815 934 956
15 120 138 163 216 282 464 471 611 615 624 643 663 721 735 774
6 70 246 372 462 762 765
12 173 218 287 375 469 538 643 706 812 909 930 950
9 15 227 430 498 606 636 661 866 955
10 234 312 342 372 570 608 686 700 771 834
10 59 174 194 577 622 643 795 800 831 924
9 215 230 501 519 585 762 788 817 942
3 280 331 340
11 26 37 236 350 382 505 519 618 740 807 846
11 66 192 225 412 470 564 726 747 863 940 965
16 45 89 344 380 441 535 549 639 652 720 728 819 852 863 953 988
6 356 438 532 563 793 849
13 61 116 182 229 267 389 427 458 564 684 744 791 964
8 121 168 234 414 549 678 840 997
10 70 230 235 283 471 480 566 654 733 931
9 74 82 374 503 644 666 719 732 916
6 81 127 518 549 701 739
9 187 229 302 398 595 663 766 815 864
13 11 99 205 224 299 693 724 742 750 854 881 883 931
9 3 17 259 285 360 475 518 796 941
10 8 119 245 291 384 460 526 727 841 978
7 92 340 436 473 497 612 696
8 22 372 418 493 573 675 854 913
10 36 296 373 462 526 551 600 667 845 922
14 62 236 317 331 373 406 451 455 530 637 728 742 785 819
10 69 94 102 373 567 583 604 648 782 920
16 36 46 87 89 200 257 263 295 337 355 360 378 442 479 700 788
11 41 194 300 324 417 498 503 608 688 788 889
10 150 200 268 721 726 765 766 781 805 913
12 12 35 57 124 232 403 538 616 775 917 932 981
10 44 160 444 603 610 615 673 695 892 956
11 46 49 151 328 385 588 689 788 809 835 920
