1000
11 5 97 110 119 275 332 335 719 947 950 986
7 164 292 418 435 449 723 854
11 16 119 181 252 312 385 419 568 607 642 681
9 104 256 275 447 509 634 837 894 897
8 210 379 393 629 732 744 793 812
14 0 6 275 345 375 376 572 627 662 829 876 918 944 996
7 5 15 89 202 486 903 935
8 217 284 398 813 822 905 935 950
9 159 280 309 334 442 609 750 827 864
4 431 750 761 873
11 106 195 294 410 434 472 546 869 901 903 996
3 394 616 998
5 141 325 646 711 851
7 36 290 373 719 888 942 996
9 104 128 199 226 300 500 707 835 886
14 6 28 41 74 86 96 143 219 227 438 456 624 766 905
5 2 85 207 266 348
10 432 452 536 595 615 629 633 779 848 909
11 20 28 96 189 218 237 331 393 675 866 922
8 49 288 304 432 445 628 793 832
13 18 231 261 334 436 466 625 646 693 723 840 898 984
9 139 279 368 374 521 720 768 794 938
5 370 530 732 979 982
10 36 44 273 438 441 490 507 704 767 964
9 30 60 269 408 570 671 906 944 978
10 47 90 290 326 327 621 647 764 788 844
11 104 200 269 312 475 542 658 836 843 902 988
6 545 607 642 772 854 896
13 15 18 72 208 234 258 328 452 477 569 613 617 785
11 136 146 516 524 606 609 618 817 908 984 992
14 24 53 55 177 331 387 426 512 532 558 567 647 942 969
13 79 317 349 391 406 474 611 751 869 881 889 926 936
10 244 405 473 513 553 565 744 759 779 858
10 224 281 309 415 545 566 624 852 880 987
8 224 228 355 449 461 620 961 983
10 132 181 265 350 521 553 617 747 761 908
8 13 23 132 185 264 349 452 849
8 54 177 351 352 378 688 809 959
10 260 293 336 453 477 514 554 638 836 853
8 213 369 400 475 629 671 694 991
9 155 169 236 238 262 282 327 366 744
8 15 348 382 397 438 611 900 926
10 119 182 337 498 522 657 662 755 758 951
10 137 183 243 329 416 576 609 836 850 928
9 23 58 89 156 164 303 758 831 988
9 109 245 278 409 569 570 595 699 733
6 56 333 601 699 727 832
10 25 165 454 630 635 806 839 940 978 984
9 118 159 238 409 457 464 588 788 898
8 19 227 390 456 487 700 741 800
10 167 228 251 423 464 532 541 717 921 953
4 104 303 429 860
12 93 138 197 467 563 662 678 775 779 813 913 938
8 30 379 614 764 847 855 865 930
15 37 72 112 143 156 228 265 341 380 516 561 649 716 883 899
10 30 260 277 401 597 673 745 815 864 903
16 46 116 134 238 288 383 504 507 555 625 697 888 898 912 927 979
8 161 347 433 527 563 575 745 948
15 44 251 271 284 369 507 530 581 592 597 630 746 803 927 938
8 146 213 263 328 607 719 731 921
10 24 212 258 370 373 490 597 820 880 898
8 83 349 380 408 552 672 741 796
6 131 357 454 504 592 984
11 146 161 162 231 376 550 701 704 765 906 940
6 173 335 475 609 925 987
8 292 328 515 591 717 758 955 958
12 82 264 319 426 441 516 620 630 808 834 865 994
8 117 259 369 527 565 660 793 932
11 204 229 235 465 490 522 630 695 727 729 895
17 111 121 314 387 474 585 609 622 638 646 688 786 797 844 881 924 969
9 282 440 474 596 690 754 756 789 899
6 206 398 760 815 847 932
9 28 54 93 98 381 432 501 845 975
13 116 136 154 221 319 516 549 597 620 672 859 956 976
8 15 191 461 484 497 588 656 689
9 141 276 326 490 554 602 644 688 835
13 129 164 384 389 398 450 542 556 557 612 686 994 996
7 81 458 598 918 920 964 968
13 164 181 350 502 522 549 570 618 668 702 758 807 872
12 31 205 281 514 523 724 782 787 832 952 956 959
14 152 229 237 270 293 362 407 497 534 615 638 675 721 871
7 77 221 421 614 797 840 884
12 66 86 123 141 284 373 408 442 764 894 958 968
9 61 173 206 238 302 361 539 546 914
9 199 498 506 523 582 602 742 750 938
11 16 270 536 548 561 604 623 757 759 851 912
7 15 82 145 150 330 785 948
6 163 165 168 561 928 968
10 132 337 477 650 673 691 846 858 961 964
9 6 44 147 209 593 632 644 798 996
10 25 153 181 200 319 509 517 567 869 962
6 119 233 287 544 561 785
9 143 264 398 411 413 579 659 833 909
10 52 72 135 176 203 446 496 532 565 599
9 105 127 274 341 397 427 454 669 917
6 254 262 412 455 467 794
12 15 18 128 190 251 275 281 415 422 549 840 892
11 0 131 250 341 439 555 562 636 890 910 922
10 72 113 208 221 239 308 416 425 537 808
9 112 175 418 510 712 775 801 893 918
14 230 315 503 514 551 593 643 668 753 757 864 875 959 977
7 102 311 355 552 830 952 982
11 101 134 359 363 423 830 869 889 923 966 991
10 207 315 317 368 480 702 723 797 826 922
10 3 14 26 51 133 373 433 515 651 779
5 94 344 445 587 974
14 10 236 280 297 331 342 354 461 817 888 957 964 994 997
5 254 356 362 472 776
11 167 404 450 617 706 743 820 855 885 930 946
6 45 206 419 432 517 691
12 0 172 213 226 306 324 332 357 643 757 800 920
6 69 324 397 481 887 933
9 54 99 324 344 399 599 630 768 974
11 98 247 311 391 513 557 593 729 830 831 903
9 188 359 410 486 488 511 701 874 890
10 226 227 323 335 423 470 491 503 681 945
8 56 73 137 435 505 575 728 824
8 67 559 597 660 706 745 935 978
10 48 165 192 301 347 369 779 797 951 983
13 0 2 42 91 167 221 316 337 362 434 526 672 717
2 692 951
5 69 205 249 544 968
10 512 626 671 691 700 819 821 846 862 929
10 82 289 317 350 478 486 722 769 773 804
14 173 206 233 394 476 550 646 709 745 814 845 848 852 856
8 274 320 343 421 701 720 827 896
10 266 272 350 614 623 811 856 924 944 996
6 94 158 366 432 534 950
11 14 96 248 405 496 509 581 669 746 816 920
8 76 529 577 669 673 724 831 939
14 211 219 295 303 308 389 590 591 593 728 848 856 895 948
13 62 97 245 326 400 416 538 693 778 793 799 876 946
7 35 36 88 333 491 793 820
7 104 163 330 396 634 682 914
7 56 102 187 322 400 401 755
6 93 276 494 499 576 973
7 29 73 345 509 607 822 873
11 43 116 141 145 151 187 272 558 728 827 841
7 52 267 377 529 576 809 853
11 21 154 393 521 690 706 805 829 888 909 988
10 292 358 369 412 529 738 765 878 906 937
9 12 75 82 137 384 568 706 779 920
8 293 306 560 596 620 791 865 896
15 15 54 92 186 241 274 515 524 571 650 666 841 891 907 969
9 151 488 499 529 782 794 861 931 970
10 86 137 340 478 486 609 695 750 751 919
13 29 59 63 157 213 316 425 472 520 702 709 760 828
10 89 195 416 482 497 664 672 754 862 920
3 498 794 922
9 261 292 486 537 544 600 664 673 895
8 86 254 350 353 509 694 878 966
16 137 144 260 263 357 500 575 676 680 720 745 773 777 794 893 951
12 80 162 234 558 680 766 795 863 873 922 927 950
7 90 159 205 574 868 988 995
15 73 139 172 200 205 437 466 605 714 732 798 903 914 915 957
13 40 184 244 271 375 376 451 578 651 732 759 794 941
8 44 54 188 213 238 285 370 985
8 146 276 301 363 380 925 970 981
8 127 208 415 462 866 885 901 914
9 8 48 153 383 524 548 598 914 945
9 473 622 670 749 759 795 828 949 969
5 57 63 249 420 932
10 63 152 182 439 453 565 770 842 876 899
7 87 133 326 543 724 801 851
17 1 44 76 78 220 317 350 370 377 626 719 726 745 837 865 909 917
13 47 87 118 185 227 257 323 370 805 816 867 897 999
9 243 357 419 565 693 711 790 838 954
11 50 108 119 236 275 487 494 735 760 892 953
11 87 245 284 306 307 359 610 794 877 888 923
12 40 477 509 527 565 575 595 656 751 823 846 852
10 186 233 238 294 418 493 560 699 729 958
4 237 440 838 935
11 110 154 208 227 340 731 752 781 812 960 970
12 64 83 124 468 636 689 725 803 809 915 935 952
11 302 421 458 498 503 687 725 784 844 878 986
7 99 569 662 703 880 985 998
9 93 204 398 700 711 890 918 961 997
12 30 37 178 219 293 300 318 387 493 499 562 670
11 177 180 445 453 584 614 638 695 897 962 975
5 222 415 582 916 986
10 178 407 431 462 470 550 652 669 685 940
13 2 35 78 90 269 305 390 450 473 517 567 681 791
8 42 162 367 421 625 708 823 966
5 43 199 313 344 424
9 155 268 336 403 489 518 723 984 995
8 36 165 250 457 467 645 687 855
7 143 170 233 355 395 540 987
9 134 137 216 306 430 582 811 858 983
8 114 156 293 353 478 494 587 648
9 18 501 502 584 595 712 922 933 975
12 96 227 292 353 395 718 791 829 839 874 941 998
6 74 277 296 457 886 887
5 118 199 240 841 863
7 303 502 639 705 753 760 855
6 207 464 521 583 758 859
11 10 147 247 297 427 464 673 676 775 873 993
5 388 405 561 807 885
12 52 286 507 529 698 795 814 825 841 890 951 978
7 600 802 811 939 968 973 983
9 14 84 183 192 419 464 715 721 789
6 26 90 154 661 709 926
3 552 760 794
11 6 284 318 351 512 529 599 810 836 873 945
10 93 311 327 467 485 625 669 791 955 997
11 68 176 240 421 425 482 483 487 499 657 935
9 79 121 153 154 290 318 344 478 752
15 71 83 109 124 272 293 399 423 578 625 627 693 709 797 920
13 16 103 194 229 235 256 317 333 540 693 718 830 838
13 28 98 158 172 257 364 400 436 536 598 654 801 987
7 89 337 461 541 734 913 924
5 4 347 348 351 521
8 130 226 471 483 566 767 878 978
11 60 319 371 379 414 470 490 526 555 642 891
14 39 59 110 146 156 308 355 382 448 478 549 600 685 942
7 345 402 421 545 608 710 738
9 237 267 344 420 706 735 758 822 830
9 187 491 615 629 656 823 824 906 911
11 7 232 262 380 400 408 668 673 802 887 983
6 18 459 707 717 812 859
7 15 130 177 416 608 745 934
6 164 273 439 499 536 958
11 73 81 98 119 236 280 388 441 547 700 965
7 179 228 431 445 480 706 798
8 238 297 439 481 683 735 860 928
9 33 34 436 546 618 703 722 796 879
10 288 345 388 391 489 627 698 741 843 874
15 14 110 115 211 274 334 344 411 657 772 785 809 914 931 989
7 15 49 115 165 172 190 416
19 34 50 54 222 243 251 274 407 513 527 560 660 681 731 778 918 927 950 972
5 68 80 207 357 629
12 100 300 304 316 334 428 484 692 714 882 890 938
13 20 63 245 263 312 325 566 610 708 713 846 853 967
4 217 419 438 780
14 91 124 170 186 372 430 488 489 517 522 748 866 881 920
14 28 152 275 369 379 421 480 586 644 794 827 833 839 967
11 68 207 247 351 374 413 565 570 671 748 830
14 40 106 167 221 416 534 622 636 690 735 768 887 940 960
7 18 80 171 215 340 354 850
15 40 48 56 83 156 170 223 246 279 287 437 511 541 660 863
7 98 401 583 658 681 730 787
15 192 204 247 283 285 286 382 456 475 560 682 695 706 749 937
3 143 772 945
6 289 385 628 776 935 986
10 43 166 228 387 465 562 571 611 865 995
7 32 155 361 369 610 665 850
11 45 131 168 231 271 340 594 674 676 855 911
11 238 288 370 409 474 545 563 581 711 904 907
10 113 195 235 240 351 509 596 774 922 967
10 128 293 469 596 766 774 782 798 919 949
8 121 161 308 434 638 706 872 875
8 97 185 384 428 495 529 657 819
15 50 58 96 228 502 543 555 687 691 698 703 826 933 964 966
7 2 261 400 612 628 742 847
4 280 418 517 675
9 95 107 150 291 734 859 867 910 980
9 342 534 624 625 734 795 929 930 988
7 3 207 590 696 712 820 940
10 165 208 283 296 371 514 540 657 753 890
8 28 60 385 495 527 596 756 831
5 67 310 428 473 611
11 38 55 151 306 347 428 503 572 759 867 987
11 20 149 252 326 351 428 503 702 772 781 804
13 40 95 217 293 404 447 528 571 633 702 738 781 999
13 59 151 231 311 333 338 756 852 860 861 874 911 913
15 36 66 92 307 346 361 410 451 575 718 723 837 903 979 982
12 35 54 399 466 467 584 634 700 783 799 819 979
11 16 126 319 376 551 663 771 880 894 905 963
11 138 215 501 525 561 602 625 676 805 937 983
4 184 407 612 638
11 24 26 181 510 526 527 772 842 891 901 943
10 80 85 411 473 559 744 748 826 907 936
9 58 155 245 675 832 856 886 979 986
13 126 137 206 311 391 460 461 494 772 797 826 901 940
12 23 220 395 525 614 677 719 774 825 833 941 986
13 94 125 143 226 228 306 351 396 456 713 780 869 882
13 0 3 5 96 167 234 291 302 340 409 577 804 938
8 75 135 157 301 351 439 721 821
6 55 191 903 907 943 981
5 45 301 508 609 964
4 21 238 727 975
11 8 106 221 253 435 552 758 767 842 869 901
12 33 79 96 304 460 599 643 661 749 757 799 951
8 40 70 360 379 483 608 628 712
10 240 257 285 311 357 398 426 458 907 922
12 7 58 82 168 202 445 537 569 724 869 899 949
11 156 240 283 497 499 521 536 667 913 973 994
7 197 240 413 592 805 973 999
7 91 238 409 484 687 691 952
7 19 56 225 246 390 793 984
12 123 242 299 304 357 365 501 547 554 653 654 668
10 13 25 205 430 530 607 675 815 826 856
6 254 275 400 775 958 978
11 1 65 140 149 190 447 674 786 807 904 968
18 38 80 142 177 188 206 248 262 425 505 602 703 814 816 879 920 922 944
12 10 170 354 358 383 524 536 687 710 712 773 822
14 130 404 413 458 465 479 509 687 703 781 796 819 874 997
10 191 257 342 513 523 531 772 796 858 908
9 106 195 223 310 523 601 642 643 864
4 623 761 898 972
6 289 391 699 802 932 946
12 14 177 230 319 351 503 686 729 821 824 855 949
11 118 157 276 278 356 486 583 618 621 824 958
6 83 174 275 418 500 634
11 44 51 130 193 456 655 718 825 854 866 972
11 19 230 281 289 446 516 534 622 646 861 956
6 181 497 501 577 669 866
14 110 142 168 187 260 274 364 522 598 733 790 862 882 955
4 168 264 482 754
8 98 130 213 249 502 768 827 843
8 8 33 603 647 691 701 796 860
10 259 297 357 450 460 579 601 683 790 993
15 101 113 203 263 272 283 402 499 545 596 729 770 795 818 983
13 2 26 231 441 453 489 504 543 648 736 838 844 895
18 183 347 360 361 382 421 439 452 471 546 574 694 718 774 799 819 828 899
11 69 331 438 463 609 732 792 870 881 989 995
10 100 103 346 464 471 559 625 641 708 782
15 119 146 230 372 385 434 437 481 540 785 846 883 917 977 978
9 31 103 123 164 207 398 641 691 897
12 177 202 205 381 398 448 467 487 615 736 850 910
17 66 73 90 212 266 300 383 416 671 739 794 825 857 958 982 990 993
6 125 414 429 454 665 874
4 412 462 476 570
8 134 329 390 493 527 638 657 917
8 115 165 387 448 503 691 834 997
15 110 111 112 349 362 412 490 507 591 634 751 757 834 852 951
9 12 231 632 649 650 683 769 883 899
11 25 75 131 163 261 344 360 500 738 756 961
13 25 40 203 432 470 481 496 725 800 803 840 883 976
9 28 59 65 339 398 419 472 620 630
7 43 322 493 541 555 782 826
4 86 133 435 870
15 18 30 106 314 362 367 442 509 628 702 778 826 866 903 929
9 0 110 500 616 815 878 883 926 984
10 46 132 207 263 574 605 831 875 883 896
10 8 20 226 230 461 649 714 782 836 900
10 0 64 115 464 548 615 641 664 731 925
7 38 184 431 556 806 838 916
12 42 88 119 209 421 514 518 644 657 740 768 783
10 263 389 393 425 466 610 853 907 982 983
6 328 387 598 770 864 909
10 145 172 237 245 275 410 454 482 781 906
14 54 94 97 458 463 469 554 603 633 710 729 730 840 869
15 106 255 296 357 479 483 488 535 571 638 680 812 869 920 985
7 125 380 422 427 505 518 875
11 105 112 183 205 215 226 326 616 639 732 912
11 5 136 214 225 383 428 520 542 550 940 946
5 264 315 391 636 742
14 57 118 210 260 313 367 372 448 621 652 706 721 890 978
8 16 41 210 570 771 783 805 979
10 31 36 61 324 398 664 878 880 882 982
15 35 78 123 126 150 164 355 368 399 489 497 568 781 798 912
21 37 202 210 235 247 261 274 276 300 404 495 502 518 628 636 649 786 790 824 944 946
8 37 415 531 560 613 694 827 937
9 150 188 190 548 665 679 721 880 890
11 106 237 294 384 397 402 498 632 704 788 955
12 34 101 186 213 350 388 389 410 506 514 569 767
8 107 301 461 491 564 791 906 946
13 62 110 151 166 229 283 289 310 342 360 371 765 983
7 140 294 533 638 644 783 790
5 102 114 168 646 895
10 282 313 326 357 445 473 561 868 984 991
13 83 244 264 313 444 474 480 524 575 641 652 879 996
13 80 107 119 324 331 432 528 677 700 742 786 897 901
5 102 157 648 720 853
10 208 306 380 445 626 692 742 835 838 993
6 289 436 739 752 773 931
8 40 127 387 502 740 754 811 848
12 182 331 347 517 527 578 624 659 835 917 990 991
8 21 103 350 395 449 489 844 906
13 39 58 67 118 140 234 244 545 575 862 866 887 965
14 22 60 156 164 165 246 512 528 535 596 615 652 680 718
6 212 257 357 465 566 878
8 233 316 347 715 867 915 947 967
9 13 60 82 104 377 534 595 764 951
11 21 235 549 573 611 809 886 893 957 962 993
10 5 155 412 563 681 751 758 945 966 971
9 5 63 155 266 477 583 748 883 887
12 138 164 373 459 482 560 815 834 846 875 888 905
8 37 419 585 630 671 914 930 943
14 4 53 212 234 282 597 601 638 808 812 823 828 865 944
11 54 61 157 217 343 364 515 617 881 892 951
7 72 318 474 640 643 747 815
8 41 213 240 313 434 594 739 982
15 56 159 294 319 345 402 411 464 488 502 517 546 655 945 956
11 76 141 250 354 523 577 701 702 790 924 933
12 2 242 258 316 392 441 461 486 566 603 936 972
5 595 605 749 776 988
12 30 69 177 243 323 339 366 481 648 748 847 990
8 196 221 225 355 406 556 604 783
7 76 130 338 355 430 444 679
9 49 181 288 322 539 566 731 788 886
15 31 113 225 272 299 346 497 714 716 725 739 767 842 902 920
7 385 424 509 610 622 695 885
8 4 18 139 338 404 415 424 973
10 11 124 397 430 441 547 690 830 831 847
12 186 190 273 368 550 566 580 587 884 892 914 930
7 133 274 488 632 681 697 989
11 41 94 111 354 394 446 511 610 753 819 844
16 7 71 76 92 176 283 317 318 328 349 405 459 489 705 787 908
8 112 206 265 350 859 862 896 912
15 39 131 134 208 217 252 291 515 517 539 574 604 769 780 868
9 55 134 239 493 516 641 728 793 925
6 214 311 354 383 859 970
8 184 417 486 661 766 836 862 869
8 108 262 295 351 393 608 709 996
8 32 128 196 398 413 529 621 935
9 31 388 440 453 491 525 641 740 857
14 80 180 228 268 498 540 662 667 818 890 914 915 923 926
8 24 61 82 217 444 682 824 998
12 45 48 246 275 287 457 718 746 782 858 893 938
15 10 114 264 340 355 426 429 535 619 788 812 819 842 849 893
8 92 226 270 383 692 721 768 884
10 95 140 321 324 375 435 546 603 652 911
12 92 235 286 295 405 463 626 795 818 891 960 978
7 212 320 478 587 715 742 995
13 33 96 158 179 352 393 417 471 519 552 687 816 957
13 43 98 131 147 219 227 236 319 547 600 690 924 995
7 403 415 792 862 887 916 944
7 1 99 170 253 302 516 570
12 2 109 166 199 232 328 378 537 696 861 875 917
9 161 215 440 515 588 614 692 890 932
11 81 125 174 182 204 214 234 313 337 560 655
7 96 343 473 494 883 914 955
12 50 102 115 206 453 491 540 590 823 932 960 961
10 183 392 393 518 555 737 814 820 823 887
9 98 146 204 293 338 727 853 898 994
9 30 66 283 410 541 764 830 863 971
10 94 195 343 538 575 697 780 825 847 857
12 230 250 259 260 261 345 681 715 775 863 943 986
7 51 320 410 530 618 790 995
12 187 233 290 389 394 475 492 493 617 618 842 973
12 9 180 222 336 470 487 491 522 628 757 812 918
12 17 19 72 109 127 327 362 456 508 603 685 709
11 57 104 458 658 685 691 716 844 901 925 960
12 10 119 249 316 382 449 742 760 852 864 936 995
7 1 116 280 330 412 516 758
10 20 208 224 365 494 513 527 655 733 796
10 154 238 316 550 573 611 721 764 806 889
10 15 23 41 232 314 468 486 659 849 859
10 97 162 220 223 276 313 553 797 908 914
14 70 171 406 420 462 492 498 565 611 631 660 726 912 944
13 23 66 221 312 385 394 534 537 611 634 637 657 917
9 8 82 331 465 559 613 661 812 921
6 473 496 726 755 771 886
9 361 389 408 624 653 670 793 923 998
12 19 105 178 222 284 360 364 515 645 776 913 976
9 93 304 397 455 612 723 758 929 951
9 3 262 292 493 497 735 888 939 944
10 213 318 323 347 473 487 577 790 868 920
8 1 34 368 434 501 516 769 801
13 76 108 181 310 552 586 818 823 830 864 867 873 874
13 155 264 543 573 579 619 648 736 742 818 824 866 913
7 17 28 36 313 744 868 988
10 38 162 178 312 406 423 711 715 812 979
9 47 62 94 320 340 488 692 870 976
6 95 446 563 707 709 899
9 15 49 240 274 303 432 459 792 925
8 48 185 191 409 484 733 938 969
10 77 174 283 295 341 433 672 928 934 987
11 218 377 398 456 485 569 692 713 875 930 940
7 272 281 310 473 654 666 790
10 34 74 106 209 272 334 356 385 478 847
15 158 180 321 440 463 492 617 623 644 693 720 767 859 941 995
9 314 341 413 462 581 652 832 977 992
11 48 50 194 195 199 315 335 383 617 634 666
9 68 243 295 371 442 631 827 886 966
9 20 154 265 338 593 658 694 723 788
12 52 95 185 203 265 318 517 552 556 620 821 942
7 173 438 478 518 582 870 912
9 248 341 636 642 771 832 860 916 978
9 115 180 212 327 431 490 608 627 862
8 211 313 315 415 782 846 904 975
10 10 107 146 328 812 839 879 944 967 998
15 32 160 181 259 270 360 422 443 448 460 486 731 829 832 926
12 31 69 70 246 361 381 504 600 621 648 945 982
11 26 39 64 240 430 483 513 551 586 694 743
4 124 321 640 845
8 28 38 88 169 376 613 645 977
13 123 145 188 205 213 414 461 468 490 503 628 843 906
3 295 342 668
11 103 222 234 361 497 573 683 697 798 878 992
9 111 223 316 327 387 519 702 802 946
9 147 204 307 340 377 489 794 837 856
9 204 211 282 342 475 532 673 774 835
13 74 230 287 457 535 575 630 721 829 879 916 933 995
12 203 459 576 632 661 664 696 766 898 911 913 975
14 6 114 123 145 149 301 385 403 438 473 495 656 928 981
10 49 167 204 318 431 448 513 613 834 911
13 114 144 233 342 383 396 454 533 860 863 910 989 993
13 184 225 233 312 350 368 398 482 537 559 603 626 882
13 23 60 68 75 212 324 470 478 722 740 838 887 926
10 115 132 216 356 406 423 431 810 838 859
7 430 440 462 654 663 941 975
12 170 177 322 329 401 430 447 621 719 738 740 915
10 135 167 188 272 422 436 514 556 637 726
8 250 258 351 486 546 600 719 968
8 93 128 327 443 711 779 860 949
13 74 80 147 285 305 350 391 447 480 567 759 926 963
8 42 84 148 174 354 407 440 661
11 135 144 177 204 220 285 311 602 748 753 844
10 14 151 302 326 332 613 852 895 898 935
12 72 189 267 289 305 449 615 661 780 784 918 988
13 78 189 193 251 308 351 366 383 560 612 758 867 934
13 100 115 174 260 261 300 323 478 540 656 676 698 904
9 56 62 312 474 516 623 793 881 897
11 116 293 343 521 626 691 814 965 979 984 999
7 84 355 517 645 824 916 987
11 23 56 58 197 324 568 570 783 804 924 949
11 278 432 562 568 615 631 719 757 777 826 871
15 3 90 128 136 150 169 247 295 331 392 593 726 886 965 997
10 99 269 579 634 704 747 846 867 953 977
9 114 238 397 638 645 731 775 783 941
6 30 122 202 370 533 721
16 32 113 228 296 436 475 487 669 693 734 736 742 775 803 804 848
14 38 79 100 257 337 355 494 716 736 759 814 881 943 981
13 65 104 143 380 400 420 445 765 804 895 919 930 987
18 29 54 66 73 304 401 418 435 449 504 587 596 619 750 814 887 935 942
14 90 109 181 233 253 367 383 400 467 506 530 572 855 857
8 184 337 343 351 424 468 610 877
7 415 481 545 608 682 712 770
8 146 345 669 672 922 937 972 993
8 21 35 139 194 210 285 505 981
11 42 68 78 233 306 431 558 615 629 821 969
8 79 84 296 297 384 643 696 760
9 29 143 159 294 361 647 752 860 949
9 267 273 406 597 610 774 839 942 961
8 119 212 269 578 595 616 718 726
12 57 67 169 228 258 269 322 367 436 553 586 682
4 262 362 370 565
13 129 138 140 144 197 202 250 405 579 587 616 687 892
9 22 58 290 429 517 564 583 635 969
8 296 352 706 744 789 822 854 920
11 30 50 93 483 607 739 785 821 873 891 952
9 358 488 512 541 542 627 764 861 934
11 80 127 236 255 304 373 441 698 800 874 934
9 342 370 410 484 685 694 902 995 996
12 17 85 208 220 285 294 556 611 736 752 831 995
7 98 149 284 419 441 489 949
6 131 427 570 669 757 931
10 83 390 400 598 610 652 679 759 782 806
9 186 207 257 316 407 423 503 988 996
9 50 209 238 329 426 533 726 741 908
9 26 76 345 533 606 793 867 893 992
12 163 251 312 451 552 658 670 687 736 801 929 936
11 91 121 149 592 632 677 709 785 798 846 967
10 27 33 214 246 311 369 519 753 778 782
11 10 83 224 313 383 412 495 777 789 825 947
7 221 289 394 416 570 571 607
6 85 159 335 353 665 808
8 73 78 96 213 374 639 845 916
8 63 124 180 345 395 437 684 713
8 100 266 475 640 805 888 906 947
11 61 101 201 280 415 450 467 543 769 833 847
8 32 35 439 527 554 601 911 951
11 38 75 289 341 553 577 583 585 681 797 986
8 56 97 212 251 329 424 597 686
9 76 336 388 467 494 536 800 929 950
7 76 113 559 625 917 949 978
8 30 137 152 522 614 706 710 737
9 117 270 315 442 489 557 581 762 890
17 142 170 228 240 352 377 421 502 686 714 721 804 842 895 900 944 955
11 54 85 87 91 196 267 360 660 869 933 986
5 97 177 243 508 845
13 52 57 246 375 455 564 723 769 780 786 864 922 952
7 356 530 563 719 850 865 916
15 32 67 93 162 166 169 235 440 528 570 754 833 869 919 940
10 33 211 231 371 385 390 395 883 921 993
11 30 90 181 497 571 676 869 884 890 939 980
8 2 141 350 507 508 722 901 977
15 28 45 175 284 355 459 650 702 743 786 831 863 883 908 976
12 24 45 78 235 321 348 418 507 538 547 565 740
11 143 243 262 342 547 567 594 615 645 721 915
6 5 260 517 624 690 891
9 374 437 451 480 797 822 834 853 895
8 153 313 333 400 733 765 837 898
14 57 116 151 169 264 361 369 427 484 724 727 835 854 960
6 43 135 138 485 629 976
8 129 275 305 384 448 554 605 678
10 155 206 367 526 695 736 832 847 864 947
9 92 310 451 510 529 769 789 966 975
4 395 670 695 763
6 58 128 246 463 559 634
5 84 179 187 468 863
11 194 239 301 376 530 554 598 645 763 767 995
5 178 189 265 688 738
6 69 378 554 624 772 933
6 234 450 475 527 606 745
12 105 188 395 414 516 529 650 733 783 869 889 971
6 48 74 420 723 735 786
3 596 930 995
8 130 256 423 641 663 790 848 903
7 65 130 324 603 810 837 955
10 58 62 286 544 635 653 797 864 882 938
14 89 100 113 130 466 509 601 658 661 685 825 854 874 899
7 245 382 571 622 763 812 988
12 17 45 169 189 373 386 526 709 791 814 904 991
10 70 142 247 248 258 311 370 516 589 855
10 55 58 60 73 117 379 525 555 614 889
12 77 159 208 306 339 539 583 614 632 800 825 994
7 93 112 202 281 836 873 890
9 149 198 213 416 474 495 607 664 895
13 46 297 310 379 553 593 616 652 664 676 695 858 972
9 75 84 267 293 499 671 723 789 979
13 309 341 385 412 432 489 591 711 731 741 874 889 899
6 85 388 400 606 761 921
9 154 333 386 577 628 728 857 859 891
6 29 542 586 604 886 994
10 2 27 59 136 290 532 547 600 712 978
12 214 219 282 404 470 519 631 679 737 924 952 980
14 8 29 43 64 69 145 278 314 699 724 767 790 866 948
9 168 231 244 338 392 397 518 525 539
14 31 41 243 259 374 437 440 441 536 693 704 721 890 930
10 76 252 268 446 502 621 650 781 853 924
11 28 352 442 477 487 500 678 706 870 873 884
14 53 81 126 178 273 420 558 597 598 639 718 748 811 904
13 17 80 216 318 335 370 501 508 522 571 668 710 796
10 11 332 344 526 529 601 650 660 870 913
10 28 35 108 380 430 462 464 678 848 974
13 29 78 224 301 429 430 770 772 817 822 901 902 923
3 410 451 516
13 34 66 73 142 328 467 772 783 793 858 948 986 997
9 25 301 347 405 474 493 612 682 718
9 69 160 236 304 392 594 711 736 743
6 85 126 298 462 504 864
10 15 33 255 367 444 572 585 850 861 897
12 20 56 182 203 206 255 267 315 557 717 802 911
9 122 164 364 413 489 505 665 686 863
7 5 206 225 470 533 635 898
17 19 242 252 282 331 351 431 478 605 717 845 855 873 934 967 987 991
14 4 17 39 216 229 522 576 677 804 826 829 867 872 927
11 47 58 66 68 112 328 378 484 843 937 947
9 440 465 508 608 702 736 814 952 988
10 89 325 354 396 485 544 598 707 726 746
3 17 262 341
11 3 133 265 302 324 441 464 510 581 742 851
4 47 530 592 627
9 97 173 236 346 351 469 806 856 902
8 441 494 669 686 705 740 848 968
12 38 69 80 178 249 268 322 342 358 379 511 691
9 193 344 549 614 741 791 804 942 955
7 381 476 551 807 845 958 996
9 315 317 335 361 401 406 590 785 927
7 2 27 212 297 469 772 998
7 100 110 281 297 381 523 788
15 75 89 234 337 358 462 661 662 704 721 732 751 841 912 987
9 185 445 477 506 511 571 583 733 970
13 12 20 69 124 304 359 707 772 783 833 837 851 963
6 25 30 309 524 803 966
7 188 312 363 387 451 474 881
5 54 325 334 351 906
11 88 143 325 569 587 612 616 844 913 937 972
3 104 155 700
13 180 347 361 370 412 463 539 601 821 892 914 925 962
7 289 444 592 742 783 948 976
8 208 289 460 492 729 777 817 842
5 303 383 421 436 803
9 74 169 216 486 503 795 889 969 985
8 42 204 226 250 257 322 337 441
9 26 239 433 466 543 593 790 853 896
4 92 367 438 790
9 67 117 228 238 440 561 616 697 999
13 200 281 403 442 485 498 501 593 644 700 702 961 989
9 5 42 52 175 407 644 802 812 987
6 266 492 590 726 877 886
12 147 149 335 349 485 600 601 675 804 819 988 993
10 244 320 353 548 626 739 756 800 816 941
9 143 460 464 733 750 779 881 936 962
7 285 407 671 699 722 757 872
8 78 100 217 289 479 615 768 888
14 94 128 129 180 203 305 513 520 538 637 707 721 932 972
10 160 177 444 543 580 806 858 889 939 974
8 24 39 122 235 319 378 602 667
7 61 73 119 147 458 520 678
10 55 88 129 149 195 217 483 750 895 960
6 245 292 692 875 984 990
7 18 80 253 271 290 664 888
15 151 195 245 267 503 567 601 711 771 813 849 913 952 972 974
6 273 362 544 629 882 898
9 52 577 613 617 672 729 879 913 970
7 353 389 539 608 686 837 909
7 151 152 342 370 832 875 976
13 2 115 181 228 239 375 396 428 554 817 891 900 984
11 133 240 408 519 527 621 700 727 738 851 904
7 223 310 325 480 862 887 894
4 550 761 803 970
8 180 213 432 433 535 593 954 999
10 76 300 555 560 626 637 679 702 719 942
12 174 185 251 287 294 295 415 529 543 738 801 953
8 37 69 75 584 872 886 970 971
6 74 173 745 778 795 806
9 70 139 236 394 416 572 746 764 975
14 88 109 122 251 287 309 317 323 433 505 638 828 893 961
10 120 230 364 411 420 454 459 674 698 846
11 20 131 166 206 207 462 513 611 705 708 942
11 39 150 313 352 466 475 535 745 849 883 931
9 68 145 178 240 392 578 580 601 740
7 256 419 485 523 715 834 992
9 56 396 427 480 660 705 759 863 903
8 197 225 251 503 534 692 738 997
11 45 46 170 299 609 667 705 812 894 969 978
16 49 122 176 221 265 362 651 661 682 742 745 748 779 828 872 937
6 63 114 125 309 384 834
17 78 103 146 261 262 331 384 481 569 631 661 686 773 852 858 879 981
9 175 224 251 293 295 718 916 936 966
8 23 63 354 510 611 644 895 910
9 193 398 637 693 697 699 777 950 967
13 108 117 139 141 215 222 240 249 347 531 558 613 869
6 14 218 455 632 646 669
5 182 231 315 693 908
15 124 146 200 206 404 432 455 544 595 728 729 756 778 786 922
6 214 294 341 558 615 832
12 12 166 176 246 453 496 603 622 676 777 875 985
10 99 189 256 282 294 519 607 724 752 778
7 231 274 459 550 732 784 809
5 154 230 334 391 560
7 199 372 414 428 453 696 804
6 54 391 433 514 770 899
8 50 65 119 218 625 628 817 999
12 190 207 264 303 313 370 409 526 614 621 703 836
11 0 13 59 164 273 493 495 508 564 686 972
7 21 125 151 363 462 728 833
19 80 199 276 347 353 411 437 484 512 560 571 611 644 669 758 805 816 902 903
8 123 224 490 568 667 870 894 999
13 1 20 103 184 264 446 466 563 588 602 725 726 792
10 79 129 163 284 575 609 712 824 850 884
6 173 174 327 391 723 966
11 164 440 443 494 509 526 541 632 663 723 913
7 46 68 279 425 575 682 827
7 116 130 137 401 605 709 720
11 68 113 170 300 311 341 654 678 709 872 936
5 239 341 735 955 976
11 59 172 228 335 390 473 511 603 734 870 982
12 4 22 154 155 314 344 644 713 747 764 877 906
10 45 306 436 457 574 587 645 666 897 961
7 209 254 255 513 731 778 888
7 167 215 223 236 447 588 730
11 312 318 451 513 514 536 543 578 622 631 763
7 424 558 608 785 822 956 969
12 140 214 262 326 493 584 682 687 698 797 802 896
13 319 365 382 391 532 665 743 796 802 867 928 930 997
9 337 366 406 490 493 570 637 695 757
10 49 61 225 541 603 639 844 953 961 995
14 84 252 346 362 364 414 434 451 513 634 653 700 882 901
6 108 475 569 622 739 771
10 4 32 40 270 452 531 825 856 917 958
13 55 57 117 124 151 164 219 586 689 694 700 898 979
10 58 128 409 632 690 870 892 926 953 955
9 35 381 510 732 821 834 857 885 963
10 233 235 270 376 387 499 614 700 774 838
7 160 240 281 386 756 887 890
7 8 9 84 145 516 666 673
8 31 145 169 324 375 644 836 976
9 172 205 365 524 536 712 761 777 860
12 100 193 257 397 499 545 879 882 922 944 952 978
6 70 147 307 366 565 887
5 42 134 443 957 993
12 70 258 263 326 665 709 749 803 805 890 915 935
13 85 100 110 281 324 431 508 538 667 740 842 922 989
13 42 44 65 78 194 215 280 375 435 446 502 721 802
12 32 85 155 160 260 497 514 539 697 810 921 990
12 71 146 167 193 201 434 523 845 903 939 945 973
7 9 35 298 604 684 752 795
3 559 875 901
5 580 583 594 736 817
10 25 53 82 373 426 437 533 690 732 918
7 63 140 357 515 574 821 885
10 15 152 248 403 485 807 848 871 922 961
13 23 211 280 355 391 462 583 609 835 865 926 930 933
11 21 112 236 308 337 411 668 790 810 858 951
9 123 325 400 449 552 563 579 904 988
10 162 311 339 519 618 716 831 866 870 964
16 266 348 443 469 676 743 799 801 806 815 839 848 850 879 966 989
14 27 226 241 261 269 272 296 585 618 620 642 646 938 959
5 123 151 294 365 702
7 247 248 273 313 483 525 748
9 52 99 195 291 428 511 513 820 972
9 107 242 386 445 785 867 937 984 998
10 151 508 546 654 705 711 752 881 923 936
11 131 228 331 545 689 709 712 734 824 826 919
10 17 32 52 104 118 141 496 666 700 932
10 232 274 400 427 501 563 849 858 929 932
9 172 261 262 295 340 350 612 801 893
13 79 144 248 315 329 334 409 471 539 545 809 890 965
15 265 337 348 358 388 507 511 587 620 646 653 827 901 918 959
6 174 501 713 823 850 924
10 28 86 91 226 316 532 544 641 737 776
10 69 292 351 362 563 569 588 709 904 970
3 79 239 398
11 25 48 354 390 410 466 643 854 888 950 990
8 70 199 531 546 579 602 809 908
15 166 306 310 351 358 384 429 448 460 590 609 658 659 768 998
8 142 181 190 203 356 595 639 958
7 314 417 456 723 938 950 994
14 4 19 67 131 132 288 401 444 504 542 620 817 914 939
13 21 95 144 148 151 155 168 201 234 319 482 915 937
10 152 160 197 255 311 413 656 689 761 827
11 61 224 295 296 309 436 615 739 826 904 997
12 69 81 103 118 206 272 439 554 573 592 738 890
8 89 154 222 248 350 480 544 986
5 131 265 281 313 771
7 49 110 327 534 556 598 665
10 99 163 208 449 543 687 771 781 920 928
11 198 217 299 481 625 662 738 739 758 900 995
9 58 173 327 513 647 655 684 756 961
13 123 261 275 507 513 515 560 629 639 664 715 825 979
8 139 165 267 286 348 551 721 756
9 47 336 437 539 636 670 689 771 988
7 78 196 292 640 766 923 945
5 66 98 379 548 892
10 37 138 173 226 374 713 782 789 943 960
5 202 491 591 759 768
9 126 187 198 366 614 825 872 897 979
14 4 172 218 342 379 410 431 442 453 472 594 662 699 842
5 7 52 676 833 987
11 124 197 293 424 505 514 516 595 631 903 909
11 55 71 290 332 377 381 771 824 939 957 958
6 128 165 293 415 665 721
9 29 106 618 654 681 717 763 793 949
7 311 407 413 450 451 831 857
8 122 250 265 295 313 397 410 664
7 60 108 132 256 424 775 858
10 122 276 300 467 522 532 652 747 765 985
11 7 136 215 294 531 573 618 737 932 940 950
9 169 182 216 379 423 424 450 784 914
14 116 216 300 301 351 408 451 506 724 778 815 845 908 977
13 197 273 303 319 427 546 593 598 744 804 811 885 991
12 103 251 270 272 290 329 331 508 629 778 796 885
10 8 125 137 234 308 352 465 727 783 795
6 146 160 313 379 691 700
9 5 139 190 473 484 629 889 961 969
15 101 102 113 207 215 235 394 426 450 882 887 925 929 952 979
12 44 113 129 258 333 394 536 569 770 818 924 956
12 19 46 79 271 463 469 473 578 680 710 841 892
8 92 234 273 552 565 646 720 813
11 66 323 324 377 487 573 696 701 747 910 930
9 14 75 364 367 483 575 767 929 964
10 26 38 43 202 334 403 599 718 751 955
10 3 164 264 482 574 591 646 679 896 984
11 166 171 207 312 336 364 490 491 748 975 982
9 47 190 234 472 525 771 864 871 913
6 20 81 96 327 341 915
6 137 143 192 197 644 832
10 162 269 280 391 410 430 560 654 757 812
8 26 225 308 478 630 848 927 982
10 25 69 174 312 368 397 433 499 650 741
9 72 124 476 549 562 628 640 760 824
11 88 122 169 231 316 377 471 510 544 692 992
11 53 71 252 387 394 427 461 552 578 851 855
13 17 124 130 366 513 590 617 637 766 771 843 867 897
7 36 410 438 676 694 780 974
10 43 237 244 318 564 624 724 771 784 856
10 12 85 163 634 646 682 847 874 877 913
10 33 124 169 263 324 434 500 702 998 999
11 38 138 231 338 363 425 573 612 658 874 957
8 1 27 303 531 575 593 788 868
10 53 108 185 193 245 300 517 596 628 847
11 124 126 130 271 290 482 636 744 850 867 974
10 319 406 427 517 605 747 818 859 884 967
15 32 88 187 296 409 601 620 670 702 768 780 820 929 965 968
12 73 194 218 254 399 402 438 462 491 605 857 991
9 51 223 263 309 469 488 496 524 752
8 144 263 304 419 533 624 864 951
11 122 147 306 369 399 403 417 470 683 880 959
15 152 192 238 426 428 488 569 582 626 697 878 886 929 933 971
13 8 55 100 297 339 434 450 563 578 592 623 839 861
11 53 66 142 164 243 379 564 767 900 927 935
11 18 158 233 303 305 331 369 451 609 770 987
13 165 254 260 372 450 502 510 542 629 739 776 848 856
8 153 360 400 448 452 854 929 964
19 10 31 90 102 274 280 284 341 342 403 561 565 567 587 706 927 951 958 990
12 314 330 454 468 613 616 722 731 746 770 904 916
5 80 508 766 839 926
10 78 249 629 667 688 700 729 811 935 971
12 9 136 152 195 202 450 532 599 613 628 879 959
12 114 190 225 263 295 320 450 534 593 603 851 853
12 100 249 333 343 377 419 459 674 680 711 762 931
5 5 131 162 925 978
6 168 518 663 732 851 962
10 140 150 174 211 332 349 371 480 863 951
11 224 293 361 472 484 678 702 753 771 873 928
8 33 60 175 266 349 353 862 973
11 31 69 233 314 380 504 514 648 666 777 932
11 230 274 306 349 489 592 677 742 753 830 977
11 54 316 325 327 332 333 376 422 566 569 694
8 81 395 411 567 613 724 857 971
9 108 158 196 392 747 765 825 826 988
13 14 191 271 374 390 443 465 509 606 663 688 863 967
14 111 191 217 236 369 376 417 424 490 516 683 749 754 830
14 13 56 106 139 168 377 447 551 668 675 734 788 936 971
9 31 102 437 587 597 603 656 670 829
18 97 114 176 197 230 257 347 353 407 420 559 567 599 611 749 756 782 797
8 143 212 269 413 532 572 605 681
10 96 167 380 395 529 652 746 808 832 983
8 99 151 374 409 410 542 691 781
6 3 82 266 683 699 722
14 68 130 149 312 359 500 515 560 573 600 673 704 953 984
8 27 125 142 333 399 658 738 837
11 3 165 178 317 362 504 624 733 811 848 929
13 20 48 56 60 298 425 485 500 574 627 677 745 904
11 54 70 162 284 313 325 455 593 603 716 999
6 41 334 560 681 802 865
12 10 158 269 272 280 362 433 568 618 742 762 783
6 26 391 535 618 636 721
13 6 10 55 113 154 264 277 331 590 697 721 760 814
14 246 292 471 503 595 614 682 769 786 796 870 898 917 966
4 7 15 266 377
12 24 63 140 216 340 356 368 478 551 649 732 984
7 143 246 270 277 283 338 992
10 29 35 296 398 439 541 569 708 789 824
7 17 92 139 164 339 679 814
8 97 254 318 488 704 834 919 924
9 216 245 263 412 485 487 553 625 959
8 56 85 344 350 399 440 468 644
15 52 209 263 285 445 451 485 616 650 676 678 726 839 851 968
15 83 133 154 158 159 226 378 395 407 422 439 652 793 823 963
9 154 173 372 407 493 571 756 794 840
11 179 336 417 469 484 506 549 564 703 870 952
11 94 164 316 322 367 419 441 557 744 904 989
9 5 77 99 176 228 431 501 764 783
7 145 248 515 565 778 910 969
14 77 110 128 141 147 206 233 293 342 391 448 531 801 930
7 50 59 442 566 604 759 951
16 18 97 103 148 152 189 247 283 293 520 563 709 753 757 766 990
7 102 168 407 444 618 777 807
13 69 126 209 384 416 507 608 612 784 831 910 929 950
10 64 157 335 401 433 456 652 830 876 981
11 31 41 200 332 407 473 490 497 746 767 871
9 56 58 152 228 629 641 843 865 869
9 43 87 223 458 486 739 801 879 964
15 122 255 331 446 543 556 780 830 835 858 863 868 897 924 959
13 53 108 255 378 395 459 515 589 611 739 767 834 920
8 144 226 365 538 694 875 946 953
12 67 71 161 299 420 423 669 779 780 822 881 934
10 111 189 251 384 484 561 585 767 863 969
7 219 458 502 533 534 628 932
13 6 7 117 171 173 204 242 405 500 516 756 865 872
10 31 270 385 434 543 666 703 729 777 888
11 140 240 267 352 520 630 650 700 776 794 989
11 21 52 58 84 230 275 409 457 592 772 792
9 129 198 447 567 670 760 793 815 983
11 47 63 180 236 256 272 345 459 565 822 984
8 155 190 273 462 492 511 665 969
9 13 30 213 467 516 525 639 686 693
6 269 277 378 428 514 809
14 5 24 126 293 351 379 417 440 447 472 560 753 966 969
9 115 159 202 241 375 383 474 760 807
8 108 131 299 345 351 356 481 931
7 0 372 546 551 578 630 952
6 57 86 130 609 620 653
11 160 248 284 300 496 507 524 537 557 817 996
13 0 7 127 152 228 556 705 788 792 822 924 955 992
16 42 118 120 151 197 281 324 373 380 446 553 768 861 869 878 921
13 79 101 173 287 532 563 608 631 676 753 830 916 947
9 50 167 510 687 741 746 895 931 971
2 166 685
15 65 203 306 354 422 560 591 639 730 746 836 950 969 975 976
6 73 79 304 383 737 831
8 106 154 374 415 755 815 853 978
13 65 82 170 220 291 301 319 640 744 791 815 869 969
9 37 79 100 772 783 862 873 911 929
8 172 236 413 423 433 575 673 809
15 34 88 176 326 423 525 661 691 733 741 766 803 829 963 991
6 90 178 374 652 666 877
6 266 497 646 747 914 961
10 23 77 88 106 251 278 770 835 868 928
7 221 369 505 509 782 858 968
13 102 150 182 251 375 465 579 647 703 725 771 904 944
11 231 234 247 372 472 544 628 705 857 886 989
11 77 82 87 121 198 292 495 637 858 913 965
18 30 69 143 160 457 522 530 656 699 737 829 919 933 941 944 955 958 978
9 144 157 172 402 645 678 684 688 786
9 375 426 587 688 863 872 884 888 953
11 228 298 303 385 520 601 650 669 676 719 775
8 135 198 285 286 393 430 760 880
7 105 112 617 670 676 849 856
11 72 178 189 279 471 485 492 579 690 838 955
11 73 327 445 454 569 576 653 680 730 751 955
8 100 316 463 477 510 568 824 882
17 24 47 117 197 211 291 316 347 413 469 557 607 699 753 876 957 969
13 22 56 264 265 271 348 453 505 602 745 804 811 830
3 254 567 608
7 157 277 486 514 521 702 925
11 22 101 264 319 338 349 382 474 731 838 843
11 34 118 187 198 217 267 311 338 357 892 939
16 20 29 47 62 184 288 332 360 505 674 681 776 837 895 906 940
6 156 175 342 656 711 821
11 0 174 179 242 271 273 428 554 561 620 798
13 33 64 186 208 260 458 506 515 628 644 662 813 866
15 26 44 139 153 255 386 452 501 540 594 631 664 769 806 885
10 226 314 396 488 661 757 771 917 937 967
8 319 367 387 674 759 788 869 922
9 39 102 360 367 595 628 825 859 961
8 29 463 480 542 696 846 907 950
10 195 310 319 364 374 488 520 566 664 755
8 66 76 106 285 425 598 606 792
16 153 184 243 314 414 416 429 434 462 484 535 536 583 589 741 802
12 5 10 13 76 89 126 361 404 535 540 640 949
10 106 176 203 295 323 509 620 698 739 796
10 11 175 190 408 444 472 642 776 790 852
10 165 262 286 505 660 685 717 722 852 899
