600
4 202 378 397 547
7 84 159 175 193 258 367 494
4 17 163 429 533
12 11 19 35 43 79 121 127 254 267 376 454 541
8 5 11 105 135 192 231 403 518
8 4 131 193 253 377 388 413 588
5 218 318 433 586 587
7 17 254 257 290 419 455 576
2 29 585
7 54 111 177 280 498 538 591
5 365 385 460 509 534
12 3 4 116 133 149 191 265 282 344 371 374 467
8 74 310 315 364 367 375 486 588
8 182 205 230 369 521 527 551 559
5 279 307 440 449 513
8 124 160 175 239 342 376 526 590
6 124 128 209 262 271 574
8 2 7 73 102 152 205 265 506
6 26 97 206 207 221 573
5 3 224 254 369 551
9 65 101 195 297 313 394 397 446 448
8 87 266 380 482 500 563 585 588
5 127 229 267 289 477
10 88 128 144 245 274 320 326 428 549 571
4 54 170 248 515
6 372 453 504 510 517 554
10 18 79 128 198 222 310 339 427 529 536
5 157 360 441 485 539
7 119 151 191 365 429 432 549
7 8 118 149 218 290 360 526
5 85 131 417 419 563
5 93 194 280 367 590
11 60 179 351 367 383 388 468 476 527 550 580
5 256 359 445 469 536
10 63 74 83 122 183 310 332 360 402 514
5 3 106 271 296 411
7 77 189 290 334 362 386 497
9 70 86 226 233 263 336 370 409 595
7 41 269 361 547 548 576 579
8 86 100 313 332 375 400 418 448
14 82 129 135 154 164 214 236 296 321 373 383 403 430 523
5 38 122 244 372 476
6 43 66 77 258 453 579
5 3 42 80 467 567
4 87 339 552 579
9 73 195 282 391 412 503 513 574 576
8 100 111 183 304 311 343 521 575
5 65 132 328 339 467
5 79 152 233 347 395
3 55 198 266
2 150 473
5 95 242 305 478 547
8 130 180 308 357 400 444 447 573
5 176 209 333 570 587
4 9 24 251 309
5 49 201 259 352 583
11 134 159 192 199 208 271 486 533 576 595 597
9 88 263 374 421 439 510 530 554 566
4 115 243 311 412
9 92 119 126 172 187 211 447 477 548
5 32 187 284 532 557
8 141 176 230 307 336 357 495 539
7 126 127 194 245 276 291 565
3 34 301 491
5 360 421 441 558 585
10 20 47 88 122 181 195 214 252 402 428
5 42 162 182 288 457
9 93 115 132 281 388 423 441 505 511
5 156 372 484 511 550
4 142 304 349 548
4 37 346 495 562
10 117 121 170 174 354 355 357 505 511 567
6 140 189 234 240 413 566
3 17 45 291
6 12 34 202 304 365 489
3 153 220 508
7 83 231 312 421 481 533 591
5 36 42 226 421 548
7 164 172 338 359 471 517 534
11 3 26 48 103 138 309 315 345 391 501 580
4 43 197 288 367
2 297 473
8 40 85 133 337 406 454 474 569
8 34 76 92 111 425 433 539 545
7 1 225 315 331 361 545 565
7 30 82 101 255 458 502 536
8 37 39 182 218 220 429 441 517
10 21 44 102 127 148 218 481 519 535 599
8 23 57 65 134 289 294 450 571
5 282 304 317 490 503
8 103 132 136 165 242 293 338 416
4 135 256 499 558
7 59 83 116 127 197 432 581
9 31 67 275 381 411 431 480 558 570
8 244 269 297 410 431 466 525 589
5 51 344 397 526 598
5 114 233 547 574 597
8 18 98 121 164 168 293 298 401
8 97 99 259 372 383 535 575 584
7 98 236 250 272 276 408 563
9 39 46 171 229 263 279 311 343 471
6 20 85 244 377 422 490
7 17 87 143 268 387 410 510
7 79 90 132 209 232 325 590
4 172 249 484 513
4 4 299 557 584
6 35 157 166 268 531 532
5 170 420 444 450 510
5 274 312 350 448 514
4 474 492 501 585
5 479 484 562 579 582
6 9 46 83 396 423 551
3 333 450 473
4 206 483 498 565
9 96 244 246 285 286 289 298 394 558
11 58 67 156 164 245 377 378 413 423 476 548
10 11 92 148 215 234 253 361 392 478 590
8 71 126 277 286 342 455 525 585
7 29 183 238 276 290 335 385
8 28 59 174 209 224 261 332 408
6 135 153 201 421 448 489
6 3 71 97 240 366 441
9 34 41 65 134 159 228 257 330 577
5 136 255 284 515 552
6 15 16 253 329 375 475
5 202 228 230 378 524
11 59 62 117 193 201 394 460 467 545 555 592
6 3 22 62 87 92 240
11 16 23 26 144 236 307 317 338 432 547 569
2 40 211
8 52 168 181 193 247 425 528 561
13 5 30 140 151 177 188 342 368 422 424 503 508 578
11 47 67 90 103 249 311 313 443 518 527 548
10 11 82 217 244 283 386 473 494 500 578
9 56 88 122 240 321 381 456 532 563
7 4 40 91 120 197 208 507
4 90 123 306 326
1 350
3 79 460 565
6 162 227 379 461 558 589
8 72 131 155 197 358 404 510 543
5 61 206 304 359 578
6 69 164 359 454 464 568
6 102 226 247 295 394 487
9 23 128 327 335 410 412 493 557 576
4 159 242 311 403
9 199 321 376 377 435 474 553 554 591
2 354 563
7 87 116 166 308 325 394 444
7 11 29 227 295 317 359 495
7 50 164 260 345 418 436 599
7 28 131 176 515 524 543 544
10 17 48 173 203 213 237 264 539 586 587
10 75 120 299 316 339 362 377 404 481 560
6 40 279 440 443 493 559
6 140 403 511 531 586 589
11 68 115 176 230 271 294 460 476 493 537 563
3 27 106 539
4 169 303 367 576
10 1 56 122 145 333 448 455 502 521 537
3 15 396 447
6 296 298 312 544 582 595
10 66 139 167 211 216 299 330 334 392 400
8 2 249 318 365 403 485 493 511
10 40 78 97 115 142 150 246 301 362 548
6 90 208 225 315 410 489
9 106 148 199 307 314 319 460 475 513
6 162 230 416 479 556 566
9 97 130 183 206 409 488 491 510 568
6 158 210 288 350 375 491
8 24 71 107 267 393 492 509 518
5 100 296 299 346 518
10 59 78 104 215 313 361 434 470 516 528
3 152 285 445
4 71 119 456 494
8 1 15 363 389 412 417 475 515
8 53 61 151 156 298 359 458 474
7 9 131 257 300 327 390 499
12 204 212 213 224 244 255 265 277 329 414 487 536
11 32 192 254 273 367 433 472 522 527 592 596
8 52 203 274 277 377 384 422 464
10 65 130 227 252 284 325 467 503 529 585
7 13 66 86 233 384 412 535
12 34 46 118 168 225 240 437 473 492 512 587 594
5 238 248 266 399 524
2 272 281
5 229 293 317 383 394
8 59 60 205 214 290 355 447 496
5 131 391 457 529 536
6 36 72 201 212 436 574
6 276 284 431 477 480 529
6 11 28 196 233 243 278
12 4 56 179 214 258 304 379 418 493 518 539 553
8 1 5 126 130 271 425 464 498
8 31 62 274 331 373 384 398 432
9 20 45 65 244 308 386 394 456 465
3 191 361 458
7 80 92 135 140 237 266 285
7 26 49 269 273 334 363 521
11 56 146 166 211 286 322 345 383 406 521 548
2 222 301
5 55 120 126 189 433
7 0 74 125 225 247 563 566
5 152 180 230 381 438
5 178 261 421 430 585
9 13 17 187 233 398 525 526 528 587
11 18 113 141 168 295 379 381 468 470 491 566
8 18 239 319 338 371 414 494 560
6 56 135 165 226 297 419
10 16 53 103 119 228 237 302 308 344 455
6 169 271 291 341 471 566
5 59 129 162 199 212
9 178 189 211 259 279 339 520 588 593
5 152 178 283 315 384
8 40 65 187 192 438 468 535 537
8 116 172 222 259 438 497 499 594
4 162 253 437 555
5 133 516 518 532 577
8 6 29 86 87 322 359 373 406
5 332 369 531 575 594
10 75 86 270 285 338 485 496 503 533 541
5 18 243 351 545 554
6 26 200 215 309 374 527
2 442 485
7 19 119 178 252 358 437 587
9 84 165 183 202 274 311 329 393 565
11 37 77 143 208 314 346 417 418 470 550 557
9 139 149 181 257 271 288 342 363 559
4 122 125 209 465
7 22 100 186 324 342 432 531
15 13 61 125 156 167 203 296 425 427 431 437 455 502 538 548
4 4 76 239 582
6 103 342 348 352 545 554
8 37 48 96 182 191 205 270 420
8 72 116 309 311 324 457 463 520
7 241 288 396 454 498 516 521
8 40 99 128 297 325 397 545 551
8 152 197 209 248 322 487 502 506
6 118 184 352 426 438 596
7 15 207 231 241 277 333 410
8 72 121 127 134 183 330 550 596
6 235 239 472 516 532 546
4 51 90 145 310
4 58 191 221 323
9 41 94 101 114 133 178 195 338 393
9 23 62 115 291 325 354 490 556 574
4 114 164 508 595
5 130 143 202 426 589
7 24 184 237 318 375 470 596
10 104 132 163 280 292 293 374 375 502 582
8 99 276 289 291 313 379 447 547
6 54 269 408 412 427 537
8 65 181 224 262 438 450 559 596
10 5 116 124 216 294 307 317 393 434 475
9 3 7 19 179 275 288 395 506 514
5 85 123 178 476 545
6 33 91 272 292 297 369
9 7 122 177 227 321 323 369 382 394
6 1 42 192 371 396 549
8 55 98 212 215 309 387 461 544
5 150 293 296 533 562
8 119 204 279 289 346 470 520 548
6 16 252 299 310 457 478
7 37 57 100 333 490 519 524
8 152 327 347 390 438 491 518 544
6 11 17 178 440 520 591
5 21 49 184 197 522
5 3 22 170 270 472
5 102 106 434 561 580
7 38 94 198 251 402 552 590
8 220 233 267 287 344 424 554 563
8 16 35 56 156 193 210 227 504
12 99 185 256 273 292 374 386 413 455 514 564 596
4 179 198 272 349
6 23 108 180 194 225 374
3 93 254 522
9 62 99 118 190 250 290 366 378 516
8 117 178 180 239 464 503 540 584
4 191 500 578 598
8 14 100 154 212 261 288 432 551
7 9 31 249 286 307 414 439
2 67 185
5 11 45 89 371 387
5 133 213 296 415 525
7 60 123 181 190 418 479 566
6 114 173 197 220 473 511
6 114 117 199 280 320 497
7 270 396 398 454 543 544 584
9 66 80 169 227 235 254 279 295 552
9 22 88 114 250 261 307 371 496 543
9 7 29 36 118 187 276 499 532 551
8 62 73 210 245 250 483 499 514
6 249 256 272 392 564 584
7 90 97 186 249 260 429 436
5 88 156 253 308 382
7 143 149 206 288 329 429 579
10 35 40 161 171 230 260 283 343 449 551
7 20 81 94 208 236 256 396
7 97 114 161 176 362 443 444
11 105 153 162 171 262 373 396 463 466 547 591
4 177 310 527 535
9 63 164 200 312 412 577 586 588 599
6 209 311 387 491 546 590
7 158 373 429 447 462 493 523
10 46 69 74 89 141 192 357 531 577 597
7 51 347 419 442 503 519 571
6 136 383 387 432 465 564
12 14 61 128 166 253 280 289 413 435 438 480 505
8 52 148 195 209 294 427 449 527
7 54 79 222 234 259 554 590
10 12 26 34 242 262 300 352 359 532 558
11 46 58 100 132 145 225 234 302 318 510 512
4 76 108 161 301
9 20 39 132 172 250 337 373 488 580
3 166 226 450
8 12 79 84 165 213 389 515 568
5 153 360 368 500 574
6 89 128 149 186 253 407
8 6 163 248 311 341 350 380 580
8 166 207 421 440 469 489 509 548
7 23 286 365 437 467 488 570
6 40 134 146 257 477 524
7 199 218 237 408 414 538 596
3 243 257 568
7 229 234 361 368 449 464 482
6 103 148 181 236 245 591
2 23 136
9 144 177 264 333 401 410 478 553 559
6 47 356 423 467 503 578
7 124 178 225 295 462 469 492
5 122 162 240 345 365
3 84 194 399
5 34 39 119 219 546
8 53 112 159 239 263 327 457 504
8 36 162 198 346 350 351 476 589
4 118 144 360 409
5 37 61 377 568 585
4 82 313 372 421
10 78 90 128 207 220 244 409 425 430 502
8 26 44 47 153 212 521 557 589
5 341 457 463 468 570
7 210 318 340 429 507 517 546
9 15 117 131 227 229 232 529 549 594
7 46 100 296 345 404 521 562
10 11 95 209 270 391 418 439 468 495 529
9 79 150 199 330 343 358 373 387 430
6 70 171 226 261 334 405
6 48 264 305 457 469 584
3 232 401 452
2 69 273
10 108 137 169 318 334 361 387 452 455 596
6 32 221 334 376 460 557
8 55 232 238 310 391 434 465 521
3 359 554 596
7 71 147 245 384 470 505 539
4 71 187 363 483
5 328 380 476 528 561
10 52 61 71 304 396 408 492 509 524 536
5 140 224 345 452 591
10 33 78 141 142 149 176 218 310 353 510
7 27 29 34 64 316 335 372
11 38 84 116 172 196 324 350 372 477 492 595
6 36 153 164 298 469 586
7 175 198 227 355 432 524 536
3 12 531 595
7 10 28 74 163 320 330 585
4 121 276 550 570
12 1 12 31 32 80 158 179 416 455 470 518 567
3 131 316 324
9 13 19 219 256 257 413 419 430 554
4 37 391 508 550
8 11 207 258 282 289 405 421 522
10 25 41 68 98 337 360 361 443 484 540
9 40 194 218 299 303 313 345 400 475
9 11 57 222 249 272 274 405 505 583
12 12 39 124 169 248 249 458 460 486 489 537 538
6 3 15 146 351 507 535
10 5 101 115 146 153 180 336 428 479 543
5 0 115 125 276 380
9 139 192 206 250 428 510 578 590 593
4 21 318 356 378
7 93 134 203 206 482 511 538
6 257 294 409 420 505 579
7 32 40 98 186 199 306 412
6 180 182 194 213 354 467
4 10 118 460 598
11 36 133 195 272 396 397 419 430 433 501 590
9 102 259 282 302 306 345 350 434 581
5 5 32 67 460 465
3 175 315 480
3 177 264 527
8 45 79 188 344 352 370 544 560
6 116 162 292 462 486 502
5 170 225 244 253 480
8 20 114 126 143 148 186 195 257
3 48 254 470
12 111 160 235 258 287 297 299 357 386 418 574 592
7 0 20 95 236 386 479 590
7 194 205 287 403 487 591 594
5 184 331 437 477 564
6 39 52 162 373 456 533
7 97 327 348 482 513 562 583
4 34 65 269 405
7 4 40 145 155 163 398 533
8 140 153 343 459 506 544 570 583
6 346 371 374 402 544 581
3 82 199 218
3 317 436 540
7 99 119 251 322 357 572 599
7 37 168 335 338 382 418 429
9 94 102 144 165 239 327 436 478 571
5 35 93 441 474 482
9 45 58 144 175 182 251 301 383 574
8 5 72 115 272 307 369 420 422
8 178 207 280 322 441 506 529 555
4 283 420 449 539
6 90 167 367 420 580 585
4 30 175 226 496
9 39 150 192 226 284 344 396 409 513
7 7 30 208 305 369 386 542
9 107 233 382 413 415 416 462 569 578
10 57 64 76 77 120 204 319 337 371 521
4 101 131 180 413
5 67 111 115 328 468
4 131 270 433 466
5 83 130 193 230 338
2 238 247
6 26 230 251 308 458 536
6 23 65 377 379 486 599
8 2 28 86 293 295 303 341 409
10 40 204 338 345 369 386 448 481 538 539
4 93 94 190 230
11 28 92 128 194 229 279 306 363 435 522 587
8 6 83 179 201 386 424 442 453
7 172 253 268 352 387 535 574
4 146 307 432 533
8 150 189 293 407 410 476 479 534
13 183 216 224 230 320 399 439 475 479 519 552 554 597
9 203 214 215 238 252 264 307 528 537
5 57 280 344 437 459
6 14 154 265 319 492 511
8 27 64 67 86 121 411 414 586
7 223 305 433 488 496 512 530
5 132 154 298 372 499
7 52 107 148 298 528 570 585
3 33 173 532
2 20 594
8 52 59 160 187 250 303 502 592
7 20 39 108 120 159 430 479
7 14 296 308 324 415 483 549
9 88 107 112 252 314 539 562 565 582
1 474
4 348 350 358 486
4 25 42 433 547
8 3 82 142 235 287 505 523 574
13 7 117 159 209 230 272 350 367 497 517 551 554 557
7 134 174 195 400 470 483 513
9 66 188 234 262 333 340 347 540 591
9 85 176 196 375 427 495 518 522 576
9 404 439 478 482 485 500 505 507 592
11 10 126 138 156 166 351 375 385 388 561 573
7 139 259 467 519 560 588 598
6 303 329 392 420 527 559
7 234 299 340 506 513 553 556
6 142 180 193 277 324 577
9 195 228 306 352 388 494 537 547 573
6 94 299 424 490 507 550
9 11 43 47 126 181 320 328 384 461
8 32 206 214 340 344 423 540 581
5 33 319 329 347 362
10 172 206 226 248 261 354 367 395 456 598
3 78 100 210
6 179 241 267 561 569 595
7 50 81 112 133 183 285 560
7 82 109 146 176 411 451 494
9 124 166 175 253 373 437 493 540 597
8 32 41 115 156 255 334 356 436
6 22 59 190 321 361 399
8 51 116 262 327 410 459 548 552
9 110 167 284 377 397 436 437 448 596
6 93 190 307 389 393 574
4 76 87 153 430
7 21 324 381 401 411 459 591
5 113 291 355 449 456
7 68 104 110 372 492 535 586
7 27 163 220 223 459 491 562
7 12 56 375 392 428 452 568
4 143 178 237 398
4 168 313 320 442
8 74 120 165 319 375 556 563 569
6 89 101 245 263 466 545
7 63 168 169 206 264 302 485
10 109 170 183 329 357 361 440 484 530 593
8 144 154 156 163 192 303 475 530
6 1 133 174 207 465 474
6 61 70 149 344 458 550
7 187 220 289 417 442 542 554
6 36 215 286 455 553 576
4 9 113 193 235
8 91 177 215 290 291 443 584 587
7 21 133 278 316 459 523 544
3 79 109 386
8 85 159 230 237 249 338 392 447
8 45 89 131 181 220 277 305 328
4 25 271 333 510
10 67 71 307 354 374 382 454 459 519 535
7 17 237 254 404 414 463 583
6 135 341 376 459 466 511
5 75 131 246 370 524
5 10 170 319 357 520
10 25 57 102 107 140 168 311 359 379 504
11 67 68 71 155 163 285 381 440 507 519 583
5 183 311 442 514 578
11 14 45 104 166 401 418 456 463 553 577 579
7 34 108 254 272 291 512 593
5 24 123 151 175 315
7 172 217 235 241 276 526 573
6 25 78 86 341 455 558
10 4 132 170 171 192 217 264 367 458 590
7 87 263 305 437 461 505 511
7 212 234 261 265 509 553 576
10 13 46 159 198 199 235 339 343 352 421
8 179 266 275 371 432 458 540 546
5 40 303 454 500 551
8 125 151 184 263 321 357 363 508
4 94 117 205 283
6 15 29 95 205 516 582
10 13 32 132 179 222 300 308 390 462 556
6 130 172 205 356 438 444
7 26 181 188 190 342 344 414
5 57 442 492 493 591
7 106 155 219 229 304 364 578
8 60 106 134 217 241 290 310 445
9 2 56 76 220 260 400 403 435 559
3 10 78 436
10 87 98 182 214 300 376 434 484 505 553
9 26 33 85 178 188 357 363 427 599
7 156 159 214 251 375 438 465
6 9 230 322 375 381 430
10 27 61 83 152 157 192 354 415 430 450
7 277 372 407 457 468 475 522
2 3 220
3 419 496 550
6 140 151 287 289 377 573
10 151 161 259 264 287 391 404 405 500 579
8 83 84 126 221 232 236 255 490
6 241 302 332 341 522 570
9 0 38 51 96 128 250 299 453 465
13 38 59 69 77 115 132 164 199 230 261 319 478 554
5 23 28 258 342 449
11 32 68 226 240 366 370 466 495 542 553 569
9 13 19 111 236 279 290 296 455 523
7 44 123 269 288 437 478 576
10 146 192 327 463 497 513 520 535 550 573
13 25 57 146 221 232 270 309 353 369 437 455 496 548
5 126 216 414 566 571
5 167 245 463 489 527
8 60 105 144 226 339 351 455 580
7 64 91 93 114 139 310 517
7 13 154 227 252 327 462 533
6 153 207 391 461 473 592
5 130 268 356 460 472
7 70 110 260 343 401 450 485
10 21 30 99 134 147 156 202 270 489 588
5 272 292 306 399 580
6 62 84 113 138 225 450
8 57 72 167 202 206 210 284 555
3 43 71 367
6 142 168 315 323 336 486
6 82 128 420 472 489 550
8 53 93 320 340 366 404 444 546
5 23 88 305 410 555
1 408
7 18 52 460 465 516 543 553
12 16 45 96 189 245 316 396 412 434 454 480 593
3 46 98 219
10 7 38 45 56 144 158 458 497 520 552
7 122 217 301 304 464 513 579
10 131 133 141 278 328 379 420 512 531 592
9 38 42 44 110 295 382 513 544 577
9 32 79 268 313 318 416 557 564 585
4 92 387 405 468
6 110 161 231 249 450 526
6 55 374 401 404 506 511
7 98 105 277 287 292 347 499
12 8 21 64 109 117 181 204 336 365 416 444 580
7 6 152 155 301 362 441 484
8 6 53 152 183 205 224 432 499
7 5 12 21 212 301 461 563
6 94 139 155 247 334 339
11 15 31 103 116 269 302 309 379 386 397 518
11 9 76 146 265 299 325 358 398 457 482 530
7 126 179 396 447 459 560 578
5 212 379 492 514 574
6 183 215 219 342 398 446
7 37 56 161 246 361 364 472
10 179 238 240 248 252 272 322 350 353 479
5 56 96 304 437 475
5 95 278 385 461 470
6 87 150 301 408 428 536
