1000
9 146 181 333 469 666 822 838 845 888
15 41 111 133 193 253 279 359 379 420 447 520 659 730 801 998
11 38 193 301 323 428 431 476 825 852 875 951
9 84 154 328 354 363 541 580 660 703
12 86 100 105 148 179 196 207 268 365 443 560 853
9 125 149 343 347 443 550 688 738 846
11 38 160 165 275 408 415 651 721 741 835 935
17 29 113 149 194 344 379 437 462 480 482 537 681 724 760 776 958 972
9 191 204 221 574 739 813 872 886 983
12 45 163 229 279 280 332 408 416 526 605 650 800
11 30 108 216 280 375 543 572 593 682 720 912
8 279 380 455 456 507 688 904 909
14 24 33 76 111 135 289 342 358 522 539 590 609 721 805
8 62 259 314 331 414 537 663 703
9 143 258 351 493 682 716 773 908 975
7 153 278 336 407 606 913 966
9 136 285 305 704 801 903 913 929 952
12 18 168 230 413 490 626 693 704 755 760 815 901
14 17 113 168 190 248 255 295 464 625 681 686 701 887 924
7 57 93 502 515 591 743 817
10 25 101 109 200 333 440 505 740 828 931
12 134 138 162 227 297 303 373 571 589 664 682 720
19 32 87 188 206 287 299 318 353 390 405 446 602 604 679 711 736 804 878 959
11 65 335 427 428 469 566 637 670 742 843 855
5 12 51 427 801 821
7 20 307 478 651 797 935 956
11 31 241 265 462 466 476 523 771 844 929 956
12 151 300 435 456 715 743 745 800 810 816 944 992
11 259 261 333 479 506 628 693 843 917 996 997
8 7 53 95 220 312 455 613 851
11 10 101 264 457 487 497 599 733 799 818 977
6 26 165 815 900 930 949
9 22 90 106 111 328 387 805 929 999
7 12 136 234 286 613 823 998
10 112 347 363 585 600 610 755 781 908 977
9 46 118 495 600 668 686 689 850 867
8 180 301 319 445 583 589 606 993
7 151 363 595 718 791 855 999
13 2 6 151 169 305 309 336 378 386 402 471 746 943
9 84 120 162 268 276 366 488 629 877
13 106 179 523 565 587 602 744 844 846 879 890 915 987
11 1 125 148 192 377 395 429 509 605 637 965
6 110 344 574 580 609 728
15 95 151 156 176 243 293 387 475 547 640 670 695 722 922 934
7 66 295 422 529 583 836 998
16 9 130 137 160 169 180 197 246 438 465 470 514 598 654 705 945
5 35 547 609 659 885
9 52 141 557 603 642 768 804 806 985
8 101 122 420 504 619 672 680 965
12 73 74 116 187 261 568 650 755 811 821 876 920
12 72 94 166 170 183 216 228 264 269 703 781 956
12 24 116 149 256 311 333 347 375 465 599 800 902
13 47 104 355 470 471 499 516 532 549 628 947 979 991
11 29 145 153 205 352 425 561 574 637 720 745
9 144 254 499 528 594 625 729 803 901
11 291 337 392 435 486 515 538 588 672 764 899
8 114 164 206 255 505 739 811 933
8 19 157 320 406 716 777 935 959
8 142 253 306 382 415 532 625 921
6 98 568 624 628 703 759
10 70 101 130 215 224 351 532 650 933 944
6 127 278 481 489 671 880
15 13 133 144 188 194 293 300 364 381 564 577 624 744 807 917
10 175 229 269 468 540 552 588 644 889 991
6 109 142 396 408 470 698
12 23 122 150 188 189 222 501 561 620 629 782 874
5 44 70 518 806 947
8 86 417 629 707 748 825 901 989
14 288 332 393 405 476 529 592 643 651 787 857 889 920 921
11 81 93 337 365 518 524 586 653 751 883 998
9 60 66 130 352 500 551 578 812 844
8 85 169 170 179 668 675 680 790
10 50 363 368 448 465 487 534 676 967 971
7 49 207 329 519 777 846 956
10 49 91 103 148 323 412 427 665 900 966
2 146 612
9 12 180 313 421 436 546 660 674 938
5 229 329 392 788 893
11 127 196 214 316 525 628 644 675 795 871 897
10 411 480 620 679 714 740 822 824 843 869
10 133 293 393 532 564 636 725 799 895 951
14 69 82 120 137 219 272 278 331 411 438 506 892 924 950
12 81 96 126 198 275 310 422 687 788 798 856 954
5 141 315 316 569 990
15 3 39 137 203 295 340 387 530 531 622 719 765 775 929 937
13 71 120 179 202 288 337 392 532 553 729 856 961 963
10 4 67 135 180 263 347 494 594 921 978
10 22 322 339 390 507 799 805 839 979 990
11 106 204 219 307 367 424 502 529 597 695 896
9 108 131 199 356 536 649 653 895 984
11 32 247 264 274 320 459 565 591 598 639 944
16 74 187 249 265 276 361 547 573 627 700 761 809 879 922 944 958
8 197 374 397 458 522 562 942 964
9 19 69 172 273 557 623 801 844 851
10 50 115 202 384 415 533 791 800 881 999
16 29 43 138 323 426 427 468 677 691 735 792 803 807 828 874 899
12 82 129 285 322 385 670 823 837 851 898 915 981
13 109 206 402 418 440 450 583 798 879 911 929 936 974
9 59 154 179 247 249 365 767 810 916
12 232 312 359 376 437 459 463 473 573 735 958 984
8 4 149 234 327 341 385 513 831
11 20 30 48 60 124 190 205 404 515 838 992
14 178 188 254 323 343 398 405 567 582 618 696 799 919 937
9 74 141 179 265 412 599 628 708 896
11 52 187 208 321 335 357 399 518 785 829 989
5 4 301 675 870 962
15 32 40 88 110 328 349 625 664 678 714 743 791 810 815 950
9 218 236 456 499 529 750 823 969 988
12 10 89 124 204 263 326 454 589 639 651 871 909
11 20 64 97 356 525 546 677 723 736 798 902
14 42 106 249 393 395 400 499 553 675 699 822 862 878 987
11 1 12 32 210 494 563 575 717 723 836 840
10 34 130 142 400 455 564 608 805 952 957
10 7 18 114 146 286 307 445 854 862 871
11 56 113 146 251 400 600 623 628 674 679 880
8 94 138 156 228 765 802 805 882
11 49 51 173 297 394 414 461 621 819 898 960
8 166 273 417 433 587 728 762 848
6 35 231 295 395 396 636
13 166 446 507 511 584 586 731 873 901 904 905 951 967
9 39 81 85 177 355 419 837 925 996
9 319 346 482 624 658 665 698 708 865
9 48 65 204 472 502 555 607 871 902
5 201 399 502 511 786
11 101 108 219 329 366 381 616 635 738 744 949
16 5 41 213 249 441 463 603 630 634 702 747 771 900 915 987 999
15 82 176 199 319 488 507 527 627 654 675 739 811 852 888 994
5 61 78 471 579 920
9 284 488 512 581 617 840 867 899 957
7 96 318 461 515 759 880 947
12 45 60 70 112 320 333 564 609 618 775 785 901
13 89 167 269 326 432 443 454 492 536 567 587 659 869
7 136 349 429 456 474 904 970
14 1 62 80 147 171 273 426 471 520 650 793 892 909 994
16 21 143 156 171 272 510 541 543 615 781 856 903 919 964 981 982
12 12 86 399 428 447 501 565 616 765 831 859 976
5 16 33 132 164 452
11 45 81 84 345 496 546 709 736 776 887 910
15 21 95 115 153 198 206 218 309 447 481 585 600 657 805 822
10 262 323 378 417 583 605 683 732 741 913
8 257 339 451 480 535 619 803 994
11 47 83 103 243 267 357 510 753 858 873 910
10 58 64 112 205 222 495 636 725 873 977
10 14 134 310 421 427 466 517 520 811 944
12 54 62 182 265 329 496 530 560 593 694 815 891
8 53 158 293 501 588 603 797 839
6 0 75 113 114 648 827
10 133 316 399 489 544 612 657 718 785 978
12 4 41 74 225 359 578 632 642 657 712 844 960
11 5 7 51 100 434 564 612 706 826 839 881
11 65 231 351 465 496 514 625 630 879 916 973
16 27 37 38 43 182 197 375 488 550 613 688 774 779 817 879 966
13 161 178 313 326 370 392 395 709 748 873 978 986 993
13 15 53 138 386 411 442 582 620 691 785 889 899 944
9 3 98 279 545 548 731 856 867 983
6 305 508 784 809 868 879
10 43 115 134 158 441 620 714 755 798 839
7 57 165 511 577 640 790 882
10 145 156 244 253 288 394 445 607 679 736
9 216 482 524 526 580 592 737 783 871
10 6 45 206 256 309 552 655 661 776 979
15 152 164 369 435 473 585 598 716 744 753 798 921 935 953 981
10 21 39 219 389 529 776 856 914 978 990
12 9 308 384 390 391 558 651 666 688 746 822 975
15 56 136 161 265 363 390 428 598 624 704 724 862 905 961 974
10 6 31 157 175 433 480 535 698 844 942
6 50 117 119 233 796 808
7 131 385 414 511 868 896 990
13 17 18 325 329 418 469 540 575 609 789 799 812 917
15 38 45 71 195 278 355 510 529 584 696 733 797 800 846 866
10 50 71 174 235 350 498 514 551 618 773
12 133 134 226 235 259 347 355 393 635 870 879 893
10 93 328 351 392 417 587 782 840 871 946
10 116 199 254 361 422 528 532 593 852 902
12 170 377 424 464 521 605 766 838 904 914 962 977
15 63 165 235 241 264 346 394 400 419 465 510 698 734 809 975
11 43 126 274 383 423 490 506 651 657 671 921
13 120 236 293 438 498 502 578 587 654 663 677 685 730
9 102 152 192 303 409 557 645 748 837
24 4 40 71 85 98 103 181 244 296 330 478 564 571 592 729 743 802 879 895 906 935 971 979 985
15 36 45 76 86 297 337 521 557 702 734 747 850 894 903 974
7 0 179 283 343 681 746 774
11 144 151 249 456 619 637 660 778 802 875 966
7 50 283 486 583 673 849 983
5 502 543 860 914 951
4 272 503 530 638
5 492 539 590 601 849
13 49 91 104 241 466 486 527 556 637 709 737 814 977
13 22 62 65 102 264 414 423 465 492 529 532 864 993
11 65 205 455 501 679 684 696 829 865 917 996
9 18 101 287 288 605 695 721 846 956
10 8 248 387 451 519 661 834 871 897 957
10 41 178 225 243 469 482 510 802 959 969
14 1 2 200 252 314 358 573 586 792 858 877 908 947 994
9 7 62 196 467 552 742 879 892 962
12 169 323 429 508 698 710 805 831 832 860 866 913
15 4 78 194 357 399 502 503 550 559 577 595 672 728 818 862
7 45 92 151 345 625 668 911
9 82 138 253 355 377 548 598 614 766
12 89 126 173 206 263 322 335 487 497 537 792 866
9 20 193 298 438 544 576 647 720 748
10 123 206 308 329 413 611 669 925 941 976
9 85 94 345 387 512 516 804 813 922
8 84 222 414 415 419 895 906 924
13 8 88 108 122 227 434 622 689 866 902 905 945 975
12 53 101 142 189 232 290 461 549 653 682 877 888
14 22 56 97 138 160 199 201 214 220 482 639 674 861 939
6 4 73 295 496 603 641
8 104 222 293 349 387 887 901 982
5 531 640 828 947 966
11 111 265 318 393 529 585 587 716 769 807 927
11 212 256 265 462 506 539 590 631 702 866 897
3 211 534 911
6 125 706 782 854 887 903
10 78 206 352 441 469 476 516 666 845 893
4 60 585 865 928
13 10 50 159 219 294 304 447 474 661 755 778 831 887
8 345 403 675 719 836 838 879 989
3 107 138 259
13 81 88 124 162 216 252 346 484 487 533 642 649 917
8 29 206 475 589 695 741 864 865
10 8 255 363 502 697 769 834 875 921 962
11 65 142 203 208 254 364 390 413 476 915 993
5 225 536 592 836 907
12 60 318 321 358 373 438 600 606 631 727 789 907
11 148 192 223 409 488 589 684 769 801 903 964
8 171 501 527 550 709 769 801 981
14 21 204 245 258 279 291 314 335 389 727 841 953 989 997
10 50 115 269 319 394 679 719 735 835 919
17 9 63 77 266 298 313 486 548 567 586 616 618 673 799 829 884 914
9 17 253 428 533 665 680 835 895 897
5 118 150 686 889 931
7 99 205 320 577 833 834 945
11 166 405 531 557 559 578 734 736 781 910 965
6 33 100 342 501 654 728
8 170 171 175 282 418 804 816 861
11 107 177 396 621 629 672 675 733 768 843 864
6 349 465 525 726 806 928
4 511 773 831 943
7 350 491 598 621 639 758 814
10 258 362 482 502 606 737 777 816 930 990
10 26 175 187 366 382 464 719 731 884 893
5 334 459 617 646 929
8 43 141 192 249 328 380 395 764
8 158 179 511 609 633 640 711 962
8 227 299 371 454 561 742 810 889
10 45 304 358 418 508 748 775 822 835 916
7 90 98 637 778 794 973 985
7 18 191 261 460 517 743 827
14 91 98 110 125 182 243 263 370 479 602 616 818 858 969
7 400 431 496 510 557 617 741
5 114 305 615 671 895
13 193 219 288 514 759 790 798 807 839 867 885 908 916
14 1 58 158 198 230 265 280 328 333 485 612 690 773 996
11 54 102 173 222 344 503 570 627 646 899 914
8 18 56 221 372 425 552 691 710
7 51 160 211 285 511 671 913
8 140 307 344 389 463 478 760 879
10 14 227 240 311 409 630 690 808 911 955
9 13 28 171 218 282 378 624 782 966
5 308 350 580 801 850
8 28 49 248 317 419 713 745 891
8 139 358 459 505 523 596 752 860
14 86 108 199 249 285 334 341 377 425 437 601 959 980 996
10 30 50 90 175 188 455 689 743 884 955
18 26 91 103 144 164 210 211 253 283 461 600 628 662 738 740 855 937 984
4 229 554 579 756
2 141 786
13 4 39 269 295 405 425 459 494 568 765 887 928 951
11 50 63 131 228 268 355 514 613 773 787 832
7 276 364 510 520 601 795 843
9 304 385 481 616 686 751 784 871 957
13 81 134 185 371 389 465 480 577 653 689 839 980 995
5 93 117 133 719 819
10 90 176 407 469 475 599 753 855 889 958
7 6 82 467 489 595 688 993
13 39 91 270 303 369 564 570 627 691 724 761 854 963
1 292
15 15 61 81 169 290 427 429 472 566 633 709 736 785 950 951
16 1 9 11 154 227 291 332 563 576 577 691 736 739 759 789 911
10 9 10 253 310 590 627 840 935 953 987
9 383 423 439 569 571 634 744 776 868
8 235 259 426 491 516 596 880 953
16 181 183 265 348 351 356 415 561 617 649 799 848 920 921 949 963
8 128 513 529 808 825 844 853 964
9 16 96 256 263 640 733 750 800 986
11 33 113 345 364 380 437 578 600 625 760 855
8 22 190 539 605 617 752 822 972
7 68 85 158 190 252 379 602
4 12 342 567 936
10 205 278 336 376 412 510 585 786 905 970
7 55 227 279 391 457 572 869
7 277 397 444 467 536 546 876
11 43 62 80 145 177 208 307 510 622 640 823
6 216 483 669 838 848 939
15 18 44 84 118 207 268 389 416 601 638 700 860 878 898 927
10 179 299 329 389 450 607 714 743 759 867
7 21 116 180 560 602 681 890
13 200 229 324 423 425 476 524 610 645 728 783 788 978
16 22 245 296 356 379 412 461 467 567 829 847 883 911 919 982 992
4 27 62 693 794
10 2 36 105 317 392 453 533 720 743 943
5 417 429 746 894 948
9 21 178 276 375 487 556 790 832 986
9 216 246 271 349 357 527 619 756 773
9 16 38 155 251 743 883 921 943 978
12 58 315 352 452 660 748 808 846 859 895 912 996
8 25 88 113 257 293 686 797 944
9 163 201 260 512 662 715 754 808 968
7 38 138 160 390 632 812 932
9 82 143 280 329 336 411 480 888 893
5 51 258 562 720 829
6 29 99 618 823 908 972
6 76 152 229 454 575 617
5 13 193 227 542 967
8 83 306 422 576 621 696 708 882
10 78 83 147 364 373 440 629 664 685 894
4 261 301 587 624
10 22 129 210 224 326 490 828 847 902 962
10 36 121 126 228 346 461 487 613 738 919
11 57 90 130 232 415 498 502 772 777 825 871
8 104 224 334 488 542 689 722 843
11 87 96 199 357 402 523 671 833 876 990 998
12 2 74 95 102 139 195 345 553 644 762 790 871
14 298 353 437 528 584 661 720 813 849 856 885 897 971 996
5 168 517 593 644 706
16 108 131 152 318 350 353 415 459 625 667 680 713 745 857 893 958
8 100 364 476 480 656 670 715 753
10 3 32 106 172 243 253 420 429 619 685
13 73 77 124 144 168 201 296 310 495 543 548 617 883
9 179 375 431 496 500 588 590 785 810
7 13 81 369 549 931 944 973
13 9 68 279 351 432 469 587 591 604 649 770 853 907
13 0 20 28 51 130 253 348 361 666 724 817 967 981
6 242 263 321 439 484 709
12 23 104 199 227 416 422 509 562 577 899 950 981
9 15 38 290 310 365 435 806 838 845
13 55 69 85 180 472 486 496 520 803 877 895 921 996
4 621 654 759 986
12 87 140 404 406 445 532 536 596 636 874 914 965
10 84 350 449 456 524 700 732 762 774 972
6 100 263 418 443 485 868
13 12 234 289 349 482 490 497 529 698 725 758 801 977
9 5 102 181 464 493 635 651 693 804
12 7 42 254 257 481 486 539 575 610 668 961 979
16 137 197 202 217 286 323 496 504 525 582 608 662 694 709 753 874
7 121 175 219 319 442 539 947
9 5 34 51 86 171 442 498 966 998
6 283 333 478 746 886 943
13 106 132 208 237 304 342 358 371 373 717 820 925 964
11 170 239 260 326 340 428 477 529 633 674 806
12 14 60 150 172 283 332 527 571 585 618 740 876
10 53 70 214 306 394 430 535 763 886 969
7 22 324 326 471 520 623 741
6 3 457 577 863 927 959
16 52 120 169 171 198 269 441 542 549 566 711 835 858 881 883 905
8 89 109 283 299 721 841 847 889
9 104 141 196 304 322 368 491 757 792
10 12 193 224 246 262 349 413 523 610 740
10 1 99 148 389 406 606 640 650 677 930
4 369 862 885 948
5 91 173 333 399 995
5 240 472 547 748 954
10 3 34 37 72 164 221 681 727 747 913
9 62 222 270 286 316 327 444 670 780
12 4 69 98 336 455 678 722 732 760 838 859 890
10 39 124 241 451 556 730 770 788 797 981
5 88 382 454 796 985
7 72 357 388 527 770 858 904
10 161 276 331 360 482 579 673 682 697 811
3 152 249 760
6 245 272 349 717 849 917
2 255 928
11 21 224 316 349 423 553 582 848 889 978 987
5 92 424 492 889 982
12 10 51 151 303 330 384 588 625 626 741 760 771
10 99 290 420 439 612 835 882 948 964 992
11 41 174 198 263 399 474 480 631 737 803 913
13 38 139 259 469 512 581 587 601 629 725 823 844 867
9 1 7 288 299 474 502 554 616 962
7 11 243 286 460 570 728 875
8 62 124 461 494 526 749 861 869
6 58 241 367 506 795 938
8 176 281 462 518 527 534 681 822
13 94 163 375 516 530 605 691 730 799 858 972 977 999
8 96 100 167 271 551 577 638 960
6 38 153 431 659 738 822
8 32 43 84 191 202 208 596 654
4 368 558 712 840
19 162 227 257 272 295 296 359 403 414 423 446 477 552 573 589 621 706 755 859
10 22 87 163 164 222 309 591 820 894 920
10 163 291 454 458 597 657 748 800 801 924
13 55 77 85 152 172 301 451 664 759 837 854 884 999
11 68 80 110 171 210 484 597 738 866 937 970
11 116 158 175 228 352 609 738 813 822 863 882
14 41 110 118 152 243 423 441 520 601 604 633 709 748 930
9 64 118 236 449 670 682 890 947 951
6 92 292 441 602 648 993
5 102 647 730 764 877
11 104 123 135 147 196 361 377 418 653 717 913
10 110 112 114 175 250 415 428 570 797 878
6 419 584 680 824 878 914
5 38 97 322 610 804
12 217 389 541 586 609 698 804 851 858 862 971 983
3 101 339 679
16 22 68 102 233 268 408 418 505 537 689 710 866 875 899 922 928
9 57 339 359 473 480 599 673 941 970
4 15 274 487 655
11 6 9 64 405 615 624 684 840 875 951 983
8 178 225 258 532 581 587 652 681
4 562 737 825 895
13 79 81 153 310 466 569 625 639 692 704 742 762 831
9 74 103 290 299 431 440 530 862 977
9 17 201 222 358 471 648 686 859 897
15 13 116 167 188 203 389 496 562 645 663 729 848 867 889 937
13 6 58 94 203 283 320 326 400 495 506 653 809 965
9 9 295 335 426 565 685 774 781 857
7 67 117 139 172 302 631 654
13 97 168 235 246 341 399 405 461 466 771 867 892 938
12 120 175 203 261 401 492 646 659 740 795 850 957
8 1 48 328 376 530 903 922 973
10 76 143 539 613 735 749 785 801 988 996
12 44 82 173 315 335 469 551 552 553 608 614 632
8 176 188 281 298 373 389 395 553
8 88 174 374 550 730 859 880 971
12 53 255 263 268 298 431 475 566 601 611 649 746
4 95 133 282 416
10 23 24 74 95 143 278 688 771 904 960
11 2 23 135 164 230 350 400 452 486 635 773
10 41 132 195 278 302 328 512 591 726 955
7 352 497 655 687 709 836 925
13 2 250 330 386 412 425 461 502 511 575 646 767 813
11 131 332 488 494 584 591 606 752 758 821 916
5 117 165 461 673 865
4 149 204 745 758
8 27 55 161 336 489 584 740 753
8 76 486 542 616 760 828 935 945
11 7 99 263 286 324 449 484 489 553 636 722
8 45 81 177 200 224 584 728 901
8 281 334 376 463 749 804 909 977
8 20 97 316 412 449 512 641 928
10 125 156 214 355 395 397 467 517 780 826
7 153 346 347 465 573 765 858
7 4 5 131 341 487 561 669
8 292 364 616 641 745 750 827 983
10 36 113 158 339 454 599 613 726 802 857
13 22 119 389 453 466 478 502 648 713 783 786 803 863
9 1 135 138 216 454 569 936 945 996
8 72 616 623 674 688 783 973 995
9 340 396 437 440 732 762 845 943 950
4 97 296 728 945
6 140 191 366 392 818 992
8 136 306 428 544 546 603 710 963
9 301 446 498 575 609 673 807 910 915
17 108 131 245 313 367 391 445 447 467 639 670 762 765 810 850 897 910
10 11 29 112 189 264 365 584 635 959 997
12 11 27 107 132 182 340 550 564 629 685 803 986
5 30 291 354 699 963
11 92 391 532 592 607 620 739 773 796 975 991
15 90 99 242 262 268 326 610 617 694 809 868 882 906 948 965
6 248 380 665 744 753 842
16 116 129 205 265 299 319 381 418 431 433 626 645 674 872 921 961
9 7 26 211 383 718 744 761 806 820
8 99 125 257 439 553 697 897 991
10 18 174 241 343 638 852 874 875 894 964
15 45 51 72 150 175 188 237 272 442 587 685 835 858 961 994
11 26 143 187 411 418 446 543 592 643 863 944
14 194 275 292 299 441 454 639 654 736 783 833 885 959 986
7 63 95 513 528 704 779 974
10 0 23 168 192 214 274 332 378 422 687
10 45 52 64 473 528 643 692 739 904 926
16 38 52 127 133 353 413 486 563 689 716 757 767 827 848 935 998
9 122 278 337 362 506 515 586 688 863
10 99 161 406 470 478 573 605 613 628 728
16 132 216 377 379 475 494 572 587 631 806 881 908 931 932 933 937
11 43 220 274 425 474 493 692 833 865 891 972
11 2 26 68 214 222 298 327 603 638 740 810
12 350 389 518 532 656 702 745 756 776 806 811 934
10 25 179 257 348 446 473 539 576 695 810
7 28 249 502 522 544 577 701
14 7 79 140 165 272 310 327 377 406 617 621 715 828 859
5 61 138 271 344 589
15 7 121 159 192 206 240 342 369 512 515 541 772 815 862 917
5 294 515 718 727 887
10 219 334 393 437 537 636 646 741 792 802
6 253 341 531 747 919 929
11 55 183 187 229 337 344 428 436 471 614 775
12 30 72 199 219 303 319 407 443 585 693 706 890
19 39 126 128 151 225 321 432 500 535 540 551 642 715 725 825 842 901 934 940
11 61 147 275 435 437 498 648 683 766 967 983
8 17 176 318 342 500 584 950 979
8 239 282 357 522 576 686 903 989
9 131 186 188 374 419 684 826 888 983
5 14 343 475 875 939
8 86 111 268 381 432 474 856 894
10 35 142 329 415 503 618 733 743 842 932
12 137 144 150 207 250 330 337 345 414 513 715 815
9 30 199 342 430 512 589 830 877 958
13 170 177 320 347 453 489 501 506 607 639 651 760 976
9 52 54 107 110 615 624 665 841 939
8 70 330 488 490 624 823 899 984
14 65 135 145 189 226 234 498 510 571 642 763 812 822 917
15 19 88 122 123 177 184 196 221 240 320 379 431 446 479 513
7 185 196 254 495 509 598 746
5 48 345 587 878 996
6 20 56 262 405 801 901
15 28 81 176 211 382 415 472 498 542 665 717 718 841 871 898
7 11 87 119 126 546 661 723
8 155 195 246 612 735 774 959 986
7 41 335 503 521 544 573 989
16 134 141 169 175 192 250 270 290 293 501 603 653 714 718 798 826
12 119 123 157 167 238 244 256 431 558 651 766 957
17 128 202 308 378 429 440 482 497 584 617 725 747 763 860 886 939 983
12 100 284 468 496 502 550 604 614 638 653 707 953
10 45 150 170 252 269 580 605 832 883 995
13 19 55 101 129 472 482 483 541 701 742 831 920 974
9 52 202 214 282 384 525 534 537 715
7 143 248 325 441 766 953 988
10 66 69 104 383 477 526 560 561 623 714
7 73 191 790 903 910 941 946
15 1 133 143 270 337 353 395 586 595 669 674 712 761 795 959
6 174 180 509 551 953 973
10 12 92 479 491 630 759 794 796 812 816
7 26 40 262 322 358 766 956
10 69 159 298 340 674 727 825 936 937 996
11 78 109 237 345 516 627 690 709 770 804 908
7 9 159 381 518 565 768 782
11 126 187 226 304 351 368 383 574 757 791 892
11 54 173 324 468 470 563 642 694 731 897 965
15 44 68 88 107 162 169 188 210 284 342 350 691 834 896 989
15 84 144 185 384 412 420 556 695 793 794 829 853 904 943 984
9 84 209 233 485 582 611 666 734 984
16 52 58 60 80 85 173 188 339 409 458 477 556 605 749 762 834
8 94 219 230 301 581 816 949 990
8 72 212 383 516 623 814 885 923
12 140 165 352 488 595 618 621 744 762 764 777 979
12 89 131 223 292 339 589 690 693 729 815 822 842
9 7 13 199 405 484 516 689 915 983
3 55 760 964
13 12 186 211 287 344 346 421 478 585 617 646 777 791
9 63 168 488 557 664 731 788 802 863
12 3 134 403 482 515 554 686 763 891 902 957 970
9 314 321 355 436 506 579 707 892 980
10 10 134 184 329 466 567 571 749 905 975
13 147 200 452 479 509 555 622 638 675 689 761 838 997
6 154 633 868 921 927 928
10 76 109 137 292 452 507 587 670 740 801
11 43 46 91 362 560 651 659 661 739 759 994
7 154 198 229 329 575 907 930
8 52 205 331 355 633 799 800 845
10 5 151 196 226 424 456 513 621 847 874
8 70 170 385 422 488 521 593 660
13 63 160 194 255 389 422 600 780 805 811 886 893 947
13 85 110 323 373 422 423 437 463 694 825 830 888 950
6 266 379 541 691 767 798
9 122 544 640 659 668 719 804 910 939
9 187 303 366 530 532 689 693 717 723
11 47 93 178 180 233 250 540 668 729 856 860
8 163 388 511 561 587 716 785 944
9 196 233 568 679 794 880 882 929 983
9 4 144 297 518 547 615 786 897 982
9 53 65 245 283 443 518 558 606 845
12 92 311 335 410 414 573 582 737 747 764 799 951
9 111 279 471 528 587 588 655 726 931
9 62 80 112 130 149 179 276 456 873
12 40 90 135 416 526 688 697 751 781 805 808 834
8 23 278 355 425 636 793 815 828
13 102 131 229 289 299 543 594 596 692 863 894 990 992
6 49 59 268 559 578 790
7 83 281 411 447 630 908 952
11 254 276 380 400 605 654 710 778 853 915 935
7 21 179 281 351 501 543 794
5 10 291 474 648 867
12 91 99 193 389 442 473 509 562 791 891 902 924
9 8 42 53 527 598 607 709 809 962
12 111 168 313 344 431 453 548 669 765 834 916 951
13 200 279 315 478 491 729 750 761 794 796 804 897 920
13 62 157 196 232 272 279 335 354 385 479 638 669 837
10 70 148 177 233 286 568 678 776 806 818
6 127 266 369 542 663 818
9 3 42 159 260 514 587 742 850 905
6 128 378 409 533 751 846
8 102 153 345 373 531 562 674 849
10 36 44 97 139 183 670 778 872 873 963
14 119 169 324 401 432 435 438 455 490 512 620 636 840 904
12 34 138 161 210 215 290 351 487 539 867 939 949
8 69 119 193 229 403 472 520 600
20 40 117 131 172 177 210 317 332 378 409 465 474 504 546 558 563 580 737 860 875
10 55 63 145 330 375 563 591 634 852 933
13 21 36 108 220 225 389 481 497 536 738 816 907 931
11 12 186 211 280 330 601 680 683 799 823 883
12 19 90 332 390 429 432 588 629 694 806 836 857
10 68 159 179 223 458 466 711 776 836 970
9 10 144 173 325 551 667 775 831 936
7 54 86 567 755 783 893 941
12 37 196 275 520 535 697 733 784 865 940 958 994
8 262 282 339 387 567 610 725 734
8 88 391 393 755 770 798 939 950
12 45 90 161 164 198 239 503 574 634 735 790 993
12 30 51 103 274 406 445 605 618 681 709 838 958
16 34 35 114 138 224 265 286 552 586 705 792 819 852 929 969 988
9 186 263 270 295 378 395 425 590 868
10 22 40 249 288 297 397 685 829 913 995
9 47 125 145 207 452 476 510 613 900
14 22 332 395 513 636 667 685 716 753 782 823 832 891 930
14 9 41 139 174 190 287 384 473 514 532 570 599 645 907
11 15 36 224 240 359 432 561 672 712 884 971
9 122 158 296 458 498 574 686 796 984
4 112 345 422 900
12 12 42 46 130 168 244 394 403 453 775 843 857
15 34 298 344 358 402 459 596 730 759 893 900 915 921 938 970
7 201 425 531 705 732 959 975
8 75 147 149 253 376 508 707 767
14 29 33 151 269 319 421 445 473 603 745 821 897 906 912
11 198 422 486 513 741 751 761 887 911 942 979
8 134 251 408 499 560 788 846 951
15 124 135 229 249 271 379 436 444 448 655 681 820 841 883 962
14 128 242 250 283 287 313 329 459 480 512 539 658 757 850
12 102 130 170 229 312 351 495 535 599 632 691 859
11 48 140 182 304 328 788 830 862 877 943 955
6 65 79 153 156 458 584
11 116 236 239 315 338 389 480 535 550 899 968
5 84 204 293 544 907
9 93 114 353 448 518 534 706 867 961
17 59 62 121 164 259 317 408 499 500 728 830 855 865 880 888 922 952
13 18 54 58 106 150 197 286 326 375 411 688 817 865
5 17 375 461 845 872
8 91 126 254 276 280 525 688 821
13 28 52 59 78 103 114 265 473 647 690 761 906 921
9 39 65 67 236 316 378 456 591 684
7 125 150 258 522 569 705 924
10 211 224 377 417 474 710 768 770 907 964
8 148 309 422 618 759 806 968 983
11 244 278 350 395 545 549 686 776 818 900 937
9 125 281 588 598 675 710 828 835 949
5 124 171 343 428 455
10 80 118 142 339 437 484 566 584 604 829
11 23 41 53 182 187 247 693 733 797 808 896
14 185 295 385 464 476 513 544 577 645 739 798 858 910 984
13 90 108 206 239 411 454 467 498 755 770 843 905 915
10 43 157 209 244 285 293 359 555 801 991
8 207 440 444 669 699 726 817 852
9 47 148 219 488 501 528 767 793 975
4 68 466 470 947
6 63 78 323 325 799 974
8 178 298 414 461 605 638 774 953
8 242 254 419 431 484 539 801 869
5 200 398 628 660 954
9 146 397 413 446 489 572 695 839 969
6 89 219 283 332 425 663
11 9 49 60 133 359 730 748 868 933 934 961
14 6 25 68 108 163 176 343 498 511 547 692 738 766 989
11 409 663 681 720 737 765 768 803 872 927 957
10 69 89 205 272 399 415 510 513 744 841
15 45 126 177 234 338 387 417 467 570 674 754 762 841 847 937
12 160 407 430 563 616 669 711 759 844 889 965 997
2 327 477
7 138 147 148 176 391 722 759
8 121 617 683 751 767 830 863 902
12 1 46 131 386 419 547 555 728 834 837 848 987
9 3 76 182 306 551 647 715 909 962
7 160 191 216 324 507 547 845
6 265 308 345 774 910 952
8 13 177 414 579 649 652 716 895
6 21 106 316 392 540 831
12 74 121 230 460 499 506 703 712 735 877 944 945
10 0 163 214 333 531 675 732 784 835 923
5 326 593 604 917 938
7 35 71 197 344 555 557 775
11 201 294 443 520 575 577 641 655 733 885 928
12 23 43 96 327 364 396 454 546 583 679 774 918
6 61 176 251 256 322 980
9 48 55 196 236 606 856 955 974 978
10 183 229 369 406 433 453 735 819 915 961
13 76 114 206 350 448 461 520 524 582 654 718 719 967
16 71 78 105 110 126 217 236 544 634 666 688 724 751 833 840 847
3 72 917 943
5 95 109 177 359 710
7 106 365 578 781 787 886 950
11 22 79 114 158 189 228 404 559 670 702 744
7 48 71 230 326 401 590 738
11 7 18 181 297 363 383 409 599 616 652 840
7 10 14 21 205 369 396 708
8 139 489 590 658 742 794 808 903
10 189 225 408 492 629 791 840 862 872 939
10 177 316 328 416 456 465 602 604 780 892
12 18 35 231 271 307 413 491 541 607 633 770 878
6 82 430 469 801 804 852
14 5 11 151 163 275 427 448 472 565 625 627 675 813 996
12 35 204 264 272 321 405 471 537 544 556 750 974
10 253 258 525 536 628 871 918 943 945 990
15 95 153 255 276 279 384 529 554 618 723 728 751 849 924 993
9 411 470 475 567 651 716 746 786 875
15 17 28 300 343 487 536 556 637 713 811 859 888 904 958 989
11 144 345 459 528 553 591 735 756 912 920 941
10 43 88 190 220 478 530 648 745 937 954
5 102 169 189 315 870
7 221 369 463 565 595 812 960
9 64 121 165 175 195 342 403 747 861
4 110 457 641 836
4 91 295 340 723
6 18 479 515 806 840 870
7 125 180 211 477 679 739 833
8 3 13 50 59 665 706 964 996
6 16 17 164 411 468 730
5 45 600 611 630 926
10 149 213 325 389 487 623 703 772 943 972
7 67 513 542 612 723 726 766
6 103 121 315 682 763 787
13 137 152 187 226 278 334 345 395 430 525 574 599 837
12 195 255 405 452 570 631 634 677 831 910 966 990
7 22 244 355 592 655 803 985
12 148 388 520 606 665 751 813 853 900 952 978 989
5 261 326 446 693 891
7 79 106 156 296 510 518 717
8 27 308 327 480 488 496 516 660
11 14 57 161 210 471 558 604 663 692 931 965
9 111 349 371 399 506 556 714 869 992
10 37 147 462 483 506 510 674 749 820 996
9 84 217 228 241 273 555 674 946 958
11 10 21 53 200 301 311 324 652 831 844 890
9 6 12 190 356 730 832 837 865 994
6 43 321 365 437 657 900
13 109 111 507 556 691 700 707 732 769 798 834 900 911
7 7 164 276 333 675 875 925
8 80 142 342 378 488 512 596 938
9 237 429 445 563 641 707 773 872 874
8 224 227 363 483 524 736 925 932
17 42 117 196 234 298 380 438 450 473 624 659 691 809 837 849 937 961
9 54 85 179 414 536 557 576 763 973
13 1 177 366 384 398 424 610 650 704 721 736 807 881
7 119 154 241 528 540 833 889
11 139 340 365 449 611 666 723 778 803 809 845
12 30 169 236 285 495 595 637 669 770 852 896 948
6 175 180 233 531 596 940
12 95 99 228 421 508 598 665 673 694 834 948 987
13 22 109 137 158 233 278 279 467 727 730 741 935 950
14 159 187 240 377 410 562 587 652 744 758 835 840 864 890
13 5 124 265 319 386 393 394 589 651 680 744 887 906
12 8 56 126 279 458 470 547 638 702 740 799 991
13 20 79 265 351 358 419 435 476 546 739 814 865 947
14 6 139 220 250 353 375 484 614 736 760 843 869 931 956
10 23 194 245 411 515 580 683 798 873 932
12 19 27 106 179 248 264 296 301 305 495 953 973
14 40 62 124 161 281 460 462 535 653 679 737 738 886 900
12 27 53 261 326 434 444 477 613 695 800 846 980
10 38 163 181 302 348 425 503 692 894 994
7 125 180 363 485 512 562 698
11 67 152 178 200 246 306 362 391 395 650 844
6 381 421 439 532 543 718
6 107 285 444 576 689 769
10 69 271 565 581 614 658 675 691 712 778
4 262 287 432 884
12 141 161 274 327 345 435 460 604 891 916 929 977
4 308 654 796 828
12 17 34 49 156 216 389 594 597 639 817 874 933
6 266 304 477 694 771 911
5 357 471 527 617 811
9 239 342 432 434 737 814 879 968 992
14 59 129 252 279 296 338 392 522 547 610 632 655 657 973
11 7 17 257 286 365 370 375 436 498 538 741
9 91 276 462 520 544 576 614 628 875
12 117 323 340 411 449 454 532 535 654 778 800 918
7 352 501 512 541 708 729 984
7 55 243 398 535 562 882 900
12 84 115 135 268 442 454 575 652 766 807 838 845
11 174 198 489 511 517 523 651 707 765 834 849
13 98 431 471 554 612 642 658 821 849 856 874 902 952
7 47 236 526 631 652 823 975
7 210 221 225 226 723 750 908
11 332 366 368 525 597 631 639 686 733 810 824
8 26 125 375 418 427 756 832 972
6 320 482 706 821 866 968
10 14 170 238 253 269 304 428 458 726 875
11 151 181 340 416 508 645 662 670 782 923 997
8 84 130 246 486 593 609 668 892
12 7 137 160 162 281 477 578 592 633 781 832 963
7 57 73 240 320 535 539 782
9 182 216 247 570 583 732 751 762 984
4 151 468 806 807
5 364 441 552 685 915
12 34 50 134 233 416 565 678 776 830 835 841 885
10 65 172 213 259 526 604 774 777 970 985
6 159 298 446 448 467 594
5 155 271 595 666 991
12 104 130 147 153 278 330 421 558 832 919 959 963
8 123 267 290 446 560 692 828 971
9 68 269 678 708 796 908 909 956 997
12 77 82 298 366 540 615 619 827 860 874 881 986
5 168 224 279 830 933
13 71 157 252 303 323 519 568 598 812 815 860 867 894
9 37 94 106 527 539 573 684 799 923
8 95 193 199 357 484 600 810 963
6 133 530 566 642 948 965
9 247 300 522 530 559 571 576 683 933
6 78 270 382 419 520 804
13 166 367 458 522 576 607 754 787 889 940 956 985 989
7 25 145 169 307 366 400 637
14 82 97 109 156 161 252 510 554 597 638 723 742 856 887
17 30 80 87 102 168 229 283 384 549 562 590 644 739 791 813 889 984
11 9 27 51 94 169 285 391 549 745 762 921
19 1 16 24 93 225 226 260 342 391 421 505 546 640 646 687 808 824 827 866
7 115 179 182 192 445 484 540
12 54 95 140 337 377 446 456 652 711 732 868 920
13 22 47 202 235 343 402 403 439 525 555 576 687 795
10 12 32 87 112 115 138 195 552 565 989
15 47 66 237 336 350 462 474 477 578 591 632 701 779 833 955
12 62 95 210 252 453 730 765 779 865 912 932 939
11 166 258 284 306 308 565 637 683 801 863 981
9 91 155 175 415 459 574 728 732 842
12 27 98 106 245 330 454 476 478 770 792 852 888
10 49 56 126 143 369 477 552 693 757 991
9 70 168 309 501 522 697 790 828 893
8 8 202 324 394 431 688 712 799
7 187 239 534 740 758 876 944
11 17 31 106 144 482 496 536 566 790 830 857
8 27 235 240 522 533 589 922 923
8 19 151 333 625 641 755 875 886
10 30 196 249 451 578 579 633 838 860 897
7 116 273 600 673 857 884 976
6 349 390 462 616 718 836
9 24 49 432 613 627 767 772 900 946
15 0 79 110 138 163 246 287 383 386 394 501 536 936 958 990
11 33 96 107 293 312 378 500 590 604 768 954
9 79 401 770 801 853 880 902 912 978
11 2 67 284 320 410 488 524 553 857 956 967
5 149 441 492 510 950
8 146 248 444 471 788 801 856 883
12 20 95 209 318 436 480 566 634 754 786 812 950
9 104 189 229 299 311 530 602 636 970
10 497 553 619 624 658 781 789 815 833 961
12 100 135 195 216 238 411 515 593 664 710 720 911
12 195 269 303 514 604 721 771 776 785 853 877 947
10 232 322 467 475 675 702 731 806 830 901
14 191 221 232 529 532 565 575 659 723 735 766 914 940 990
12 6 228 230 246 355 376 465 634 666 737 781 960
13 44 111 217 223 430 591 592 699 820 842 870 913 961
12 96 120 178 392 577 659 709 721 728 850 871 965
13 0 101 174 217 294 336 365 544 599 765 818 889 916
10 87 145 149 156 252 272 648 880 940 956
14 111 128 172 280 388 408 584 675 681 684 701 737 884 928
9 227 356 499 506 616 653 654 781 964
9 460 488 495 536 809 836 894 909 951
9 23 28 79 236 270 321 609 639 741
13 26 40 70 93 148 165 284 378 655 720 748 857 976
12 0 214 336 449 549 561 626 661 732 765 884 949
12 5 40 73 169 190 306 581 615 745 893 941 990
7 299 318 356 550 654 675 854
10 117 283 294 373 414 471 659 849 941 949
11 183 186 324 371 582 691 728 766 767 848 917
10 35 180 260 419 454 580 617 837 855 930
4 29 93 96 403
13 2 126 173 464 588 600 641 687 733 810 935 943 944
12 4 284 332 530 570 712 824 832 922 965 975 994
6 113 213 276 392 847 950
10 23 37 265 274 286 624 850 907 915 997
14 82 85 134 154 162 324 494 557 672 767 798 827 913 925
11 68 326 416 445 591 609 815 819 825 844 933
11 141 193 249 355 368 384 403 442 465 638 874
10 135 306 365 389 413 424 480 618 693 882
11 184 195 262 295 512 557 587 788 790 818 997
4 206 235 381 698
14 110 113 164 196 360 403 412 482 619 684 906 935 968 992
9 354 394 446 466 472 540 567 658 808
9 188 220 236 737 869 892 958 976 981
13 121 189 215 220 433 475 595 624 625 721 740 807 960
9 169 195 199 204 211 393 405 772 801
17 35 128 154 252 296 378 414 418 572 585 623 790 889 918 953 955 981
11 155 167 281 341 459 545 601 650 803 873 993
9 79 131 291 381 646 717 741 864 997
6 105 171 696 701 836 931
13 78 108 113 122 159 172 191 271 320 323 506 690 837
8 8 461 583 626 652 684 726 884
9 119 141 142 152 564 583 742 868 990
13 65 95 339 345 464 550 726 755 767 788 858 916 974
14 2 182 221 380 405 408 464 493 587 692 724 761 773 817
6 49 292 322 351 814 900
10 39 193 205 337 398 497 619 665 832 969
7 22 110 295 400 401 504 686
14 40 91 97 150 151 155 171 179 194 217 257 758 922 956
13 61 114 129 282 424 559 624 824 839 926 980 985 997
6 94 149 355 474 730 788
9 115 157 315 376 394 459 559 764 859
9 69 299 305 329 355 514 590 616 827
11 229 241 264 392 606 752 819 840 845 872 981
10 46 252 324 360 467 534 669 781 911 980
10 8 348 352 512 552 678 744 817 911 960
10 18 137 208 213 216 268 483 614 738 798
11 0 126 205 310 492 553 624 693 810 927 974
17 63 68 153 231 245 274 356 373 374 414 655 731 796 799 838 867 926
8 40 297 365 396 487 720 737 920
10 144 261 475 541 573 604 713 753 931 953
10 81 133 194 418 527 542 685 775 864 909
13 77 171 214 241 310 326 552 594 610 812 846 981 999
10 180 302 316 390 464 494 567 746 790 842
12 80 89 179 203 230 251 306 337 410 663 900 904
6 88 103 167 529 637 733
15 78 191 211 230 324 413 454 463 528 560 576 613 818 950 972
5 96 116 295 506 972
9 55 95 128 153 254 335 405 500 621
16 31 74 125 603 608 610 633 712 722 723 744 764 821 876 895 965
11 17 54 67 119 130 208 438 488 505 833 908
11 51 109 122 173 204 318 541 573 658 767 824
9 16 134 180 213 225 420 491 519 683
14 11 119 132 174 368 427 470 530 584 693 895 921 969 988
8 119 164 204 290 355 543 580 639
8 179 203 459 613 628 738 862 988
9 223 224 332 548 589 605 622 631 855
11 14 34 193 252 312 474 525 569 769 787 901
8 11 108 133 439 660 787 842 892
12 137 141 233 453 454 519 555 638 662 710 923 936
12 97 197 212 258 279 299 614 723 756 831 885 886
8 10 306 613 694 807 824 959 965
12 15 16 139 195 256 363 377 399 602 836 856 950
9 162 174 184 229 254 339 401 834 996
13 40 96 125 222 453 537 570 610 639 673 780 855 970
10 98 150 246 252 432 575 753 838 874 937
12 28 62 168 189 219 371 482 501 667 676 849 992
5 670 690 762 867 988
9 102 134 228 299 319 485 785 926 989
13 49 68 127 283 390 515 576 694 803 890 943 957 988
15 58 68 86 161 176 221 283 305 337 461 545 610 628 800 904
10 43 91 202 405 420 624 816 853 879 930
8 534 666 774 791 816 910 938 952
7 18 81 203 391 573 630 691
7 120 201 349 430 724 727 856
5 470 705 880 889 919
6 210 295 354 545 652 888
9 215 237 268 372 405 440 545 669 840
11 16 26 32 84 97 242 485 559 600 753 956
12 31 240 359 395 548 604 850 922 944 949 971 998
10 20 231 331 474 563 589 716 741 870 891
8 309 474 495 727 742 807 978 979
9 56 60 474 588 650 755 789 794 857
4 43 477 488 650
13 6 25 57 161 179 280 436 471 570 736 852 862 978
7 97 289 447 524 593 822 910
13 84 102 265 393 414 474 524 633 654 695 728 916 993
8 76 382 418 610 667 725 923 963
10 206 294 493 499 512 555 585 597 684 807
6 488 595 734 796 834 839
8 201 406 519 594 694 846 848 954
3 92 165 614
13 38 238 301 305 348 449 530 619 676 690 706 852 920
14 27 60 90 91 143 153 307 331 466 558 665 814 852 930
10 45 204 232 436 447 450 665 690 948 971
4 172 519 719 821
11 52 66 129 193 209 346 396 552 643 740 832
10 302 360 376 459 733 735 793 945 977 981
10 31 124 283 533 585 634 845 848 930 976
17 81 106 278 335 449 490 553 597 678 736 826 828 854 897 913 972 995
13 2 80 119 184 268 278 396 408 562 575 615 842 971
8 16 112 569 624 662 712 767 923
13 161 227 280 282 513 517 521 645 743 867 891 971 998
6 82 362 647 695 823 941
7 258 264 429 619 672 806 867
13 25 26 50 73 190 523 741 787 796 825 839 879 929
10 112 128 191 271 419 511 541 652 920 995
12 7 91 99 274 326 497 595 599 693 719 822 864
12 22 57 192 263 354 455 467 508 520 611 785 912
8 116 148 385 427 697 835 865 886
11 85 164 344 461 465 623 650 673 728 830 836
11 105 174 194 221 244 318 379 574 616 660 992
10 85 276 283 452 457 583 776 785 792 938
11 92 134 225 284 349 376 464 538 631 703 841
15 41 48 233 339 415 459 528 655 716 793 837 853 900 912 981
9 15 74 151 182 209 259 347 710 986
7 72 119 314 333 489 674 825
6 308 621 632 758 772 862
9 107 192 249 352 600 648 877 904 982
12 132 290 393 406 541 592 610 782 829 915 986 997
11 72 179 324 403 424 606 786 930 945 951 953
11 7 287 312 340 384 475 706 771 897 898 950
9 150 247 331 420 448 521 729 743 759
10 97 164 180 468 515 644 672 689 874 888
10 14 163 175 204 458 543 611 642 768 853
7 135 201 498 819 844 864 949
12 30 34 142 174 187 342 384 412 439 753 948 984
13 86 147 152 162 298 305 373 672 712 824 932 935 996
10 52 87 160 179 344 490 535 614 932 995
7 263 272 542 671 745 880 885
14 96 134 161 226 333 335 366 808 864 867 884 893 948 965
6 134 208 299 374 560 969
14 8 154 183 403 408 444 489 492 512 537 559 632 989 997
12 89 99 265 500 530 531 607 638 763 778 799 977
8 47 179 247 367 711 782 796 880
10 152 285 303 338 456 467 508 788 966 970
8 40 110 125 280 373 659 735 999
8 107 421 517 600 904 906 918 920
15 67 104 217 227 491 509 529 651 693 712 796 805 919 983 999
14 83 87 162 167 240 322 533 567 690 710 822 834 846 873
8 52 63 458 463 640 739 784 811
12 27 101 299 376 451 567 717 758 862 917 962 997
10 36 152 188 222 275 397 598 691 868 937
10 126 133 140 193 465 547 595 721 746 853
8 272 361 448 514 602 950 957 979
17 28 120 189 253 263 306 324 337 421 447 504 524 688 703 718 914 978
14 28 227 455 544 655 774 787 855 860 869 880 970 983 992
9 1 33 44 69 322 347 471 930 953
9 32 37 94 125 384 392 893 987 989
