200
6 18 36 47 50 63 104
4 81 87 89 90
3 54 129 159
3 92 132 171
4 25 63 69 116
8 19 47 111 150 167 168 183 196
4 20 110 113 140
3 38 74 187
2 33 64
3 30 108 150
4 27 49 94 116
1 116
4 98 72 123 156
3 109 68 167
6 89 129 147 162 163 166
3 30 72 118
6 25 47 51 141 172 190
4 54 76 83 186
1 0
4 5 20 128 149
7 6 19 61 72 135 162 196
1 33
3 32 56 176
2 73 86
3 96 143 181
6 4 16 45 77 165 197
4 90 126 134 137
2 10 180
1 96
5 61 136 183 196 199
5 9 15 35 88 178
2 94 173
3 22 54 162
5 8 21 118 53 92
3 39 94 158
4 30 91 138 194
5 0 109 117 121 167
3 41 46 194
6 7 108 119 42 96 176
4 34 60 73 129
2 110 90
4 37 150 187 195
6 38 44 80 89 134 167
2 113 76
6 42 73 77 134 160 193
9 109 111 25 125 131 58 82 93 142
3 102 37 165
10 0 5 106 16 48 60 141 149 182 187
1 47
5 10 129 53 94 197
5 0 103 108 140 161
2 16 159
3 77 182 185
5 124 33 49 86 177
5 2 17 32 55 90
2 54 68
5 22 129 145 73 164
3 102 103 109
4 116 45 144 166
2 61 152
5 113 119 39 47 96
5 20 29 59 62 161
4 61 78 81 197
4 0 4 78 85
7 8 65 68 84 168 173 197
3 137 64 176
5 81 170 172 179 197
3 106 115 147
6 13 55 151 64 73 79
5 4 142 154 158 195
3 164 176 191
2 162 87
6 12 15 20 174 188 192
8 113 23 39 44 56 162 68 176
4 7 112 89 192
5 122 132 173 179 88
5 17 43 178 86 189
6 25 127 44 52 147 171
2 62 63
1 68
2 42 86
5 1 118 62 66 91
2 45 140
2 17 140
1 64
5 114 63 160 176 182
5 23 53 76 80 190
4 1 138 150 71
5 105 30 169 75 187
5 1 14 42 173 74
7 97 1 100 26 40 54 155
6 122 35 130 153 81 93
5 3 115 33 144 149
4 123 45 91 94
9 106 10 121 31 34 49 151 162 93
2 111 197
6 24 28 123 38 60 153
3 90 100 148
1 12
2 141 162
6 97 90 132 151 180 192
4 104 123 127 146
4 46 57 141 172
7 50 57 129 157 175 176 186
3 0 101 179
2 88 111
4 47 67 94 157
2 180 185
4 9 38 50 165
6 13 36 45 57 128 161
6 6 40 111 148 171 181
5 5 105 110 45 95
2 74 115
5 6 43 60 73 166
5 85 142 183 189 192
5 112 67 92 117 173
4 4 10 11 58
2 115 36
3 15 33 81
2 38 60
1 135
3 36 94 193
2 75 91
5 101 12 93 96 153
2 53 150
2 45 188
3 26 130 180
6 101 77 140 165 169 196
3 109 19 156
8 2 103 14 39 49 56 136 150
4 126 91 148 157
2 45 178
4 100 3 75 154
1 197
3 26 42 44
2 20 120
3 29 129 146
4 26 65 151 156
3 35 87 197
2 142 165
10 6 127 50 82 83 160 165 170 188 190
5 99 102 16 47 151
4 114 45 139 69
1 24
3 58 92 154
2 56 196
3 101 136 147
4 14 146 67 77
3 97 110 130
3 19 47 92
6 5 9 124 41 129 87
5 100 137 141 68 94
2 59 176
4 123 91 96 170
4 132 144 69 163
2 90 174
4 12 128 137 198
3 103 106 130
2 34 69
2 2 51
3 44 140 85
4 109 50 61 179
7 99 14 20 32 71 73 94
5 14 154 175 180 194
2 56 70
7 108 25 127 46 139 140 171
3 14 113 58
4 5 13 36 42
2 5 64
3 127 88 170
4 140 153 66 169
4 3 110 165 77
3 102 16 66
6 115 31 64 75 89 176
2 155 72
3 103 163 198
9 103 22 38 152 65 173 70 73 85
1 53
3 30 131 76
4 104 161 66 75
5 100 107 27 126 163
2 110 24
3 47 52 85
4 5 114 29 192
1 189
2 107 52
2 103 17
5 7 41 47 88 194
3 125 140 72
3 114 184 76
3 16 140 86
1 70
6 100 114 72 183 74 198
2 121 44
5 35 37 163 187 197
2 41 69
6 5 20 29 127 145 199
9 25 133 49 138 62 64 66 194 95
3 156 175 192
2 29 196
