1000
5 79 287 334 670 782
12 14 158 215 296 383 392 587 600 622 634 848 923
8 27 64 98 222 345 356 602 952
12 71 115 234 341 388 399 463 626 708 880 897 958
10 62 147 207 319 432 471 557 701 807 885
8 121 292 499 674 753 833 877 983
12 29 35 356 379 385 441 691 791 827 857 948 978
8 70 152 189 363 375 523 754 867
7 19 380 391 504 593 727 773
10 52 308 475 624 684 710 724 789 806 877
11 12 21 39 88 130 219 258 700 784 873 973
14 33 79 125 166 236 346 359 434 467 639 753 765 772 799
11 10 41 134 192 302 450 620 831 844 910 942
14 96 124 136 220 296 374 544 604 715 776 875 882 885 960
10 1 487 512 710 822 857 906 919 958 996
12 182 303 333 408 457 598 757 779 824 835 907 959
12 73 77 200 272 329 446 494 527 540 674 684 698
9 24 90 102 223 459 733 735 788 943
12 22 57 308 366 390 409 442 462 498 645 660 801
12 8 166 170 298 367 457 621 738 764 842 893 992
7 24 119 273 277 491 604 776
4 10 490 591 725
11 18 136 150 247 311 555 560 667 764 873 874
12 44 95 161 172 259 321 445 458 580 671 692 894
10 17 20 73 316 334 635 687 715 768 924
4 77 174 202 394
11 72 273 378 507 514 602 630 735 744 874 875
15 2 80 84 355 560 588 599 608 641 642 739 789 849 890 928
9 108 381 431 500 605 636 664 869 907
8 6 31 38 206 366 593 948 952
12 96 235 239 327 371 474 531 548 664 667 697 873
16 29 106 138 188 205 209 294 320 341 454 566 617 764 813 972 997
5 80 487 669 739 740
9 11 188 272 408 448 484 535 826 865
12 63 72 178 223 299 437 610 695 761 875 912 985
12 6 41 308 314 332 675 729 735 815 863 935 943
9 134 183 340 389 455 546 642 670 936
10 41 357 413 451 549 621 644 645 744 827
10 29 47 455 471 574 584 597 768 809 952
12 10 228 507 535 677 704 737 770 771 786 793 973
11 106 109 325 371 431 559 699 713 792 800 870
8 12 35 37 123 187 447 716 766
4 55 783 831 950
10 106 322 477 654 721 819 875 934 945 968
13 23 62 200 283 354 377 381 420 620 667 719 860 867
13 130 148 277 282 291 401 415 504 536 540 574 725 790
8 212 343 391 485 566 768 800 981
9 38 83 127 615 674 850 878 951 954
9 257 287 332 475 557 580 585 601 851
14 62 67 145 174 295 334 458 539 571 698 702 866 885 984
6 126 229 430 534 654 870
9 61 116 180 320 438 448 622 790 998
10 9 91 157 214 277 299 722 807 840 896
8 285 326 616 771 926 944 947 977
4 616 620 671 700
5 42 293 360 738 943
12 72 92 233 272 449 472 503 601 809 904 919 984
8 18 204 371 374 548 636 712 814
8 65 148 238 315 551 602 914 939
8 224 253 387 415 608 737 788 818
11 88 189 214 268 409 476 745 769 820 843 882
6 51 86 380 604 691 776
12 4 44 49 203 423 541 599 600 609 724 753 981
8 34 147 171 374 406 656 755 760
15 2 83 251 391 406 412 518 581 688 760 813 903 931 955 986
9 58 173 195 203 441 657 660 738 850
9 78 211 270 384 433 539 627 877 920
9 49 76 79 186 584 766 862 908 974
5 406 563 657 759 820
14 126 137 326 452 504 542 568 635 652 694 703 750 766 925
11 7 94 240 300 433 507 514 551 740 863 920
8 3 156 290 501 633 691 798 842
8 26 34 56 339 431 583 590 706
13 16 24 118 381 383 478 509 795 855 871 938 939 988
7 386 393 503 625 684 812 890
6 384 711 738 747 905 969
9 67 86 149 190 320 360 503 514 551
7 16 25 496 525 898 928 954
12 66 136 174 239 273 274 317 347 454 706 766 837
12 0 11 67 135 142 158 279 364 556 642 692 965
13 27 32 159 290 300 351 452 482 514 563 601 637 902
11 179 231 237 244 362 458 592 683 690 866 885
4 448 599 608 795
8 47 64 130 140 162 459 624 749
15 27 170 241 244 368 465 554 747 753 768 780 805 886 890 965
8 362 531 538 675 746 754 869 896
13 61 76 130 215 254 334 337 411 451 612 727 774 780
9 177 248 307 332 406 467 489 607 631
14 10 60 159 281 349 386 395 422 509 684 700 738 808 877
9 211 223 421 747 771 836 939 958 965
11 17 127 181 192 259 305 312 335 615 792 812
11 52 171 244 297 376 470 559 587 663 670 807
9 56 117 256 281 567 664 750 784 931
15 143 189 296 351 422 442 525 584 659 724 735 751 758 863 956
11 70 162 258 303 355 365 546 828 835 849 966
10 23 117 347 448 469 486 758 790 846 888
10 13 30 123 374 389 573 607 816 827 830
13 193 273 294 297 332 348 452 472 491 503 873 893 971
18 2 186 243 357 359 385 408 441 631 688 704 778 794 837 896 901 916 932
9 121 188 220 295 301 302 369 389 460
4 663 685 742 984
10 112 203 237 314 439 472 477 692 773 875
8 17 166 174 253 408 590 865 958
7 117 168 299 324 470 668 988
10 225 233 280 294 367 518 574 613 769 864
8 268 430 541 629 675 768 821 833
16 31 40 43 172 224 276 289 358 361 446 495 523 671 774 817 885
8 168 174 338 375 409 549 772 987
17 28 185 234 282 302 387 490 492 542 583 602 715 760 791 885 894 997
10 40 110 164 220 299 329 347 389 411 862
9 109 132 170 301 373 419 566 596 884
9 228 314 334 406 500 592 721 782 909
7 101 121 249 364 399 551 934
11 493 583 590 597 599 637 645 679 746 926 954
8 167 427 474 590 662 925 933 941
13 3 191 240 301 324 332 433 483 537 580 902 913 914
15 51 135 141 174 183 219 334 404 495 501 564 628 683 878 892
15 92 95 103 182 311 493 517 634 681 761 812 838 844 921 991
11 73 193 279 304 392 442 598 601 607 802 930
9 20 276 563 572 723 834 873 939 999
11 160 236 244 289 542 566 575 633 740 868 944
11 5 99 112 224 243 418 778 835 880 933 959
4 155 391 702 923
9 41 96 140 183 503 593 705 726 955
14 13 189 191 252 280 345 350 364 577 595 610 821 889 989
11 11 322 323 478 516 742 832 869 882 907 924
11 50 69 164 182 231 271 461 619 859 862 980
6 47 90 396 562 825 958
11 417 497 507 561 605 652 759 832 918 942 955
10 198 509 553 651 866 877 916 942 949 974
16 10 45 83 86 141 223 298 405 433 464 521 604 624 732 839 912
8 230 314 405 449 621 862 866 964
8 110 160 222 279 437 447 652 748
7 162 239 491 666 682 739 856
13 12 36 198 205 206 234 357 429 515 750 764 884 996
13 79 116 172 191 248 368 391 554 615 621 715 732 745
13 13 22 78 159 271 304 426 479 521 584 850 855 911
7 69 180 386 531 553 565 914
13 31 140 197 199 202 255 542 549 621 660 716 872 922
11 212 332 406 486 518 539 555 749 839 872 920
10 83 123 138 157 360 387 700 710 754 965
10 116 130 202 226 237 462 595 707 782 851
12 79 328 436 493 551 635 669 690 716 863 886 989
9 93 147 197 424 558 715 722 741 932
11 146 168 249 306 497 622 686 690 804 826 927
6 49 207 416 457 480 498
9 144 242 286 470 591 643 769 874 960
11 4 63 143 215 311 356 590 771 777 931 973
14 45 58 228 419 438 521 681 705 722 754 763 894 897 986
9 76 275 488 499 610 819 908 935 945
11 22 346 391 434 436 558 592 609 705 918 991
9 237 251 259 268 326 359 381 614 766
11 7 158 174 413 502 606 814 869 871 935 977
11 154 220 225 243 352 417 526 542 665 807 830
11 153 180 220 308 355 397 488 525 568 672 746
13 122 200 375 411 450 619 644 697 785 820 848 853 893
9 71 264 284 369 422 512 631 754 763
10 52 140 228 271 276 370 775 836 844 908
9 1 79 152 221 382 550 619 628 899
10 80 88 136 376 411 583 697 945 948 955
15 120 132 267 286 306 310 362 404 409 414 467 503 510 679 927
8 23 255 523 608 786 802 832 885
11 83 94 133 264 308 558 581 609 666 737 770
8 305 440 593 641 654 720 755 874
10 109 126 212 329 377 684 761 882 922 933
6 261 446 481 540 579 840
13 11 19 102 199 203 241 473 481 583 638 688 906 989
8 114 336 352 434 471 483 666 931
9 103 107 144 322 327 556 703 881 945
7 428 459 578 595 692 717 974
12 19 84 110 371 447 547 677 688 745 750 798 960
10 63 91 294 474 495 630 730 768 789 802
14 23 106 135 225 287 291 473 510 592 657 668 854 882 941
5 65 197 289 443 751
14 25 49 78 102 107 116 152 287 402 529 559 775 852 871
9 179 489 493 505 622 686 695 785 852
12 224 315 405 419 548 568 702 842 887 913 945 950
8 87 315 360 785 807 842 890 965
9 34 329 330 373 426 573 602 737 742
16 81 175 229 243 318 319 529 544 550 620 630 671 683 770 866 902
13 51 137 154 242 245 264 277 312 345 503 507 580 644
10 90 257 442 503 640 664 886 893 910 993
10 15 117 126 308 385 498 500 603 871 960
10 36 116 123 275 445 578 606 682 749 842
5 565 756 844 931 990
10 108 228 283 293 453 466 490 500 533 783
13 67 98 225 263 286 307 352 376 413 430 698 877 912
13 41 240 271 359 371 507 522 581 686 719 778 927 935
16 31 33 99 253 397 407 475 710 723 745 772 830 842 876 937 962
12 7 60 93 124 206 272 321 433 477 733 886 977
10 76 303 375 404 593 704 725 803 836 922
11 115 124 135 329 342 443 537 574 815 952 982
11 12 90 207 225 264 310 561 627 787 808 891
7 97 118 249 310 427 450 633
5 246 393 552 819 905
10 65 210 254 320 355 657 667 720 846 873
9 239 338 339 375 463 724 741 745 871
9 138 143 173 199 303 319 354 625 833
9 129 134 271 293 356 360 493 549 635
12 138 166 197 273 374 412 529 575 861 901 937 957
11 16 44 155 241 264 548 582 611 737 832 924
7 251 436 566 721 771 838 933
10 25 138 141 205 341 368 411 480 496 864
12 62 65 101 166 282 298 340 507 624 702 836 984
9 57 276 301 309 352 622 647 653 963
12 31 134 202 234 338 385 405 419 421 562 736 954
9 29 134 189 270 398 513 528 611 834
8 4 145 192 217 284 310 701 912
12 239 269 273 281 305 351 565 633 638 750 836 945
10 31 254 414 470 661 752 755 761 796 882
12 195 266 350 418 452 483 487 718 755 796 866 933
13 66 89 307 410 486 499 755 758 781 864 873 909 975
8 46 139 164 384 452 597 709 993
6 228 389 506 858 891 905
5 52 60 234 582 802
10 1 86 147 412 508 629 649 894 909 947
7 582 668 722 866 902 905 941
9 207 248 304 376 532 627 852 967 987
15 246 374 498 551 565 588 612 699 810 826 842 855 931 943 992
9 10 116 226 541 568 597 608 911 993
9 13 99 109 153 154 269 844 952 981
12 158 270 278 391 443 458 498 546 779 798 864 975
7 2 132 239 497 550 741 878
17 17 34 89 130 287 405 443 489 730 758 788 833 838 907 940 967 992
9 59 106 121 176 246 337 338 671 790
13 104 153 172 186 192 299 317 356 483 516 626 674 733
10 141 219 257 288 354 378 577 595 776 819
7 246 308 349 400 414 726 783
17 39 111 148 157 185 213 318 331 371 529 574 606 638 676 752 794 938
14 50 179 252 267 358 377 411 495 838 842 875 909 950 994
6 131 320 353 404 511 889
15 81 126 279 324 466 467 487 538 558 593 680 918 921 940 949
5 305 339 445 667 901
8 56 104 266 527 718 736 968 985
11 3 108 134 205 214 260 307 552 692 712 844
12 30 252 311 609 643 782 838 839 845 868 877 893
10 11 120 251 322 470 600 652 837 914 974
8 81 101 141 151 418 633 735 862
8 58 367 405 454 528 831 844 988
16 30 78 133 196 208 222 248 379 397 433 461 622 699 781 906 975
9 70 115 187 357 476 507 710 793 794
12 84 166 200 359 421 508 700 739 886 894 897 901
5 146 180 273 327 632
10 98 121 153 179 245 453 534 719 934 978
11 81 84 91 120 273 494 742 827 838 890 963
12 180 243 639 642 796 880 881 900 937 956 965 978
11 194 218 224 227 392 517 577 708 718 913 978
5 22 286 546 761 891
8 87 135 217 239 393 400 907 933
8 112 144 193 273 280 385 719 907
7 593 723 804 879 943 952 989
8 64 151 201 236 339 364 783 949
10 124 229 235 268 351 540 651 666 674 826
13 59 102 188 297 480 567 599 658 738 741 915 952 957
7 86 195 209 418 619 840 959
9 138 161 325 362 460 500 620 928 934
7 92 309 457 501 760 794 999
9 48 181 226 271 682 807 813 980 989
11 10 94 308 396 416 451 482 520 605 699 784
12 23 90 151 387 433 458 560 792 805 866 952 973
8 234 333 369 528 855 863 881 953
8 165 502 546 552 700 826 883 906
8 283 316 377 418 490 720 823 858
6 186 510 616 642 670 912
13 156 162 180 192 200 312 331 378 532 721 786 867 974
6 292 471 539 811 872 875
8 210 233 294 517 638 662 796 865
10 160 229 303 372 445 485 622 755 875 889
14 60 105 151 252 377 392 406 435 590 621 779 881 909 977
12 208 220 276 328 411 495 602 634 877 936 938 949
8 66 206 221 441 703 714 825 937
10 126 136 157 187 198 257 295 566 719 805
11 16 33 56 189 287 292 304 857 913 945 946
13 20 26 78 97 199 208 242 244 249 312 389 828 951
9 78 475 571 617 674 760 852 867 931
9 149 183 368 532 603 614 660 705 742
10 106 119 157 204 269 377 430 474 691 829
9 20 45 52 180 321 444 505 579 661
6 221 362 388 473 715 934
14 79 118 132 231 319 330 423 624 680 685 807 815 846 896
5 104 124 249 678 742
7 88 92 208 320 688 816 931
11 45 108 203 295 393 478 534 575 691 783 840
11 44 185 262 512 567 673 708 779 789 816 970
9 156 207 360 402 464 710 873 937 981
6 53 377 658 695 874 922
11 146 160 186 247 297 406 664 714 889 976 992
13 0 48 172 174 223 272 397 423 499 579 821 926 954
7 226 453 459 500 596 709 965
11 106 120 173 456 467 485 493 619 834 904 917
9 71 80 296 371 421 436 656 842 918
7 45 172 335 420 443 487 561
14 5 265 272 336 376 447 475 517 676 764 765 825 844 942
9 55 185 198 325 336 412 465 848 983
10 31 97 104 171 266 392 403 480 656 735
10 49 99 271 282 542 559 619 718 782 886
20 1 13 93 290 380 426 438 539 551 600 645 652 656 660 817 848 857 922 925 968
12 91 97 253 286 511 546 678 690 695 714 717 940
15 19 130 203 387 451 458 503 577 657 664 677 697 774 803 958
13 34 52 103 109 225 304 320 355 932 942 972 987 994
6 70 80 731 746 813 921
11 99 110 115 204 501 541 608 669 711 732 934
14 12 99 108 421 445 492 571 589 590 607 660 755 890 895
12 15 94 190 197 267 368 530 626 646 780 810 868
14 118 136 217 272 299 412 442 607 610 663 809 870 924 951
15 90 163 208 232 329 430 475 530 605 649 670 758 792 941 948
14 144 160 387 425 440 492 678 708 710 712 753 867 950 984
14 87 186 211 234 328 333 398 526 529 631 642 708 954 986
14 9 18 35 154 162 182 227 258 344 384 398 520 597 805
12 204 256 385 624 780 788 811 812 891 923 924 998
11 160 192 193 207 343 422 551 656 697 709 959
11 22 117 147 235 326 459 576 636 661 777 986
7 90 180 264 273 451 822 932
3 615 741 945
9 35 101 111 131 389 650 749 829 863
8 58 176 177 481 587 878 927 992
8 24 262 487 575 628 650 705 818
8 78 225 367 737 776 782 859 875
12 179 228 377 467 546 714 736 747 782 830 843 893
11 4 179 197 279 359 525 576 814 946 963 997
10 31 51 76 195 230 281 299 434 720 859
11 23 189 277 327 357 456 485 562 761 945 946
8 43 125 168 236 763 860 949 951
6 125 360 647 742 824 938
10 103 115 231 412 449 504 539 587 717 762
13 40 255 293 345 442 450 558 597 627 629 657 796 811
11 53 69 151 311 479 619 664 743 791 872 989
8 30 168 242 321 441 708 792 830
8 142 269 307 340 520 530 574 592
14 16 109 164 178 191 305 378 401 526 540 566 675 815 886
9 178 279 619 656 662 812 831 835 950
8 228 264 338 596 803 811 859 987
11 35 48 87 97 115 139 668 702 720 789 848
9 15 260 307 339 369 430 542 641 770
17 0 24 49 86 111 116 380 472 536 580 702 729 765 766 807 871 981
7 90 291 686 706 755 908 965
11 167 292 293 661 672 787 889 926 973 981 994
7 86 224 497 581 636 867 916
9 107 196 205 224 331 371 551 574 916
9 72 196 232 251 333 441 610 639 844
14 36 203 328 378 411 620 637 649 667 698 736 742 775 968
9 3 31 202 464 495 548 750 807 901
8 191 423 510 546 621 904 954 980
11 46 310 380 433 434 439 539 616 689 694 981
6 308 495 521 614 623 945
9 2 124 180 325 374 433 473 585 647
11 11 150 515 521 676 736 792 810 908 928 967
10 78 95 109 502 557 604 846 874 892 958
7 97 409 502 668 738 812 896
6 88 227 381 551 589 637
7 124 210 387 511 701 707 750
11 80 93 208 252 407 432 480 611 685 746 974
13 153 167 186 204 428 431 487 537 627 630 790 811 829
5 230 442 493 704 848
7 44 197 226 572 637 927 962
8 27 94 154 195 299 532 604 850
13 2 6 147 198 225 490 507 626 627 696 848 874 876
12 37 98 134 240 321 363 422 445 521 543 642 854
9 106 229 631 640 695 720 796 860 863
12 11 98 151 187 241 319 414 527 629 651 792 906
15 55 76 140 177 198 284 323 418 537 645 660 891 896 920 928
12 106 367 411 441 512 538 585 654 781 916 925 994
12 81 85 160 255 278 419 653 760 769 776 856 884
8 7 357 592 646 690 786 930 973
8 79 112 124 251 447 460 532 592
9 94 516 521 538 567 591 729 822 965
10 18 29 378 453 463 670 784 797 804 991
12 19 104 238 317 361 390 464 559 573 658 850 958
8 84 135 202 275 303 511 656 911
8 99 156 260 333 597 611 823 934
10 157 569 687 702 805 896 930 941 946 959
13 30 40 57 170 187 228 290 338 376 508 694 902 939
8 267 441 595 648 720 730 777 899
6 110 178 504 722 803 865
13 13 57 63 96 199 218 345 376 509 677 712 802 978
13 7 107 155 190 196 460 588 663 712 725 834 941 982
13 91 159 186 217 292 371 374 409 524 547 566 849 952
11 44 164 229 262 268 276 285 318 543 871 969
10 26 226 264 329 340 366 508 629 800 915
10 6 239 439 612 624 651 674 850 976 980
11 8 61 296 334 343 521 557 569 727 790 860
15 28 44 73 151 349 526 567 586 604 685 733 840 863 894 905
8 158 384 405 457 472 637 863 935
7 1 73 568 586 683 879 925
8 66 75 212 308 382 672 715 828
9 6 98 182 205 249 309 603 963 988
9 74 88 137 423 626 654 735 802 900
12 59 108 140 259 298 306 350 396 409 454 802 972
12 3 278 415 445 485 529 541 544 551 632 804 844
14 36 96 99 109 213 273 314 415 459 593 660 679 723 925
9 18 367 446 477 521 795 797 888 937
13 8 46 64 122 135 150 221 601 663 700 754 813 894
9 1 118 246 268 294 514 592 709 773
7 74 194 248 282 504 879 936
13 25 399 404 440 479 549 668 717 816 835 865 868 999
4 88 481 620 698
8 127 258 387 472 717 738 851 901
11 154 188 239 287 625 628 671 748 803 979 991
8 206 307 308 457 493 569 651 902
8 3 112 394 672 743 767 832 888
7 227 248 634 777 816 890 966
5 45 329 662 750 825
12 174 284 474 476 558 654 692 864 893 899 902 988
4 294 670 830 933
9 116 160 190 230 394 435 619 649 683
13 130 131 176 205 223 238 382 456 681 814 839 881 987
13 63 64 68 87 111 139 268 286 491 544 674 887 909
12 188 351 462 533 656 697 717 798 853 907 946 984
7 15 33 98 102 411 877 952
8 18 60 107 160 348 376 387 967
9 211 434 471 560 594 690 749 841 910
20 86 109 155 159 202 229 269 340 361 408 429 522 601 701 777 874 889 915 942 993
11 64 199 215 293 304 324 446 612 704 872 996
7 37 152 186 560 565 679 696
11 160 209 227 359 462 470 540 551 583 935 991
6 45 59 388 389 592 917
9 145 258 537 620 640 818 855 869 959
12 128 153 451 464 479 506 634 789 942 947 970 979
13 121 210 237 254 262 360 544 652 836 850 856 916 943
13 110 148 176 205 362 441 494 552 604 723 735 754 841
6 44 291 452 507 609 868
7 89 205 241 290 302 438 773
12 88 93 156 310 357 473 574 578 601 622 762 841
14 62 279 287 342 386 475 616 635 674 710 764 902 946 951
5 143 595 631 735 942
1 306
5 136 178 296 484 988
16 114 193 451 460 546 555 601 630 768 778 827 828 844 880 881 959
5 169 352 645 684 878
7 134 411 553 645 901 952 967
13 50 105 186 276 305 333 515 533 650 677 708 733 770
7 28 40 72 352 484 831 838
7 4 351 570 676 859 916 928
15 66 70 115 130 189 239 259 343 345 495 514 532 920 926 976
11 11 150 167 320 343 410 618 707 883 962 989
10 268 404 437 483 680 733 743 782 850 876
6 142 150 201 290 452 957
9 34 132 435 475 599 678 703 719 836
13 51 148 296 421 454 565 677 799 802 807 922 924 985
8 101 343 379 550 574 768 883 974
9 163 306 394 489 617 702 747 893 921
15 6 65 98 270 327 339 361 372 419 612 631 753 798 890 930
10 18 93 118 181 304 325 353 646 975 986
13 173 191 221 223 291 520 655 662 707 781 886 962 971
7 277 445 542 750 758 797 988
14 23 183 232 267 302 357 388 444 467 562 569 611 688 814
11 16 106 165 390 412 581 618 620 683 728 949
11 41 132 170 292 364 452 515 551 733 764 802
12 33 51 82 95 490 491 509 541 548 564 744 777
9 56 131 324 517 559 641 819 851 866
8 12 155 193 325 476 722 805 854
11 37 86 258 298 312 417 427 481 510 805 960
14 69 80 97 210 212 420 436 447 481 529 708 755 861 977
8 185 243 288 366 723 887 981 983
13 31 78 238 387 438 547 548 551 641 730 823 848 890
4 36 38 608 983
6 289 321 405 594 856 863
10 15 19 145 256 382 398 669 774 892 980
13 23 49 81 221 259 298 490 709 716 778 792 809 896
13 17 83 169 288 311 389 483 557 592 777 792 846 932
10 99 255 364 375 427 500 560 692 707 760
8 126 239 463 722 843 886 954 979
11 18 141 407 414 486 503 550 797 820 853 895
6 3 196 366 461 877 947
10 130 284 341 367 417 602 642 765 965 967
13 84 293 472 473 544 597 616 618 620 711 797 840 964
5 185 231 650 901 972
10 11 87 160 231 289 318 445 626 752 821
5 595 612 763 840 842
7 95 498 856 880 911 923 998
11 91 103 146 209 236 414 495 574 592 605 648
12 4 38 167 265 410 533 593 715 768 882 892 972
12 56 97 101 334 382 396 465 674 812 829 991 995
9 166 172 278 345 422 465 512 791 836
11 30 114 171 276 402 508 558 758 819 895 994
17 9 48 188 274 292 305 423 437 743 768 816 859 905 934 960 972 988
11 60 240 402 450 512 531 539 638 776 803 936
8 43 101 189 390 499 664 676 779
10 73 125 282 542 614 666 689 694 899 981
8 136 326 394 417 512 886 917 931
8 145 202 253 294 351 804 861 928
19 165 166 315 395 451 452 536 625 640 656 722 733 772 783 831 849 904 911 913
12 80 258 492 571 642 762 772 837 947 949 974 986
11 115 167 210 225 435 459 517 648 817 848 937
9 33 426 431 577 629 682 745 958 971
15 46 267 289 321 388 602 632 808 840 874 915 944 967 976 997
14 95 139 211 462 501 537 562 609 657 678 693 731 843 946
12 14 32 210 231 291 316 352 565 788 889 890 913
4 149 154 706 982
9 87 175 223 440 512 586 600 685 772
11 21 108 185 262 356 448 458 528 550 763 823
11 20 97 133 406 448 512 572 584 613 648 903
8 108 302 306 482 724 785 926 986
13 113 117 142 175 198 289 353 398 506 612 716 828 935
9 16 244 419 507 727 790 893 935 956
16 106 116 171 229 269 341 344 433 470 645 668 699 842 886 894 926
6 77 202 659 742 851 924
7 128 144 222 337 545 624 683
16 18 145 182 218 221 469 516 551 568 717 768 775 827 880 913 963
12 5 149 211 287 477 522 536 581 661 708 793 944
15 28 111 182 185 255 288 460 568 742 787 788 892 950 987 998
9 71 116 256 301 486 572 642 666 787
15 152 261 347 348 516 593 614 819 835 849 854 945 972 979 996
14 56 74 76 97 123 160 180 181 298 462 579 686 779 909
9 8 45 69 324 373 393 521 580 819
6 175 277 650 679 705 899
10 213 417 493 526 548 696 719 791 854 859
18 26 39 70 128 180 187 203 240 356 420 494 735 771 812 851 857 899 912
9 215 241 371 378 474 578 642 710 799
7 73 88 129 374 448 758 823
8 160 172 263 342 451 788 902 941
9 230 297 350 368 592 715 802 970 986
14 14 156 283 361 473 476 479 489 491 636 644 701 891 989
2 206 697
16 26 70 76 80 392 433 649 650 652 671 745 794 859 915 931 992
8 134 346 430 447 781 839 887 986
11 125 225 365 498 502 705 728 729 780 875 895
11 117 246 266 292 449 483 591 609 709 846 977
5 64 104 139 535 672
5 667 695 708 798 951
7 258 308 328 443 592 708 774
11 130 136 148 344 346 357 365 380 390 504 915
6 187 411 499 548 680 855
8 7 106 161 576 582 631 675 822
8 376 557 610 651 702 743 859 984
15 77 93 154 319 562 575 590 616 687 789 826 952 962 981 996
10 153 307 329 381 506 542 660 796 848 875
6 16 233 359 843 863 906
7 206 238 260 490 695 940 992
13 174 179 199 228 307 388 452 610 662 686 763 812 995
11 303 305 328 611 617 647 655 780 830 891 900
11 30 85 137 476 663 676 783 805 840 852 945
11 217 264 275 355 364 433 619 757 774 884 955
8 185 407 430 471 624 670 812 945
10 50 243 282 730 774 811 887 903 917 988
11 33 39 518 706 754 763 765 769 851 900 970
10 45 334 481 499 621 691 740 863 942 967
13 115 191 352 360 416 486 558 564 565 772 884 940 970
13 85 231 361 365 568 573 691 719 728 742 750 968 996
9 49 66 139 265 296 324 343 476 904
12 16 45 165 252 329 414 626 636 671 800 830 980
10 62 105 219 301 388 448 557 640 890 990
11 69 108 120 138 153 295 333 444 478 526 893
8 357 377 682 734 783 794 928 940
11 13 179 388 406 418 465 622 623 767 779 927
4 497 603 635 792
14 36 94 221 247 261 297 318 342 427 581 613 871 934 967
7 170 376 454 648 835 920 932
11 30 57 176 200 341 448 454 506 522 586 691
9 37 107 138 198 394 664 728 751 989
9 158 179 222 439 462 490 630 652 678
20 58 70 76 112 142 218 296 310 338 349 388 414 447 454 498 606 724 813 990 994
10 194 234 261 419 714 715 747 802 875 879
7 129 137 429 643 735 847 997
6 84 135 577 606 839 941
6 22 139 427 655 767 810
4 79 168 860 862
15 4 48 347 380 459 524 541 610 614 707 867 898 920 952 999
10 143 150 162 231 325 402 474 537 754 771
13 40 91 174 295 367 449 586 672 687 737 885 926 999
9 22 27 259 410 413 460 578 690 860
5 128 192 291 588 805
13 127 205 321 445 486 525 669 694 724 762 901 950 958
4 68 80 119 801
6 116 448 537 600 625 798
11 137 184 208 218 413 438 487 537 754 851 888
13 31 46 110 120 201 271 329 376 585 600 702 844 975
7 92 253 283 365 381 816 820
10 69 154 176 219 383 498 500 538 753 925
7 370 380 398 445 778 967 968
7 432 595 629 797 875 930 967
5 49 274 302 482 783
8 119 354 491 501 770 901 934 985
5 96 178 367 538 984
11 38 45 104 191 228 328 338 422 439 470 912
12 120 199 282 316 525 578 650 696 702 863 868 964
3 311 319 523
11 124 226 246 298 484 554 579 646 728 750 975
10 169 183 422 508 560 575 582 587 672 959
11 165 277 287 503 577 627 640 724 758 822 946
9 23 48 115 180 334 504 674 775 857
12 64 162 187 337 446 499 546 590 605 682 798 842
6 200 214 216 523 578 673
8 72 108 113 159 166 414 636 640
12 38 67 93 136 491 685 707 857 868 908 933 957
7 48 345 361 566 608 701 755
9 381 383 489 548 559 637 652 793 984
9 1 91 315 324 578 670 780 854 919
6 27 218 375 561 695 744
7 302 349 652 726 829 834 948
13 72 102 113 114 147 268 302 525 581 627 635 699 781
6 21 146 365 517 685 746
19 81 111 150 172 328 363 364 392 415 459 470 511 520 716 766 776 846 891 996
14 8 29 123 163 190 231 250 389 471 502 620 772 869 942
2 410 456
11 124 141 169 226 372 424 468 570 729 798 935
5 110 288 331 618 782
13 38 113 212 219 308 325 369 465 608 703 741 877 948
6 15 118 670 842 871 935
9 27 62 82 113 253 437 706 807 859
14 1 62 236 296 489 564 566 664 691 753 802 858 940 983
13 48 56 80 118 391 411 422 427 659 718 941 958 989
15 2 26 58 108 178 269 464 485 605 734 742 744 834 876 953
6 182 275 385 545 751 906
9 13 20 61 130 347 355 381 419 745
9 28 128 258 305 470 581 602 680 782
7 152 183 228 551 554 726 867
9 87 96 118 302 304 627 681 938 955
13 27 59 82 161 219 301 455 585 597 774 784 816 943
10 62 150 162 235 420 486 517 659 670 811
12 34 124 149 304 339 524 529 557 750 810 835 853
12 200 206 351 369 445 530 619 726 736 753 829 832
13 86 218 379 412 441 468 493 630 686 808 830 972 999
6 104 491 546 787 868 917
7 151 275 344 478 502 557 982
8 47 90 135 313 715 772 854 919
15 53 54 263 343 423 465 525 629 653 660 704 835 883 905 943
6 31 274 440 530 814 896
6 434 446 465 596 765 974
15 126 155 158 254 289 295 326 330 404 532 611 644 853 981 995
14 12 44 54 179 255 340 395 416 446 465 593 624 743 870
12 19 37 131 135 138 268 342 536 653 654 673 886
17 1 51 144 175 204 239 267 422 544 710 720 770 848 891 904 914 951
3 344 544 657
15 9 83 130 203 279 309 379 497 533 620 669 701 706 880 946
8 74 197 397 481 564 676 719 740
11 3 225 303 356 386 467 540 654 812 893 986
13 66 192 217 325 352 356 579 590 607 776 789 848 952
7 116 158 316 397 709 776 872
13 105 215 325 359 378 484 570 616 667 870 920 954 967
8 26 171 179 352 427 550 612 788
16 87 98 156 307 358 424 441 523 712 719 732 756 775 900 922 987
8 242 388 485 786 818 850 896 938
8 71 120 193 208 237 820 922 993
8 1 117 269 400 417 848 877 925
9 24 69 142 198 423 545 590 660 775
11 28 57 311 337 512 540 583 679 708 720 879
11 80 113 340 349 354 382 586 704 831 844 963
11 166 208 228 266 476 747 792 864 901 975 982
5 11 245 339 901 922
8 181 358 416 481 541 579 583 765
6 27 163 333 449 454 787
13 27 36 79 245 263 307 357 464 482 501 508 749 771
8 146 235 553 673 717 755 959 994
6 37 155 180 512 619 927
11 18 37 113 296 360 428 429 495 678 726 902
5 303 363 442 577 862
7 204 323 345 530 727 891 952
7 372 470 483 491 547 678 958
9 215 305 340 404 514 693 717 722 954
9 314 316 430 466 505 514 575 806 894
10 129 252 359 379 398 524 800 899 907 985
12 69 128 132 236 296 418 514 550 586 589 695 919
9 204 362 616 621 664 680 717 766 834
16 43 50 163 361 386 402 621 626 663 737 742 747 861 864 922 992
10 443 530 555 730 792 835 851 888 909 997
14 63 290 294 296 310 330 368 407 481 676 686 694 742 993
13 65 68 172 195 298 325 486 623 663 842 848 878 889
10 253 285 367 675 706 743 762 793 807 809
10 93 496 601 609 684 740 920 954 967 996
14 18 65 138 275 296 302 360 389 526 616 635 782 964 979
12 209 277 311 336 499 728 738 794 812 860 861 929
11 114 266 330 401 443 529 699 771 772 812 848
11 91 100 304 375 391 531 654 657 796 832 979
12 28 30 92 181 286 298 326 477 549 600 653 912
6 153 775 831 935 938 989
9 133 162 167 252 478 501 698 880 964
9 22 30 44 195 232 340 519 629 700
7 103 172 216 332 348 394 495
11 32 142 301 457 562 624 705 741 799 911 920
16 0 36 91 263 305 366 403 533 587 598 609 748 749 844 919 949
10 23 54 106 179 224 397 514 540 740 952
10 154 336 384 399 518 559 578 853 941 954
5 283 582 621 643 907
14 5 16 47 225 252 274 379 406 423 472 580 774 871 979
10 35 85 105 329 523 658 868 903 959 977
9 228 292 346 432 477 531 625 656 726
12 39 170 298 374 430 438 711 848 850 867 875 934
10 280 297 306 437 486 550 645 648 922 957
8 113 160 389 413 505 636 792 977
8 231 279 435 522 605 653 697 965
6 117 148 405 607 902 979
7 133 183 257 484 543 581 886
9 81 116 179 383 404 446 497 778 910
9 9 16 74 88 164 428 659 919 998
10 100 279 351 381 489 584 591 699 790 793
11 144 175 187 335 503 529 612 656 691 759 794
4 24 370 525 559
9 64 98 166 170 281 445 722 948 983
5 343 478 779 783 820
10 81 142 144 297 363 410 560 787 907 997
12 6 61 71 276 282 536 538 548 600 686 748 946
7 23 79 101 169 234 402 460
8 486 649 765 856 857 922 974 995
11 69 343 371 478 562 656 735 748 788 833 985
10 34 175 285 297 358 519 528 588 652 722
5 356 413 506 575 719
12 30 155 159 298 310 407 513 680 741 834 865 986
8 16 49 186 340 395 666 826 848
12 40 218 239 258 495 590 662 685 741 837 944 974
9 10 54 88 140 241 261 391 667 757
10 4 207 350 411 512 585 624 748 818 904
11 49 122 176 203 332 334 370 440 524 566 575
7 69 168 270 437 597 709 782
9 39 98 190 353 412 616 637 776 929
8 123 148 150 275 316 505 516 669
9 72 78 335 488 535 599 624 658 746
9 141 350 434 443 460 557 584 739 807
13 3 246 283 306 307 327 430 452 499 519 520 636 950
12 212 288 310 392 458 517 628 703 812 893 905 916
15 9 14 140 188 240 284 306 423 508 622 725 859 930 952 959
6 75 301 465 677 967 981
9 57 234 306 374 375 631 860 903 916
2 40 856
7 270 286 297 318 552 728 782
13 13 24 108 135 143 278 384 471 511 552 615 865 987
8 41 138 142 458 493 592 830 980
14 169 297 324 394 396 407 498 643 649 653 821 948 957 978
9 210 233 246 295 601 828 854 875 926
12 44 187 243 249 271 437 506 538 625 631 696 828
12 163 195 262 320 332 358 372 622 636 724 837 905
4 43 111 201 264
11 52 143 148 216 373 450 461 481 649 688 695
8 119 188 250 389 419 453 843 860
12 9 62 93 196 492 551 562 579 720 811 922 998
10 21 45 190 375 710 802 893 903 925 948
12 123 227 589 606 611 645 676 760 770 844 882 950
8 8 86 380 494 647 731 907 999
8 446 516 538 549 577 661 714 986
10 35 334 365 516 595 733 820 830 873 960
7 171 223 372 454 534 655 814
6 300 486 727 787 958 961
7 130 135 301 631 741 824 883
10 17 189 225 381 430 435 447 481 729 800
2 543 602
14 17 26 35 93 237 294 386 419 424 507 553 694 898 901
8 205 233 318 340 346 611 836 914
11 39 59 162 178 200 317 559 654 844 864 969
9 19 55 65 75 88 253 348 396 661
10 27 32 133 241 707 765 774 785 823 892
7 32 70 120 536 625 659 671
10 143 196 222 253 313 597 669 697 699 732
18 100 125 178 244 275 280 323 340 496 500 538 602 654 656 777 824 839 899
8 326 399 435 475 524 620 658 886
8 26 37 448 588 602 803 916 917
11 60 135 170 188 196 484 514 604 883 955 963
9 85 113 154 300 351 591 706 972 981
10 75 84 89 318 440 552 638 654 842 961
10 132 397 670 691 694 701 768 881 889 899
8 83 139 183 314 410 642 670 751
15 69 92 134 170 208 341 350 401 444 538 577 610 774 869 939
6 93 173 549 603 749 871
7 209 228 467 849 893 958 992
11 5 11 62 84 306 441 568 600 611 767 974
12 7 85 140 148 156 391 419 535 558 565 904 930
14 63 163 209 210 211 267 302 335 452 585 643 857 872 873
6 184 631 771 873 919 933
4 15 532 700 918
10 93 95 211 223 305 444 474 509 579 990
4 68 128 686 801
10 63 64 108 256 274 362 460 726 903 908
8 34 117 164 209 247 321 803 973
6 324 422 482 562 658 892
7 148 156 322 468 490 529 535
8 19 22 31 134 292 423 447 924
10 11 292 334 464 535 618 640 693 739 999
10 41 67 69 78 151 334 592 653 900 912
8 399 544 555 753 808 816 966 972
14 24 38 46 84 105 171 427 439 471 475 498 748 909 942
6 60 104 146 362 535 799
8 39 162 179 333 430 572 622 726
11 39 53 89 147 201 507 558 642 662 756 903
11 11 107 188 481 482 489 537 593 615 662 861
5 8 101 392 421 943
15 86 106 298 457 520 532 534 608 674 739 750 812 965 984 996
14 157 174 340 498 580 631 635 665 808 812 816 933 939 997
17 13 20 61 226 317 362 476 592 627 628 704 844 890 958 968 972 984
11 147 311 372 400 411 448 459 742 829 878 995
7 98 121 187 427 458 569 683
8 15 221 268 283 477 503 544 689
8 84 86 303 309 516 530 587 857
6 211 239 361 443 515 590
16 0 111 141 235 295 317 318 435 596 605 660 703 714 848 856 908
13 42 185 227 251 282 481 531 543 571 689 840 958 989
6 10 92 258 366 608 865
6 155 175 177 492 739 918
9 39 161 264 363 632 931 943 956 971
9 192 336 500 501 613 641 690 731 961
13 17 59 223 309 487 500 510 630 694 808 893 918 931
10 9 27 171 283 332 417 525 627 866 890
9 45 51 95 224 352 380 494 685 961
6 6 108 326 473 506 996
13 40 90 259 305 327 346 359 458 459 545 638 655 679
10 39 240 499 586 658 685 806 814 822 907
9 98 228 240 256 514 543 661 686 849
3 73 82 390
9 209 210 245 266 325 358 526 663 978
7 366 390 444 462 465 570 912
11 71 170 221 407 441 519 564 581 595 860 868
6 11 438 508 669 769 846
8 40 46 378 540 651 733 803 933
9 18 563 759 826 856 935 960 979 983
17 118 161 171 214 374 386 387 438 447 511 552 600 725 856 857 878 953
12 190 298 331 373 397 476 744 761 800 805 820 987
7 144 250 366 388 480 915 973
11 84 259 271 308 370 450 451 531 561 803 958
4 9 650 793 954
15 4 52 91 153 177 257 279 334 341 438 599 658 707 923 990
8 88 192 485 612 767 775 788 968
7 38 56 304 458 658 927 990
7 218 303 346 555 610 833 892
9 265 309 325 331 352 534 609 724 864
18 74 90 117 309 330 348 472 507 529 533 626 661 662 709 774 775 829 970
7 31 64 257 300 391 551 937
11 57 152 319 405 445 617 730 793 897 899 976
4 35 191 279 329
10 96 281 283 394 400 475 567 608 767 775
4 106 296 483 852
6 59 316 416 632 701 841
10 43 149 194 226 449 474 502 504 903 924
11 60 68 155 462 567 633 689 729 803 847 905
9 105 124 287 467 717 868 891 920 976
7 14 312 365 523 579 793 858
8 262 369 454 490 509 739 850 894
5 15 323 732 742 969
5 127 270 292 401 862
9 33 144 218 252 261 525 698 801 830
8 6 37 96 244 427 498 834 898
8 94 273 384 427 493 718 719 838
10 276 314 352 472 589 611 777 812 874 952
12 96 153 188 318 327 403 530 540 612 716 729 826
9 12 42 238 330 431 481 637 665 882
8 125 128 161 200 399 611 663 945
7 5 105 197 223 694 810 972
11 119 206 289 375 589 602 653 697 827 932 951
12 15 94 121 330 394 502 547 610 616 655 882 916
11 89 157 190 203 208 418 437 473 736 838 929
6 78 98 236 482 699 720
9 117 201 223 229 235 244 431 828 836
8 130 139 235 405 515 554 742 964
12 52 165 254 282 381 465 468 485 531 783 906 989
6 410 419 422 818 942 979
15 19 71 176 177 183 188 218 229 290 468 495 581 598 657 747
7 60 318 461 486 527 723 853
18 12 117 157 184 220 234 238 292 339 388 427 566 637 670 726 737 776 970
2 235 991
8 95 195 279 347 459 517 592 799
3 553 820 848
20 1 155 293 296 332 353 356 454 483 526 622 627 634 657 662 677 698 782 847 946
10 27 94 376 481 502 752 794 874 947 963
12 47 65 136 355 367 379 418 435 632 677 823 925
10 48 141 396 449 496 507 535 565 655 884
6 174 175 217 274 531 817
7 155 407 462 610 619 672 843
12 172 357 450 502 506 587 615 718 898 901 922 964
6 73 136 218 260 416 522
11 133 362 418 456 469 693 713 782 801 802 938
14 6 14 272 296 507 580 584 693 755 780 802 930 952 999
4 213 262 600 822
14 126 317 320 331 432 475 506 514 524 599 710 888 922 998
10 44 322 358 380 556 560 661 712 723 798
7 199 452 480 654 661 772 994
8 67 109 126 131 237 556 646 825
14 35 70 93 142 260 314 358 381 382 456 527 536 575 885
12 104 202 211 221 402 638 654 737 811 879 923 959
10 33 102 266 373 394 697 715 784 870 911
12 49 81 129 131 179 210 216 259 449 789 881 930
13 7 44 264 274 306 337 557 606 677 914 934 980 993
11 120 235 303 394 420 575 584 613 675 798 821
9 28 85 125 152 416 593 750 878 959
6 40 50 304 620 629 865
12 73 152 174 182 196 334 377 546 598 674 751 962
8 138 139 265 326 412 628 755 921
12 10 22 30 97 119 195 211 284 729 755 756 924
13 22 26 146 163 285 347 356 411 485 829 849 901 920
17 13 26 34 43 101 229 265 267 317 516 526 552 570 677 718 937 968
5 188 356 435 602 955
13 5 9 66 88 129 186 235 269 408 463 597 634 934
11 47 116 222 315 428 657 777 802 869 954 987
6 250 383 393 552 636 864
12 3 121 245 427 469 498 624 666 922 949 980 999
10 168 245 260 268 405 427 748 866 960 968
10 13 60 125 164 172 209 471 726 831 835
6 261 434 439 616 732 745
7 110 134 362 532 537 851 989
10 4 13 49 81 106 108 161 559 863 906
14 84 142 181 189 241 295 329 443 461 479 495 621 682 743
8 176 406 453 515 534 891 900 914
8 95 390 399 565 655 859 909 952
10 124 230 267 286 336 411 487 657 748 985
15 27 74 84 177 244 302 400 441 454 487 541 776 789 983 986
13 192 213 247 309 360 512 530 592 622 647 821 887 923
8 116 347 457 471 500 739 762 810
15 19 97 155 181 235 318 402 440 494 542 626 709 725 752 788
11 23 108 148 215 241 381 391 495 650 823 896
4 302 462 474 516
12 52 85 98 279 348 360 370 458 617 632 894 906
7 3 148 241 814 920 948 976
5 77 557 735 827 854
11 158 372 402 478 505 507 651 742 748 814 937
9 245 386 530 535 631 766 887 926 987
15 98 199 232 241 341 396 429 466 562 572 638 639 735 854 874
11 80 115 179 216 371 398 402 423 510 645 681
10 64 491 534 675 712 725 760 771 819 967
10 56 289 342 481 539 622 701 754 926 976
11 75 194 213 216 381 475 616 709 720 820 993
11 14 166 239 261 359 527 603 840 885 896 992
12 15 28 125 223 248 249 407 651 673 690 727 793
8 67 149 157 335 346 584 760 782
11 111 211 215 229 268 406 503 655 768 888 934
4 12 181 410 683
9 136 219 368 469 481 669 865 916 919
10 34 130 186 207 263 507 574 664 766 797
7 115 176 246 272 481 487 498
10 58 115 137 236 622 736 867 887 958 983
8 253 378 411 485 514 521 804 918
12 98 129 337 338 361 418 432 709 712 744 835 911
6 289 415 479 534 613 744
8 128 150 231 290 757 785 788 915
9 14 56 587 615 652 670 684 756 911
13 66 70 139 360 433 547 557 629 659 669 821 874 897
6 117 231 300 440 872 994
19 138 164 190 285 296 438 631 633 639 654 678 693 724 854 859 880 940 964 982
8 1 122 309 469 807 864 891 950
10 24 125 200 304 309 438 496 764 819 873
11 69 114 296 361 383 389 568 634 725 850 981
14 53 113 287 336 433 492 495 559 718 900 904 946 949 960
9 144 160 187 315 354 544 644 809 957
10 27 77 255 346 360 432 480 543 979 987
4 661 704 836 933
9 118 363 370 441 570 710 754 857 866
13 64 92 147 167 184 218 274 281 479 514 786 788 974
7 98 143 299 312 459 547 834
14 114 121 164 201 210 248 403 584 756 775 800 929 960 992
14 43 112 243 255 278 301 369 475 546 572 677 867 877 909
13 35 149 152 187 382 414 493 494 595 598 665 801 947
6 36 269 393 476 939 979
10 188 199 245 270 284 390 483 813 875 899
9 73 228 269 323 607 632 665 856 983
8 58 73 89 119 371 750 775 936
8 223 231 297 528 537 543 600 922
11 114 172 216 305 370 375 510 554 601 672 980
12 12 128 129 292 299 411 417 424 536 593 768 841
10 17 35 55 218 250 418 608 616 773 786
5 53 120 485 499 699
14 43 149 159 168 176 208 272 313 321 344 502 531 533 832
13 272 319 321 370 407 423 486 579 624 691 848 926 947
9 53 215 417 463 482 849 935 946 963
10 6 29 159 305 589 597 688 717 725 897
10 129 231 251 269 322 446 482 670 880 926
11 42 176 229 306 330 500 562 708 726 923 996
9 47 273 304 322 423 519 622 834 956
20 2 29 38 191 220 250 253 259 376 408 429 525 557 627 647 671 710 829 857 888
4 260 602 802 970
14 47 77 113 205 287 307 342 461 629 649 659 672 806 878
8 64 123 128 159 532 607 745 876
6 93 245 494 786 951 980
8 199 253 436 584 678 717 927 989
18 3 14 89 102 127 298 347 367 484 562 601 648 731 752 776 783 805 914
14 15 121 254 310 370 416 427 578 643 675 710 864 869 975
11 13 146 170 182 451 475 729 801 881 926 933
4 731 747 787 790
6 188 354 434 443 525 871
9 204 244 319 385 498 637 745 849 947
8 131 465 575 660 666 839 854 922
12 79 84 89 140 177 245 288 335 365 464 680 774
4 94 400 767 973
16 217 223 346 409 429 464 485 536 546 569 570 629 659 711 903 988
11 43 233 296 340 538 569 776 808 875 881 981
4 75 377 737 824
8 283 417 511 535 537 812 844 953
4 97 443 484 786
12 31 299 387 466 471 475 502 612 746 767 776 833
9 10 39 147 259 336 363 761 804 966
13 67 129 169 236 264 351 439 482 618 693 699 753 931
8 211 221 239 442 566 577 638 959
8 286 379 433 485 814 821 897 904
8 53 152 189 268 452 517 675 679
7 6 243 245 246 374 717 796
13 397 417 461 502 660 663 674 681 801 841 928 936 995
12 126 257 342 379 457 540 716 867 880 941 956 986
15 46 62 220 284 334 336 343 453 478 525 619 711 746 925 968
6 191 375 488 614 638 922
10 5 293 453 455 600 688 801 890 914 938
11 49 56 100 203 306 407 524 573 586 774 776
7 34 233 438 572 651 694 889
14 64 148 307 311 442 482 492 511 515 626 697 728 890 980
12 107 217 299 331 405 500 631 715 803 878 900 928
10 73 103 238 385 402 426 444 475 534 967
16 124 142 166 250 257 326 434 512 549 601 665 783 840 884 957 999
6 184 541 551 758 807 809
7 117 150 366 397 414 472 845
11 19 218 223 286 315 514 528 654 752 906 933
8 181 212 219 411 633 656 867 905
9 229 299 336 361 474 551 643 861 921
6 472 529 619 693 777 979
11 14 134 412 502 525 538 592 659 774 791 950
8 31 108 319 485 553 655 690 775
7 51 309 469 500 684 724 859
11 119 256 394 557 559 612 727 765 857 880 989
