200
8 4 16 34 36 69 71 93 121
5 24 33 115 152 171
6 19 46 79 91 135 196
2 24 168
6 0 29 34 51 166 198
3 106 108 79
7 11 93 114 120 121 148 171
5 19 76 78 103 154
5 16 19 53 73 92
2 169 193
1 41
2 6 36
6 20 47 76 131 137 165
2 44 173
2 36 161
3 16 40 69
8 0 8 15 37 155 156 163 164
5 41 42 104 127 185
2 59 95
5 2 7 8 35 141
3 12 124 172
3 25 63 65
2 48 131
2 144 168
5 1 3 27 170 185
4 21 42 69 133
2 156 183
3 111 24 148
3 124 185 188
5 4 78 79 91 101
3 144 165 166
3 136 145 191
2 43 65
4 1 148 167 194
5 0 4 79 91 175
6 111 114 19 36 44 65
9 0 111 11 14 125 129 35 62 99
6 16 140 39 41 46 191
2 139 195
4 37 154 184 185
4 120 15 47 78
8 109 10 17 37 64 98 187 190
4 17 25 149 197
4 32 51 95 102
5 13 35 96 159 177
4 113 51 87 94
5 2 134 135 37 156
5 12 143 40 77 99
3 22 145 156
4 53 65 78 157
5 144 155 95 174 197
5 4 43 45 168 191
5 152 61 81 87 199
4 8 128 49 56
2 110 119
4 113 122 149 100
3 114 53 86
5 58 64 80 162 176
2 57 197
5 118 18 102 181 195
5 123 138 91 179 188
6 52 73 79 81 89 184
4 36 163 70 179
3 21 177 179
5 112 126 41 57 82
6 21 32 35 147 49 198
3 122 126 181
2 146 197
3 151 154 104
5 0 15 25 139 155
3 122 62 87
4 0 109 156 103
1 139
4 8 142 61 84
3 162 183 191
2 121 125
4 7 12 88 98
3 130 47 102
5 7 29 40 152 49
5 2 5 29 34 61
3 57 85 194
6 127 135 52 61 99 100
3 112 134 64
4 119 138 146 185
4 112 146 73 199
4 109 122 130 80
5 144 154 56 162 198
6 135 143 147 45 52 70
2 138 76
1 61
1 150
6 2 111 29 34 60 169
4 106 8 121 172
3 0 110 6
2 45 95
6 117 18 43 50 187 94
3 121 44 177
2 120 169
3 137 41 76
3 36 47 81
3 151 55 81
1 29
6 110 43 59 169 177 77
5 110 7 160 71 189
4 119 17 154 68
3 113 175 182
4 5 92 186 196
2 162 195
3 5 179 186
6 41 71 85 142 146 159
6 54 93 102 103 157 168
5 27 35 36 91 165
4 64 82 84 196
5 105 45 55 162 166
5 6 35 56 151 193
1 1
2 127 163
3 95 123 166
3 59 129 197
5 54 83 104 188 191
3 6 40 97
7 0 6 75 92 96 177 189
8 55 66 70 85 131 149 156 165
4 117 60 169 183
4 20 28 146 166
3 36 75 164
4 64 66 168 186
4 116 17 81 198
1 53
3 118 36 191
3 77 85 150
4 12 122 22 158
1 148
1 25
2 46 82
4 2 46 81 87
3 31 161 197
3 12 98 157
5 60 83 88 147 153
3 38 69 72
3 37 142 186
1 19
7 109 140 73 153 175 179 193
3 47 87 158
4 23 30 50 86
2 31 48
6 109 124 67 83 84 197
3 138 65 87
4 6 132 27 33
4 122 42 55 178
3 130 90 159
5 114 68 100 154 191
4 1 52 78 187
4 138 142 163 180
6 7 39 151 68 86 104
3 16 50 69
6 16 122 26 46 48 71
5 110 137 49 180 194
2 131 143
3 109 150 44
3 103 162 196
2 14 136
7 107 113 160 57 74 86 188
6 116 16 153 62 174 178
2 16 125
5 111 12 122 30 171
6 4 113 117 124 30 185
1 33
6 3 110 126 23 51 195
5 9 123 91 97 102
2 24 196
4 1 6 165 188
2 20 92
2 13 176
2 50 163
3 105 34 142
2 57 173
6 121 44 63 96 102 192
2 149 163
5 108 142 60 62 63
2 153 157
2 59 66
2 105 190
3 123 26 74
2 39 61
6 17 24 28 39 166 83
4 106 108 126 140
3 41 152 95
5 119 28 162 60 171
3 121 103 190
3 41 182 189
7 119 129 31 37 151 51 74
1 177
3 114 9 142
4 33 157 80 196
4 107 38 59 168
6 106 2 112 160 170 194
7 118 136 146 42 50 58 67
4 4 127 65 86
2 52 84
