100
3 8 13 25
2 45 47
2 47 84
3 24 27 80
5 27 34 47 66 98
2 53 77
2 30 39
2 29 36
2 0 93
7 50 61 66 68 76 77 84
3 21 31 81
1 29
4 25 36 69 89
4 49 0 85 96
3 35 39 48
1 18
1 29
5 60 73 35 37 43
3 67 15 76
2 24 79
2 61 47
2 62 10
4 71 73 41 48
1 55
3 3 19 82
4 0 12 72 47
1 50
6 51 3 4 67 80 83
2 79 32
4 7 11 16 81
2 6 81
4 63 10 77 97
3 28 45 91
1 35
5 4 73 86 37 94
5 57 14 17 33 37
3 7 12 99
4 60 17 34 35
2 60 97
2 6 14
1 42
3 68 22 92
2 61 40
2 17 83
2 53 56
3 1 80 32
1 76
5 1 2 4 20 25
4 52 14 22 87
1 13
2 9 26
3 27 55 60
2 48 65
2 5 44
1 88
2 51 23
1 44
2 35 99
1 89
2 88 97
6 51 17 37 38 64 88
3 9 20 42
4 21 79 91 95
1 31
1 60
2 52 74
3 4 9 71
2 18 27
2 9 41
1 12
1 85
2 66 22
2 25 74
3 17 22 34
2 65 72
2 89 94
4 9 18 46 92
3 5 9 31
1 88
4 62 19 28 83
3 3 27 45
3 10 29 30
1 24
4 79 27 43 90
3 2 9 93
2 70 13
1 34
1 48
4 54 59 60 78
3 58 12 75
1 83
3 62 32 97
2 76 41
2 8 84
2 75 34
1 62
1 13
4 59 31 38 91
1 4
2 57 36
