1000
11 97 133 139 328 354 376 488 745 776 839 948
12 24 34 109 319 329 446 450 504 628 824 846 951
11 32 116 230 295 296 466 472 683 693 816 992
14 149 236 308 314 319 411 560 622 805 806 857 858 897 995
7 64 261 341 392 508 714 749
12 37 56 63 164 382 408 657 660 683 879 931 944
13 9 24 197 319 332 420 433 478 542 591 608 639 799
7 124 334 335 497 571 595 759
10 151 249 307 356 370 384 391 466 650 672
10 6 84 167 186 259 275 451 596 650 997
8 47 143 306 448 790 956 977 992
10 173 239 309 379 384 656 805 840 898 944
11 30 74 207 211 442 688 758 780 814 875 878
8 457 492 502 596 603 622 690 881
15 35 45 118 231 321 612 653 661 758 789 831 840 946 963 996
8 80 218 244 376 547 635 734 966
10 413 476 487 539 547 678 696 709 727 991
11 51 54 56 127 167 183 275 293 657 748 845
9 59 163 172 411 565 627 685 893 992
11 46 79 86 278 360 389 479 542 610 672 708
13 51 83 109 151 235 342 463 576 620 622 709 717 891
10 50 69 122 248 406 494 630 692 777 808
10 54 99 174 368 606 692 770 779 929 948
11 31 183 244 315 394 561 871 880 933 961 978
18 1 6 113 253 314 321 349 378 410 455 623 655 683 718 753 954 967 989
12 75 344 353 366 506 557 565 651 837 908 917 932
6 126 198 214 227 444 453
4 305 568 876 969
8 125 256 355 554 575 741 744 758
9 131 197 201 336 431 503 525 613 851
11 12 83 100 378 539 565 788 831 841 852 970
14 23 40 207 224 265 276 375 422 555 715 734 854 930 993
13 2 45 142 367 440 484 557 646 697 724 800 832 987
11 320 505 560 570 588 614 744 759 780 816 936
11 1 168 178 498 580 581 665 666 751 783 979
8 14 55 306 317 462 628 677 853
15 88 119 142 146 183 224 277 301 384 627 629 633 659 857 963
10 5 56 101 135 160 387 575 625 669 738
5 231 394 511 544 827
13 163 280 339 363 379 449 467 538 634 638 859 895 964
14 31 271 336 402 440 452 510 523 546 559 606 610 804 832
6 74 250 295 480 701 934
15 111 260 262 330 344 345 413 416 420 534 536 600 682 718 800
4 53 62 97 733
10 170 297 427 466 603 621 627 956 967 973
10 14 32 77 135 436 447 452 534 837 956
9 19 108 199 308 583 668 873 920 973
8 10 189 283 292 619 840 922 957
8 91 422 454 457 634 652 802 852
6 88 390 523 778 868 880
11 21 83 124 257 368 414 427 620 637 694 736
14 17 20 120 159 186 187 208 378 540 582 598 615 848 982
7 113 149 162 203 217 836 874
7 43 83 386 749 751 770 919
11 17 22 215 317 392 462 528 580 777 867 894
5 35 276 443 465 659
8 5 17 37 157 297 482 838 889
9 116 280 293 374 528 600 756 830 837
8 135 233 416 470 479 485 677 923
11 18 80 272 411 417 567 723 842 870 907 969
6 155 340 367 434 530 690
13 214 284 318 345 373 529 605 668 688 693 732 838 955
12 43 119 211 270 425 561 712 755 781 865 887 915
12 5 166 293 442 495 527 608 678 734 780 957 981
11 4 84 122 290 347 512 666 695 944 972 992
6 144 233 520 698 772 801
4 470 625 720 881
13 76 119 135 162 208 257 347 479 538 539 638 721 826
9 270 348 396 518 531 687 716 885 999
8 21 102 300 569 733 834 854 925
9 103 118 235 531 732 876 917 958 984
10 82 292 293 359 435 578 608 730 781 948
15 80 230 240 254 321 569 599 655 685 754 756 900 932 942 960
5 316 443 574 825 969
9 12 41 119 282 361 530 604 670 721
12 25 180 186 231 239 285 326 437 488 534 691 879
12 67 113 123 150 152 190 219 292 390 393 674 783
15 45 243 280 307 310 342 385 409 468 678 687 881 947 966 980
7 228 316 324 385 477 956 976
10 19 80 102 165 202 361 536 609 648 876
14 15 59 72 79 164 348 403 517 532 799 819 866 943 955
13 89 216 398 418 438 451 513 541 627 730 819 890 972
13 71 90 94 312 355 431 551 557 581 606 611 669 918
16 20 30 50 53 118 127 184 188 228 311 453 472 520 563 811 939
7 9 64 136 589 833 927 940
12 158 202 209 308 399 439 487 597 659 671 696 852
9 19 135 183 255 448 546 764 795 864
11 226 298 346 510 542 595 612 614 713 777 834
10 36 49 115 152 617 752 812 928 934 942
11 81 116 360 388 413 479 640 674 684 747 785
10 82 108 109 150 190 424 458 525 630 857
8 48 125 137 426 522 645 958 998
8 261 328 332 349 386 419 787 866
7 169 368 448 488 531 858 951
6 82 206 285 517 667 847
9 201 204 255 361 428 468 478 481 926
9 111 356 384 509 560 828 851 927 938
12 0 43 131 140 259 292 376 390 519 588 619 631
10 176 321 323 525 552 657 717 765 784 868
11 22 123 144 243 303 321 464 604 731 876 995
5 30 163 207 582 903
12 37 115 150 243 319 396 405 417 815 820 853 995
16 69 79 201 208 212 224 247 394 395 459 495 603 681 709 816 888
5 70 112 446 551 556
12 121 220 358 613 629 630 650 668 788 798 984 999
12 139 174 275 338 417 541 549 708 711 911 917 920
12 150 160 216 256 376 395 404 427 486 696 745 802
5 341 432 690 781 958
9 46 90 210 215 513 659 663 843 998
13 1 20 90 152 223 308 369 455 473 497 728 756 978
9 181 186 220 299 512 601 720 798 868
7 42 96 194 234 477 723 824
9 103 152 486 565 599 676 816 851 900
11 24 52 76 237 313 446 473 535 791 840 998
17 143 199 349 401 444 469 481 565 567 625 709 871 872 903 904 932 943
10 88 101 287 603 686 717 718 898 960 985
13 2 57 89 404 456 607 609 625 658 717 733 743 854
9 192 206 229 286 442 582 694 766 775
10 14 70 83 203 292 359 575 592 613 738
9 36 62 67 74 258 278 437 541 625
8 51 221 384 512 700 706 770 796
5 104 727 833 934 981
13 21 64 153 377 420 568 626 643 644 764 845 969 997
11 76 99 321 390 437 495 502 583 779 921 982
17 7 50 216 222 223 242 309 319 446 521 565 581 631 666 718 741 776
10 28 91 214 322 337 383 409 672 884 973
13 26 383 384 605 612 662 669 678 699 730 790 811 910
11 17 83 243 364 447 519 522 527 735 760 960
8 273 301 529 553 597 654 796 887
9 202 466 606 719 809 868 913 917 945
8 193 320 403 480 908 938 944 995
14 29 97 188 211 403 420 468 473 476 613 650 707 802 961
9 414 643 666 702 707 713 841 901 929
16 0 297 310 324 356 422 434 581 701 795 852 908 930 953 964 967
9 333 457 489 510 574 588 711 720 948
13 37 45 58 67 86 195 246 291 349 503 577 712 713
11 84 238 276 345 509 557 592 649 662 902 934
10 91 212 330 451 525 543 596 823 922 959
9 306 368 420 495 504 564 692 741 985
17 0 105 230 243 345 496 532 550 583 659 692 849 861 902 903 930 972
14 97 228 245 339 357 424 477 478 555 565 625 761 813 839
11 296 308 415 433 458 471 608 612 625 630 944
16 32 36 222 349 392 412 437 451 456 581 622 802 812 815 851 940
8 10 114 254 502 589 699 833 841
10 65 99 195 273 296 415 446 726 807 993
10 359 419 444 489 593 797 839 899 977 995
11 36 152 156 213 433 440 516 624 707 798 974
12 176 467 541 566 637 748 755 783 787 818 950 975
5 269 391 475 787 887
7 3 52 178 461 553 645 903
17 76 90 101 106 247 248 276 355 436 590 612 687 730 868 878 922 978
6 8 20 720 722 800 958
14 76 88 109 112 146 180 194 253 603 641 710 735 813 959
10 122 240 463 640 720 746 765 813 948 983
11 184 218 381 471 637 721 723 792 817 824 936
9 60 271 308 337 541 591 799 803 862
11 146 179 293 323 343 445 508 610 729 758 978
7 56 454 605 839 848 855 987
10 85 257 276 393 528 550 690 696 759 770
8 51 263 273 465 602 950 967 981
6 37 106 344 371 462 960
12 187 202 245 414 495 615 656 790 850 889 913 935
9 52 67 196 228 668 671 704 834 856
13 18 39 100 190 221 378 418 450 467 498 678 701 780
7 5 80 314 346 714 818 894
9 79 461 530 726 737 745 813 861 957
9 63 194 236 311 483 672 792 937 984
9 9 17 200 317 445 473 533 564 818
11 34 401 432 436 450 461 724 753 772 774 948
4 93 330 546 599
9 44 252 466 569 613 654 656 746 982
10 587 641 675 690 715 843 923 958 974 978
5 18 326 573 861 888
8 11 241 456 540 556 599 603 773
12 22 105 321 326 410 437 541 586 686 801 956 984
8 219 228 242 256 398 686 867 907
9 98 147 215 347 667 725 877 885 969
11 223 296 390 487 736 762 768 781 830 831 839
12 34 149 199 222 373 440 445 570 585 658 875 902
14 156 237 249 258 266 320 439 552 687 804 843 902 934 972
9 75 152 211 234 262 623 670 738 941
12 110 323 451 457 568 696 748 812 816 873 948 974
9 353 474 528 636 658 785 786 870 960
13 17 23 36 86 284 385 540 603 672 762 765 791 901
10 83 154 493 509 551 697 739 747 801 809
9 368 387 547 639 716 739 819 882 904
8 9 51 75 110 244 598 687 695
7 51 161 192 680 802 876 976
15 83 131 282 294 417 461 470 507 556 639 658 746 800 882 890
12 47 229 277 367 445 605 612 675 762 844 900 982
17 76 90 163 238 257 380 510 559 561 580 691 755 804 812 931 937 961
10 200 210 223 265 307 414 661 665 685 904
8 117 187 204 259 301 329 430 897
9 130 201 332 470 593 880 946 969 987
5 111 152 166 419 926
13 135 144 217 305 342 466 500 536 618 645 782 814 994
9 162 243 317 348 440 461 846 869 980
7 6 29 327 488 545 834 956
5 26 276 414 540 971
8 46 114 178 500 562 652 868 871
12 167 191 203 264 384 537 547 566 625 835 868 997
15 29 95 102 193 239 272 320 330 335 486 494 508 567 596 912
9 79 85 129 161 383 385 469 794 837
12 52 118 200 212 222 246 369 570 599 619 874 990
10 95 192 298 378 558 559 608 681 836 887
5 729 748 758 770 876
11 94 117 237 341 553 688 733 774 818 838 839
6 12 31 100 510 700 784
9 51 67 102 289 533 643 655 794 880
5 85 304 330 615 981
10 108 191 249 383 468 578 825 927 962 963
8 12 62 131 180 633 754 839 953
11 102 137 203 478 580 679 700 869 873 874 888
11 146 261 327 369 441 474 595 784 834 848 901
10 26 61 125 251 297 540 590 920 930 977
15 54 108 176 245 256 345 413 419 441 566 671 676 846 922 959
10 81 106 124 439 457 500 598 704 815 903
7 52 195 267 309 370 400 673
11 15 154 302 336 403 404 434 564 791 927 974
7 76 175 250 502 688 715 738
7 104 110 350 412 505 578 650
5 120 163 436 699 946
14 124 142 178 203 227 230 490 517 531 541 608 643 744 924
9 109 124 177 191 425 470 494 694 846
5 31 36 102 678 830
12 271 308 332 339 356 394 486 517 532 645 728 822
4 87 472 781 818
4 26 222 392 640
13 78 83 140 162 175 335 420 630 724 736 935 941 972
10 117 189 272 292 417 515 614 716 737 957
11 2 72 139 222 315 338 339 531 739 843 998
6 14 38 75 285 822 914
9 352 353 366 395 461 569 651 656 761
5 58 65 257 864 945
10 111 180 335 359 559 761 802 858 929 956
10 20 70 433 547 563 630 742 833 836 962
5 3 166 325 424 464
13 113 179 206 278 295 313 349 570 597 629 716 788 915
11 136 190 338 369 394 403 419 525 578 614 727
9 11 75 201 518 617 730 783 856 857
9 72 153 287 305 477 569 683 694 783
11 173 265 326 408 481 533 811 819 861 866 872
7 124 175 299 401 829 915 956
16 77 99 101 127 139 196 401 435 545 556 653 715 820 855 856 941
10 15 23 186 256 371 440 562 720 761 768
12 140 161 215 310 322 361 377 604 690 883 979 997
8 135 203 490 508 528 588 635 845
11 102 150 304 430 527 573 587 615 720 767 983
6 21 150 271 310 881 985
8 8 179 210 302 354 613 678 844
10 41 219 316 323 366 449 462 690 826 952
15 214 282 440 470 477 595 696 711 722 755 803 864 886 928 959
9 170 257 269 521 710 762 794 947 983
10 24 152 286 402 547 631 766 790 806 978
9 72 143 261 682 721 748 753 757 885
9 86 95 433 454 534 771 774 896 956
12 28 106 175 215 244 294 366 429 531 565 843 899
16 50 67 158 190 233 252 341 349 353 460 530 548 626 804 897 903
6 119 179 403 760 813 997
15 9 97 192 308 315 362 372 444 474 641 695 737 816 957 981
13 42 301 363 478 534 551 571 616 656 657 713 740 841
12 4 92 213 254 319 402 606 621 628 631 657 847
9 42 180 273 330 381 440 520 650 873
13 159 323 325 445 446 459 460 514 569 692 857 860 910
16 200 316 332 374 489 587 618 633 685 745 754 787 840 877 904 922
16 31 191 241 343 354 375 478 496 501 583 597 673 719 751 769 828
5 179 579 665 773 822
11 217 287 413 450 507 511 586 604 815 818 829
8 334 388 422 480 667 719 724 739
5 148 252 316 348 879
8 62 68 334 409 421 445 637 687
11 40 155 225 248 308 538 553 764 892 961 997
9 59 201 229 391 572 811 820 941 985
10 128 144 159 262 288 323 418 597 611 923
6 426 475 541 689 750 752
7 9 17 105 486 690 879 924
13 31 55 136 150 158 198 284 431 542 587 805 976 983
7 36 189 280 584 709 826 892
13 19 119 237 367 389 411 422 432 460 713 720 780 807
7 299 609 627 640 724 901 998
8 39 57 77 277 351 599 764 802
7 410 582 621 630 647 658 949
13 74 188 251 286 291 309 466 493 552 625 661 773 876
6 47 430 815 818 836 905
9 61 183 276 486 546 548 685 760 916
12 75 94 231 296 385 492 603 604 611 640 781 900
6 117 253 282 294 748 771
12 115 240 267 334 377 457 512 554 603 660 797 841
18 273 322 406 576 577 641 675 690 692 712 747 766 796 945 949 958 965 982
12 208 394 548 566 643 694 750 773 781 825 846 919
7 64 316 497 552 620 907 982
10 135 282 457 469 485 491 556 689 726 934
15 47 71 76 97 118 229 297 373 376 405 444 655 827 891 958
12 17 57 63 71 156 323 491 569 577 638 909 917
10 188 256 286 468 662 723 871 940 978 989
8 2 41 237 379 567 646 669 952
15 2 141 144 177 285 484 516 535 620 765 772 897 930 972 989
10 44 56 133 214 292 574 588 639 891 945
10 87 204 304 379 387 536 539 651 808 991
10 110 242 279 462 478 635 679 796 810 920
12 69 309 320 327 405 498 533 545 585 790 983 995
7 36 128 192 260 438 600 964
8 218 249 489 673 765 785 833 928
5 99 476 581 585 776
9 209 247 298 520 543 581 718 778 973
10 27 195 240 317 322 426 489 591 713 887
14 10 35 138 347 389 407 425 609 622 743 745 841 842 922
14 8 77 191 384 424 432 541 588 648 679 799 865 915 946
12 3 46 85 109 141 155 225 259 271 559 831 832
12 11 124 217 282 300 322 394 617 650 699 882 941
13 77 133 245 248 336 410 513 632 669 697 778 938 956
9 83 166 402 505 517 685 758 870 917
4 82 353 379 962
6 113 237 571 574 860 941
9 3 24 164 430 560 566 721 739 837
14 23 230 259 476 487 603 657 669 761 785 814 885 953 972
11 73 78 250 264 269 290 339 399 464 595 839
11 35 54 167 196 305 461 568 584 593 786 948
7 61 341 636 692 922 938 977
13 1 3 6 101 124 261 584 585 625 685 819 841 899
11 33 130 179 201 300 436 459 567 731 739 885
14 14 24 72 98 99 123 174 405 537 615 648 710 948 994
12 125 245 288 305 309 443 505 553 693 784 790 851
15 98 156 181 250 263 273 293 331 453 463 693 694 878 921 977
9 78 133 325 326 492 497 597 751 897
11 236 263 324 433 446 593 645 773 824 923 933
9 75 172 174 241 324 443 462 683 871
5 197 213 300 552 989
8 0 92 439 566 742 899 924 956
8 1 192 389 590 659 672 694 807
11 42 137 169 201 209 262 389 443 675 751 843
11 323 405 457 578 608 615 740 752 807 909 972
12 6 92 193 225 264 543 588 604 678 837 957 967
3 134 380 488
15 7 268 270 287 363 525 634 647 654 656 711 750 909 944 946
10 7 201 228 234 422 513 602 909 957 963
13 29 40 218 310 653 698 714 753 805 857 889 894 982
13 125 155 477 552 560 628 632 650 703 747 810 886 918
14 105 230 238 525 540 640 647 679 698 720 748 781 940 996
17 39 140 225 230 316 344 424 452 510 535 543 705 789 806 851 859 965
8 60 365 476 546 702 750 880 975
16 4 107 206 257 318 343 360 408 487 615 658 715 719 730 760 903
6 20 77 195 398 555 565
7 156 265 341 384 391 741 992
13 25 42 160 339 413 501 621 660 730 750 852 862 915
14 42 61 136 139 215 555 670 675 697 710 868 921 942 973
8 87 164 380 383 405 512 628 758
8 64 67 176 306 434 665 781 957
13 68 80 196 269 417 573 594 605 700 713 722 981 999
12 24 92 114 135 142 237 257 481 599 741 752 810
10 220 602 750 771 805 826 870 876 941 945
5 280 690 812 822 972
6 232 357 396 510 796 836
15 25 182 232 257 312 462 494 524 611 627 714 791 843 845 948
9 0 249 265 647 648 706 739 843 983
7 28 82 150 530 633 726 891
10 8 96 133 225 613 672 687 975 986 988
10 140 352 374 479 522 542 630 732 800 968
5 104 482 784 883 916
8 71 118 145 234 447 516 565 775
9 19 89 341 369 371 512 588 662 734
13 74 79 95 245 463 477 482 575 736 863 888 900 976
6 259 392 513 529 637 947
12 39 260 334 414 419 429 458 549 572 774 873 980
9 127 409 450 486 511 542 562 670 818
10 340 484 532 575 588 640 658 666 727 964
9 25 232 250 256 515 600 712 856 906
9 32 60 189 278 442 652 708 738 983
12 22 50 93 138 185 598 655 722 888 926 932 980
11 109 203 213 238 360 440 522 814 839 851 997
7 8 217 461 516 636 899 972
14 160 244 360 426 507 527 550 674 794 804 854 878 889 984
8 259 468 689 725 842 858 921 962
10 61 178 292 411 498 569 584 608 796 862
15 57 264 357 443 476 502 560 588 635 651 662 739 865 867 895
6 31 265 471 499 572 912
9 0 15 97 106 292 383 407 607 767
9 122 245 287 431 539 651 763 821 938
10 24 30 51 163 204 420 583 861 869 951
10 11 39 295 298 312 684 686 690 749 989
7 190 333 346 408 567 611 893
6 154 262 759 772 879 997
6 5 440 521 685 869 981
13 125 126 202 210 346 376 532 550 644 703 866 893 910
12 8 11 36 96 120 126 200 307 343 553 682 831
11 77 78 183 202 285 410 590 604 625 719 823
9 53 92 571 574 667 686 747 807 980
6 37 185 298 544 825 839
13 89 268 428 582 625 726 730 752 757 809 842 901 949
9 19 278 306 329 330 494 594 974 998
10 49 76 97 123 177 679 730 811 869 986
8 8 148 272 343 422 800 922 997
14 4 54 142 227 362 586 739 751 792 829 886 932 971 975
8 76 158 650 675 707 761 783 922
12 23 38 102 225 238 289 309 516 720 794 876 994
12 102 106 232 418 431 446 468 686 748 801 894 930
5 68 101 352 535 747
7 550 564 656 736 869 943 949
7 81 175 342 496 560 690 695
6 85 316 430 459 461 957
3 217 717 866
13 114 168 242 243 422 433 563 628 717 841 879 950 957
10 40 253 261 311 527 545 595 715 876 965
13 80 130 131 218 238 258 416 436 461 510 564 634 984
4 106 116 218 464
11 101 292 300 321 331 346 453 650 809 854 919
6 21 288 433 530 600 953
5 306 376 455 741 748
10 5 241 341 380 563 714 740 811 830 869
8 77 125 270 364 424 439 601 758
13 24 174 281 310 385 437 541 581 607 609 739 836 842
11 3 18 59 278 373 537 554 708 740 850 924
8 142 220 451 502 503 704 773 853
12 16 42 89 215 267 344 529 567 573 700 823 848
9 50 132 161 191 198 363 577 714 819
5 141 144 458 843 969
13 42 58 403 612 625 696 725 787 859 890 913 914 964
14 59 101 105 188 229 348 506 522 533 605 613 700 854 888
9 81 163 273 395 427 585 763 796 902
12 92 145 194 215 238 363 698 738 759 762 780 979
15 6 42 122 131 138 228 378 442 462 479 491 560 901 925 963
6 270 589 792 850 891 971
10 31 48 133 268 278 335 391 401 552 733
5 439 602 612 767 800
14 90 140 236 307 339 409 482 515 553 642 684 731 762 910
3 62 223 306
14 91 274 305 371 429 491 524 601 615 759 863 918 922 997
10 44 50 106 418 447 726 787 790 818 902
7 95 388 433 666 714 749 856
9 256 363 426 597 667 734 776 811 868
13 192 247 283 314 399 508 518 686 703 705 767 832 936
9 29 82 276 377 395 733 788 862 943
12 107 168 278 307 454 522 555 599 628 717 760 888
19 6 141 146 235 255 325 401 406 428 449 453 463 497 598 599 643 734 792 991
14 60 133 218 347 498 538 644 671 714 782 797 834 848 895
3 71 243 574
10 45 150 168 221 320 403 441 734 910 941
14 75 119 123 142 174 410 503 522 589 729 767 805 851 901
10 81 301 460 524 633 788 812 874 938 954
9 85 179 216 328 409 423 617 713 947
14 32 40 146 178 196 244 251 262 369 382 569 705 739 817
9 213 215 436 537 541 756 800 869 880
6 12 63 117 367 420 776
11 55 73 322 326 330 374 468 499 577 788 997
11 26 114 145 259 292 456 586 660 705 725 763
12 156 167 178 189 263 270 556 627 769 885 927 992
19 1 103 113 124 144 263 325 395 511 634 635 734 745 783 784 793 829 835 973
6 45 127 359 427 762 799
11 10 86 93 550 564 700 839 882 920 929 934
10 39 250 433 597 609 759 819 868 900 922
8 1 163 168 267 364 509 605 871
14 9 81 137 142 181 412 454 516 588 670 729 732 840 947
8 40 45 339 582 694 728 738 825
9 26 83 323 405 433 696 782 810 958
14 48 157 255 432 451 573 634 656 720 734 847 869 879 966
7 24 109 407 491 584 614 653
9 116 142 173 444 509 547 630 750 757
12 13 48 134 181 216 287 291 331 557 765 767 917
9 90 141 363 415 491 523 646 927 939
8 102 263 320 399 833 863 888 894
8 257 263 278 438 473 767 874 969
14 149 165 168 188 196 232 317 370 399 403 493 619 744 940
18 35 54 160 250 299 326 353 420 465 471 514 535 630 655 801 825 927 999
10 20 153 323 361 433 514 683 758 778 975
14 99 236 316 404 475 525 564 571 622 651 761 881 935 985
11 55 159 462 473 567 603 686 722 765 864 917
15 2 8 44 129 170 195 282 498 546 564 570 710 728 814 872
9 39 147 163 668 764 794 927 947 992
10 77 95 131 210 294 372 395 443 735 755
8 114 202 291 637 799 833 846 853
14 58 66 188 193 223 251 495 505 543 642 645 706 962 967
7 141 154 375 462 689 885 988
11 2 83 226 528 698 770 783 793 960 998 999
10 109 113 131 167 460 465 528 673 920 956
9 182 213 259 481 504 602 652 685 701
5 148 274 464 625 727
9 16 131 303 315 340 374 630 685 701
9 78 111 140 240 251 337 361 665 812
13 6 95 140 212 260 265 299 546 590 718 743 752 837
12 19 58 67 89 357 420 494 664 759 804 838 938
5 41 130 268 507 772
7 95 114 241 349 474 607 611
9 56 358 361 424 644 728 778 805 898
8 166 534 583 601 744 900 978 988
9 32 296 365 504 551 613 618 735 901
6 58 291 545 722 767 866
13 106 112 201 225 275 284 364 569 664 728 869 973 998
12 16 85 177 315 341 506 516 551 554 651 782 968
11 0 75 93 197 333 499 721 860 976 979 987
10 134 145 264 302 305 570 742 860 971 975
8 222 246 575 618 721 833 904 979
16 291 293 420 426 455 458 498 547 638 648 716 776 802 804 852 911
7 13 285 324 830 849 881 922
8 184 282 461 506 680 785 838 841
11 21 201 223 353 389 479 608 621 676 953 969
11 63 102 123 138 161 470 534 556 652 662 834
6 139 265 398 588 630 864
12 7 109 290 324 433 556 650 769 819 866 924 949
12 34 163 300 373 434 466 491 524 600 603 680 932
7 375 443 488 698 880 914 950
5 195 199 216 511 780
11 265 344 508 562 567 578 604 659 869 892 920
11 13 123 143 219 374 412 555 595 747 748 990
11 29 135 412 437 565 657 685 716 791 796 891
7 1 138 474 484 627 770 957
9 33 220 311 322 470 689 704 842 947
8 25 417 487 493 540 570 683 864
10 188 267 371 480 623 632 720 723 840 882
13 4 156 201 246 430 501 533 606 693 784 834 872 967
9 96 136 184 450 456 613 802 899 914
11 40 87 134 190 207 339 352 403 613 745 980
8 38 267 364 446 500 582 807 955
12 64 110 120 287 346 360 627 675 702 871 918 950
6 81 108 310 335 362 700
9 263 462 463 563 582 662 733 779 959
10 229 366 424 568 611 774 829 849 881 985
14 146 296 359 370 394 451 487 553 565 661 696 703 819 862
11 80 94 222 225 311 519 645 739 747 852 941
9 68 239 430 546 758 764 890 958 959
6 97 127 517 676 805 866
5 65 83 262 304 654
11 124 252 382 543 642 656 664 738 820 879 969
9 91 127 357 369 417 432 437 585 632
8 40 49 458 699 748 759 893 990
8 353 426 438 498 717 836 888 892
13 29 90 98 137 238 334 338 464 697 713 799 957 969
4 567 666 912 947
11 63 127 247 371 402 555 617 679 728 745 837
11 54 57 158 182 246 472 473 585 588 846 874
13 61 128 362 413 566 595 647 730 769 798 849 920 992
8 60 74 165 257 355 406 681 765
11 68 70 93 222 230 256 542 563 681 686 834
7 80 139 225 365 383 588 827
15 167 208 241 300 417 508 550 595 709 710 735 809 963 970 975
15 42 45 75 255 260 483 495 553 677 754 860 878 975 979 990
8 113 296 339 396 462 616 637 686
11 42 79 195 298 606 800 801 817 821 957 969
8 200 321 411 441 558 717 721 868
7 39 67 271 434 571 654 854
7 16 30 67 298 377 600 775
13 51 173 183 198 214 338 506 602 683 712 864 912 961
15 81 105 119 147 155 174 222 274 307 410 441 636 699 949 955
10 6 19 87 276 357 364 531 549 679 972
12 137 304 332 339 470 521 603 649 706 839 916 968
5 38 387 615 626 639
8 197 243 300 402 485 647 660 959
14 40 86 169 284 340 466 478 518 597 678 803 850 899 928
17 15 16 185 200 235 253 456 491 549 562 580 604 860 890 910 948 993
6 257 284 289 822 953 998
12 105 363 542 547 665 727 757 829 884 916 973 987
11 139 158 371 383 397 448 533 603 767 789 944
11 82 103 184 260 484 487 632 656 691 793 931
12 98 179 282 290 327 337 422 554 702 815 848 910
11 128 149 206 271 322 384 424 516 534 598 792
9 28 287 411 487 552 684 695 787 807
16 31 140 342 345 432 502 527 588 624 648 693 699 758 874 932 963
12 103 173 188 243 291 445 495 497 679 686 815 888
10 25 32 82 136 457 566 588 604 647 787
6 204 537 642 670 734 847
8 40 190 204 234 308 571 629 984
13 3 33 96 314 337 374 398 420 644 652 872 909 975
11 23 62 190 589 592 627 653 811 853 944 952
11 199 244 364 501 547 581 716 738 779 810 912
10 83 235 401 408 514 531 697 763 831 973
11 138 167 218 397 403 448 464 466 795 932 996
16 18 25 30 112 114 124 140 256 342 359 503 516 697 766 935 959
15 147 200 215 289 314 328 529 557 641 675 842 859 932 935 978
13 59 114 201 295 320 380 413 465 501 526 618 915 922
13 27 122 181 317 515 718 723 736 746 815 816 822 833
15 69 72 170 232 240 263 293 373 440 486 627 675 835 938 968
13 33 178 203 237 466 489 506 577 597 599 659 750 991
12 7 260 313 386 464 538 559 594 648 681 775 989
7 272 363 375 618 637 648 856
7 172 247 348 413 454 780 990
11 73 134 297 313 386 435 665 688 819 915 974
11 28 37 118 361 365 490 589 687 790 984 998
9 20 288 656 685 716 793 794 957 960
13 135 288 293 414 443 570 584 618 649 677 719 807 879
9 71 210 220 238 331 501 717 742 809
9 266 630 647 782 831 858 870 929 932
9 34 54 190 212 547 688 734 796 832
15 34 82 124 133 142 303 304 410 562 712 716 737 847 979 991
9 51 100 117 281 388 452 511 514 723
14 46 123 139 265 378 483 613 650 653 767 855 857 950 970
11 277 317 319 373 455 577 794 838 940 952 983
12 178 300 303 319 418 522 528 595 750 919 952 988
8 174 267 392 444 713 829 850 932
7 171 247 264 276 688 748 942
18 33 97 134 246 297 307 332 360 365 374 451 496 528 532 555 557 632 926
12 84 143 421 437 561 575 641 710 867 963 976 994
14 150 214 329 385 478 671 744 754 755 781 830 892 894 899
10 6 155 305 686 712 717 731 794 825 852
8 118 136 561 595 785 794 895 946
8 145 193 317 325 645 667 814 816
9 348 389 571 683 705 751 753 759 921
14 7 87 213 251 316 402 502 529 533 585 592 635 812 900
7 9 13 137 201 802 811 906
10 85 128 237 265 273 324 429 449 546 570
11 51 186 216 368 433 553 617 618 631 777 852
15 72 112 169 173 203 280 349 432 433 570 647 738 827 860 999
12 42 57 301 366 406 498 539 729 753 757 862 942
8 110 409 426 483 695 783 823 924
12 159 335 350 423 474 540 646 707 738 778 906 933
17 13 44 102 115 152 173 183 285 287 315 465 498 543 550 708 914 965
13 74 99 245 267 285 332 385 501 547 557 787 908 917
14 61 126 157 189 348 417 450 699 850 852 854 880 991 993
13 22 40 82 129 261 508 536 610 632 640 808 889 912
11 116 376 410 481 643 657 676 850 919 968 998
10 6 63 71 141 204 222 331 373 494 701
9 79 116 279 306 410 449 639 752 844
13 19 40 156 606 637 658 740 840 862 863 922 931 987
11 82 273 285 353 380 481 515 634 687 698 781
11 14 87 126 141 150 189 416 423 619 720 893
17 29 104 118 131 170 249 356 417 484 509 510 583 701 774 779 863 870
10 33 87 229 238 455 627 690 724 820 889
12 51 161 209 247 321 331 341 426 544 712 826 900
5 260 535 647 687 902
10 88 239 309 439 527 598 684 878 905 996
13 195 264 484 490 567 572 577 598 636 693 759 825 940
10 47 97 203 461 612 624 757 801 821 996
7 20 50 290 296 626 728 847
9 44 261 281 344 494 663 672 689 863
8 3 13 20 142 306 464 690 779
5 24 180 507 886 979
3 146 555 619
15 37 66 114 116 119 140 141 200 282 319 385 388 416 475 797
5 122 257 544 620 754
15 18 36 44 81 279 353 445 504 512 561 569 614 705 774 802
12 1 35 261 337 346 401 432 672 688 697 869 946
9 36 104 237 559 853 887 929 955 998
16 21 90 104 141 228 235 281 357 456 462 476 496 579 865 891 967
8 97 124 253 261 598 653 791 963
13 310 337 507 522 551 588 606 697 713 783 787 806 958
6 36 211 264 355 438 645
8 39 48 334 403 446 454 611 659
7 15 246 299 374 446 595 745
7 182 318 370 541 618 816 948
16 50 147 154 270 362 469 535 572 610 808 827 833 838 843 871 999
8 39 67 293 491 660 672 710 721
10 6 185 188 297 544 609 721 809 868 979
11 89 153 227 279 285 338 365 606 752 871 934
10 152 171 259 288 566 589 713 727 767 959
7 424 470 521 558 869 889 991
12 122 132 208 222 289 433 607 706 826 843 860 983
8 122 383 434 482 560 773 774 997
10 91 149 195 225 325 470 517 593 633 835
10 32 295 458 602 801 829 834 844 926 935
14 281 334 338 354 529 545 557 579 599 616 720 924 942 988
14 79 307 321 354 491 555 571 572 675 688 693 703 730 982
4 136 543 577 692
13 8 9 104 131 220 262 309 337 393 405 497 583 670
10 25 232 298 374 377 464 487 722 842 938
7 48 199 367 474 495 560 893
10 14 243 336 455 561 583 631 896 903 923
9 128 170 334 520 538 681 733 785 853
10 24 72 208 292 368 462 679 877 912 926
12 11 161 170 232 260 334 397 454 521 551 576 995
9 5 17 98 260 261 315 503 607 758
12 116 178 182 188 281 341 365 610 733 761 814 906
10 36 55 85 108 139 329 501 570 634 669
11 5 287 344 444 545 638 675 680 712 727 780
8 14 191 282 516 867 921 947 980
8 126 136 294 360 374 495 514 731
3 108 621 819
7 479 486 521 702 712 815 965
8 34 191 266 347 477 549 574 968
11 34 64 124 132 365 428 526 806 842 894 961
8 94 176 268 386 429 593 681 747
9 46 61 104 162 467 774 908 921 955
7 37 82 126 295 310 315 659
12 74 180 345 364 451 558 650 686 710 715 751 860
6 85 162 215 434 590 869
12 8 19 125 166 183 329 356 621 628 638 675 831
9 217 265 302 473 712 761 767 840 898
6 76 89 371 793 889 897
13 171 189 288 330 345 393 512 566 569 648 660 672 678
8 112 215 494 519 607 703 776 995
8 35 58 534 577 704 760 766 819
12 16 63 77 126 163 224 249 332 546 675 759 950
13 212 299 307 338 390 527 542 556 655 714 849 859 888
8 187 493 498 660 706 894 962 967
13 102 204 530 531 571 654 667 691 723 771 913 914 956
3 42 254 384
11 2 5 24 240 326 463 506 540 594 693 708
6 89 379 424 554 617 986
16 18 72 191 264 284 311 319 382 474 476 503 576 690 734 811 835
14 115 174 175 379 386 395 430 465 531 535 556 591 670 974
14 68 77 150 179 186 270 356 575 611 616 836 855 916 991
11 12 61 206 219 574 580 587 628 648 743 776
8 274 291 372 471 505 621 723 921
19 13 60 107 158 171 245 250 275 288 351 379 398 614 622 685 698 707 760 783
5 75 190 551 681 766
12 21 22 138 139 263 288 318 649 785 791 883 930
11 2 61 322 323 508 555 618 648 683 833 974
11 50 117 223 240 289 323 329 452 801 888 954
10 64 186 259 398 554 601 730 734 890 968
12 16 85 106 158 181 251 416 453 516 767 923 985
13 32 184 310 345 525 563 565 628 632 770 781 831 909
8 65 336 338 419 472 499 611 690
12 126 143 221 309 523 541 555 605 726 746 932 958
10 120 207 212 348 413 417 448 513 737 877
10 41 133 163 474 476 608 613 826 874 887
7 132 340 512 552 664 903 994
9 337 383 430 516 648 676 751 794 925
9 162 216 412 505 677 805 908 921 973
10 339 430 440 444 594 627 708 832 856 903
9 120 354 470 543 643 680 716 779 960
10 131 132 146 393 602 690 794 860 939 967
10 19 105 367 411 603 683 705 717 859 901
9 16 20 102 114 277 533 714 807 891
10 152 252 321 345 466 533 589 638 670 805
5 105 134 251 334 733
14 62 135 288 366 540 581 591 615 660 664 673 740 835 991
14 87 132 135 260 278 305 348 439 525 586 632 641 752 971
13 4 164 336 353 408 414 428 434 679 709 815 910 961
8 31 171 219 243 341 402 670 905
11 68 185 229 237 491 503 562 576 581 706 942
13 20 98 115 116 400 401 432 524 537 578 591 708 803
9 24 42 115 124 304 478 568 797 823
10 129 265 268 341 385 577 772 815 836 962
18 66 110 134 151 153 244 247 278 338 394 454 507 612 647 783 858 952 974
12 67 74 154 254 314 488 490 537 638 639 814 971
12 151 251 348 368 465 485 651 767 774 809 869 993
10 59 111 154 294 507 568 582 681 689 978
7 32 168 228 268 279 614 789
8 176 372 416 444 817 819 829 977
11 144 165 291 355 388 427 699 832 843 895 988
11 16 121 238 365 475 549 641 660 876 886 954
12 109 225 452 466 482 486 527 620 821 830 956 964
9 156 205 437 451 600 757 877 882 893
15 71 81 126 150 239 341 344 388 390 529 648 695 896 958 962
5 99 320 424 591 662
5 61 70 357 451 814
11 43 69 116 206 422 431 514 654 658 711 786
13 15 31 63 360 429 433 436 446 454 558 580 685 695
7 127 152 468 484 533 875 942
9 50 177 228 361 397 568 817 853 974
8 165 229 259 581 700 766 961 971
15 37 118 180 219 367 419 452 521 562 599 602 808 810 873 890
16 184 185 230 268 314 320 354 374 392 410 440 517 782 944 948 990
9 260 331 408 411 610 712 938 942 943
9 28 124 138 343 349 407 772 787 817
7 235 328 489 578 801 806 880
5 116 306 478 688 863
12 28 33 222 461 483 590 766 799 920 927 986 996
10 0 106 165 264 306 446 510 527 635 762
8 153 170 188 568 699 874 882 940
14 89 184 288 337 386 396 502 517 667 786 808 821 930 963
14 17 147 181 205 254 286 338 395 407 502 523 587 847 993
7 4 53 379 428 838 887 981
13 274 289 334 340 344 350 456 570 585 808 852 871 914
11 34 53 265 324 330 392 594 670 703 756 984
10 88 274 331 349 388 478 609 640 713 842
9 24 168 254 336 594 600 800 830 952
8 72 211 264 534 590 626 790 832
6 62 147 190 251 468 590
8 57 72 109 441 751 939 958 964
8 254 388 456 549 600 619 729 865
14 12 14 28 156 205 311 346 409 463 518 555 657 769 997
13 7 33 158 381 419 426 449 479 523 594 618 678 851
11 127 258 284 341 432 677 690 776 799 865 986
11 140 232 234 244 315 393 464 658 673 812 898
8 177 183 189 252 419 424 447 745
6 377 418 444 563 780 859
9 86 122 271 280 467 518 826 946 979
12 98 153 183 296 302 457 465 530 841 890 909 939
11 117 253 288 565 677 691 737 744 787 887 921
16 247 376 423 430 437 457 460 485 550 583 641 673 696 722 819 963
3 177 244 841
7 265 445 497 529 758 821 987
11 22 53 120 158 205 472 504 697 839 860 936
7 255 286 350 681 909 943 952
11 65 168 296 381 480 719 741 798 813 875 991
8 173 266 282 289 325 412 644 839
11 168 206 255 363 515 613 627 644 668 722 882
7 117 359 539 571 794 816 959
12 0 124 303 429 442 491 676 688 760 798 961 966
4 21 54 87 598
9 49 304 310 463 482 602 820 838 982
8 22 123 514 562 613 622 706 931
11 12 33 63 163 278 419 500 573 660 763 935
12 62 71 107 177 226 285 289 338 347 590 611 697
8 195 434 453 487 579 739 858 882
14 34 76 147 239 240 393 446 472 601 632 690 720 867 895
8 98 207 213 322 358 446 508 803
8 89 182 302 315 493 592 654 692
6 182 317 733 747 870 879
13 92 147 148 264 416 427 554 557 604 632 741 766 843
8 30 104 237 431 438 443 930 984
6 14 339 550 724 792 995
10 10 126 161 253 300 322 427 575 754 949
10 113 183 218 353 503 631 692 819 873 903
9 154 166 392 421 433 553 789 845 898
7 446 472 551 576 674 850 892
15 202 208 252 371 394 467 576 584 591 592 703 707 775 971 989
7 86 133 564 859 912 933 976
11 120 128 288 299 352 373 418 503 580 835 956
7 145 287 434 625 718 833 906
10 104 110 146 529 772 776 923 950 973 992
11 6 80 155 307 447 469 525 744 760 807 845
12 32 42 151 188 357 391 423 441 536 753 932 950
10 65 174 184 395 462 536 619 646 694 742
12 48 106 131 142 187 234 280 491 509 596 627 972
6 155 251 546 717 784 952
8 40 179 190 257 371 479 491 863
14 3 11 276 336 350 437 482 519 704 710 850 890 918 988
6 3 253 339 632 666 742
12 144 278 329 331 386 511 554 577 709 799 938 990
10 21 298 606 637 738 747 750 828 875 992
9 129 184 388 405 533 578 639 722 815
10 299 337 349 453 562 738 818 835 873 916
17 83 126 241 272 390 408 429 561 596 685 845 898 936 966 984 995 998
11 88 142 181 190 351 438 477 595 761 904 938
6 140 152 153 165 258 772
11 12 195 315 369 466 593 658 721 732 837 854
14 101 142 216 267 283 552 556 568 664 714 719 809 921 923
12 2 33 102 112 181 259 568 593 636 775 922 990
9 154 440 536 725 736 741 820 853 859
11 147 164 167 206 226 267 283 364 427 810 847
18 80 81 185 241 319 414 449 497 516 574 663 677 725 767 791 894 912 975
7 101 243 272 521 614 778 817
6 377 536 619 728 747 769
8 225 231 266 351 548 568 956 957
9 137 385 413 601 718 866 889 902 911
8 1 111 154 325 828 833 844 880
8 73 210 289 387 452 462 591 618
8 67 250 277 350 615 643 701 764
6 38 292 532 599 637 873
8 96 265 808 824 893 909 926 956
9 242 267 392 446 515 549 586 646 725
11 57 177 224 408 492 590 728 753 906 956 958
10 14 30 177 308 384 563 579 672 697 914
9 32 40 308 430 580 705 726 754 978
15 84 121 143 235 302 459 469 490 568 637 693 797 824 879 911
11 69 87 162 197 213 434 495 508 531 646 990
8 200 446 569 645 685 712 796 810
10 52 204 235 283 352 410 524 687 719 867
10 25 45 57 202 314 332 478 527 814 944
11 56 61 206 479 493 584 637 749 778 884 948
16 0 140 145 157 177 206 211 316 369 387 448 543 770 773 889 918
11 11 14 47 113 264 451 507 610 673 873 897
14 30 132 143 260 287 306 319 401 493 765 768 954 977 996
13 59 306 372 388 410 505 566 651 666 752 916 971 985
18 108 171 179 230 256 330 353 354 415 637 643 726 787 849 898 902 908 930
5 189 249 609 646 824
7 17 122 246 353 792 799 811
9 1 196 215 223 289 469 528 985 988
13 94 261 454 558 581 620 748 818 861 882 898 930 947
8 51 157 213 413 434 552 907 965
8 139 492 515 529 679 843 892 909
12 161 411 421 546 586 605 607 793 805 888 895 984
9 29 96 112 142 322 339 369 437 759
14 30 48 85 133 344 491 517 591 598 605 750 858 929 955
12 35 101 412 469 561 629 654 736 817 863 880 884
9 31 69 116 371 405 417 538 605 814
7 157 243 583 687 908 919 940
10 162 239 243 366 428 572 705 873 893 986
9 3 36 90 239 263 336 583 886 944
10 3 93 234 372 579 720 782 852 925 955
13 39 339 416 566 679 708 763 795 817 866 912 918 983
12 263 313 488 489 534 547 599 643 670 707 770 885
7 139 165 172 241 378 847 932
11 155 344 373 431 516 600 610 865 940 963 983
11 361 426 459 610 613 621 743 804 853 908 939
7 86 233 251 465 496 506 540
7 62 307 374 630 757 760 862
11 80 92 241 383 400 485 497 519 823 859 896
8 54 175 374 589 661 783 836 935
14 49 98 110 129 150 199 200 345 429 449 537 639 882 900
17 196 212 378 382 390 397 408 441 454 486 501 628 642 671 722 933 942
9 59 182 311 350 579 613 786 987 999
12 23 114 199 294 326 450 512 637 640 750 876 879
7 114 241 466 508 560 900 962
14 46 181 212 262 363 738 791 810 827 840 856 876 974 975
9 52 203 212 438 460 528 555 701 746
6 12 178 735 772 808 935
15 27 70 79 99 187 205 282 350 394 402 727 871 873 923 981
6 176 264 655 700 729 887
6 12 150 323 371 534 617
13 5 75 269 275 381 401 454 521 577 786 833 871 886
12 23 49 193 208 340 441 499 605 742 824 853 884
9 13 66 77 248 464 492 515 906 971
12 185 188 309 448 507 729 746 774 782 847 868 954
3 245 358 692
6 125 549 838 853 880 994
8 68 176 254 315 320 445 471 860
8 251 337 392 623 727 857 879 913
11 62 128 148 204 305 629 701 749 766 877 907
13 102 172 212 361 368 417 432 459 524 556 679 694 850
12 56 161 336 371 606 614 642 674 823 839 926 952
9 81 188 416 518 547 695 738 765 805
9 20 292 297 355 421 503 630 709 919
8 271 277 501 524 590 793 849 921
10 18 380 383 523 612 652 729 828 856 944
9 54 164 336 395 459 590 666 680 819
9 39 374 434 592 726 783 850 903 909
4 255 653 730 866
7 3 192 257 296 324 674 840
10 11 115 482 673 761 792 811 843 847 997
10 145 256 319 328 370 509 546 590 932 942
12 72 112 189 285 361 449 483 595 615 868 872 916
11 132 183 213 279 388 420 437 484 708 941 950
11 136 139 178 179 418 427 616 823 843 991 996
13 100 114 139 149 216 257 341 653 702 705 791 895 928
7 114 185 191 264 490 812 966
3 283 617 715
7 366 596 602 658 797 830 881
6 59 175 290 848 887 933
11 25 130 133 604 668 704 843 855 863 971 972
12 293 331 334 335 560 697 765 771 828 849 895 952
9 126 263 383 424 436 547 552 714 999
6 105 491 823 833 941 963
12 201 375 526 540 562 606 655 795 819 859 927 975
5 129 161 416 681 886
8 231 416 499 509 603 681 750 831
8 62 237 242 307 344 567 574 952
8 284 358 543 549 687 810 842 900
10 25 70 105 129 293 311 457 465 604 928
8 82 337 426 512 805 839 859 920
9 53 289 405 585 607 855 891 952 976
10 46 105 214 299 448 473 501 529 744 918
12 123 323 345 372 594 661 668 689 704 766 815 892
15 47 137 150 215 264 306 318 391 393 426 449 492 567 610 816
10 58 171 273 325 653 696 798 815 876 963
7 222 275 328 411 497 601 647
5 69 420 703 858 928
9 95 194 368 588 646 655 828 889 986
10 84 96 210 218 445 458 462 467 744 912
8 88 251 302 546 903 917 925 972
8 22 132 234 448 579 629 852 984
12 31 133 139 214 296 395 692 747 788 843 847 969
6 5 190 551 610 779 948
15 25 72 114 368 392 498 555 564 566 579 586 699 800 861 899
6 23 325 602 795 869 907
8 41 88 121 136 179 291 448 640
10 161 228 464 565 566 646 780 867 875 940
7 33 154 430 770 811 964 982
2 166 190
12 96 130 310 318 377 438 479 569 651 740 807 812
7 83 458 707 756 765 863 955
11 84 142 294 338 461 584 618 746 855 862 935
11 180 228 243 272 309 313 350 436 517 901 911
11 72 88 345 587 600 647 716 735 740 869 899
6 80 114 397 431 740 771
12 5 11 64 130 141 334 550 561 739 837 857 893
6 129 233 288 297 350 985
8 14 193 221 307 334 592 628 764
10 77 252 362 439 451 467 505 526 661 847
16 0 22 71 134 153 168 181 317 321 353 547 636 739 838 931 972
7 281 288 388 397 497 541 790
11 147 159 401 499 512 583 678 798 800 901 978
3 1 93 378
13 250 295 561 584 585 720 753 771 803 889 909 915 919
8 133 211 315 406 494 548 956 995
6 24 438 694 727 841 882
9 61 80 511 541 629 668 852 858 939
19 10 44 45 78 174 197 234 242 255 310 328 473 681 728 796 822 828 830 953
15 47 63 165 229 259 332 335 347 399 401 504 525 536 576 822
15 70 91 107 151 171 288 292 453 518 632 699 730 756 830 983
10 137 152 215 251 514 518 545 565 641 775
9 72 115 127 160 182 472 576 706 975
9 23 131 190 271 540 666 714 737 776
9 210 235 312 372 470 680 719 730 872
14 14 36 210 335 420 533 555 589 631 747 767 862 911 923
9 39 133 301 365 416 728 756 936 994
6 288 339 402 603 664 848
6 15 77 454 776 811 904
10 24 44 133 159 332 470 508 630 680 707
7 357 487 543 569 607 665 695
13 27 59 73 122 176 193 415 460 494 521 525 536 930
4 30 533 583 975
12 198 392 421 489 713 721 737 794 842 881 908 995
15 64 81 139 179 228 296 315 331 351 370 542 802 908 928 948
11 44 46 125 304 345 446 486 549 563 704 798
11 146 171 181 218 389 574 686 693 720 736 873
14 147 340 356 392 463 489 533 534 560 819 873 912 960 970
8 78 187 276 361 488 589 795 919
7 10 145 214 318 323 725 841
12 23 109 150 156 171 253 294 483 566 723 832 950
10 34 245 419 488 490 534 581 623 639 764
7 77 196 363 368 386 510 661
9 63 121 159 209 259 348 382 749 876
10 51 123 170 189 288 290 336 648 778 936
12 153 247 252 276 300 354 367 584 643 859 862 958
13 70 104 166 174 371 403 559 575 751 788 811 850 929
11 115 138 248 272 464 515 696 842 846 945 990
7 356 390 684 744 760 856 926
9 32 157 193 488 549 610 769 870 993
8 356 471 483 585 647 726 805 846
7 24 294 296 327 379 571 794
10 203 502 523 534 573 739 807 816 834 985
11 16 298 433 570 581 605 642 687 712 772 902
11 2 10 18 64 343 445 467 529 798 808 999
7 31 144 547 605 722 748 987
7 195 321 394 589 702 884 964
12 3 99 101 130 145 300 656 676 789 811 953 971
8 14 338 564 617 619 744 841 902
14 9 122 200 245 258 271 369 381 391 426 443 644 758 898
13 91 108 113 230 279 389 472 486 548 575 607 629 811
10 68 104 348 462 472 599 637 870 910 992
