200
3 82 84 176
8 19 25 31 76 134 150 180 194
3 112 15 156
4 63 167 169 173
5 114 7 54 90 152
2 35 43
2 112 47
5 4 20 52 66 194
4 119 39 163 173
3 87 97 106
1 18
3 105 173 191
2 96 128
2 64 168
4 72 154 178 192
5 2 28 51 107 188
4 20 140 176 193
3 135 143 172
9 116 123 10 46 58 76 92 106 158
6 1 30 38 84 85 108
6 7 16 76 156 169 189
3 56 95 163
5 114 37 55 69 143
6 95 99 157 161 162 163
3 135 144 194
3 1 33 97
5 80 85 103 164 171
1 143
2 115 15
3 128 101 161
7 116 19 139 64 161 162 181
5 1 34 38 53 60
3 98 100 191
5 121 122 25 62 66
4 31 70 92 161
4 5 73 83 107
3 115 133 107
3 127 22 198
3 19 31 39
3 8 121 38
5 142 63 73 174 182
2 81 154
3 124 63 83
5 5 138 155 186 189
2 72 173
3 142 58 59
4 18 79 82 170
3 6 54 57
3 126 92 108
2 130 190
3 140 176 178
2 117 15
3 7 138 53
4 31 52 76 93
7 4 141 47 101 176 186 197
3 22 161 59
6 21 138 142 68 105 185
4 144 47 95 180
4 18 45 101 168
3 45 55 184
2 31 175
1 81
4 33 149 184 199
7 3 131 139 40 42 164 85
4 13 30 186 188
2 133 188
5 7 126 33 85 109
1 164
6 151 154 159 56 165 191
1 22
4 34 75 81 179
1 120
5 14 44 98 109 198
4 35 40 158 92
2 159 91
5 143 171 70 79 91
7 1 18 131 20 152 53 169
1 92
3 136 81 84
3 46 75 109
5 26 162 181 109 192
9 114 41 152 159 61 70 78 193 196
4 0 146 46 106
3 35 42 170
3 0 19 78
5 19 26 63 66 187
1 164
3 9 193 199
3 120 128 132
3 124 146 164
3 4 93 102
5 127 141 148 74 75
6 18 34 48 73 177 77
2 53 90
1 101
3 21 23 57
4 12 140 161 175
4 120 9 25 178
4 32 150 72 181
1 23
4 115 124 32 101
6 134 29 54 58 94 100
4 112 138 90 190
4 117 26 185 198
4 117 120 131 159
6 113 11 138 56 164 171
5 9 18 137 153 82
6 15 131 35 36 145 108
3 19 48 107
8 116 130 139 66 72 79 80 187
2 119 126
2 129 181
5 2 6 102 130 180
1 105
6 4 22 81 158 185 197
5 28 36 100 179 195
4 18 30 109 160
4 51 103 104 151
1 196
2 8 110
6 71 88 97 104 135 183
4 33 39 170 187
2 33 165
1 18
3 42 89 100
4 138 187 191 199
5 48 66 110 132 133
3 37 91 196
6 12 29 88 145 147 175
2 111 159
4 112 49 109 157
7 63 76 104 107 156 161 183
4 126 88 181 199
3 126 36 65
4 1 101 179 197
4 120 17 24 137
2 78 168
2 135 106
6 125 43 52 56 102 105
4 30 63 109 187
5 16 50 96 153 173
3 54 91 168
3 40 45 56
5 17 22 27 75 158
2 24 57
3 128 107 176
3 82 89 168
1 128
2 91 181
3 62 185 188
2 1 98
2 117 68
3 4 76 81
3 140 106 166
6 14 41 68 157 182 197
2 43 185
3 2 131 20
3 130 23 154
4 114 18 143 73
7 129 68 74 81 104 168 189
3 116 187 192
7 131 23 29 30 34 55 96
3 23 30 80
3 8 21 23
7 26 63 67 86 89 105 192
2 122 68
3 153 172 187
1 3
6 13 136 141 146 159 58
3 3 20 76
3 121 46 83
3 26 75 105
2 17 166
5 3 8 11 140 44
1 40
4 128 60 96 177
5 0 16 145 50 54
2 175 92
3 14 50 97
3 115 134 70
3 112 1 57
6 132 30 148 80 98 111
3 40 154 186
2 120 131
2 59 62
5 114 149 155 56 103
4 43 54 64 182
7 121 125 139 160 166 85 109
7 15 149 64 65 195 198 199
3 20 43 159
2 49 102
4 125 11 32 68
4 14 160 164 80
3 16 81 87
3 1 7 24
2 115 188
3 118 127 81
4 114 134 154 54
4 37 72 188 103
5 125 132 62 87 188
