100
1 29
2 36 94
3 15 56 66
3 15 37 98
6 5 15 16 40 55 96
6 4 37 41 56 67 91
3 70 78 90
3 13 33 68
1 16
2 22 40
3 53 72 91
3 18 30 71
4 48 53 60 79
3 7 27 33
2 36 90
6 2 3 4 26 36 73
4 4 50 8 25
3 75 84 88
4 11 72 26 32
3 31 33 41
4 70 76 80 87
2 52 22
5 51 9 21 29 82
1 43
2 30 35
8 62 16 74 78 28 29 30 88
5 43 57 59 15 18
3 43 13 73
2 56 25
4 0 22 25 88
4 11 75 24 25
3 47 19 83
3 49 52 18
6 46 7 13 19 34 93
2 33 99
3 24 81 82
8 1 46 54 14 15 77 78 93
3 3 5 79
1 57
4 42 61 68 84
2 4 9
2 5 19
3 39 51 68
3 23 26 27
2 70 78
1 46
6 45 33 36 48 51 75
2 31 65
4 46 12 69 97
3 32 60 73
3 16 66 84
3 42 46 22
4 21 32 69 74
2 10 12
2 36 76
1 4
3 2 5 28
2 26 38
3 69 79 98
2 26 81
2 49 12
2 39 77
2 25 66
1 69
1 79
3 47 79 94
3 2 50 62
1 5
3 42 7 39
5 48 52 58 63 70
4 44 6 69 20
1 11
2 10 18
4 49 15 27 85
3 52 25 86
3 46 17 30
4 54 20 87 89
2 61 36
5 44 6 25 36 89
5 58 64 65 12 37
2 20 82
3 59 35 96
3 22 80 35
1 31
3 50 17 39
1 73
1 74
2 20 76
3 17 25 29
2 76 78
2 6 14
2 5 10
1 98
2 33 36
2 1 65
1 99
2 4 81
1 48
3 3 58 92
2 95 34
