100
4 11 77 81 85
3 46 51 52
2 52 97
3 8 38 44
3 16 57 86
3 13 70 92
2 60 62
3 55 15 86
4 3 37 46 66
2 56 16
1 53
4 0 60 20 30
2 18 41
2 5 70
4 48 29 36 47
1 7
7 4 9 35 40 45 85 96
1 37
1 12
1 99
2 11 90
5 52 25 28 80 90
1 78
1 99
3 30 40 90
6 58 70 21 72 89 90
1 66
2 78 85
2 68 21
2 14 70
4 11 67 24 37
2 32 95
2 31 92
2 55 91
2 49 39
2 16 68
2 14 91
6 8 63 17 75 30 95
1 3
3 54 63 34
2 16 24
3 12 71 73
1 75
2 56 84
2 3 70
3 50 16 75
6 1 52 53 8 64 90
3 14 67 75
2 14 96
2 34 74
1 45
3 1 71 82
5 1 2 21 46 73
5 10 46 59 77 86
2 39 73
2 7 33
3 9 43 72
1 4
1 25
4 53 73 75 87
2 6 11
2 80 91
3 6 66 84
3 37 39 75
6 46 69 71 88 92 97
3 74 91 99
3 8 62 26
3 30 47 94
4 28 35 73 93
1 64
6 5 13 25 29 44 99
6 51 64 41 72 95 99
3 56 71 25
5 52 54 59 68 41
5 49 65 79 84 86
6 59 63 37 42 45 47
1 83
6 0 53 78 80 98 99
3 22 77 27
1 74
6 61 21 77 82 93 97
1 0
2 51 80
2 76 95
5 62 74 43 86 90
3 0 16 27
5 53 4 7 74 84
1 59
1 64
1 25
6 20 21 24 25 84 46
4 61 65 33 36
3 5 64 32
2 68 80
1 67
4 71 83 31 37
2 48 16
3 2 64 80
1 77
6 65 19 70 71 23 77
