600
5 149 217 262 360 584
13 82 199 232 294 301 316 317 334 413 435 450 477 540
7 168 336 393 478 541 556 598
9 110 153 218 306 360 411 418 498 573
7 78 114 340 396 427 452 476
5 140 176 242 467 554
5 104 146 299 342 405
6 122 312 345 347 430 450
3 122 163 336
8 84 85 102 430 448 491 497 521
8 32 182 309 354 434 446 480 537
10 51 111 137 190 281 334 358 434 565 573
8 54 63 67 218 222 234 355 430
7 93 189 201 228 299 351 452
8 66 92 341 354 428 547 583 598
5 294 314 392 443 509
3 89 137 338
13 50 74 88 144 183 220 240 308 330 346 405 572 585
9 83 124 244 315 327 328 341 354 524
6 102 402 436 461 513 523
5 122 266 311 319 529
9 28 30 116 256 262 437 470 511 596
9 170 248 293 335 342 374 378 555 599
7 152 176 177 353 362 493 547
8 178 209 221 350 373 408 439 508
6 136 303 338 339 456 556
7 42 55 247 267 348 351 456
3 275 309 354
9 21 88 96 186 197 265 524 525 561
9 115 147 193 229 309 454 463 515 596
6 21 128 163 225 346 512
3 50 287 303
7 10 319 375 419 436 448 591
13 76 126 161 178 249 250 251 287 335 408 481 546 585
7 320 325 410 412 506 527 531
6 98 99 146 228 288 451
3 307 371 501
8 68 81 108 259 321 514 559 573
6 300 352 412 469 518 578
5 96 117 435 459 506
8 140 199 259 264 271 363 493 584
6 72 111 251 299 516 566
5 26 156 334 482 595
4 65 505 528 569
8 48 49 153 210 219 311 477 537
3 250 320 453
2 265 379
5 129 313 345 361 387
6 44 165 210 291 517 532
4 44 127 273 351
7 17 31 112 377 399 501 535
12 11 210 262 275 386 393 413 497 511 531 543 597
4 128 379 453 562
6 59 279 304 339 444 590
2 12 376
6 26 348 390 463 509 573
5 83 235 336 464 567
5 229 269 437 495 537
11 91 111 130 158 233 270 316 470 486 553 560
6 53 163 214 274 462 597
6 93 159 360 398 514 539
11 78 126 148 296 353 370 379 428 446 565 583
11 75 155 167 178 228 291 312 365 493 508 535
3 12 84 197
6 98 175 205 403 512 531
7 43 250 297 428 471 483 528
5 14 229 332 380 413
9 12 191 221 269 277 309 399 422 501
9 37 82 120 254 293 407 485 517 597
11 84 112 245 273 335 374 376 405 493 511 564
5 76 152 518 531 559
10 140 167 245 256 359 365 393 398 439 526
8 41 96 352 361 511 527 574 577
8 143 172 174 197 294 359 360 439
10 17 75 160 184 209 303 405 501 538 539
13 62 74 116 179 275 381 421 488 504 524 567 583 592
8 33 70 119 261 401 418 460 461
8 125 131 214 222 268 313 555 585
4 4 61 182 593
3 94 207 546
6 227 281 404 439 545 578
6 37 85 97 157 186 300
9 1 68 88 176 236 325 347 553 562
8 18 56 238 292 472 490 589 597
10 9 63 69 113 211 294 340 346 366 596
9 9 81 132 140 216 229 288 390 428
9 122 159 223 290 294 457 490 508 571
10 94 176 212 226 279 381 387 452 498 591
3 17 28 82
7 16 203 241 245 327 589 597
3 300 341 383
6 58 115 460 568 581 594
5 14 192 259 279 396
6 13 60 157 251 453 494
10 79 87 124 202 264 377 404 442 490 559
10 138 185 197 384 397 460 462 488 494 536
12 28 39 72 167 197 265 278 349 441 446 550 588
6 81 201 240 287 332 391
10 35 64 165 201 219 249 260 298 310 319
9 35 113 156 162 252 358 460 489 554
7 177 194 220 225 237 428 543
5 150 199 546 562 585
8 9 19 208 224 278 282 330 571
6 130 174 312 414 435 531
4 6 154 173 320
5 106 403 523 581 587
6 105 168 229 325 527 589
3 371 431 594
3 37 144 264
7 227 261 294 393 465 562 581
5 3 214 260 284 514
8 11 41 58 166 193 294 325 567
12 50 69 172 217 240 287 304 376 434 474 521 578
6 84 99 206 246 515 541
7 4 116 128 301 406 540 570
5 29 91 140 216 569
7 21 75 114 175 339 371 402
5 39 227 500 540 548
5 130 141 184 428 483
5 76 129 199 322 532
9 68 179 246 380 401 435 477 479 507
6 295 299 301 409 535 579
11 7 8 20 86 159 197 243 265 296 326 484
4 184 253 414 467
5 18 94 372 419 564
7 77 148 285 355 399 400 492
10 33 61 142 161 176 179 222 345 524 560
9 49 163 214 310 346 433 519 550 590
10 30 52 114 180 195 353 396 463 470 471
12 47 119 193 208 222 395 405 420 429 430 542 559
7 58 103 118 146 253 365 556
9 77 184 228 249 260 286 425 464 509
6 85 256 438 476 492 555
4 310 435 533 559
5 179 368 377 504 594
7 185 246 362 474 531 576 578
4 25 264 417 555
10 11 16 239 264 371 497 514 539 552 566
6 95 275 388 406 410 530
6 157 316 425 484 489 541
9 5 40 71 85 115 282 329 377 436
7 118 176 177 220 254 301 462
10 126 160 188 346 388 392 438 481 482 591
7 73 167 191 354 518 555 594
11 17 108 149 189 330 356 396 416 441 478 541
6 199 251 359 368 400 414
8 6 35 130 231 237 252 392 504
6 29 248 318 320 345 412
6 61 125 149 219 232 540
8 0 144 148 160 185 222 336 481
7 101 261 339 353 431 561 568
10 182 196 199 242 262 394 472 492 523 592
5 23 70 296 455 501
10 3 44 165 224 265 273 346 548 581 597
6 104 354 380 519 530 595
7 62 219 227 316 377 445 575
6 42 99 257 376 529 599
10 81 93 139 182 252 255 270 373 452 497
7 58 216 254 475 481 535 536
9 60 86 122 211 241 264 359 558 569
7 74 142 149 317 327 379 450
10 33 126 175 209 230 315 349 452 571 580
6 99 173 319 326 334 407
4 8 30 59 127
4 204 252 285 575
7 48 98 153 187 235 539 574
6 111 390 399 466 529 599
7 62 71 96 143 182 470 536
6 2 106 253 413 432 508
4 207 290 367 381
9 22 227 315 386 417 443 456 488 538
5 197 289 398 456 497
7 73 112 225 382 387 526 541
7 104 162 263 307 407 456 462
8 73 103 340 373 404 503 537 588
7 64 116 161 269 322 414 512
12 5 23 82 87 126 141 212 304 444 460 495 529
12 23 100 141 229 283 287 403 541 555 580 581 595
12 24 33 62 184 204 209 333 356 390 436 439 565
7 75 120 126 134 184 240 440
5 128 254 378 410 467
4 216 525 576 594
9 10 78 151 157 167 189 258 315 421
7 17 211 425 459 504 536 596
10 74 118 123 131 178 179 333 404 446 570
14 95 135 149 216 325 350 357 427 428 454 473 487 526 561
5 28 81 198 378 429
9 165 232 250 261 299 305 388 524 597
6 142 275 298 346 375 482
10 13 144 182 264 306 346 375 426 479 584
4 11 434 436 495
6 67 143 238 417 472 534
10 92 244 258 305 321 344 358 483 497 548
8 29 111 129 212 315 394 412 468
12 100 199 201 243 251 291 342 362 397 401 511 566
4 128 237 433 517
6 151 219 371 442 475 526
12 28 63 73 95 96 122 171 221 331 355 504 596
6 186 221 289 379 386 438
8 1 40 101 119 145 151 194 522
7 208 219 227 308 332 457 562
12 13 97 98 194 205 207 412 446 480 495 508 596
6 94 265 314 490 529 530
5 89 360 389 462 543
2 164 178
4 64 201 320 328
6 113 368 374 456 478 595
10 79 169 201 224 255 361 539 541 550 559
6 102 129 200 213 530 585
7 24 74 161 178 219 281 302
6 44 48 51 242 391 442
5 84 159 183 290 581
9 87 176 193 239 392 416 422 505 541
5 208 392 425 427 461
9 59 77 110 127 290 369 405 471 516
6 226 311 329 456 462 574
7 85 115 158 181 185 458 503
8 0 112 272 302 309 351 378 382
6 3 12 246 264 367 529
12 44 98 148 155 196 200 209 393 419 434 440 453
6 17 100 141 257 342 488
7 24 67 197 198 341 430 565
10 12 77 126 129 149 308 341 458 493 501
5 86 246 292 539 599
9 102 153 207 251 378 418 441 481 557
11 30 100 172 228 233 247 411 460 481 549 585
7 87 215 277 369 373 377 445
10 80 109 117 155 170 200 265 430 433 570
12 13 35 62 131 225 346 351 410 446 474 476 529
11 29 57 66 85 106 177 269 381 413 426 509
4 161 233 360 495
3 146 282 556
6 1 148 187 493 579 590
12 58 225 230 234 276 364 420 441 465 507 558 566
6 12 233 357 410 463 489
9 56 165 247 380 393 469 490 575 592
5 82 261 329 403 514
7 100 146 195 293 354 367 441
5 83 191 341 522 595
8 137 212 283 399 411 422 434 533
7 17 97 112 179 269 345 479
6 89 159 283 479 530 544
10 5 151 210 277 344 346 449 496 521 571
10 122 194 297 311 312 327 342 348 379 524
6 18 192 247 412 447 570
8 69 71 89 246 285 372 433 576
10 113 120 135 218 223 245 269 296 509 559
11 26 225 235 244 274 372 426 455 463 514 579
8 22 147 304 347 405 431 441 571
10 33 98 131 261 338 452 480 549 565 598
9 33 45 65 187 365 432 539 557 583
7 33 41 93 145 194 224 591
12 99 146 157 164 285 339 405 450 458 471 488 546
6 123 130 168 287 527 537
5 68 141 158 180 553
5 157 207 256 400 430
6 21 71 132 255 476 596
5 156 220 280 407 588
6 182 192 347 444 507 571
8 37 40 92 314 431 483 525 554
10 98 110 131 281 299 434 443 444 557 591
9 76 109 150 187 236 249 268 376 524
5 0 21 51 151 360
5 173 305 361 428 526
13 40 94 108 136 137 159 189 218 438 459 517 543 575
7 28 46 96 122 153 202 227
7 20 305 444 459 462 506 588
4 26 351 419 441
4 77 261 326 506
12 57 67 175 229 240 246 272 280 340 407 487 575
4 58 157 293 435
3 40 469 522
4 217 269 344 356
4 49 69 153 499
7 59 247 365 381 526 543 580
6 27 51 75 138 188 399
5 233 330 349 382 543
4 67 226 242 292
3 96 102 488
5 53 87 92 286 469
7 257 269 282 336 439 466 538
6 11 80 209 260 477 510
12 102 140 231 280 322 347 363 418 465 501 556 583
5 177 239 241 309 474
5 110 335 451 569 585
6 125 164 245 252 362 407
4 131 279 471 569
9 31 33 97 112 177 253 320 513 594
6 35 85 291 429 441 563
3 171 198 444
7 86 169 211 214 386 432 474
6 48 62 194 288 450 587
8 83 223 277 306 343 348 471 487
5 22 68 237 270 395
10 1 15 73 84 86 109 111 477 545 561
3 121 411 482
7 61 122 152 246 312 469 574
5 65 243 353 380 446
5 98 188 399 483 546
8 6 13 41 121 187 260 340 542
5 38 81 90 415 468
8 1 114 121 141 381 419 480 566
5 209 217 305 403 589
6 25 31 74 402 499 567
8 53 112 176 248 344 428 487 564
7 187 192 263 266 302 584 590
7 3 189 292 385 458 492 504
7 36 173 322 367 380 453 465
6 17 200 222 410 425 506
9 10 27 29 67 217 283 354 452 555
7 98 127 133 380 426 487 538
7 20 44 215 243 358 498 506
11 7 62 103 243 296 354 392 415 543 577 582
7 47 77 318 347 359 411 465
10 15 202 259 381 391 400 473 493 510 590
7 18 161 170 182 193 533 544
8 1 58 139 155 344 493 581 587
4 1 160 359 474
5 147 313 424 502 541
9 20 32 98 162 403 444 533 570 578
10 34 45 104 147 205 287 358 458 468 500
2 37 192
6 119 175 282 307 375 461
4 394 404 578 591
2 416 580
10 34 82 106 111 185 369 371 418 545 565
11 122 162 268 352 363 367 432 481 494 524 533
4 18 89 160 243
5 18 205 343 494 527
4 140 215 236 528
5 17 102 144 276 394
3 197 385 428
7 66 97 200 363 414 418 545
6 178 184 398 407 493 533
4 1 11 42 162
7 22 33 69 284 402 408 440
8 2 8 56 149 280 378 434 506
1 410
5 16 25 249 400 453
9 25 53 116 150 252 476 565 570 591
6 4 84 174 269 299 586
8 14 18 90 221 222 238 350 479
11 6 22 194 220 243 417 464 486 543 573 579
3 292 328 375
7 192 242 272 304 316 456 506
8 7 47 126 147 240 508 547 571
13 17 30 84 127 142 153 188 189 228 242 420 482 504
8 7 82 248 258 282 313 419 544
10 26 55 243 292 410 459 471 479 517 539
7 96 161 276 359 370 409 463
7 24 185 341 437 555 586 598
9 13 26 49 217 228 267 467 581 598
4 38 72 326 463
8 23 61 128 150 297 357 473 543
11 10 14 18 27 143 154 237 309 312 386 462
6 12 125 197 490 523 554
4 144 178 272 543
6 185 234 353 404 509 562
8 11 99 192 311 320 385 477 550
9 71 73 145 159 313 317 349 470 597
10 0 3 60 73 203 230 262 364 452 470
4 47 72 207 263
5 23 135 194 285 479
6 40 282 326 332 393 485
5 233 360 385 449 561
8 62 71 130 250 274 465 499 526
3 84 407 461
8 169 218 237 307 326 469 538 556
8 134 145 206 395 409 455 508 516
5 214 226 325 484 510
4 61 349 435 462
9 36 107 116 137 196 325 409 477 576
5 124 245 247 390 420
11 24 157 174 226 406 439 472 521 551 580 588
4 22 69 206 586
7 32 188 189 322 343 382 547
9 54 69 112 156 261 380 399 445 582
10 50 94 134 140 155 226 433 480 503 547
8 22 180 186 217 224 336 381 393
9 46 52 61 160 198 243 518 534 547
10 66 120 154 235 297 307 310 376 478 508
12 75 87 169 229 274 301 314 378 462 468 519 533
7 172 217 276 375 388 550 564
5 90 448 482 515 522
4 95 485 598 599
9 306 331 358 364 418 484 509 542 572
9 51 170 198 290 354 403 497 538 593
4 47 87 172 481
5 138 142 187 382 543
1 203
6 55 85 166 178 372 513
6 97 210 314 481 536 554
8 15 142 146 212 213 312 507 518
10 2 51 71 109 219 235 363 378 509 573
5 151 193 323 330 559
4 129 293 368 420
4 4 92 128 144
3 95 194 578
6 60 71 171 333 472 557
9 50 67 125 166 239 275 298 376 536
5 125 145 255 314 338
6 76 120 194 435 538 556
8 19 116 303 335 423 434 498 596
10 64 105 177 236 302 319 386 482 545 595
7 80 94 174 184 323 357 432
10 6 17 69 74 129 214 248 252 451 550
5 114 138 373 455 471
10 68 162 173 257 269 285 333 366 487 588
3 24 33 335
5 121 349 368 371 517
9 34 138 180 228 234 308 337 348 437
7 3 225 239 295 313 435 538
8 34 38 147 193 201 244 418 567
6 1 51 66 168 229 503
9 103 123 145 175 332 507 545 564 589
6 300 312 478 511 521 540
4 144 212 324 508
6 136 170 191 342 510 538
8 3 76 224 282 325 332 385 412
7 32 124 219 267 301 347 435
6 129 233 346 372 395 519
4 75 182 425 427
7 67 212 239 451 501 511 596
2 402 541
3 318 488 599
7 131 139 183 213 308 421 587
5 189 229 247 310 454
7 4 185 213 421 441 572 576
10 14 61 65 85 100 118 185 263 304 331
7 129 186 288 467 483 517 540
10 7 9 12 129 221 227 255 455 469 496
6 107 150 248 259 470 471
9 168 250 290 326 404 467 481 485 538
7 127 195 227 245 377 435 572
10 10 11 112 190 219 239 260 336 402 553
11 1 39 103 120 133 270 370 401 411 419 433
7 19 32 140 178 190 489 574
8 21 57 350 410 460 478 494 529
7 132 142 198 264 473 483 558
8 24 71 73 80 178 280 373 452
6 179 219 335 498 504 585
10 96 144 224 233 237 248 267 288 427 475
5 94 196 210 512 582
6 15 170 260 447 466 500
10 53 176 258 260 266 289 319 567 573 574
4 155 226 376 446
11 10 61 96 184 201 228 297 445 517 546 550
5 244 443 499 541 550
4 9 32 383 476
4 242 364 488 560
6 1 7 160 252 291 541
9 35 284 405 422 515 523 565 574 579
9 4 13 87 157 161 249 309 360 439
12 45 52 93 219 307 338 509 527 544 547 566 596
6 29 185 426 455 516 536
8 152 247 368 406 430 454 465 585
9 25 26 170 171 173 206 215 344 457
6 86 200 456 507 509 564
5 216 222 252 306 320
6 39 183 264 266 348 533
9 76 91 95 99 176 225 437 467 492
5 19 76 213 322 366
10 59 95 141 173 203 215 266 354 370 381
9 29 55 128 234 247 349 352 464 479
5 56 131 342 463 542
9 109 233 282 307 313 365 455 513 594
3 166 280 443
8 5 123 180 351 429 432 460 572
7 193 300 320 381 487 515 594
9 38 235 271 279 296 367 430 561 583
9 21 58 128 167 359 360 431 492 550
10 65 128 214 252 286 292 348 406 431 531
6 83 151 191 373 398 561
7 185 314 353 438 481 576 590
6 112 135 228 283 290 317
3 158 196 441
7 4 132 228 256 339 448 486
9 1 44 120 281 294 358 371 501 547
9 2 144 206 380 415 437 522 539 553
9 120 189 240 241 341 348 362 463 515
5 10 201 249 301 377
13 33 142 149 158 224 225 326 387 391 432 473 558 576
9 42 142 188 295 346 383 403 490 585
10 65 118 192 259 298 429 438 492 502 503
4 122 139 369 385
5 68 363 384 432 530
6 58 342 476 490 529 541
7 185 269 292 304 310 407 468
10 75 95 170 220 252 278 424 449 524 566
4 99 139 234 436
11 83 86 94 202 235 355 482 486 507 564 588
3 9 576 582
8 125 132 151 306 460 470 483 549
10 23 40 62 69 222 232 314 316 333 543
6 93 95 326 328 437 548
7 57 176 190 201 230 512 572
3 242 430 511
8 9 51 137 157 171 192 386 504
5 3 87 311 402 440
4 273 303 365 447
6 117 320 443 531 560 578
13 36 50 67 74 152 222 282 422 477 517 530 580 581
2 318 483
9 174 216 377 413 483 520 521 563 580
10 75 134 146 183 197 306 346 440 497 512
2 43 212
9 34 39 266 268 308 311 336 344 526
10 120 233 258 392 414 457 490 508 554 573
10 24 62 86 168 201 345 368 380 416 507
10 15 55 131 229 246 357 385 393 453 457
5 281 314 369 417 589
8 21 51 69 72 194 415 422 496
7 30 64 175 442 495 504 596
6 19 287 390 465 538 589
7 37 60 110 137 236 247 556
7 29 113 383 451 468 479 537
4 41 214 368 454
11 48 68 195 264 348 409 429 446 501 531 575
7 38 70 143 379 392 520 539
6 127 154 381 420 557 572
5 503 518 535 553 555
6 9 112 242 373 415 503
6 199 238 271 383 478 529
6 19 105 151 355 451 556
9 18 28 75 126 187 243 261 326 488
4 28 181 259 578
10 71 172 185 196 263 274 365 506 554 561
8 34 72 106 253 328 453 555 572
4 43 65 329 599
10 20 156 166 176 202 218 228 437 486 522
7 138 154 202 208 241 485 501
13 34 51 64 70 103 135 471 500 517 534 544 560 593
4 48 119 540 544
10 133 239 315 319 326 333 381 459 542 572
3 191 379 531
5 50 62 121 158 520
7 95 158 167 183 391 399 454
6 10 44 57 174 253 515
13 74 170 280 310 367 386 401 411 417 432 513 574 576
10 60 74 137 165 207 223 250 348 478 518
8 1 114 117 148 415 429 532 552
13 2 113 139 144 172 177 207 212 318 423 447 450 486
7 129 299 385 464 533 566 578
13 51 100 203 264 274 276 312 342 353 356 388 493 592
7 241 315 347 453 531 532 576
6 80 294 325 332 403 414
7 33 79 101 252 298 446 579
8 14 23 345 375 377 379 453 477
5 117 153 192 494 586
6 225 249 492 552 569 596
9 96 127 207 358 382 405 446 447 470
2 373 583
3 137 540 549
6 58 82 254 434 478 520
9 5 99 259 355 391 507 526 562 567
10 22 77 132 136 143 177 309 350 520 527
10 2 25 130 231 282 367 401 514 523 586
5 224 250 260 398 519
4 159 233 438 481
8 37 70 94 129 133 207 246 394
5 58 126 449 500 531
8 28 150 185 294 364 469 472 526
7 52 82 101 109 200 357 554
2 288 503
7 69 124 304 382 414 457 490
9 11 61 178 221 249 325 339 451 568
8 41 137 194 233 301 453 488 542
8 56 75 111 303 412 444 554 584
3 91 150 565
6 43 115 159 284 286 549
6 114 184 227 244 319 339
7 86 102 161 242 248 258 345
9 17 385 427 433 467 495 519 527 533
9 3 11 37 55 342 393 444 507 598
8 72 165 215 296 436 444 451 538
6 155 164 235 264 269 517
10 135 181 245 371 427 473 481 491 538 544
3 72 312 595
10 38 80 112 135 319 323 397 500 525 542
7 121 232 247 342 451 546 586
7 161 177 274 324 373 501 503
9 91 105 109 153 177 211 316 351 501
4 312 376 442 491
7 14 61 75 250 282 469 551
5 0 40 189 305 567
10 17 33 77 101 208 225 284 440 455 482
6 340 350 374 548 556 579
4 105 291 316 425
7 96 174 257 266 373 407 490
8 83 89 106 302 414 510 513 594
6 53 127 232 305 314 473
7 32 87 142 251 260 323 339
4 75 151 235 543
3 78 386 531
9 91 107 134 143 181 287 465 468 589
7 42 154 177 206 238 403 577
13 21 29 84 183 197 201 256 402 422 453 512 549 599
8 51 59 68 83 89 153 187 359
7 2 14 249 350 351 384 573
8 22 156 166 223 384 424 528 596
