1000
9 159 302 391 438 481 597 674 792 933
8 36 54 324 529 566 669 697 897
10 52 266 271 462 616 669 693 727 844 923
6 543 771 876 902 918 934
11 184 277 367 525 640 672 804 871 901 912 977
11 60 213 350 398 475 562 678 816 896 960 962
11 279 297 315 442 547 617 709 712 921 928 969
12 53 59 110 290 362 383 432 493 587 686 877 995
6 83 317 390 398 563 890
16 38 61 72 127 155 158 188 379 468 489 535 587 701 797 818 876
8 502 503 511 553 720 801 841 894
10 27 219 366 368 412 425 604 614 790 877
7 194 331 362 644 775 887 934
8 85 356 423 490 618 699 847 861
8 212 282 284 360 814 828 857 920
9 92 172 203 396 442 686 690 761 930
11 40 93 120 344 381 512 587 628 674 874 971
13 21 190 322 331 597 638 639 661 671 715 782 792 796
15 19 31 205 301 387 465 555 604 643 645 655 663 684 703 952
8 18 41 44 144 219 289 565 966
9 22 465 495 569 580 600 913 915 986
6 17 25 152 580 766 778
6 20 128 327 539 734 844
11 106 120 229 435 531 570 686 809 903 922 966
7 54 81 157 303 661 733 761
10 21 102 114 201 265 312 342 370 770 884
17 29 89 104 185 215 360 398 477 587 608 634 782 841 848 853 993 997
15 11 184 243 285 418 489 498 523 583 628 706 745 754 762 775
13 101 140 203 206 318 371 474 682 691 752 844 884 917
9 26 157 177 244 258 320 597 873 887
8 91 318 332 571 572 660 677 732
8 18 130 346 475 514 668 953 991
7 138 469 605 842 852 864 881
11 139 242 292 305 445 529 627 708 763 895 930
9 55 71 92 177 328 452 659 779 873
11 48 182 404 415 470 544 561 596 738 773 898
13 1 45 106 128 148 206 227 236 339 356 508 581 700
14 95 284 351 374 396 405 489 528 545 570 738 839 843 880
14 9 69 80 126 133 196 209 337 489 554 633 827 884 893
8 46 323 563 591 647 755 797 826
12 16 306 324 351 498 556 603 633 663 844 882 940
15 19 73 102 105 202 250 259 416 609 702 752 771 779 789 857
7 215 328 419 443 492 539 935
12 80 148 255 262 414 416 428 606 694 698 845 879
6 19 207 225 254 420 527
17 36 146 312 318 348 378 495 503 524 595 653 706 796 806 848 863 937
8 39 81 149 332 422 467 920 922
18 61 147 150 160 206 207 213 226 295 322 514 545 561 562 569 619 620 653
12 35 229 259 361 414 530 540 567 570 692 932 977
6 56 357 480 548 562 619
11 66 100 102 339 497 524 643 663 926 929 936
14 87 116 149 402 576 716 794 831 840 882 912 919 959 998
11 2 136 224 283 357 469 494 705 830 956 967
8 7 89 480 526 540 572 593 881
9 1 24 69 121 167 232 378 557 791
14 34 78 99 164 231 232 303 337 497 554 632 750 779 798
13 49 78 160 303 322 411 536 655 666 698 833 862 914
7 61 113 248 581 594 601 972
14 74 156 220 278 359 369 444 755 793 828 833 917 969 970
17 7 117 135 168 181 195 232 318 334 359 475 594 661 687 767 820 855
10 5 166 233 318 451 489 577 651 760 958
15 9 47 57 129 318 368 475 526 575 645 729 793 825 949 964
10 122 171 207 220 409 492 635 645 789 872
12 146 276 296 363 469 479 492 521 538 591 786 896
7 153 214 221 258 407 455 543
10 136 360 473 478 690 705 722 788 870 892
9 50 118 246 284 317 685 788 810 863
12 197 206 207 224 363 498 574 761 769 787 827 888
7 381 416 421 491 757 763 866
13 38 54 261 274 282 327 339 409 631 655 763 873 897
7 114 265 404 434 781 866 997
10 34 160 188 207 277 291 412 504 655 762
8 9 131 580 623 714 719 847 917
10 41 209 258 286 461 477 635 715 746 990
19 58 78 113 150 336 444 452 559 614 624 645 740 756 874 898 923 937 944 979
16 85 96 127 129 212 238 338 358 447 609 615 735 768 862 881 896
8 225 247 591 666 696 701 708 832
12 110 131 267 269 293 339 533 587 601 689 697 819
13 55 56 74 164 171 412 602 672 722 806 906 934 967
6 87 272 286 356 455 880
10 38 43 137 204 341 452 664 672 787 789
11 24 46 146 264 316 366 391 395 455 527 625
6 138 287 559 571 572 902
8 8 212 490 492 663 839 904 943
10 222 350 398 486 622 735 803 876 894 989
9 13 75 134 251 328 380 497 620 700
5 184 324 404 569 673
12 51 79 314 445 516 669 677 725 792 811 842 913
10 110 284 306 309 334 413 570 677 758 764
14 26 53 105 200 284 321 337 359 374 450 456 494 772 982
9 212 507 574 665 686 726 884 928 963
9 30 203 243 249 327 376 464 648 704
6 15 34 114 715 814 891
11 16 299 302 321 379 674 677 707 715 969 984
8 136 156 353 375 455 750 955 963
13 37 157 178 182 190 278 349 556 594 749 913 950 955
8 75 204 412 442 470 555 626 662
8 98 240 297 333 414 851 928 989
9 97 101 394 404 493 531 550 602 605
9 55 482 513 658 702 717 735 910 989
8 50 182 400 548 663 678 843 934
8 28 98 188 362 424 451 822 919
15 25 41 50 195 235 266 349 412 453 597 712 760 781 904 908
7 246 432 604 685 712 768 796
17 26 147 169 491 513 526 539 559 576 595 672 824 858 906 909 955 975
10 41 89 129 269 286 313 392 456 725 862
11 23 36 152 178 255 342 553 646 834 842 956
9 218 361 550 593 689 713 796 884 910
9 221 376 425 533 680 736 753 879 926
7 171 190 249 311 454 626 758
10 7 77 88 158 241 323 694 793 884 914
7 416 611 738 831 903 939 981
8 127 349 350 357 477 486 874 928
8 57 74 281 453 564 595 600 791
9 25 70 92 135 149 303 353 428 809
9 260 292 299 315 347 675 725 801 900
8 51 166 326 445 598 774 819 847
9 59 249 454 718 818 839 854 900 989
7 66 133 151 433 556 786 827
15 131 186 238 282 370 386 445 536 736 799 841 847 948 967 989
11 16 23 245 369 477 482 552 898 920 954 984
8 54 465 587 705 736 907 960 972
14 62 131 156 239 375 403 421 475 490 534 577 730 761 827
11 382 424 524 532 539 650 865 868 956 961 989
6 204 228 371 602 803 909
3 271 589 882
9 38 211 334 496 498 529 617 751 840
13 9 75 112 156 220 235 258 270 337 352 597 654 997
13 22 36 195 337 347 463 480 571 636 651 813 922 977
13 61 75 105 144 186 216 282 332 340 395 803 834 849
9 31 331 407 413 467 742 775 807 963
13 72 77 119 122 217 309 551 608 625 712 781 893 979
10 254 355 363 594 684 687 702 727 731 824
12 38 118 198 209 341 394 599 655 780 793 937 960
10 85 240 260 278 377 396 442 607 774 870
7 59 114 713 802 812 843 887
14 52 65 94 326 361 382 498 560 662 668 789 799 816 978
9 80 224 227 297 346 489 623 863 905
16 32 82 167 176 215 249 286 312 399 409 475 623 636 659 772 774
10 33 238 309 397 509 709 733 813 836 856
13 28 230 239 516 528 572 698 812 842 939 952 964 981
16 192 353 374 414 529 602 617 622 683 702 706 728 830 886 902 908
7 143 239 346 362 608 867 992
5 142 444 762 765 804
13 19 129 296 310 380 381 479 722 759 773 781 816 871
6 189 384 441 468 553 635
12 45 63 81 148 156 178 235 256 459 547 572 861
13 47 104 265 321 449 479 560 588 624 665 733 863 890
11 36 43 146 527 542 567 604 839 882 893 956
16 46 51 114 191 227 273 291 302 349 552 568 654 672 863 909 970
9 47 74 318 414 553 572 756 783 907
10 118 253 411 472 494 505 559 698 717 870
5 21 106 271 504 670
9 64 322 408 534 600 617 702 790 987
14 162 310 355 378 460 501 525 554 577 640 703 743 865 946
9 9 169 202 300 412 415 465 680 778
10 58 94 122 127 146 508 580 770 810 939
11 24 29 95 289 553 566 863 934 956 957 963
10 9 110 256 297 778 820 848 942 987 992
11 0 272 418 420 645 668 695 863 880 897 977
11 47 56 71 176 204 470 643 759 760 821 947
11 174 266 277 344 437 477 484 664 721 731 844
11 154 260 547 578 628 642 902 908 909 912 954
2 211 236
8 55 78 349 420 478 847 854 904
8 214 279 351 383 422 500 582 776
11 60 116 243 311 391 633 700 830 837 838 840
10 54 138 192 194 354 614 719 836 943 997
12 59 193 230 400 468 604 670 730 812 815 930 988
10 104 155 239 495 609 628 788 953 962 989
8 176 265 335 347 595 713 718 894
15 62 78 109 184 189 290 376 392 428 654 702 791 813 901 922
8 15 260 384 585 594 777 830 903
8 297 519 534 570 652 730 765 856
7 161 178 445 575 592 753 852
9 325 442 467 521 568 626 949 959 969
10 138 160 170 180 297 355 431 559 855 916
12 29 34 201 297 412 492 529 615 686 907 924 968
7 95 106 146 174 354 385 456
16 185 207 247 270 286 342 478 546 561 641 739 812 838 899 904 975
13 176 186 245 381 468 567 584 707 796 876 888 932 958
9 59 194 257 385 541 568 706 759 886
10 35 95 100 499 587 720 765 886 919 990
6 411 444 513 530 824 997
11 4 27 86 171 229 389 390 412 480 575 949
7 26 179 220 221 250 434 735
10 119 129 180 203 253 266 296 370 682 890
5 405 474 653 730 761
6 9 71 101 469 684 736
7 145 171 225 441 575 827 857
10 17 95 109 213 308 398 471 566 685 720
11 149 363 518 530 579 658 789 799 859 896 944
7 141 167 410 419 442 509 999
9 168 209 307 367 441 443 669 817 987
10 12 167 181 226 333 426 474 511 814 887
12 59 102 128 239 308 377 415 430 483 525 669 979
10 38 346 459 530 584 675 806 834 866 990
6 67 474 563 588 621 904
4 133 929 962 971
5 251 338 510 516 959
10 89 224 364 390 479 607 715 737 804 818
10 25 177 283 385 621 667 735 752 815 878
8 41 155 421 434 523 762 905 915
12 15 28 91 186 264 289 430 479 485 648 766 777
17 80 96 124 160 244 254 291 298 338 401 463 545 555 608 637 938 947
7 18 217 337 746 804 841 851
9 28 36 47 67 274 302 720 861 934
11 44 47 62 67 71 179 437 574 723 885 994
4 604 725 870 935
11 38 73 133 193 539 737 760 770 883 898 928
6 330 349 351 643 808 860
7 126 163 289 574 688 917 921
9 14 75 83 90 245 248 334 593 906
10 5 47 190 464 507 574 755 843 913 917
10 64 165 275 378 575 589 599 611 681 706
12 26 42 138 286 419 458 493 495 666 685 694 995
6 129 233 317 396 525 648
14 131 205 317 324 341 522 572 577 581 606 623 685 745 860
11 107 365 372 472 492 503 509 720 725 752 989
10 11 19 319 425 477 698 740 912 953 985
10 58 62 127 185 286 474 694 907 943 998
11 64 108 185 367 379 397 487 506 575 693 842
7 84 304 510 688 696 721 975
6 371 393 589 781 782 783
12 52 67 137 200 306 320 414 445 523 599 954 960
13 44 76 189 247 255 439 473 583 589 665 728 849 961
13 47 194 253 385 388 391 395 532 602 621 648 806 926
16 36 137 149 269 308 318 329 360 495 644 677 727 740 810 873 876
13 124 277 327 394 432 446 474 596 685 695 912 916 969
11 23 48 184 469 583 593 619 690 716 780 830
9 140 168 485 585 649 719 753 833 850
9 55 325 345 374 386 501 620 690 741
8 54 55 59 294 484 545 724 890
6 60 216 466 686 795 847
5 261 313 555 856 892
8 102 127 146 361 368 476 642 706
16 36 163 253 276 295 363 378 395 497 509 602 649 696 747 839 978
4 378 519 789 897
6 75 119 139 805 842 907
12 122 140 142 169 195 242 620 633 679 727 747 922
8 97 134 363 434 567 766 903 957
11 110 281 487 821 838 863 877 898 901 909 932
11 33 239 354 402 589 600 601 716 758 787 825
11 27 91 166 293 402 447 489 706 728 741 799
8 29 204 373 427 550 781 782 958
17 120 180 212 251 523 542 668 708 717 721 758 790 836 880 910 939 967
12 66 103 399 435 541 739 785 818 854 913 955 970
10 76 179 225 320 323 413 582 583 801 873
11 57 212 301 304 342 364 457 635 713 795 848
9 91 109 117 138 292 327 548 844 983
8 41 185 325 523 611 630 744 767
9 85 199 245 535 736 853 890 918 930
7 267 540 759 812 934 949 984
11 151 186 226 236 287 298 557 577 627 653 662
11 44 132 204 276 466 552 637 706 818 895 908
9 43 106 225 421 679 760 769 778 853
7 146 158 432 504 689 811 968
7 181 364 526 589 599 637 776
11 29 64 73 127 458 477 515 527 748 809 922
8 41 48 318 366 377 419 591 725
11 115 134 162 172 280 289 447 712 800 832 957
14 69 234 267 291 293 413 454 614 701 714 859 880 891 963
14 43 388 533 598 629 639 738 740 809 862 930 940 967 977
6 297 448 535 716 741 768
9 81 203 424 432 482 629 653 856 884
11 25 70 147 170 314 507 583 678 742 835 852
8 2 102 161 186 316 322 632 863
8 77 252 261 421 472 483 579 887
3 538 676 915
16 77 105 227 335 402 526 533 647 658 662 725 734 806 817 878 939
8 127 179 537 596 604 827 855 931
7 2 125 152 473 569 772 942
12 79 159 328 368 389 564 625 639 656 812 942 966
11 149 284 427 481 575 678 712 736 907 922 980
10 69 206 292 444 558 721 770 781 876 982
5 214 500 542 929 950
10 63 236 254 473 531 728 764 808 853 865
11 4 71 161 228 328 347 659 690 693 845 956
8 58 95 134 404 417 443 964 996
11 6 165 306 363 383 429 561 626 789 849 992
5 260 347 627 684 694
11 113 241 344 368 452 482 577 608 653 888 914
11 14 69 119 129 333 341 360 442 537 626 808
10 52 201 341 393 543 589 596 795 862 884
12 14 37 66 88 89 273 285 373 749 758 784 868
7 27 284 529 788 794 817 831
11 73 79 105 138 179 215 220 672 772 855 956
9 82 253 306 375 468 673 959 979 980
5 723 758 835 920 923
10 19 157 203 211 260 364 393 417 818 934
11 7 171 294 347 366 590 602 616 617 622 996
6 71 149 204 261 848 902
8 33 115 249 274 423 689 876 910
11 77 243 261 311 435 440 614 701 762 922 939
6 232 290 372 625 644 706
10 47 236 480 556 590 624 682 715 774 963
10 63 144 186 388 421 559 640 763 814 871
16 6 97 137 158 173 176 177 263 383 458 564 586 669 726 756 852
11 204 253 304 376 491 536 567 607 667 709 869
12 93 115 318 412 487 498 520 619 634 664 802 867
13 155 404 450 605 670 714 715 719 747 816 821 946 982
6 18 248 538 752 781 841
8 0 93 149 206 447 464 618 901
5 24 55 56 114 630
11 222 248 298 347 489 568 594 691 750 824 999
5 33 359 662 798 812
19 40 88 224 279 287 316 384 444 518 577 642 662 735 773 785 884 940 946 993
11 193 370 506 628 719 720 904 907 952 958 988
9 190 195 227 393 458 646 686 693 778
14 88 131 139 356 421 473 490 533 586 588 670 777 899 939
8 144 154 421 495 507 872 945 997
9 109 166 293 361 398 454 644 780 967
10 25 45 138 391 482 653 723 735 786 817
14 105 234 324 376 389 437 622 634 646 648 699 835 918 953
5 87 265 318 325 902
9 6 115 504 553 573 598 602 759 821
6 81 266 306 344 955 960
14 8 66 216 217 337 359 429 617 727 836 925 927 952 994
14 28 30 45 59 60 61 150 227 259 299 314 443 759 888
3 219 668 693
11 29 224 247 403 410 417 519 542 763 790 833
10 89 93 147 375 427 487 526 740 907 943
11 17 47 56 153 266 323 366 375 673 910 912
11 39 110 247 322 392 508 679 715 748 794 908
15 1 40 86 217 313 453 554 633 640 731 760 761 803 863 956
12 175 231 250 314 408 577 695 724 773 857 880 975
9 116 136 568 574 637 700 852 919 998
8 22 69 91 228 249 374 435 642
6 34 42 85 272 277 646
6 227 404 458 484 605 939
8 210 335 563 622 645 875 964 978
13 12 17 130 395 404 412 473 559 607 666 817 832 993
5 30 46 129 507 605
7 97 194 282 343 348 889 953
12 59 88 126 212 418 432 452 507 553 596 619 889
11 170 269 330 523 652 667 724 748 830 897 976
12 74 352 395 404 465 553 644 663 664 752 812 817
10 38 55 89 127 128 205 317 684 724 743
9 75 199 204 422 431 577 840 906 984
9 36 50 69 77 561 773 812 922 998
8 129 405 566 625 657 876 940 947
10 80 133 217 282 283 363 515 664 852 965
12 25 106 179 248 397 516 747 754 796 848 923 951
7 333 346 558 611 663 841 921
7 16 161 281 316 608 650 983
7 231 641 705 708 740 759 825
14 31 137 142 196 343 363 466 520 533 620 642 702 801 803
15 115 128 170 277 280 290 304 441 557 627 746 748 886 965 990
11 45 333 365 495 569 575 661 758 807 904 938
13 95 102 112 149 164 210 607 684 810 879 901 935 967
8 5 84 112 433 551 673 676 895
7 37 40 165 210 462 892 964
5 127 336 479 716 938
13 94 114 141 383 409 543 552 621 634 666 722 765 965
13 167 178 242 362 427 597 609 654 694 714 850 863 877
11 132 154 176 403 422 457 606 643 767 788 805
10 13 36 79 309 476 500 709 742 830 981
7 49 52 112 580 671 825 944
5 75 432 730 902 980
12 58 59 89 305 317 414 498 613 707 820 964 986
7 14 26 65 227 282 535 818
14 48 107 136 235 311 451 463 588 673 684 732 769 919 949
11 7 12 101 142 354 539 548 616 682 879 901
13 63 67 132 191 236 240 279 341 346 420 522 533 565
8 200 248 257 289 414 532 694 758
9 218 348 550 615 807 845 913 917 964
7 11 81 259 290 322 815 915
12 4 193 221 390 486 501 569 808 851 909 911 981
12 11 61 235 272 281 454 467 679 724 727 755 762
9 58 120 619 669 689 756 874 933 965
11 25 119 186 307 418 466 593 774 810 853 900
14 28 124 223 394 492 494 566 672 688 691 704 853 874 954
13 218 294 401 501 545 655 692 735 754 806 934 964 972
10 244 284 409 441 658 675 723 866 929 981
12 37 89 141 231 327 383 544 565 685 705 851 945
13 94 122 287 321 322 379 463 595 715 846 888 923 998
6 91 108 171 298 313 847
8 134 195 259 435 574 614 716 839
11 45 54 154 214 236 237 451 560 566 905 924
12 9 93 221 375 480 622 668 804 823 837 945 975
8 85 144 403 432 450 736 843 855
7 16 68 144 180 404 497 649
2 123 136
12 7 165 279 297 353 374 408 415 649 663 664 938
4 145 172 306 681
7 178 181 201 226 601 855 880
7 119 231 456 604 835 918 940
5 18 411 834 840 911
12 226 262 296 468 559 671 700 780 834 850 883 910
9 184 272 313 438 704 715 793 873 978
11 8 184 200 367 637 684 804 843 867 912 966
8 0 81 166 226 312 406 710 985
9 105 171 323 422 449 495 710 768 908
13 223 283 289 308 403 438 479 695 699 720 723 796 965
9 98 133 228 371 568 576 683 732 733
8 81 129 226 236 331 336 596 716
9 15 37 134 216 597 630 720 835 970
9 139 221 342 590 613 718 724 800 930
13 5 8 26 84 190 311 453 480 568 575 576 683 979
9 138 246 523 626 684 737 773 954 990
13 100 168 417 461 511 619 625 663 725 774 951 979 994
9 204 372 404 559 592 923 929 951 979
10 51 242 243 269 442 563 605 766 792 887
14 122 320 355 380 393 431 570 608 612 667 778 848 849 924
15 35 70 86 98 278 300 329 331 336 381 401 531 537 539 578
7 37 187 340 428 639 687 733
9 391 435 460 611 640 677 750 764 954
12 64 130 502 507 559 604 685 707 864 875 913 970
6 153 325 383 727 783 912
13 62 69 138 353 373 440 499 658 663 680 713 926 955
7 192 320 515 723 881 888 924
11 56 151 183 387 501 574 700 704 783 869 883
20 11 71 78 96 102 155 177 184 299 331 430 458 491 532 543 690 753 767 888 931
11 88 130 247 261 567 722 768 779 843 940 957
17 43 48 97 141 150 224 359 364 451 486 653 668 674 846 860 916 952
5 35 155 195 383 614
10 41 43 68 111 479 680 798 832 882 921
10 278 289 320 400 470 515 627 777 881 943
9 27 159 334 370 454 527 578 600 943
11 42 192 215 259 528 590 726 784 835 894 966
8 44 159 164 363 426 475 697 728
14 68 122 202 255 267 296 309 310 584 728 768 875 900 964
14 46 165 338 355 392 432 437 470 476 597 609 688 758 921
13 13 292 477 551 611 629 638 720 745 770 857 914 972
13 101 123 264 512 573 656 721 728 729 749 893 921 934
9 11 108 219 484 539 604 714 795 942
8 194 420 639 686 807 846 884 913
9 244 273 321 354 455 519 648 812 912
8 43 114 171 405 516 634 878 961
5 279 317 430 717 962
11 195 203 412 429 454 461 667 787 902 981 994
8 176 338 403 493 644 673 677 690
12 7 103 228 256 264 334 358 380 422 620 876 933
11 118 350 439 613 671 736 784 826 840 874 890
8 70 185 202 240 573 584 700 873
12 23 246 293 327 377 406 583 588 620 637 653 915
4 689 773 880 885
13 161 207 313 422 439 534 716 735 779 889 914 928 985
7 0 389 393 449 796 840 847
11 225 433 437 452 521 575 662 757 761 847 874
10 293 409 486 570 617 641 855 908 934 964
10 145 189 193 347 373 447 466 607 687 690
10 6 15 96 134 175 192 282 402 736 781
7 42 193 278 318 487 738 748
10 58 74 143 183 274 306 628 652 729 845
10 33 87 116 119 174 224 648 708 766 920
6 228 638 678 796 805 853
10 75 243 260 302 441 579 781 810 820 956
5 263 585 626 770 779
8 147 392 438 483 552 836 874 895
9 89 300 380 454 503 521 638 689 892
9 60 101 361 378 414 649 684 836 929
14 34 74 80 281 334 439 586 623 698 728 842 871 926 960
8 102 113 324 398 522 605 661 926
11 109 117 261 311 368 418 430 450 505 603 908
9 64 79 81 94 427 547 552 695 861
8 89 105 178 386 625 721 879 891
11 248 355 470 477 540 589 846 847 866 890 906
12 215 258 297 308 329 412 473 506 582 594 678 873
9 146 196 485 701 731 745 747 762 899
9 154 406 530 673 675 905 940 966 971
4 73 400 430 474
8 2 351 465 504 607 656 662 790
8 128 204 361 375 471 613 649 951
8 91 213 302 488 618 757 900 993
9 18 20 121 155 336 462 495 808 991
11 233 254 346 370 441 527 746 763 777 896 993
8 46 130 175 368 498 601 619 977
14 9 145 168 180 287 388 487 634 750 769 838 872 928 962
10 32 52 63 188 229 502 533 558 749 934
9 35 96 160 417 422 457 514 627 705
6 190 463 567 618 689 954
6 151 218 267 528 620 870
15 65 225 271 276 309 331 458 499 682 716 728 847 882 943 948
12 28 187 194 197 220 228 461 667 852 854 864 902
14 5 31 59 61 122 138 420 603 656 790 862 870 916 979
11 235 356 422 489 501 623 660 890 895 897 964
12 26 73 112 120 161 219 258 423 457 522 634 769
6 65 164 179 490 700 772
11 63 144 147 200 203 352 393 416 648 759 956
11 49 53 128 184 295 379 398 766 803 874 954
6 0 273 633 809 826 888
7 99 120 264 281 312 786 994
7 195 267 449 575 780 798 912
9 161 232 329 425 486 550 667 760 891
9 203 230 459 498 740 886 919 921 968
13 84 112 367 414 440 484 500 591 715 743 809 951 976
15 221 241 299 321 443 468 505 664 677 704 716 892 919 921 928
3 464 967 987
13 9 27 37 38 60 137 243 304 476 591 619 870 979
8 13 83 122 309 478 625 749 971
9 68 104 298 412 594 726 736 984 996
9 42 62 63 83 177 218 371 649 856
9 7 98 215 431 576 617 863 872 931
10 52 89 151 371 673 716 767 864 920 981
12 20 45 169 215 227 310 348 392 465 645 692 908
7 126 587 605 632 683 836 934
8 50 55 85 236 381 502 607 621
13 27 40 67 126 136 299 359 467 485 606 640 942 979
10 182 409 473 504 513 561 631 641 777 814
9 165 275 356 486 520 521 616 646 719
16 154 231 367 372 411 476 587 648 679 689 719 858 862 971 976 987
7 10 407 469 497 669 719 964
4 10 45 218 450
16 71 152 256 315 462 499 556 600 620 630 656 682 712 833 887 925
9 151 454 487 536 604 632 690 764 958
12 221 307 458 520 539 605 667 694 719 828 863 915
12 90 213 265 310 332 334 407 701 793 891 905 930
9 36 156 323 681 695 822 840 869 931
6 139 192 218 236 513 859
10 199 222 528 582 633 750 836 859 873 923
8 10 194 400 575 694 885 905 944
7 16 424 694 734 762 909 997
8 99 104 183 499 509 573 606 784
6 31 47 470 708 794 937
6 258 341 410 417 560 865
11 87 140 199 342 428 723 850 865 868 917 984
3 673 700 723
9 191 306 640 644 730 738 827 897 911
12 173 237 320 427 625 696 760 767 831 888 936 999
9 299 346 500 506 749 801 803 904 915
12 63 175 439 450 500 570 621 757 794 811 867 993
12 217 363 453 477 586 616 635 734 825 865 911 964
11 27 202 224 245 250 335 399 669 714 784 959
9 45 50 123 584 602 604 690 821 885
7 4 154 195 216 605 694 868
9 53 61 104 257 269 321 535 578 935
8 44 81 148 258 418 466 715 889
13 37 140 419 472 510 530 566 661 739 772 854 930 972
12 1 33 126 141 177 285 568 584 613 683 762 949
12 48 183 191 196 460 528 565 652 702 749 791 883
8 23 98 276 404 819 900 914 942
5 123 226 364 412 682
13 77 108 262 269 309 346 363 469 647 671 769 824 880
10 122 153 173 437 588 618 756 759 838 936
10 9 251 263 360 526 583 697 755 794 806
7 56 119 298 505 621 633 675
7 270 282 404 593 606 788 810
9 63 268 301 620 695 827 849 863 864
14 22 42 104 123 209 362 404 425 506 598 648 657 814 965
7 48 53 252 457 574 701 734
5 181 246 557 569 958
10 148 245 275 320 604 616 658 776 929 979
10 3 64 283 353 412 575 618 792 803 853
5 35 374 721 883 999
10 37 47 204 232 372 601 687 751 851 976
7 179 674 719 768 794 875 948
6 6 146 162 455 820 828
14 49 100 249 362 552 579 666 682 704 753 766 789 926 978
4 654 697 708 826
16 98 107 244 365 484 562 642 675 707 718 761 773 805 854 919 998
5 131 350 423 662 852
8 120 149 254 353 449 455 548 678
11 10 106 145 150 157 315 334 336 634 711 752
7 38 55 154 324 616 777 952
11 18 96 204 234 660 758 866 919 938 946 997
9 40 95 118 295 504 640 695 862 960
11 54 253 347 541 585 587 598 618 895 916 997
9 274 343 469 594 656 675 716 719 767
15 74 82 104 151 176 296 331 388 401 407 565 693 797 862 907
5 136 147 378 515 816
12 35 47 179 279 339 499 638 762 829 839 861 977
5 5 47 49 550 568
8 8 39 197 330 402 565 835 940
4 113 272 297 962
7 19 363 374 530 559 563 686
8 1 157 190 340 371 378 528 956
11 48 148 180 240 298 413 471 839 846 955 972
13 149 175 181 304 326 394 398 529 562 673 844 957 971
10 20 47 86 271 348 367 541 817 865 947
12 23 37 48 88 173 403 440 521 624 724 842 935
6 30 82 128 579 762 892
12 30 53 82 140 146 150 217 746 751 764 802 955
8 315 424 434 513 609 716 840 872
12 67 90 207 211 213 326 377 411 540 684 885 939
17 61 174 184 189 214 221 273 348 398 439 483 511 543 667 705 827 899
8 51 104 394 398 493 721 754 926
11 60 122 154 217 253 281 306 325 338 747 867
10 162 404 418 526 651 652 849 906 933 984
9 191 267 447 548 571 674 751 854 927
10 20 21 72 156 357 615 630 642 719 997
6 36 57 217 642 663 923
10 165 247 458 510 586 699 772 818 822 837
12 27 225 229 247 265 435 535 594 682 771 963 992
9 180 196 421 434 524 529 750 843 928
6 172 230 448 557 930 994
7 297 309 452 522 582 696 781
15 7 9 16 26 77 121 182 496 501 557 609 770 830 961 997
8 147 197 309 361 435 534 772 965
11 125 214 223 225 242 257 283 457 678 736 783
8 290 295 397 419 707 758 818 894
13 39 63 76 259 486 489 599 647 766 896 905 912 955
4 174 401 863 898
10 53 107 212 229 370 537 719 763 807 961
12 57 59 95 132 172 304 458 491 558 583 643 796
11 45 104 113 170 375 672 722 747 791 820 833
9 35 228 270 283 334 395 598 716 956
11 0 17 29 102 127 354 396 422 681 768 823
9 116 262 315 539 557 596 660 858 992
9 133 214 224 257 591 744 749 866 932
11 20 113 153 242 418 504 640 796 880 893 961
11 57 77 242 385 467 545 695 718 742 744 935
9 78 98 124 141 226 236 290 315 524
10 40 454 475 617 623 773 776 822 967 975
18 11 18 103 148 168 208 270 386 407 425 505 524 542 645 685 717 894 926
14 32 98 300 329 332 402 453 496 506 525 676 868 904 981
12 43 217 355 498 513 537 614 685 768 788 821 851
14 134 200 298 331 349 441 462 497 631 687 845 865 920 922
11 26 131 142 204 281 344 403 636 675 914 919
15 41 75 169 354 422 573 587 722 823 878 899 914 955 986 998
2 703 970
9 111 214 250 343 406 423 808 838 870
1 403
6 359 397 433 463 529 692
11 11 74 167 261 293 377 415 606 760 916 983
7 75 177 365 580 739 800 848
9 2 290 362 500 522 542 554 629 821
14 6 126 141 153 290 317 440 493 603 702 800 882 932 964
8 13 302 464 471 534 543 557 970
12 47 49 229 299 334 369 400 467 489 689 762 920
14 47 85 231 239 346 432 435 472 504 538 655 765 914 974
11 197 201 226 353 497 521 536 630 938 984 987
8 84 141 290 313 330 379 703 920
14 72 137 138 217 452 476 603 740 768 793 874 875 899 936
7 74 147 295 570 755 939 983
15 81 131 272 294 340 400 456 490 519 727 764 847 900 913 965
9 96 109 175 279 282 399 448 689 704
11 33 253 280 347 417 470 653 668 714 869 967
10 16 27 162 169 307 444 632 693 759 847
5 262 264 423 616 980
8 250 303 396 504 580 621 711 920
3 69 499 607
7 55 266 496 505 628 815 931
11 38 40 166 239 324 481 510 536 647 665 741
14 26 299 313 353 428 468 477 553 638 680 910 923 940 980
7 62 73 145 248 522 663 959
6 128 138 608 804 822 910
7 204 254 257 326 390 435 834
11 17 423 446 450 561 634 657 722 740 874 983
9 17 262 272 405 426 684 690 911 912
11 4 154 296 324 406 498 518 556 600 650 848
9 179 345 440 499 777 831 844 975 999
11 162 235 306 327 346 550 580 581 770 794 839
10 18 50 160 210 355 594 868 896 911 936
8 12 227 294 311 336 431 518 755
12 18 61 62 74 159 330 495 604 670 742 964 988
6 106 308 313 328 500 986
14 39 269 533 591 633 655 713 767 786 828 846 860 899 950
12 91 203 216 226 313 427 445 479 501 539 708 779
12 230 236 381 383 451 463 492 654 735 918 949 962
5 123 344 640 737 811
7 60 128 578 688 732 936 970
9 173 335 444 530 578 693 768 865 951
16 45 47 187 253 264 281 312 414 435 627 700 752 847 930 944 981
7 127 149 171 354 549 649 732
12 18 56 69 71 133 372 620 647 776 833 930 972
9 272 424 462 475 504 558 659 891 954
8 340 539 638 690 800 819 856 997
9 99 191 269 373 409 542 795 825 922
9 34 138 277 656 664 731 754 779 876
8 30 476 555 598 665 817 877 880
10 17 24 59 348 453 528 670 700 852 885
15 96 136 253 269 305 306 439 462 551 668 780 823 905 918 956
17 18 40 50 83 100 336 343 383 400 409 581 635 742 826 948 959 989
10 80 161 299 336 341 383 487 659 816 846
8 90 147 225 633 660 679 790 892
12 56 76 215 331 353 548 673 733 796 800 825 918
13 201 298 335 403 430 474 484 506 575 686 715 724 798
14 31 136 159 245 319 379 414 627 662 737 795 834 944 998
13 1 2 87 193 195 297 369 502 523 877 895 912 959
6 152 168 300 309 645 661
7 17 357 388 433 533 893 940
12 4 78 80 104 149 286 371 595 833 876 986 996
14 86 287 322 350 361 431 460 494 517 568 666 822 831 906
9 0 16 93 414 546 579 753 809 930
11 115 196 373 460 536 550 558 608 740 810 813
8 268 350 605 842 874 919 987 999
12 30 87 88 93 227 406 431 487 713 778 898 996
11 5 100 265 273 446 458 552 589 898 903 911
9 239 255 323 368 501 665 707 747 836
7 108 155 409 416 634 718 849
5 214 384 508 597 713
12 28 186 295 362 473 504 532 548 583 780 862 911
8 141 394 398 496 529 697 764 868
16 18 132 188 280 337 349 361 390 399 451 574 639 790 888 922 958
14 66 103 190 215 217 228 374 407 604 606 690 825 911 955
13 7 15 23 90 177 233 308 426 565 667 692 729 986
10 59 132 405 441 545 607 717 761 832 877
6 211 222 371 422 651 983
12 77 107 256 292 369 436 450 471 501 619 626 887
21 15 65 229 231 277 412 431 441 505 524 639 657 685 719 738 746 822 830 893 959 984
5 28 304 371 811 932
8 48 372 495 613 686 706 753 998
12 2 221 277 308 319 559 628 652 782 814 894 933
17 43 110 215 220 280 354 364 506 511 512 525 698 699 877 924 941 996
11 159 228 325 393 455 508 538 556 601 698 862
7 76 222 236 519 586 793 981
9 1 77 420 535 549 683 734 756 787
12 43 56 140 151 219 452 694 695 719 732 903 963
8 13 313 393 582 694 825 906 942
11 36 85 166 326 388 411 434 478 517 653 661
11 9 76 261 293 459 507 540 730 774 839 862
13 41 99 132 141 153 171 346 530 617 718 781 860 923
5 18 154 610 622 951
10 91 371 389 411 487 548 626 806 812 934
8 52 65 121 345 374 470 575 914
13 27 45 141 181 214 235 243 254 294 692 713 874 978
9 93 180 359 407 550 590 679 807 981
10 33 76 245 345 445 514 549 648 738 855
9 6 139 298 356 726 729 767 776 865
3 391 392 906
2 553 630
12 6 102 103 131 260 273 504 715 764 818 939 957
11 107 135 170 248 409 647 677 681 706 758 922
10 72 261 300 354 425 523 627 719 748 802
18 17 73 92 93 200 295 300 323 375 389 486 527 667 712 861 944 954 996
17 51 229 242 263 352 377 395 437 473 487 494 558 573 596 863 877 934
8 99 151 245 429 604 687 872 940
9 117 170 397 550 601 680 702 768 922
20 72 167 230 300 307 500 501 502 506 546 558 580 593 690 698 714 722 764 870 971
10 10 182 190 206 218 307 393 396 423 931
10 161 222 245 274 424 456 544 576 925 954
15 65 78 144 353 413 595 609 638 719 766 837 849 919 946 998
10 207 288 312 373 393 410 516 517 729 900
13 232 325 335 337 368 397 570 667 867 880 886 923 976
11 87 105 115 208 218 259 269 400 728 818 974
6 90 297 419 491 709 992
9 2 132 227 239 317 368 408 625 790
11 141 225 243 276 420 421 424 452 473 725 738
9 61 424 444 686 709 723 730 937 964
12 122 168 173 187 358 518 701 729 765 815 872 930
7 132 161 324 459 659 815 923
9 30 361 394 651 654 698 859 862 948
7 24 139 147 394 405 666 923
9 22 269 512 522 540 697 799 857 869
17 75 84 99 185 201 306 312 372 437 649 769 815 834 842 846 903 904
12 108 119 121 188 251 273 380 433 442 491 589 795
9 200 209 399 650 668 743 800 882 927
15 35 37 111 262 443 518 690 708 728 789 879 904 936 976 995
6 179 246 528 615 806 807
13 74 219 227 262 321 345 485 623 638 675 782 955 984
5 231 243 263 633 941
6 130 265 356 601 645 663
5 154 337 486 737 793
5 250 599 601 932 992
6 27 217 423 459 824 886
8 73 205 347 466 572 690 771 778
9 236 239 300 342 459 577 595 679 851
9 258 323 335 347 443 714 769 780 952
10 95 284 424 469 490 520 530 599 944 970
9 55 94 304 406 468 510 584 806 927
4 126 545 572 579
14 28 41 201 218 301 336 553 653 772 860 894 898 915 985
8 108 174 230 412 548 674 692 841
9 27 342 372 576 659 799 824 831 949
12 39 58 213 368 535 624 644 791 798 877 969 985
7 74 150 297 369 534 697 777
5 68 439 464 521 820
15 88 109 242 245 284 288 348 364 422 555 590 713 822 842 876
13 144 160 181 252 315 318 345 479 534 628 803 832 939
11 60 102 160 209 255 324 484 519 614 816 851
12 15 24 67 122 187 324 439 550 687 789 886 905
13 27 71 143 202 293 368 459 512 529 561 571 619 984
10 33 68 69 296 320 466 593 806 822 904
13 88 276 406 505 572 625 683 712 719 835 875 913 943
7 143 173 182 353 620 730 802
10 21 203 240 402 445 480 548 591 722 791
10 59 250 355 412 494 519 558 647 709 958
14 75 103 263 392 413 421 546 597 606 623 652 718 785 872
12 67 255 361 468 477 533 735 748 872 878 915 923
9 25 156 209 274 423 448 587 642 827
8 3 41 583 746 804 810 844 866
15 89 138 271 286 478 528 582 588 752 775 791 837 854 866 913
9 35 144 306 325 339 399 436 550 603
9 116 134 138 295 370 400 701 859 879
5 12 27 130 772 940
7 165 257 542 603 655 709 861
10 172 203 309 417 466 499 554 641 756 802
10 21 155 158 255 308 403 677 746 846 942
8 34 41 55 413 437 448 648 659
11 133 229 311 388 483 662 682 748 913 933 975
13 70 102 131 144 223 244 274 301 442 447 586 702 987
6 17 26 223 244 693 740
9 150 223 408 411 589 808 854 924 966
9 284 419 433 513 523 806 817 897 941
4 246 306 768 939
7 63 118 312 482 647 806 982
10 67 80 242 430 697 860 882 919 930 943
9 65 66 169 285 355 537 606 916 964
13 41 62 80 136 191 237 279 548 738 761 791 839 972
12 11 153 245 320 462 475 665 684 727 796 802 886
13 54 113 171 530 595 755 766 772 789 830 909 969 988
6 0 17 87 402 543 905
10 58 61 110 133 389 507 623 696 743 893
9 51 285 323 514 521 535 546 642 896
7 233 248 283 425 658 668 736
15 17 45 103 107 180 342 393 438 446 594 600 666 790 907 984
4 9 39 559 839
9 55 305 416 483 667 755 890 893 984
8 119 136 191 243 734 754 846 919
9 260 397 615 617 657 666 737 806 960
7 10 115 247 346 520 826 982
8 135 299 572 714 765 777 790 864
9 84 124 129 324 346 480 520 543 759
10 4 143 200 205 379 390 636 771 806 947
5 238 355 446 550 991
18 45 78 196 226 269 372 535 704 739 750 763 784 786 800 804 880 917 920
10 130 348 365 426 593 707 739 852 897 972
13 210 276 282 367 465 611 783 834 914 932 952 968 974
11 23 114 258 262 481 486 674 810 813 919 968
11 66 156 227 349 370 447 537 675 771 809 905
8 87 256 521 650 691 875 942 961
14 135 140 168 179 252 272 305 336 339 427 704 820 860 903
6 128 139 171 675 809 906
8 14 92 194 296 499 539 693 944
9 168 201 366 632 730 731 735 875 946
9 5 136 144 300 560 664 760 842 896
11 193 269 285 312 331 336 569 660 784 881 991
14 9 117 200 246 254 289 360 582 590 712 725 839 883 990
5 77 116 531 657 952
10 59 158 359 447 547 595 757 812 838 946
10 160 241 300 315 524 606 616 834 844 998
9 101 508 582 603 636 673 690 758 763
8 379 597 609 662 836 840 869 971
8 104 132 183 304 533 745 754 846
10 61 242 345 357 522 658 666 685 699 910
6 39 433 481 549 663 801
14 38 67 118 122 189 270 518 538 575 770 847 882 952 967
7 14 58 506 547 647 918 996
3 561 894 999
13 52 141 166 172 229 335 356 587 690 791 843 878 932
7 51 111 285 519 641 673 754
10 76 260 331 416 687 759 852 932 945 979
9 56 58 230 320 504 595 655 672 922
11 106 129 196 387 388 637 668 735 808 821 893
10 265 288 313 386 396 419 563 764 915 931
11 139 167 245 317 449 451 496 510 679 823 940
5 166 379 582 722 772
7 166 179 241 468 534 611 820
16 37 83 117 148 236 377 561 567 642 701 789 797 818 873 886 992
11 51 126 166 338 387 433 438 508 573 823 942
11 10 26 119 205 301 343 753 857 891 915 966
14 32 87 106 140 221 238 452 570 676 735 758 816 904 946
11 37 100 135 213 380 390 413 584 830 868 964
10 2 22 28 40 161 249 568 641 771 821
8 43 277 365 444 607 852 867 963
14 375 414 426 457 567 647 664 735 778 799 824 867 890 964
18 13 72 116 119 164 233 376 438 439 457 473 625 628 653 827 919 971 977
11 26 45 158 248 291 342 403 615 640 924 985
9 129 225 279 403 538 578 680 722 999
5 230 354 388 516 953
11 97 205 367 374 545 606 747 760 960 994 998
15 32 174 265 297 326 341 474 551 661 807 832 845 866 876 985
8 26 251 255 276 370 371 446 543
11 117 164 246 474 528 550 579 772 783 901 973
8 59 176 270 286 380 385 440 708
9 139 173 234 264 492 657 937 971 983
7 14 41 189 325 423 734 841
4 104 501 598 983
7 191 261 509 510 732 774 929
11 210 217 414 647 702 752 787 812 930 940 955
8 13 146 206 455 561 715 776 872
14 56 75 105 262 283 475 501 556 559 682 695 701 732 922
17 45 66 137 147 149 157 159 241 266 324 354 493 506 538 592 716 870
6 32 407 474 494 538 802
10 123 154 276 515 516 522 569 607 652 709
14 68 70 196 373 457 555 599 771 772 852 912 936 957 987
11 142 299 390 521 577 724 845 846 924 954 981
10 123 284 516 525 605 643 683 843 942 963
6 298 411 508 627 734 823
12 65 134 151 208 472 475 489 611 719 863 878 935
5 4 144 296 452 912
10 62 310 468 493 573 717 730 768 769 861
10 29 34 69 227 247 389 434 458 510 839
14 16 74 112 369 371 433 439 449 480 623 638 676 706 966
8 330 407 421 546 623 764 811 815
13 3 9 84 180 227 274 292 340 432 659 672 758 852
12 7 11 241 354 660 669 687 694 716 755 890 921
8 201 269 428 609 769 830 870 963
7 43 108 349 362 456 738 774
13 37 79 159 245 261 325 385 436 533 600 660 724 806
9 32 53 75 410 417 817 911 920 970
10 40 51 125 148 416 473 617 737 787 827
9 209 388 411 530 544 818 897 910 979
11 25 28 38 90 107 110 264 283 306 426 979
7 207 436 511 524 574 661 978
12 141 181 182 347 485 724 745 761 790 839 950 986
10 12 29 135 194 267 402 504 689 931 958
11 67 180 281 318 375 410 412 481 519 684 929
5 333 334 437 527 916
11 8 147 186 232 251 433 457 476 798 846 877
7 92 261 456 484 507 656 841
7 65 234 351 450 487 571 665
11 38 131 148 424 600 671 690 793 798 834 921
10 10 84 170 419 590 604 693 752 829 972
8 33 254 350 449 476 557 669 996
9 5 63 75 191 466 591 643 794 816
11 1 69 159 237 335 476 518 784 807 883 915
9 35 74 120 209 241 592 677 678 752
7 179 309 459 575 609 623 647
8 115 117 370 421 464 531 625 723
7 4 171 241 302 349 362 854
13 3 82 141 162 291 314 358 430 474 908 945 979 990
8 23 111 172 240 678 698 735 812
15 83 102 164 179 197 307 348 520 605 735 738 763 842 991 996
11 137 202 378 460 507 511 591 662 761 792 810
11 78 104 212 338 457 578 673 699 710 813 952
11 121 150 177 220 238 273 307 321 559 796 961
10 102 141 162 254 323 392 440 454 495 902
10 104 124 149 162 241 367 512 791 954 995
13 99 107 245 292 322 388 634 636 825 883 927 940 956
12 367 387 518 522 639 643 678 682 685 881 966 972
15 4 51 162 219 228 322 390 408 427 483 591 639 669 866 871
12 20 87 95 213 246 365 407 426 625 764 772 780
13 56 110 281 423 437 531 608 609 620 705 808 921 932
13 20 202 268 366 435 506 520 752 769 835 841 897 931
11 176 228 414 475 557 614 788 889 924 950 988
8 28 58 72 211 213 365 516 806
8 3 251 313 386 649 662 666 828
18 51 101 182 326 361 485 487 550 555 608 676 722 787 799 809 847 949 979
13 14 46 120 288 445 494 607 619 622 630 806 881 927
11 6 211 343 416 422 424 485 487 877 893 914
16 23 46 128 171 239 258 273 293 339 607 658 684 713 718 833 862
15 2 74 288 342 375 401 510 581 634 702 724 731 733 769 929
9 177 378 403 410 694 783 848 867 916
3 317 504 721
10 50 108 226 409 452 453 548 576 604 937
6 317 579 737 750 910 920
9 6 90 97 112 209 437 468 487 584
11 50 198 275 373 401 451 542 859 888 923 993
15 15 33 168 251 262 397 507 528 585 653 655 674 730 787 860
10 270 412 493 508 632 720 835 887 915 938
11 48 180 241 599 617 691 744 808 830 832 914
7 0 369 432 578 693 780 983
17 3 12 78 100 157 206 252 289 372 424 440 469 496 704 716 983 984
9 42 208 349 526 570 601 870 989 993
8 50 519 534 623 643 651 738 866
7 45 74 133 514 729 856 926
7 204 348 352 383 555 621 931
13 111 140 156 245 269 293 309 329 574 624 712 759 785
15 40 262 306 340 386 413 460 563 634 671 717 775 836 860 910
3 694 741 784
12 158 271 272 425 498 531 699 778 811 840 868 990
10 83 167 220 321 417 418 473 764 787 954
9 74 191 357 511 653 668 715 749 814
5 310 374 379 832 902
10 154 300 306 555 722 815 820 842 949 975
6 160 204 340 569 804 987
5 119 473 546 663 732
11 61 175 184 252 361 529 649 754 919 946 962
5 95 275 647 886 916
8 342 400 401 463 486 652 703 984
12 18 140 307 317 414 554 748 808 819 827 906 968
8 31 169 219 313 333 850 980 982
16 120 162 224 371 399 406 471 480 656 715 721 867 909 943 964 991
13 94 95 104 246 316 409 567 572 591 609 685 740 860
14 52 106 123 148 157 277 286 324 447 479 566 596 662 910
7 157 240 260 413 568 712 866
11 60 180 244 307 505 541 684 767 887 961 979
9 51 175 199 287 523 635 663 669 690
9 5 121 133 224 316 452 556 800 851
9 123 225 428 587 593 600 811 907 958
8 5 169 198 429 468 564 649 949
11 90 94 130 157 261 295 583 698 845 868 878
20 61 140 278 330 351 359 365 372 421 440 476 502 522 617 645 729 788 843 846 954
8 341 347 353 369 393 539 588 625
11 19 23 272 390 419 460 783 841 874 911 973
11 52 78 119 245 262 311 349 488 603 627 827
7 177 256 485 808 809 952 992
8 6 58 93 175 228 755 791 998
10 58 149 246 396 407 610 618 651 749 881
10 16 198 460 490 501 568 719 823 847 856
11 57 121 372 423 528 567 655 789 807 894 911
2 854 966
3 620 725 808
9 104 179 222 325 379 603 641 780 946
6 335 486 501 545 724 738
8 4 48 128 159 262 467 561 847
7 136 236 330 389 548 706 885
17 74 131 195 287 398 400 401 475 489 498 542 832 883 884 902 919 958
6 273 287 358 629 634 953
12 111 140 356 367 373 430 494 605 653 696 707 867
6 89 274 300 786 801 953
10 249 344 614 624 638 688 856 858 933 934
16 93 120 252 338 491 516 578 621 690 740 762 796 798 934 951 998
7 219 391 437 752 755 848 852
8 20 359 609 646 672 686 886 995
11 153 158 193 488 501 621 676 781 866 947 995
5 168 307 645 791 916
10 84 97 99 117 119 123 169 218 663 935
8 73 182 196 347 399 818 902 942
7 31 465 805 817 904 954 998
9 142 158 279 583 598 726 744 839 968
8 26 306 331 464 466 521 929 935
7 207 317 400 430 482 585 851
6 7 215 738 909 986 987
10 278 290 491 672 677 694 715 828 895 904
12 26 70 127 167 183 310 512 555 557 580 587 657
15 51 220 326 339 375 550 609 668 692 722 821 851 969 984 991
8 192 304 519 544 641 676 829 849
