200
5 114 139 140 186 188
7 10 18 85 103 137 161 165
2 75 80
1 128
2 13 64
7 25 48 71 82 150 171 185
1 60
4 33 57 96 181
4 26 35 107 136
4 78 103 147 169
4 1 30 103 129
3 15 132 161
5 73 78 105 129 171
7 4 47 61 91 138 150 159
5 35 90 91 95 124
4 11 22 36 76
3 20 185 194
5 28 42 45 71 153
4 1 71 122 144
6 121 54 105 154 158 180
6 117 16 37 126 187 196
2 137 168
3 108 15 97
5 121 106 133 143 188
1 49
2 5 80
1 8
4 41 74 96 155
4 17 165 169 183
3 49 55 82
5 10 50 104 105 170
3 62 84 155
2 54 103
5 7 56 69 139 163
3 90 138 184
6 108 112 8 14 119 169
4 15 120 67 194
3 20 71 90
3 88 138 160
2 93 135
4 114 123 62 184
4 27 129 136 170
3 17 145 164
4 65 95 138 163
3 122 96 174
4 120 17 59 151
2 150 164
2 13 94
5 5 64 102 152 157
6 125 24 29 131 58 86
5 121 30 64 185 186
4 121 99 106 185
2 142 150
2 122 85
5 19 32 90 96 193
3 29 134 135
1 33
3 7 141 158
4 131 49 165 181
4 131 45 81 156
3 108 6 148
4 13 142 71 84
6 31 40 140 64 168 192
2 112 191
7 4 48 50 62 81 92 165
3 127 43 198
4 130 162 71 105
3 128 36 99
4 120 149 103 167
6 110 33 157 94 101 182
3 94 106 190
8 5 17 18 37 151 61 66 180
2 83 189
3 12 129 146
7 120 121 27 131 136 174 199
5 2 117 168 87 101
2 15 106
1 122
2 9 12
2 145 184
4 2 115 25 127
4 109 59 64 90
2 5 29
6 72 172 85 180 187 199
6 121 126 31 141 61 169
5 1 53 166 83 190
5 117 49 87 187 196
3 123 75 86
1 38
4 121 136 177 179
7 14 34 37 54 172 175 81
4 13 14 168 186
4 157 64 178 189
4 108 123 39 189
4 47 69 70 183
3 14 130 43
5 7 27 44 54 152
3 114 22 135
4 137 146 182 102
4 128 51 67 183
1 110
4 141 69 75 189
4 48 186 98 105
6 1 9 10 32 68 196
1 30
7 12 19 124 30 66 196 102
5 23 137 51 70 76
4 8 135 170 177
4 22 35 60 93
1 81
5 69 100 132 154 167
1 135
5 35 63 127 156 196
1 179
3 0 40 97
3 80 152 159
2 128 181
4 20 75 86 161
1 169
3 35 169 172
7 36 45 68 74 171 192 195
7 19 23 50 51 74 84 89
5 18 44 53 77 182
3 40 87 93
5 14 105 126 134 173
1 49
3 20 124 84
3 112 65 80
5 3 116 67 99 194
6 10 12 41 73 132 133
3 66 95 187
4 49 58 59 74
8 110 11 129 153 172 175 182 191
3 23 129 160
2 124 55
5 111 39 55 97 107
4 8 41 74 89
7 1 21 98 106 145 155 169
6 13 34 38 43 175 187
6 0 33 143 144 153 156
4 0 62 165 192
3 57 84 101
3 52 61 165
2 23 139
3 18 139 145
5 42 137 144 79 164
4 73 98 164 187
2 9 159
2 60 154
1 68
5 5 13 46 52 175
3 45 71 168
3 115 48 96
3 17 132 139
4 110 19 148 187
3 27 31 137
3 112 139 59
4 48 69 92 162
4 19 57 175 189
4 115 13 147 169
3 38 133 162
4 1 11 117 169
3 157 160 66
2 33 43
4 42 46 145 146
9 1 28 140 142 58 64 169 179 197
4 85 170 177 195
3 110 68 172
8 21 151 62 75 91 174 190 196
10 9 118 119 28 35 137 159 161 165 84
4 30 41 166 107
3 5 12 120
5 119 132 167 83 90
3 124 193 199
4 44 168 74 176
5 132 138 150 158 90
2 174 192
3 166 89 107
2 92 194
4 113 165 89 196
3 19 71 83
4 7 116 58 198
4 122 132 69 98
3 28 94 99
6 34 40 79 190 196 197
4 5 16 50 51
4 0 50 91 102
7 20 130 138 146 154 83 86
2 0 23
5 158 72 92 93 101
4 70 168 85 184
2 132 63
4 120 140 62 176
2 54 173
4 16 128 36 178
2 120 166
8 112 20 168 179 184 86 103 105
2 165 184
2 65 181
3 74 173 83
