1000
10 23 173 190 224 323 348 428 457 560 825
16 65 133 139 184 314 405 443 462 547 585 586 676 743 794 813 847
11 58 149 321 353 360 648 652 678 865 955 992
6 561 662 742 745 895 932
10 35 62 109 156 235 315 368 404 694 796
5 396 652 706 760 885
5 476 795 874 931 938
12 30 50 92 147 171 419 432 515 526 567 621 634
11 104 135 178 341 402 490 503 810 844 892 914
10 33 86 313 349 441 450 740 746 790 839
15 45 47 52 103 152 283 299 330 386 410 416 592 666 929 951
7 182 297 411 448 513 573 782
13 140 218 284 356 369 374 577 643 660 688 768 871 936
9 27 96 334 402 428 694 777 967 974
12 108 191 341 426 428 445 716 753 829 891 956 960
6 152 428 546 709 878 987
10 86 167 209 313 347 353 391 541 568 830
9 279 290 291 293 306 578 689 774 941
12 50 78 142 194 336 423 484 580 784 818 883 925
8 135 228 347 512 569 892 912 918
13 31 121 136 223 268 284 291 312 455 550 557 589 595
9 83 195 234 390 407 432 500 692 926
7 85 553 577 612 754 761 982
10 0 155 304 322 374 468 478 605 794 853
9 26 71 103 166 270 458 545 790 794
9 74 80 132 189 363 609 747 773 782
19 24 34 137 142 213 318 340 416 510 574 596 654 692 709 749 789 845 938 948
16 13 120 127 145 183 353 363 397 407 556 563 588 591 603 905 953
8 55 67 72 350 428 616 757 797
6 129 318 552 592 768 916
14 7 100 107 176 385 413 431 475 524 638 651 834 976 981
8 20 32 142 180 183 457 821 833
15 31 58 94 265 386 455 511 515 637 704 750 755 841 919 980
13 9 57 87 136 245 505 591 720 811 833 886 928 996
7 26 424 567 582 593 663 903
3 4 42 684
9 248 303 321 359 392 397 531 534 750
8 85 143 150 286 364 725 804 895
15 53 75 143 230 252 264 271 301 392 442 748 815 840 851 868
10 171 286 497 590 655 782 847 854 870 971
9 112 171 264 337 662 748 791 817 907
10 75 106 117 322 325 443 662 691 914 988
10 35 193 226 301 366 456 708 740 766 979
9 133 220 246 309 372 407 525 582 817
11 60 159 203 265 355 435 567 589 665 746 931
11 10 225 254 392 396 477 521 656 691 880 971
6 106 314 659 738 858 909
12 10 243 261 270 285 324 348 418 673 725 783 856
8 68 191 246 255 383 582 696 770
10 103 212 383 481 630 806 827 892 921 972
9 7 18 56 305 447 605 827 844 983
9 163 303 331 353 375 472 480 636 690
12 10 162 249 284 477 746 781 811 878 891 917 982
11 38 76 155 195 429 461 598 668 750 923 944
14 189 210 312 422 472 490 596 663 673 695 700 714 815 954
4 28 246 382 538
11 50 142 206 327 488 572 627 635 923 965 966
12 33 69 172 185 214 264 462 674 679 766 777 800
15 2 32 127 170 185 229 239 431 485 540 643 690 724 767 850
11 100 106 107 357 393 606 796 797 826 961 985
8 44 268 345 506 532 551 575 775
6 374 424 457 468 534 675
8 4 115 166 349 375 473 758 857
8 128 150 302 530 588 661 756 825
8 421 438 494 507 685 871 875 990
11 1 73 79 150 294 366 477 634 900 913 937
5 119 129 397 959 961
7 28 400 493 540 680 725 791
7 48 268 352 411 587 592 691
5 57 249 330 676 766
10 107 393 435 437 514 673 749 771 872 913
7 24 338 346 580 581 678 693
8 28 202 662 716 814 857 909 987
10 65 200 243 354 359 484 562 673 927 934
9 25 77 347 499 574 665 813 898 913
8 38 41 197 341 499 744 888 952
13 53 110 248 287 334 452 579 584 632 747 826 899 995
5 74 125 301 360 819
7 18 179 423 485 841 855 982
9 65 87 190 333 436 464 675 846 964
13 25 101 121 269 297 456 648 765 779 820 838 897 994
7 189 345 745 793 799 864 975
9 235 313 401 531 632 729 731 743 779
10 21 271 295 515 604 777 786 881 890 972
5 297 631 653 892 944
7 22 37 100 274 302 324 879
9 9 16 296 376 539 566 569 776 840
8 33 79 175 230 397 572 774 859
4 178 333 624 669
9 264 364 501 553 619 728 738 888 992
17 123 136 137 144 147 159 173 265 283 381 436 505 538 692 820 825 896
11 147 182 260 470 499 514 616 726 774 788 932
12 7 114 144 153 231 308 330 728 783 839 853 890
10 207 224 269 522 582 604 750 769 857 963
6 32 109 196 489 497 665
9 163 189 264 285 307 590 591 778 968
9 13 152 257 269 315 394 403 753 958
11 116 222 264 289 320 447 460 555 662 752 782
12 145 372 392 466 689 705 858 860 915 933 945 997
7 225 304 356 390 698 704 996
16 30 59 85 223 279 389 507 531 720 755 798 806 826 853 934 948
9 80 342 407 609 752 779 820 870 960
11 160 173 178 334 386 399 520 533 563 671 722
10 10 24 49 634 817 838 870 881 899 956
3 8 110 710
11 185 232 338 341 669 672 676 760 848 897 939
9 41 46 59 455 479 533 630 821 834
10 30 59 70 579 592 665 682 725 779 968
10 14 124 162 211 340 364 443 554 557 958
9 4 94 242 327 471 635 746 787 839
8 76 104 186 199 269 367 777 898
6 161 298 322 592 784 830
7 40 151 311 466 706 907 984
7 304 339 476 670 683 718 998
6 92 493 548 648 733 843
9 62 308 460 575 859 898 913 932 974
9 97 149 236 497 522 583 649 763 869
12 41 215 439 604 611 645 674 693 700 774 875 894
11 159 189 282 364 369 400 528 599 731 823 926
12 66 247 248 392 540 545 653 677 730 813 958 990
8 27 138 305 473 474 525 536 637
10 20 80 338 583 613 673 740 741 749 939
14 158 174 218 433 636 653 717 760 771 784 803 887 948 997
14 90 126 140 143 145 276 315 368 636 778 881 963 971 977
7 108 234 517 645 818 909 946
12 77 190 194 211 328 391 443 523 781 789 802 964
12 123 137 331 377 663 693 711 720 767 801 870 916
8 27 58 164 364 462 517 702 774
5 63 256 503 594 681
14 29 66 164 257 434 496 604 652 663 915 919 945 973 993
9 205 479 559 616 655 692 723 864 937
9 258 302 421 439 615 627 834 856 888
8 25 590 775 913 916 936 943 960
9 1 43 157 226 422 691 721 932 996
9 328 576 595 612 621 691 763 800 925
10 8 19 200 243 281 364 504 832 844 893
18 20 33 90 262 287 322 350 388 423 425 588 593 670 746 760 829 833 914
7 26 90 126 269 843 852 962
9 120 149 479 590 633 758 876 891 912
8 1 164 199 212 413 589 652 677
12 12 123 237 397 461 560 600 679 744 845 980 982
10 288 405 531 597 612 654 687 789 843 912
9 18 26 31 56 291 329 523 645 997
11 37 38 123 308 320 549 658 749 826 844 981
13 90 92 158 181 195 325 451 542 599 705 709 734 990
10 27 98 123 194 195 562 787 871 899 992
9 156 267 327 385 449 463 718 768 987
9 7 90 91 301 340 573 643 676 755
6 293 322 348 435 473 650
7 2 116 138 173 191 638 988
9 37 63 65 168 205 246 470 738 919
6 112 519 668 871 960 964
14 10 15 96 183 303 330 392 448 522 548 564 700 899 981
6 92 186 232 234 518 880
7 190 428 491 677 817 853 922
15 23 53 183 228 333 398 497 566 631 691 745 850 864 877 968
6 4 146 416 575 576 741
8 133 304 518 708 746 842 849 958
18 122 144 219 227 247 253 421 457 490 496 565 581 633 641 727 855 864 991
11 44 90 118 162 229 310 524 612 663 794 804
8 102 351 400 703 757 833 930 975
10 111 200 232 396 408 412 655 695 727 947
17 52 108 159 253 264 310 317 534 561 601 651 727 741 779 885 886 922
9 51 95 328 563 613 618 704 793 921
10 127 129 139 292 317 555 670 803 852 950
3 336 783 969
10 24 62 463 616 752 753 828 866 885 920
9 16 323 363 384 428 775 795 827 928
13 150 245 263 273 305 533 721 781 803 817 834 910 926
8 208 213 357 432 464 748 894 901
12 58 276 334 513 573 574 592 608 682 745 961 976
16 7 39 40 269 400 480 555 576 632 686 688 726 843 892 972 990
7 57 425 487 535 746 857 925
11 0 90 102 149 600 638 654 673 758 792 925
15 122 271 277 280 380 450 476 494 541 762 775 781 871 949 971
13 87 187 207 212 227 239 346 549 568 624 635 778 913
9 30 222 242 299 540 754 831 932 972
12 187 289 309 467 516 580 589 612 730 782 817 910
10 8 88 102 216 348 454 705 718 747 939
6 78 258 648 652 976 980
9 31 267 309 335 485 669 798 884 892
13 144 413 438 452 587 656 712 730 785 837 845 912 967
7 11 91 225 291 361 482 506
14 27 31 152 155 319 379 528 575 580 734 755 810 916 940
9 1 206 256 500 548 632 673 759 897
11 57 58 105 221 613 629 681 744 840 854 983
13 110 153 504 632 682 686 746 785 835 957 966 972 983
14 175 177 223 316 336 375 479 521 659 694 749 883 929 997
8 404 542 626 749 780 804 845 986
13 25 54 81 95 118 299 310 645 721 766 834 903 964
9 0 79 125 154 240 402 494 640 869
16 14 48 149 211 289 345 374 487 493 624 625 636 673 715 784 968
8 528 630 682 708 740 752 764 990
12 42 240 359 363 392 519 602 652 677 725 912 981
9 18 125 145 419 467 521 549 690 931
8 21 53 144 145 240 409 480 973
5 94 345 436 441 444
14 75 209 231 349 360 396 438 486 637 762 817 927 959 989
1 830
10 110 139 245 290 356 489 570 587 794 799
9 73 135 161 271 328 375 515 526 965
7 238 354 374 404 494 634 872
7 72 324 388 444 564 741 931
8 44 286 340 457 516 617 890 993
8 272 273 287 429 437 740 755 806
8 130 150 290 329 492 519 562 920
12 56 184 287 349 456 538 588 644 733 840 882 927
12 93 175 209 268 431 458 550 645 746 769 770 932
9 169 375 385 413 550 613 627 836 924
14 16 197 207 226 233 360 405 577 689 744 787 805 837 975
11 54 212 295 394 485 498 551 717 893 916 930
11 108 125 191 213 396 445 487 598 727 933 952
14 49 139 175 210 256 291 304 383 511 610 625 672 736 830
9 26 169 211 406 606 617 623 855 957
7 57 293 364 414 557 621 651
10 117 242 311 346 353 366 460 627 656 693
8 178 335 364 430 542 572 794 837
10 278 320 323 439 536 623 816 824 848 899
10 12 122 232 716 770 850 866 897 899 930
8 158 223 322 337 369 455 643 765
3 43 430 770
10 185 295 486 561 564 604 658 690 720 977
12 97 176 230 249 348 564 724 756 773 791 922 960
10 20 100 187 219 283 401 503 725 914 937
11 0 93 278 313 360 379 520 544 686 713 926
12 45 99 182 362 448 453 467 470 503 746 753 824
14 42 133 209 265 405 480 639 646 736 762 784 819 912 993
7 158 175 368 445 557 767 918
7 19 155 289 337 374 722 893
13 58 159 274 340 386 424 426 459 490 517 674 725 750
8 38 87 222 320 445 542 840 855
12 92 197 322 346 427 460 502 609 698 699 793 932
12 105 153 161 218 405 430 491 504 517 592 723 874
9 209 421 578 587 690 715 819 882 895
13 21 124 153 248 318 360 614 739 760 801 805 873 911
11 4 82 293 331 380 538 695 704 719 752 842
5 116 378 442 459 869
7 140 238 302 420 426 543 815
7 201 237 243 399 470 546 578
6 58 175 283 325 602 833
13 190 193 195 280 281 323 333 370 455 667 697 797 817
6 375 507 533 547 594 994
9 109 176 215 496 518 579 623 735 801
9 47 73 135 238 354 413 451 912 959
8 375 385 491 495 595 690 972 975
15 33 168 199 344 364 414 474 526 577 582 636 641 653 816 899
12 43 48 55 150 508 560 633 641 721 869 970 978
10 119 158 329 352 558 711 742 816 922 940
10 36 76 119 234 554 665 668 743 819 825
12 52 69 222 255 274 353 659 783 803 827 962 975
8 318 363 487 560 566 636 837 936
6 331 346 577 897 988 990
13 38 294 319 414 489 546 652 728 800 870 883 931 989
6 158 162 520 651 652 879
4 45 633 643 778
7 48 249 303 395 521 603 898
6 128 184 212 706 794 931
11 96 129 472 723 750 792 825 869 879 896 935
7 131 179 335 430 513 726 953
11 281 290 385 479 480 559 609 694 818 887 890
3 91 556 900
5 47 292 616 826 941
8 136 351 425 458 500 659 671 982
5 168 646 654 832 990
8 38 40 57 89 95 97 162 570
12 32 44 90 226 327 360 411 429 676 759 898 974
11 313 323 410 488 555 633 722 748 816 976 993
9 146 180 517 619 640 707 861 908 966
7 20 60 68 207 593 709 811
15 80 93 96 110 137 171 306 412 413 416 450 573 631 860 864
9 24 47 300 368 657 722 730 841 867
11 38 83 174 200 281 593 706 739 781 930 933
10 204 319 489 522 562 591 682 835 855 992
11 168 204 385 448 464 525 534 553 554 639 955
9 85 229 249 389 424 636 651 836 931
5 411 820 824 969 990
10 123 170 425 567 593 626 658 797 872 943
4 174 596 685 829
10 217 224 346 355 401 416 450 494 766 830
9 17 100 287 390 417 457 514 619 899
10 174 240 372 398 460 509 608 629 736 964
14 135 240 259 271 301 303 431 671 725 758 788 887 912 917
8 118 472 543 728 779 798 906 925
10 10 90 223 239 321 453 586 626 715 934
10 12 20 52 420 425 477 650 678 784 894
8 47 95 509 525 569 733 765 942
10 37 39 203 375 594 681 707 833 934 963
10 76 136 204 206 279 531 584 652 723 791
6 141 303 468 495 548 611
9 97 177 191 228 327 400 579 701 999
12 17 199 205 259 378 448 618 661 863 897 917 955
11 17 20 142 182 212 436 664 767 806 938 997
7 164 261 300 767 838 851 854
9 17 148 214 235 345 412 593 810 822
10 65 252 351 385 413 639 659 709 825 829
11 83 210 221 304 306 319 353 409 439 450 798
10 86 311 430 436 450 507 553 609 968 994
10 11 80 84 323 378 409 439 716 790 945
7 111 424 598 650 720 873 876
14 10 176 189 324 482 495 529 609 614 629 645 801 802 817
13 270 292 387 581 733 741 830 845 852 869 936 942 986
11 38 42 77 147 281 379 426 565 658 690 817
11 63 85 131 237 479 568 575 577 597 621 711
16 36 51 152 255 281 288 309 443 536 540 622 632 644 719 725 858
15 23 99 113 157 212 295 535 567 603 620 624 704 830 908 960
13 50 120 168 314 432 463 509 645 681 835 838 943 988
17 17 269 295 338 422 471 473 506 511 565 579 593 709 732 807 817 831
5 95 446 557 687 877
10 92 115 143 348 352 398 555 586 694 893
7 43 177 180 303 385 827 905
15 159 162 189 546 550 593 644 676 678 699 746 749 855 917 982
12 112 215 296 331 389 392 460 571 577 764 874 904
7 20 54 360 387 686 756 865
13 9 16 82 224 266 335 379 415 630 656 689 825 915
13 1 46 305 431 532 593 616 647 720 751 821 932 941
8 4 96 123 444 500 543 646 787
6 187 427 481 618 631 796
8 162 164 356 545 564 775 893 972
11 26 29 234 250 487 601 705 714 813 961 971
7 183 252 272 295 484 546 806
9 97 143 217 230 406 434 720 726 896
11 2 36 283 331 346 432 488 498 707 740 802
12 23 41 111 136 148 219 231 458 548 657 719 958
14 0 167 217 240 266 297 519 546 607 797 815 877 972 973
10 47 85 202 299 423 520 589 647 691 718
8 41 144 239 353 575 806 874 909
5 471 509 866 980 981
12 56 109 146 265 289 422 513 539 605 741 873 926
12 125 134 163 200 334 419 452 478 604 691 893 924
12 142 205 247 436 461 579 689 726 777 787 905 988
13 10 69 92 152 348 440 533 621 642 716 736 754 910
10 51 126 235 251 311 321 356 472 849 888
8 337 620 657 798 799 823 874 972
10 79 88 155 240 492 496 543 623 972 990
9 13 76 102 170 328 484 579 896 947
10 180 216 258 313 634 684 694 708 750 776
9 18 165 187 395 474 725 756 816 967
11 40 219 228 332 352 545 590 867 922 945 977
12 71 105 121 306 372 488 522 563 661 827 944 953
4 113 432 766 855
10 26 108 147 203 229 520 760 761 805 876
8 8 14 75 105 428 510 770 887
6 101 434 435 645 803 983
7 357 383 506 644 795 866 984
3 245 390 575
10 60 81 191 196 293 558 806 888 907 997
15 71 175 215 231 251 278 321 349 404 419 510 600 635 948 978
12 16 19 74 348 377 487 502 536 581 640 679 873
13 0 47 148 178 222 308 330 347 526 675 708 857 979
11 9 62 197 206 346 460 605 769 817 840 999
7 28 136 406 612 650 705 789
11 160 262 294 477 526 584 593 603 698 820 863
11 68 247 308 337 380 687 825 841 870 898 979
13 2 16 27 51 215 249 295 325 534 702 751 956 998
12 73 201 243 413 519 594 599 607 632 676 882 956
5 44 278 452 551 633
14 12 99 199 317 331 376 408 502 520 570 620 763 909 989
7 59 169 343 380 508 585 620
6 487 523 602 798 859 903
11 36 73 193 385 424 450 629 643 673 866 885
17 2 77 197 209 224 234 265 312 465 466 511 518 622 629 691 729 976
9 182 463 580 619 693 754 829 862 949
9 225 458 474 490 673 675 711 713 717
11 25 27 167 193 250 385 396 531 678 872 911
17 37 89 108 118 127 135 214 216 245 416 448 646 729 784 946 975 989
9 432 537 583 793 846 854 910 920 956
13 42 65 215 619 739 740 789 810 845 914 926 953 987
10 110 384 386 455 619 719 854 933 944 961
10 4 123 227 270 435 452 504 544 549 913
6 12 118 219 694 795 945
7 240 429 431 703 816 901 985
7 573 682 688 705 764 811 812
10 43 98 280 338 518 659 713 775 862 997
5 499 558 640 738 774
12 12 23 61 191 201 228 430 454 461 594 643 801
12 51 62 187 200 208 241 244 286 479 880 930 945
3 86 356 626
8 126 347 536 691 750 866 868 966
11 236 290 297 417 502 525 652 689 704 729 826
9 183 224 301 313 536 553 572 696 815
10 174 235 352 357 434 630 652 658 663 746
10 90 471 527 554 569 840 853 894 895 937
9 55 630 698 842 856 867 896 917 956
8 48 49 212 343 705 725 802 954
11 167 367 393 400 435 657 835 841 851 861 872
13 30 146 208 244 259 273 294 309 359 363 459 515 905
8 10 32 102 229 367 403 602 617
8 300 312 493 690 755 851 900 956
8 136 202 527 607 610 800 802 807
6 100 274 311 937 983 989
11 21 99 279 344 430 532 568 671 736 778 828
7 16 125 461 465 546 578 589
12 36 38 45 98 119 152 193 311 681 785 923 938
10 59 70 384 402 695 747 753 826 868 945
7 96 210 500 715 882 927 955
7 255 336 456 519 642 736 739
13 5 45 161 197 211 363 423 556 571 708 728 836 974
9 27 36 66 87 140 519 644 844 855
9 155 280 308 582 658 677 840 949 956
10 102 238 431 456 488 510 553 789 969 970
10 67 118 160 171 289 384 644 715 777 988
13 82 223 278 404 441 489 541 663 701 776 817 839 911
12 8 13 190 393 448 517 640 662 685 766 884 951
8 96 386 420 426 701 802 854 992
16 4 188 201 346 401 437 497 525 570 598 613 725 758 795 830 840
8 1 141 209 226 232 558 571 909
11 213 320 350 433 538 652 774 848 893 963 991
13 21 27 43 101 494 658 662 676 823 860 946 978 984
9 161 356 478 533 542 556 673 846 911
8 195 295 297 466 476 693 847 898
9 10 266 512 600 772 853 874 912 972
10 11 68 265 275 513 778 817 836 950 988
10 161 269 293 443 617 703 748 789 866 903
17 30 139 181 208 243 269 294 354 450 517 550 770 778 809 887 938 946
9 214 245 252 420 566 734 877 895 988
7 313 448 493 556 680 806 886
10 10 26 156 269 278 364 491 666 845 980
17 279 378 433 554 563 580 628 636 757 800 820 839 853 888 906 966 998
13 47 444 468 565 665 688 706 754 765 830 927 976 995
10 7 194 328 346 565 577 620 664 833 937
11 237 284 403 414 488 557 561 617 683 795 975
13 64 131 158 233 432 508 662 671 802 840 939 959 996
7 54 133 306 327 709 799 920
9 18 78 136 324 396 696 857 955 958
13 34 61 229 274 298 359 636 731 742 754 903 928 937
11 136 172 262 276 284 464 608 713 856 900 933
7 14 229 237 301 403 515 762
7 231 316 619 694 823 841 948
18 0 13 14 15 28 154 167 341 446 462 494 496 605 644 690 779 855 941
7 53 204 265 370 546 783 991
15 216 220 232 258 296 374 390 447 504 567 639 720 819 858 947
15 30 58 207 281 314 370 399 486 548 561 582 620 720 808 996
13 7 21 169 305 321 339 365 421 571 705 799 906 992
10 122 406 417 531 557 583 654 657 798 842
9 129 320 342 380 539 595 647 790 833
11 44 70 148 342 368 384 466 479 497 585 999
10 79 90 196 291 296 329 541 594 595 928
6 70 204 404 771 939 986
8 64 181 197 462 465 952 968 972
7 117 131 217 295 297 782 959
10 330 450 462 476 483 560 625 631 860 897
10 9 196 401 487 493 546 590 912 945 955
7 38 236 701 706 755 809 931
7 1 41 108 125 303 412 850
11 196 202 315 418 450 539 718 735 768 779 791
11 14 211 227 230 495 669 738 767 785 915 989
8 307 428 590 594 684 771 948 954
6 50 97 430 521 830 839
15 11 152 225 273 290 364 402 415 547 682 731 763 882 898 902
7 146 462 526 547 616 742 785
16 9 174 269 278 295 296 359 413 440 444 454 462 584 706 720 987
16 144 243 452 518 529 552 563 624 708 776 851 903 911 925 990 991
10 76 181 328 355 368 451 502 535 788 843
4 225 283 491 792
11 178 374 450 514 571 612 649 689 690 870 970
11 20 32 106 219 240 367 559 653 730 819 971
7 42 80 206 395 399 895 973
13 0 31 61 158 203 279 544 548 557 566 585 793 828
10 24 207 262 322 362 507 585 606 811 942
8 229 236 385 563 643 917 923 928
9 97 115 215 231 280 311 349 623 782
9 53 140 329 374 391 537 664 687 804
17 1 57 127 428 438 440 449 450 651 767 858 867 868 888 899 908 971
11 146 166 305 361 583 599 667 680 739 835 896
6 79 169 273 425 701 947
10 360 391 438 587 596 659 664 734 776 949
7 98 112 360 409 435 897 957
9 177 194 225 500 538 570 634 726 883
11 23 61 288 418 585 629 652 781 886 890 975
8 499 513 531 559 587 901 940 986
10 91 150 225 238 489 654 720 737 842 957
8 109 306 326 381 512 708 800 814
6 51 54 257 282 331 945
10 62 120 148 306 604 698 907 916 917 943
11 120 245 336 362 499 563 698 711 778 833 954
6 30 560 628 678 685 800
9 6 113 174 409 440 480 486 727 929
9 45 52 65 284 351 552 691 743 744
8 23 328 408 551 670 724 777 802
17 106 130 138 187 259 302 375 435 509 574 589 670 687 899 974 980 991
12 51 171 195 226 259 476 526 758 802 875 984 993
8 49 316 607 665 806 865 894 946
7 182 299 528 603 635 746 831
6 440 491 594 628 779 913
10 18 73 319 334 520 583 676 814 834 847
6 58 78 180 210 736 929
9 197 221 431 476 518 591 670 738 800
14 172 191 211 250 318 347 358 441 536 595 694 721 730 991
9 56 266 321 338 399 420 604 605 616
9 94 199 252 272 401 470 642 662 833
10 8 54 158 229 362 630 751 770 911 992
15 154 232 244 416 453 483 554 583 606 631 678 741 762 769 849
8 205 333 692 726 745 773 841 866
9 67 114 191 387 415 441 680 756 837
14 64 174 190 201 278 407 428 747 761 767 903 907 942 993
11 244 288 299 445 520 669 682 847 850 934 959
9 129 158 242 333 428 533 547 786 821
10 39 94 116 155 404 435 511 567 809 945
10 210 321 560 603 683 796 804 898 946 953
8 74 75 91 373 469 474 744 846
11 21 184 262 315 394 467 694 773 800 811 968
4 89 620 843 884
11 231 347 356 378 452 535 688 725 961 974 984
9 8 128 223 225 515 594 773 792 872
8 135 186 232 368 430 519 579 615
6 33 90 563 786 794 860
11 60 182 306 343 580 658 713 724 739 764 880
10 64 100 241 296 458 563 575 613 696 703
11 246 357 421 512 603 787 807 907 911 954 978
6 280 285 305 326 479 894
11 26 341 346 399 590 637 640 758 783 891 923
8 32 212 306 360 497 818 897 906
6 19 410 471 508 699 782
10 11 170 258 327 411 469 806 832 851 879
10 70 91 279 454 600 721 789 832 921 996
9 7 32 83 200 385 426 503 724 832
6 177 203 539 765 903 913
11 124 127 229 232 267 402 413 632 639 935 971
11 153 157 242 360 372 451 486 617 668 670 827
14 151 193 205 323 354 395 397 504 631 697 738 753 755 868
10 102 224 253 324 340 356 484 495 674 730
11 45 187 194 255 447 548 658 668 670 696 702
10 93 116 152 272 338 697 806 928 933 968
7 125 142 358 533 666 769 978
8 30 159 558 634 698 722 822 990
9 43 120 273 285 378 404 738 906 980
12 7 200 245 348 351 449 480 612 670 872 874 948
7 381 388 546 552 560 647 690
13 118 183 192 482 604 626 631 664 665 715 719 863 983
5 299 451 735 738 937
10 63 663 667 705 732 736 774 920 924 998
11 36 82 100 141 287 363 433 469 878 935 985
10 60 314 390 659 680 702 785 836 877 997
13 102 106 168 241 330 408 496 523 599 636 729 806 945
10 36 61 162 273 353 630 708 721 748 772
5 172 304 452 502 751
18 120 217 303 347 377 379 487 555 595 670 682 704 815 826 902 930 956 979
7 365 461 648 728 754 775 946
8 55 90 206 235 406 467 946 992
9 86 327 434 444 516 600 636 893 953
11 58 67 119 176 303 585 592 627 811 875 966
8 16 174 401 436 735 823 861 871
9 144 188 216 230 408 689 830 838 841
10 237 282 315 333 567 616 661 730 844 879
12 224 368 457 583 589 626 631 699 839 929 960 984
8 24 119 317 337 629 786 806 866
16 15 238 252 310 319 323 391 429 441 527 650 802 831 882 893 970
7 1 241 448 449 496 888 958
16 114 152 184 288 322 431 457 521 561 618 659 660 692 700 817 973
9 143 175 194 368 629 632 721 825 855
12 20 207 208 310 413 610 644 680 781 892 907 977
5 60 210 355 478 967
8 29 451 477 527 634 669 678 731
8 22 89 273 296 379 399 628 857
11 108 248 273 381 417 491 590 629 637 839 992
9 97 164 171 266 308 536 836 935 945
8 27 260 396 408 415 715 885 934
12 20 108 214 227 307 420 433 457 617 694 742 759
6 247 345 373 405 524 876
7 130 259 455 469 570 690 889
12 0 140 246 250 440 475 498 527 620 642 851 920
13 3 162 221 420 431 548 595 608 636 699 708 711 962
8 73 145 205 272 711 787 925 965
21 27 102 163 338 417 451 459 474 505 507 598 620 679 711 767 781 824 872 883 924 944
10 152 202 221 222 317 581 728 777 801 835
9 158 301 306 418 419 693 738 890 989
6 86 155 250 414 457 950
11 7 34 44 276 304 430 497 543 598 600 604
10 16 175 302 390 604 613 720 750 801 920
6 19 86 285 381 784 927
9 199 264 356 404 467 559 657 896 906
10 311 396 405 432 454 756 764 864 937 970
14 56 87 216 379 595 663 709 776 781 813 864 934 981 992
8 11 147 170 269 371 588 610 730
6 26 74 170 479 858 882
16 60 115 156 183 302 325 344 507 594 668 681 806 825 879 894 899
9 134 156 171 602 723 850 861 888 957
14 12 22 209 245 251 302 311 419 629 727 837 857 922 957
14 17 233 238 391 609 677 738 786 807 839 842 860 894 970
12 76 107 242 289 306 329 334 504 699 774 852 985
9 18 71 177 183 361 417 506 980 991
6 71 158 300 347 564 592
10 34 43 48 93 245 398 431 691 807 911
15 116 121 365 433 463 484 491 544 683 756 814 844 933 985 987
9 76 287 351 450 598 603 656 693 708
13 1 357 435 457 458 468 540 618 665 726 751 757 990
7 1 283 308 618 645 737 819
11 68 181 199 233 465 469 802 861 923 924 986
7 27 63 136 206 573 766 773
10 20 44 139 177 324 391 479 544 840 932
12 39 95 132 138 337 441 446 510 554 832 890 996
8 27 33 95 272 486 708 875 949
13 10 29 68 107 111 170 232 540 581 651 836 867 883
14 34 136 268 271 276 293 306 310 314 351 807 843 895 993
13 128 241 286 354 374 436 446 483 503 575 624 686 962
9 20 134 244 434 436 487 536 561 572
6 26 54 277 465 649 781
6 141 302 648 673 702 800
12 53 211 298 404 563 567 584 646 684 760 783 993
9 118 144 354 463 533 655 759 943 971
14 140 173 346 410 514 539 567 608 650 850 872 885 949 972
4 162 318 771 940
8 193 239 358 386 576 767 771 986
18 27 255 304 351 482 498 508 584 630 824 835 845 876 887 895 904 958 992
15 83 93 117 129 221 328 473 488 528 567 568 812 917 944 995
7 23 50 327 349 428 488 740
12 59 213 458 491 607 629 675 697 772 843 917 931
8 323 354 388 481 606 792 806 848
10 170 280 425 561 600 637 666 735 801 924
11 25 101 231 259 296 299 578 614 656 776 967
8 212 388 550 573 633 769 809 811
7 117 288 625 680 766 855 942
12 22 134 141 159 177 350 454 526 614 712 914 991
9 121 163 185 208 404 507 568 626 708
6 234 299 609 612 820 876
5 131 504 681 697 931
11 28 91 130 166 261 314 449 488 543 726 838
8 203 213 386 412 420 518 557 894
8 163 290 316 548 585 586 648 685
10 89 267 279 361 366 367 427 698 805 850
15 304 332 356 357 419 431 501 560 563 670 691 765 897 928 979
7 7 134 214 302 330 743 858
4 303 360 682 868
10 213 217 242 333 460 709 722 894 964 991
10 88 175 191 304 451 594 783 829 983 998
9 191 212 440 611 702 736 781 786 897
11 188 276 283 376 528 544 613 716 822 956 993
12 56 131 208 215 540 675 677 717 791 800 809 939
6 417 475 483 553 735 827
15 185 280 299 359 360 468 545 549 554 577 606 679 952 954 968
12 49 106 192 313 380 382 490 534 603 807 865 986
12 84 155 269 316 440 491 519 528 544 790 833 914
15 76 82 171 184 186 303 354 517 549 709 710 715 857 872 875
10 138 158 246 254 266 355 610 771 809 831
11 7 65 103 201 335 467 524 552 682 759 969
8 56 109 175 346 482 659 750 942
15 51 122 123 191 245 250 274 417 424 533 539 561 725 767 989
11 32 120 197 510 554 608 646 790 800 873 900
7 30 149 173 673 682 873 977
10 226 273 294 430 517 746 771 775 794 931
12 190 267 347 373 402 510 722 743 789 871 888 943
7 158 245 246 658 779 903 965
7 330 395 489 560 652 777 951
9 12 58 147 219 254 359 374 459 913
11 206 303 310 343 397 400 428 550 665 767 934
12 117 124 142 189 207 299 305 342 586 922 935 973
8 226 263 315 364 598 637 655 666
8 314 324 434 527 677 744 791 881
10 2 80 114 179 537 597 618 746 839 894
6 116 454 596 764 767 780
10 148 284 298 350 546 600 660 766 797 865
17 30 162 214 253 274 462 592 654 720 727 859 883 901 916 932 941 972
17 2 5 129 139 179 193 252 253 287 378 380 406 468 642 879 903 978
9 84 119 122 245 455 659 686 761 972
9 26 141 173 263 433 470 651 819 857
10 39 130 161 599 646 684 686 852 853 945
9 45 181 215 313 584 609 746 859 876
10 270 322 332 384 433 570 683 704 757 953
13 143 221 276 301 380 398 407 506 521 641 751 865 870
14 46 187 249 262 294 372 465 532 548 635 653 845 874 909
4 12 548 650 967
6 63 290 338 543 924 997
11 3 40 41 72 97 402 407 421 489 730 983
13 34 54 126 129 159 380 401 530 572 678 868 888 985
8 291 419 461 465 528 761 889 916
13 44 74 94 107 248 418 481 528 585 644 667 812 879
10 10 416 523 608 646 680 689 746 847 886
4 240 463 530 665
9 53 151 248 518 521 575 787 796 960
14 88 105 180 445 495 552 671 712 843 849 867 887 907 993
12 113 136 164 478 479 486 518 521 526 536 620 909
11 102 262 281 390 421 669 684 793 824 946 977
6 105 212 763 800 893 988
17 47 54 70 73 121 173 184 191 359 362 408 597 638 710 862 865 894
7 57 117 229 520 815 920 992
8 61 79 348 362 606 627 771 811
17 1 69 105 147 265 310 354 407 484 695 704 787 909 960 972 978 996
11 119 139 154 193 398 578 627 647 725 788 808
11 2 71 284 310 363 475 491 552 663 787 982
9 57 140 347 563 629 804 873 939 947
10 67 415 463 493 532 550 611 666 689 694
11 128 185 286 305 392 575 615 688 752 969 978
16 107 170 186 192 272 371 448 495 536 622 634 638 782 845 974 992
7 113 420 498 583 657 959 978
11 35 335 446 598 655 671 690 774 820 838 887
11 64 277 402 475 618 702 804 845 924 939 998
9 171 186 224 312 594 653 655 716 947
8 141 307 352 461 479 730 731 958
8 12 171 371 418 502 681 741 845
11 17 98 209 313 329 378 454 542 666 680 870
14 51 58 194 221 233 244 301 387 428 454 527 559 684 932
15 41 45 68 133 134 155 324 328 360 377 477 582 620 700 930
11 21 26 90 130 492 548 707 753 884 903 952
12 71 117 126 215 361 409 565 584 736 744 771 914
15 4 13 187 259 308 335 369 427 487 500 557 680 755 760 840
9 54 161 235 393 676 721 737 909 990
8 48 379 423 507 521 698 833 894
7 240 519 522 606 615 758 873
12 99 231 351 382 473 474 524 619 696 742 769 848
7 231 310 512 544 561 579 769
9 54 117 152 548 691 705 711 731 832
5 289 401 403 442 464
10 127 353 521 532 597 625 685 808 894 916
7 160 370 412 507 788 957 987
11 32 99 163 235 304 378 536 657 676 993 996
16 98 144 178 318 350 371 383 432 530 700 712 719 836 910 955 988
10 5 112 256 271 418 442 450 719 733 912
8 267 286 321 692 729 772 799 823
16 42 157 192 335 348 396 451 471 534 561 584 591 613 752 857 868
14 15 26 144 268 294 306 422 572 623 632 740 813 895 964
5 104 632 673 716 754
17 126 247 302 362 474 561 562 563 700 778 814 830 846 870 896 935 997
6 181 612 669 705 771 920
9 224 362 372 425 506 753 949 965 990
8 54 318 723 744 820 876 948 963
11 191 233 283 394 400 528 556 632 730 773 917
10 14 72 218 297 330 626 686 710 807 848
10 122 210 362 627 731 742 748 802 804 912
8 113 146 178 324 444 720 817 883
9 235 303 322 367 528 705 706 960 993
15 33 100 126 221 298 314 320 430 431 450 470 568 651 718 897
13 133 168 189 246 487 514 534 549 695 788 914 931 950
7 102 228 266 270 524 623 640
11 130 232 257 287 576 714 781 794 902 907 962
7 58 222 478 506 515 893 917
18 37 47 67 107 193 223 229 281 303 336 383 404 502 636 677 737 787 835
11 91 171 258 320 329 467 492 585 616 743 849
8 158 161 162 211 476 577 651 975
11 89 92 252 282 396 537 564 753 808 944 986
9 82 360 364 378 533 707 784 792 947
13 119 177 181 270 455 487 520 543 573 662 687 715 858
10 82 118 424 448 552 687 700 717 838 873
4 306 530 761 947
9 114 206 285 300 706 820 849 888 920
6 144 183 414 465 871 925
8 242 444 529 541 608 628 853 932
11 212 226 280 330 390 395 485 530 625 693 927
5 470 586 695 725 964
13 46 89 150 373 445 486 519 525 529 565 578 749 932
7 234 271 366 395 463 506 925
12 9 42 121 192 204 321 366 605 709 809 906 965
13 121 156 162 202 300 327 491 688 746 751 882 948 990
10 3 247 424 449 557 698 717 813 928 929
9 1 82 248 477 621 640 726 910 966
10 75 140 185 209 477 499 647 693 714 819
9 3 81 155 170 492 749 805 833 930
18 9 44 52 109 136 157 172 186 207 225 310 380 482 639 648 656 666 741
8 25 76 178 393 494 760 781 831
10 38 40 169 266 412 534 717 795 827 905
12 26 70 121 143 187 188 310 738 745 774 783 867
11 32 36 53 93 229 257 335 377 568 635 905
8 314 353 490 535 585 658 741 846
9 97 101 166 192 235 681 708 829 993
10 14 96 166 225 393 519 692 713 728 755
9 22 176 330 361 418 424 537 710 888
13 32 100 147 183 204 387 442 519 694 753 762 770 889
7 63 222 312 336 493 571 583
6 28 160 417 585 657 881
9 62 138 173 281 404 480 510 697 928
7 184 265 557 599 634 968 994
12 5 105 122 136 234 340 598 694 747 837 841 937
8 22 340 494 653 664 732 776 786
9 174 197 226 426 491 755 769 800 821
7 116 134 356 448 672 782 805
9 192 311 371 506 571 649 816 835 905
10 80 219 285 418 516 620 867 889 893 957
16 42 57 69 189 278 339 402 588 611 650 811 908 947 953 968 992
15 58 126 227 291 292 445 462 494 563 602 636 644 649 907 908
7 12 29 146 444 789 878 965
12 93 207 349 491 523 610 698 699 762 776 797 961
9 48 207 218 220 341 413 490 755 998
12 70 122 437 446 601 602 633 639 675 693 712 993
6 410 534 606 707 919 950
8 25 222 492 500 503 588 715 854
13 17 87 91 117 127 373 406 530 579 684 749 861 987
9 60 132 167 174 317 372 537 639 911
10 86 335 401 451 465 572 609 761 769 937
12 13 57 83 110 329 400 478 564 642 780 816 830
13 95 123 175 254 390 411 413 474 711 793 816 844 867
11 80 82 101 107 162 282 428 444 483 641 876
5 188 649 777 910 944
13 52 125 168 174 271 468 550 563 572 596 625 723 747
10 11 25 39 97 177 439 460 512 682 763
10 47 92 165 249 429 510 598 624 749 802
11 18 111 122 191 226 284 364 569 729 845 861
7 181 186 392 445 449 532 881
9 83 496 505 545 578 625 761 854 886
11 109 145 209 315 329 508 562 668 676 678 725
10 91 281 452 677 703 721 829 934 987 988
12 26 125 141 350 366 399 412 514 640 768 826 937
7 9 24 297 434 631 637 930
7 40 67 222 287 444 627 647
8 173 257 453 503 607 729 939 948
10 81 163 231 365 457 671 778 840 851 978
12 1 23 24 159 199 216 256 505 639 723 907 977
8 6 167 343 369 404 420 748 850
6 4 59 316 498 668 803
10 28 59 240 276 323 650 769 933 976 987
7 100 180 282 295 332 358 433
9 81 199 332 422 432 707 850 851 910
15 57 134 252 388 417 471 475 486 500 597 627 637 672 762 935
8 126 234 242 299 374 564 568 608
17 125 299 321 383 388 403 421 478 480 546 587 717 783 815 933 938 954
7 122 164 168 249 342 796 868
11 37 159 188 461 498 679 685 717 809 980 999
8 209 234 340 619 745 763 856 902
16 49 100 204 291 319 325 345 415 481 513 522 533 545 575 607 857
8 306 388 508 578 582 593 630 716
6 431 677 702 728 837 959
11 413 442 497 610 627 633 740 804 860 909 943
8 8 183 293 366 872 933 940 955
13 33 52 268 371 458 500 540 610 675 766 923 973 982
4 371 604 665 815
8 1 74 119 318 572 709 742 959
6 72 471 484 583 711 829
12 38 54 237 323 379 536 674 802 812 837 858 936
10 217 245 247 266 336 370 764 777 778 979
18 40 43 103 154 168 177 197 240 299 301 306 349 401 411 548 718 926 949
8 18 124 259 511 883 927 960 988
11 77 226 233 248 430 455 586 654 744 911 953
11 80 90 101 275 351 417 614 684 714 733 835
8 31 106 314 496 762 836 947 995
4 293 524 626 878
9 118 332 407 427 541 707 830 843 876
10 217 225 275 563 603 671 834 877 960 983
11 0 63 90 248 257 294 313 352 549 575 993
10 59 76 100 143 261 378 393 536 789 869
9 49 50 167 249 309 338 518 628 748
5 166 390 457 889 972
11 14 136 277 294 361 624 752 788 814 887 926
16 16 111 198 212 278 300 304 404 418 447 542 711 777 823 867 920
7 176 306 482 546 633 747 863
11 135 263 513 514 515 590 700 863 878 956 980
16 31 33 136 160 239 286 419 434 474 489 631 696 745 854 867 955
9 30 106 131 168 189 484 824 936 990
12 186 272 305 384 463 564 603 725 764 820 840 847
13 208 274 396 411 532 555 592 705 821 880 892 937 956
9 181 209 216 250 493 577 760 808 815
9 80 103 292 305 542 616 684 731 964
10 9 92 109 401 417 447 544 554 578 648
16 38 86 185 206 230 349 381 398 404 421 589 694 793 835 930 952
10 32 78 270 352 384 427 492 542 760 954
8 157 235 382 433 470 578 890 959
10 114 137 141 171 452 501 593 606 669 823
12 8 50 135 143 397 543 583 778 865 867 892 955
14 26 140 181 188 300 366 416 603 659 682 685 688 784 949
6 79 365 408 499 711 751
8 1 39 409 484 495 666 835 996
9 105 217 406 607 698 716 863 966 974
7 157 331 491 669 726 733 857
11 58 155 218 443 495 576 600 619 795 799 896
10 38 292 384 387 451 513 560 793 799 920
7 137 164 300 579 655 945 975
11 23 92 100 154 381 410 417 655 735 872 930
11 39 185 292 365 367 403 773 786 833 873 968
12 78 158 213 230 272 310 339 397 428 549 611 928
7 47 131 382 425 805 962 966
17 62 72 93 172 348 423 553 577 632 654 708 806 849 858 883 967 998
11 46 98 303 430 462 574 621 730 815 857 882
5 87 115 358 651 656
8 98 269 407 440 505 578 809 945
9 267 384 541 576 587 774 784 944 962
6 361 372 673 902 937 962
6 290 351 528 831 832 848
8 81 130 155 158 269 571 572 904
9 2 312 481 630 650 658 673 844 982
11 166 218 326 343 359 377 412 492 545 898 907
13 270 337 382 462 592 669 749 765 778 830 833 844 928
12 38 377 393 462 519 622 663 708 803 947 966 985
7 116 190 236 246 257 300 826
12 39 101 103 126 252 352 454 658 689 711 944 971
8 12 64 145 151 174 541 640 734
13 70 201 276 363 384 503 526 563 600 632 810 853 900
10 234 298 327 347 637 638 679 697 731 854
8 6 232 311 325 332 410 526 659
9 64 117 480 540 591 632 983 984 988
12 138 298 340 558 603 614 656 714 779 823 904 949
6 155 307 323 414 532 824
7 15 52 531 768 822 832 937
12 85 253 257 513 543 575 652 665 897 926 970 982
6 45 153 375 506 836 927
7 83 103 123 647 757 785 964
10 206 233 354 394 448 546 574 741 858 905
10 18 187 252 467 563 592 651 718 818 857
7 180 402 501 692 891 928 946
8 5 162 166 359 556 600 982 984
7 33 162 415 468 666 786 905
11 122 259 281 341 413 603 669 684 829 923 957
14 75 89 131 331 345 417 462 547 576 640 663 733 754 998
5 559 664 755 765 828
8 83 92 203 259 468 565 590 842
6 14 52 138 510 884 925
9 8 19 49 84 171 180 550 836 844
12 135 210 228 308 317 328 406 539 546 672 724 765
16 117 169 284 381 481 509 575 578 617 623 648 673 696 702 899 930
11 3 37 233 381 414 456 593 603 709 943 965
12 90 257 320 334 382 463 570 711 850 918 981 982
13 80 105 184 218 251 290 440 466 511 620 625 720 879
12 74 110 115 255 265 352 409 448 498 866 959 999
13 76 103 145 152 217 218 245 279 462 479 575 894 982
6 65 260 387 425 637 872
4 169 370 469 651
5 448 536 723 805 862
13 34 189 358 412 424 451 494 516 641 652 692 906 961
4 311 603 864 876
10 27 309 329 385 748 750 764 882 886 962
8 282 417 432 511 525 570 740 903
13 40 112 345 473 494 508 550 669 723 767 794 866 952
6 267 304 462 766 767 954
11 46 72 124 325 356 405 659 670 676 695 809
8 168 177 330 365 705 743 780 799
10 234 363 401 408 451 490 508 582 775 819
14 19 138 141 181 193 226 243 281 410 441 706 717 943 985
10 65 70 74 115 132 175 368 483 516 643
10 8 41 136 223 366 612 631 693 721 985
6 98 129 313 445 917 942
9 29 126 132 183 210 473 651 664 702
13 52 281 290 310 382 459 473 604 606 715 724 915 956
4 19 227 896 980
6 32 129 150 772 960 967
12 166 205 365 422 530 560 568 674 712 733 830 851
5 49 163 514 958 979
7 154 162 222 247 337 577 645
10 53 56 392 459 510 587 811 887 941 980
9 208 328 530 563 587 608 661 685 985
14 18 134 172 173 282 451 562 734 739 891 951 963 994 999
10 21 118 168 224 327 366 817 829 879 980
10 73 197 206 394 418 569 736 818 880 980
12 33 167 424 436 459 522 620 742 758 855 867 884
6 10 187 476 485 544 742
12 160 210 218 271 375 536 691 745 790 840 853 894
13 6 44 194 202 252 256 274 442 606 615 639 721 941
14 3 91 115 133 176 207 231 314 589 651 690 735 738 951
11 98 211 271 367 425 522 583 797 802 810 955
9 73 100 283 286 495 556 572 644 788
9 257 517 531 555 645 711 800 936 991
7 12 132 250 300 815 834 935
15 65 130 223 381 389 419 424 529 571 760 776 789 836 862 878
10 6 26 291 392 413 802 957 967 996 999
9 105 121 178 421 437 627 679 685 792
5 183 247 469 601 810
8 17 261 314 428 651 923 931 990
7 285 300 458 494 611 635 915
11 132 276 305 473 599 640 809 895 912 981 993
10 53 84 338 367 563 604 728 780 861 870
16 98 129 297 337 369 375 393 441 472 497 533 555 655 852 860 998
10 124 364 407 413 481 498 537 538 671 884
11 161 334 430 464 679 686 729 732 766 821 868
10 26 100 122 346 427 446 526 714 741 792
12 174 361 398 465 591 600 713 817 845 876 970 987
6 164 411 566 721 772 974
5 10 402 642 925 932
9 75 211 438 629 692 840 907 959 998
9 27 258 338 366 498 539 657 766 819
9 54 383 446 474 508 629 802 841 908
13 2 273 290 394 423 441 705 810 833 844 933 975 997
13 14 103 353 354 365 382 387 398 536 626 832 836 917
10 186 213 466 470 576 577 703 765 887 938
10 96 108 119 157 322 423 547 603 687 921
13 66 197 243 421 439 495 683 808 813 842 898 952 995
13 14 101 132 151 222 304 544 668 676 719 818 824 919
8 59 66 170 318 367 502 769 903
9 137 249 561 594 723 856 861 862 905
6 93 123 286 406 714 925
10 79 125 151 189 280 623 709 737 838 881
8 56 200 562 641 713 740 768 895
11 56 186 267 377 417 540 743 848 856 868 998
9 13 181 336 551 609 660 857 919 938
12 95 107 155 191 296 438 500 522 629 759 766 854
5 165 275 399 634 681
9 246 399 454 546 571 578 879 949 992
10 39 45 123 174 318 455 462 517 599 870
18 49 83 171 176 186 244 317 323 332 333 410 438 600 651 653 676 828 994
7 129 195 323 456 548 645 811
9 13 115 265 396 479 502 682 848 950
11 81 160 209 244 249 364 420 468 727 852 955
8 30 170 179 266 360 418 797 995
7 123 221 337 550 638 671 794
10 246 346 407 508 523 652 676 681 683 793
7 42 348 352 536 620 816 921
16 32 140 179 326 416 479 525 580 804 832 918 923 926 927 995 997
9 30 143 152 193 326 572 896 943 989
13 22 52 78 140 262 310 678 811 865 879 885 896 899
12 50 185 186 342 389 528 624 662 824 875 990 993
8 112 343 407 480 502 544 875 885
10 59 370 531 579 583 663 868 912 914 924
8 188 300 437 469 587 602 630 728
11 15 72 146 366 450 583 703 774 788 797 949
13 41 149 251 305 329 400 411 414 672 705 788 818 875
9 197 252 356 364 389 445 565 636 981
18 64 119 144 171 192 251 263 275 333 451 524 585 695 713 741 834 941 983
10 158 406 429 451 479 487 580 612 623 935
15 2 89 145 272 403 432 490 538 554 572 603 674 682 766 970
17 129 203 226 266 480 494 593 598 626 669 704 719 752 771 825 943 983
6 80 241 296 759 925 972
7 76 418 604 821 959 976 980
11 33 99 133 421 431 514 590 676 704 847 938
12 98 122 142 187 291 345 372 532 661 711 955 980
12 113 353 417 530 624 685 770 857 888 945 952 966
7 289 349 435 804 898 925 938
