200
2 11 117
3 92 146 180
6 17 29 59 74 113 169
6 115 118 123 153 154 195
2 55 122
3 15 77 158
5 61 70 89 141 146
4 72 92 124 161
2 61 156
3 13 83 185
6 23 103 128 163 167 182
7 0 56 98 122 167 175 196
4 46 102 180 195
5 9 30 33 42 176
2 69 71
2 5 172
5 111 44 59 86 129
3 2 80 174
3 66 126 137
2 115 78
4 52 62 98 158
3 55 76 143
3 112 83 85
3 10 172 189
3 55 138 199
4 26 50 130 157
5 25 62 134 175 194
3 108 55 190
2 123 42
6 2 64 77 82 92 167
4 13 50 139 191
3 113 99 106
4 126 34 71 157
3 13 174 196
5 109 32 60 68 79
5 110 128 139 152 155
5 132 45 77 149 194
2 95 96
1 106
1 96
6 51 62 64 94 165 166
2 51 59
7 13 28 149 49 70 83 90
4 114 62 97 174
3 16 142 65
4 36 64 66 161
6 12 47 49 74 159 167
2 109 46
4 59 64 105 165
6 130 42 46 84 90 170
7 117 121 25 134 30 91 161
9 40 41 71 75 86 89 99 106 169
2 20 144
2 125 188
6 55 57 74 88 94 99
9 4 117 21 126 24 27 54 169 184
3 11 100 172
4 121 146 54 69
1 167
8 2 16 128 133 140 41 48 67
4 125 34 160 103
5 6 8 145 104 191
6 20 26 148 150 40 43
5 152 162 65 71 105
6 29 40 45 48 161 164
3 44 63 76
2 18 45
1 59
5 34 149 165 101 193
4 14 57 167 105
3 6 42 154
4 14 32 51 63
4 7 123 131 145
3 121 143 102
5 2 46 54 189 199
1 51
3 21 65 80
4 111 5 29 36
2 19 89
2 34 187
2 17 76
3 128 143 189
2 29 177
4 9 22 42 87
2 49 196
3 115 22 105
6 113 16 144 51 173 95
3 144 162 83
1 54
3 6 51 78
5 130 42 153 49 183
2 50 186
5 1 7 122 29 106
3 117 148 98
3 40 158 54
6 120 37 86 187 104 188
4 37 39 156 99
2 137 43
6 109 11 20 169 173 93
5 31 148 51 54 96
2 119 56
4 143 157 68 107
2 12 73
4 10 163 60 178
3 61 95 198
6 122 124 48 63 69 85
6 31 38 154 51 183 92
1 101
4 27 136 138 167
6 34 47 98 134 136 138
4 35 135 147 196
3 16 77 180
4 22 130 163 187
4 2 31 86 177
4 43 140 169 172
4 3 19 85 127
2 120 173
4 0 50 55 93
2 3 171
3 100 175 186
3 116 95 181
3 50 57 73
5 4 11 92 105 152
4 3 28 72 198
4 7 105 150 172
2 53 60
7 18 32 55 159 168 196 199
2 115 167
5 10 35 59 81 178
4 16 146 147 179
5 112 25 49 90 149
3 72 161 178
2 36 183
1 59
4 109 26 50 178
2 110 154
3 108 109 160
2 18 97
3 108 109 24
3 30 35 158
2 114 59
2 6 183
2 44 151
4 21 73 81 101
3 52 86 87
4 61 72 170 188
5 1 6 129 57 152
2 110 129
3 62 93 99
5 130 36 42 68 151
2 124 62
2 142 149
5 122 35 146 63 192
2 3 90
4 3 135 70 106
2 35 165
4 8 96 180 192
5 25 32 101 165 175
4 5 20 139 94
3 126 46 162
2 136 60
6 7 131 45 50 64 186
5 159 63 87 164 186
3 112 10 103
3 162 64 171
5 40 155 157 48 68
2 40 196
8 108 10 11 127 29 46 58 69
1 126
5 2 114 51 55 98
4 145 49 182 189
2 118 164
5 114 15 23 124 56
3 116 86 98
3 17 33 43
7 11 119 26 157 178 182 188
1 13
2 113 82
6 128 131 134 175 103 195
3 129 196 197
4 1 111 12 156
1 120
3 10 170 175
5 132 141 90 106 191
1 55
2 9 193
5 119 161 162 91 188
4 112 79 95 199
5 145 53 175 186 95
4 23 170 74 81
1 27
3 30 61 183
2 152 156
2 68 185
2 26 36
3 3 12 178
7 110 11 126 33 166 179 84
1 179
2 123 104
4 126 24 74 187
