200
4 10 90 93 129
3 9 19 111
7 60 72 75 128 173 176 185
3 12 61 154
5 61 82 100 157 192
2 132 166
6 9 13 47 142 154 175
6 96 88 108 159 163 187
2 61 146
5 1 6 140 155 193
4 91 0 18 179
3 91 124 160
6 3 89 114 122 171 192
2 6 59
5 40 113 187 188 197
3 17 50 121
5 71 129 133 173 177
3 15 80 81
3 10 32 152
4 1 109 145 183
2 139 176
2 86 132
5 99 55 56 59 87
2 72 141
4 30 75 146 154
4 37 62 73 133
4 151 156 182 187
3 47 63 162
4 117 139 176 191
4 30 34 143 151
6 110 24 29 48 168 170
6 119 62 75 157 180 184
7 93 18 72 128 150 155 171
3 40 90 197
4 103 29 51 186
2 40 43
2 114 154
3 25 138 168
5 99 66 74 78 199
5 98 123 68 148 155
8 93 14 123 33 35 55 143 179
5 108 109 129 155 188
2 115 120
4 106 108 35 48
3 104 129 78
4 104 110 48 166
2 50 159
3 6 27 124
4 109 30 43 45
6 106 108 119 75 85 137
6 15 121 126 46 178 183
5 109 34 57 80 153
1 140
5 94 135 177 195 198
2 140 195
4 22 117 40 156
4 22 115 148 177
3 51 151 172
3 153 159 171
6 100 13 22 165 169 177
2 2 142
3 3 4 8
5 25 119 31 121 69
4 27 170 176 193
1 86
3 107 113 87
1 38
1 178
3 39 169 72
1 62
3 106 173 191
2 16 81
5 2 23 32 68 80
5 103 25 148 169 180
4 38 156 157 76
8 2 106 24 31 120 49 147 86
5 113 125 134 150 74
3 94 116 192
2 38 44
1 136
6 17 125 51 153 166 72
4 17 165 71 187
4 4 180 186 199
1 155
2 138 172
4 118 49 170 177
7 21 136 160 64 179 75 191
6 22 133 139 65 175 195
6 7 99 104 108 158 188
7 95 103 12 136 155 170 178
4 0 113 33 174
4 10 11 111 167
2 168 171
8 0 32 40 107 126 158 171 199
4 53 77 177 199
4 89 96 121 177
5 95 7 103 131 187
1 111
3 39 125 156
3 22 38 88
3 4 59 192
1 126
4 107 135 154 170
7 96 34 73 89 104 112 193
4 103 44 45 88
2 107 166
6 43 49 70 75 155 169
6 93 102 105 65 127 170
9 7 41 43 49 88 121 133 148 184
5 19 41 48 51 194
5 30 45 134 145 163
3 91 1 97
3 103 159 185
4 14 65 76 90
2 12 36
3 42 56 149
2 77 120
2 28 55
4 85 147 163 164
5 31 49 62 130 133
4 116 42 75 141
5 95 108 15 50 62
3 12 144 165
2 39 40
4 11 47 137 191
4 98 76 80 126
5 93 101 125 50 145
2 107 152
6 2 32 140 161 184 193
4 0 16 41 44
4 119 162 172 182
2 96 155
6 5 21 137 140 156 191
5 108 16 25 119 87
2 110 76
2 102 53
4 79 86 89 197
3 124 132 49
2 37 84
3 20 28 87
6 9 128 132 52 54 185
3 23 120 193
3 6 60 145
3 29 40 155
2 122 160
6 110 19 126 142 189 197
6 8 24 160 175 184 193
3 118 75 187
7 108 39 56 73 168 173 190
1 115
3 32 76 181
3 26 29 57
3 18 127 167
3 51 58 80
6 3 6 102 24 36 165
13 9 106 32 39 131 41 143 83 89 161 169 179 196
7 98 26 132 55 74 184 188
4 4 31 74 196
4 93 88 163 164
6 7 112 46 58 167 174
5 11 144 146 86 165
2 128 155
4 27 130 163 191
5 7 110 118 158 162
3 118 158 172
6 122 154 59 160 81 180
4 5 105 45 80
4 91 152 159 171
5 92 30 37 148 190
5 106 155 59 68 73
7 102 107 30 63 85 89 190
8 92 93 12 32 58 167 182 194
4 130 57 164 84
4 2 16 148 70
3 159 90 178
6 6 146 87 178 190 193
4 2 20 28 63
7 94 95 16 53 56 59 85
6 50 67 174 175 89 190
5 10 40 155 86 198
4 31 165 73 82
1 150
3 26 130 171
2 19 50
5 108 31 128 146 156
3 2 112 140
2 34 82
6 96 7 14 26 147 81
4 14 41 156 88
1 145
5 148 168 170 175 178
6 28 124 132 162 70 86
4 4 100 12 77
8 9 103 128 141 146 63 175 195
2 109 171
4 53 54 193 87
2 155 157
4 14 33 136 145
2 53 179
4 93 94 38 82
