100
2 8 48
2 94 96
2 51 30
7 22 36 37 41 42 67 90
2 49 90
3 14 45 71
1 8
4 54 43 59 83
6 50 0 6 12 28 81
1 17
4 26 66 70 93
1 17
4 8 22 23 31
4 48 64 73 90
5 52 5 42 43 46
4 61 20 63 86
2 21 29
5 9 11 41 67 81
1 40
2 37 38
7 56 15 40 68 70 85 87
3 16 39 93
6 3 12 60 65 27 79
1 12
2 57 68
3 40 77 94
4 10 73 33 46
2 59 22
3 8 67 70
3 55 16 35
2 2 40
1 12
2 57 82
2 63 26
1 77
3 68 29 93
4 3 43 84 88
2 3 19
2 52 19
2 21 78
8 58 18 20 71 25 30 90 95
5 49 3 61 17 76
3 3 58 14
3 7 14 36
2 73 76
3 5 65 73
2 14 26
3 62 81 89
3 0 13 75
2 4 41
1 8
3 2 90 94
3 14 38 58
1 89
2 7 69
2 29 71
2 20 92
5 24 32 60 80 91
5 52 40 42 81 88
5 7 27 64 73 79
2 57 22
2 15 41
2 47 90
2 15 33
2 59 13
3 22 45 68
2 10 95
4 3 17 28 82
4 65 20 24 35
3 54 81 98
4 10 20 28 97
3 5 55 40
1 82
6 59 13 26 44 45 74
1 73
2 48 79
2 41 44
2 25 34
2 39 90
4 59 22 75 90
1 57
8 8 58 17 69 47 82 88 96
4 67 72 32 81
1 7
1 36
2 20 99
1 15
2 20 97
3 58 36 81
2 53 47
8 51 3 4 13 62 78 79 40
1 57
1 56
3 10 21 35
3 51 1 25
2 66 40
2 1 81
2 70 87
1 69
1 85
