600
6 14 101 152 315 334 411
3 15 279 569
8 77 164 230 268 357 404 458 517
10 18 222 237 346 350 389 488 508 558 578
8 53 113 305 308 399 417 525 559
8 204 228 272 436 541 569 571 591
6 204 318 373 421 475 529
6 52 223 269 363 388 481
2 480 578
6 131 139 154 322 499 592
8 48 196 205 240 250 538 542 564
4 212 237 471 513
14 57 124 165 183 274 323 328 331 355 379 448 480 531 595
9 141 216 311 405 429 525 542 549 580
7 0 16 171 236 399 425 564
9 1 24 50 55 165 206 243 435 597
7 14 74 75 206 292 330 577
9 31 40 210 229 234 290 337 409 444
14 3 53 82 119 172 246 252 296 297 344 373 435 439 470
13 69 207 232 267 434 438 440 446 457 484 546 577 599
4 284 292 346 533
7 123 408 440 503 518 534 586
10 26 42 105 120 146 166 483 503 545 556
9 37 143 172 188 196 217 265 287 406
10 15 33 170 208 339 377 513 516 538 541
1 114
7 22 282 304 313 404 468 588
9 39 177 226 260 270 437 466 496 578
7 48 102 139 241 293 356 374
5 113 131 156 162 549
7 93 157 211 486 533 552 566
4 17 217 364 500
11 76 167 234 323 374 465 466 475 523 556 586
6 24 51 98 166 424 578
11 65 85 134 163 173 185 208 350 375 395 486
10 90 92 238 241 462 517 572 585 586 589
9 62 64 75 117 147 189 246 255 561
6 23 123 183 353 437 504
6 260 323 412 548 577 578
10 27 176 209 229 416 434 445 514 533 568
8 17 86 267 303 383 388 405 583
5 52 93 301 375 547
6 22 200 223 408 456 523
8 68 124 136 271 306 431 498 532
10 147 382 383 461 567 570 571 572 581 593
10 98 172 205 241 256 457 510 523 528 592
6 54 74 141 161 271 403
9 50 237 251 310 394 443 451 542 550
8 10 28 188 210 298 311 312 552
8 79 105 353 404 456 481 483 519
9 15 47 225 348 373 423 481 524 561
3 33 251 481
7 7 41 162 200 345 402 414
8 4 18 190 250 255 319 450 513
8 46 90 114 234 258 261 265 549
6 15 101 194 289 465 566
1 470
11 12 149 212 225 341 354 398 400 453 497 596
7 61 122 153 183 375 424 460
10 75 153 193 199 247 253 405 425 474 573
7 144 258 380 391 413 582 591
8 58 116 192 271 384 465 479 530
7 36 227 247 252 296 334 448
7 173 244 409 477 501 585 596
5 36 137 348 521 591
5 34 264 440 511 549
4 260 348 428 450
9 69 120 136 220 308 310 355 382 496
16 43 104 145 153 175 183 186 200 288 296 304 333 339 408 504 525
6 19 67 165 170 181 486
3 363 419 467
4 166 180 244 593
9 114 268 367 370 407 442 475 563 568
6 98 240 281 325 397 472
11 16 46 136 194 224 321 495 502 518 561 594
9 16 36 59 211 224 279 378 475 519
5 32 137 192 365 540
5 2 104 432 459 529
8 150 245 312 369 386 410 443 574
10 49 199 331 436 469 494 508 547 551 571
5 146 211 259 394 522
9 277 307 337 361 390 402 421 469 503
8 18 84 160 312 479 487 494 557
8 118 184 455 479 544 574 586 589
8 82 149 290 369 370 541 566 582
6 34 126 189 248 332 343
8 40 118 154 181 241 331 360 519
2 234 446
7 212 236 315 341 382 459 485
8 178 224 251 393 487 519 521 543
11 35 54 116 174 175 251 301 345 477 560 572
3 364 397 427
4 35 163 326 451
10 30 41 218 240 314 320 326 517 528 553
3 150 429 461
6 179 192 236 355 590 593
4 253 278 287 593
8 182 217 231 281 326 380 429 476
4 33 45 73 549
10 175 252 307 314 316 362 390 439 524 582
8 200 321 342 372 398 426 431 463
9 0 55 217 252 253 291 376 428 579
6 28 316 371 376 448 591
8 133 178 198 207 250 257 367 415
12 68 77 184 256 271 297 314 345 349 410 543 587
7 22 49 257 260 285 298 302
6 300 395 456 499 555 557
5 209 294 310 377 588
5 520 523 530 541 554
5 136 217 240 412 518
4 205 207 379 548
4 231 431 434 526
4 119 234 336 395
6 4 29 116 202 338 567
7 25 54 72 135 458 547 552
6 210 359 398 511 546 580
8 61 90 113 307 360 388 421 458
3 36 229 548
7 83 86 133 230 393 475 535
8 18 112 266 444 504 553 556 581
7 22 67 170 172 184 226 318
5 136 261 391 473 481
7 58 151 263 319 401 515 559
5 21 37 230 487 589
5 12 43 196 412 518
3 334 359 572
9 85 202 254 317 334 366 388 402 449
5 205 217 269 458 589
6 171 190 251 360 436 556
2 311 454
5 166 176 251 270 389
3 9 29 329
5 197 358 360 567 574
6 103 118 149 247 353 359
3 34 245 481
8 114 184 425 490 500 515 545 569
11 43 67 74 109 121 254 306 312 351 412 573
5 64 76 148 180 588
5 233 256 358 416 511
4 9 28 209 469
5 222 238 251 339 521
7 13 46 257 307 413 461 566
3 300 420 528
9 23 149 229 248 292 351 370 529 534
5 60 161 510 515 518
9 68 186 201 241 491 520 529 545 568
6 22 80 195 199 416 504
5 36 44 459 560 595
4 137 287 341 387
10 57 84 133 143 222 282 439 502 533 599
8 78 94 170 183 271 316 343 349
10 122 250 274 289 353 359 399 460 471 497
8 0 172 238 278 302 416 444 592
10 58 59 68 156 171 358 441 467 469 590
7 9 86 188 192 339 487 550
4 290 372 412 425
7 29 153 159 191 231 385 455
7 30 174 224 251 469 480 596
7 252 269 333 335 436 444 555
5 156 230 288 340 371
7 82 184 220 285 292 342 378
4 46 144 403 464
8 29 52 280 328 373 476 570 576
10 34 92 315 340 372 387 499 529 536 561
7 2 167 197 362 372 422 555
10 12 15 69 169 261 470 500 506 538 577
13 22 33 71 130 204 257 286 305 353 377 454 477 562
10 32 164 206 243 246 417 468 553 578 598
5 307 407 412 481 580
10 165 191 209 254 407 446 507 539 552 587
9 24 69 120 150 205 283 309 351 420
8 14 128 153 322 444 550 590 596
10 18 23 45 120 152 285 292 350 562 578
7 34 63 372 419 454 533 551
8 90 157 230 283 301 366 468 590
7 68 90 99 252 346 480 536
10 39 130 184 215 243 247 343 451 553 573
5 27 313 373 475 508
7 89 103 393 428 500 568 589
8 95 181 190 198 210 342 454 490
11 71 137 199 243 291 306 348 364 426 441 498
11 69 86 179 192 348 385 392 417 472 535 598
5 97 239 304 381 593
10 12 37 58 68 150 208 242 475 503 508
10 83 104 120 135 160 176 198 227 427 437
6 34 265 418 470 537 574
9 68 145 247 317 361 389 489 532 550
2 238 344
7 23 48 154 385 406 431 509
9 36 85 190 436 442 472 478 481 587
6 53 128 179 189 345 349
7 156 169 225 305 534 549 562
10 61 76 95 154 181 295 318 319 420 467
3 59 290 403
8 55 74 209 212 368 413 439 597
8 146 209 248 259 395 411 436 556
6 10 23 124 511 572 583
6 132 164 400 474 506 510
6 103 179 184 253 433 453
11 59 79 146 180 214 349 361 401 489 593 597
10 42 52 68 100 343 420 527 540 550 578
6 145 270 362 395 500 571
5 113 126 217 242 384
5 211 269 538 575 577
6 5 6 166 228 461 503
7 10 45 110 127 170 539 565
5 15 16 167 419 584
5 19 103 110 319 512
7 24 34 183 223 242 243 413
12 39 107 139 169 194 195 327 367 448 477 567 578
5 17 48 115 179 584
8 30 75 80 203 367 512 541 588
8 11 57 88 194 253 430 486 554
11 239 249 300 354 394 404 431 470 513 545 547
4 199 256 383 577
5 176 256 328 418 587
4 13 377 382 594
12 23 31 97 101 109 127 202 332 391 453 472 499
4 93 242 359 564
3 254 387 593
8 67 160 261 348 360 470 503 536
7 296 354 382 385 449 476 502
7 3 140 149 317 378 456 523
8 7 42 208 256 373 539 541 562
8 74 75 89 157 260 325 465 586
7 50 57 191 288 296 331 430
8 27 120 270 294 350 422 465 552
9 62 184 363 445 448 476 511 561 577
7 5 204 240 450 532 540 548
8 17 39 117 143 389 412 545 576
10 2 118 123 159 174 328 335 400 423 464
6 97 111 156 353 439 542
7 19 330 401 409 414 428 491
3 138 492 516
7 17 32 54 87 112 278 480
2 390 411
8 14 88 95 289 292 384 440 519
5 3 11 47 265 402
4 35 140 152 187
4 182 213 339 571
12 10 73 93 109 228 261 288 291 297 311 438 480
10 28 35 45 86 145 251 328 470 545 598
7 183 202 208 218 290 554 556
10 15 167 176 180 208 267 434 498 515 566
6 63 71 276 388 397 569
8 78 134 262 347 348 489 540 554
8 18 36 167 299 399 423 430 574
9 59 62 133 176 186 308 313 472 553
10 85 143 195 273 311 336 379 390 478 562
5 213 338 359 444 505
9 10 53 103 151 288 328 353 365 488
14 47 51 89 90 128 130 140 157 241 314 319 323 532 537
10 18 62 99 101 158 175 405 460 491 582
9 59 96 101 198 212 293 400 459 476
6 126 136 169 219 408 419
8 36 53 279 291 343 371 568 593
6 45 104 138 214 215 223
10 103 105 141 166 322 390 395 448 486 583
8 54 60 381 423 443 451 457 557
4 80 195 263 549
10 27 38 66 105 224 304 308 316 348 456
8 54 121 165 220 240 333 506 534
5 245 377 437 554 574
5 122 259 291 372 547
4 65 307 397 509
10 23 54 185 237 361 387 397 466 527 571
4 119 301 471 543
7 19 40 243 321 364 379 598
4 2 72 466 512
7 7 127 158 203 376 440 470
9 27 130 201 226 272 275 358 518 591
8 43 46 61 104 150 362 438 473
4 5 270 500 510
3 248 388 572
4 12 151 319 454
5 270 291 367 564 577
6 244 300 370 392 448 565
3 81 278 329
8 96 152 234 277 325 337 404 533
6 1 75 255 312 380 429
7 162 305 377 440 478 503 540
3 73 97 344
5 26 149 348 377 524
6 170 174 322 471 558 570
4 20 305 460 488
5 105 160 172 477 507
7 166 443 480 488 545 550 568
5 23 96 148 538 554
8 68 159 225 240 250 359 559 591
8 55 151 236 398 442 512 541 550
9 17 84 155 193 242 340 493 539 569
8 101 180 240 255 263 275 295 506
8 16 20 143 160 172 236 481 561
8 28 253 360 463 492 520 566 598
8 107 226 298 332 349 487 529 592
9 192 291 323 347 434 487 507 513 525
12 18 62 68 221 225 304 402 443 459 545 565 590
4 18 104 240 318
7 48 105 294 447 502 530 550
9 246 333 349 434 440 472 493 535 538
7 106 142 213 276 379 447 552
9 41 90 174 266 388 468 591 595 596
12 105 152 318 339 345 351 359 411 421 423 509 572
7 40 324 347 383 457 499 541
7 26 68 182 260 296 339 539
10 4 166 191 280 284 335 379 460 465 574
5 43 136 180 336 438
11 81 99 116 141 168 264 318 406 471 523 530
7 4 67 247 260 437 456 461
3 170 478 493
9 47 67 107 335 361 368 382 452 555
6 13 48 129 240 248 400
7 48 78 82 136 279 432 595
4 26 177 247 462
8 93 99 104 251 343 416 428 569
7 0 88 163 334 473 491 576
8 99 102 150 260 542 544 553 595
5 126 186 222 432 592
11 6 120 192 297 302 307 335 368 406 479 576
10 53 122 192 207 251 274 323 353 380 457
6 93 354 492 505 509 565
3 74 100 267
8 9 171 257 283 352 381 500 550
7 12 32 38 251 295 319 357
5 303 329 403 550 578
6 73 224 278 390 487 530
6 92 93 97 434 469 503
7 209 348 389 414 447 451 541
8 12 162 215 230 241 250 531 582
9 131 277 324 347 377 433 476 492 571
5 16 232 451 468 535
6 12 79 86 225 374 549
4 85 217 294 383
10 68 158 261 299 361 377 402 479 559 599
7 0 62 125 126 315 409 589
7 158 230 305 310 318 479 539
9 112 248 306 355 371 453 459 490 506
7 17 81 278 374 488 502 586
4 113 249 500 555
12 24 68 140 154 239 302 304 361 396 428 439 568
6 159 163 290 358 393 569
6 57 88 148 352 435 503
5 100 160 179 363 493
7 85 150 176 200 255 314 583
7 18 187 281 365 396 425 537
8 52 90 104 190 302 558 570 583
5 3 20 175 352 568
7 245 295 303 329 351 379 588
13 50 64 66 180 181 220 245 260 282 327 375 431 551
9 104 150 190 199 294 299 501 559 581
7 3 34 172 226 412 575 599
7 136 143 170 302 347 475 586
7 322 341 346 378 429 515 586
10 37 49 133 151 166 231 250 319 378 540
5 57 213 221 320 541
8 12 67 95 336 484 506 516 561
6 28 430 494 531 532 594
5 2 323 440 479 492
6 132 138 153 270 340 560
13 115 125 133 151 218 249 288 302 394 403 443 489 562
7 86 116 128 132 220 293 505
11 81 186 199 265 310 333 339 404 477 526 541
5 99 164 201 271 523
8 7 70 227 342 367 386 499 587
6 31 91 180 267 553 594
4 76 250 344 472
3 126 174 491
10 72 103 209 211 275 363 467 469 517 544
6 194 310 318 439 457 555
5 78 84 406 407 456
7 72 84 143 276 448 482 560
10 102 159 255 336 420 434 499 500 517 599
8 100 155 163 164 173 263 386 498
8 6 18 50 162 177 223 577 595
6 28 32 331 337 416 566
7 34 41 58 348 403 453 572
5 101 102 269 407 499
13 24 107 166 216 262 280 282 329 333 531 538 550 551
7 75 160 222 352 353 436 469
12 12 110 248 267 300 305 347 387 393 510 560 564
6 60 97 279 319 411 475
4 182 258 322 560
7 44 67 88 216 221 310 461
11 40 44 214 303 332 402 429 430 432 447 562
6 61 202 236 453 487 507
8 156 181 188 221 407 452 458 557
7 78 363 372 458 502 530 552
9 148 163 219 265 379 503 506 539 593
9 7 40 116 126 244 273 301 466 523
8 3 130 186 229 327 420 439 490
6 81 99 235 248 257 325
6 60 121 217 441 455 487
2 181 276
7 89 118 178 340 379 417 437
6 47 80 213 359 548 550
7 34 106 112 195 201 257 525
6 339 344 463 533 565 568
6 73 91 244 264 265 490
7 57 100 115 289 488 526 592
6 4 14 151 246 420 443
8 57 197 230 253 311 412 440 567
4 122 199 232 575
9 52 81 126 237 296 333 383 431 455
6 46 161 193 324 359 375
8 2 26 49 213 278 361 405 505
11 13 40 59 252 404 427 466 481 527 532 597
6 23 188 307 318 369 486
9 72 168 169 369 376 385 485 547 581
4 21 42 68 254
5 17 63 232 334 472
3 78 104 535
6 0 195 235 302 380 525
9 38 109 124 136 155 168 229 350 400
7 60 141 194 208 444 466 507
5 52 232 327 512 520
4 103 421 443 548
8 39 138 146 152 314 374 460 559
8 4 167 181 393 420 490 515 546
3 185 215 456
7 70 173 206 254 471 497 583
10 142 170 192 200 371 389 399 417 481 555
8 6 81 116 302 415 432 453 575
3 164 226 423
8 50 230 246 258 302 422 445 530
3 33 58 466
5 14 59 135 155 344
5 100 180 442 454 555
7 91 184 405 464 474 483 520
7 66 101 178 232 314 339 583
9 13 94 97 279 352 383 472 514 585
7 212 225 246 356 383 502 539
7 43 100 111 188 213 348 402
6 77 312 317 383 421 455
4 198 329 462 594
10 19 39 111 243 295 299 326 371 539 592
6 15 18 341 459 545 557
9 5 79 128 158 189 195 378 508 568
9 27 37 184 262 308 393 442 506 574
6 19 240 271 306 455 502
11 18 99 149 194 231 339 368 389 470 519 583
13 19 21 65 236 269 280 299 357 400 460 468 508 553
6 153 180 391 465 510 523
5 72 189 289 426 437
8 47 78 258 286 296 359 399 415
11 17 119 152 158 171 249 413 456 565 573 579
4 39 227 423 466
4 19 87 169 502
6 298 300 327 383 564 597
9 12 62 102 209 227 257 276 370 471
2 126 221
4 53 66 228 535
8 47 92 176 258 327 330 495 586
4 310 385 489 551
8 57 198 217 336 375 384 421 565
8 129 166 173 179 274 426 492 531
8 83 156 391 402 432 438 516 558
11 42 49 106 222 260 308 369 418 444 511 528
11 19 45 258 303 319 368 505 557 568 586 593
9 2 114 116 127 385 386 472 560 579
7 77 88 147 253 296 336 435
8 58 151 252 284 305 416 440 591
7 44 94 141 204 308 382 536
6 35 313 433 510 524 562
3 100 293 396
7 161 230 427 471 474 585 592
8 32 55 61 224 226 305 441 597
9 27 32 265 268 388 405 413 424 445
5 70 153 192 367 543
8 26 167 174 301 330 440 471 564
11 79 81 139 153 157 326 367 378 496 562 577
12 18 56 165 185 213 220 241 269 439 495 517 557
9 11 151 266 283 307 419 448 464 468
11 73 181 189 217 247 299 365 409 429 458 588
5 121 271 315 508 561
4 59 197 427 464
10 6 32 72 75 118 177 183 351 380 546
6 97 162 221 227 253 329
9 63 90 166 209 285 361 492 517 596
5 189 248 280 309 584
9 61 82 83 318 333 335 357 535 536
9 8 12 157 175 234 240 286 488 568
14 7 49 50 51 121 134 168 189 292 405 420 498 514 517
4 370 532 575 593
4 22 49 427 562
2 19 355
7 88 407 514 545 562 568 588
6 30 34 69 212 257 406
9 82 89 123 154 294 295 325 384 391
8 3 250 284 286 337 398 480 571
7 186 199 245 359 452 542 580
6 135 179 336 389 397 417
9 145 232 252 315 366 516 567 573 593
7 233 293 320 329 357 454 477
6 290 299 309 342 565 571
4 79 82 356 555
4 74 451 470 579
3 27 67 469
5 57 151 419 529 534
5 43 180 243 372 481
10 9 106 163 217 303 363 371 376 508 586
12 31 135 165 178 201 272 322 338 371 512 551 597
3 63 349 506
11 74 149 221 298 337 386 430 438 446 545 565
12 21 22 81 183 204 220 280 326 341 387 537 578
7 37 68 119 146 536 556 557
6 249 320 360 404 457 545
10 165 197 261 291 336 355 387 437 501 513
6 169 285 295 384 413 541
11 3 79 177 183 436 440 473 499 562 572 581
6 188 264 302 320 526 559
8 45 144 197 272 379 441 462 544
6 65 115 138 196 227 456
6 207 211 268 289 414 500
6 11 24 53 213 295 506
5 39 429 481 485 527
7 122 135 144 243 352 417 518
6 24 233 355 455 491 532
10 2 35 93 367 371 470 477 481 519 558
8 21 74 109 124 144 270 515 530
7 49 75 86 89 236 439 517
5 108 145 293 414 427
3 64 89 140
1 80
10 32 42 45 108 222 307 362 388 441 542
4 50 99 282 462
7 4 13 68 295 395 411 560
6 111 361 398 509 568 598
5 200 265 405 514 554
4 45 93 142 456
9 6 77 143 145 163 294 497 532 570
10 61 108 298 307 325 386 423 518 566 587
5 12 328 356 377 454
9 43 186 228 251 356 405 482 516 529
9 20 30 39 149 173 278 396 550 551
6 21 143 191 261 497 581
8 118 181 299 330 410 450 479 562
7 163 175 220 461 479 504 599
4 185 251 344 503
7 10 24 165 203 287 299 377
12 169 205 223 290 304 335 387 430 434 550 566 580
6 76 200 228 245 280 353
14 5 24 84 108 211 223 289 303 327 354 361 507 567 580
8 10 13 47 231 316 489 523 563
5 89 104 266 467 582
5 83 316 367 510 578
15 22 135 145 213 229 241 286 296 435 485 502 505 565 580 588
4 19 115 417 475
6 41 79 114 213 263 407
6 38 110 117 228 394 415
8 13 29 54 65 98 191 259 331
14 47 154 171 186 200 286 289 298 322 324 377 394 533 539
8 79 173 348 377 452 500 533 566
8 30 48 114 169 226 300 386 596
9 93 119 167 176 247 316 364 440 593
7 108 212 242 245 262 287 527
10 106 158 164 310 338 368 420 426 494 563
7 22 32 119 128 195 242 504
8 82 106 258 385 435 457 470 504
5 3 283 345 455 517
8 4 122 288 333 349 416 509 568
8 90 147 358 370 379 381 458 525
8 36 50 74 163 227 292 355 473
14 166 172 191 223 248 359 383 462 469 483 485 508 535 582
3 72 542 555
8 10 14 218 275 379 447 468 597
10 205 276 296 320 396 444 453 493 502 545
10 30 55 84 141 243 293 374 530 539 551
7 44 113 132 209 400 491 541
16 39 72 145 178 255 286 339 346 396 436 457 480 485 526 559 584
7 1 5 135 244 290 314 340
5 44 162 283 345 529
9 5 44 79 201 239 265 329 488 493
9 35 44 90 125 196 273 302 375 508
5 59 136 176 444 491
9 78 83 132 185 246 262 305 437 596
5 203 350 401 421 482
4 162 229 315 318
10 16 19 38 165 203 214 227 275 373 469
12 3 8 27 33 38 167 172 200 209 324 503 544
4 101 444 458 495
8 13 115 168 489 539 541 545 586
6 44 119 349 407 508 534
7 60 84 99 252 328 543 562
8 40 196 257 343 345 419 428 439
5 206 210 478 568 596
4 35 63 429 464
12 21 32 35 83 224 337 351 352 451 457 499 580
6 104 169 189 215 363 530
9 26 107 137 211 347 472 485 545 590
6 35 83 123 127 178 334
6 95 153 171 174 296 588
8 5 60 64 102 270 288 301 460
8 9 45 152 294 317 398 434 464
13 44 71 95 96 182 199 219 255 387 457 482 491 553
5 74 216 356 364 433
6 12 147 301 312 316 373
9 57 63 157 171 301 477 552 574 584
8 15 194 199 405 447 465 500 564
6 167 181 241 267 293 526
6 19 149 333 350 371 536
