200
2 73 104
3 86 153 184
4 49 53 138 180
6 40 48 90 101 124 126
5 6 15 110 159 166
5 16 39 75 113 160
3 4 134 136
6 97 14 30 64 78 181
5 36 128 131 151 161
2 48 59
3 18 134 143
3 99 26 191
3 108 62 181
3 26 46 156
2 7 144
7 100 4 80 114 137 170 171
2 5 120
1 115
5 10 44 65 167 194
2 32 191
2 134 143
2 73 181
4 31 64 127 153
3 100 24 171
6 109 23 35 88 146 175
2 110 82
3 11 13 123
3 128 168 181
2 87 173
2 65 153
3 7 93 171
3 22 55 175
6 106 115 19 91 152 179
2 125 159
3 66 90 196
3 24 129 141
2 8 126
3 129 143 180
3 157 170 174
4 5 118 86 157
4 3 101 73 75
1 130
2 67 191
1 168
5 18 143 53 58 69
4 128 132 84 181
8 13 115 118 154 76 88 158 173
5 95 156 72 159 183
7 3 9 144 71 164 167 190
5 2 110 51 189 198
5 122 155 57 72 83
4 125 150 49 166
4 96 126 149 166
2 2 44
4 70 80 168 182
6 113 31 58 68 78 176
5 106 122 123 158 62
9 120 130 137 143 145 50 161 86 193
2 44 55
3 9 148 187
2 161 72
3 96 107 136
5 107 12 56 170 71
4 108 150 76 199
2 7 22
2 18 29
2 113 34
2 130 42
3 128 55 76
4 134 144 44 82
5 153 54 168 76 93
4 125 48 62 190
4 135 47 50 60
6 0 21 40 157 189 194
2 167 168
5 5 104 143 40 177
6 46 63 172 68 70 85
4 117 123 139 177
4 7 148 55 80
1 104
5 112 15 137 54 78
2 119 155
8 95 25 133 146 156 171 173 69
4 50 169 183 186
2 112 45
2 110 76
4 1 39 57 188
3 112 28 185
2 24 46
2 179 194
6 3 123 34 157 161 183
1 32
2 131 163
3 30 70 180
3 137 172 198
4 47 82 105 109
6 52 61 102 120 157 161
4 7 140 142 179
2 105 125
4 11 129 170 198
2 15 23
5 3 40 106 151 197
1 96
3 121 169 178
7 0 75 79 107 133 147 157
3 95 98 199
5 101 32 56 121 147
4 104 61 62 196
3 12 63 125
2 95 24
4 4 25 49 85
2 157 168
5 80 84 87 121 122
4 5 55 66 168
2 15 125
4 17 32 46 199
1 130
3 77 183 186
3 39 46 144
3 81 125 126
6 96 16 57 138 141 181
6 103 106 112 185 192 195
4 112 50 56 164
7 26 56 77 90 156 160 191
2 3 141
8 98 108 114 119 33 51 71 163
6 3 119 36 52 148 198
4 22 157 189 192
7 8 27 45 68 134 138 163
3 99 35 37
5 116 41 57 67 164
4 8 92 154 158
2 45 178
5 104 82 152 157 170
7 6 10 20 128 69 139 155
2 72 165
4 6 61 161 196
4 15 57 80 94
3 2 120 128
2 134 77
4 97 162 164 198
6 120 124 35 159 163 183
3 97 144 167
6 10 20 37 44 57 75
6 14 118 142 48 69 191
1 57
2 24 82
2 104 106
5 126 59 78 186 196
2 52 191
3 51 63 181
3 101 8 198
4 32 133 156 186
4 1 22 29 70
3 131 46 174
5 134 50 81 166 199
5 13 123 152 47 82
9 96 104 111 127 133 38 39 73 90
3 131 46 56
6 4 33 141 47 166 199
3 5 123 175
7 96 8 136 57 60 90 198
2 140 183
4 125 128 141 92
6 122 130 140 48 183 195
1 135
6 4 155 159 51 52 187
4 18 142 48 74
8 111 113 27 43 54 70 74 169
4 103 168 83 175
7 99 15 133 38 62 177 186
4 15 23 30 82
2 76 94
4 28 46 82 198
2 38 154
4 24 31 160 169
2 55 191
4 170 75 77 198
3 103 132 199
3 97 32 89
3 2 37 93
7 7 12 120 21 27 150 45
1 54
7 117 141 47 162 164 83 90
2 1 188
2 121 87
5 117 148 152 170 83
3 166 59 188
3 184 187 86
3 127 49 73
2 48 71
7 11 19 123 144 42 149 176
2 121 127
1 57
3 18 73 89
2 121 164
4 107 34 136 148
1 101
9 99 126 140 151 49 161 173 177 94
6 105 115 155 159 63 178
