100
2 43 80
1 75
3 81 94 95
4 9 28 37 94
1 32
1 54
1 58
4 19 27 56 73
3 31 32 58
1 3
7 11 36 44 47 62 81 83
5 10 23 29 40 59
2 50 75
2 57 26
2 20 86
3 28 50 73
1 50
6 57 36 48 70 80 95
2 60 71
1 7
4 14 66 40 49
4 66 38 81 86
2 50 87
3 11 64 86
2 43 81
1 75
1 13
3 7 32 83
3 3 15 34
3 11 60 76
3 59 72 89
3 8 71 35
10 4 8 69 73 27 34 51 52 78 85
3 83 90 96
2 28 32
2 31 81
3 10 17 76
3 3 87 89
2 73 21
1 75
3 11 20 74
2 56 62
2 68 95
5 0 24 79 44 85
4 10 63 43 98
2 83 88
1 92
3 10 71 49
3 17 71 82
4 56 20 47 95
5 12 15 16 22 83
4 32 84 93 95
2 32 98
2 75 84
2 5 85
1 93
3 7 41 49
3 13 17 65
7 6 8 61 64 83 88 92
2 11 30
5 18 29 65 92 99
1 58
4 10 41 67 68
1 44
3 58 23 71
2 57 60
2 20 21
2 62 97
4 62 42 79 93
2 32 77
2 17 98
5 64 18 31 47 48
1 30
4 7 15 32 38
1 40
6 53 1 12 25 39 78
2 29 36
1 69
3 75 32 91
2 68 43
3 0 17 95
6 2 10 21 24 35 83
1 48
7 10 58 27 33 81 45 50
2 53 51
3 54 32 43
3 14 21 23
3 22 37 88
3 58 45 87
3 30 37 95
1 33
1 78
3 58 60 46
3 55 68 51
2 2 3
7 2 17 80 42 89 49 51
1 33
1 67
3 70 44 52
1 60
