1000
8 164 209 416 596 606 656 813 976
6 60 187 194 364 409 979
5 167 178 300 734 855
14 6 80 156 195 208 271 316 385 448 548 567 755 838 847
8 11 33 377 486 761 806 812 926
16 13 34 38 39 61 69 73 169 421 504 578 645 811 862 913 982
7 3 107 312 715 727 810 835
10 61 198 235 461 549 585 606 677 746 858
7 166 231 336 749 816 927 956
8 48 126 129 156 495 521 556 970
10 54 238 326 472 605 611 657 813 839 995
18 4 151 224 277 284 330 454 533 537 591 624 655 690 695 773 888 991 996
16 38 127 149 225 256 294 396 452 466 504 535 564 618 653 991 992
7 5 294 363 377 537 773 798
8 111 167 251 264 349 574 792 907
10 224 234 256 340 464 526 537 676 898 967
5 29 134 188 528 977
10 41 491 597 693 701 748 800 857 919 923
15 114 141 200 215 216 343 426 470 507 547 548 593 726 850 960
12 104 155 223 227 234 260 333 543 572 938 945 994
10 35 160 437 523 564 586 732 843 973 983
11 29 67 75 93 202 218 223 384 547 626 909
13 24 35 110 177 257 273 334 437 504 724 730 742 928
9 129 163 199 357 375 554 832 941 973
14 22 65 103 138 170 328 340 349 441 452 630 662 732 865
8 71 101 162 439 643 658 812 853
10 46 162 346 374 534 742 777 918 964 975
10 43 98 233 234 440 650 820 922 941 965
8 238 365 570 587 588 722 758 907
9 16 21 50 232 485 678 780 816 962
8 357 371 421 578 596 736 829 912
14 76 109 170 281 406 522 613 636 725 798 821 893 899 905
11 131 307 352 381 403 562 623 654 771 965 995
8 4 34 87 158 200 487 606 659
14 5 33 52 88 144 332 391 568 596 690 711 927 954 966
10 20 22 165 350 556 609 682 889 917 918
8 42 138 316 464 486 607 745 892
13 78 107 153 160 240 350 652 737 743 782 823 857 974
13 5 12 143 286 306 313 436 562 572 613 654 727 803
14 5 40 66 141 162 208 359 478 488 562 653 669 686 962
10 39 186 263 316 341 553 853 880 904 919
9 17 89 232 324 403 437 739 749 982
5 36 283 496 592 634
8 27 293 319 459 523 691 705 957
5 280 535 754 936 997
10 51 277 352 368 506 551 713 720 745 751
9 26 128 173 207 306 467 555 697 760
9 205 323 330 378 448 507 598 646 786
9 9 115 310 331 363 421 662 687 845
6 244 323 616 717 810 862
13 29 74 97 197 304 369 405 580 605 698 842 905 951
10 45 83 303 403 465 539 653 731 819 978
7 34 189 230 489 551 740 900
9 55 78 182 291 468 482 832 856 917
15 10 73 193 200 279 330 389 391 407 447 506 561 664 951 956
13 53 121 126 166 448 454 516 602 685 780 861 900 921
10 115 127 156 160 327 756 823 865 952 969
5 322 415 435 630 706
8 159 237 537 742 823 860 900 976
8 114 169 368 481 541 623 680 789
9 1 211 232 351 391 710 803 882 887
8 5 7 159 340 514 774 785 859
11 128 307 330 519 534 612 688 768 829 954 962
12 66 100 118 209 511 556 695 701 805 928 935 957
10 105 271 473 480 532 835 868 945 968 975
11 24 297 401 608 708 838 878 899 908 980 985
14 39 63 97 118 131 164 186 293 631 678 694 807 836 861
9 21 237 252 306 415 469 473 871 908
8 191 339 404 428 436 529 533 878
9 5 177 272 480 549 723 822 882 934
11 147 210 260 335 444 446 495 742 783 785 831
11 25 98 111 156 263 301 421 636 667 747 861
11 429 431 477 567 570 651 720 747 848 902 995
5 5 54 190 467 996
7 50 141 369 550 588 715 765
8 21 303 405 462 492 666 818 908
8 31 232 263 361 519 780 859 976
6 154 204 659 713 825 879
12 37 53 81 82 97 315 428 560 762 833 903 916
8 279 293 313 532 632 687 697 933
9 3 166 298 304 398 420 557 627 755
13 78 174 262 326 340 537 700 769 799 824 928 937 990
13 78 85 238 249 273 307 376 516 659 767 769 790 883
14 51 85 127 173 235 255 279 408 413 424 615 824 855 902
15 184 307 324 339 350 357 387 594 637 646 730 775 829 929 938
10 82 83 112 162 174 191 554 687 699 872
7 117 142 334 622 626 676 988
9 33 181 519 684 756 785 861 862 943
11 34 108 229 236 409 422 507 647 685 749 790
9 41 106 110 184 186 529 566 579 691
6 157 216 384 693 718 809
7 210 232 255 449 530 579 913
11 127 184 249 368 486 500 555 688 764 930 999
9 21 166 425 467 648 818 884 931 995
8 151 247 374 509 515 649 738 981
10 133 138 195 493 736 848 853 884 919 987
8 133 136 188 254 316 411 495 799
11 50 66 78 155 172 244 273 420 799 968 985
13 27 71 119 281 306 421 445 461 583 609 799 853 921
9 117 199 264 375 419 507 582 691 898
9 63 106 545 616 623 684 711 763 946
11 25 133 294 382 528 647 695 774 937 961 997
11 149 378 407 570 623 683 860 925 946 957 997
13 24 202 308 464 567 664 709 752 793 826 851 872 988
7 19 111 236 534 744 810 892
12 64 111 167 221 237 317 482 639 656 799 836 927
15 89 100 133 175 206 404 476 554 586 611 641 740 825 873 953
15 6 37 138 252 261 369 553 645 655 733 803 809 822 841 892
13 88 159 233 244 327 568 623 631 716 874 888 897 995
10 31 111 181 206 280 295 397 399 493 670
7 22 89 218 309 482 636 774
19 14 71 104 105 109 257 295 341 424 509 539 609 635 676 756 895 913 940 953
9 85 329 496 518 605 646 811 855 931
14 124 128 131 260 318 329 469 565 568 676 822 854 955 963
13 18 59 195 362 397 400 466 484 536 575 690 765 965
10 48 56 417 542 604 618 673 716 866 966
11 210 367 407 491 674 686 901 932 945 974 999
12 86 99 141 150 166 172 261 358 498 720 770 906
11 63 66 122 371 510 518 670 676 828 936 949
9 98 339 618 658 689 719 779 832 984
12 175 212 263 307 332 340 375 473 743 872 875 990
9 55 148 167 344 506 553 601 684 859
14 118 148 240 278 326 489 548 575 675 705 761 855 893 935
6 249 436 669 676 835 975
7 113 147 210 364 492 739 870
10 323 335 351 485 545 673 707 743 914 975
12 9 55 277 504 605 622 630 772 840 916 918 956
14 12 56 83 92 146 254 264 396 403 568 632 762 786 818
11 46 62 113 129 196 233 470 585 826 876 948
9 9 23 128 256 371 382 636 680 765
7 181 319 497 623 687 730 929
9 32 66 113 253 367 602 629 877 952
5 485 532 583 872 947
9 95 96 101 106 629 792 920 942 951
13 16 203 279 309 340 399 506 623 663 748 864 865 963
4 146 160 574 981
9 96 140 145 220 421 447 623 657 894
7 261 351 360 676 730 932 994
11 24 36 95 107 153 178 488 736 800 915 932
6 180 229 435 697 883 971
8 136 177 282 487 799 828 845 948
9 18 39 74 117 402 534 552 798 912
6 86 182 466 716 750 952
4 38 297 319 578
10 34 163 272 399 493 609 746 785 851 858
11 136 175 280 371 474 513 535 668 763 859 881
10 127 135 170 269 377 384 485 655 674 759
11 70 124 305 396 465 499 552 680 809 856 957
12 121 122 150 162 442 740 757 789 805 824 928 952
10 12 102 205 282 435 453 601 609 892 923
10 117 148 162 236 405 447 498 676 735 981
10 11 94 161 253 291 379 442 447 681 931
6 491 493 693 714 800 853
11 37 138 275 524 544 622 733 755 849 865 967
6 77 203 285 498 518 781
13 19 97 193 222 357 358 417 430 695 750 761 783 957
9 3 9 56 71 580 799 801 871 951
8 90 234 306 449 654 709 828 900
9 33 176 350 572 628 693 721 782 791
11 58 61 108 247 303 348 495 671 727 764 791
10 20 37 56 135 346 566 682 842 910 930
14 151 288 321 362 373 523 615 617 646 798 819 847 906 952
18 25 26 39 85 148 150 207 385 471 572 652 701 738 784 797 920 921 940
4 23 144 188 302
11 0 66 216 345 461 466 544 644 809 885 975
7 35 240 485 617 778 851 950
10 8 55 80 93 117 228 609 653 685 851
11 2 14 105 121 181 209 356 433 626 898 926
10 276 571 645 655 720 811 832 857 966 983
13 5 59 258 300 328 378 602 741 758 866 870 917 992
8 24 31 146 210 444 461 652 895
13 173 295 333 363 396 475 533 537 545 622 671 880 984
10 97 117 301 385 486 618 721 745 834 856
12 46 83 171 363 384 390 696 853 974 979 982 986
18 81 85 192 203 232 238 352 360 404 417 460 580 603 677 699 829 851 926
11 106 120 145 230 379 407 598 616 707 785 844
7 158 207 485 741 840 960 968
9 22 69 140 324 447 579 695 699 744
11 2 138 317 436 446 565 607 615 696 835 992
6 593 622 800 824 869 918
8 139 244 296 554 581 690 697 784
9 87 109 130 167 206 309 772 884 976
12 53 142 205 221 316 334 730 769 779 833 896 913
15 238 270 280 291 380 399 567 585 643 701 718 739 840 911 992
8 84 89 92 457 567 635 842 981
7 203 251 326 479 557 604 924
12 40 66 89 217 313 625 702 725 784 803 919 996
13 1 401 469 509 534 551 666 680 755 764 886 973 993
9 16 96 163 320 385 646 759 768 967
11 52 194 219 270 302 309 363 367 627 756 861
10 73 270 398 412 415 494 506 536 762 909
13 68 85 260 273 307 339 506 510 521 606 714 759 865
7 174 210 262 546 660 797 965
12 54 155 311 366 441 486 558 576 717 738 890 940
11 1 189 203 348 377 398 481 839 876 925 958
9 3 95 114 340 383 559 572 819 974
12 128 282 296 312 413 438 557 643 719 762 815 903
8 50 206 311 370 429 448 575 919
10 7 304 544 564 603 678 889 917 940 990
8 23 99 658 729 737 876 947 987
7 18 33 54 406 761 941 949
4 339 411 435 743
7 21 103 212 390 464 508 638
9 134 154 174 185 194 249 358 455 955
7 77 223 296 378 432 601 738
14 47 149 182 315 369 371 525 528 569 832 876 916 944 946
11 106 109 181 197 298 397 436 542 903 943 962
14 46 162 176 225 272 348 397 516 530 720 807 904 942 947
8 3 39 303 385 440 640 674 700
11 0 63 167 250 271 281 411 593 852 882 945
11 70 91 116 124 170 192 328 335 559 693 909
9 60 376 476 518 525 676 835 837 952
14 120 202 363 449 451 535 635 708 711 835 851 864 914 937
4 298 817 855 863
10 424 437 445 460 678 680 688 768 898 976
8 18 227 254 369 553 653 747 810
12 18 90 164 361 592 643 694 846 871 889 933 956
9 186 232 276 284 346 546 658 776 901
7 21 110 338 539 677 848 927
5 189 316 458 937 987
7 136 248 447 555 874 916 996
10 105 182 264 361 363 684 770 797 924 932
11 155 298 474 671 691 738 779 904 945 986 995
15 19 21 204 323 334 358 421 563 594 704 726 736 863 884 941
7 11 15 363 860 909 976 987
10 12 207 350 429 446 577 647 814 881 991
8 244 261 268 406 543 590 876 880
11 19 215 228 244 278 409 456 548 814 864 986
12 166 227 238 330 370 403 430 432 719 780 868 991
12 88 139 238 243 396 580 612 685 817 832 931 969
10 52 175 278 461 467 649 737 761 791 817
11 8 241 403 442 669 691 725 784 928 977 979
13 29 41 60 76 91 174 217 330 338 394 397 715 799
10 27 108 128 298 419 477 589 640 856 878
13 15 19 27 157 270 276 451 487 581 593 738 895 974
10 7 83 425 523 636 713 769 884 949 990
9 88 104 150 417 494 573 732 845 946
15 58 67 105 324 364 454 478 499 579 675 681 777 780 797 945
14 10 28 82 174 183 228 229 254 459 546 670 781 879 938
11 252 349 442 471 618 692 699 720 773 926 970
6 37 122 165 267 466 597
8 231 357 413 422 451 524 605 703
10 272 277 370 409 712 727 896 935 969 996
5 229 377 423 570 730
9 49 97 108 180 226 227 343 694 743
7 372 429 641 715 828 842 986
5 442 686 861 883 942
7 94 159 380 474 868 877 886
4 220 415 786 927
11 82 92 123 203 353 498 547 562 716 897 953
2 209 735
8 14 185 278 281 524 837 930 969
10 67 107 239 359 396 486 676 842 953 984
10 131 151 304 320 363 409 453 646 743 990
14 96 127 215 238 353 479 610 636 683 694 738 779 883 940
13 83 91 366 440 476 506 641 649 660 708 883 981 993
11 12 15 129 288 346 422 438 545 569 673 908
8 22 111 356 365 421 422 934 986
15 169 265 298 305 332 425 468 470 564 696 827 849 896 954 977
6 427 460 950 954 979 996
12 19 70 113 191 347 481 554 613 714 747 805 886
10 107 117 137 226 276 406 447 494 770 999
6 81 192 383 621 682 869
15 40 71 76 120 410 449 461 490 733 865 866 876 905 942 949
7 14 99 127 221 382 464 959
11 258 268 373 503 568 589 703 802 833 935 977
8 334 473 529 652 770 807 859 972
9 240 305 395 408 583 668 739 915 991
6 226 265 428 683 992 994
11 146 377 468 525 535 682 731 808 909 951 974
11 183 189 190 234 293 350 355 364 433 714 971
6 3 64 209 324 325 887
8 69 144 207 242 419 521 550 875
6 22 82 97 191 435 735
10 287 334 458 469 479 558 605 743 818 966
6 153 532 687 723 734 851
10 168 217 234 261 306 456 574 613 774 845
12 11 45 126 242 547 552 675 724 794 882 946 987
15 122 227 230 251 317 357 417 482 558 560 677 697 814 836 953
8 54 79 83 134 348 532 955 968
8 44 109 145 183 391 445 610 643
10 31 98 209 251 353 517 674 731 795 954
7 140 149 196 511 893 973 987
10 42 371 384 444 564 603 617 670 838 953
8 11 217 346 475 506 585 629 715
9 154 286 470 625 746 943 945 993 996
15 38 285 353 369 387 411 548 583 623 756 785 924 965 970 971
7 274 309 338 586 660 695 824
9 161 256 381 419 475 535 582 685 735
7 398 442 530 775 874 891 985
8 314 402 529 601 648 839 918 955
11 53 151 183 455 611 670 782 794 826 846 921
4 602 624 801 908
13 43 66 79 270 296 454 516 567 682 778 779 816 942
10 12 13 101 408 416 448 471 948 953 997
13 109 111 171 447 586 705 746 784 787 904 910 925 947
12 180 196 204 293 299 324 390 435 499 679 865 982
8 65 143 343 386 404 433 578 813
11 80 206 213 222 233 258 592 707 902 950 960
6 296 394 469 470 473 890
12 2 169 458 460 639 760 889 893 895 905 960 982
7 71 172 317 631 745 806 842
13 163 189 328 342 389 418 488 524 539 608 683 912 943
11 51 75 159 208 439 553 643 688 738 866 966
11 50 80 198 253 382 385 493 586 682 691 890
8 147 258 267 554 576 627 696 794
12 38 46 67 98 157 276 423 696 831 871 925 976
13 32 62 82 84 120 191 412 440 501 523 690 890 915
4 103 707 716 907
9 110 134 181 189 287 439 475 659 685
8 48 370 470 547 684 840 845 889
6 193 197 370 670 781 805
8 6 196 579 692 705 754 878 898
9 38 79 186 337 363 417 419 965 976
3 290 478 596
9 78 205 463 487 533 673 689 724 734
11 3 36 40 96 182 219 489 500 767 867 873
10 105 178 278 301 339 477 480 599 608 699
9 113 323 478 539 661 717 847 861 893
6 43 130 143 326 594 649
6 188 253 387 395 591 642
8 161 401 471 653 682 804 826 976
6 57 387 424 463 610 815
10 47 49 125 223 318 419 433 538 743 864
14 41 84 177 237 271 296 365 406 433 448 515 564 666 821
5 271 352 444 565 839
14 10 81 122 185 319 509 513 729 740 752 836 841 877 961
10 56 108 351 395 560 664 723 820 836 994
10 24 169 210 302 415 441 612 684 796 861
11 112 113 392 539 591 621 727 803 876 890 920
13 11 47 54 62 228 232 410 535 550 599 725 734 814
7 48 398 400 427 637 831 938
7 34 120 258 727 747 764 833
8 19 171 453 601 652 759 848 949
14 22 86 182 223 266 274 353 463 490 534 540 726 756 821
13 70 125 210 395 410 481 673 681 766 799 851 894 966
6 8 394 416 453 939 987
3 313 370 786
11 218 232 287 349 492 517 589 643 649 764 945
13 68 84 119 191 201 317 476 480 599 640 648 788 891
14 15 24 61 81 120 134 195 445 596 759 816 890 920 971
6 40 111 387 679 721 740
5 302 483 565 634 686
6 18 244 297 428 637 668
9 121 359 373 380 477 543 549 714 775
9 164 351 402 435 446 640 727 896 969
16 26 160 217 256 284 347 395 445 465 564 582 657 665 846 929 959
7 260 346 458 668 869 939 981
6 159 194 207 279 538 949
8 14 24 239 338 427 808 849 958
12 35 37 84 158 225 270 390 439 524 539 797 977
8 60 125 137 327 345 557 784 843
17 32 45 174 325 364 394 444 450 525 620 692 709 715 766 768 919 929
14 249 254 281 286 334 605 653 666 682 703 766 779 923 978
7 356 387 409 445 517 745 861
5 270 522 553 906 969
6 167 257 354 371 699 975
11 23 30 84 155 241 278 420 455 609 629 682
11 117 155 203 223 370 495 607 640 808 837 967
10 39 252 344 378 449 482 559 836 853 888
8 137 174 440 521 751 791 827 909
17 76 216 221 388 415 442 501 540 564 620 673 707 729 777 913 956 990
9 114 161 420 658 662 744 851 936 987
14 13 48 171 173 189 212 221 224 253 313 375 579 887 961
10 1 124 237 270 352 570 572 868 907 990
7 28 257 324 404 687 785 858
12 193 255 373 443 498 732 748 768 841 866 965 973
11 116 131 189 418 611 637 746 814 933 972 984
10 45 59 92 447 574 579 607 794 881 985
15 50 74 107 205 215 286 497 548 634 874 907 948 951 961 999
16 197 228 242 310 311 337 358 383 564 602 631 777 813 844 918 977
14 30 118 129 145 205 283 356 540 602 644 657 723 906 921
7 245 511 610 719 755 970 972
11 161 265 344 366 423 522 631 889 943 993 999
10 26 94 516 768 836 864 914 916 931 972
8 23 99 120 363 470 620 870 963
6 82 211 421 568 844 851
12 4 13 146 194 243 269 380 499 537 711 806 916
13 47 102 169 204 359 468 540 572 578 721 727 880 882
5 151 175 443 532 964
12 183 247 344 377 397 490 565 790 813 912 958 995
4 32 288 496 669
9 101 129 264 304 627 757 764 843 948
9 195 262 370 622 682 755 794 899 986
9 21 90 146 173 283 482 702 849 951
9 3 162 172 188 208 304 445 676 810
12 297 498 522 568 594 623 627 756 783 807 935 998
9 84 286 320 322 341 354 465 570 959
5 361 430 623 639 926
7 54 302 399 483 494 911 991
7 173 202 296 350 412 506 749
11 34 54 60 280 616 621 663 762 807 821 842
4 329 463 553 807
8 545 602 727 732 750 823 833 876
9 232 299 336 352 400 402 588 614 971
7 267 320 327 335 346 626 982
12 12 127 147 171 229 252 491 606 710 726 828 975
15 109 114 206 207 232 380 518 543 646 661 787 828 869 876 918
9 80 190 194 289 331 659 687 759 994
10 109 134 144 183 389 639 658 824 839 933
12 114 331 394 449 515 611 648 694 712 732 737 815
11 65 187 321 427 476 556 738 827 861 878 943
9 141 290 345 394 501 555 638 651 833
8 32 41 51 127 228 231 445 492
13 68 106 174 297 365 440 441 442 497 615 679 767 870
7 50 75 150 618 709 794 797
10 31 200 226 261 324 509 667 927 978 993
6 54 102 116 175 659 787
9 83 267 294 420 766 821 943 972 982
12 1 88 227 242 253 354 442 511 741 895 925 975
12 263 330 335 430 457 458 502 532 576 676 709 831
10 96 201 209 286 555 562 585 781 790 951
13 190 307 390 519 583 618 622 641 739 758 816 826 969
10 83 196 241 414 624 635 638 826 929 995
6 413 438 697 745 855 923
11 57 67 190 248 328 361 590 710 804 866 935
9 0 294 336 615 646 672 674 783 888
10 115 155 174 236 278 313 650 774 946 996
6 302 367 496 592 807 916
11 99 233 272 288 313 323 494 589 694 871 938
10 80 97 357 362 408 429 465 472 526 635
18 5 30 48 71 98 136 223 257 376 436 499 586 638 700 720 891 969 980
9 88 241 256 257 440 626 707 911 967
11 243 306 373 435 440 468 494 581 727 731 950
10 83 111 214 322 618 751 814 868 907 965
8 93 235 258 725 759 840 859 872
4 18 593 703 968
10 259 331 349 401 528 566 630 731 757 921
12 68 78 268 343 541 554 570 665 889 903 905 920
12 72 197 225 245 420 451 671 738 821 845 898 930
10 155 228 388 410 498 557 726 816 903 939
7 72 525 616 692 810 896 992
7 204 228 502 553 648 714 869
13 167 270 297 323 324 461 466 637 780 853 863 872 933
12 523 576 601 618 727 735 739 747 795 831 882 978
18 57 139 149 201 273 296 345 423 484 490 518 529 643 644 683 874 910 915
19 38 68 123 178 206 421 482 566 604 631 663 675 704 719 750 791 807 866 973
12 20 22 41 214 628 713 735 779 790 913 935 996
6 196 256 414 626 820 938
10 25 303 309 350 441 510 665 669 886 938
18 27 208 255 307 360 404 422 423 508 545 607 756 839 841 856 890 892 999
9 24 193 328 404 439 517 649 676 934
15 148 151 231 239 246 289 361 404 409 472 618 634 693 697 850
6 366 379 458 485 722 742
9 70 170 283 325 352 466 650 845 941
13 98 214 280 340 346 354 385 403 475 526 558 859 980
13 70 178 225 345 455 456 476 559 777 900 918 960 962
16 54 136 150 151 177 220 261 295 368 518 661 751 825 922 939 980
9 3 47 55 197 294 324 495 701 912
9 91 157 212 263 359 400 753 866 952
4 352 684 793 872
8 212 234 241 429 469 618 634 939
8 12 24 735 742 780 815 835 843
7 149 253 333 336 557 635 799
10 11 55 237 293 482 587 631 837 877 990
10 203 291 357 446 495 682 824 871 910 975
7 227 276 446 499 532 855 868
8 184 410 607 650 712 867 942 980
11 219 274 300 347 410 443 570 733 757 913 997
7 43 238 658 772 820 824 897
8 174 214 259 300 506 581 902 977
13 7 98 164 170 230 263 433 469 540 585 784 857 871
9 75 518 528 567 619 666 723 931 972
9 315 322 334 392 480 674 855 955 976
13 15 36 103 202 264 519 731 758 760 855 880 965 987
9 51 147 346 387 420 527 704 719 930
13 12 114 142 164 240 433 444 573 776 892 958 980 997
11 46 73 93 230 509 552 573 586 603 933 984
11 53 258 269 378 423 475 509 700 733 846 885
17 67 113 187 274 299 451 461 470 491 515 571 746 812 832 916 948 956
17 18 128 258 285 299 310 375 469 494 501 644 692 893 950 965 968 987
10 162 239 294 321 515 553 586 608 846 987
12 10 420 442 651 729 737 802 864 878 882 939 958
7 64 67 120 266 299 511 572
7 145 222 247 485 695 742 892
8 171 284 288 309 445 468 657 707
8 106 211 255 339 401 446 606 972
5 72 233 317 344 960
9 39 237 314 318 577 709 827 850 917
9 185 254 274 481 600 688 732 908 996
8 64 69 317 339 463 613 732 869
10 59 194 260 335 479 555 617 736 833 926
10 53 105 110 278 359 384 436 454 524 910
6 342 389 556 565 658 895
4 114 435 631 870
10 29 125 132 146 165 176 443 474 754 916
9 4 36 92 172 193 252 597 701 929
8 33 140 234 315 496 591 945 965
12 39 138 302 549 583 652 695 700 744 845 921 998
8 52 122 316 530 578 824 856 867
11 263 334 380 435 547 553 579 617 648 685 962
14 17 116 152 396 469 605 616 648 663 680 777 889 898 982
9 75 124 338 403 528 655 668 681 776
7 95 109 144 152 304 836 921
13 190 236 261 389 419 423 470 513 622 640 672 735 978
10 9 70 96 159 358 448 455 718 854 906
7 42 112 381 418 487 662 841
9 130 369 404 542 587 656 750 806 953
11 117 150 154 249 366 386 430 590 619 710 718
14 147 237 296 377 421 456 619 694 747 782 803 806 911 915
3 92 316 935
7 307 361 402 470 697 732 873
9 410 432 676 749 838 846 889 924 930
5 265 603 791 802 873
10 5 12 22 126 560 600 697 780 947 985
3 506 613 817
14 45 54 121 134 190 191 255 284 390 460 505 587 601 971
8 18 47 88 99 672 678 709 992
6 202 440 533 789 898 956
13 94 111 187 326 406 467 468 555 753 779 817 843 857
11 118 191 439 536 624 644 849 850 864 907 956
13 63 282 372 409 473 520 594 630 638 669 793 797 996
6 520 611 756 786 931 939
5 145 326 494 704 929
5 61 520 714 743 917
8 94 324 400 469 471 582 589 842
7 55 82 207 293 374 764 789
9 281 338 354 441 555 665 758 786 925
13 112 118 154 211 397 435 447 462 522 650 727 814 904
8 62 76 87 412 464 597 605 610
8 511 512 514 567 608 880 914 987
6 9 191 272 360 718 752
12 31 355 373 386 518 684 733 807 818 844 876 925
9 20 43 161 235 307 434 535 639 676
9 153 241 251 302 350 482 789 828 980
9 205 211 269 352 431 548 629 744 904
11 15 420 445 565 599 699 715 760 835 840 883
8 465 611 633 641 645 675 702 835
13 16 101 205 427 462 492 633 668 731 789 842 900 932
8 68 89 266 290 435 748 927 991
8 91 207 289 489 534 540 868 882
1 821
18 64 79 132 275 279 379 410 456 645 735 771 870 883 907 919 926 955 958
16 11 68 171 315 508 560 562 575 597 707 720 732 771 897 906 955
11 26 62 104 141 187 334 530 639 774 891 949
13 12 44 145 212 269 288 330 523 545 589 770 888 918
6 114 190 510 716 734 960
8 11 13 15 58 81 171 377 818
11 323 348 560 667 768 783 824 847 891 966 986
12 51 111 218 302 318 329 350 556 725 830 891 945
11 334 361 371 378 461 530 618 658 821 862 912
3 59 428 809
8 115 206 497 780 785 828 936 938
7 19 226 344 397 710 844 933
7 153 164 198 697 778 955 968
13 100 125 171 256 393 440 535 594 609 669 829 984 996
10 192 217 238 643 652 725 807 869 941 950
11 18 21 249 277 310 490 638 684 806 832 868
9 3 18 122 227 286 369 525 880 981
7 7 69 344 488 621 697 770
6 74 272 330 555 817 949
9 45 52 187 601 608 638 802 854 908
9 141 147 277 467 733 748 755 793 851
17 40 107 121 215 303 355 392 432 471 490 602 633 686 737 785 822 941
10 23 85 106 180 260 305 428 570 652 756
14 46 92 220 402 411 481 509 517 550 557 721 775 786 799
10 9 35 63 401 483 539 560 629 708 889
12 80 185 196 351 430 453 555 591 629 771 812 867
9 193 274 278 445 771 822 976 980 987
6 195 210 359 446 578 765
14 78 278 327 504 533 538 556 572 587 679 716 823 857 970
5 54 595 704 744 936
7 32 38 39 249 411 533 846
4 223 753 782 898
15 12 20 198 258 283 324 346 361 370 644 711 756 793 881 914
7 113 178 325 342 380 483 526
8 89 160 427 436 600 806 921 923
14 3 72 103 183 184 293 462 520 576 631 683 730 763 832
9 34 108 113 127 265 376 386 587 855
9 205 256 634 674 700 778 841 980 995
13 28 72 102 243 364 387 428 458 554 676 678 941 965
3 168 469 742
16 19 38 158 162 195 364 378 473 560 593 829 901 909 936 968 983
9 236 466 467 586 739 800 884 927 981
5 14 135 276 368 753
8 114 122 197 533 589 766 777 830
11 193 305 410 434 567 795 846 900 934 991 996
7 225 478 606 650 728 850 894
9 5 30 143 297 378 489 559 744 997
10 89 91 177 237 312 363 368 490 721 765
7 50 156 174 229 659 678 697
10 180 234 423 460 760 822 831 846 930 944
8 99 288 346 515 645 683 762 868
13 98 132 267 286 412 488 587 596 630 750 790 867 906
4 606 846 880 973
8 7 128 183 284 411 461 809 816
16 20 106 287 295 304 421 467 471 573 624 636 828 891 932 936 948
11 28 454 497 506 560 568 583 613 854 936 958
7 28 74 394 631 713 812 995
9 233 265 338 419 515 535 575 593 743
10 226 415 498 667 675 678 724 861 887 894
12 11 320 329 487 557 656 672 703 751 774 914 964
8 42 216 298 418 716 738 764 874
13 18 179 209 234 426 572 589 624 628 706 721 898 928
11 84 223 319 386 511 545 631 734 750 887 948
6 561 609 659 847 858 969
9 0 30 34 314 340 583 772 841 960
9 17 240 486 519 533 606 622 787 819
10 47 175 621 635 697 721 726 849 888 902
7 317 330 339 526 645 776 813
16 479 504 566 608 613 633 670 686 742 765 825 829 836 912 913 937
10 121 149 204 290 333 434 506 551 701 930
9 55 131 169 292 370 371 393 553 822
8 174 198 283 467 503 737 906 987
9 115 185 436 664 677 708 727 914 967
13 10 50 112 126 241 274 353 491 519 670 703 769 891
11 0 7 33 191 396 476 577 584 597 836 948
8 36 178 358 368 440 457 684 956
9 65 302 317 471 520 551 600 803 950
15 35 98 111 144 149 166 357 545 595 621 708 722 735 780 812
6 254 280 322 372 519 886
13 10 106 291 367 400 512 527 728 768 837 860 877 996
6 62 229 328 690 741 963
11 31 38 260 276 480 505 587 600 818 848 917
5 394 726 742 807 899
9 83 161 178 404 416 631 690 805 849
10 49 100 175 391 431 491 719 724 926 952
11 161 165 283 481 490 780 803 829 948 984 993
16 12 115 119 172 239 405 412 424 434 442 451 540 629 767 810 878
4 462 498 499 740
5 352 361 375 942 951
11 262 329 391 549 598 609 688 732 739 883 971
10 86 126 153 171 179 383 412 494 597 623
13 32 59 100 102 108 130 134 136 286 386 388 622 859
8 11 292 413 510 586 593 647 766
3 186 285 976
7 21 86 167 395 422 438 904
8 80 189 305 382 386 754 832 960
6 158 437 593 676 685 724
11 131 133 284 357 525 556 557 618 770 940 979
10 24 57 126 427 511 583 670 776 819 834
14 66 108 301 370 373 436 454 484 567 588 594 615 752 992
5 79 127 739 779 826
8 527 528 553 600 782 822 856 934
6 42 342 369 442 451 569
13 111 184 212 413 420 453 598 656 737 815 854 945 973
11 31 71 110 129 235 254 586 698 813 981 992
7 84 331 343 367 433 687 988
12 202 402 413 421 511 547 551 795 836 880 921 990
12 105 300 388 399 523 534 655 710 752 790 812 985
10 208 233 339 345 358 494 748 916 927 945
8 106 245 255 412 527 718 892 936
2 320 953
14 25 183 196 216 280 303 338 435 546 649 783 802 832 972
10 164 371 435 470 510 564 742 813 949 967
9 5 107 168 527 532 582 599 672 936
8 47 84 112 161 188 253 397 416
6 88 101 225 624 797 807
14 93 290 339 400 432 490 491 683 765 786 838 843 878 922
10 94 230 255 319 338 441 643 849 962 974
10 27 417 444 457 518 577 748 771 901 985
8 72 402 472 747 779 810 828 975
11 37 162 170 266 333 488 546 554 690 805 851
10 12 39 51 166 215 321 353 659 709 818
5 32 38 157 668 879
9 11 107 146 168 492 639 732 858 883
7 0 105 497 591 635 682 821
9 10 136 346 371 475 691 698 753 954
12 25 119 199 217 362 399 459 483 540 683 691 794
12 33 77 82 309 398 407 580 595 653 798 803 920
4 192 255 287 865
6 318 397 447 663 765 940
9 24 48 362 496 710 753 929 930 980
10 134 391 436 491 661 707 794 801 940 978
5 54 103 327 604 825
7 346 428 439 517 803 857 960
9 75 187 324 353 462 729 731 795 943
6 71 406 538 590 758 862
10 145 267 343 347 492 528 654 753 766 954
8 39 123 231 381 439 511 545 684
10 109 118 238 283 291 311 600 605 630 843
8 159 171 222 429 861 886 930 986
8 416 494 507 591 645 715 735 848
13 115 125 256 315 335 361 776 787 814 832 875 962 978
8 116 146 208 281 416 463 569 953
14 122 237 277 436 527 590 752 832 864 865 874 898 942 981
18 15 86 111 113 118 123 137 150 211 252 385 410 441 502 523 570 628 812
8 7 174 218 278 604 796 822 909
14 29 66 198 214 507 570 580 590 701 728 747 873 899 972
7 296 341 404 560 791 831 935
11 59 129 147 187 214 491 716 805 859 895 958
7 151 237 335 492 694 759 771
15 35 160 262 269 293 304 321 353 357 383 455 656 701 794 901
10 102 254 268 302 435 567 582 648 658 959
13 87 100 121 221 310 328 450 522 547 607 669 785 880
10 55 88 166 229 288 309 490 628 842 881
11 39 116 246 342 553 600 809 813 884 935 941
9 48 79 85 130 275 365 398 637 785
11 62 92 214 303 479 621 761 765 804 859 938
3 119 315 821
9 11 34 114 180 307 612 615 652 896
10 43 89 99 222 231 304 657 658 878 902
6 239 312 352 431 470 803
8 17 90 152 158 210 442 710 794
14 66 216 244 254 400 419 499 681 769 878 921 955 963 974
12 11 63 101 155 177 287 474 488 717 800 869 921
11 173 178 258 305 306 709 782 896 899 922 940
14 46 79 139 180 278 414 442 501 504 544 549 580 598 911
4 50 636 657 813
9 85 174 177 239 317 356 526 837 991
10 81 208 421 468 488 569 783 841 883 932
9 17 63 162 183 448 486 601 678 682
8 186 384 527 705 798 874 907 956
9 241 265 353 426 591 605 706 930 985
9 223 436 465 513 561 782 888 991 992
5 43 122 295 312 702
8 57 593 703 739 764 892 917 918
12 125 175 298 308 361 422 475 533 663 855 928 971
7 65 212 255 556 604 609 883
11 103 157 352 405 410 478 507 653 696 717 992
10 60 396 415 498 543 639 662 693 738 888
7 34 100 212 377 564 756 923
5 242 400 457 889 980
9 45 77 235 437 588 735 785 858 909
12 152 191 260 270 344 432 514 750 868 871 879 988
12 6 74 232 245 284 352 526 672 802 871 940 977
11 108 115 142 249 308 536 560 592 680 847 925
7 49 193 318 695 709 736 945
7 90 183 495 498 521 641 741
11 119 196 228 372 436 465 616 764 787 816 984
10 45 72 117 168 207 239 421 533 774 917
9 158 172 341 378 555 579 593 598 791
5 28 443 609 880 922
8 69 275 327 371 462 830 921 962
10 22 277 315 590 616 628 777 825 828 949
11 31 186 231 330 425 539 546 747 838 879 938
10 18 223 334 396 430 598 614 893 957 992
14 6 38 159 242 329 332 345 378 393 423 434 518 604 839
6 577 611 678 845 935 969
7 199 326 361 472 666 769 901
10 22 84 130 137 182 243 567 750 778 989
13 51 269 281 423 427 464 528 666 784 919 931 973 983
15 20 24 236 366 393 400 479 480 501 533 621 655 776 807 845
7 107 153 263 458 468 522 552
8 2 275 315 330 536 594 875 965
14 150 250 273 288 434 437 452 494 532 609 672 713 839 932
8 30 95 138 223 481 717 779 869
12 37 199 230 400 472 553 603 635 887 903 963 985
16 94 162 193 204 222 234 254 303 401 429 592 710 787 825 871 985
10 41 124 183 267 412 434 573 621 632 706
11 52 106 148 326 341 619 831 851 899 906 980
8 169 176 409 612 718 793 902 927
17 22 26 58 70 443 452 474 571 600 614 644 795 798 831 851 878 980
12 37 120 125 201 244 253 274 323 514 589 820 907
11 104 177 362 488 525 561 578 755 820 935 960
7 36 45 172 301 354 414 997
9 7 144 285 295 367 469 767 814 839
14 71 72 215 260 332 434 499 651 678 725 885 889 950 966
9 17 134 366 529 552 640 650 768 867
8 8 41 88 390 502 750 846 875
14 142 155 393 436 497 583 594 714 730 749 799 840 871 988
8 45 360 424 447 591 808 822 963
7 103 326 521 631 639 675 919
8 449 509 563 574 657 662 668 782
5 44 312 485 627 915
12 3 80 153 187 372 383 552 744 835 842 933 951
14 56 87 111 189 286 334 386 440 512 554 564 711 806 867
8 148 382 427 458 763 812 865 950
7 28 169 412 464 517 667 885
10 146 188 191 333 340 398 425 681 845 997
6 46 300 464 526 581 838
10 4 122 155 200 230 688 843 905 965 988
9 78 127 190 196 391 582 799 815 853
5 100 145 567 757 966
12 92 159 187 332 338 382 516 592 706 719 887 919
12 74 114 129 559 579 600 648 661 688 850 926 974
7 335 352 353 408 575 624 668
5 82 316 404 618 746
12 62 188 214 352 366 374 538 611 748 828 908 973
8 81 82 182 235 605 694 729 828
10 117 221 261 266 535 549 629 866 935 985
10 32 532 533 557 558 650 681 883 898 937
4 126 181 459 596
6 11 13 239 897 948 987
10 61 101 110 276 417 534 591 720 940 963
5 84 289 344 555 836
11 217 466 492 599 630 673 732 840 872 959 981
11 26 237 361 370 446 491 575 724 878 991 995
7 165 293 544 569 730 854 946
13 119 182 222 254 293 353 437 509 632 651 736 802 992
11 29 55 76 228 237 433 452 504 542 609 617
6 154 238 311 411 942 969
9 37 158 291 499 563 633 696 704 753
8 70 155 386 416 538 643 700 932
12 162 180 186 231 295 351 461 731 823 846 869 892
15 61 70 87 144 175 286 365 542 553 684 687 713 857 868 907
13 47 127 248 337 512 517 555 648 808 833 888 959 992
10 295 397 407 597 673 719 738 895 922 938
1 339
8 59 148 508 516 524 528 938 971
7 82 88 380 411 437 583 639
13 158 159 230 360 436 503 679 721 796 854 955 981 983
3 14 133 983
8 103 450 511 552 564 741 886 901
14 277 291 305 368 383 405 658 663 682 693 815 936 946 982
8 281 434 576 638 666 742 831 964
4 328 677 791 948
9 162 192 221 237 350 405 511 647 845
9 13 31 141 161 659 702 742 922 940
16 81 96 97 98 105 140 156 232 335 453 555 750 762 903 974 985
9 17 138 152 179 573 695 804 938 970
5 156 292 663 803 859
13 265 472 503 551 643 715 779 834 853 899 916 964 984
14 38 60 107 186 329 499 608 617 659 665 692 801 921 945
6 321 415 688 800 882 920
11 63 148 260 311 615 652 680 821 874 879 992
10 4 301 377 497 499 547 566 756 837 946
14 66 207 266 386 391 392 418 436 522 546 614 647 732 816
5 269 349 358 751 786
8 90 107 147 164 541 585 686 943
10 6 49 104 215 385 431 618 651 916 984
3 5 112 168
10 4 25 469 557 588 609 639 676 757 963
13 0 10 297 370 380 599 636 644 686 698 857 904 988
11 225 227 278 330 367 424 518 673 746 822 840
9 196 322 400 452 635 762 794 913 950
11 8 29 293 340 412 430 585 719 807 913 934
8 213 229 230 505 509 550 819 991
8 75 93 127 274 522 537 613 653
8 51 161 195 597 630 817 872 932
7 27 327 438 459 743 744 934
12 31 324 334 391 408 429 531 540 656 689 805 847
14 69 107 113 553 558 581 602 633 677 751 814 840 944 952
6 37 56 58 393 560 784
10 81 83 148 179 287 399 455 459 489 538
8 77 106 447 600 664 724 738 953
7 103 128 291 321 412 413 632
5 258 360 401 478 838
13 118 140 157 245 396 397 524 542 586 651 724 768 769
11 30 62 84 174 545 572 600 617 860 870 903
5 539 575 723 918 935
11 70 306 331 410 434 581 679 740 742 795 969
15 23 53 119 168 205 229 469 547 567 627 643 673 675 879 973
11 78 182 265 332 393 402 481 786 870 941 942
5 172 630 802 947 987
10 6 64 123 178 211 212 452 526 527 755
14 66 105 278 326 327 359 374 493 600 606 638 775 875 885
7 211 251 358 454 611 699 806
9 3 65 283 502 648 725 760 827 980
9 10 194 290 325 399 440 727 735 746
12 126 176 183 310 425 526 750 776 814 822 875 928
9 107 326 366 440 496 569 596 700 983
14 50 160 184 245 252 301 391 515 528 685 755 873 956 977
10 20 351 382 452 509 648 670 761 956 958
7 175 370 376 522 543 919 926
14 48 140 236 276 310 429 444 488 728 732 759 797 894 934
13 216 291 346 468 471 502 562 576 581 584 749 784 984
10 3 161 318 538 595 716 821 867 880 978
6 72 95 218 333 613 672
11 153 258 349 384 510 598 615 649 867 899 934
6 18 442 478 510 577 765
16 103 144 165 166 174 212 275 335 362 376 552 652 740 742 873 930
4 209 853 865 984
12 25 40 95 98 152 173 359 433 762 802 852 858
9 113 495 551 587 635 778 791 873 948
12 2 83 112 122 213 414 456 463 464 568 707 922
7 53 147 172 233 440 489 633
12 17 37 168 461 509 560 665 785 813 915 938 991
7 7 144 365 595 655 713 853
11 61 76 121 145 266 425 445 623 680 688 801
6 58 102 224 611 829 974
14 55 66 71 87 189 246 318 328 354 401 590 671 877 916
5 5 49 87 540 667
5 213 223 433 925 952
10 134 212 227 323 374 472 510 675 952 957
11 24 56 134 153 191 263 296 660 675 757 852
11 115 169 263 303 366 415 436 449 770 915 970
11 316 457 489 557 583 748 756 847 849 893 996
13 64 228 247 364 424 456 530 547 582 714 785 929 993
14 179 262 347 397 432 480 546 695 736 784 906 950 953 955
8 124 169 375 404 484 532 829 833
12 67 156 216 306 419 455 461 714 715 738 750 965
11 85 103 120 132 425 433 450 776 819 965 981
9 106 316 501 503 678 842 851 854 942
9 108 220 289 369 435 592 675 702 805
8 120 272 673 734 749 836 840 878
11 128 194 199 205 226 263 329 393 397 522 957
8 131 247 326 454 611 861 903 996
15 65 68 233 312 401 472 618 648 691 694 742 777 875 893 947
8 77 238 654 714 725 805 832 987
13 40 171 226 378 464 520 548 584 638 684 722 847 916
6 145 225 368 564 685 931
10 60 69 209 277 378 434 472 530 804 978
14 82 139 246 254 255 526 532 621 655 700 708 771 980 993
9 93 95 181 223 235 573 686 895 953
7 164 468 747 758 836 926 957
10 187 247 260 439 610 671 793 888 949 998
7 60 271 363 590 594 737 764
10 11 108 359 416 535 598 704 710 786 886
13 35 198 216 300 310 373 428 491 502 556 712 747 994
9 193 299 304 307 329 340 440 909 947
9 289 339 421 534 538 539 586 605 976
10 36 104 107 149 440 466 474 641 706 784
11 31 122 282 300 318 470 726 867 878 925 934
7 136 335 577 590 845 905 957
11 111 170 234 300 409 483 680 787 884 923 984
8 182 242 258 345 431 690 696 955
7 108 249 459 533 773 953 997
12 15 99 167 214 312 429 491 508 563 593 675 771
10 31 65 383 614 678 696 740 802 849 922
8 52 55 58 157 446 528 576 987
8 116 217 572 650 682 729 793 925
11 72 83 298 460 598 691 741 911 916 925 931
10 78 196 206 428 430 737 799 829 877 927
8 40 207 222 295 518 525 626 813
7 31 50 263 300 428 761 894
11 117 161 355 371 495 533 583 603 740 869 958
11 14 28 308 364 369 424 510 532 702 743 785
8 65 67 75 256 292 479 551 768
13 21 190 210 224 269 360 572 677 713 890 973 974 975
9 160 295 435 455 482 915 949 956 983
7 183 389 422 499 697 902 995
7 30 141 302 380 448 540 600
10 5 91 111 182 361 437 458 600 815 816
7 125 212 374 520 564 591 604
9 138 267 307 435 499 754 857 866 910
16 78 126 205 220 374 377 418 469 485 640 802 810 861 880 902 928
9 35 53 169 198 478 514 613 706 720
11 26 35 126 179 290 370 397 446 535 706 830
12 17 40 95 186 197 352 532 731 752 764 844 976
7 133 162 329 340 428 659 804
14 55 98 162 291 371 427 488 493 566 638 694 695 723 803
9 27 447 648 696 722 787 798 855 899
9 17 149 353 414 566 711 895 927 996
4 185 221 286 502
13 102 194 295 306 409 517 522 716 863 893 901 902 992
13 4 167 174 239 388 481 532 616 765 844 885 961 962
13 8 34 105 218 248 406 529 573 640 741 903 923 980
9 22 63 81 148 231 593 707 840 916
9 84 130 346 352 413 486 513 662 868
12 92 160 251 429 465 502 581 601 662 671 703 851
11 93 112 151 229 374 462 512 731 881 902 967
13 116 137 138 221 528 586 700 735 783 819 945 946 998
8 79 216 367 399 433 467 543 755
10 69 257 441 576 633 816 820 845 849 893
15 63 122 242 265 386 415 437 500 679 686 728 744 770 830 977
12 44 118 362 542 561 572 586 587 641 645 794 964
6 81 101 212 219 600 771
14 19 84 238 331 419 438 439 542 688 725 787 789 800 857
7 336 347 430 447 451 472 512
13 111 162 193 198 254 629 661 663 696 715 774 798 991
11 23 27 200 223 444 546 553 570 686 833 970
11 133 207 246 263 293 457 620 675 781 833 873
10 87 206 285 302 373 401 408 666 809 979
3 205 581 822
15 19 64 116 209 222 237 285 338 487 539 635 640 717 803 932
10 100 102 205 236 277 417 778 794 806 932
9 132 199 207 295 504 834 878 890 962
13 128 140 294 369 382 469 586 594 606 617 773 796 854
12 118 200 235 263 333 348 534 550 644 724 886 910
13 165 259 298 423 470 546 608 747 757 815 869 964 987
10 50 54 133 156 269 369 384 411 620 755
12 56 131 142 148 161 211 449 616 822 863 864 971
15 106 111 249 252 278 283 294 497 642 674 825 869 884 897 991
7 34 62 258 259 281 657 668
13 113 203 279 290 463 532 533 544 694 791 869 896 968
15 8 54 126 216 361 469 508 510 607 702 842 843 910 969 998
10 43 63 102 147 155 726 864 876 885 894
10 194 349 380 466 472 532 587 680 843 906
6 264 346 387 683 776 786
12 18 176 298 300 446 477 536 596 627 665 744 975
5 101 326 363 369 926
11 29 39 62 206 446 490 649 673 723 926 947
9 113 134 375 612 694 737 751 774 812
7 26 379 591 795 802 936 950
17 27 32 114 192 286 313 366 424 464 470 487 570 734 761 871 872 972
9 34 115 168 274 303 335 538 747 763
10 15 153 188 358 422 604 644 931 973 999
9 64 97 176 279 426 470 544 572 955
13 56 229 242 251 345 355 412 421 595 728 781 831 956
9 9 239 286 372 560 800 866 941 979
10 139 270 286 340 394 506 621 707 789 952
10 266 367 372 374 408 462 476 643 678 965
13 20 23 187 282 366 436 584 635 731 768 832 909 967
12 37 116 173 195 234 269 649 694 765 799 860 909
12 26 64 123 125 164 356 396 409 455 651 909 960
14 0 58 76 181 214 224 306 313 321 463 558 625 891 919
11 16 231 258 265 350 370 460 715 842 935 988
9 51 353 406 434 494 663 673 847 882
7 1 173 231 259 629 943 970
16 65 421 445 447 457 466 524 558 569 662 712 740 742 838 883 927
14 94 135 150 184 255 347 548 573 636 675 776 791 872 987
9 5 41 173 296 300 395 408 491 794
8 20 168 572 731 791 792 841 910
13 119 171 252 367 467 545 617 719 802 810 846 852 895
12 65 97 289 368 504 639 650 703 737 738 770 799
8 173 222 227 245 257 383 538 671
20 95 199 219 224 277 282 336 362 464 470 471 520 558 603 773 834 879 900 950 981
8 86 103 637 714 750 761 813 977
1 730
9 81 120 198 235 253 361 364 454 638
15 11 12 225 228 267 389 529 576 699 704 777 817 857 940 953
16 12 169 178 183 268 431 507 631 636 704 709 726 779 786 805 925
8 187 255 285 373 406 617 868 883
6 19 137 268 327 398 889
12 10 32 72 93 108 222 380 413 569 588 777 911
17 11 73 186 220 242 259 285 417 437 479 511 545 576 611 867 877 923
10 44 101 102 294 458 466 578 745 759 897
5 386 488 886 932 956
7 92 116 261 369 373 440 967
