200
4 36 71 78 193
2 14 45
5 12 63 93 118 158
2 43 66
3 102 86 194
6 101 51 120 124 141 170
4 10 17 108 184
3 106 98 140
2 61 64
1 61
4 6 106 95 148
1 13
6 2 38 64 77 87 98
5 11 25 32 137 175
2 1 163
2 33 45
3 62 68 125
4 6 78 81 137
3 24 39 80
5 29 77 136 177 198
4 155 161 166 195
3 107 128 169
5 108 59 92 134 162
3 77 171 199
3 18 32 172
5 107 13 116 98 163
4 110 63 95 133
5 40 58 98 164 165
1 150
4 116 19 88 169
2 165 189
3 102 172 183
5 13 24 129 137 161
3 15 76 193
4 117 40 90 161
1 77
6 0 106 131 92 99 168
2 50 98
3 12 111 147
4 18 143 146 181
2 27 34
4 116 43 57 147
2 134 183
4 3 41 61 179
4 132 141 46 193
9 1 102 15 124 140 82 152 182 196
3 118 44 81
2 82 184
5 83 90 184 193 197
3 79 165 182
6 37 56 68 69 71 84
4 5 144 156 184
1 98
3 123 180 197
1 58
1 116
2 50 57
6 41 56 62 76 96 165
4 27 130 137 54
2 22 61
1 63
8 104 8 9 43 59 80 84 164
4 16 131 57 84
6 2 26 143 148 60 99
6 103 105 8 12 141 79
3 125 159 83
5 3 116 150 88 182
4 135 151 79 161
3 16 50 76
5 101 107 50 172 190
3 143 173 196
3 0 50 196
3 127 172 175
2 158 185
1 132
1 170
4 33 57 68 98
6 12 19 23 130 35 154
4 0 17 100 177
7 111 134 49 159 64 67 89
4 115 18 138 61
3 17 46 189
7 141 45 150 47 160 163 166
4 144 48 65 175
6 125 50 61 62 166 91
7 102 111 116 145 156 159 167
5 4 140 145 173 197
2 12 176
2 29 66
3 173 79 198
3 34 48 98
6 109 153 169 84 185 198
2 22 36
7 2 143 146 157 164 167 185
1 120
3 10 112 26
4 122 138 57 174
2 120 98
11 7 12 114 116 25 27 37 52 76 90 97
2 36 63
5 126 132 155 78 197
3 5 69 177
6 4 31 45 85 103 134
3 102 64 115
1 61
2 64 182
8 7 10 36 116 119 126 157 162
5 21 25 69 146 179
3 6 22 114
1 91
3 26 115 151
5 38 79 85 156 197
2 95 198
2 114 172
7 108 113 98 120 162 178 185
3 103 110 80
9 106 25 29 41 55 66 85 98 139
3 34 146 172
3 2 46 152
1 106
4 5 114 94 97
2 149 170
2 96 148
2 53 192
3 5 45 158
4 16 65 84 195
5 106 100 156 175 196
5 72 149 158 182 189
2 21 178
2 32 130
3 129 58 77
6 36 62 143 144 156 180
3 44 74 100
3 26 164 165
4 102 22 42 79
3 67 138 150
2 19 186
4 13 17 32 58
5 135 80 96 152 175
1 116
4 7 45 86 145
4 5 44 64 82
1 190
7 131 39 63 70 93 152 171
4 131 51 83 194
3 140 85 86
4 107 117 39 93
3 38 41 154
7 10 122 63 159 161 170 172
5 121 127 156 159 161
5 28 135 66 82 198
2 110 67
4 118 138 143 45
4 91 160 166 186
3 147 77 176
4 20 100 168 171
8 111 126 131 149 51 85 159 188
4 106 93 170 188
5 2 124 127 73 195
7 148 149 156 65 79 85 190
2 153 82
6 20 32 34 148 149 67
3 106 114 22
3 14 25 82
5 27 133 61 93 183
5 27 30 133 49 57
4 20 153 82 84
2 85 93
3 36 155 182
3 21 29 91
6 5 121 148 157 75 176
4 23 143 155 177
8 113 117 24 31 148 69 72 185
3 70 86 89
1 96
5 13 126 138 72 83
3 154 170 87
4 101 19 171 78
3 114 128 188
3 107 43 191
3 131 53 193
2 39 187
6 105 127 45 49 66 168
3 31 42 164
4 6 47 48 51
5 114 73 172 91 93
2 136 153
1 181
3 156 157 178
4 127 30 81 199
3 142 159 69
2 179 193
1 123
6 0 33 44 48 180 191
2 4 144
3 20 125 158
4 126 45 70 71
5 111 48 53 86 100
5 112 19 150 89 91
2 23 189
