100
2 29 70
1 19
1 15
2 30 31
4 34 44 59 95
1 19
2 48 85
3 46 69 97
2 75 83
2 36 54
1 82
2 24 91
3 67 74 82
2 49 68
3 56 50 67
2 2 57
2 17 18
2 16 55
3 16 19 35
6 1 5 18 48 50 80
3 78 87 88
1 36
5 39 48 71 79 90
5 64 72 24 44 47
4 11 23 47 97
1 64
2 43 47
1 77
3 33 36 83
2 0 95
2 3 34
2 3 75
3 72 42 95
5 67 28 46 84 90
5 4 30 38 84 87
5 62 66 18 42 52
4 9 21 28 52
1 73
2 34 84
1 22
2 74 52
1 88
3 32 35 91
2 57 26
3 4 69 23
4 62 68 55 95
5 57 7 33 53 98
4 61 23 24 26
4 58 6 19 22
4 13 87 92 93
2 14 19
2 83 99
5 62 75 35 36 40
1 46
1 9
4 56 17 71 45
5 14 55 71 81 94
4 15 43 46 95
1 48
2 4 85
1 62
2 47 80
4 60 35 45 52
2 80 85
2 23 25
1 67
4 35 78 92 95
5 12 14 65 33 83
4 13 45 86 97
2 7 44
1 0
3 56 22 55
2 23 32
3 37 87 88
3 12 40 90
4 8 31 52 97
1 77
3 27 76 95
3 66 20 89
1 22
4 61 63 19 97
1 56
2 10 12
4 8 67 28 51
3 33 34 38
3 6 59 63
2 68 89
5 20 73 34 49 96
3 20 73 41
2 78 86
4 22 74 33 93
4 11 42 92 93
3 66 49 91
3 90 49 91
3 56 95 99
8 4 57 66 77 29 32 45 94
1 87
5 7 68 24 75 80
1 46
2 51 94
