1000
7 8 66 167 827 845 857 894
6 84 263 442 669 693 940
9 155 296 433 503 660 692 839 943 981
13 237 333 355 477 504 514 631 716 741 846 875 927 978
4 585 929 969 990
9 52 106 141 155 283 421 503 743 811
8 82 167 173 362 448 540 695 953
16 48 132 246 352 426 457 496 506 608 631 641 710 752 818 847 873
9 0 181 231 340 347 363 441 684 706
11 187 279 422 491 542 690 731 807 839 977 984
8 220 247 264 369 425 592 872 957
21 66 134 142 143 266 341 356 388 575 590 607 623 638 654 691 812 834 839 858 879 971
6 87 393 457 503 839 844
13 50 73 261 320 444 516 680 703 730 747 798 849 958
9 178 305 408 478 486 650 682 786 835
14 62 224 241 286 422 628 640 642 683 690 751 787 915 954
12 19 255 276 478 509 674 680 681 691 730 747 849
9 71 284 451 519 629 645 688 782 902
9 75 79 317 334 341 607 713 823 914
12 16 38 73 97 125 194 421 535 646 716 887 903
9 266 342 530 820 902 914 980 986 988
8 61 288 423 443 846 852 930 970
13 51 92 96 401 451 456 496 523 632 638 681 726 866
5 198 320 636 679 806
11 30 44 95 439 530 588 608 612 683 914 963
9 113 119 214 258 303 527 664 970 980
6 89 297 403 619 912 976
8 47 253 480 514 554 615 800 819
9 35 286 296 335 616 828 873 914 986
7 172 342 575 738 777 880 899
9 24 57 74 138 365 438 624 742 870
11 156 168 257 318 424 518 545 675 750 793 814
11 289 312 376 677 729 767 813 823 928 963 972
10 71 86 107 154 269 495 521 656 658 678
10 41 91 134 138 209 238 404 456 717 814
13 28 82 95 306 429 568 589 611 869 878 888 915 995
10 220 452 513 565 588 653 678 882 912 974
8 45 165 172 231 472 537 596 658
10 19 280 295 440 452 495 500 663 781 969
11 90 182 260 357 527 540 598 608 737 767 903
8 200 280 314 363 425 708 810 891
14 34 104 109 324 344 346 384 461 596 615 626 886 903 905
11 191 203 439 613 662 679 688 720 822 837 931
5 44 178 711 809 915
9 24 43 318 561 587 672 897 921 997
13 37 58 200 241 387 454 637 641 660 691 719 726 925
3 67 624 968
7 27 145 298 563 601 713 756
13 7 51 233 351 429 637 661 819 824 843 983 993 996
7 103 139 239 290 439 830 841
11 13 104 109 220 270 274 295 388 555 661 893
9 22 48 59 344 476 638 832 882 901
8 5 309 516 582 598 605 667 677
14 134 212 301 324 364 369 563 576 629 856 897 936 982 989
12 91 105 122 227 284 328 337 383 411 582 789 814
17 63 98 103 142 268 332 443 491 555 578 644 651 702 760 761 807 923
7 218 348 594 629 635 958 965
9 30 108 120 273 333 367 432 643 896
10 45 99 109 222 279 300 443 447 608 702
11 51 268 283 385 448 675 678 775 811 891 994
8 184 288 480 482 612 624 800 917
10 21 121 164 204 532 600 602 698 735 897
6 15 336 368 388 537 797
10 55 146 158 172 200 291 423 636 652 878
5 113 121 301 510 849
9 118 182 233 254 334 411 499 721 899
13 0 11 95 134 262 317 434 548 667 693 745 859 948
11 46 77 324 515 614 702 759 803 892 896 932
7 163 215 282 314 535 724 962
8 160 213 385 701 720 740 850 880
12 398 469 483 571 667 727 743 762 771 881 915 991
6 17 33 160 520 554 859
18 102 176 185 188 259 260 353 367 480 502 661 732 739 759 795 809 892 975
12 13 19 143 411 507 526 805 863 869 898 912 923
8 30 424 543 603 745 783 799 955
10 18 90 104 274 308 477 510 720 848 849
12 111 176 204 221 356 377 450 512 586 828 870 963
12 67 119 155 212 237 316 333 358 395 405 432 764
5 227 234 399 570 667
13 18 138 199 207 241 315 336 406 488 724 859 986 987
6 298 453 463 516 661 842
8 303 523 550 820 837 861 975 981
14 6 35 162 220 276 422 441 590 646 651 709 733 747 984
8 189 309 334 560 575 898 929 955
7 1 259 261 586 605 708 776
12 121 251 313 396 414 626 684 706 710 899 962 981
14 33 227 304 334 336 350 447 547 619 638 693 750 800 966
10 12 129 195 361 385 623 673 728 821 922
12 165 170 238 325 481 682 802 826 874 927 943 958
14 26 174 287 454 496 623 673 702 728 825 832 909 938 966
10 39 75 145 148 152 251 594 626 923 953
15 34 54 149 172 240 284 317 383 404 753 800 833 848 957 970
14 22 160 231 259 290 312 411 415 593 643 645 770 781 892
15 100 127 135 184 192 206 236 263 345 430 504 518 686 790 991
9 242 446 571 586 630 780 839 844 861
14 24 35 66 124 261 283 485 548 555 661 706 751 784 817
9 22 395 399 480 654 822 924 979 989
11 19 180 187 285 325 381 391 514 794 838 893
10 55 167 217 362 380 419 521 697 863 967
16 58 143 221 255 262 287 314 364 385 461 501 510 549 614 933 968
8 93 120 352 422 622 635 873 980
16 246 261 347 382 447 532 624 743 811 873 885 910 911 929 967 968
14 72 158 247 280 333 349 470 496 502 561 616 632 934 988
8 49 55 281 335 513 675 760 879
15 41 50 75 128 223 340 343 355 376 530 593 727 743 918 960
15 54 194 356 500 563 693 753 801 862 864 906 914 917 950 955
10 5 243 336 358 515 550 620 737 790 967
13 33 175 293 325 505 523 678 706 767 814 912 977 988
9 57 170 473 536 560 573 664 889 947
9 41 50 58 234 516 627 660 918 952
12 244 288 298 386 449 576 678 686 711 815 927 960
7 76 315 525 542 734 753 916
7 207 363 371 481 698 881 975
9 25 64 269 338 378 595 742 842 882
9 312 425 463 550 577 643 647 677 785
7 162 237 762 763 904 917 973
11 293 330 376 461 524 550 638 757 824 895 943
10 182 277 495 518 555 585 739 903 929 936
19 65 189 248 281 327 363 372 396 400 487 521 537 611 649 685 688 730 913 956
11 25 77 145 148 156 293 667 914 939 942 969
13 57 100 229 305 338 364 386 579 589 657 776 811 989
7 61 64 85 297 742 748 981
13 54 161 287 343 370 373 450 574 737 791 878 984 990
7 196 239 347 363 421 447 848
11 95 130 223 252 293 347 358 398 502 871 962
11 19 247 494 519 578 658 694 775 853 900 937
7 168 251 288 564 689 762 922
11 93 158 446 524 560 608 703 711 756 764 904
11 104 214 263 301 352 634 651 863 867 924 988
8 87 255 324 383 397 448 767 990
11 124 136 154 177 333 445 527 567 640 824 863
6 694 746 800 827 902 923
11 7 151 177 195 281 490 549 630 779 895 937
4 366 700 777 989
19 11 34 53 66 171 198 272 305 347 422 454 468 554 672 856 858 867 877 931
11 93 248 272 288 290 378 691 702 841 951 989
7 130 290 309 400 722 734 735
9 215 267 291 315 402 432 750 780 956
14 30 34 79 289 304 471 500 725 794 895 896 909 910 974
10 49 212 228 244 261 411 484 503 533 827
11 160 293 296 302 442 491 646 667 753 922 987
10 5 148 155 324 483 514 556 566 777 980
6 11 55 216 349 449 492
11 11 73 99 145 261 362 391 477 842 885 921
5 477 753 833 887 959
14 47 90 119 143 167 169 183 349 355 523 537 609 685 725
3 63 709 944
7 336 370 372 439 653 746 760
9 90 119 141 201 227 531 701 731 871
17 91 164 359 393 413 430 488 492 503 647 701 717 779 802 805 911 975
7 229 288 692 796 843 871 885
8 132 192 660 840 845 949 985 997
13 90 312 314 347 461 496 505 558 566 739 805 833 914
8 236 382 649 871 881 896 910 920
13 33 130 216 315 316 358 463 467 535 555 775 878 955
11 2 5 77 141 240 310 384 460 564 702 818
6 31 119 391 561 816 839
13 257 373 402 472 545 663 680 724 762 805 840 949 970
17 63 102 127 159 168 214 293 299 470 478 591 605 626 731 764 799 871
6 158 180 589 595 760 775
7 69 71 92 140 183 332 334
9 122 181 464 495 508 549 556 714 955
15 82 115 226 277 307 345 397 402 404 461 539 784 924 963 972
11 68 186 235 535 776 833 848 865 892 927 995
12 61 149 199 264 302 646 777 791 817 831 947 969
10 37 88 309 460 461 500 539 547 676 821
9 213 226 249 286 526 618 754 862 957
10 0 6 98 145 272 496 735 800 929 953
16 31 126 158 199 239 241 278 375 377 581 669 680 765 813 837 872
7 145 207 214 398 577 608 695
12 88 108 435 575 596 637 686 729 805 836 871 987
9 134 251 370 591 605 628 683 689 911
17 29 37 63 91 245 251 337 403 443 475 510 513 523 759 846 852 927
10 6 269 312 485 520 530 687 765 943 956
12 89 437 476 676 729 740 768 804 856 882 906 934
8 107 199 385 572 598 661 886 992
13 72 76 187 195 254 255 331 353 354 374 395 560 815
12 130 132 235 238 279 362 366 383 633 754 848 865
10 14 43 291 381 472 501 635 648 653 816
3 232 643 690
10 97 159 234 262 456 489 545 754 801 949
11 8 161 210 266 324 513 576 608 822 850 855
9 39 65 117 190 739 777 846 860 884
6 145 160 208 297 844 935
17 60 93 208 390 394 415 467 499 525 547 578 714 888 890 925 981 992
9 72 265 299 569 740 788 816 850 940
12 163 198 223 245 342 383 423 537 617 701 919 987
14 9 97 176 316 351 462 557 613 641 656 677 782 875 928
8 72 203 256 340 369 437 472 985
10 83 118 199 257 320 327 420 435 862 976
12 182 236 313 323 343 397 559 585 601 744 766 805
11 42 314 373 560 596 613 643 760 766 903 927
12 93 151 265 467 473 529 685 744 774 793 824 918
5 336 365 498 920 975
14 19 105 426 459 464 487 493 633 700 710 740 789 896 971
8 87 132 176 292 505 750 811 903
9 123 231 259 315 407 862 921 942 949
4 330 384 530 772
11 23 134 186 333 422 474 490 533 585 847 913
14 79 164 168 175 189 242 397 450 759 805 834 933 959 989
13 40 45 63 204 271 532 597 662 704 835 841 853 896
7 148 265 346 413 838 844 918
5 481 518 750 944 952
6 42 188 287 383 553 645
10 61 76 200 342 405 529 652 861 952 957
7 207 397 587 895 919 920 990
9 93 253 266 651 895 905 963 984 993
13 79 112 169 205 225 254 388 460 614 694 752 793 811
5 183 184 620 764 917
10 34 272 290 319 538 539 584 817 879 964
6 181 310 421 435 815 900
5 445 597 747 807 972
6 53 77 139 336 790 837
12 69 166 268 410 525 540 772 840 870 892 915 991
12 25 128 158 169 348 407 424 434 732 814 922 941
11 68 137 253 352 357 465 516 542 860 876 881
11 142 154 248 340 402 424 478 493 726 781 892
7 98 344 387 445 466 484 691
9 56 424 448 758 771 795 802 832 946
8 248 392 409 498 559 634 651 724
16 10 36 50 82 280 308 339 391 484 576 581 656 692 888 907 953
8 76 99 497 674 719 745 821 892
8 58 535 559 562 597 686 938 991
13 104 124 186 288 550 638 740 815 823 829 838 854 968
7 15 253 733 744 789 922 999
13 207 276 279 281 413 497 522 544 697 771 833 838 970
13 162 166 295 307 360 414 555 619 633 748 813 895 949
13 54 78 86 148 381 385 725 822 899 909 959 968 973
8 139 455 504 746 815 904 926 951
7 120 150 265 375 401 758 833
10 275 342 393 409 438 469 570 599 665 708
12 8 37 92 196 247 583 601 640 686 691 800 966
6 179 253 442 624 701 973
4 48 65 542 768
11 78 109 180 257 260 304 682 726 884 946 972
12 163 177 289 467 537 624 626 643 717 730 830 994
8 93 153 190 410 432 614 651 722
7 3 77 115 269 271 875 913
8 34 88 177 537 614 622 694 823
11 49 123 168 410 492 614 617 662 671 681 739
9 91 155 243 518 651 743 796 884 970
12 15 45 79 168 245 344 359 539 562 761 851 945
15 94 199 290 345 384 532 533 551 572 663 669 702 778 789 994
12 106 240 252 254 429 431 598 608 683 699 788 879
9 110 139 370 391 428 431 637 765 854
11 172 186 241 264 304 412 625 635 839 985 986
10 7 101 305 339 645 705 747 759 853 856
15 10 102 125 231 277 300 435 585 661 694 797 904 969 973 980
13 118 135 216 219 345 549 554 600 610 630 825 920 962
8 166 271 309 653 714 735 940 987
10 254 458 475 615 642 672 750 764 799 888
16 85 90 126 171 172 302 351 398 505 554 567 621 648 676 881 954
11 124 243 291 298 347 454 600 628 645 685 841
15 27 206 215 224 232 392 489 495 533 549 717 766 856 915 960
13 65 176 207 243 250 442 618 643 663 699 718 878 922
7 16 99 129 176 272 285 387
14 188 321 395 427 463 516 517 545 586 664 742 743 745 768
11 31 157 189 234 314 345 411 457 556 632 682
7 25 299 349 381 426 537 790
9 72 84 92 196 608 773 812 862 964
6 39 72 234 278 600 850
12 13 84 95 101 139 143 302 418 543 692 860 944
12 66 99 180 284 346 460 595 713 729 737 828 963
12 1 93 128 451 568 631 646 656 663 955 959 985
14 10 164 245 268 269 438 453 472 485 640 714 750 767 904
15 185 192 201 229 331 464 503 543 544 698 711 714 808 859 957
15 11 20 181 206 369 376 379 476 534 612 645 756 772 805 938
10 137 337 372 478 479 664 764 802 821 951
17 55 59 213 264 323 331 341 342 386 557 612 624 804 808 842 928 998
8 33 113 173 237 264 600 627 806
7 50 320 360 362 505 552 930
10 200 237 249 345 488 526 573 639 690 696
10 134 135 167 209 255 585 617 669 808 860
8 57 445 532 596 896 897 916 926
11 50 75 300 411 462 573 602 673 746 967 990
6 230 377 439 538 780 909
7 16 82 225 366 513 531 965
8 117 162 247 356 456 631 874 987
12 168 260 324 446 449 454 456 570 675 859 875 968
8 9 58 177 225 292 561 633 839
15 38 40 102 220 432 475 520 674 688 770 790 821 839 859 970
14 103 118 132 225 320 437 480 490 543 622 779 872 883 900
5 68 338 374 598 815
10 5 59 95 385 426 434 478 628 762 806
12 17 54 91 262 444 648 696 707 732 956 991 992
10 97 255 346 509 516 544 816 843 899 951
6 15 28 166 362 940 992
13 89 99 122 203 367 427 472 574 606 700 746 890 968
14 21 60 110 126 135 150 223 290 376 393 419 706 801 942
11 32 138 235 410 598 701 840 870 879 971 977
15 49 92 135 136 209 242 288 337 569 583 882 918 927 962 978
9 63 137 178 252 297 310 486 528 788
8 195 279 323 456 614 650 791 874
15 107 116 119 124 140 158 365 383 454 543 564 591 600 610 763
11 535 609 631 664 667 691 723 732 821 860 895
8 38 50 226 568 641 643 649 898
12 2 28 140 390 560 618 635 682 782 822 943 964
11 26 121 183 291 334 468 472 534 603 646 950
9 47 80 110 252 476 545 827 831 986
8 158 185 258 502 601 687 800 934
9 58 247 274 430 436 703 791 815 949
11 53 64 128 392 544 637 714 879 928 945 975
7 140 164 251 261 360 417 930
4 25 81 330 526
9 86 138 234 245 410 763 791 826 847
13 14 120 134 246 321 437 545 564 685 798 824 825 868
7 35 483 555 561 675 833 911
8 162 226 384 424 489 599 711 731
11 75 220 374 509 548 599 716 783 804 921 936
9 52 83 136 165 249 445 705 728 927
8 155 210 291 312 832 902 913 944
8 314 380 725 734 790 872 873 982
15 32 92 114 152 173 310 332 549 592 636 638 645 672 726 791
6 85 190 536 805 888 909
10 40 68 99 152 191 257 311 680 879 962
17 79 111 137 154 196 348 366 373 523 535 592 595 604 664 826 921 991
8 77 154 187 344 435 735 773 926
9 18 66 91 462 543 578 736 960 964
5 31 44 365 380 636
13 209 346 370 425 495 592 650 670 672 691 773 908 994
7 13 23 189 270 281 532 951
5 256 305 645 880 948
6 350 463 612 707 719 870
8 190 268 292 419 644 726 829 974
12 41 53 67 129 141 181 278 389 495 667 752 869
9 88 97 107 340 369 687 729 780 873
3 398 622 807
10 118 189 491 508 585 587 590 813 854 893
12 54 334 476 530 606 655 703 741 777 853 879 940
5 374 412 446 924 971
12 116 197 303 540 561 702 826 867 889 893 958 970
10 176 265 268 500 512 590 659 729 852 983
8 55 160 312 379 536 553 815 929
15 3 57 77 102 130 198 345 370 590 668 767 856 907 931 998
11 18 65 83 86 160 297 328 419 458 492 758
10 28 103 360 404 414 521 535 536 963 974
10 62 79 86 106 147 193 212 393 559 887
7 54 172 267 290 377 614 659
11 113 120 282 357 387 410 492 542 701 750 897
11 220 246 508 523 672 737 759 844 850 956 984
13 8 104 188 216 325 379 498 610 659 668 717 726 871
8 11 18 268 728 807 838 953 966
9 20 29 186 204 230 268 509 922 926
11 104 122 190 569 624 684 687 708 711 767 924
8 41 51 217 241 316 437 621 712
13 93 162 242 248 257 271 333 449 619 666 778 826 990
13 41 201 262 285 319 449 516 520 763 770 830 880 984
11 8 101 123 124 134 152 252 404 560 796 927
12 56 214 315 358 439 518 643 721 767 926 932 952
13 102 142 145 258 356 357 447 607 638 643 659 685 895
7 86 322 593 649 678 805 946
8 48 187 251 536 671 716 825 885
7 7 100 128 215 369 451 659
11 72 176 406 411 613 635 658 719 721 834 880
6 176 393 673 683 730 874
14 3 104 145 428 456 504 560 623 626 701 722 733 736 842
12 11 76 105 277 349 389 472 514 687 694 842 874
12 39 215 338 349 368 460 477 604 645 910 916 931
13 77 106 124 154 348 460 492 576 691 776 820 918 932
8 149 241 451 528 843 845 854 956
9 226 270 302 335 677 803 930 935 953
5 87 435 724 848 988
14 6 98 143 177 270 286 420 635 683 829 836 839 883 902
8 8 40 112 118 123 480 595 879
7 53 99 120 726 737 792 967
11 30 193 293 318 402 438 637 638 800 915 930
12 133 177 276 315 439 612 656 661 665 706 828 968
10 57 72 287 386 636 658 694 746 748 849
9 62 357 380 468 638 700 771 841 982
12 10 53 188 266 325 352 486 517 709 823 879 982
12 122 147 171 244 319 333 492 561 736 810 869 949
4 112 613 753 975
9 118 147 267 413 533 568 650 735 736
12 122 157 191 315 427 431 511 597 598 667 710 783
9 176 282 308 329 485 663 720 749 967
7 168 229 396 514 636 706 847
12 32 104 116 266 288 388 397 411 428 445 584 651
8 76 168 275 337 641 790 810 867
12 113 135 400 423 475 615 680 745 813 816 934 981
8 266 332 340 474 576 735 817 889
11 98 311 318 368 512 579 731 737 770 789 872
8 97 178 227 258 450 633 842 891
9 101 153 474 579 715 825 872 900 918
15 54 91 129 177 186 203 293 480 553 821 881 948 958 960 969
9 41 155 197 242 307 404 411 440 854
12 59 69 87 99 175 227 283 505 616 722 899 926
10 110 120 268 367 538 542 552 667 685 935
9 45 217 255 338 521 889 893 978 996
9 11 50 62 207 376 535 544 684 868
12 324 356 510 549 607 621 691 819 828 853 866 960
8 184 296 445 480 509 550 758 985
6 97 143 156 220 244 550
9 219 253 301 407 439 546 641 656 805
10 12 149 230 288 336 354 562 643 772 981
11 184 500 542 561 625 634 638 716 730 823 847
11 77 96 176 256 492 509 610 649 728 953 957
11 85 118 375 445 502 593 607 881 896 958 991
11 129 162 190 199 205 376 588 717 746 768 892
12 70 124 169 251 326 451 594 606 624 687 700 820
6 78 96 501 532 693 905
7 118 136 378 659 800 840 929
7 22 229 468 477 521 757 761
11 137 157 162 216 365 471 602 687 703 731 754
5 26 172 638 912 945
12 34 91 162 335 347 384 495 513 540 599 670 691
10 77 204 428 436 458 623 678 765 810 981
10 79 353 416 420 422 482 486 557 617 624
9 196 214 392 468 601 758 871 903 940
5 14 568 725 921 976
8 219 230 438 522 586 617 933 943
16 213 236 239 289 304 338 595 657 660 745 746 762 789 824 964 999
17 54 65 73 92 139 257 274 353 376 384 510 715 807 849 928 944 975
7 245 329 430 572 661 723 969
10 149 201 225 372 500 558 740 835 853 990
7 85 226 335 416 566 731 787
9 92 184 506 572 583 709 886 956 988
6 406 414 448 822 843 846
9 302 535 576 668 702 729 732 741 999
3 261 580 888
5 98 288 323 334 710
9 189 362 406 440 455 705 717 740 874
14 5 19 123 210 440 443 727 742 842 850 860 906 911 962
15 9 15 82 100 134 198 406 427 714 715 768 797 882 968 995
12 21 63 186 378 516 727 776 791 858 904 956 991
9 31 74 214 216 218 307 514 816 911
7 10 40 114 319 582 917 998
10 7 194 258 283 466 482 483 693 759 784
11 256 287 373 422 464 562 582 713 780 858 901
10 244 355 376 405 469 624 678 768 948 990
8 35 48 243 651 699 722 936 950
8 93 149 300 412 759 820 845 975
12 243 244 373 593 600 604 695 728 777 835 887 932
11 57 77 137 236 280 511 533 763 842 958 969
5 2 666 835 839 987
6 66 214 283 639 741 819
10 170 189 210 247 316 361 482 910 968 986
8 300 405 542 614 755 764 960 962
14 174 188 281 305 344 476 525 555 631 662 767 918 991 996
8 30 230 264 365 409 646 709 916
12 24 42 49 147 275 348 366 392 622 791 962 989
7 38 384 420 421 461 473 669
10 8 82 561 587 643 676 701 730 821 826
9 1 140 232 254 445 510 537 577 882
10 21 55 58 172 421 500 620 725 903 917
9 13 284 480 777 840 862 894 958 961
13 130 211 217 273 309 376 390 396 442 500 502 519 802
9 94 127 278 329 546 598 809 827 897
12 58 86 101 123 349 537 688 712 792 880 895 985
11 6 59 129 218 416 454 487 489 616 654 779
12 110 142 278 345 346 583 585 696 805 825 839 860
9 76 122 199 381 497 503 505 817 900
10 17 22 263 352 359 398 671 747 856 939
9 36 38 461 481 493 501 807 871 936
8 80 264 617 630 653 724 771 844
9 45 89 134 252 278 293 448 560 988
7 228 420 483 708 810 836 873
10 22 34 180 277 278 292 355 589 705 947
10 7 12 257 495 512 569 650 753 949 971
9 250 334 405 585 710 745 811 931 970
8 194 509 603 625 754 789 839 997
12 155 165 207 262 357 358 486 491 520 583 611 959
15 41 99 116 152 162 165 440 452 534 597 687 743 749 932 935
11 187 274 317 470 553 583 609 842 903 926 948
17 80 114 154 256 322 542 555 562 619 630 640 779 781 816 841 880 996
10 161 194 265 427 481 673 770 830 891 944
5 215 622 656 805 808
6 217 426 519 555 663 981
12 154 184 192 235 558 585 634 711 718 888 949 950
7 134 297 368 401 407 768 792
10 70 230 428 597 622 644 720 739 767 869
7 102 158 462 476 858 882 893
4 138 402 625 783
16 37 157 178 188 264 287 297 356 483 492 715 748 802 834 854 925
11 108 192 440 537 624 641 648 677 778 852 870
12 198 379 382 488 504 626 727 755 769 858 880 996
9 172 250 280 378 578 593 619 742 815
12 51 174 266 298 328 437 470 582 621 657 758 909
10 3 75 143 144 357 401 549 864 903 921
9 14 16 158 216 267 283 678 837 988
8 267 570 635 712 717 781 854 901
13 27 60 72 96 281 363 383 390 444 548 557 597 977
11 88 112 202 452 464 511 513 755 760 848 970
11 60 406 426 435 519 577 671 772 794 798 866
11 70 141 306 426 455 472 491 529 680 686 963
9 139 217 220 521 668 669 719 924 969
8 95 173 264 374 500 514 630 960
9 14 291 369 406 460 515 527 592 609
11 118 194 448 519 592 601 632 644 686 828 977
9 79 149 271 474 498 510 676 726 978
6 180 253 307 448 710 919
10 132 198 281 588 605 717 781 822 840 880
8 9 55 140 327 460 483 500 642
11 142 149 239 334 338 358 370 395 472 705 799
9 194 216 452 531 770 795 800 879 889
10 125 507 533 549 829 888 896 899 930 982
17 33 38 117 161 253 319 324 404 457 696 726 734 761 813 858 929 936
14 7 22 89 102 152 167 591 620 671 783 851 918 922 936
10 221 225 450 514 617 795 828 831 963 992
8 193 219 340 488 567 825 850 956
8 65 184 596 639 753 764 790 864
14 38 105 138 165 331 394 413 443 445 485 491 531 707 987
12 99 178 399 452 530 538 590 654 738 805 856 866
11 72 102 124 299 396 445 520 644 838 909 962
10 2 5 12 139 149 265 450 630 800 826
9 3 93 228 355 474 538 691 880 891
10 107 152 195 251 270 385 450 769 865 979
3 7 415 514
6 73 494 544 872 890 997
7 161 327 339 564 634 717 861
9 16 285 308 342 390 395 459 738 953
10 64 75 99 172 389 411 442 488 556 999
3 373 432 481
11 76 331 380 457 638 663 684 743 767 797 955
14 36 103 172 181 276 404 481 539 612 746 751 908 956 993
14 3 27 97 141 356 375 424 485 497 506 561 638 677 830
9 67 106 486 585 662 690 744 784 857
17 13 52 80 109 215 256 285 346 423 533 600 638 705 885 901 946 999
5 256 369 545 619 797
12 31 93 117 202 240 348 578 622 665 695 712 845
10 17 125 445 466 482 487 662 925 946 964
11 71 173 280 346 460 502 558 580 589 661 686
9 33 98 118 335 387 401 484 744 859
6 225 409 656 685 768 889
10 22 81 107 145 172 315 339 580 584 938
9 116 127 585 614 660 722 784 818 903
9 111 184 213 437 584 602 702 799 954
8 73 166 271 303 651 665 939 964
9 25 39 130 486 555 649 684 893 976
7 291 359 652 671 734 853 942
14 192 204 483 587 593 644 750 817 824 925 931 958 977 999
12 20 24 104 173 197 328 501 813 901 952 980 998
11 148 276 493 500 592 636 657 746 826 830 935
12 61 101 200 242 273 320 399 659 676 712 824 931
12 139 198 242 253 372 432 494 516 596 677 754 829
7 266 297 461 610 667 682 911
13 19 68 154 163 222 294 315 335 388 417 594 616 890
11 108 313 332 335 351 585 640 683 720 741 780
20 37 62 118 145 186 235 238 258 442 447 473 641 663 675 706 766 778 784 803 829
8 209 275 386 501 504 539 632 747
10 162 165 209 241 513 538 568 628 887 911
9 6 39 213 330 404 565 663 748 945
8 580 608 643 656 827 838 859 945
18 9 111 215 233 338 386 394 436 463 633 640 659 775 810 884 885 907 974
6 74 261 265 281 293 317
17 225 265 285 301 388 507 598 642 667 733 755 834 866 867 933 957 986
8 31 157 180 256 298 305 517 838
11 392 446 594 623 630 751 807 826 914 930 985
8 86 165 184 570 620 699 720 730
8 66 95 308 480 663 802 904 938
12 99 132 161 248 253 312 389 477 494 849 865 974
9 81 106 114 116 223 390 391 826 954
7 242 589 770 792 904 906 949
7 270 386 630 688 690 864 898
8 203 332 383 462 588 736 825 910
13 27 71 134 248 251 557 645 672 764 783 809 878 937
15 50 55 95 117 154 226 306 437 463 466 527 675 688 712 978
11 141 161 257 510 600 687 714 723 772 790 900
8 187 268 406 480 554 669 763 859
9 152 413 467 520 605 617 784 790 946
6 190 219 222 336 606 935
13 83 108 127 176 191 296 347 355 454 655 706 714 717
17 44 102 156 279 306 330 370 394 441 514 571 634 686 782 846 922 985
8 222 241 393 427 463 848 972 994
6 47 53 105 899 992 999
11 126 155 293 305 508 623 630 644 770 822 923
11 36 540 578 619 628 661 716 737 863 962 971
5 141 152 414 611 759
9 130 251 498 627 628 660 755 801 919
6 35 263 295 372 408 539
6 185 290 343 457 828 921
11 78 230 278 479 547 622 631 632 724 763 909
5 70 94 561 656 714
5 175 242 412 415 866
9 108 271 274 616 743 801 813 844 889
8 122 287 679 744 757 778 804 951
6 11 29 83 170 584 940
9 53 110 181 220 358 379 417 718 791
12 114 169 442 482 602 643 656 747 773 806 928 945
9 55 125 184 317 475 518 565 663 866
10 120 380 382 595 625 770 908 920 921 957
7 418 520 523 541 626 632 949
5 168 220 760 918 979
11 52 54 425 427 476 586 650 699 734 763 825
12 231 290 415 449 460 462 680 694 727 737 778 902
10 209 376 523 525 575 585 587 691 818 963
20 4 117 190 198 247 272 327 449 458 467 515 524 536 584 601 636 766 874 928 994
11 76 84 94 256 409 582 600 759 782 833 951
9 44 205 327 441 529 584 648 945 972
10 24 36 397 490 553 633 738 756 787 833
8 35 120 159 456 520 551 691 923
11 11 82 327 331 333 501 747 840 864 893 898
9 158 171 293 496 667 759 800 891 923
11 10 312 315 319 486 487 531 632 759 774 836
12 92 104 350 396 431 475 529 715 724 728 975 990
12 56 90 398 535 546 718 724 735 813 815 915 963
9 113 159 262 315 363 410 579 814 893
13 37 41 170 191 273 499 533 754 796 833 980 991 995
14 200 211 222 373 461 469 480 698 712 740 751 790 829 978
12 39 52 175 243 282 289 373 446 544 649 730 854
7 230 307 308 404 713 823 871
16 61 248 252 260 269 293 431 516 556 586 716 820 861 910 933 995
10 47 190 231 299 407 487 585 783 834 930
9 61 274 402 525 577 653 856 895 978
3 74 297 459
11 315 357 431 676 683 760 773 825 845 892 981
8 52 84 158 171 490 558 861 889
8 287 328 398 559 637 761 864 978
11 11 18 349 389 396 714 737 789 836 865 977
14 7 24 39 58 127 169 181 243 259 541 614 617 629 846
7 145 294 462 486 780 893 914
9 248 293 340 395 534 775 825 922 964
9 35 118 460 566 687 690 718 822 939
10 24 60 266 268 322 366 513 683 885 968
8 42 187 191 353 371 703 963 993
15 67 99 207 236 238 239 292 337 436 524 608 669 741 813 836
11 27 41 250 378 638 659 803 817 855 859 947
10 28 102 385 448 535 573 789 843 901 914
12 186 239 272 406 409 453 497 558 608 752 863 886
9 166 254 296 656 674 735 811 882 958
10 26 86 226 345 463 475 517 565 883 995
7 106 208 443 496 547 653 945
5 251 344 389 476 709
11 100 238 281 326 439 465 469 518 570 924 991
9 11 87 89 355 405 546 564 631 946
13 30 46 60 101 232 235 268 343 398 406 428 473 661
7 245 394 459 471 579 782 783
13 41 85 90 158 235 355 474 580 707 847 897 955 960
8 109 269 567 688 741 772 804 937
9 15 171 252 283 539 565 567 742 790
9 17 53 56 608 638 658 744 815 939
16 94 132 248 453 463 485 503 546 552 564 712 820 879 902 904 989
10 3 7 263 277 294 437 570 623 729 733
9 22 102 257 487 538 570 580 592 729
11 177 194 226 279 381 542 588 639 654 887 974
13 128 219 394 467 508 561 701 705 721 780 797 842 943
12 56 100 178 245 296 353 362 479 770 867 949 998
12 23 63 312 318 367 375 531 585 668 757 770 796
10 45 48 170 244 301 365 606 676 819 862
21 11 22 51 86 116 223 312 349 365 368 394 403 512 514 516 615 629 683 752 763 787
7 271 434 499 633 860 920 925
16 15 130 231 264 463 536 542 641 653 702 743 755 817 857 950 990
13 7 45 187 295 377 392 473 537 640 706 820 829 972
7 15 250 491 544 754 795 913
21 57 92 114 179 191 235 254 295 348 349 393 441 541 577 644 657 771 800 826 933 979
11 55 323 469 487 502 529 564 643 695 827 886
15 17 92 203 246 252 266 312 321 357 554 658 662 692 699 746
12 19 82 140 164 263 297 438 758 809 817 849 919
3 114 149 736
8 178 251 284 473 587 668 804 957
10 118 153 295 350 395 527 598 694 810 860
8 14 292 319 372 457 582 704 802
12 55 82 128 206 219 236 240 376 429 526 703 867
5 63 204 528 679 714
14 36 147 178 249 453 602 620 640 663 711 797 809 886 968
7 11 96 448 501 633 714 905
6 328 560 686 721 910 944
16 33 187 220 263 366 392 465 522 541 571 577 618 776 874 976 989
7 120 410 476 531 643 792 923
11 33 37 125 353 367 629 645 689 811 851 988
12 331 337 340 349 352 400 532 542 615 704 885 946
9 2 45 109 151 410 524 567 701 796
15 48 50 72 80 95 175 247 366 412 520 565 624 852 868 971
10 42 200 239 437 515 519 645 774 781 862
17 38 157 242 254 263 374 466 512 537 540 548 578 653 667 790 801 942
9 25 108 256 267 294 315 672 761 856
7 230 366 518 526 846 888 977
8 345 433 821 822 842 865 927 942
16 52 66 70 78 119 140 294 324 373 386 534 544 591 663 742 889
9 333 340 417 484 636 648 740 855 913
11 1 168 242 272 440 484 557 614 734 888 891
7 319 404 683 723 827 863 991
9 239 351 451 482 496 528 702 926 941
10 44 134 250 312 319 339 554 664 698 728
7 87 89 274 354 464 801 902
4 16 221 280 618
9 31 59 103 278 306 537 555 700 826
10 165 174 251 441 488 532 604 637 970 994
9 32 52 114 187 360 473 514 533 766
11 33 36 59 107 110 350 405 428 478 688 976
8 23 42 574 652 692 693 842 893
14 13 16 157 168 314 378 483 583 715 757 767 837 960 974
6 16 22 239 857 894 915
9 14 88 234 257 296 534 702 717 774
14 15 24 171 243 354 362 536 604 612 638 670 899 965 990
10 8 85 343 388 512 527 814 857 875 890
12 118 145 192 252 305 349 386 522 722 771 824 876
12 93 110 170 222 231 483 487 520 561 655 722 983
11 173 299 325 343 356 398 402 461 556 611 977
11 17 42 118 280 447 552 555 627 678 789 903
8 126 171 658 753 798 827 831 868
8 9 15 179 271 515 552 611 847
14 11 16 45 135 217 231 294 319 358 389 404 504 584 589
7 2 150 220 261 645 679 717
11 1 66 86 105 399 426 679 717 763 787 804
13 125 131 207 238 247 356 367 583 649 695 762 852 885
9 6 169 431 518 644 694 844 878 942
8 271 284 449 495 809 834 860 944
5 98 225 759 781 907
10 61 112 265 597 672 772 821 831 859 959
7 243 254 429 547 582 645 814
6 133 194 287 368 398 675
17 69 148 149 186 232 289 338 355 441 634 660 703 706 818 875 896 994
16 55 58 67 89 135 155 242 330 417 525 640 671 682 760 832 920
11 13 127 300 328 402 613 651 701 740 746 938
6 200 650 659 770 840 936
10 246 309 420 456 492 516 634 765 891 904
14 8 85 95 107 288 366 375 537 560 641 701 719 779 822
7 284 322 500 626 817 889 903
9 40 84 230 343 455 771 868 874 943
10 82 146 369 415 438 621 712 783 828 873
8 7 85 194 373 419 458 489 918
12 43 110 127 265 307 343 467 653 736 838 866 950
10 344 447 479 518 532 555 597 630 709 939
8 18 47 262 427 599 837 846 939
16 161 184 249 264 265 301 422 556 560 571 607 652 654 763 805 935
7 382 411 422 472 593 680 975
9 3 19 308 351 394 565 600 726 951
16 34 149 235 253 340 397 420 479 490 508 560 682 692 693 805 951
5 254 467 576 594 611
8 45 221 322 353 484 706 853 882
10 42 69 75 374 469 536 547 905 955 962
8 65 348 353 634 655 743 824 925
8 136 236 355 385 429 524 685 686
4 294 412 556 670
11 68 79 157 219 361 453 570 593 594 739 843
8 138 145 227 311 408 443 782 858
16 22 45 216 234 312 323 340 364 488 495 716 774 783 822 844 933
7 70 104 421 423 474 583 948
12 87 89 309 341 395 431 593 672 756 777 895 931
15 32 170 174 262 325 331 417 631 632 732 817 857 936 974 999
12 13 16 118 235 354 394 441 547 598 767 964 981
9 9 148 158 307 380 402 414 867 978
9 72 214 284 294 417 729 823 834 838
7 82 224 355 544 631 868 929
7 111 136 311 495 528 582 669
13 61 136 167 249 316 372 379 594 618 757 825 877 881
9 317 355 370 372 553 647 711 774 917
13 39 106 122 262 339 364 380 565 583 607 905 941 979
5 29 501 509 588 791
10 72 117 152 182 239 469 724 742 912 968
13 69 174 185 194 223 413 420 597 668 703 810 856 984
12 3 328 417 434 536 614 627 750 792 821 912 956
13 30 113 121 256 421 475 628 667 739 763 791 923 924
13 5 70 101 104 240 256 461 512 573 640 721 783 918
8 190 192 224 515 521 574 629 989
7 66 74 221 256 378 410 458
13 131 147 228 274 287 367 397 410 513 531 645 703 999
12 13 16 82 211 246 451 538 577 590 776 885 912
10 121 226 367 472 540 762 815 849 877 950
2 374 461
10 31 86 137 195 202 250 264 338 529 741
7 15 95 513 546 597 757 862
9 7 207 324 617 638 823 976 983 984
13 91 105 111 140 144 371 457 499 689 755 785 795 917
13 166 177 180 402 459 533 596 642 758 856 857 870 900
9 436 474 481 544 567 640 753 817 834
7 47 127 266 588 728 950 988
11 116 401 574 636 680 735 751 774 816 852 863
9 218 229 334 390 407 476 646 754 928
15 67 72 172 199 246 339 426 430 566 586 591 592 697 844 945
12 55 103 147 159 191 481 581 604 702 774 804 979
7 55 241 401 495 606 664 891
8 70 115 126 157 283 410 694 748
14 115 293 304 346 432 557 570 582 638 693 714 742 819 865
15 77 127 158 208 250 267 436 499 554 838 859 932 934 995 999
5 168 173 244 405 705
11 190 191 253 537 585 677 788 918 964 969 987
15 32 39 107 129 264 333 343 348 437 469 512 680 730 818 891
8 174 233 256 397 422 428 468 522
5 474 505 787 789 851
12 92 280 346 380 464 493 551 564 579 635 636 704
10 70 218 225 368 453 643 685 708 778 801
8 197 213 266 393 482 556 627 698
8 259 316 319 577 604 798 955 969
12 192 592 662 682 726 736 757 760 790 794 809 868
7 59 125 154 159 542 610 958
7 84 120 163 358 423 656 747
13 29 133 141 164 182 328 431 444 728 830 876 881 991
10 242 345 473 537 574 583 771 794 905 950
7 132 149 281 448 463 706 931
12 94 137 275 325 427 536 609 634 835 846 878 934
11 38 92 216 463 479 490 662 697 834 885 974
11 17 187 296 561 586 625 725 798 803 827 924
15 74 308 373 471 496 554 601 625 709 726 743 811 853 862 945
9 95 162 426 515 524 537 558 934 962
4 114 753 804 826
2 14 964
11 15 414 588 638 693 769 791 798 802 844 928
7 185 243 291 766 845 916 929
13 54 194 224 242 380 410 459 607 616 688 769 961 984
16 93 106 212 258 280 311 377 499 556 558 597 628 663 774 796 807
14 122 164 292 300 304 312 423 439 576 738 742 787 927 973
9 364 447 468 551 657 741 812 951 997
4 31 192 207 935
5 97 138 482 774 778
9 72 218 493 497 642 753 821 829 938
10 150 240 347 596 636 660 790 797 828 951
12 62 247 422 512 517 634 653 796 854 882 900 945
8 13 305 482 689 773 782 787 916
7 74 158 250 492 525 837 938
17 27 60 86 91 131 167 231 299 365 400 493 503 591 643 853 876 917
8 105 180 288 567 573 663 673 771
10 88 149 218 267 445 472 548 650 787 900
9 67 360 537 615 782 871 907 926 956
9 174 268 308 574 627 648 693 760 785
17 73 149 152 157 170 190 199 266 313 350 392 449 465 501 714 717 921
8 23 269 283 577 812 837 908 948
11 9 55 211 326 341 411 452 546 790 921 962
5 265 268 272 465 892
10 43 72 446 554 646 653 696 774 815 859
10 40 370 377 405 455 542 649 740 839 977
15 5 59 101 120 195 207 458 618 658 783 866 895 923 946 967
5 11 259 792 806 936
14 32 168 226 327 378 495 530 573 594 614 862 921 976 983
10 31 34 54 107 214 595 684 699 864 903
15 110 176 210 223 228 282 300 332 475 594 629 748 809 879 940
8 156 178 185 285 378 424 463 757
16 95 164 209 379 450 529 615 640 646 707 729 755 832 860 878 907
6 7 155 524 584 701 767
8 27 48 389 434 637 763 890 961
8 20 81 358 398 430 600 630 641
15 87 165 221 267 280 294 383 441 666 698 741 795 904 950 970
12 42 96 181 227 296 416 490 564 611 666 706 726
11 18 32 223 238 369 394 599 732 752 827 834
12 48 116 130 192 305 410 529 532 685 721 972 994
15 89 248 305 351 382 449 498 553 582 604 610 735 849 862 982
15 88 304 315 330 345 441 503 531 546 550 643 675 785 896 900
12 0 131 139 298 446 541 644 670 689 782 823 941
10 28 76 262 366 389 487 497 569 709 796
11 223 323 362 494 533 537 597 641 795 857 912
8 49 235 346 464 514 531 777 960
7 164 298 497 689 698 897 930
7 51 89 218 310 702 817 840
13 91 144 152 163 225 229 306 586 588 596 866 888 892
14 11 199 353 472 544 601 696 732 755 781 823 880 930 935
8 14 200 413 431 433 780 848 902
8 170 362 455 592 607 614 875 912
9 42 81 168 212 478 680 713 799 806
13 97 201 223 225 341 502 541 545 711 732 764 839 915
18 2 9 11 12 94 156 245 279 280 362 433 449 459 810 838 860 982 991
10 151 157 213 289 400 444 490 590 704 832
10 49 135 200 252 368 463 853 867 937 939
16 80 113 143 268 355 356 381 421 432 462 634 666 679 868 962 993
8 48 150 285 359 416 616 724 972
13 12 94 183 201 339 453 573 695 726 759 787 874 933
9 0 151 359 430 518 604 788 931 972
13 3 21 172 182 416 561 608 665 713 780 862 917 949
8 7 198 304 375 394 626 690 949
10 75 91 123 163 177 361 481 562 835 918
11 13 16 64 75 367 411 549 646 748 825 882
12 69 181 185 260 339 421 498 879 945 948 974 987
7 241 496 658 769 887 894 931
8 21 172 331 473 661 694 757 908
12 125 200 246 328 389 413 528 719 783 800 841 928
11 223 244 327 359 384 472 479 598 797 891 944
7 181 615 668 860 933 936 962
13 53 134 174 246 253 333 451 501 602 664 740 754 994
10 0 515 640 681 684 729 754 829 896 934
8 11 134 423 427 470 474 495 725
13 66 71 79 265 278 280 521 541 557 615 698 764 809
15 182 215 261 272 294 421 449 639 649 696 817 839 855 985 999
7 81 94 204 508 600 605 874
14 105 166 189 196 259 444 637 662 751 783 813 825 846 928
8 73 98 128 130 565 617 670 757
9 105 477 499 552 590 606 814 918 965
7 163 177 505 549 607 666 763
10 22 389 482 501 544 572 578 711 811 833
11 128 134 330 377 544 635 651 731 841 880 992
9 305 388 661 689 708 733 774 842 968
6 35 73 324 370 469 931
8 30 76 213 289 322 473 754 944
11 124 148 150 153 158 170 340 407 452 599 803
9 10 168 281 311 380 382 507 903 936
9 7 28 100 101 311 325 455 709 935
11 88 277 292 354 356 420 585 656 708 844 861
9 3 187 237 278 684 701 836 887 952
5 215 685 777 800 920
4 134 735 748 957
12 35 63 122 154 254 554 695 780 817 883 885 984
14 11 103 209 243 289 301 314 328 363 369 493 630 815 850
12 29 69 321 346 353 447 463 474 490 504 834 867
10 70 112 153 215 251 383 396 735 777 935
13 36 51 113 174 290 422 442 470 618 719 797 849 911
5 281 362 619 878 932
6 182 234 240 542 926 954
14 101 143 150 351 516 542 612 659 694 747 781 878 939 971
9 41 175 415 617 644 653 902 919 940
9 19 144 336 431 539 633 851 875 891
11 35 184 220 250 313 418 467 494 665 669 833
12 108 330 379 387 493 522 573 605 667 707 924 940
6 184 287 507 535 684 819
13 40 59 381 464 504 591 669 705 761 767 854 887 945
13 67 72 92 163 213 216 221 397 604 808 833 924 954
11 50 97 327 330 387 470 527 590 595 609 679
4 0 444 681 851
13 116 132 138 205 206 226 294 349 447 602 728 811 981
13 57 67 138 153 194 200 273 396 494 701 826 857 910
8 44 53 61 273 338 446 626 831
6 73 83 295 552 590 976
9 29 65 85 227 285 385 494 563 683
11 125 210 281 382 450 556 754 797 802 826 999
6 51 427 479 516 530 616
11 17 20 131 310 362 583 630 673 835 886 959
15 19 39 41 117 191 195 407 443 462 477 524 688 707 814 872
11 115 127 228 247 264 423 548 551 630 705 821
7 41 206 399 654 720 737 778
5 105 174 421 551 993
7 220 333 542 697 803 817 994
5 319 513 579 806 852
9 89 138 227 275 313 476 502 570 928
9 101 138 153 357 435 553 600 655 896
9 101 149 171 306 421 424 534 539 882
11 26 36 73 107 403 739 741 747 829 836 943
7 118 198 237 310 642 668 998
11 18 20 24 28 105 119 152 546 609 616 950
11 15 35 43 70 213 253 365 594 681 838 976
7 111 273 357 438 788 798 931
12 60 105 115 208 425 443 736 753 800 846 931 946
16 104 109 192 201 290 358 382 437 496 581 710 743 766 848 864 939
6 186 205 489 567 646 886
9 153 193 205 248 579 639 702 876 925
14 44 143 196 308 315 408 477 569 579 805 807 813 929 933
10 87 126 140 214 224 254 342 496 561 610
10 55 73 90 131 564 589 591 657 742 811
11 96 128 162 329 343 484 622 742 782 889 892
9 45 184 472 519 529 639 721 920 930
10 228 273 316 342 348 385 462 671 803 884
12 3 88 110 163 172 191 290 309 347 666 791 979
13 32 187 268 301 411 577 585 758 787 853 862 909 999
13 4 83 101 117 167 332 400 495 733 788 921 975 982
12 21 270 302 360 365 494 546 601 831 834 925 985
15 42 134 333 357 458 529 532 728 779 845 851 869 916 917 970
7 67 348 358 431 461 764 883
11 99 199 409 544 600 643 726 844 855 921 951
8 102 174 299 378 764 780 784 857
13 183 360 386 461 531 559 714 793 834 873 881 970 994
15 53 117 308 429 452 495 496 704 729 812 855 872 948 952 999
6 125 132 554 627 841 991
8 89 222 266 523 548 703 795 799
10 119 451 526 611 629 712 713 841 885 918
10 1 185 249 286 328 407 575 815 886 889
6 214 671 737 827 975 984
7 119 196 288 528 663 666 695
9 2 88 116 173 296 409 634 708 912
10 146 202 261 310 411 464 655 696 854 870
14 241 301 403 540 541 577 587 620 759 783 797 850 891 983
11 218 234 350 516 519 558 623 659 811 917 960
4 108 164 456 615
10 66 321 383 428 462 727 806 850 936 950
16 151 157 180 196 226 300 370 457 467 551 580 635 846 847 967 977
12 105 297 429 467 640 711 748 756 778 821 914 948
13 135 228 267 285 320 574 586 716 717 792 796 933 966
7 109 202 204 348 530 875 936
8 6 90 167 220 341 360 395 509
6 15 251 525 550 884 892
10 74 83 105 154 161 263 512 626 720 773
12 118 137 173 284 339 359 415 423 498 513 741 803
11 10 91 166 204 265 395 544 579 648 877 995
12 13 56 88 330 383 396 432 444 529 618 775 969
7 144 199 227 263 460 698 902
12 104 110 253 317 383 389 436 485 626 680 830 946
3 444 789 819
16 68 85 124 248 290 314 421 436 439 502 565 720 784 807 842 855
13 24 32 76 162 206 262 335 483 497 584 594 613 967
12 209 259 296 317 410 519 526 610 730 766 786 990
4 56 276 683 864
5 86 89 231 341 951
9 98 101 106 274 364 374 811 949 963
14 46 99 101 223 227 278 287 366 422 435 612 653 739 868
12 4 38 119 164 247 383 412 432 484 766 773 958
14 21 25 91 157 225 240 280 330 458 481 676 821 931 935
8 11 194 289 329 457 565 661 885
10 32 162 211 234 562 587 641 824 843 845
5 115 227 232 247 791
11 36 138 323 335 542 549 633 680 729 781 850
14 72 81 112 149 193 301 371 411 430 593 715 929 941 991
11 26 189 408 527 656 678 752 813 898 915 991
11 9 107 289 480 487 529 607 665 687 810 949
9 3 290 387 488 555 597 602 606 731
7 96 505 581 643 737 760 927
8 20 25 100 141 247 530 596 997
12 2 81 85 121 184 378 393 405 466 604 730 895
8 53 311 368 369 494 825 839 929
7 48 331 686 752 813 945 995
12 9 82 122 206 339 346 740 752 789 878 941 986
10 151 188 245 263 390 447 546 561 860 930
8 20 28 79 245 298 435 544 984
11 79 140 170 186 249 277 433 500 766 850 989
10 20 102 107 128 361 415 454 478 658 756
11 53 96 120 133 135 199 439 630 656 744 987
12 4 122 129 205 274 345 413 428 593 640 683 964
17 70 93 213 222 284 315 396 423 437 596 622 670 777 839 937 975 976
7 175 184 284 286 497 563 867
6 48 206 513 613 842 906
12 59 235 242 319 562 585 676 701 824 856 907 935
9 35 163 422 596 600 619 764 957 983
5 48 387 437 463 474
6 44 151 459 507 792 980
6 268 333 425 530 635 913
14 224 410 417 510 516 529 563 729 746 764 860 900 928 936
