100
1 94
1 83
2 51 77
3 25 79 91
2 81 90
5 29 37 62 65 66
4 47 22 56 79
2 35 86
7 14 45 65 83 90 98 99
1 20
2 67 77
3 24 25 96
5 48 44 45 73 81
3 63 81 85
2 8 89
3 20 64 92
6 49 51 29 30 75 81
2 53 91
2 83 93
1 68
6 9 56 15 25 86 97
2 75 93
3 6 35 97
1 41
2 11 33
6 3 11 65 20 80 95
2 64 98
2 51 79
3 67 72 43
4 46 5 16 81
2 57 16
1 46
2 71 86
1 24
3 65 39 97
3 7 22 40
2 56 90
4 48 5 72 38
1 37
1 34
2 35 45
4 57 69 73 23
4 51 57 63 98
3 66 28 92
3 53 12 93
5 8 12 78 87 40
5 29 31 49 61 69
3 6 53 69
2 12 37
4 46 16 51 55
1 77
5 2 49 16 27 42
1 85
4 47 17 44 58
2 64 70
1 49
4 6 20 36 61
4 30 41 42 89
5 53 60 67 89 97
2 63 70
3 58 80 95
2 46 56
2 5 83
3 59 13 42
4 54 15 26 65
6 5 8 64 25 34 68
2 5 43
4 10 58 28 86
3 65 19 88
3 46 47 41
3 54 59 84
2 32 77
2 28 37
5 12 41 74 90 97
1 73
2 16 21
1 91
5 2 50 10 71 99
1 45
4 3 6 27 91
2 60 25
5 4 12 13 16 29
1 98
4 1 8 62 18
1 70
3 52 13 90
4 7 67 20 32
1 45
1 68
5 57 58 14 92 94
5 4 8 73 85 36
4 3 17 76 79
3 15 89 43
3 18 21 44
2 0 89
2 60 25
1 11
5 58 20 73 22 34
4 8 26 82 42
2 8 77
