100
1 26
2 13 83
3 17 25 95
1 97
1 86
3 7 24 95
5 11 49 50 71 92
3 5 34 73
5 61 62 11 35 45
5 62 31 40 57 71
2 70 75
5 6 8 54 78 85
1 74
4 1 45 73 91
3 18 35 49
1 37
3 34 44 94
2 2 83
5 14 20 47 71 81
1 45
6 59 60 18 72 39 96
1 58
1 84
2 56 85
2 5 74
2 2 79
3 0 28 44
7 74 83 38 51 52 91 93
3 26 53 86
4 59 38 49 57
4 70 81 37 42
2 60 9
2 59 75
1 50
3 7 16 74
6 8 14 75 88 46 55
2 39 51
4 68 15 84 30
5 66 27 29 43 46
2 20 36
1 9
1 43
5 80 30 86 97 98
3 75 38 41
4 16 72 82 26
6 65 8 13 19 79 82
3 35 38 93
2 18 89
2 70 90
3 6 14 29
4 6 33 91 99
2 27 36
2 69 27
1 28
1 11
2 89 35
1 23
2 9 29
3 21 84 86
5 20 29 32 78 86
2 20 31
1 8
3 8 9 95
3 84 87 94
1 65
2 64 45
1 38
3 76 83 98
1 37
1 52
4 10 30 48 88
3 6 9 18
2 20 44
2 7 13
6 12 24 27 34 90 93
6 10 32 35 43 76 95
5 67 75 87 90 97
1 98
3 59 11 84
2 25 45
1 42
3 18 30 93
3 44 45 83
5 1 67 17 82 27
6 58 63 78 22 37 90
2 11 23
6 58 59 4 28 42 88
2 63 76
6 70 86 35 91 94 99
3 47 55 94
5 74 76 84 48 95
4 13 27 88 50
1 6
4 74 81 27 46
5 63 16 88 89 97
5 2 62 5 75 90
1 20
4 3 76 94 42
3 67 77 42
2 88 50
