200
2 23 86
5 50 76 120 143 148
3 42 107 173
4 31 56 68 156
4 25 26 138 194
3 17 31 143
2 92 105
3 24 70 127
4 11 126 157 158
2 78 160
4 116 128 151 166
4 8 30 93 195
2 41 129
5 95 99 128 141 184
3 35 90 107
3 51 89 161
11 22 24 72 76 78 130 155 162 166 178 194
4 5 26 106 188
6 20 22 28 70 106 145
4 34 38 84 187
2 116 18
1 108
7 16 18 29 37 77 85 89
7 0 62 78 97 98 101 159
7 7 16 39 61 79 81 190
3 4 142 144
4 4 17 98 103
5 31 35 58 76 87
5 119 18 95 139 156
6 118 22 40 70 75 186
3 11 99 176
9 3 5 126 27 101 142 159 168 177
3 135 152 178
2 73 178
3 19 163 194
6 14 27 138 58 105 192
4 43 105 176 188
1 22
3 19 126 157
5 24 43 66 101 170
4 29 142 77 174
2 12 186
5 2 129 76 93 191
4 116 36 39 149
2 144 69
2 78 196
6 129 134 136 57 80 161
4 110 139 69 97
6 113 130 50 68 172 175
3 123 76 196
3 1 125 48
5 15 53 73 96 157
3 127 55 89
2 51 165
3 151 73 193
1 52
7 3 129 140 66 71 168 187
2 134 46
5 127 132 27 35 96
1 129
5 132 67 173 188 191
2 24 150
2 23 94
3 73 92 100
2 108 99
1 77
5 39 56 92 181 191
3 60 82 85
7 3 115 137 48 167 76 177
6 145 44 47 159 105 106
6 7 18 29 139 156 88
2 56 102
3 16 159 164
7 110 33 147 149 51 54 63
2 111 176
4 131 29 146 181
7 1 16 27 42 49 68 198
7 22 40 65 176 95 181 192
6 9 16 124 23 45 169
4 112 24 167 192
3 46 179 184
1 24
3 114 67 193
4 160 164 106 190
3 19 160 102
6 22 133 150 156 161 67
3 0 178 183
2 27 96
3 138 70 183
3 15 22 52
2 14 162
3 157 166 199
5 6 115 121 63 66
3 11 42 185
3 62 193 197
5 13 126 28 77 185
6 116 129 147 51 58 87
2 23 47
2 23 26
6 115 13 30 146 64 192
2 121 63
5 122 23 31 137 39
5 128 71 173 84 192
3 26 167 194
2 118 196
4 6 35 36 69
6 118 120 17 18 69 83
4 2 14 152 179
6 21 64 115 152 193 196
2 118 128
4 47 73 127 178
4 74 124 141 154
3 79 118 189
1 48
5 82 131 132 171 197
6 108 68 92 99 178 184
5 10 20 43 96 127
1 190
10 109 112 29 104 106 129 140 191 196 199
2 28 185
3 1 106 125
3 92 100 154
1 101
1 49
4 111 78 144 194
2 120 50
6 8 31 38 95 165 192
6 110 7 116 52 58 195
6 109 10 13 102 129 151
8 12 118 128 42 46 56 59 96
4 16 48 131 171
3 114 130 75
4 114 58 60 194
1 85
2 46 57
2 32 183
1 46
2 68 101
4 4 35 88 198
4 28 47 70 179
4 118 56 153 180
3 111 13 149
4 25 31 40 189
2 1 5
4 124 25 44 170
4 18 69 148 172
4 75 99 173 196
2 73 96
4 1 145 159 183
4 141 43 73 174
3 61 85 185
4 10 128 54 189
3 108 32 107
1 140
2 111 121
3 16 166 185
5 3 28 70 85 182
4 8 38 51 91
2 8 165
5 23 31 148 69 72
3 9 83 84
5 15 46 85 163 174
2 16 90
4 34 161 182 184
3 72 83 168
3 126 53 158
4 10 16 155 91
3 68 79 103
3 31 56 164
1 78
2 144 39
2 114 130
3 145 48 192
5 2 146 60 102 196
3 40 149 161
1 48
4 30 36 74 77
3 31 68 182
6 110 115 16 32 33 86
3 139 80 107
1 140
3 66 75 77
3 156 163 177
4 135 148 86 88
4 115 13 163 80
5 119 150 155 93 95
3 29 41 196
2 19 56
3 17 36 60
3 112 142 151
4 117 24 83 191
7 118 42 60 66 190 192 197
8 126 35 172 77 79 191 99 102
4 108 54 82 94
6 4 16 124 132 34 103
2 11 127
8 108 118 146 45 49 173 186 104
3 114 191 94
2 138 76
2 118 91
