600
8 20 24 83 132 136 210 326 547
8 21 210 231 284 319 341 473 542
3 70 81 367
6 229 258 307 316 535 552
5 122 138 224 302 458
4 132 384 483 537
4 17 164 252 414
5 135 317 396 439 450
11 12 34 109 203 251 345 432 470 516 535 570
6 21 150 353 365 530 587
9 98 228 236 237 238 395 518 552 583
10 21 97 133 156 314 389 400 433 514 586
5 8 13 262 404 560
10 12 153 182 397 401 452 490 560 578 595
11 43 60 84 181 215 257 267 339 391 410 481
7 95 116 365 389 462 494 569
6 105 107 112 323 375 580
8 6 35 124 290 323 349 421 571
7 92 282 303 435 443 460 528
5 177 284 358 486 553
5 0 114 168 246 541
11 1 9 11 128 175 374 383 390 446 488 515
5 210 225 228 505 540
7 108 224 302 327 365 397 514
8 0 161 260 283 381 400 408 541
12 36 195 200 212 213 264 268 301 318 322 413 492
11 109 119 155 210 250 281 285 291 339 540 572
6 192 311 420 468 490 513
8 45 68 199 255 267 317 519 539
4 163 257 371 410
8 78 180 203 254 260 352 359 579
4 347 441 499 504
6 183 195 457 530 539 594
9 42 83 131 289 312 356 399 497 521
7 8 110 245 272 353 430 487
7 17 38 71 139 145 474 513
8 25 56 120 262 286 320 508 585
11 58 83 207 285 314 466 476 487 545 565 570
6 35 161 304 360 492 578
5 144 168 248 392 556
6 76 83 108 574 586 594
8 49 62 104 136 207 332 442 481
12 33 95 112 145 234 245 262 310 421 423 559 599
6 14 371 440 487 535 560
5 232 300 430 519 564
9 28 194 233 321 392 417 473 592 596
3 224 363 380
10 81 93 112 167 175 226 320 404 487 560
6 230 366 374 392 485 495
8 41 87 131 211 258 414 415 522
5 136 236 277 498 548
11 154 203 353 380 412 428 447 479 547 552 577
8 80 209 314 332 366 466 506 568
6 96 159 210 272 465 541
14 92 103 112 144 189 206 241 270 361 396 415 443 455 508
9 130 152 185 199 202 279 418 478 496
6 36 134 263 418 513 515
5 148 385 399 460 587
7 37 112 135 285 427 454 572
9 111 166 266 304 344 473 494 503 559
9 14 128 153 155 275 324 359 405 584
6 62 72 197 220 381 595
7 41 61 212 236 257 315 466
2 87 223
7 104 281 483 513 544 552 580
6 77 117 132 302 346 424
6 166 391 435 450 464 471
12 77 105 149 180 208 237 257 283 415 425 518 524
7 28 90 97 236 346 412 503
3 152 165 372
9 2 84 182 231 273 386 459 505 598
5 35 73 216 400 452
13 61 99 107 108 154 221 225 248 261 370 523 538 571
12 71 94 117 241 256 333 362 377 379 494 511 597
9 134 144 183 255 345 377 459 570 575
6 117 160 305 332 385 533
6 40 160 167 365 451 594
7 65 67 117 243 287 501 591
8 30 102 147 379 419 462 571 586
9 81 167 273 276 319 322 333 376 597
7 52 95 113 212 234 520 523
8 2 47 79 239 274 396 406 426
9 150 153 251 324 371 374 411 447 525
5 0 33 37 40 573
8 14 70 132 200 395 425 572 589
8 147 220 247 341 393 431 522 578
6 246 344 368 484 520 535
8 49 63 99 222 266 279 440 470
5 247 272 426 439 565
6 158 188 232 307 445 589
7 68 279 332 431 488 532 550
4 174 238 328 532
8 18 54 105 261 324 341 418 521
9 47 164 192 203 241 253 313 466 474
6 73 191 367 427 460 575
10 15 42 80 135 301 322 368 445 473 555
6 53 199 200 338 348 433
5 11 68 206 220 498
7 10 440 467 508 552 561 590
11 72 87 126 188 347 353 423 452 483 573 592
2 111 435
4 255 430 553 580
6 78 218 364 366 475 516
6 54 138 199 216 507 558
8 41 64 146 202 262 312 369 537
12 16 67 92 128 218 248 298 328 358 401 432 451
5 115 242 357 464 547
4 16 72 291 302
8 23 40 72 320 323 436 487 541
11 8 26 119 120 136 170 274 453 526 577 597
9 34 117 136 176 194 256 463 552 573
10 59 100 148 161 185 304 364 417 452 489
10 16 42 47 54 58 129 188 254 331 513
9 80 122 126 191 238 255 374 415 450
4 20 348 386 534
6 106 171 221 426 484 590
3 15 319 494
8 65 73 75 77 110 129 203 576
6 127 160 177 204 475 522
6 26 109 240 336 343 523
5 36 109 444 540 596
6 131 211 219 222 242 248
8 4 113 215 365 423 448 469 557
4 282 284 307 597
5 17 131 213 294 373
5 154 278 411 425 450
8 99 113 205 306 317 428 566 580
7 118 325 366 409 430 550 588
5 21 60 105 272 446
9 112 117 249 304 452 475 499 544 569
5 55 162 172 350 579
7 33 49 121 124 291 364 396
10 0 5 65 84 211 219 233 316 394 544
7 11 151 220 315 368 469 505
7 56 74 158 367 458 506 580
7 7 58 95 192 255 492 520
10 0 41 50 109 110 256 298 510 569 578
12 152 206 407 435 454 491 496 497 502 514 540 571
11 4 103 148 179 187 208 358 394 410 459 544
4 35 148 225 269
4 194 424 538 561
8 202 226 273 373 427 484 490 593
5 224 339 468 558 588
8 155 267 271 329 333 347 432 598
10 39 54 74 179 223 307 469 551 555 562
8 35 42 158 165 276 349 470 499
6 104 152 293 480 524 573
6 78 85 241 299 512 572
11 57 111 138 139 193 195 371 381 418 481 518
7 67 160 251 369 399 459 527
10 9 82 264 286 390 426 473 516 572 582
3 133 489 577
8 55 69 137 146 154 217 319 442
13 13 60 82 191 203 281 344 362 384 435 437 443 470
9 51 72 125 152 336 483 489 588 595
7 26 60 143 184 202 231 527
9 11 275 305 346 378 475 507 514 558
2 311 542
7 89 134 145 180 361 386 399
7 53 243 274 330 375 456 537
8 75 76 118 149 172 478 531 576
8 24 38 111 208 440 464 586 595
3 130 404 430
2 29 215
8 6 93 206 328 376 512 553 592
7 69 145 279 358 423 431 522
7 59 66 233 278 288 492 585
9 47 76 79 249 405 408 449 559 576
6 20 39 425 502 518 578
5 237 304 406 437 467
13 109 212 231 249 259 263 426 451 456 460 469 521 530
7 115 180 222 266 387 557 587
9 130 160 186 200 228 273 484 495 516
9 212 232 243 251 296 320 326 408 530
6 91 212 283 294 306 424
11 21 47 214 254 329 342 436 493 514 556 597
5 110 182 480 505 525
6 19 118 285 501 537 580
7 233 241 246 248 334 474 577
7 138 144 281 386 440 581 584
9 30 67 158 171 219 296 368 516 549
5 14 223 270 390 570
7 13 70 176 217 222 429 498
6 32 74 227 247 285 387
6 155 245 353 413 544 591
9 55 111 289 325 394 503 549 553 570
6 172 205 356 511 526 569
7 138 268 348 390 456 526 529
7 89 99 112 204 233 278 479
4 54 220 407 558
6 365 406 419 432 451 481
9 94 113 153 204 271 280 307 324 594
13 27 93 135 216 228 326 329 382 403 462 489 570 577
4 148 203 376 480
10 45 110 140 196 276 447 493 504 517 581
5 25 32 148 263 557
6 194 315 407 440 489 508
3 61 380 450
5 320 331 388 414 531
9 28 55 96 103 249 400 530 571 572
5 25 84 96 172 341
2 264 415
11 55 104 141 155 226 285 411 414 426 435 469
12 8 30 51 93 117 153 193 278 331 379 455 465
6 118 188 191 236 280 579
6 126 186 210 329 394 423
10 54 97 137 164 259 260 287 333 388 586
6 37 41 361 410 498 558
7 67 138 161 241 350 484 486
7 52 243 297 334 391 415 460
11 0 1 22 26 53 205 260 271 412 535 579
6 49 121 132 261 271 592
11 25 62 80 170 173 174 244 252 357 459 535
10 25 124 228 230 335 350 405 452 508 525
2 175 384
11 14 122 163 329 367 404 431 437 453 514 541
10 71 103 192 218 275 282 350 437 438 588
8 152 182 352 392 401 433 493 569
8 102 105 216 285 314 353 411 468
7 121 132 180 246 365 494 557
6 61 85 97 133 189 227
6 72 115 252 395 452 536
10 87 121 171 182 278 281 342 398 399 542
11 63 144 181 239 294 327 342 408 418 422 553
13 4 23 46 142 278 298 316 405 449 514 563 596 598
12 22 72 139 227 261 271 417 436 478 555 566 582
9 47 141 202 305 327 489 492 505 534
5 183 220 225 418 457
11 10 22 172 192 213 380 399 419 441 520 593
3 3 476 510
4 48 213 498 566
7 1 70 155 170 262 309 374
10 44 89 173 238 275 330 351 480 496 585
9 45 132 166 178 188 244 315 455 584
7 42 80 448 495 545 558 590
3 317 340 540
6 10 50 62 68 204 247
11 10 67 169 250 273 304 342 344 372 413 569
8 10 91 113 232 315 331 434 476
8 81 223 292 359 397 407 477 496
6 119 302 336 414 450 556
8 54 73 93 147 178 208 295 478
6 106 121 255 377 479 539
9 77 159 173 209 249 275 374 540 556
3 212 233 346
5 34 42 184 319 585
5 20 86 178 219 338
12 85 88 183 236 406 435 447 545 551 555 564 581
11 39 72 105 121 178 367 436 505 506 517 573
10 129 167 170 199 243 265 396 427 439 441
8 26 237 320 325 422 501 521 599
5 8 82 149 173 292
8 6 212 221 298 333 395 525 530
2 93 542
7 30 112 175 324 387 415 510
13 28 74 101 113 135 242 256 265 294 352 425 501 507
6 73 110 136 255 367 464
10 14 29 62 67 352 430 446 471 474 558
9 3 49 271 278 360 521 544 563 596
5 170 206 282 290 375
8 24 30 206 210 268 425 430 584
8 72 92 211 225 333 341 461 596
8 12 36 42 104 231 327 347 587
11 56 170 195 268 332 388 397 442 459 499 563
6 25 150 201 293 487 491
5 249 255 389 412 455
8 59 87 171 393 446 539 550 555
7 14 28 143 293 442 505 580
5 25 187 260 263 494
4 139 309 380 438
4 54 181 347 571
12 143 191 210 211 225 258 300 330 345 411 457 594
6 34 53 88 128 320 542
11 70 79 141 172 237 286 349 408 444 519 525
4 81 109 159 504
10 60 156 216 232 243 360 393 416 443 565
4 79 145 194 462
4 50 363 440 491
9 125 166 188 203 222 224 258 455 526
11 55 87 90 165 322 368 438 472 492 513 595
6 191 204 360 399 403 582
8 26 64 153 179 222 319 344 386
6 18 123 216 259 286 392
7 24 67 174 324 437 446 507
7 1 19 123 442 505 530 553
12 26 37 58 177 183 202 218 335 345 411 505 510
5 36 150 273 282 566
6 77 206 308 363 447 577
7 166 390 433 453 455 548 550
8 33 185 416 429 437 524 539 570
4 17 259 414 477
5 26 107 131 550 560
7 239 251 299 384 445 447 490
7 146 264 267 364 373 417 596
9 124 174 223 255 328 333 530 549 568
4 241 319 424 583
6 173 180 300 356 442 538
4 209 326 350 377
6 105 136 224 252 346 549
7 147 292 367 377 381 478 486
10 44 271 296 328 389 394 437 440 448 453
6 25 95 305 334 437 507
10 4 23 65 107 240 491 496 519 543 562
3 18 381 412
13 38 59 111 129 169 237 468 495 533 535 543 574 589
8 75 156 226 301 354 402 542 589
6 126 174 370 432 440 495
6 3 89 123 144 191 478
5 287 359 397 422 508
5 231 269 325 347 592
1 42
9 27 157 360 377 428 430 447 491 591
4 33 104 480 536
4 93 374 496 587
5 11 37 52 218 326
10 62 133 196 233 238 360 387 519 538 544
6 3 132 224 356 376 409
8 7 28 126 235 327 378 421 430
3 25 554 576
11 1 79 116 152 245 281 295 435 533 545 555
7 36 47 108 173 198 250 272
2 45 581
9 25 79 95 279 324 416 438 441 503
11 16 17 108 326 359 387 393 439 445 523 550
13 60 82 92 191 254 283 322 339 395 400 465 511 594
8 127 185 250 309 326 350 374 539
7 0 173 192 297 314 323 325
11 23 223 226 262 317 379 402 445 463 507 521
7 91 105 164 294 300 340 382
9 143 175 192 205 215 479 489 544 564
5 159 232 271 507 591
8 112 198 203 238 446 487 488 564
8 41 52 75 90 263 392 478 486
10 73 79 143 206 252 261 294 427 437 490
5 178 209 301 382 406
8 213 285 353 449 468 505 534 537
5 119 154 240 413 488
5 361 450 452 482 541
5 96 246 381 430 574
7 14 26 142 324 487 565 584
6 235 328 350 355 506 525
7 1 85 92 200 261 375 503
6 175 222 223 237 435 532
5 119 390 572 586 595
6 59 86 153 237 281 589
9 8 74 271 285 351 402 442 445 595
6 65 68 156 244 298 573
9 31 99 143 262 270 309 371 387 473
5 96 114 187 469 476
7 17 145 273 369 400 520 533
9 130 208 213 216 297 325 340 487 560
4 232 345 456 539
9 30 217 255 257 358 388 463 520 536
9 9 34 51 99 184 218 335 374 397
2 305 513
6 340 363 430 434 493 535
9 33 186 296 316 417 539 566 575 579
5 106 212 408 477 529
5 19 105 138 165 352
6 30 60 239 308 323 410
8 38 258 275 280 311 315 560 572
10 54 158 207 337 362 441 451 460 493 590
6 73 153 361 405 413 460
8 46 277 287 355 400 437 561 571
8 102 111 131 293 405 520 565 584
8 9 15 23 76 122 190 219 416
10 48 52 102 127 371 392 406 427 476 552
8 2 94 134 215 248 256 299 448
9 86 95 133 180 279 397 402 426 582
5 104 149 349 420 575
4 72 306 552 571
8 29 43 82 148 347 366 467 526
5 69 237 501 508 520
3 124 141 293
9 21 48 82 113 231 243 313 325 353
7 16 159 259 341 398 499 587
6 79 164 193 316 488 512
10 73 74 242 297 299 311 389 512 583 586
5 156 317 406 484 580
5 73 78 203 327 395
8 46 51 197 228 269 408 472 531
8 24 61 148 299 303 338 491 563
4 192 328 334 527
7 21 437 492 495 570 572 574
8 5 153 214 292 421 463 484 553
6 57 75 391 407 436 486
8 70 114 158 179 281 447 520 561
6 171 183 254 315 323 347
6 198 206 263 352 547 564
6 11 15 265 300 377 444
8 21 150 181 187 288 343 445 567
6 14 66 209 385 428 511
12 39 45 48 217 282 332 366 416 458 479 551 590
4 85 266 275 323
6 132 138 185 205 300 514
9 10 84 221 252 324 379 408 486 583
12 7 54 81 131 249 405 433 450 507 535 565 574
10 13 23 239 263 308 353 368 498 556 564
8 222 375 451 461 485 510 548 549
9 33 57 149 158 222 228 280 485 554
13 11 24 71 199 324 349 363 452 470 527 543 546 580
7 13 105 217 420 438 452 511
5 305 327 345 368 516
4 192 280 438 556
7 12 47 162 215 501 523 597
11 60 167 213 224 362 364 396 500 516 535 565
8 81 169 190 247 334 366 378 512
7 137 189 196 239 385 428 514
9 24 167 173 223 273 357 380 395 417
4 127 316 423 493
8 14 29 138 207 359 454 511 517
10 82 125 202 218 271 285 445 494 577 582
8 51 68 210 265 303 438 443 524
9 25 184 237 336 362 434 491 507 534
7 6 49 198 202 240 290 581
8 49 54 67 113 201 209 254 421
8 275 289 322 365 392 467 512 557
8 45 111 225 293 356 408 467 560
10 55 56 92 148 223 227 449 503 548 573
4 78 190 228 446
6 27 369 401 431 455 519
6 17 42 317 384 415 564
5 223 250 308 432 576
9 42 99 122 165 205 409 469 494 555
5 65 140 174 295 533
9 67 84 125 168 255 260 442 444 543
10 81 88 115 150 170 202 368 512 517 530
8 58 94 141 249 333 366 468 561
8 51 126 311 391 407 459 503 573
5 182 289 443 457 575
13 34 44 101 127 162 257 260 311 317 338 355 456 574
8 85 90 165 215 420 493 507 520
7 8 105 143 190 306 422 528
7 11 96 217 288 396 449 527
5 238 355 413 469 576
11 18 66 100 137 153 202 247 319 342 492 563
6 108 175 225 248 385 444
11 153 169 215 216 283 289 300 301 333 363 383
9 216 269 279 322 401 403 412 504 590
5 7 88 249 323 516
13 43 87 98 161 179 196 277 300 306 468 479 556 588
7 31 228 249 322 361 531 568
8 41 152 263 267 284 296 345 425
6 18 54 153 275 412 429
6 120 273 389 425 436 520
9 89 95 292 323 327 345 390 411 554
8 21 128 257 266 283 331 419 540
9 51 82 194 247 287 292 311 386 502
6 122 234 300 367 454 527
6 167 224 335 418 433 532
13 7 66 113 125 197 240 337 396 454 530 538 586 597
8 76 105 170 190 361 398 496 595
12 13 71 99 111 129 213 221 337 400 401 480 518
7 109 215 288 300 460 485 516
8 58 137 410 448 450 457 498 589
8 54 203 233 265 278 288 420 575
8 159 170 187 351 430 506 519 546
5 32 227 271 429 454
4 4 134 392 551
7 70 74 138 149 212 263 428
9 18 57 94 170 209 361 362 453 502
3 261 398 563
6 15 78 192 276 497 516
5 110 327 352 384 551
7 66 106 161 256 479 499 585
5 53 203 324 477 573
4 37 52 62 93
7 98 169 371 416 417 476 499
9 27 142 218 304 335 427 440 517 531
9 122 133 144 170 202 348 423 434 566
8 8 87 145 153 400 546 565 598
2 66 257
4 279 380 538 543
9 1 45 59 95 150 347 528 556 574
4 35 93 178 257
5 102 118 129 156 597
6 37 229 238 348 366 467
5 239 290 357 465 499
7 55 160 225 241 299 307 332
12 51 188 242 329 392 440 464 531 543 545 567 571
9 146 176 193 232 312 452 543 582 589
4 14 41 148 190
4 337 490 543 598
7 5 64 99 154 513 565 566
8 86 115 141 172 208 378 384 488
4 48 398 399 453
9 19 208 299 332 385 395 498 522 570
9 34 37 43 47 108 264 331 339 350
7 21 90 331 336 376 484 515
9 111 151 154 192 196 226 329 536 587
6 13 27 141 292 333 482
8 137 264 277 302 311 381 413 556
9 25 38 135 166 226 279 383 435 520
9 175 194 217 355 361 409 431 581 588
9 15 59 73 116 219 268 411 423 540
7 48 172 234 304 306 383 500
7 55 137 232 239 302 313 451
5 33 137 462 503 597
11 50 97 182 207 230 397 454 486 518 527 545
9 31 129 145 263 375 464 467 477 562
5 405 495 521 537 596
8 77 177 250 255 372 404 505 567
6 137 168 447 460 548 549
10 59 68 185 322 341 418 428 497 506 534
4 31 194 274 438
12 22 70 133 176 226 248 267 284 285 335 501 594
8 52 134 248 340 456 503 562 564
11 103 156 255 283 301 327 330 396 413 431 585
8 36 54 98 196 213 308 372 543
1 553
7 136 229 254 285 398 524 557
9 73 186 324 391 401 410 527 557 591
8 147 164 376 377 406 416 426 538
8 27 35 56 64 112 279 354 483
9 11 23 137 156 175 215 224 394 407
5 21 56 488 520 527
11 8 102 150 172 180 402 405 439 453 462 555
7 194 248 410 426 468 552 595
6 10 67 148 168 452 498
7 28 44 273 302 315 420 456
13 80 86 135 228 349 352 364 372 386 431 444 492 515
7 33 92 170 250 258 327 500
5 49 85 118 165 486
6 72 80 119 323 404 527
6 67 146 289 412 510 535
6 82 176 213 252 273 340
6 109 186 187 278 371 540
11 149 155 382 400 433 448 498 511 515 523 550
3 18 432 473
2 187 357
11 9 32 170 173 199 252 284 294 426 450 586
6 160 198 380 441 468 479
4 90 91 342 449
6 75 304 319 349 424 578
5 114 226 335 413 503
11 3 8 43 86 210 212 304 355 396 405 524
4 221 312 352 489
6 5 104 159 177 335 500
7 72 140 296 315 450 472 512
8 28 32 242 266 289 325 351 356
9 22 26 120 137 235 243 446 494 526
7 20 24 53 108 215 337 562
7 1 157 222 253 272 305 570
9 302 304 400 425 472 479 480 482 508
8 64 129 132 138 184 258 315 329
6 37 234 247 319 479 498
3 400 456 470
5 0 51 106 388 573
6 50 288 398 418 502 588
6 180 185 294 298 398 502
8 90 127 266 288 291 323 527 596
6 144 247 392 458 463 582
10 3 10 51 64 98 110 366 370 517 557
10 19 101 164 185 223 284 384 509 582 583
4 318 399 445 583
8 95 144 225 247 266 319 423 516
9 39 175 240 243 397 403 440 473 491
8 122 171 195 219 416 510 511 552
7 103 142 156 189 207 234 257
3 42 59 167
8 12 13 43 47 291 350 360 417
6 98 140 363 386 427 593
7 144 302 499 506 541 565 585
6 224 258 263 381 435 461
8 44 247 329 331 388 397 421 506
11 37 88 275 339 364 396 405 470 483 562 590
8 126 225 230 286 356 469 483 576
3 390 479 501
3 52 294 441
6 15 129 136 186 217 237
10 8 37 74 181 185 192 289 383 486 542
9 17 72 78 137 199 270 363 370 479
9 26 58 84 147 150 199 343 360 383
10 83 99 110 146 248 346 418 428 465 547
7 40 304 338 383 396 430 473
6 74 94 356 369 429 455
7 117 160 167 318 422 434 566
7 51 109 151 178 192 287 411
6 13 38 85 136 168 533
6 30 130 204 210 356 592
9 16 64 101 126 134 177 267 378 400
6 179 194 247 321 414 493
8 150 225 280 368 411 480 551 553
6 10 295 377 395 553 554
6 60 179 233 260 339 364
7 36 166 232 245 464 507 562
9 11 40 78 161 206 343 377 450 530
8 9 57 171 262 313 375 489 593
7 127 142 154 216 440 493 548
7 84 89 304 305 344 454 480
7 98 115 234 361 392 438 565
5 77 184 311 330 511
6 45 99 164 211 309 579
4 141 228 561 587
7 32 40 76 191 271 324 505
9 13 61 154 161 279 343 345 451 517
8 45 120 224 258 261 293 500 550
9 73 79 109 123 175 404 450 475 497
5 70 143 224 470 482
2 42 250
