100
1 90
5 56 3 34 45 60
1 89
2 1 9
3 20 51 99
4 57 82 89 98
1 92
1 54
5 34 46 50 76 94
1 3
2 13 83
3 23 63 81
7 55 56 38 50 65 78 89
5 10 30 46 76 79
3 36 39 79
2 55 84
2 76 82
1 92
1 95
1 80
4 4 35 47 67
1 59
2 54 27
5 11 28 92 93 98
4 26 42 50 83
1 65
3 24 44 93
3 22 92 99
1 23
2 30 92
2 13 29
4 71 72 33 49
1 60
1 31
4 1 8 76 91
2 20 96
3 54 14 81
2 66 72
1 12
2 14 65
1 81
2 57 74
2 24 43
2 81 42
4 69 70 26 94
1 1
5 8 13 63 74 98
2 20 98
3 54 57 83
2 58 31
3 8 12 24
4 58 4 59 71
2 59 84
2 71 86
5 7 22 36 48 85
3 12 15 61
2 1 12
3 5 41 48
3 49 51 98
6 21 51 52 60 82 84
3 1 59 32
1 55
1 92
3 11 46 95
1 90
4 12 25 39 78
2 37 94
1 20
2 77 94
2 44 96
4 44 71 75 93
4 53 70 31 51
4 31 37 76 83
2 81 99
3 41 46 89
3 70 76 89
9 8 13 16 72 75 34 77 82 92
3 68 76 87
3 12 65 83
3 13 14 80
2 19 79
5 11 73 36 40 43
4 5 59 16 76
5 10 24 72 78 48
3 59 15 52
1 54
1 53
2 77 99
1 98
6 2 5 12 74 75 90
3 0 64 89
1 34
9 6 62 17 23 27 29 76 95 97
3 23 70 26
4 8 66 68 44
3 63 18 92
2 69 35
1 92
6 58 5 23 88 46 47
4 4 27 73 87
