1000
8 45 219 250 290 426 754 858 912
14 64 103 220 225 233 329 378 403 430 583 626 669 823 906
6 133 200 377 454 647 921
11 24 60 200 362 417 452 470 571 698 732 966
12 5 8 40 69 159 375 672 677 758 778 796 998
8 4 487 656 723 818 845 891 925
8 73 131 225 289 452 730 808 904
10 111 293 370 487 556 645 775 870 928 987
11 4 51 100 128 530 539 730 748 787 918 986
11 47 57 149 188 233 320 341 604 710 802 981
20 38 51 63 131 191 251 429 463 473 557 635 639 641 658 751 767 780 822 977 978
4 266 464 513 544
7 121 455 480 516 720 749 765
8 30 107 276 297 340 363 736 803
5 278 358 715 853 891
11 74 140 470 518 519 656 710 747 762 916 961
9 189 305 331 338 416 583 656 675 688
8 233 429 441 512 540 688 706 945
7 256 309 413 756 867 959 994
12 172 366 395 445 506 595 620 759 876 908 915 954
8 57 162 286 516 539 552 675 977
8 101 372 467 586 610 623 710 722
9 172 447 463 503 534 547 682 685 966
12 81 109 306 348 479 567 618 670 706 886 901 923
9 3 232 277 453 544 580 694 937 986
10 77 140 213 254 463 635 713 775 787 959
11 154 173 260 268 271 286 379 514 671 782 889
12 102 346 364 560 597 745 769 950 951 978 995 996
4 544 565 700 992
10 163 174 208 351 452 524 815 832 895 984
8 13 94 99 309 501 705 863 924
7 58 277 280 355 555 742 935
14 58 86 99 360 364 406 413 485 511 615 633 655 842 963
9 70 152 449 526 600 780 873 982 983
8 130 163 303 314 638 755 852 930
6 99 199 282 891 945 961
6 165 324 375 411 514 930
8 427 504 533 553 646 715 732 764
9 10 199 375 703 754 767 807 879 887
10 65 317 359 419 680 695 830 896 926 948
10 4 321 406 554 599 727 784 895 897 981
7 360 406 459 479 616 745 989
12 156 190 209 408 507 575 621 673 702 830 942 974
7 266 350 444 606 621 702 907
7 76 115 632 676 911 927 943
13 0 172 178 184 189 314 392 507 593 596 606 729 807
7 125 158 237 423 659 837 844
9 9 76 135 596 623 748 750 840 903
15 54 170 193 224 340 349 357 466 596 663 813 873 915 923 931
10 63 72 221 226 343 358 360 388 389 519
9 175 191 224 291 600 657 675 849 930
9 8 10 481 526 679 706 747 799 808
7 460 642 651 688 746 929 969
10 61 203 399 457 519 533 629 735 788 879
10 48 215 266 306 337 389 521 754 887 896
7 218 365 668 700 918 919 957
13 60 73 329 389 444 524 549 630 729 797 805 919 964
15 9 20 98 154 186 236 418 511 579 727 789 833 882 895 944
15 31 32 180 203 280 301 498 513 582 596 670 774 818 954 968
13 123 235 242 273 296 315 402 403 483 688 766 971 990
15 3 56 96 134 147 248 345 362 428 448 499 577 787 934 945
9 53 270 428 506 632 700 745 784 837
11 188 216 304 331 373 483 515 612 712 830 854
16 10 49 97 174 177 216 256 326 462 591 712 880 896 942 944 987
15 1 222 243 263 271 365 421 462 464 476 762 776 888 906 966
8 39 439 482 531 549 665 894 977
10 112 275 336 561 572 633 668 757 776 790
15 115 121 190 249 260 270 308 369 527 684 701 766 781 875 903
8 150 187 555 606 687 884 886 948
12 4 230 249 272 425 432 457 488 585 603 760 994
16 33 71 100 234 329 380 381 473 483 510 536 551 554 699 854 998
8 70 293 354 358 360 825 912 998
8 49 118 220 376 549 762 973 982
10 6 56 177 356 454 513 627 715 788 963
12 15 79 175 293 303 564 613 670 731 761 879 898
9 368 391 392 413 512 587 821 841 998
11 44 47 329 367 478 539 616 659 805 904 975
9 25 160 320 797 845 941 946 960 972
10 97 181 528 551 563 584 618 849 882 902
11 74 105 238 295 377 409 434 468 655 896 996
8 181 200 436 455 546 548 760 811
14 23 231 323 348 379 490 585 594 688 714 767 803 834 899
11 351 355 378 412 463 586 654 856 885 985 997
7 143 401 507 889 898 904 961
4 218 545 706 961
6 330 405 585 630 687 726
9 32 121 222 488 594 622 691 787 799
4 448 568 666 853
12 92 239 256 515 523 531 538 572 604 700 755 907
5 96 128 522 635 741
7 124 159 334 748 838 953 955
8 290 346 576 717 718 768 860 874
11 88 118 136 212 348 364 382 432 445 944 994
3 491 668 982
7 30 138 170 585 912 937 938
8 122 170 283 400 563 677 811 987
9 60 89 193 201 309 428 553 633 789
11 63 78 109 476 593 620 690 765 792 921 969
9 57 131 178 202 284 359 586 627 772
9 30 32 35 164 286 806 870 947 961
16 8 70 214 276 427 538 648 740 748 808 834 835 885 899 913 920
11 21 155 244 250 329 458 634 802 878 892 997
9 27 205 312 399 532 569 782 809 834
9 1 130 152 176 196 655 726 914 969
5 295 335 446 729 975
12 79 128 286 292 361 398 596 769 803 819 844 932
12 242 316 400 402 699 701 744 750 839 840 857 929
10 13 258 368 464 503 533 566 577 938 943
11 184 280 422 463 476 484 511 548 630 635 739
7 23 97 269 447 554 591 753
9 342 367 632 783 828 882 889 952 980
8 7 138 196 199 292 754 873 917
8 66 189 460 591 658 681 796 882
8 147 334 387 388 447 472 644 819
6 173 218 507 538 831 950
8 44 67 224 254 425 647 785 877
10 200 394 498 499 500 586 723 738 812 893
8 204 363 449 734 761 787 804 827
10 72 92 219 376 385 421 508 538 644 820
12 120 324 371 374 476 485 526 659 675 824 870 903
7 119 206 442 535 615 723 730
10 12 67 86 270 318 535 657 789 805 938
7 95 129 152 200 239 387 447
13 59 154 204 209 247 321 430 587 636 693 831 928 965
10 90 385 439 556 561 563 700 717 734 918
11 46 145 257 263 347 350 487 498 505 722 975
8 307 310 424 564 571 655 850 973
12 169 176 190 213 290 375 427 519 728 777 820 876
15 8 89 105 258 260 342 351 389 398 464 574 608 715 861 866
6 122 138 272 691 898 987
10 34 103 384 511 614 803 822 876 883 927
11 6 10 98 144 208 231 299 840 892 900 922
13 365 408 421 437 550 789 811 814 828 854 864 942 967
15 2 137 260 303 314 383 475 494 532 540 561 708 712 827 961
12 60 143 246 386 534 598 746 772 786 826 879 961
8 47 188 367 397 409 560 730 831
15 92 170 187 203 208 294 317 331 365 366 369 525 537 643 645
8 133 332 334 469 493 651 754 802
8 94 111 129 148 299 542 656 658
8 203 224 270 376 510 706 826 859
13 15 25 166 192 271 415 583 596 713 862 878 972 983
7 259 283 393 475 572 895 928
4 287 607 658 680
7 83 134 444 449 505 507 661
4 131 223 744 817
5 125 182 478 879 955
10 357 380 418 454 458 595 604 659 682 796
13 60 113 148 334 337 387 415 481 491 663 686 771 887
17 138 147 200 272 303 334 380 494 505 509 581 587 694 748 776 873 926
13 9 167 315 366 463 601 624 664 756 808 809 823 855
13 68 283 322 340 373 526 566 571 586 661 663 968 983
8 264 288 392 460 613 683 754 827
11 33 103 122 195 277 425 543 695 889 900 979
10 317 337 409 419 446 579 719 758 786 815
15 26 57 123 248 285 379 390 483 633 640 778 822 844 928 958
11 101 195 209 396 440 576 624 663 815 969 980
12 42 198 271 284 384 444 623 802 806 858 859 986
11 207 385 560 579 615 632 675 711 790 944 975
12 46 197 252 322 441 477 488 647 734 854 874 992
12 4 90 185 221 243 247 406 470 551 649 813 870
9 77 266 284 398 501 760 771 864 887
12 204 394 471 518 530 559 654 780 811 835 882 903
11 20 181 228 271 364 399 539 669 803 903 961
9 29 34 333 369 422 593 622 706 995
11 99 228 417 622 744 785 787 806 841 895 944
16 36 199 252 328 339 348 365 494 548 615 679 722 742 766 778 849
7 140 336 446 471 626 749 963
8 149 543 564 601 675 746 880 942
12 292 339 373 399 496 540 584 614 688 766 780 971
10 127 351 408 424 440 555 614 633 740 922
12 48 94 95 136 214 429 525 530 639 704 764 980
8 250 260 516 586 643 808 883 909
10 19 22 45 193 319 364 467 739 877 912
8 26 114 257 299 304 732 756 868
5 29 63 197 354 459
13 50 74 350 406 468 489 594 648 682 687 727 801 837
10 103 127 222 277 293 320 478 487 638 655
10 63 73 243 395 423 523 539 578 786 799
15 45 98 224 243 258 314 380 386 503 604 614 803 863 958 967
13 273 283 302 351 430 538 559 571 621 622 757 839 910
10 58 210 260 285 480 543 701 711 854 892
7 78 80 162 272 373 378 591
11 145 258 464 508 519 563 750 798 836 966 987
14 197 225 247 266 348 361 446 460 466 487 502 562 603 793
6 45 108 222 434 646 681
11 159 217 255 399 448 462 499 556 564 597 940
17 57 280 281 358 392 405 411 420 491 540 542 578 586 625 850 907 975
6 68 136 306 468 654 906
6 9 62 135 190 218 839
15 16 45 112 235 409 579 659 713 738 786 795 822 919 923 993
8 42 67 127 188 194 415 691 935
10 10 50 291 354 391 535 615 636 752 864
6 140 419 447 718 829 842
12 48 96 172 263 266 545 629 698 782 901 920 998
7 190 377 444 551 588 608 633
10 152 155 215 268 338 394 417 564 940 983
7 103 111 307 311 686 723 876
7 158 174 183 249 410 433 523
7 156 226 228 287 299 729 767
11 35 38 111 165 217 407 433 717 752 784 802
10 2 3 80 116 122 148 429 430 599 849
15 96 205 286 357 364 390 440 572 638 655 706 764 857 925 954
9 98 224 226 293 460 504 528 779 857
13 53 58 136 139 224 382 488 533 630 704 745 852 897
7 117 123 161 249 306 675 813
9 102 201 302 307 559 661 704 710 950
7 120 222 281 320 437 471 502
6 157 429 444 853 931 936
15 29 131 136 304 355 358 513 569 628 661 729 771 933 956 985
7 42 123 155 434 435 484 920
9 180 408 506 507 565 595 787 903 912
7 450 498 512 664 775 950 955
11 92 421 489 583 601 722 803 936 979 990 995
8 25 127 263 296 470 506 597 628
10 100 170 319 357 526 613 670 862 920 960
10 54 195 308 378 510 520 576 769 904 959
8 62 63 241 317 633 784 847 858
10 185 199 345 347 453 516 630 903 962 968
11 55 84 114 188 228 303 509 834 929 939 974
12 0 118 254 289 507 539 647 790 895 957 962 999
5 1 72 512 577 665
8 49 159 265 440 495 720 732 835
15 64 86 176 184 206 249 258 419 452 458 459 594 716 775 861
9 144 369 422 438 538 602 732 764 907
16 48 50 115 139 178 202 203 322 411 579 605 701 802 856 871 980
9 1 6 183 426 539 660 878 910 917
10 49 198 202 349 370 388 557 568 668 874
6 493 576 792 821 837 876
16 162 164 198 218 453 475 488 498 522 602 732 750 786 789 797 849
6 344 453 545 563 656 836
5 69 450 516 588 780
11 81 131 376 416 548 582 654 691 709 834 857
6 24 262 279 518 573 846
9 1 9 17 295 426 502 685 814 935
7 70 269 549 593 696 814 966
10 59 189 252 268 645 718 787 848 858 898
14 57 315 339 361 381 401 417 466 499 503 521 576 737 918
7 46 242 426 523 659 815 864
10 79 297 362 446 629 760 786 818 838 853
13 88 122 342 357 395 443 473 628 760 772 774 776 801
12 250 259 365 463 646 648 659 715 797 798 904 962
12 216 247 342 448 563 642 652 796 797 855 927 946
15 59 106 237 271 301 335 416 419 426 629 871 886 901 933 986
8 64 159 177 178 492 495 644 662
6 101 268 418 557 663 964
4 349 395 724 968
11 134 310 325 505 523 629 792 807 912 946 958
11 123 159 183 241 340 552 644 702 763 802 949
11 60 154 490 528 562 654 723 743 831 917 936
10 67 69 197 204 222 318 407 462 556 838
15 0 101 171 240 256 260 330 381 423 610 623 646 663 801 836
17 10 269 300 482 507 585 598 632 635 720 733 792 838 844 873 916 963
6 158 165 235 651 746 807
6 332 398 466 599 642 743
15 25 115 219 258 301 323 481 519 578 652 811 859 865 935 959
10 185 375 413 448 560 644 810 846 865 963
13 18 63 88 250 351 433 435 450 601 636 726 866 924
13 125 173 301 316 390 414 431 468 556 585 688 736 795
13 107 128 178 182 222 254 313 317 476 532 728 773 774
8 141 240 263 308 578 601 664 988
11 26 67 128 133 171 180 250 316 527 852 918
12 335 365 444 471 573 575 693 701 707 824 893 970
7 232 336 497 627 723 917 972
11 64 125 193 213 259 376 415 445 474 534 918
6 151 269 389 458 483 768
9 221 359 415 444 478 502 591 675 974
15 11 43 54 160 183 193 342 432 500 583 651 749 872 907 987
10 270 272 311 328 368 544 556 860 935 991
10 26 195 235 244 496 517 577 661 666 814
9 109 234 251 264 340 553 750 814 910
14 61 67 121 139 267 395 562 602 612 692 708 746 771 786
15 26 64 140 156 162 242 301 309 354 376 663 709 813 824 862
13 69 129 148 181 267 390 478 627 649 664 861 924 973
12 59 179 352 484 499 576 729 747 794 795 799 803
9 316 353 366 647 680 693 783 939 968
11 66 388 423 460 535 543 544 690 771 804 827
11 13 100 312 338 628 639 645 764 875 906 908
11 24 31 152 176 288 289 477 660 703 870 916
11 14 398 551 560 572 586 637 728 748 768 959
10 232 467 660 674 775 805 841 852 902 913
11 31 58 108 186 288 621 692 768 801 803 968
10 186 206 399 469 512 591 716 752 912 970
6 35 449 514 611 709 821
10 95 141 150 179 408 635 900 941 960 989
10 98 156 160 309 348 364 429 559 751 754
7 154 180 372 496 502 925 974
8 20 26 99 105 201 475 515 661
11 142 198 290 386 596 737 761 767 791 974 993
9 151 277 280 447 633 742 837 851 910
8 6 219 277 543 600 619 765 924
10 0 91 127 287 332 689 787 943 954 991
7 50 191 421 473 618 721 947
7 105 111 168 329 478 624 630
15 7 71 74 176 202 356 365 439 497 516 613 648 717 767 935
4 136 304 930 990
13 79 104 233 316 330 401 485 564 613 682 728 873 946
10 59 213 568 594 599 626 676 698 779 877
10 13 238 477 650 656 848 884 911 977 999
6 339 606 793 854 916 996
11 131 138 173 198 309 317 503 567 614 767 877
7 251 464 615 630 840 923 992
9 58 242 254 257 271 396 494 745 909
5 179 205 516 691 852
11 34 74 133 148 218 406 679 726 819 832 906
9 62 173 208 294 489 793 814 863 948
7 16 529 622 675 713 833 904
9 23 54 187 204 756 799 817 847 989
10 126 196 205 310 327 441 622 681 695 854
8 67 215 259 322 389 398 544 896
14 18 30 96 271 284 299 367 393 570 654 689 743 752 782
7 126 246 307 502 520 560 889
15 196 267 436 493 617 668 730 754 781 823 859 860 894 896 994
9 102 276 329 482 496 578 930 947 956
10 258 342 519 630 639 653 687 695 976 986
14 34 45 133 178 491 503 536 649 653 692 697 804 980 989
12 59 149 236 352 375 435 487 500 560 672 817 980
12 106 257 260 274 295 324 333 339 431 457 575 790
14 39 136 153 216 258 299 369 432 449 529 640 704 870 978
9 121 249 348 410 448 505 603 781 914
6 172 214 343 370 822 958
13 9 77 176 206 327 384 398 401 557 597 600 652 922
9 40 123 546 684 800 893 910 924 960
10 150 158 224 308 325 388 440 622 848 984
4 81 254 635 716
7 36 119 316 403 659 713 833
7 246 322 432 776 798 942 990
8 63 402 454 587 655 686 714 935
7 307 320 367 541 735 915 960
6 165 267 507 703 792 900
12 1 56 70 76 101 292 312 498 713 775 895 981
7 85 250 295 758 784 816 915
6 16 62 136 482 522 924
8 137 253 290 355 378 738 807 839
8 163 316 451 515 647 697 837 844
15 90 113 137 147 148 518 601 604 641 642 671 683 760 882 959
11 104 242 261 336 463 484 490 772 835 854 905
8 66 166 262 335 421 732 801 897
6 54 147 153 515 583 943
10 16 195 276 410 477 534 697 870 874 897
17 165 168 236 298 316 410 429 500 504 618 669 697 799 815 895 900 992
14 13 48 150 247 269 353 443 552 565 637 729 814 929 973
8 9 387 419 420 457 506 651 692
17 110 128 239 241 266 313 355 397 431 451 455 498 602 623 655 694 910
8 49 319 523 702 799 857 870 945
4 229 431 434 785
8 60 217 373 514 518 751 835 972
7 27 91 559 600 625 748 884
13 125 217 351 421 513 579 608 613 654 726 770 867 953
16 23 81 92 165 183 284 318 395 411 500 595 620 708 767 903 931
12 48 226 245 368 614 663 735 810 842 855 865 918
6 43 125 175 360 425 464
13 29 82 128 169 179 256 347 432 533 824 830 950 967
5 273 315 403 580 908
7 274 340 486 563 691 790 925
12 71 174 191 271 448 665 792 820 923 955 978 989
10 31 82 208 332 342 457 632 761 945 951
8 73 293 390 590 633 680 887 956
10 48 146 201 214 239 628 746 772 775 981
10 14 49 71 186 208 554 575 606 622 793
10 39 98 265 453 464 481 503 648 863 992
9 32 41 49 71 350 407 548 876 963
11 105 183 236 529 586 645 690 822 862 901 956
9 3 60 238 402 547 574 617 932 960
7 13 117 426 441 837 845 883
14 27 32 92 162 172 201 284 405 461 508 523 718 868 963
15 55 64 132 136 165 240 261 293 480 535 695 713 846 904 912
13 19 136 149 274 387 395 485 495 587 769 853 984 993
11 76 110 135 309 327 546 666 708 721 793 954
13 75 107 267 349 424 481 508 566 576 698 845 880 916
10 67 136 163 223 317 384 391 622 811 940
8 7 226 319 446 735 824 859 925
8 119 374 481 506 518 567 827 949
8 21 285 383 543 563 627 820 935
8 62 150 168 181 345 520 933 994
11 119 371 377 432 504 582 598 668 846 950 997
14 4 36 38 127 255 315 484 495 504 509 816 861 942 994
12 72 118 139 231 263 271 622 678 788 834 888 993
12 2 79 194 374 462 508 557 581 707 785 854 898
13 1 82 181 215 332 481 529 588 622 769 791 809 854
10 26 81 154 411 642 655 742 798 876 902
9 70 146 148 178 485 509 832 870 962
7 70 236 250 406 676 810 936
6 92 203 494 529 620 939
7 133 372 500 517 543 548 784
12 130 156 320 369 406 442 479 498 552 705 810 977
8 118 124 157 460 734 767 781 783
7 134 178 287 401 646 763 850
8 113 122 147 341 366 748 805 842
13 49 113 226 275 322 455 494 513 671 712 847 923 936
12 49 54 56 128 264 308 538 590 677 703 784 934
9 154 201 257 272 356 606 767 861 948
8 75 191 369 518 627 664 767 969
9 45 75 151 186 458 526 532 662 941
14 141 309 402 442 466 537 548 628 720 730 843 887 889 894
8 116 161 195 417 445 488 598 635
17 19 177 239 245 270 348 366 416 491 531 537 542 593 639 807 912 955
7 155 301 661 819 866 908 930
13 135 342 466 496 505 582 622 676 721 737 839 979 995
14 105 128 160 253 278 308 320 424 545 578 630 685 804 939
17 53 102 162 168 185 281 444 486 536 743 755 764 792 841 977 979 986
3 95 106 405
10 83 236 295 320 386 521 525 783 804 843
10 59 106 326 362 393 660 713 750 833 948
11 1 59 324 352 485 548 590 641 753 774 875
6 543 592 669 739 891 926
9 85 186 364 400 418 578 822 929 977
13 32 40 41 159 175 303 381 384 455 590 713 779 965
7 199 249 360 594 648 740 944
12 42 132 169 210 283 437 470 496 769 815 938 965
8 79 135 153 189 581 661 690 995
15 197 318 338 339 418 429 446 452 517 569 629 708 807 898 925
11 36 186 224 348 379 468 602 684 733 920 956
9 82 448 492 593 646 729 792 863 913
8 18 32 75 255 730 780 859 945
4 257 433 439 831
12 140 147 190 263 265 482 606 616 762 878 971 988
10 16 231 242 395 514 873 874 919 932 981
12 3 164 195 236 394 545 551 636 849 884 885 948
11 57 146 244 405 410 477 479 515 625 705 997
8 39 153 192 222 242 341 718 721
5 186 341 614 704 987
15 64 118 132 212 291 336 347 460 485 599 646 648 672 825 852
7 108 163 223 491 493 673 985
8 46 177 250 275 450 626 728 934
8 126 169 368 398 499 800 956 976
14 69 115 152 350 431 461 498 573 720 746 808 809 938 977
12 0 225 233 237 242 363 459 469 524 569 751 844
6 37 100 127 647 877 915
13 60 61 96 481 502 538 684 722 729 850 899 918 963
10 10 17 170 200 207 284 339 410 588 662
10 1 123 179 200 476 617 640 669 789 923
11 257 316 342 344 425 564 612 687 765 785 822
13 69 92 266 317 325 351 374 665 761 769 793 853 948
9 197 199 256 414 478 568 614 778 825
11 79 184 209 344 564 601 610 614 726 741 744
8 209 256 315 577 608 674 926 933
4 80 311 467 566
8 132 206 408 502 682 785 929 987
2 223 624
10 65 124 293 414 504 506 524 526 916 930
15 155 169 201 221 322 469 493 509 538 613 618 778 816 890 915
13 17 158 307 363 480 497 583 638 758 783 950 964 987
13 120 384 393 482 604 621 672 702 877 929 933 936 942
8 239 340 481 541 638 645 688 725
17 43 56 143 156 194 207 261 265 399 593 623 634 759 884 890 893 928
8 19 92 263 394 522 558 591 657
13 104 153 166 183 238 370 410 583 640 691 744 860 922
12 22 109 113 122 192 288 448 592 597 743 940 964
12 60 87 185 241 255 318 354 412 447 538 648 848
12 33 117 143 282 317 476 491 634 722 873 909 941
10 211 230 256 423 554 603 651 758 875 950
8 333 342 621 668 687 766 846 968
11 3 6 29 222 410 632 677 743 832 981 982
7 24 217 228 229 359 472 760
9 2 73 146 326 463 475 687 778 808
11 12 80 342 388 406 491 505 625 650 754 821
4 797 838 866 897
10 53 69 316 341 355 550 578 607 697 816
9 101 146 222 264 392 759 815 871 984
11 41 174 222 426 477 505 769 818 856 904 976
12 52 112 151 183 202 275 385 421 590 786 824 842
6 364 425 549 710 900 986
11 63 64 185 249 377 504 553 615 649 704 942
16 10 22 25 82 108 149 240 335 454 498 569 608 624 636 896 963
18 11 64 107 128 182 300 350 359 483 536 585 594 628 695 710 780 862 928
4 702 913 937 994
11 48 183 236 253 393 397 490 499 520 953 990
11 21 172 279 436 583 741 742 829 876 931 993
7 79 175 187 257 411 546 571
9 137 281 426 440 614 686 710 788 974
12 3 15 159 213 408 490 645 647 714 738 782 833
13 161 166 206 261 516 536 719 799 872 894 902 982 993
11 113 453 491 577 627 671 749 853 861 918 934
6 10 70 239 291 880 996
6 263 520 579 709 744 831
9 133 141 228 286 454 626 770 781 901
8 64 97 108 119 258 430 449 946
11 158 277 297 338 418 459 509 554 590 660 679
13 76 145 176 265 272 292 433 513 779 872 904 906 972
9 23 41 384 418 501 612 763 826 896
9 12 180 365 441 492 621 710 888 927
11 51 147 254 359 368 371 378 428 443 593 830
11 65 251 312 331 415 442 494 607 873 913 958
14 59 62 70 154 264 464 580 593 623 646 667 703 717 906
10 108 209 273 335 375 526 565 577 927 997
13 32 119 295 366 380 403 421 489 501 560 703 776 886
12 353 399 498 499 653 657 669 726 788 933 960 973
11 5 7 125 176 183 315 526 527 719 884 955
13 69 86 158 203 228 394 574 594 672 713 743 876 972
6 175 212 304 485 806 829
9 81 248 335 466 470 594 675 789 812
12 93 147 186 314 395 422 449 455 472 713 752 829
4 243 412 480 747
12 137 227 311 422 440 668 673 689 780 787 850 921
14 133 148 165 301 382 388 482 578 615 629 693 696 709 995
8 221 243 366 375 504 693 767 843
16 168 268 285 312 397 408 542 661 672 817 826 837 901 938 953 987
8 262 293 441 598 600 644 745 784
18 58 116 125 211 228 329 342 384 425 463 486 501 508 537 815 833 913 988
12 60 116 185 236 273 424 466 486 818 830 939 998
10 116 266 315 339 348 383 733 770 912 938
9 30 160 479 485 498 701 762 931 932
15 183 206 233 265 285 310 428 437 514 660 696 723 828 912 914
13 22 107 178 236 299 314 359 519 528 660 724 787 806
14 37 202 339 374 375 439 462 495 512 533 646 677 915 998
11 125 143 148 246 318 397 455 459 599 651 656
11 19 61 210 213 341 371 439 574 789 908 969
12 42 45 83 114 143 210 219 251 328 582 744 928
12 118 182 364 368 377 498 622 623 841 868 922 985
12 148 218 375 380 440 477 533 568 800 909 918 999
5 70 139 215 564 785
13 32 57 108 130 645 680 681 693 781 785 867 942 961
10 17 75 211 220 281 504 749 860 926 941
10 11 58 73 208 347 388 478 561 702 879
12 26 36 282 345 416 502 626 767 887 943 956 972
8 62 88 286 333 337 418 620 985
10 12 20 171 217 230 293 302 471 525 976
9 268 383 410 552 708 729 799 840 928
11 15 161 232 334 345 371 391 632 839 982 991
14 15 49 53 127 182 254 313 503 541 605 685 751 840 848
12 215 310 373 466 474 540 565 613 614 658 667 815
5 54 236 401 530 936
6 89 228 331 445 557 708
14 88 177 197 237 246 343 364 560 666 683 695 871 879 924
10 29 56 426 439 605 695 720 766 945 972
9 136 170 401 516 552 814 988 991 997
10 33 51 119 150 214 392 439 484 487 739
6 67 260 487 876 942 975
7 78 202 248 503 568 786 966
12 305 317 361 378 382 635 711 868 886 905 975 981
11 8 161 170 521 602 715 717 835 902 929 961
5 65 88 395 869 976
8 102 133 258 392 583 643 663 962
13 37 53 107 203 351 504 509 653 719 773 829 846 948
14 22 134 263 338 540 566 599 606 610 614 635 699 838 898
6 120 121 191 275 365 899
9 70 314 399 464 471 642 701 768 780
9 136 393 395 498 540 552 585 624 991
17 88 100 114 118 179 223 389 428 440 448 550 554 673 701 712 956 996
11 8 20 76 162 177 219 225 720 837 967 970
14 17 133 168 186 520 534 537 605 694 729 773 801 848 854
8 327 443 519 785 852 863 882 991
9 138 186 395 496 586 610 680 808 900
11 152 167 180 275 289 372 383 404 649 688 753
8 11 24 28 267 275 308 737 849
6 84 193 229 398 417 958
11 80 321 367 468 581 615 667 717 772 831 980
5 22 362 675 744 955
11 80 108 165 231 360 383 393 403 684 811 873
9 56 65 72 234 461 567 613 701 732
7 132 457 538 569 716 856 873
12 70 78 159 194 278 417 589 627 712 840 850 888
11 20 247 340 384 517 525 537 661 705 772 947
6 37 96 269 462 770 821
10 40 70 109 358 450 477 538 695 826 857
9 31 68 169 593 685 702 755 773 969
9 7 124 185 249 257 267 585 693 799
8 10 226 244 320 377 522 927 948
6 445 693 768 799 893 996
9 161 179 205 284 346 655 712 886 936
11 27 135 157 255 278 310 315 485 523 698 885
9 66 124 133 513 591 786 801 865 940
7 183 248 270 585 656 732 873
13 78 95 124 182 229 241 353 372 595 771 879 902 948
15 74 126 167 185 195 295 431 434 510 668 674 698 724 828 960
7 28 210 340 484 520 705 936
11 107 150 368 436 534 638 693 781 861 880 924
6 23 299 371 549 615 640
11 87 226 296 433 509 528 753 791 904 923 991
13 102 208 410 426 463 550 649 679 770 792 862 912 993
4 309 652 667 769
9 3 126 150 179 468 612 683 824 901
8 66 88 141 201 278 614 849 977
5 232 261 425 729 976
6 128 362 488 506 804 955
14 42 261 316 358 583 666 673 693 741 771 804 955 968 975
16 91 155 215 227 236 273 368 614 820 826 913 926 939 969 976 999
10 60 107 220 268 435 472 484 595 686 780
11 177 186 254 259 312 398 405 457 494 693 904
14 57 153 157 189 224 347 474 586 646 658 774 830 841 899
6 24 352 483 761 875 880
7 148 377 409 546 609 677 993
13 58 231 374 397 507 608 736 759 807 865 896 953 991
17 1 16 140 212 266 337 441 446 467 532 575 609 711 818 874 908 912
7 78 168 642 654 656 672 944
16 69 81 85 94 251 257 464 537 556 562 608 731 739 759 770 812
15 21 82 98 116 150 171 186 278 361 542 579 711 721 812 832
11 75 123 148 326 366 590 841 888 928 964 998
5 194 230 378 429 592
3 551 786 995
9 356 389 403 406 460 477 587 643 808
17 63 109 112 181 265 281 445 561 650 673 712 746 860 888 961 992 995
7 404 447 588 649 847 910 943
13 45 97 163 234 395 412 444 481 483 555 647 650 788
12 81 86 175 222 296 407 464 488 490 633 702 975
9 19 146 210 348 563 577 769 783 982
8 45 47 48 58 105 140 287 961
10 27 185 213 320 447 631 779 872 874 916
10 134 251 374 394 497 639 647 884 899 977
11 40 200 253 296 421 505 534 631 700 705 795
10 33 50 289 320 346 497 644 707 790 894
12 149 167 212 256 259 334 434 653 708 712 739 748
9 223 228 270 342 411 530 680 702 920
12 69 183 318 450 704 710 754 768 820 835 836 898
10 9 88 146 178 334 442 708 714 792 934
6 224 519 524 540 687 738
14 43 45 68 298 358 390 415 534 629 641 748 763 771 876
6 142 457 482 627 640 716
12 128 194 347 435 463 582 585 626 776 854 858 869
5 581 583 629 648 787
10 21 250 434 534 542 790 819 869 969 997
9 282 635 661 721 734 779 799 817 900
10 62 270 431 479 571 623 744 755 782 865
13 74 151 214 293 295 347 440 520 549 615 682 685 871
20 130 168 169 178 299 349 420 433 434 469 520 534 572 576 677 799 870 890 976 999
12 32 120 157 165 191 300 462 494 546 567 613 834
6 41 76 415 716 917 998
6 311 362 430 745 878 925
6 23 78 291 339 440 662
6 289 651 653 697 974 987
11 19 97 348 382 515 683 748 778 791 951 966
11 42 43 179 280 442 451 480 706 740 911 991
13 86 163 164 179 305 307 322 358 369 376 378 397 508
13 21 47 156 250 342 444 483 508 612 685 969 975 985
7 149 155 292 438 463 537 813
12 186 346 418 455 651 655 720 769 938 948 953 971
14 1 166 296 423 475 514 608 679 779 785 872 926 927 931
17 73 98 262 272 372 391 472 551 607 647 674 734 735 763 793 934 962
10 208 213 239 276 357 393 464 670 847 913
14 53 193 238 242 246 410 494 606 609 669 679 813 838 935
15 56 85 108 203 217 292 300 313 398 794 807 821 910 971 985
5 597 599 652 828 838
12 44 61 110 157 251 355 452 518 680 809 909 951
14 32 66 96 154 169 194 216 288 356 594 645 758 898 926
4 101 444 449 926
16 10 25 89 108 251 283 323 394 529 534 611 660 679 790 823 933
5 123 191 256 417 463
4 278 340 722 963
9 34 176 201 441 443 566 731 858 967
9 10 170 276 313 395 598 751 757 957
9 154 317 430 446 567 607 886 949 994
8 10 334 403 606 757 847 857 979
9 52 241 253 334 379 536 584 837 943
8 136 171 532 590 679 715 835 883
11 113 118 243 247 255 497 600 648 675 743 850
13 7 136 235 276 361 443 470 511 633 765 779 781 848
14 37 184 240 250 386 412 421 483 504 579 675 789 836 860
13 2 115 158 219 274 333 427 470 593 598 627 693 991
15 100 175 240 293 359 407 421 448 609 644 654 774 815 894 960
10 159 272 314 462 543 569 592 877 888 893
7 297 455 591 593 674 961 985
12 52 137 252 266 341 450 505 619 625 663 670 684
11 241 254 320 570 631 824 862 916 926 951 961
8 313 314 486 533 601 619 655 756
10 82 161 187 231 248 309 347 584 648 684
13 32 79 103 126 176 201 326 342 379 559 625 653 967
12 5 15 16 138 229 297 505 562 584 667 840 895
7 50 121 445 486 720 870 906
14 10 112 138 142 520 579 670 744 842 858 892 927 929 959
10 46 76 119 146 189 237 240 324 685 951
9 225 277 279 402 477 502 503 635 683
14 143 150 205 208 268 286 396 409 496 552 611 674 675 920
8 243 392 429 618 674 718 808 849
13 48 147 150 155 244 250 271 349 532 651 770 831 878
8 149 211 259 272 391 667 781 933
8 65 220 354 432 669 678 885 965
12 87 268 367 523 575 713 759 761 775 782 817 980
6 483 520 546 570 656 664
15 55 66 93 226 311 374 451 493 564 751 799 880 903 968 993
13 1 162 339 404 430 486 629 665 724 736 799 860 896
9 23 58 74 214 628 651 658 789 861
8 26 334 388 472 739 748 762 962
9 4 315 421 442 488 496 584 752 951
10 42 422 493 538 575 591 776 874 882 992
8 279 435 564 627 650 661 662 736
17 16 20 50 119 157 167 204 265 305 490 547 644 646 661 721 944 979
5 44 296 381 397 727
7 4 95 389 452 504 581 614
7 376 665 792 889 907 919 981
11 51 165 303 477 569 626 629 635 643 834 852
10 39 142 274 356 511 542 602 632 847 942
12 112 184 307 511 686 736 794 841 874 913 992 996
13 22 146 175 295 437 613 755 817 819 822 848 955 989
7 151 334 523 571 620 660 896
12 67 321 411 428 548 651 654 688 716 796 927 952
11 22 233 398 519 555 613 623 659 702 759 921
9 147 196 326 469 577 681 815 865 949
12 68 85 175 313 431 451 454 605 725 798 908 913
12 16 17 52 59 81 168 257 443 543 684 734 968
8 290 309 493 790 829 967 975 976
7 97 275 361 409 691 774 990
11 86 129 190 231 302 353 446 690 909 943 976
9 270 280 314 341 704 794 832 896 943
15 123 261 274 494 495 511 556 558 566 575 578 647 739 852 918
7 24 148 342 540 784 830 849
13 39 152 307 313 365 464 523 524 554 749 898 985 996
7 234 494 502 698 702 706 761
11 314 333 338 339 457 619 756 757 769 936 964
12 3 193 296 368 560 564 696 703 704 714 842 963
7 70 106 534 700 791 796 968
8 28 55 61 88 124 599 699 822
14 67 106 180 224 261 501 536 538 549 750 764 840 922 948
14 42 43 247 343 442 465 513 555 594 602 685 696 733 916
10 38 277 328 389 483 485 698 899 911 973
11 170 203 205 317 420 462 603 692 698 909 981
9 30 384 418 552 565 599 718 772 810
9 17 23 51 84 139 163 201 621 696
4 261 377 600 709
13 133 270 348 367 410 517 522 601 604 808 863 885 888
10 231 271 282 474 494 707 796 876 883 961
13 9 15 21 205 461 464 469 480 603 763 877 940 960
8 157 180 529 583 586 903 938 990
12 62 63 133 388 538 551 559 591 601 884 898 935
13 25 140 189 305 324 329 365 402 406 488 491 666 749
7 81 326 470 604 698 893 907
9 14 37 73 128 240 530 643 809 891
8 222 281 323 550 607 616 684 763
12 91 124 199 293 483 530 546 772 794 803 942 996
11 91 192 235 364 419 662 705 772 821 867 983
6 153 471 487 533 948 980
9 12 221 251 393 425 524 539 625 657
11 291 367 397 419 586 611 675 771 776 793 860
15 21 125 165 212 428 449 637 728 744 789 797 864 876 924 934
9 5 116 120 196 248 262 502 775 832
7 245 503 564 669 886 940 995
9 443 687 728 740 744 775 879 924 989
13 85 103 256 303 347 434 486 731 740 798 869 903 907
7 40 57 175 676 772 817 873
9 127 258 278 295 423 722 725 774 933
16 45 56 104 198 208 273 340 412 428 517 540 573 852 873 893 975
7 6 8 120 135 311 393 413
7 74 585 638 726 746 775 954
11 3 37 173 221 223 228 336 549 562 762 845
7 251 411 500 702 764 787 918
10 117 124 158 385 611 627 688 819 890 926
8 53 327 349 370 627 792 917 920
9 13 257 582 669 674 681 878 887 946
6 236 287 397 544 775 881
6 116 189 332 470 605 826
9 108 172 404 526 585 601 671 693 944
7 100 169 407 621 725 726 763
8 89 434 467 575 756 890 928 939
8 31 165 288 379 467 781 928 941
11 248 253 309 399 447 452 488 644 807 808 899
14 106 144 164 434 446 474 507 547 612 658 722 725 779 867
12 27 41 61 203 301 497 617 788 836 910 913 948
13 52 134 167 252 270 357 425 591 731 767 768 900 971
6 15 51 273 492 765 933
14 8 47 90 100 148 278 346 387 601 606 620 671 881 924
11 12 166 266 472 512 695 713 780 912 970 983
8 47 106 182 228 269 402 701 817
9 10 284 345 426 519 639 668 880 891
8 191 199 281 309 491 672 847 914
6 109 403 543 568 814 888
13 0 38 54 111 137 151 284 311 455 603 779 802 864
8 34 88 399 555 612 682 818 863
8 18 149 173 306 653 697 741 905
6 66 179 639 641 697 814
7 4 153 330 441 450 633 980
10 19 444 458 582 585 666 685 786 917 940
10 69 80 160 238 239 334 453 829 858 863
9 74 117 287 355 432 580 666 696 900
12 15 64 72 415 501 671 732 837 865 883 914 983
10 247 386 479 606 627 710 716 740 809 867
8 37 170 201 223 276 399 701 733
6 12 97 289 431 645 747
9 59 67 165 168 451 524 888 898 965
16 10 38 81 198 287 293 299 348 385 390 391 495 514 746 839 889
14 91 264 278 280 536 558 603 746 787 890 957 964 978 999
14 27 105 215 366 378 408 432 459 570 595 625 697 836 958
8 347 475 500 553 569 585 663 809
10 147 160 208 270 275 563 575 606 721 836
11 98 134 239 335 357 546 552 705 717 718 727
4 258 533 540 555
8 58 239 258 403 579 648 690 728
16 7 25 211 222 279 329 357 666 723 725 731 737 788 842 887 899
11 64 66 148 239 325 485 608 673 721 857 973
3 127 806 939
8 4 154 165 433 440 454 620 953
11 202 296 406 478 597 611 626 645 744 754 824
13 10 33 161 168 230 413 464 493 536 577 749 808 918
11 67 311 318 385 475 511 566 645 664 742 925
9 26 102 193 309 470 612 666 882 973
8 110 274 385 401 441 595 933 951
11 40 61 199 216 330 383 389 497 694 811 941
14 115 164 344 377 431 437 510 511 541 626 829 838 937 990
14 134 153 177 189 228 238 270 460 528 561 589 759 833 982
16 8 25 60 86 117 164 210 235 290 493 503 609 733 768 858 940
10 53 73 376 469 486 593 745 775 936 975
14 57 96 121 132 228 430 490 506 646 670 722 865 897 906
13 66 157 219 316 353 600 610 635 689 931 987 989 994
10 287 378 568 620 699 806 833 876 898 974
13 97 227 246 251 328 354 399 412 569 604 678 735 805
11 183 298 304 358 367 432 627 721 888 922 930
9 273 630 681 692 717 799 864 870 919
6 189 257 273 599 849 931
10 4 112 146 241 684 699 709 855 895 993
9 56 77 228 240 241 456 722 908 913
9 182 240 325 379 687 726 865 894 939
18 51 86 177 273 306 339 343 471 517 556 558 611 614 668 669 794 844 989
5 321 424 509 910 968
8 175 239 250 280 336 540 561 937
10 9 101 137 156 199 224 247 754 864 872
14 13 81 105 130 162 178 212 273 280 717 814 887 970 980
11 117 275 314 398 401 574 575 828 882 971 976
8 56 76 121 279 387 792 828 837
8 99 156 164 489 503 777 791 981
15 38 45 246 252 332 395 410 582 630 743 887 905 913 929 984
16 6 51 100 149 171 425 454 542 590 662 708 743 780 908 921 930
10 102 149 378 425 632 715 763 770 846 922
6 255 349 381 384 705 899
9 80 95 132 161 254 369 548 784 986
6 116 490 585 586 966 983
6 48 159 204 271 624 629
13 132 233 234 268 269 304 340 525 753 757 803 937 984
12 29 153 155 237 339 408 458 498 520 648 686 840
5 330 375 440 457 990
12 144 306 315 496 611 666 682 727 750 880 908 988
10 5 58 238 459 499 583 755 850 893 911
11 105 113 303 396 610 682 734 828 869 872 891
7 118 127 354 372 576 603 833
9 75 227 282 455 553 630 718 938 980
12 10 130 154 189 319 361 405 431 682 700 829 966
7 1 149 311 635 932 952 993
11 119 261 271 351 370 460 571 652 779 844 868
5 71 421 433 915 992
8 134 139 479 496 554 576 738 917
7 117 133 151 275 371 898 923
8 110 132 502 564 631 804 805 819
12 192 467 489 491 533 689 760 785 822 859 904 925
8 39 42 62 351 481 499 579 694
12 114 123 135 248 414 474 546 663 865 868 932 946
10 29 303 380 452 586 692 723 935 939 946
9 57 305 324 402 470 498 786 791 820
10 81 100 102 218 231 376 615 679 851 998
9 100 161 221 335 345 530 603 643 996
9 182 229 250 603 646 745 769 771 885
13 46 61 175 227 288 333 363 496 539 642 762 805 891
10 90 238 249 251 456 534 629 631 785 964
8 106 179 188 332 397 518 767 859
10 47 106 131 300 517 519 551 656 701 815
9 75 164 279 399 508 579 587 681 885
10 32 192 349 387 460 658 698 775 853 876
8 393 401 495 889 905 909 947 992
12 46 105 154 251 333 426 799 824 860 912 952 970
6 5 77 363 368 732 852
8 232 255 365 374 451 533 809 976
10 216 306 388 592 628 641 680 752 905 954
9 235 297 322 448 519 540 645 682 948
12 50 78 165 200 228 417 544 572 662 694 795 878
11 126 186 386 428 493 551 644 818 862 917 957
5 288 834 866 900 919
14 34 203 260 279 302 421 541 679 693 729 845 856 881 982
9 14 87 207 238 366 432 472 842 989
14 62 70 132 158 180 298 307 335 377 378 540 608 948 982
6 149 241 349 796 858 860
6 82 224 459 550 852 889
9 106 201 202 231 343 554 641 776 953
10 0 156 216 235 608 638 658 760 787 855
10 139 156 254 311 370 413 829 839 861 958
13 91 267 311 446 512 591 646 669 721 844 855 862 881
10 128 222 272 375 390 472 566 670 859 991
11 140 214 271 361 464 569 652 850 860 943 959
10 30 178 304 359 412 541 708 755 760 879
10 132 160 191 237 722 754 794 802 894 940
13 254 255 349 561 582 612 686 762 789 798 831 906 976
7 128 256 396 456 851 873 922
7 18 347 511 718 744 763 961
8 173 364 508 529 824 831 983 986
7 531 608 610 726 819 871 910
14 7 99 119 159 277 317 338 343 380 614 657 794 915 979
6 224 242 458 523 613 869
7 266 471 478 597 626 802 819
17 33 48 111 148 251 295 416 449 482 548 550 562 727 729 866 898 991
10 91 158 226 338 416 583 597 673 681 927
7 67 276 403 450 580 876 938
17 19 127 130 196 227 360 379 467 488 527 606 709 722 791 842 875 971
8 115 172 296 299 427 442 649 710
10 101 140 225 415 617 663 736 849 924 950
12 38 53 74 134 145 513 523 563 725 863 940 974
11 63 167 368 473 566 580 668 751 817 890 970
4 737 748 852 860
10 57 78 110 112 161 334 541 673 782 804
9 130 171 363 643 709 762 899 914 985
10 68 297 346 417 444 487 598 712 953 987
9 82 100 417 560 665 708 836 841 963
8 23 68 242 485 529 559 640 724
13 38 54 147 160 356 393 514 736 775 803 807 901 926
14 64 376 480 551 587 591 649 708 753 766 793 907 934 985
10 26 83 110 152 310 393 678 767 843 856
7 440 444 614 734 741 768 880
8 5 14 35 404 715 751 819 837
7 101 131 180 658 901 933 942
9 116 261 321 444 558 649 714 729 818
9 65 311 393 471 600 648 798 864 997
11 29 40 57 141 164 219 329 339 656 796 948
12 39 54 63 79 308 311 463 479 582 669 683 692
10 40 203 336 338 456 789 913 920 945 994
16 74 83 129 235 377 410 534 603 633 695 712 766 791 827 873 970
11 81 100 428 535 579 598 703 743 775 810 883
13 131 152 283 328 339 461 542 611 746 761 851 942 956
9 23 193 242 361 475 496 571 887 892
7 78 279 379 471 530 563 933
11 47 67 119 161 162 210 217 348 668 711 726
12 6 76 83 215 240 305 365 459 478 568 578 829
9 335 529 756 807 843 847 956 972 982
10 1 64 187 276 303 478 483 657 789 865
11 43 88 186 223 266 678 714 726 888 979 999
11 19 276 352 396 506 583 687 797 808 817 931
10 171 301 449 509 632 691 704 843 931 940
11 179 225 269 288 321 342 592 630 745 800 869
7 44 297 621 703 818 962 979
15 0 71 94 172 210 246 281 365 395 500 502 569 583 749 844
17 100 279 412 465 482 498 576 628 681 687 745 797 807 897 925 929 985
7 103 318 502 752 762 883 961
10 19 48 327 330 427 440 504 825 870 966
11 15 251 277 298 368 439 597 652 702 948 959
11 111 225 248 262 616 735 759 826 850 971 996
13 8 55 124 236 260 263 349 428 472 509 693 733 780
8 55 56 189 416 678 794 851 925
9 100 193 209 214 411 602 661 735 897
5 2 97 493 685 808
11 131 169 320 446 508 701 793 809 866 987 992
11 23 48 189 300 354 388 430 568 827 948 976
14 30 256 272 289 321 331 523 566 722 725 748 878 943 960
12 5 201 285 353 370 410 617 781 829 913 919 935
12 39 148 404 435 512 576 626 633 634 652 734 887
10 44 130 241 480 484 557 626 658 684 874
11 7 123 141 154 444 464 507 517 587 741 742
11 52 106 218 340 405 437 442 530 658 807 913
9 34 36 50 294 312 396 439 793 808
12 48 207 348 467 501 626 790 795 908 909 953 994
7 105 362 416 501 823 831 950
13 208 242 373 435 442 486 635 664 728 747 783 892 902
8 60 389 423 472 604 627 722 888
12 31 190 233 254 267 293 326 372 629 712 832 925
14 207 212 248 381 388 442 521 559 565 697 788 944 976 988
8 24 94 465 785 801 814 940 982
11 94 107 121 408 425 496 500 625 711 821 875
11 218 274 382 398 499 576 741 777 798 832 941
14 185 195 369 447 561 710 724 759 787 864 879 909 937 945
8 77 283 392 449 512 742 784 939
15 42 63 132 167 325 375 442 462 511 527 680 717 892 900 964
11 44 107 290 337 514 592 642 691 692 862 924
11 57 63 92 157 164 407 584 675 739 936 962
11 17 35 60 343 355 413 524 897 940 956 966
10 77 241 246 295 476 736 831 832 994 995
5 99 291 312 552 843
20 39 68 304 390 402 417 432 533 557 563 625 701 719 745 848 854 895 916 923 983
5 247 371 640 686 991
10 27 114 205 211 351 374 441 450 878 932
9 27 355 620 632 652 659 672 783 999
4 110 684 823 844
10 90 347 466 496 582 625 778 857 884 931
10 19 58 201 290 367 731 847 958 965 979
12 90 145 211 354 395 487 547 574 575 682 976 977
11 208 312 356 361 411 424 514 538 900 905 945
5 55 219 639 768 850
10 154 178 246 319 482 545 769 859 954 989
10 18 25 215 254 278 334 658 862 916 968
12 77 214 283 321 327 362 486 564 648 710 924 961
18 15 35 83 84 99 133 134 162 511 530 591 596 650 652 709 867 914 960
10 217 219 240 380 532 627 671 911 944 977
13 32 73 166 251 255 360 364 428 463 637 698 885 969
9 56 244 441 447 587 697 768 838 942
6 123 406 408 665 766 954
12 3 22 64 182 234 528 620 812 822 915 945 972
8 132 178 351 539 638 655 689 991
13 58 150 217 245 274 280 451 575 668 688 699 800 959
11 52 97 103 155 391 506 555 576 610 623 963
8 261 281 539 749 803 844 880 898
9 59 168 415 625 630 746 804 876 917
10 77 140 262 345 478 488 514 524 905 966
8 72 126 272 340 486 703 776 782
9 42 218 265 285 287 469 619 791 879
14 76 104 125 157 186 527 529 575 594 623 689 729 788 981
16 313 424 459 516 531 573 576 614 689 691 804 846 865 923 936 955
12 10 20 65 297 384 399 405 425 572 598 955 962
5 10 27 317 354 768
10 152 212 397 399 641 675 870 907 911 954
13 110 155 170 224 314 315 546 666 719 758 803 821 996
11 9 40 329 357 416 452 529 678 704 806 975
12 33 72 93 452 471 518 595 786 852 854 905 937
10 33 140 150 195 718 749 762 812 868 948
6 29 322 366 458 807 814
12 82 208 422 508 515 623 630 650 695 883 888 913
9 8 24 156 242 313 399 461 811 868
14 7 63 95 129 182 266 420 437 441 496 619 790 884 922
6 259 415 498 525 817 936
11 41 283 306 314 354 682 725 790 799 853 958
9 59 212 294 325 466 690 711 785 816
14 267 290 518 525 537 541 568 582 621 647 861 873 949 967
11 28 158 300 339 359 591 673 681 825 843 922
12 189 287 366 376 467 471 569 581 668 796 823 997
12 18 69 92 311 373 375 465 640 790 897 931 946
10 27 163 212 397 409 494 589 591 724 946
12 27 79 298 473 538 558 681 695 717 835 917 980
9 82 101 374 418 484 525 610 894 993
10 4 70 71 75 193 499 504 587 616 834
8 219 297 509 576 614 768 907 951
