1000
8 66 236 237 726 771 778 821 869
12 60 117 332 350 562 571 646 783 789 870 877 894
10 181 362 566 634 674 751 785 818 848 954
14 29 120 153 227 238 253 345 390 552 555 601 616 623 927
8 49 259 338 447 460 667 684 788
8 74 275 280 399 516 542 659 924
11 48 84 325 434 599 696 740 768 798 892 948
11 49 76 187 327 421 461 545 563 661 720 865
10 88 105 120 219 257 285 336 420 448 556
10 183 190 312 321 450 493 551 605 826 999
10 210 269 349 385 474 556 640 661 797 810
15 44 64 78 85 157 182 294 312 469 802 809 871 872 896 998
10 29 202 357 365 454 507 622 651 693 906
9 109 150 369 408 463 787 794 864 868
19 27 78 140 159 178 216 217 283 306 405 623 652 667 675 826 841 854 914 934
13 129 141 165 189 231 419 560 581 746 772 852 890 997
12 35 63 83 158 401 451 460 613 783 790 819 861
12 178 228 271 344 582 667 707 838 889 922 938 982
7 37 92 229 243 604 681 970
8 49 212 325 382 408 641 826 858
7 143 384 431 559 572 885 974
4 32 288 457 546
7 23 224 340 475 574 681 745
14 22 124 148 153 197 325 350 490 492 528 708 777 962 972
9 222 376 423 505 544 729 820 885 933
8 38 74 188 334 498 540 663 882
13 34 165 187 277 413 463 554 682 760 805 811 821 893
11 14 160 294 388 439 464 592 853 946 960 965
16 86 242 323 420 464 465 509 575 632 731 732 854 855 906 922 959
10 3 12 158 436 540 680 808 909 911 996
5 70 429 661 808 983
10 80 86 110 181 483 500 584 621 669 955
15 21 140 194 231 260 298 342 387 590 616 661 680 806 889 983
6 79 493 549 669 740 757
6 26 366 488 593 846 981
9 16 127 129 173 178 238 247 762 839
5 302 332 550 655 658
7 18 44 91 543 779 867 928
10 25 70 222 240 359 483 607 693 700 877
7 77 84 339 537 561 830 856
8 116 205 241 297 408 599 830 900
13 44 81 101 268 437 456 551 650 660 706 736 920 931
14 143 310 378 414 468 505 517 567 624 686 827 861 898 938
10 75 249 299 342 367 447 644 685 927 986
17 11 37 41 103 224 389 441 504 511 518 524 632 669 686 822 887 929
16 94 174 274 301 398 432 515 531 548 594 658 727 733 775 851 968
15 133 146 159 250 340 361 504 532 535 547 789 838 932 936 952
10 71 80 87 211 444 619 622 708 957 978
7 6 118 249 728 854 973 978
5 4 7 19 212 891
12 181 344 366 423 456 638 666 676 783 842 875 939
13 243 274 315 329 420 467 492 661 669 833 901 931 989
8 89 92 316 394 566 784 801 945
9 61 155 388 391 564 694 760 826 845
17 94 104 120 173 192 203 284 359 421 438 503 535 618 687 737 840 945
9 63 195 333 384 400 488 489 697 991
9 176 334 401 551 567 637 770 792 918
8 138 176 259 668 698 725 899 973
7 91 224 407 458 572 848 904
11 97 106 124 298 413 517 673 691 703 910 950
10 1 183 310 340 534 727 761 887 920 973
16 53 206 280 329 352 362 391 403 496 586 602 696 763 793 810 839
7 203 370 416 759 832 930 962
11 16 55 102 202 211 222 277 365 638 750 867
15 11 115 143 148 158 439 461 607 803 842 868 891 892 932 952
5 257 277 319 375 543
9 0 257 263 266 294 322 365 578 892
9 337 340 358 369 421 468 703 794 851
11 121 136 332 369 383 387 403 528 623 649 778
11 404 455 491 589 684 731 762 764 812 895 971
11 30 38 456 503 597 733 861 940 943 968 978
17 47 147 269 306 311 384 483 488 607 622 638 669 753 764 775 816 945
10 94 129 233 267 417 424 432 670 907 964
8 81 175 619 634 693 810 814 897
18 5 25 250 269 330 340 351 357 491 541 604 616 626 740 821 825 850 887
17 43 104 279 319 383 423 467 470 471 531 568 573 622 639 707 973 992
11 7 83 98 267 273 308 310 586 689 826 855
9 39 242 350 415 470 731 776 834 966
11 11 14 154 161 367 393 410 419 658 737 834
12 33 107 198 358 408 416 641 648 728 799 863 911
10 31 47 312 358 501 576 655 841 901 953
10 41 73 83 113 152 223 582 654 761 775
12 146 156 221 433 468 469 516 567 637 638 794 924
15 16 76 81 282 356 645 695 701 762 791 899 908 977 988 996
16 6 39 121 145 372 510 512 683 729 767 858 878 880 881 913 994
8 11 328 379 436 537 599 722 919
11 28 31 90 325 359 530 573 701 806 912 939
10 47 421 515 529 539 703 783 915 934 946
8 8 127 267 399 405 869 870 953
9 52 331 365 408 566 616 733 895 943
10 86 180 267 269 294 520 798 921 947 976
13 37 58 102 155 174 193 553 586 679 687 768 895 919
8 18 52 221 328 405 529 681 713
11 129 592 652 654 658 719 780 796 866 890 908
7 45 54 72 270 321 544 818
12 148 179 194 218 293 446 505 541 811 825 891 993
6 313 366 407 428 632 771
13 59 143 206 238 431 473 622 627 778 788 835 867 967
9 76 308 310 331 531 649 693 907 967
8 376 511 598 761 898 911 958 969
12 126 195 196 253 298 323 417 422 450 502 505 845
7 41 109 386 429 923 931 998
10 63 91 226 248 360 486 494 847 940 975
10 44 434 515 662 663 728 736 751 901 924
15 54 75 175 258 299 439 520 625 646 750 756 758 794 852 986
7 8 120 258 325 367 692 793
10 59 239 299 304 367 461 616 643 686 765
12 79 113 172 244 301 579 627 812 860 907 944 979
15 139 162 334 380 390 516 529 566 573 622 674 729 859 896 915
10 13 101 190 451 570 713 730 772 811 828
16 31 168 368 370 389 605 611 666 737 741 840 882 892 898 954 974
10 179 238 263 289 378 519 624 744 777 975
7 252 339 457 578 648 908 987
11 81 107 266 350 389 489 579 582 614 618 650
8 168 200 292 303 429 516 540 767
15 64 205 282 446 462 473 534 613 682 745 812 857 895 904 938
10 40 205 226 227 356 371 775 896 929 951
10 1 131 145 318 431 468 523 581 953 981
11 48 124 175 244 254 407 540 556 558 636 990
7 232 235 267 618 682 845 958
15 3 8 54 105 184 459 566 601 643 677 710 719 732 742 799
14 68 84 179 233 271 395 588 684 726 747 770 791 912 949
5 313 326 602 976 995
5 145 245 521 719 977
13 23 59 118 193 342 538 612 690 744 808 906 919 956
5 173 221 315 733 909
10 100 242 366 567 757 760 784 846 899 958
10 35 88 225 440 644 693 758 760 840 968
5 455 595 779 823 923
11 15 35 72 93 371 378 561 596 823 887 892
8 251 267 290 297 568 606 731 771
9 117 457 500 521 540 760 761 861 919
10 235 442 455 488 583 656 765 866 888 935
12 46 197 224 228 287 298 454 638 662 669 781 820
6 293 342 451 746 782 859
10 203 210 336 449 517 730 857 859 907 997
6 68 140 459 725 791 944
8 138 173 295 368 417 721 791 896
5 57 137 149 500 542
7 108 195 231 483 605 784 866
8 14 32 136 301 319 373 849 971
4 15 316 436 983
8 371 461 514 678 780 854 970 985
10 20 42 64 97 238 272 385 684 777 945
7 151 227 278 313 965 992 995
8 84 117 123 230 418 528 603 909
15 46 82 347 377 437 569 574 652 774 779 783 796 803 815 836
9 71 154 289 555 615 630 747 748 799
16 23 64 95 155 186 239 279 311 330 492 546 733 825 943 980 985
11 138 151 302 400 536 624 696 769 841 881 967
11 13 188 367 475 550 554 568 730 766 902 906
12 144 149 201 362 476 524 583 625 743 763 874 892
11 81 156 192 435 462 482 532 558 648 772 969
9 3 23 184 276 363 367 403 441 862
7 78 147 303 386 554 698 814
17 53 91 148 344 374 382 407 433 448 481 569 591 630 631 666 839 886
9 82 152 386 432 511 512 602 798 907
8 11 160 262 472 549 612 716 930
12 16 29 64 222 298 328 441 494 582 598 603 904
6 14 46 200 398 408 875
8 27 157 168 231 371 457 890 905
4 78 222 253 716
7 108 219 282 531 650 842 974
4 273 655 676 797
3 335 346 494
12 15 26 246 286 318 486 498 592 659 742 872 946
12 237 253 410 444 456 647 674 697 740 826 873 980
6 170 505 596 827 905 980
12 110 114 160 363 389 481 489 500 507 550 695 803
5 199 332 496 573 648
5 167 223 292 705 961
7 190 307 338 671 742 804 907
10 107 216 320 412 454 562 588 671 727 836
18 35 54 125 137 227 244 323 470 517 558 608 682 754 847 888 941 955 982
17 45 91 217 231 323 346 388 418 588 630 637 649 851 925 937 980 987
10 73 104 118 191 202 241 527 628 778 898
11 56 57 295 352 364 435 500 669 736 909 916
10 232 311 386 697 750 770 839 859 877 934
13 14 17 35 251 401 452 547 638 664 772 791 949 971
14 95 111 121 237 307 316 462 474 493 552 656 754 846 950
9 90 222 239 352 570 641 854 857 999
9 2 31 50 199 313 608 776 784 917
5 11 334 502 675 732
12 9 60 200 425 459 474 542 566 659 718 812 829
8 120 153 192 405 606 823 899 936
6 302 483 609 678 778 909
9 148 250 266 543 583 711 746 799 944
13 7 26 361 536 591 627 639 734 796 836 882 892 950
10 25 150 215 357 471 625 649 779 868 888
11 15 212 235 359 585 606 610 628 724 746 761
18 9 109 171 206 229 244 279 432 445 539 543 557 675 736 752 887 928 975
12 175 239 535 536 602 609 651 812 836 843 872 974
14 54 152 184 203 227 393 405 468 500 619 727 743 842 935
14 91 124 225 229 279 316 345 384 595 765 767 900 974 996
14 32 95 282 325 415 541 629 714 715 722 822 871 887 993
8 55 100 139 255 496 501 714 789
9 100 305 448 451 502 554 623 839 866
11 23 133 280 302 369 615 701 708 760 770 880
11 79 209 317 325 643 714 721 759 856 927 966
14 169 181 220 282 284 299 303 357 474 527 537 682 795 952
14 114 159 183 236 451 658 696 740 753 794 882 883 986 994
13 151 339 348 368 503 616 677 706 739 805 826 836 945
13 12 63 175 569 583 694 734 810 836 917 929 953 968
15 54 62 135 192 248 328 359 544 564 754 885 888 897 916 980
5 287 581 733 800 818
11 40 115 116 221 226 279 286 290 336 685 981
12 61 97 190 560 598 713 792 833 869 895 965 992
7 266 310 460 621 787 871 906
11 327 451 505 573 646 663 697 735 842 923 942
9 198 250 349 451 602 611 658 817 831
7 10 135 413 489 548 570 580
7 47 63 422 451 502 547 909
8 19 49 189 362 707 781 787 847
8 221 298 434 460 576 610 878 917
6 323 661 708 829 909 994
9 188 409 488 534 568 681 898 933 978
11 14 172 250 302 639 712 823 850 852 913 948
5 14 174 590 773 870
8 95 230 317 353 490 634 896 902
6 8 162 519 572 634 656
4 199 477 790 890
17 82 92 125 205 213 272 431 439 500 555 583 587 675 689 691 838 842
16 24 38 63 158 161 180 252 358 428 432 472 551 690 708 799 948
16 81 170 284 339 377 400 416 489 582 583 591 761 795 883 916 962
11 22 44 58 133 229 288 294 322 482 593 889
6 127 193 437 557 715 883
10 102 116 205 386 393 427 462 476 547 710
15 3 116 144 173 192 406 417 430 458 557 583 648 765 771 789
10 17 133 270 377 469 501 573 687 817 925
11 18 190 193 224 300 467 487 611 747 817 859
6 145 218 345 693 697 767
6 15 32 139 160 174 312
9 119 177 437 452 627 819 933 957 972
8 72 121 290 310 479 701 885 927
5 343 449 556 557 802
13 119 132 189 258 627 630 704 761 765 772 810 922 938
13 0 200 321 338 455 495 654 698 718 748 751 786 817
13 0 166 179 327 386 465 478 765 776 818 945 955 962
10 3 35 97 111 143 331 635 646 895 931
13 106 148 180 191 242 485 533 576 609 645 745 803 934
5 38 363 396 610 898
6 40 175 505 583 596 812
15 28 77 126 239 303 328 368 382 434 508 569 605 652 789 917
9 18 51 355 526 723 750 766 783 904
10 107 118 173 190 262 303 309 572 740 992
6 123 282 466 635 647 748
11 165 275 465 477 504 617 838 839 841 894 962
12 35 329 391 433 449 518 548 759 855 871 952 996
11 102 203 422 493 525 575 620 654 911 960 969
11 43 48 264 318 358 452 610 656 669 810 866
13 46 74 186 209 216 341 381 444 666 695 722 792 816
9 130 178 367 387 453 562 819 915 988
9 112 222 254 281 676 709 734 957 975
9 3 100 161 166 319 448 568 608 706
14 118 252 289 412 512 528 687 710 754 794 805 821 932 977
5 195 455 574 928 961
8 510 522 598 679 718 750 820 844
14 8 65 66 334 352 509 591 602 603 635 662 692 719 790
12 104 105 235 343 402 517 564 580 622 907 934 981
8 4 57 293 409 667 670 848 887
14 32 280 333 346 430 432 438 443 473 479 554 643 668 964
5 430 655 811 879 913
10 157 244 330 438 474 636 646 750 875 917
11 66 111 310 371 391 731 790 862 924 929 949
13 249 280 328 376 382 581 693 811 848 855 868 895 978
6 281 424 576 666 771 961
13 66 113 186 207 293 302 328 486 566 670 709 722 756
16 72 76 88 90 119 130 356 383 422 449 530 549 702 741 863 979
8 41 424 497 585 640 650 976 989
7 10 71 74 90 591 727 770
12 94 228 330 560 593 625 628 658 754 801 901 903
11 17 121 341 420 489 490 580 848 850 969 991
11 143 221 333 340 341 441 454 800 858 912 969
8 76 163 307 499 687 692 839 857
9 45 51 370 411 424 614 633 878 881
7 5 246 323 388 715 912 953
10 153 283 288 355 409 441 631 770 843 914
9 26 63 65 292 319 330 334 341 598
12 144 376 474 543 561 591 614 621 629 666 668 925
11 75 148 190 193 205 575 622 651 677 769 969
11 5 61 197 260 264 587 595 633 801 819 828
13 252 265 288 348 389 403 489 561 788 832 869 921 978
14 83 115 162 194 199 245 364 483 607 649 658 736 825 888
4 14 276 368 699
7 54 199 223 292 507 551 790
6 8 595 753 771 785 875
5 165 205 476 703 920
4 133 204 481 761
9 21 224 276 281 296 305 539 848 965
10 111 147 254 404 444 601 674 784 812 827
10 130 205 233 309 332 576 584 714 908 946
10 343 374 460 629 805 810 888 904 910 992
9 114 170 277 284 325 546 600 611 876
13 95 134 259 266 328 345 406 512 560 595 687 841 864
13 11 27 66 90 224 372 498 546 693 825 885 971 999
12 137 176 394 534 657 696 700 718 761 784 799 842
7 288 316 382 454 739 860 945
6 40 130 556 567 912 942
10 32 59 100 133 158 213 317 414 612 864
9 43 104 106 199 565 730 742 755 827
10 229 347 369 443 561 629 748 806 838 849
7 45 107 140 480 733 736 887
12 36 149 185 197 216 266 420 467 846 854 893 909
9 114 154 199 242 244 327 615 646 807
8 106 361 479 480 704 829 933 945
10 196 288 341 481 604 613 714 877 932 954
12 14 71 463 539 565 700 719 815 816 833 850 913
10 171 179 273 358 420 423 486 521 744 773
6 76 98 495 661 812 904
9 244 290 421 547 613 623 878 886 996
17 42 60 76 98 207 233 263 320 332 469 723 744 767 793 837 958 971
13 71 148 177 321 367 375 530 572 630 633 740 800 886
8 9 11 80 231 592 782 802 864
8 96 122 144 181 529 588 860 929
7 316 551 568 708 909 923 939
8 51 125 479 636 750 882 889 947
14 52 141 179 193 296 314 386 412 456 511 606 646 663 975
11 198 218 298 422 423 561 599 658 705 856 973
8 117 165 249 622 830 848 920 961
14 65 75 140 253 277 362 491 571 664 700 703 748 850 853
13 172 310 348 370 425 455 488 510 573 580 607 640 890
7 9 94 236 311 710 910 954
12 66 224 341 471 703 773 797 798 908 922 948 964
17 28 100 173 174 214 275 407 417 488 564 627 639 766 845 871 874 941
5 393 427 537 541 755
12 6 19 23 86 105 194 198 292 333 381 680 993
9 122 458 493 505 696 735 880 969 984
9 7 208 237 303 351 797 884 885 895
17 85 92 158 203 242 264 266 293 366 392 456 494 619 729 817 869 989
17 51 61 247 377 449 500 617 628 683 691 704 725 796 820 900 943 989
16 74 148 262 270 277 385 453 498 586 607 657 669 689 862 889 891
7 89 98 238 421 656 786 889
10 1 36 68 169 290 310 611 683 811 853
11 55 260 272 325 522 602 684 689 738 819 841
9 25 56 108 182 257 277 427 953 954
6 164 469 758 856 877 987
7 8 135 205 493 588 743 932
8 67 371 654 753 806 904 930 958
13 4 171 236 396 440 497 585 603 606 614 658 751 902
10 39 112 201 223 346 404 521 555 662 683
13 22 46 60 67 74 272 360 390 426 565 708 889 987
14 250 271 272 277 305 322 347 371 537 544 586 684 709 862
12 32 43 124 134 443 475 551 729 757 779 826 980
10 234 258 291 378 475 550 556 612 666 697
13 17 50 155 363 498 698 703 739 821 870 887 911 958
9 3 193 230 293 495 528 647 861 864
9 164 174 260 339 432 568 583 692 806
8 146 300 341 532 697 743 807 930
11 201 281 320 513 516 646 670 796 801 807 830
10 10 209 383 434 522 535 627 727 800 975
11 1 23 77 113 358 423 766 819 868 940 985
8 74 327 397 536 568 645 745 774
10 61 176 180 257 464 471 581 760 951 977
7 218 376 681 950 960 973 995
6 382 402 495 537 660 674
7 243 276 417 719 748 890 915
10 83 116 267 360 374 385 470 574 791 985
14 12 74 188 199 449 488 503 515 620 759 851 902 923 938
13 67 79 80 222 249 307 350 431 485 542 561 575 670
16 38 54 86 189 203 364 390 453 521 547 573 604 676 694 811 919
10 102 340 356 373 458 626 633 634 690 987
16 46 187 304 362 437 457 481 533 550 586 709 742 754 875 906 943
12 2 61 151 212 319 361 368 569 778 799 914 999
12 153 168 240 344 411 499 514 624 698 803 860 900
12 176 282 359 415 458 521 769 857 866 931 989 999
10 12 63 66 89 368 418 576 654 694 872
17 34 50 96 126 328 431 462 548 580 589 642 656 657 692 795 907 979
17 43 78 105 106 150 153 251 311 433 476 571 650 712 768 771 796 831
13 110 137 201 242 283 362 365 370 381 487 736 812 964
11 13 67 68 197 300 437 588 633 803 941 993
10 62 110 274 320 368 373 393 558 589 672
9 116 129 142 160 263 337 341 416 714
6 84 294 456 459 745 762
9 140 360 370 384 391 592 671 768 968
6 155 291 356 723 853 901
13 65 311 461 494 532 703 768 775 811 860 921 944 981
10 24 99 264 278 353 412 570 600 848 851
11 146 223 228 329 492 664 775 825 938 948 959
10 42 111 129 343 607 652 687 744 874 891
8 85 490 583 590 728 756 774 935
8 108 400 554 665 863 905 956 998
8 250 325 368 502 593 902 922 986
12 19 155 242 264 296 354 658 689 720 868 893 966
9 68 75 267 349 612 644 730 804 823
11 20 55 71 193 373 492 555 658 774 840 884
7 10 143 330 356 865 956 985
11 101 154 156 177 226 237 316 834 851 869 931
10 32 68 251 640 644 684 765 803 893 904
8 27 53 174 275 444 626 930 945
12 44 110 113 168 281 482 484 490 868 921 930 950
6 3 108 340 359 409 430
16 53 61 247 263 373 409 431 561 613 615 642 644 702 761 794 795
8 328 455 472 710 894 904 916 992
13 78 192 226 324 370 445 529 585 770 850 857 923 941
11 52 295 455 467 507 537 584 625 716 732 924
5 121 405 434 577 984
8 240 338 438 739 741 784 818 884
6 351 469 628 740 787 844
11 45 159 399 402 486 575 600 713 825 841 901
10 5 88 398 461 488 730 802 879 947 962
6 55 149 223 380 521 697
10 16 56 178 541 545 597 634 635 903 989
8 258 354 398 462 526 813 953 995
10 61 68 153 281 544 709 755 864 925 953
10 69 289 339 417 521 700 743 821 887 949
12 14 88 92 184 192 395 462 666 774 777 796 804
7 227 293 449 553 729 871 996
12 58 96 118 155 323 418 605 756 785 815 926 959
14 13 19 40 79 89 159 468 602 652 660 724 767 833 963
11 215 259 276 390 391 602 728 764 828 935 983
7 78 166 433 477 810 920 958
5 274 363 556 604 762
11 172 254 316 376 626 648 735 787 806 954 970
8 26 59 210 433 470 530 811 873
11 42 298 706 727 729 735 767 865 869 920 935
8 77 194 364 446 502 560 605 653
7 62 79 223 371 587 711 737
14 72 100 137 227 323 355 404 459 518 527 579 790 896 994
11 145 174 365 407 464 625 724 776 803 846 871
12 15 78 469 506 551 595 643 733 746 770 780 972
10 8 28 51 271 302 307 678 808 900 946
13 7 54 67 87 309 331 469 542 622 788 793 841 980
10 100 211 248 267 317 550 578 756 873 992
12 24 50 75 307 317 350 694 796 833 850 863 980
11 72 265 268 274 541 546 579 669 734 745 746
7 183 320 514 526 541 700 811
9 340 514 674 682 784 791 833 859 967
12 226 324 334 451 454 455 549 625 887 898 952 995
4 96 222 665 802
8 30 101 114 498 541 568 762 886
9 227 260 261 390 432 433 450 745 883
12 20 97 117 221 358 366 391 480 636 725 800 886
14 45 72 156 190 222 260 346 430 583 607 851 908 921 954
15 82 155 247 367 410 413 430 446 501 514 579 674 690 717 806
16 6 103 213 242 349 395 435 460 663 685 733 744 758 876 878 941
9 152 176 434 459 538 551 673 710 913
8 29 85 141 450 791 887 935 985
7 41 146 225 232 361 369 919
7 54 260 262 396 622 885 990
14 27 64 104 221 442 451 469 491 509 548 711 734 982 995
7 127 338 529 629 657 672 799
10 44 153 158 272 276 478 509 523 954 991
9 132 439 514 584 790 878 948 973 998
6 260 300 342 667 919 974
11 47 166 250 289 388 492 555 590 685 754 860
12 190 393 550 645 699 729 864 885 947 957 973 990
8 95 115 415 433 530 556 582 792
9 4 43 468 532 577 599 650 819 993
9 8 155 196 253 520 588 709 835 986
13 135 234 247 267 329 357 406 598 698 765 937 976 982
10 9 100 430 436 481 625 741 888 938 954
16 16 109 134 196 200 208 209 211 427 439 577 582 765 797 817 840
7 178 232 249 524 637 769 957
11 251 330 359 477 534 553 623 651 858 874 913
11 12 133 172 272 296 427 779 796 929 975 988
23 69 128 132 236 255 320 392 394 427 486 606 620 697 699 770 847 850 874 895 907 937 966 988
15 41 50 70 166 316 328 372 513 519 598 602 632 710 814 892
13 21 112 131 160 361 580 624 655 747 758 792 809 885
11 58 227 326 360 364 621 713 741 809 810 912
8 120 136 183 372 417 435 649 686
13 4 16 207 213 291 434 691 739 795 801 817 885 914
11 7 64 106 142 375 399 501 504 534 614 985
13 115 152 179 226 366 402 405 509 692 714 924 974 989
10 13 26 306 480 519 585 651 858 895 954
15 27 28 352 418 523 556 583 685 739 749 828 877 947 996 998
8 28 237 246 502 537 607 687 826
7 245 575 647 679 773 915 918
10 51 75 229 302 394 653 730 772 846 890
12 42 67 82 117 192 408 447 517 543 582 685 694
16 11 82 228 310 335 397 419 421 439 491 509 576 697 772 785 994
12 75 77 173 356 413 496 667 811 815 834 847 985
6 75 188 322 352 636 789
7 157 222 392 510 525 581 865
8 97 115 260 517 586 612 906 947
12 10 179 183 199 262 278 526 590 711 786 870 911
6 22 150 342 343 479 488
9 151 226 286 367 811 825 844 977 990
7 220 246 410 453 551 768 862
9 237 441 479 498 576 592 660 888 994
6 233 260 304 315 475 478
10 301 304 431 463 620 623 681 693 849 945
10 155 168 287 305 361 450 601 715 791 876
9 152 224 389 491 525 560 608 626 764
11 31 38 71 139 185 282 499 665 705 821 906
4 389 626 792 821
5 239 358 533 700 884
13 102 165 266 307 398 455 686 726 817 845 846 931 984
5 229 368 645 778 971
19 34 55 71 132 215 320 323 357 399 475 577 584 586 642 661 693 752 792 948
9 55 113 168 210 223 271 281 769 864
9 23 218 271 379 389 675 714 811 843
12 69 74 319 439 469 482 518 553 646 719 784 818
10 23 51 148 377 384 444 733 753 895 935
7 9 33 179 248 326 336 886
11 102 158 164 328 375 580 704 739 768 793 856
10 236 308 345 354 524 665 678 786 837 929
10 61 169 195 470 533 572 831 844 911 920
10 268 338 534 571 662 675 812 881 944 982
12 25 165 294 330 344 429 478 604 641 671 802 991
9 273 363 483 556 644 706 828 893 900
12 31 131 138 168 176 192 221 329 761 778 853 950
11 80 195 228 433 461 534 620 643 795 799 908
10 100 182 196 211 381 415 465 693 910 992
5 54 70 201 357 736
8 44 46 246 461 633 748 883 902
16 24 42 95 100 167 208 241 326 545 655 749 761 775 791 969 994
5 419 694 918 923 971
5 12 168 284 394 691
5 242 605 662 702 937
13 28 257 439 441 462 469 733 789 834 880 892 916 951
6 84 256 320 472 897 927
9 44 99 156 316 538 587 749 787 879
9 84 156 254 293 660 662 790 843 912
5 348 456 703 731 941
10 142 363 425 426 433 442 569 723 882 914
8 45 87 103 357 691 719 755 852
9 5 82 108 114 348 583 684 734 922
15 42 59 135 173 258 468 473 617 619 717 721 726 811 818 967
9 44 247 417 491 521 591 619 739 785
9 111 219 456 463 617 743 798 938 976
8 90 104 448 716 745 906 981 991
14 123 131 307 339 359 364 400 404 518 682 755 834 905 907
6 256 333 349 573 664 782
9 117 441 464 576 590 627 677 839 867
8 44 151 452 495 543 632 774 881
8 248 472 482 549 676 876 974 991
9 243 402 425 474 647 757 771 848 915
7 175 199 417 561 617 641 724
11 23 68 145 254 345 567 608 754 848 933 981
13 87 92 108 313 393 440 702 849 855 873 878 962 980
9 86 267 311 413 446 621 733 829 870
12 45 75 98 162 538 618 684 773 818 875 879 916
11 46 152 347 375 447 605 625 777 851 939 971
6 239 361 485 496 700 989
12 60 115 215 295 453 461 497 501 627 669 910 947
5 46 54 191 349 821
6 149 187 191 351 635 666
12 39 85 199 324 341 354 394 465 560 576 764 845
7 124 435 511 531 582 952 999
10 87 190 288 306 593 658 674 688 759 881
9 25 29 114 118 131 642 736 737 802
14 74 95 194 324 401 424 425 429 641 646 870 887 941 949
9 5 138 183 358 421 666 861 893 990
7 37 65 186 190 278 468 524
12 24 94 203 341 403 548 721 734 779 804 909 926
8 7 401 505 585 788 892 924 948
9 21 148 292 294 424 583 720 915 977
10 46 178 211 226 309 359 721 777 789 844
13 45 210 247 366 439 544 578 681 699 750 865 918 970
12 33 157 267 427 525 591 714 797 820 847 916 985
10 36 150 168 343 361 422 445 628 634 947
15 9 41 56 222 284 314 342 419 435 477 723 767 807 980 993
8 3 179 752 900 903 904 912 918
12 91 406 453 491 596 646 668 683 715 822 864 865
9 26 150 154 196 260 380 568 785 796
10 3 147 221 339 384 444 658 802 836 891
13 8 10 118 234 297 343 411 446 464 499 604 921 982
9 190 225 227 234 737 895 904 954 988
8 118 152 173 370 702 901 941 945
9 20 659 702 733 796 838 906 977 978
9 15 206 270 293 415 482 537 869 966
12 39 129 278 281 300 317 358 391 527 705 907 965
6 1 172 251 686 732 775
3 7 583 824
7 53 203 258 323 740 814 894
7 299 306 340 606 647 851 965
13 2 52 89 108 120 183 266 742 783 807 808 840 969
11 42 56 82 126 297 528 569 636 710 864 908
14 75 130 150 215 253 314 346 351 429 554 588 608 783 977
13 146 155 202 242 362 514 567 600 694 748 830 846 903
8 109 180 210 376 626 772 774 853
5 1 319 367 497 994
12 20 58 219 244 311 496 574 680 681 753 788 996
14 75 86 108 169 208 228 320 359 522 603 751 845 847 975
6 22 146 255 356 572 766
10 28 248 279 358 398 466 577 862 941 987
12 80 213 239 265 290 365 469 478 523 537 901 972
11 395 447 451 488 575 633 688 836 866 931 992
11 66 112 422 548 595 646 746 824 913 922 954
9 107 113 417 424 433 605 726 884 941
14 210 258 271 320 366 457 494 608 769 835 855 858 935 992
10 15 117 204 264 352 472 740 865 948 975
14 17 81 113 158 223 446 451 468 538 735 775 832 917 943
24 132 151 186 202 221 223 227 241 346 379 432 464 516 546 563 676 783 797 860 863 939 954 958 998
10 31 290 394 442 488 642 658 687 692 944
9 189 268 338 393 463 545 676 856 941
15 61 76 91 330 341 361 473 488 652 784 877 904 947 960 978
6 221 280 416 511 633 742
13 121 172 174 313 336 369 448 568 761 785 789 842 924
5 69 366 370 689 848
10 32 217 379 444 474 523 732 863 947 950
11 155 187 223 257 269 278 518 549 614 701 858
12 27 93 165 312 373 478 630 690 700 702 777 824
9 34 224 270 381 539 663 667 692 839
6 45 660 754 785 857 859
10 128 193 280 285 293 419 578 620 893 973
11 129 167 241 553 604 698 761 768 900 918 926
4 70 401 687 729
11 99 158 206 256 277 449 456 639 657 771 967
8 6 40 85 317 447 812 903 963
5 292 376 398 569 983
5 3 120 289 481 838
16 61 122 156 191 209 257 333 408 409 456 610 665 729 814 834 992
11 145 158 257 338 573 632 700 807 826 842 988
12 18 74 305 359 411 498 556 596 661 769 894 963
10 9 110 139 242 407 415 508 532 579 884
9 130 184 189 316 338 455 565 978 981
15 38 64 71 282 320 330 378 432 465 664 747 802 808 937 965
11 173 181 253 482 528 568 580 762 793 897 915
11 185 191 239 681 832 847 859 872 903 942 997
10 189 213 240 249 602 740 746 845 960 978
7 110 209 229 292 332 710 866
9 124 157 298 343 383 473 680 718 819
8 16 115 305 309 391 830 944 993
8 113 274 278 338 461 591 837 914
6 147 197 303 391 874 882
8 3 32 74 89 106 201 749 789
8 246 329 517 519 527 743 802 863
9 54 113 119 531 668 773 803 837 846
9 47 73 192 328 517 518 628 654 891
11 248 357 455 480 501 595 651 795 797 851 986
7 31 207 278 458 530 878 903
15 12 47 71 75 97 108 258 279 318 421 438 710 717 729 993
15 3 14 68 196 309 453 480 653 666 695 777 920 952 958 972
8 42 111 149 363 457 640 790 902
14 104 151 188 270 394 418 427 450 532 672 759 802 815 985
16 74 360 388 412 482 484 570 656 723 724 853 885 919 946 949 999
14 97 107 187 232 235 323 349 523 534 689 726 737 774 882
11 175 189 270 329 397 550 619 659 812 845 887
10 194 278 291 300 440 775 830 832 957 975
7 147 155 174 235 311 592 955
5 155 276 692 707 819
9 28 44 96 456 524 603 736 772 998
16 274 280 311 360 369 504 577 587 644 679 717 745 819 849 936 972
9 2 73 218 219 360 401 550 877 971
8 238 245 257 401 536 697 882 893
8 118 262 315 431 471 567 662 819
8 56 82 174 452 717 724 826 973
8 50 63 71 82 133 178 675 685
9 75 187 216 323 598 772 826 933 964
11 10 268 320 387 624 738 791 856 888 907 970
14 19 79 180 498 527 541 648 722 737 818 827 835 952 996
9 366 391 488 540 584 722 917 937 961
9 106 120 198 260 419 501 767 865 868
10 43 127 383 387 391 499 633 719 850 921
9 83 239 351 445 487 665 669 764 795
13 1 104 208 238 262 303 316 348 491 541 553 578 822
12 166 245 345 466 526 565 655 670 764 785 933 963
8 79 112 152 169 227 412 641 947
8 68 98 174 188 282 459 721 888
12 41 113 162 268 367 447 657 658 782 829 831 832
11 12 191 279 453 463 620 657 736 757 764 960
12 14 93 146 242 378 408 586 730 814 868 913 964
7 415 467 623 727 753 881 970
13 81 93 236 248 337 365 619 745 772 894 913 940 991
12 36 80 163 261 457 505 647 695 720 747 864 907
10 132 179 219 249 331 366 626 712 786 980
10 295 330 366 440 598 650 651 755 798 942
18 36 45 78 93 200 209 270 282 317 338 382 384 539 555 584 650 712 733
7 5 165 183 559 628 661 865
11 41 354 408 478 512 594 675 690 728 783 923
14 7 10 30 32 51 214 308 488 604 659 680 762 787 955
9 103 133 257 339 497 508 512 636 695
11 25 103 208 316 434 593 678 701 802 816 931
10 178 319 377 522 607 769 786 802 824 928
12 380 428 483 495 602 645 806 816 825 839 908 966
13 50 110 155 250 265 278 343 405 536 542 623 898 972
10 4 14 17 259 443 470 593 770 834 871
6 57 260 278 553 618 761
19 31 33 44 51 71 133 176 249 330 424 534 645 680 797 815 874 940 942 948
9 72 259 266 348 358 647 786 894 953
7 171 172 373 498 779 786 980
6 370 440 625 788 855 945
5 59 435 867 963 986
12 2 108 166 289 354 426 433 539 745 827 885 937
10 14 182 190 221 490 497 638 660 696 862
9 50 163 252 359 525 583 585 836 907
7 120 201 279 523 817 833 994
5 142 185 420 495 663
5 91 256 466 633 694
11 29 32 325 572 612 661 669 759 798 898 900
9 18 22 92 215 353 480 548 572 609
12 26 115 119 173 199 426 521 695 773 853 953 994
9 84 329 332 339 553 733 738 817 919
11 4 69 121 143 333 341 387 516 531 790 866
9 43 205 434 444 464 468 638 728 856
9 42 44 106 459 486 562 753 813 873
15 54 91 228 254 273 293 378 465 584 597 705 759 847 928 965
6 539 577 808 856 903 970
11 76 221 330 333 382 589 627 726 755 766 830
10 124 222 360 433 592 660 767 953 974 997
6 59 221 329 460 507 515
12 105 257 273 346 366 462 584 593 631 775 798 853
12 12 38 73 98 127 230 264 294 480 488 502 854
10 53 202 359 365 423 468 506 569 679 823
13 83 168 250 623 655 662 682 708 741 860 902 941 958
7 6 61 149 200 295 326 675
12 55 166 177 208 230 343 347 400 455 469 635 810
11 57 154 236 344 363 449 596 766 771 777 950
8 283 445 455 548 715 724 905 936
13 38 295 306 319 404 425 485 533 592 603 730 753 763
7 83 86 197 233 591 663 730
12 267 391 508 529 558 559 592 715 740 768 897 983
12 59 67 87 286 319 322 344 375 513 738 930 931
7 235 304 329 494 745 779 996
10 170 317 483 561 687 808 874 911 946 991
12 41 201 253 414 499 754 788 869 947 969 977 993
8 17 75 212 631 714 716 926 945
10 23 47 197 214 222 314 340 695 711 781
7 252 266 341 361 403 448 936
10 120 226 254 321 392 435 456 567 611 622
6 186 416 439 474 708 738
5 216 367 656 658 954
7 92 109 206 398 458 749 773
14 194 195 198 290 305 371 462 490 549 707 792 831 842 890
12 194 225 275 481 553 699 702 834 853 864 867 872
8 157 161 394 520 707 864 880 969
6 433 517 622 633 637 850
9 183 236 256 295 612 781 854 871 884
9 93 120 123 257 306 355 491 515 644
6 7 382 546 655 788 803
15 137 198 517 544 547 649 791 795 806 835 864 881 922 949 950
9 85 194 250 266 641 642 742 877 909
6 243 310 374 514 551 626
10 189 408 418 527 626 637 699 851 853 933
10 57 136 329 431 755 759 868 873 895 918
12 0 121 486 517 579 627 689 776 795 798 912 932
9 45 60 172 192 269 349 414 653 961
11 48 79 103 379 409 660 685 739 745 766 932
12 24 84 108 328 342 406 414 445 597 602 622 817
12 109 135 150 299 383 399 467 652 700 701 776 891
7 28 69 77 130 263 513 938
7 28 120 182 394 562 590 938
18 45 70 89 125 148 204 301 419 434 492 509 530 559 658 683 850 856 972
9 187 202 252 424 439 516 544 777 791
11 208 326 412 414 582 752 808 827 836 881 902
16 41 103 176 190 282 301 368 503 540 632 651 752 770 890 908 961
9 54 78 110 416 540 557 627 641 740
8 333 640 683 703 711 748 876 956
10 201 296 344 396 460 464 494 518 728 981
18 6 33 74 166 200 244 311 397 564 581 610 702 737 756 844 896 901 995
8 110 267 396 450 458 695 829 900
11 120 165 171 299 361 566 587 722 787 956 982
10 151 192 336 347 404 519 617 774 782 797
10 111 124 307 310 378 434 814 864 932 989
16 22 115 239 351 372 424 430 520 633 654 674 704 728 762 964 972
8 15 134 186 189 419 424 578 610
7 121 147 229 457 607 655 937
9 147 236 245 300 319 355 504 569 738
7 464 505 511 616 713 758 869
10 63 104 177 243 256 262 315 548 807 842
10 2 103 236 338 573 852 886 926 966 977
10 190 488 552 735 736 774 782 841 883 916
11 71 200 285 337 492 572 653 686 700 862 948
11 173 179 203 254 270 361 444 528 594 706 992
8 299 324 403 515 521 657 689 725
8 104 266 379 407 422 740 871 973
10 33 126 342 526 651 780 858 949 988 992
10 104 127 335 434 457 749 840 862 898 973
11 62 198 247 357 539 625 680 687 725 788 841
11 26 53 126 127 131 197 352 837 924 925 973
20 60 81 99 131 189 223 235 287 295 391 500 505 588 596 668 868 904 953 959 961
11 35 69 83 372 411 429 608 661 745 778 940
7 61 151 700 771 853 892 926
13 69 71 409 482 537 645 647 651 817 861 884 892 959
10 106 132 193 227 235 237 387 449 451 906
9 150 243 323 350 574 689 698 728 892
13 84 114 193 230 310 408 414 551 643 690 860 877 895
9 6 91 367 373 375 477 494 596 702
11 149 279 364 452 489 580 604 664 777 890 912
15 56 121 177 197 269 276 393 419 455 667 736 786 803 914 958
16 0 96 130 227 265 285 367 526 598 698 763 784 807 902 904 984
15 15 109 152 178 235 467 469 570 632 639 654 784 810 936 976
10 217 307 322 466 531 618 682 713 927 933
14 146 351 379 384 405 524 570 627 743 752 804 842 853 900
12 45 71 81 116 375 377 505 562 582 629 692 844
6 77 181 237 418 726 730
13 23 111 143 405 532 547 592 623 698 734 769 789 982
10 0 68 97 175 185 362 487 500 762 937
10 37 128 146 188 342 454 544 671 704 924
9 93 142 419 757 907 932 933 937 976
5 133 212 708 718 999
8 134 312 522 650 743 752 888 979
11 1 16 50 87 146 243 566 568 583 660 855
13 52 126 139 181 289 295 396 426 491 586 771 772 860
11 2 285 407 469 518 554 588 594 647 797 950
12 236 331 474 495 656 664 670 671 770 912 968 998
11 13 207 212 397 412 511 661 742 837 855 961
13 4 97 281 421 545 572 672 706 720 759 853 918 945
13 1 46 195 227 242 471 509 547 588 616 777 956 990
10 16 220 257 263 284 417 442 512 624 684
14 83 121 136 137 178 356 426 436 481 505 640 721 734 977
8 56 206 250 446 457 484 488 714
7 61 105 310 421 494 608 905
7 13 67 82 104 200 254 391
11 199 223 366 391 460 501 620 645 721 726 993
11 93 146 187 329 348 367 405 423 454 554 559
11 10 163 322 327 451 549 583 620 669 743 785
15 6 90 156 322 519 657 680 692 726 851 933 956 963 970 990
12 79 120 147 186 222 295 362 440 501 860 873 988
8 204 272 311 349 431 833 863 947
6 52 270 280 348 460 871
16 11 234 312 399 428 498 540 555 607 617 625 663 664 855 927 997
12 64 146 168 239 363 369 387 418 618 720 770 855
7 171 383 405 544 774 877 941
5 26 201 254 291 983
10 32 86 300 337 346 412 433 665 721 911
8 303 347 348 551 566 603 750 771
11 29 30 124 420 566 607 688 705 735 868 962
5 11 457 458 839 936
12 10 61 73 202 235 249 291 410 458 697 772 814
16 26 95 109 261 264 332 359 375 413 425 470 476 490 517 881 942
15 69 107 115 183 191 241 289 308 368 497 599 628 928 929 979
4 402 686 828 980
9 73 154 456 564 602 652 744 810 946
8 146 306 407 470 625 669 890 963
5 71 250 306 663 665
15 209 228 229 236 328 451 460 486 677 683 729 764 876 923 962
12 2 94 204 237 396 491 517 531 641 824 906 915
11 16 232 251 280 333 350 447 612 631 633 636
8 24 133 256 329 549 844 889 959
13 0 26 74 254 344 404 483 484 535 921 926 964 996
5 44 194 553 646 987
9 128 129 184 216 383 694 886 893 995
8 563 578 592 664 818 825 857 941
11 74 95 148 282 294 377 398 476 665 824 866
12 9 14 19 53 76 166 201 342 465 603 637 639
8 42 167 289 299 641 674 735 928
8 109 280 409 464 499 813 878 941
7 183 214 304 530 650 741 834
12 39 40 318 348 569 613 629 689 880 897 924 992
7 209 367 496 650 714 931 971
7 62 281 582 609 629 650 893
10 51 206 306 408 423 426 677 800 906 967
11 77 78 386 470 509 521 602 667 715 829 982
5 97 448 580 641 721
11 146 172 187 191 201 202 555 577 676 735 891
9 310 495 614 618 760 787 841 867 935
8 17 46 221 246 300 559 601 922
13 35 61 155 177 196 246 273 523 593 665 809 918 924
7 54 110 127 384 451 566 758
13 14 80 149 246 293 333 398 421 752 759 837 871 910
14 50 64 162 192 208 221 295 588 603 714 750 774 887 932
6 191 276 490 512 867 888
10 256 397 476 496 547 740 775 820 917 998
9 53 100 119 323 486 537 573 610 628
11 34 126 179 302 418 467 486 569 618 853 868
14 102 173 212 455 470 549 573 609 687 848 900 930 963 979
13 2 58 259 264 271 288 318 376 526 528 589 847 901
6 140 300 480 529 633 949
13 74 216 271 306 319 393 423 455 644 717 733 966 994
13 45 67 174 357 376 386 432 532 565 620 724 798 917
5 15 104 216 515 751
18 27 319 332 374 500 570 626 682 692 715 724 763 774 788 846 895 909 970
9 14 28 48 142 180 302 693 718 905
16 28 76 247 264 529 580 672 783 787 802 803 885 895 905 951 955
11 39 198 317 335 494 585 640 685 688 733 929
10 115 135 180 273 364 393 594 824 915 959
10 19 84 272 453 463 580 591 757 916 932
9 108 134 135 177 229 426 594 609 889
11 107 296 313 363 375 444 583 695 767 784 799
9 16 42 70 131 345 542 764 867 907
10 153 263 330 341 477 575 675 753 758 894
11 79 267 380 423 583 590 617 800 873 877 996
16 13 293 298 312 345 403 445 489 553 567 655 715 716 721 744 932
9 7 385 414 472 548 553 581 643 659
12 93 132 139 196 249 364 577 611 684 825 874 943
9 37 63 97 523 673 715 837 843 861
15 13 64 188 264 350 382 389 643 652 725 761 808 846 899 951
10 0 88 206 281 328 386 414 560 706 749
9 1 88 217 344 474 530 541 926 977
12 11 194 207 247 323 406 418 667 718 756 801 841
8 11 165 191 365 609 715 990 996
9 166 413 422 529 686 725 799 863 874
12 151 323 378 453 455 615 669 705 866 873 882 898
7 50 159 262 285 361 531 928
7 292 434 481 525 738 817 877
14 1 38 177 305 335 464 586 634 722 767 804 863 876 885
11 84 213 274 309 434 442 529 621 828 922 980
4 261 399 511 531
6 84 197 326 509 716 830
11 84 149 274 497 524 539 653 721 735 811 901
10 25 110 187 200 315 514 615 627 635 874
6 200 223 225 430 504 752
9 327 384 396 485 579 605 718 764 888
15 20 24 203 233 294 327 438 445 457 460 626 674 855 877 925
10 155 309 311 429 431 493 751 823 889 934
18 44 60 74 129 190 194 259 301 344 404 427 436 541 628 842 951 958 967
13 132 173 188 203 282 291 450 478 640 649 782 843 884
10 17 32 224 315 330 331 340 820 859 886
11 15 93 160 220 320 355 467 714 736 769 815
11 49 64 95 330 378 555 619 730 836 992 997
13 6 64 66 110 129 151 187 456 509 545 763 764 766
11 26 302 382 387 499 542 595 635 823 832 936
8 1 246 392 564 604 654 670 862
17 69 89 91 115 206 238 264 327 455 463 492 557 725 767 853 855 900
7 11 108 116 137 218 417 740
6 73 203 510 608 702 830
12 42 99 110 175 215 240 427 666 680 758 874 989
6 57 83 126 184 868 900
16 40 193 329 363 420 499 552 596 680 741 774 847 895 899 968 980
12 51 80 103 270 374 398 558 576 740 848 881 963
10 150 218 338 357 381 504 624 695 735 771
9 270 401 552 569 599 609 621 688 948
17 58 115 158 243 291 308 337 387 392 552 557 586 761 771 919 987 999
8 160 167 380 521 699 793 854 855
13 12 28 124 150 207 361 473 483 520 559 765 818 833
17 72 98 107 135 156 171 258 366 455 521 561 640 655 676 780 861 941
10 83 93 112 290 322 432 501 567 665 736
13 29 125 145 176 185 211 214 302 314 544 722 853 991
7 59 291 321 502 534 841 946
9 29 79 99 248 344 474 496 705 806
12 86 121 272 275 297 458 512 552 726 769 786 947
9 84 216 261 306 435 453 578 652 654
8 14 276 362 460 514 614 770 991
10 87 108 251 355 466 526 546 608 818 857
11 176 203 223 392 509 531 549 752 858 937 985
10 181 202 213 242 262 582 642 844 851 927
10 56 466 506 548 552 596 725 788 839 922
10 85 91 124 131 359 437 443 626 683 904
9 41 60 286 318 410 414 496 623 937
11 90 281 375 389 432 556 644 821 940 958 968
12 17 28 235 322 381 516 578 721 838 878 918 972
9 101 128 208 314 357 393 506 660 817
12 5 82 103 263 394 462 545 588 760 779 830 839
7 174 228 278 403 760 885 961
10 407 544 596 707 751 763 821 870 953 960
9 3 43 198 233 510 773 802 917 938
8 37 190 255 664 687 812 827 875
9 44 116 202 263 313 454 495 812 856
10 62 157 337 347 388 389 703 847 954 996
14 41 51 101 238 364 386 486 577 663 703 831 932 948 986
14 46 64 254 305 336 726 728 744 780 842 858 864 931 958
13 24 215 232 304 528 639 647 724 773 780 798 950 983
8 14 87 177 239 258 886 941 952
9 132 192 379 409 414 436 492 580 837
8 46 184 633 699 709 772 809 893
12 174 449 455 508 607 642 674 747 778 780 916 920
13 17 42 115 235 357 377 450 519 731 732 927 967 991
5 50 86 314 532 583
7 70 102 350 654 669 762 921
18 173 323 369 393 434 513 541 558 575 579 585 695 804 824 828 907 934 954
6 208 297 609 657 669 811
8 70 89 148 329 361 582 866 957
8 107 136 186 375 497 584 613 967
14 52 54 71 143 201 237 296 304 388 480 558 672 707 788
10 27 87 165 290 420 626 705 814 910 996
14 90 315 399 445 464 473 534 550 586 590 648 706 800 912
14 6 216 222 322 377 442 488 545 581 669 753 903 931 981
9 121 178 263 404 541 626 721 757 849
12 59 179 187 353 389 500 590 698 721 785 933 969
7 116 352 509 855 868 887 986
9 46 64 199 247 427 538 623 641 934
13 80 88 117 202 275 334 402 403 670 682 690 761 926
16 2 110 305 321 334 412 432 441 450 463 557 578 583 712 930 941
8 31 173 237 630 661 855 986 991
7 124 380 385 738 742 789 798
7 47 232 252 445 452 629 943
14 99 119 126 310 337 344 410 583 623 695 770 887 921 932
7 28 377 407 761 764 820 857
7 27 248 353 586 610 651 926
10 170 255 265 318 642 727 736 761 787 925
9 23 62 223 237 246 399 529 808 817
9 408 599 604 647 673 798 815 847 901
9 72 260 322 368 639 652 745 821 966
10 27 144 206 288 561 565 607 687 972 985
9 77 198 382 455 560 665 751 850 964
10 97 98 149 426 517 598 833 887 938 944
8 45 70 127 202 373 786 900 921
13 99 152 248 271 272 279 326 505 566 706 716 950 995
10 18 142 412 548 640 653 688 798 853 986
10 69 140 178 294 310 487 506 532 634 831
12 23 232 419 576 623 633 666 733 745 922 965 981
13 48 57 60 75 317 353 442 445 595 637 756 758 760
9 20 110 162 191 193 443 462 525 690
10 102 111 190 252 316 349 454 573 581 629
8 90 122 268 449 519 772 780 996
13 83 123 254 352 476 546 559 568 706 751 791 870 988
10 47 48 70 215 264 281 559 586 606 610
7 107 267 366 782 812 847 982
15 148 166 167 174 203 342 421 423 529 551 656 671 813 878 900
12 34 117 205 258 375 520 528 606 739 948 972 990
10 17 173 439 449 497 556 742 777 834 979
8 30 32 141 409 600 702 805 933
4 326 395 486 771
12 142 148 350 356 385 436 461 470 549 625 916 965
11 43 104 200 381 448 620 673 931 951 955 970
8 112 174 335 340 360 575 822 904
9 83 251 454 455 557 603 757 799 977
10 51 268 328 329 364 401 462 533 744 898
9 118 438 445 476 542 789 798 872 981
13 55 271 441 498 520 525 654 705 909 914 938 955 994
15 75 144 206 244 291 392 422 502 577 580 602 754 757 830 891
10 95 194 325 369 447 551 613 622 706 795
12 84 200 214 417 469 478 505 571 677 682 850 991
9 122 144 353 402 427 439 740 823 969
16 29 83 193 247 309 406 464 572 641 704 821 863 872 930 946 976
6 15 135 609 690 802 891
9 11 101 380 442 464 583 632 786 844
9 9 180 294 362 364 538 626 781 904
