200
3 22 24 182
5 43 48 98 116 178
6 22 26 106 136 157 180
2 29 180
1 143
3 103 119 168
2 55 74
5 105 34 154 175 176
2 14 62
2 32 192
3 102 56 94
4 29 38 137 157
3 108 111 136
2 148 151
4 8 114 94 160
2 50 129
4 21 61 131 183
3 19 31 49
4 29 38 80 96
3 17 155 192
2 97 189
6 108 16 71 73 140 176
5 0 2 108 187 199
5 113 26 70 101 161
7 0 127 128 28 30 137 145
5 29 38 60 92 161
8 2 131 23 30 51 77 96 162
4 121 81 100 175
2 24 175
7 3 11 18 25 137 35 69
3 24 26 179
4 17 66 96 194
2 9 62
5 123 136 40 96 99
7 106 7 54 57 77 87 152
3 109 114 29
5 117 119 82 170 191
1 189
6 11 18 25 68 157 192
3 112 76 164
5 33 49 160 166 188
5 107 128 75 151 167
6 43 51 53 73 85 192
6 1 42 56 87 196 198
2 145 87
2 141 50
1 132
4 69 179 180 193
8 1 106 132 135 146 82 99 180
5 17 40 61 92 167
6 15 122 45 52 165 172
4 114 26 42 178
2 50 174
4 116 133 42 96
5 34 62 69 95 173
4 6 142 148 62
7 115 10 43 151 58 62 172
3 34 151 164
6 140 153 56 63 75 82
2 169 188
5 25 66 75 170 177
3 16 49 82
8 8 117 32 54 55 56 161 185
3 145 58 169
2 109 143
2 164 75
5 107 129 31 60 189
3 123 139 166
3 38 69 179
5 29 47 54 68 176
5 23 151 158 167 75
3 125 21 86
2 103 170
3 21 42 96
2 6 146
7 41 58 60 65 70 84 189
1 39
5 120 26 34 176 179
3 145 149 184
1 136
4 125 128 18 174
3 27 183 101
4 36 48 58 61
2 180 100
5 105 109 150 75 186
3 145 42 193
2 71 182
4 34 43 44 177
2 109 175
2 127 129
2 103 194
3 118 130 144
4 105 25 49 190
2 113 137
3 105 10 14
3 54 185 198
7 18 26 31 33 53 73 185
8 107 20 134 145 165 174 188 189
3 1 109 155
4 33 48 166 190
5 135 137 27 164 83
4 108 124 23 81
3 10 134 155
4 5 72 90 125
4 126 158 195 199
5 7 84 92 94 175
4 2 34 48 110
6 41 66 97 129 168 183
8 12 21 22 101 125 171 179 185
7 35 64 84 88 98 162 195
2 106 151
1 12
3 39 136 198
2 23 93
5 14 35 51 140 145
4 56 165 173 177
3 1 53 144
3 36 62 193
2 91 132
2 5 36
2 77 152
4 27 137 175 186
2 50 180
4 33 67 165 191
4 101 139 158 185
4 103 108 71 80
3 104 133 169
4 24 89 163 188
4 24 41 80 188
4 107 15 66 89
3 91 153 173
4 16 26 133 156
6 118 46 48 154 156 163
5 126 131 53 134 180
5 102 133 97 137 149
3 48 100 163
7 2 112 12 33 79 172 183
8 11 121 24 134 29 93 100 172
2 148 157
2 124 67
3 114 21 58
1 45
1 55
4 4 64 146 149
3 116 91 183
8 114 24 44 63 78 85 97 177
3 143 48 74
4 157 185 186 197
3 13 138 55
3 134 143 78
2 84 197
6 110 13 41 56 57 70
2 120 34
4 130 58 180 195
2 7 132
4 102 19 98 177
2 131 132
7 2 11 138 38 147 163 167
4 104 124 70 180
2 181 194
4 14 40 176 184
3 23 25 62
2 109 26
4 127 132 135 157
4 39 57 65 100
6 115 123 50 97 168 199
3 40 67 99
4 41 49 157 70
4 107 5 165 171
3 126 59 63
3 36 60 72
2 108 168
5 136 137 50 56 192
5 115 130 54 176 192
4 52 80 97 199
7 105 7 121 28 27 88 183
6 7 21 160 69 173 77
6 115 145 155 60 87 181
2 1 51
5 108 30 47 68 77
9 2 3 122 133 47 48 153 158 83
2 159 177
2 0 86
7 107 16 136 144 175 81 196
2 160 78
6 108 124 147 62 95 96
4 121 147 84 187
2 22 186
5 127 128 40 59 97
5 20 37 66 75 97
2 92 99
2 123 36
6 9 19 38 42 172 173
3 117 47 85
3 31 159 90
3 104 109 153
2 43 183
2 147 150
3 112 43 95
4 104 22 165 174
