100
1 61
1 52
2 4 27
2 36 81
2 2 80
7 11 20 27 35 63 81 83
6 57 8 12 23 62 97
1 77
3 6 32 63
2 51 69
5 60 62 33 49 89
1 5
4 6 16 39 55
2 17 54
4 63 67 35 85
2 43 84
2 12 79
3 13 26 74
3 23 82 89
4 60 30 38 80
2 5 36
1 97
2 64 47
5 6 18 32 42 47
1 43
1 26
6 63 17 25 31 37 46
2 2 5
3 38 49 89
2 68 42
4 71 19 32 50
4 66 26 36 93
4 8 67 23 30
2 10 45
1 61
4 5 14 80 48
6 3 20 76 31 44 56
7 61 26 78 41 52 54 88
2 19 28
3 61 12 42
1 61
4 82 37 93 95
4 69 23 29 39
4 61 15 24 93
3 62 36 47
3 33 86 54
3 60 26 91
9 63 68 22 23 79 44 95 49 99
3 76 35 51
5 62 10 28 47 96
3 30 92 93
4 9 90 91 48
3 1 74 37
2 77 83
4 13 82 37 45
3 12 71 56
3 36 96 55
2 6 60
1 77
2 73 96
4 57 10 19 46
6 0 34 37 39 40 43
5 6 10 44 49 80
7 5 8 14 26 47 90 93
1 22
1 76
2 31 84
3 14 32 91
3 29 47 75
2 9 42
1 93
4 30 55 73 82
1 83
2 59 71
2 17 52
1 68
4 65 36 48 85
4 58 7 53 90
1 37
2 16 47
5 4 62 19 35 84
3 3 5 84
4 71 18 41 54
3 5 72 53
4 66 15 80 81
3 14 76 87
2 45 90
2 85 98
1 37
3 10 18 28
5 63 77 86 51 94
3 67 46 51
2 50 94
6 63 70 31 41 43 50
2 90 92
2 41 47
3 59 49 56
2 6 21
1 87
1 47
