100
2 47 66
4 6 24 74 83
3 59 65 76
2 40 79
5 13 15 63 67 79
1 52
5 1 15 26 27 55
1 71
3 62 80 93
1 50
6 55 72 73 75 81 83
2 50 95
3 57 93 97
3 4 18 26
3 42 52 96
3 4 6 85
1 48
4 19 20 43 49
5 13 33 47 80 94
2 17 39
1 17
2 59 72
2 70 45
2 57 26
2 56 1
5 71 28 36 39 40
7 6 69 13 23 74 37 77
3 6 49 82
2 25 75
2 47 99
2 70 48
1 51
3 34 96 99
2 18 93
2 71 32
2 51 98
1 25
1 26
1 89
5 59 62 69 19 25
7 3 70 25 43 53 83 88
6 60 62 68 77 51 88
3 60 63 14
2 17 40
2 51 54
3 22 75 89
1 49
4 0 64 18 29
4 16 73 30 50
5 58 17 73 27 46
6 64 9 11 83 87 48
4 31 35 41 44
3 5 14 96
4 75 40 84 99
4 61 73 81 44
2 6 10
2 24 63
2 12 23
1 49
3 2 21 39
2 41 42
4 54 69 78 92
3 8 39 41
3 56 4 42
2 47 50
2 2 71
1 0
1 4
1 41
4 61 26 39 73
3 22 30 40
4 7 65 25 34
3 10 21 97
5 10 69 48 49 54
4 1 26 93 96
6 10 28 45 53 76 79
3 2 75 95
3 26 41 97
2 61 82
3 3 4 75
3 8 18 85
2 10 54
2 27 78
4 1 10 40 50
1 53
3 15 80 91
2 93 96
1 50
2 40 41
4 38 45 90 91
1 89
2 85 89
1 61
5 8 12 74 33 86
1 18
2 11 76
5 14 74 32 86 52
3 12 72 77
1 35
3 29 32 53
