600
5 151 280 454 549 587
12 27 141 146 261 268 269 329 363 380 450 490 595
8 6 38 79 133 235 288 314 336
2 167 522
5 53 162 370 421 497
7 40 144 162 321 415 418 528
10 2 56 93 160 172 236 376 487 512 514
8 34 154 190 198 295 321 398 596
13 72 81 160 257 303 310 317 343 368 408 506 533 554
7 20 102 186 325 327 512 549
9 140 149 220 287 300 311 364 416 442
10 84 160 235 242 258 311 376 388 396 485
11 100 154 367 372 374 382 445 497 503 507 560
7 19 49 153 157 319 450 531
9 203 216 229 305 349 355 453 508 553
6 54 110 124 269 499 531
8 156 231 269 328 343 361 466 509
8 45 112 133 402 417 465 494 555
5 88 116 181 272 310
7 13 24 262 285 461 513 549
7 9 60 158 214 236 310 433
2 79 180
4 45 231 276 388
8 80 142 301 461 505 544 587 596
10 19 27 105 142 193 327 343 374 494 576
7 40 136 176 207 454 510 547
8 90 138 204 357 481 492 501 505
8 1 24 64 134 262 495 544 557
9 90 105 129 141 193 246 355 412 474
4 227 310 346 528
7 34 72 151 219 340 424 434
9 32 47 185 237 287 322 355 399 543
8 31 118 265 308 369 377 398 577
8 141 184 216 313 352 380 400 455
9 7 30 39 40 43 207 389 398 595
12 58 65 125 155 296 328 346 436 439 461 491 492
2 276 320
6 69 193 309 362 390 554
11 2 48 223 409 423 432 446 485 487 488 531
3 34 283 506
14 5 25 34 87 95 117 200 253 286 289 339 458 552 556
4 62 300 314 592
4 176 235 484 568
5 34 118 174 175 462
4 226 348 367 590
5 17 22 137 217 554
8 79 121 288 295 379 385 397 581
5 31 109 202 312 490
11 38 179 247 259 307 314 391 405 475 522 567
8 13 141 190 191 489 496 560 577
10 172 187 226 228 274 327 497 517 520 593
8 97 117 141 239 309 365 378 580
9 136 144 183 212 241 332 351 432 457
5 4 77 118 401 435
4 15 216 376 527
6 137 156 386 480 536 579
4 6 234 265 300
9 100 147 148 310 373 425 468 481 543
10 35 90 131 247 300 414 510 553 566 584
11 74 113 211 219 247 281 400 417 440 551 574
10 20 197 359 376 436 454 477 527 531 550
8 76 172 223 266 269 306 356 486
4 41 250 368 428
1 461
8 27 72 205 239 301 505 564 578
9 35 94 156 159 294 385 443 455 518
4 192 415 544 580
8 116 181 230 255 279 365 415 589
5 90 223 406 557 558
7 37 170 325 334 351 365 489
8 110 127 391 406 437 460 468 546
7 95 212 258 272 414 420 487
11 8 30 64 107 193 225 303 340 346 515 591
5 82 225 417 457 589
6 59 98 173 193 224 527
7 296 350 386 412 420 499 537
2 61 345
6 53 82 168 365 534 557
6 88 132 346 465 520 553
14 2 21 46 90 97 134 160 164 188 260 348 428 488 555
8 23 111 219 287 318 400 451 527
8 8 94 276 432 452 453 476 546
10 73 77 193 226 235 252 292 338 426 441
2 325 383
8 11 132 199 292 328 362 540 583
3 153 190 559
11 109 142 158 198 207 212 310 436 504 541 548
7 40 127 136 285 303 455 496
12 18 78 117 130 158 162 184 205 208 215 336 435
8 120 153 304 357 388 411 492 509
11 26 28 58 68 79 97 297 354 468 528 586
3 110 164 241
6 132 134 317 490 494 583
5 6 189 293 321 560
6 65 81 239 439 475 524
10 40 71 155 179 356 424 430 473 545 546
10 152 167 394 425 494 497 504 509 558 578
11 51 79 90 129 142 225 239 280 450 452 465
5 74 107 256 271 568
6 228 239 306 397 467 587
4 12 57 156 356
6 165 201 221 432 442 486
9 9 197 284 322 332 340 377 388 545
9 105 167 205 325 370 382 384 400 438
3 337 441 536
11 24 28 103 120 167 198 343 368 394 500 530
5 225 343 370 485 530
13 72 98 147 200 274 292 297 357 417 429 507 526 571
5 224 266 292 454 529
12 47 86 191 207 249 353 375 387 445 542 568 588
11 15 70 91 125 177 418 469 498 525 549 586
9 80 127 166 199 243 401 407 422 538
6 17 272 283 335 446 501
7 59 211 315 435 441 518 570
5 131 195 308 421 460
5 416 461 498 517 532
7 18 67 408 481 542 546 571
8 40 51 88 196 291 314 319 374
8 32 43 53 203 222 239 344 359
4 239 305 322 490
11 89 105 206 233 292 373 398 447 480 559 578
9 46 200 206 263 360 363 372 384 479
4 229 343 391 547
3 156 223 270
6 15 258 362 490 515 568
6 35 110 171 249 304 584
4 324 331 403 416
8 70 87 111 295 328 331 396 599
5 175 360 404 472 537
8 28 97 158 175 203 437 498 499
10 88 140 163 170 176 179 224 322 377 400
9 58 114 181 290 363 378 439 455 575
6 78 84 92 236 446 531
7 2 17 408 462 537 553 598
8 27 79 92 233 276 332 417 422
9 169 199 356 393 397 428 456 542 588
5 25 52 87 344 428
7 45 55 340 355 367 370 389
8 26 174 195 333 371 462 501 560
4 170 207 241 369
6 10 130 370 441 470 582
14 1 28 33 49 51 171 198 241 245 260 281 413 428 432
10 23 24 86 97 283 288 357 463 465 496
5 146 183 192 449 484
6 5 52 182 417 509 530
7 181 192 334 456 512 526 588
12 1 143 149 319 341 368 410 418 420 479 492 588
4 57 107 155 168
3 57 326 460
6 10 146 293 342 376 405
7 164 199 207 309 420 422 436
9 0 30 159 178 403 440 503 581 590
5 96 236 271 385 594
7 13 85 89 223 458 517 572
7 7 12 187 189 451 506 508
9 35 95 147 262 326 349 439 473 597
9 16 55 65 100 123 301 315 500 533
12 13 240 320 353 366 371 405 443 534 538 548 561
7 20 86 88 129 336 464 545
8 65 151 224 262 278 400 490 576
9 6 8 11 79 197 260 461 504 530
6 300 391 471 496 565 572
6 4 5 88 273 405 540
6 130 252 270 335 349 387
7 79 91 150 218 249 287 560
3 101 195 547
7 111 187 290 344 375 467 510
10 3 96 103 105 244 258 304 444 455 548
9 77 147 280 293 304 313 340 447 555
4 135 379 455 474
8 69 130 139 356 378 382 384 401
4 125 141 487 583
9 6 50 61 217 255 265 328 424 430
9 74 213 287 303 334 341 381 406 558
5 43 138 195 245 293
6 43 128 129 390 429 561
6 25 42 130 196 294 491
5 110 319 354 489 490
4 151 310 354 475
5 48 95 130 295 570
5 21 284 344 363 456
11 18 67 131 145 183 188 248 325 470 484 564
6 144 337 348 356 376 455
8 52 143 181 220 257 316 373 375
5 33 88 186 222 546
5 31 312 525 540 581
5 9 184 481 517 519
4 50 154 166 543
10 79 181 192 288 349 354 383 484 540 583
8 93 154 343 387 397 437 520 564
7 7 49 85 336 434 443 475
5 49 109 277 355 380
9 66 143 145 188 211 217 287 421 498
12 24 28 37 72 74 82 296 309 334 443 449 501
3 337 349 460
11 114 138 165 174 275 343 450 465 471 477 486
10 117 176 245 300 347 361 496 521 562 578
5 60 102 160 293 427
9 7 86 105 141 235 297 317 347 375
7 84 111 135 150 328 404 509
7 40 107 121 339 369 442 504
6 101 250 278 536 577 596
6 47 239 315 374 391 528
5 14 118 129 288 348
4 26 222 571 586
5 64 88 103 243 527
6 120 121 260 335 426 495
10 25 34 86 109 139 150 255 273 419 583
5 88 247 256 459 543
5 261 389 447 464 536
5 235 422 479 480 594
9 59 113 192 235 244 301 404 448 476
8 52 71 86 306 413 469 488 507
3 173 217 348
5 20 251 347 465 514
8 88 255 260 411 482 516 551 587
9 14 33 54 273 350 355 364 373 413
7 45 172 192 213 347 379 430
7 164 338 399 465 466 521 546
10 30 59 80 285 383 410 470 483 491 578
12 10 183 226 237 314 317 338 365 393 399 442 494
5 101 260 322 362 410
4 118 184 204 268
9 38 61 68 123 153 230 337 388 576
12 74 108 130 159 281 401 407 528 553 560 582 597
7 72 73 97 106 337 427 589
10 44 50 82 220 243 280 374 496 501 533
8 29 238 260 334 427 471 500 585
10 50 99 279 336 346 348 356 424 522 582
6 14 122 276 314 537 575
3 67 223 396
3 16 22 441
5 444 451 465 479 524
9 120 134 246 358 386 481 537 561 584
2 56 269
12 2 11 42 82 198 210 211 243 354 448 491 524
7 6 20 132 152 257 363 532
4 31 220 394 577
6 227 391 432 438 474 526
11 51 64 94 97 99 118 119 202 429 488 527
5 157 292 310 461 568
10 52 91 139 141 259 278 303 338 423 431
5 11 368 393 523 570
7 111 205 226 235 249 468 476
8 167 211 249 351 427 478 565 571
5 141 174 196 453 591
6 28 233 351 434 462 518
9 48 58 59 208 339 357 392 450 508
6 181 270 371 375 422 468
7 109 125 164 243 244 310 348
7 62 201 267 309 365 425 597
3 214 299 507
5 82 163 358 489 502
5 40 299 468 511 546
4 414 501 565 569
9 67 172 207 215 266 385 458 473 491
6 98 208 342 395 431 461
7 8 183 236 310 343 427 496
12 11 71 124 167 261 318 337 341 363 403 435 552
8 48 241 264 290 344 446 491 574
13 79 141 160 206 215 221 227 263 380 510 513 552 556
5 1 209 258 368 494
10 19 27 155 159 332 353 389 396 435 522
8 121 260 357 438 459 560 563 594
5 259 265 292 302 589
11 32 56 172 264 289 356 383 421 440 562 568
6 61 108 255 307 333 548
9 250 280 301 407 487 496 519 535 585
3 1 222 579
10 1 15 16 61 234 280 333 456 471 487
5 123 163 248 410 573
6 98 152 297 324 439 504
6 18 71 112 284 437 501
7 162 207 216 306 459 489 592
9 50 107 295 335 336 345 388 491 499
5 195 308 329 408 429
8 22 36 81 134 229 334 432 571
4 191 323 419 462
10 159 201 241 370 383 444 561 562 569 579
9 67 228 281 293 298 305 352 535 590
8 0 97 168 226 267 269 520 594
11 59 141 224 279 294 350 369 383 519 525 592
6 348 405 434 440 472 545
4 39 112 142 411
8 102 180 272 304 326 372 471 548
8 19 87 219 323 433 476 499 582
5 40 389 395 433 569
8 10 31 80 164 173 192 475 547
9 2 46 142 188 203 370 414 504 518
4 40 265 298 466
8 131 166 259 309 384 459 531 582
4 117 296 319 329
9 82 84 107 108 120 240 264 311 542
13 93 149 168 174 197 279 339 403 409 477 513 542 568
8 65 176 281 324 383 441 494 505
13 7 46 127 179 274 300 325 402 425 446 487 511 568
9 35 75 193 291 381 424 434 483 514
8 90 107 198 271 336 395 413 465
10 279 289 359 372 379 429 483 538 543 579
9 251 253 353 431 481 526 543 566 582
8 10 41 56 58 161 196 295 432
9 23 64 156 211 267 348 357 381 554
5 264 356 395 440 524
8 8 72 87 173 241 325 330 514
7 89 125 167 168 284 401 498
5 14 119 279 524 559
8 61 99 212 273 342 395 509 566
6 48 266 523 525 530 540
5 32 114 275 416 490
12 37 51 150 193 250 290 316 318 325 355 426 553
13 8 18 20 29 57 86 178 240 249 257 408 464 582
5 10 11 292 469 539
5 47 185 393 487 584
7 33 168 349 399 439 515 590
7 2 41 48 117 220 229 347
7 113 156 202 339 351 372 410
6 183 309 470 481 523 595
5 8 92 198 220 434
3 80 258 309
7 13 117 146 177 291 446 555
7 36 157 420 448 492 526 581
4 5 7 93 327
8 31 102 119 130 221 542 554 558
7 277 285 387 432 435 480 524
6 126 271 294 402 457 483
9 9 69 83 103 181 295 303 309 363
5 148 155 284 384 557
10 9 24 50 321 363 384 395 428 457 568
8 16 35 84 127 172 199 520 524
8 1 275 291 358 478 485 566 582
7 303 344 349 354 405 520 531
4 126 127 393 566
6 52 102 134 262 383 496
5 138 266 269 449 520
9 69 145 173 193 227 276 403 569 572
6 112 163 206 274 449 567
12 2 88 158 190 228 274 297 417 463 468 482 578
10 104 182 194 223 225 258 338 422 443 512
8 82 218 220 241 337 370 394 566
10 40 200 247 293 315 410 493 503 504 525
8 30 72 102 137 168 448 494 529
6 146 173 258 344 430 521
8 149 256 306 489 501 502 560 576
10 8 16 24 105 106 122 189 195 257 460
8 118 136 166 180 259 330 341 476
4 76 274 482 540
6 29 35 72 78 228 399
8 196 198 214 217 314 384 391 586
12 44 79 182 203 213 228 249 282 301 474 520 568
8 14 155 163 188 194 313 330 455
6 75 216 281 372 445 519
9 52 69 244 246 315 366 456 542 593
4 33 279 355 513
11 109 157 262 299 378 399 459 493 509 546 578
8 90 177 178 188 235 330 394 564
13 14 28 31 137 191 216 309 352 483 521 547 553 558
10 61 95 100 135 170 182 228 265 302 446
12 26 89 107 142 247 263 301 372 449 524 562 570
4 233 252 329 466
6 60 118 298 362 500 527
6 121 128 364 380 482 525
4 16 196 447 515
9 37 84 124 221 359 366 407 585 597
12 1 121 131 180 236 258 325 327 442 444 475 485
8 10 216 360 392 497 506 512 548
9 51 67 69 77 220 250 409 502 519
9 157 351 362 372 430 499 566 579 580
8 12 44 137 416 471 515 531 585
8 8 62 105 146 242 261 436 599
10 32 139 200 281 454 464 493 546 558 561
10 4 103 106 137 140 278 288 338 478 553
8 138 157 248 385 475 523 536 579
11 12 121 284 298 315 350 357 366 381 539 556
7 57 120 183 216 383 568 595
6 12 24 117 202 226 442
5 109 166 183 198 248
8 6 11 54 60 149 182 556 579
4 32 102 130 492
6 51 131 170 353 391 431
5 46 169 217 298 398
8 1 33 191 260 360 546 563 566
5 173 296 301 372 537
5 12 103 170 539 542
9 83 188 219 265 278 281 294 332 373
11 103 121 170 290 326 327 347 452 520 522 595
11 46 65 152 255 371 395 485 487 514 526 586
10 55 75 233 394 419 437 495 524 558 568
8 109 163 189 323 417 439 510 589
8 11 22 89 102 223 274 480 574
7 34 137 209 262 286 530 534
3 37 175 435
9 48 70 122 161 202 238 347 378 427
4 247 364 503 579
8 135 220 242 312 331 530 553 578
7 96 105 237 338 354 386 479
10 256 286 297 302 306 327 385 416 451 528
7 11 127 230 262 443 462 497
7 46 99 135 189 417 477 543
7 7 32 34 120 379 416 495
6 31 218 220 313 346 353
8 33 59 80 103 130 159 480 542
6 53 111 170 224 304 402
5 17 295 324 401 518
7 126 151 258 293 334 423 563
5 128 199 211 436 477
7 48 149 157 162 282 330 434
6 68 70 173 535 545 566
6 111 224 267 362 540 556
5 8 116 133 275 310
7 38 293 365 418 480 514 535
6 146 219 221 270 315 339
5 89 215 283 516 523
5 28 75 450 457 509
5 141 212 216 297 445
9 58 71 254 288 419 428 446 553 574
7 5 66 67 499 536 551 599
7 10 115 126 308 367 395 398
11 17 59 73 107 134 144 336 387 397 524 588
5 5 110 146 409 567
6 207 277 386 414 520 532
6 71 75 146 150 320 459
4 4 114 192 265
7 111 134 150 210 248 337 527
7 38 241 403 432 442 469 590
7 30 95 172 228 296 497 528
7 57 96 250 295 471 490 523
7 82 206 309 447 462 500 578
7 197 225 227 244 257 391 504
8 62 79 135 136 141 327 414 558
9 107 175 239 275 298 447 540 575 595
9 95 172 217 341 366 440 516 535 580
5 241 256 299 378 572
11 38 52 81 101 141 238 276 300 323 423 536
5 20 285 286 452 500
7 30 190 246 282 296 317 405
8 53 88 113 258 262 323 390 585
6 35 60 86 150 368 404
9 70 129 189 272 386 479 491 495 589
9 103 238 263 465 472 482 490 546 552
11 35 94 131 155 271 313 387 527 538 585 590
10 59 151 265 282 302 430 455 470 571 574
7 82 104 113 140 231 294 450
9 10 101 200 220 363 374 423 551 574
10 65 157 190 193 337 396 453 548 554 570
5 167 232 278 363 598
5 12 109 350 413 473
11 38 112 132 259 295 319 356 414 466 575 594
10 120 168 209 361 426 429 449 513 565 572
7 211 235 320 340 464 520 525
7 143 193 333 335 357 447 589
9 1 13 97 195 247 412 441 575 588
5 80 154 232 395 509
4 81 97 384 433
5 14 81 245 443 533
7 0 25 60 108 369 548 594
10 33 65 87 131 167 169 182 349 440 541
7 135 145 180 269 351 592 594
7 52 73 324 327 412 485 506
6 40 153 255 462 463 486
7 208 263 273 290 353 420 485
5 70 114 148 194 343
8 19 23 35 63 115 160 240 256
8 43 133 138 246 277 396 426 458
4 142 336 458 472
7 158 209 310 369 448 480 493
12 17 78 97 142 195 214 218 232 297 438 540 563
8 16 218 289 358 446 509 514 566
3 99 166 528
7 57 70 90 243 248 253 336
4 110 212 311 423
6 140 181 219 316 440 571
9 161 195 227 269 284 367 425 484 521
4 128 282 438 463
7 95 155 255 445 567 584 597
4 28 169 238 348
10 48 94 178 190 287 363 371 500 557 560
5 81 211 243 285 344
6 60 195 293 397 404 497
5 244 329 370 494 553
9 121 146 210 232 394 437 481 576 577
10 55 120 210 323 388 400 409 464 546 596
10 26 57 116 186 233 299 316 479 577 593
6 215 336 345 360 438 575
6 219 296 298 324 355 502
6 42 143 181 188 471 534
8 11 38 106 329 363 385 457 459
5 61 101 195 458 511
11 6 38 71 171 267 269 295 312 385 515 549
5 38 79 212 239 501
7 49 69 177 252 273 342 555
11 1 47 92 119 124 159 177 308 425 438 567
10 35 176 219 235 255 259 274 437 493 567
6 26 35 89 146 320 377
5 339 353 369 464 491
9 17 24 92 96 220 261 294 340 478
5 27 206 386 398 437
9 49 87 142 161 196 226 257 267 332
8 4 12 50 96 364 396 424 477
5 110 115 129 192 304
7 15 75 129 274 285 366 415
7 105 156 227 359 426 433 475
9 26 112 138 193 226 254 272 342 488
4 252 342 365 483
6 12 151 339 392 537 573
11 86 96 160 200 271 288 339 427 516 523 540
6 23 26 64 294 545 576
6 8 39 154 364 457 534
6 12 107 212 251 567 597
4 14 154 247 578
11 16 89 96 144 199 306 353 412 451 466 597
6 25 58 166 260 387 591
3 253 295 486
5 6 9 145 337 364
6 19 260 293 352 447 521
10 6 214 296 303 385 409 466 532 573 584
8 72 124 313 361 367 487 518 582
4 215 411 430 504
6 50 115 153 186 549 582
6 65 113 246 288 402 515
6 186 267 281 350 365 549
13 50 78 189 280 328 330 333 348 384 419 448 542 594
6 196 218 341 355 471 513
5 3 48 228 262 384
8 242 307 316 371 411 425 504 562
12 94 232 235 302 305 323 328 357 386 417 525 534
9 110 185 281 307 339 360 448 524 539
6 107 145 238 299 320 385
9 54 60 74 80 205 239 359 422 439
10 5 29 90 202 224 395 424 467 538 545
3 108 340 551
7 105 106 144 160 307 389 393
9 13 15 38 60 132 290 330 367 553
6 115 236 419 514 585 590
4 8 156 226 453
6 77 157 389 484 506 524
6 267 279 406 409 430 546
7 55 104 201 209 371 415 432
8 75 128 133 229 233 381 503 543
5 111 157 298 439 528
5 311 372 382 525 559
12 84 162 185 188 307 345 407 429 465 504 550 591
3 86 455 587
13 109 116 135 292 293 322 351 382 400 520 543 549 552
9 31 57 187 208 298 299 397 537 542
3 23 27 66
7 95 102 158 282 406 505 528
13 70 81 95 116 184 218 253 353 369 380 438 480 535
6 25 122 165 287 355 593
8 86 157 167 266 284 364 443 454
9 0 9 19 110 487 517 519 542 554
2 60 540
5 59 215 415 442 529
5 40 258 260 438 542
12 14 58 78 133 224 309 355 370 393 414 478 531
7 8 37 45 301 322 443 549
5 17 79 168 319 489
5 40 260 372 376 407
5 27 68 77 326 475
8 68 96 173 322 355 369 386 428
6 85 120 305 539 561 598
9 12 49 93 138 164 224 263 342 475
7 157 175 233 278 369 559 568
7 196 265 278 357 523 586 590
4 263 380 403 465
5 64 181 189 354 577
5 161 244 254 447 571
10 58 299 306 329 331 338 366 380 406 466
7 48 335 418 473 490 491 507
13 42 98 109 124 240 265 293 295 327 348 373 386 561
5 254 278 286 334 596
5 113 179 242 357 443
8 107 116 204 244 276 440 470 565
6 153 161 334 431 447 577
3 270 503 514
7 59 259 388 414 440 442 583
7 131 229 429 446 450 482 586
6 24 159 223 342 479 505
8 32 49 201 237 479 481 564 572
10 64 96 120 196 219 336 353 393 426 508
8 55 268 278 298 366 371 376 392
4 51 66 366 430
4 46 151 185 320
10 140 224 228 285 290 299 310 329 515 517
7 84 92 171 188 207 574 591
6 58 125 233 312 473 514
7 227 267 362 367 435 439 532
7 90 110 204 347 385 562 575
5 0 23 99 215 541
6 109 135 145 146 417 450
7 67 73 225 264 387 437 449
9 44 151 279 313 423 439 532 562 591
6 72 245 510 540 583 590
4 41 273 281 456
4 50 351 481 547
8 152 210 263 280 446 454 456 520
6 1 34 316 373 384 429
5 7 23 201 480 569
7 155 224 250 362 473 507 509
3 133 444 559
3 127 368 415
