200
5 5 6 109 118 185
2 70 100
3 25 149 161
3 106 96 144
2 138 159
5 0 34 56 158 176
5 0 99 164 188 193
1 118
5 46 65 111 134 199
1 12
4 106 30 56 135
4 128 172 174 187
2 9 20
1 33
3 28 50 84
3 105 29 136
3 108 114 84
2 59 142
3 118 183 190
5 22 65 127 169 187
10 106 12 116 50 69 97 139 159 166 183
3 60 155 156
4 115 19 124 150
1 86
2 147 154
4 2 44 92 170
4 113 82 85 92
2 56 96
4 14 45 58 138
2 106 15
3 10 79 196
6 115 55 65 84 96 186
2 42 76
3 13 39 176
5 5 111 101 149 187
2 121 124
3 133 71 100
1 46
2 66 74
6 127 33 141 143 45 67
2 150 182
1 135
3 130 32 96
3 117 145 65
4 25 164 170 179
6 28 39 46 152 153 180
8 8 112 37 45 84 94 96 163
2 64 96
2 111 122
4 159 165 171 186
3 14 20 170
6 124 140 60 157 179 181
1 130
2 81 189
2 123 84
3 31 102 192
3 5 10 27
4 105 115 155 164
6 28 137 66 169 189 192
4 17 159 72 87
2 21 51
5 103 108 159 101 181
1 196
3 68 97 173
3 47 66 67
5 8 118 19 31 43
5 115 38 58 64 102
5 132 39 64 71 185
3 63 169 188
5 118 120 20 75 184
3 1 119 157
6 36 151 67 94 182 199
2 59 94
1 196
3 38 159 182
5 107 111 69 82 185
4 104 32 164 174
2 147 167
1 162
2 30 181
3 157 89 192
3 106 53 90
3 106 26 75
3 137 180 184
7 14 16 121 31 46 54 101
5 26 152 154 92 94
4 119 125 23 138
3 129 130 59
1 154
3 80 189 191
3 140 154 81
2 153 169
6 120 25 26 85 185 193
1 131
6 46 71 72 85 188 191
2 197 101
9 3 123 27 134 31 42 46 47 176
3 20 140 63
3 140 191 102
3 6 190 197
6 1 109 36 164 184 195
7 119 34 146 163 61 84 95
4 55 163 66 98
2 61 170
2 76 140
2 15 57
9 3 10 20 29 81 82 164 167 183
3 75 139 149
4 16 61 177 197
3 0 100 163
1 180
4 8 34 48 75
2 46 142
2 26 154
2 16 172
8 22 31 57 66 127 173 196 198
2 20 149
4 43 185 191 192
6 0 7 18 65 69 166
6 70 86 101 147 172 179
2 69 92
2 35 84
2 48 166
4 54 96 177 199
3 22 35 51
3 86 161 188
3 156 166 179
5 115 19 39 163 166
3 11 177 195
4 87 133 178 182
5 42 52 87 131 173
3 130 93 157
1 67
5 129 36 140 176 180
2 8 96
4 10 41 165 193
1 15
4 58 83 153 185
5 4 28 86 160 172
2 107 20
7 104 133 51 90 97 98 162
2 39 167
5 112 17 143 151 192
4 142 39 158 165
1 3
2 43 170
3 101 165 176
4 119 24 77 150
1 182
6 2 107 116 34 177 194
5 22 40 147 159 178
2 142 71
5 45 85 157 164 197
4 137 45 91 181
6 113 24 85 88 90 192
3 21 57 193
2 21 126
6 131 152 51 70 80 193
4 5 143 168 174
10 4 20 150 49 59 61 74 161 189 192
2 138 171
3 2 125 159
2 140 78
6 109 127 46 101 102 195
7 106 6 44 152 57 76 100
5 135 143 146 49 199
6 118 122 20 126 127 194
3 106 141 77
1 158
4 19 58 68 91
5 103 25 145 44 50
2 49 160
4 11 114 119 138
3 115 130 63
4 11 158 76 190
1 195
5 5 133 33 146 96
4 108 123 128 149
3 129 150 188
5 119 126 44 51 183
4 110 133 45 83
4 153 51 61 79
5 129 40 148 71 74
5 106 18 20 179 186
3 69 83 100
6 0 117 137 67 75 92
3 31 49 183
3 11 19 34
6 6 125 68 178 94 197
4 159 53 58 89
3 18 174 99
5 117 89 94 98 199
7 117 142 154 159 55 58 80
6 6 135 155 157 92 196
2 149 166
4 128 163 175 100
5 115 30 62 73 193
5 108 152 188 95 99
1 115
5 8 123 165 71 191
