200
4 22 72 84 144
2 81 169
5 5 143 153 174 193
3 51 61 87
2 138 147
3 2 34 92
2 40 191
3 47 162 163
1 52
2 20 68
2 43 118
5 30 39 40 102 171
2 113 133
7 25 58 63 71 150 158 192
2 113 103
3 26 93 96
2 85 143
5 27 29 35 151 189
4 56 62 137 145
2 67 79
7 9 29 48 75 123 138 167
7 32 85 124 167 168 171 181
4 0 115 35 140
4 34 80 129 137
2 96 127
3 13 189 193
4 115 15 126 60
8 111 17 48 61 64 73 79 135
3 43 85 139
8 17 20 35 50 93 94 133 143
4 11 42 146 165
2 32 95
6 21 31 73 137 148 157
1 76
8 5 121 23 84 98 102 184 198
8 17 22 29 47 67 81 147 180
4 110 150 151 176
3 115 120 90
3 129 63 65
4 11 134 74 181
5 6 11 96 148 167
3 86 88 146
4 117 30 166 170
2 10 28
3 120 128 52
2 137 83
2 132 191
3 7 35 92
5 20 27 59 82 192
4 108 75 96 162
5 29 55 66 169 176
5 3 133 65 165 189
3 8 44 165
4 55 88 161 198
2 109 160
4 50 53 88 187
4 114 18 122 130
1 188
5 13 117 127 98 163
3 48 175 184
11 109 124 26 144 93 99 102 159 168 179 180
4 3 27 161 188
2 18 188
4 13 135 38 80
2 27 185
4 119 38 51 181
6 110 50 161 101 182 183
6 113 19 35 145 69 179
5 9 124 74 104 179
6 112 116 134 155 67 87
2 119 102
4 13 164 74 175
1 0
4 110 27 32 94
6 39 148 68 71 89 193
5 20 137 49 76 199
3 114 33 75
2 145 157
3 108 119 90
3 19 27 84
5 120 23 63 88 195
4 1 35 149 175
6 114 124 132 48 162 178
2 45 198
5 0 124 34 165 79
5 16 21 28 150 92
2 143 41
4 3 130 146 69
6 127 41 155 53 55 80
2 164 74
6 115 120 37 78 97 197
4 111 125 138 167
4 5 47 85 105
5 15 29 60 168 188
3 29 73 177
5 118 31 142 146 159
5 15 24 40 49 164
2 174 90
6 122 34 58 159 190 195
1 60
1 140
3 153 66 171
5 11 34 156 60 70
5 14 140 170 197 199
2 68 176
3 132 140 92
1 168
3 134 148 156
5 49 78 117 130 171
2 54 60
5 36 66 73 124 130
2 27 91
2 69 195
3 12 14 67
5 56 76 82 141 165
4 22 26 37 90
1 69
3 108 42 58
4 10 95 143 174
4 65 70 78 125
6 37 44 80 90 138 190
2 34 139
3 56 98 169
3 20 152 169
9 110 21 60 68 82 84 133 147 159
3 119 91 170
3 26 132 141
4 24 58 88 150
5 44 149 153 172 195
2 23 38
4 108 110 56 87
1 132
6 126 131 46 82 105 142
6 12 124 29 51 141 160
5 107 39 69 179 186
4 27 63 184 187
2 154 175
6 18 23 32 45 75 162
4 4 120 20 91
4 121 28 178 196
6 22 100 103 105 146 155
3 114 126 133
3 132 95 144
6 2 16 118 29 86 147
4 0 142 60 188
4 18 67 77 185
5 30 140 41 87 95
5 4 124 35 143 163
4 107 32 40 74
4 128 81 165 194
4 13 127 36 85
3 17 36 185
3 123 156 186
3 2 128 101
2 136 189
4 140 69 88 196
4 107 152 102 173
2 32 77
3 13 185 196
5 124 60 95 98 161
2 133 54
5 53 61 159 66 198
6 7 137 49 82 172 199
3 7 147 58
3 71 89 96
6 114 30 149 51 52 84
2 42 195
5 20 21 40 91 173
4 106 21 60 93
4 1 122 123 50
5 125 42 103 172 178
5 108 11 21 101 197
3 128 162 170
2 156 167
4 2 118 97 182
4 136 59 71 81
3 36 50 104
2 94 181
4 139 170 82 179
6 134 60 67 68 178 180
3 35 60 179
5 21 39 65 177 198
2 66 174
1 66
3 34 135 59
4 145 151 158 64
2 134 152
2 135 55
5 144 57 61 62 93
4 17 25 154 51
2 120 98
3 6 46 193
2 13 48
4 2 25 74 191
1 149
5 112 128 166 80 98
3 139 155 158
3 171 90 103
5 34 53 161 83 181
3 162 75 103
