100
2 64 75
3 34 50 51
3 41 49 85
2 20 98
2 41 52
4 32 34 35 59
1 11
3 18 42 76
2 32 39
3 17 49 61
3 12 35 83
3 6 37 89
2 10 99
7 56 58 17 26 39 68 70
4 62 36 39 47
2 23 80
2 46 50
6 56 9 13 52 79 93
2 7 85
2 75 82
3 3 27 92
2 47 91
2 23 75
8 15 65 22 24 29 31 40 74
3 23 36 94
3 71 53 90
1 13
3 20 28 37
6 27 29 47 48 78 89
6 57 23 28 44 47 49
2 68 83
2 23 50
5 5 8 69 71 50
1 73
3 1 5 47
3 57 5 10
4 14 24 38 93
4 11 27 55 93
3 67 36 42
5 8 13 14 46 99
3 58 23 72
9 2 4 84 86 42 47 53 91 96
5 7 74 38 41 97
3 65 71 48
3 63 29 95
1 86
3 16 39 92
8 14 64 21 28 29 34 80 41
2 28 43
5 2 9 29 76 55
6 1 16 71 72 31 32
1 1
3 4 17 94
4 60 25 41 97
1 75
3 81 37 49
2 13 17
6 29 35 62 83 92 97
2 13 40
4 5 62 75 97
1 53
2 9 62
5 57 59 61 14 81
3 44 76 78
4 0 47 73 95
5 23 43 77 78 89
1 80
4 38 71 76 98
3 13 30 70
1 32
2 13 68
5 67 25 32 43 50
4 40 50 80 88
3 64 33 95
2 23 42
6 0 59 19 22 54 85
4 7 63 67 49
1 65
3 63 65 28
2 17 96
5 15 66 72 47 90
2 62 55
1 19
3 57 10 30
1 41
3 2 18 75
3 41 45 89
1 96
1 72
4 11 65 28 86
2 25 80
2 21 41
3 57 20 46
3 17 36 37
2 24 52
3 64 73 44
3 79 87 41
4 57 59 42 53
2 3 67
2 12 39
