1000
3 435 657 356
1 630
2 503 474
2 172 407
1 200
4 638 739 818 776
1 326
1 214
2 584 27
1 163
1 277
1 680
1 765
1 563
1 278
2 688 139
2 428 820
4 507 823 192 753
2 516 270
1 286
1 879
1 773
1 69
2 837 305
3 421 173 961
5 67 679 795 815 174
1 436
2 8 381
4 839 966 608 768
2 402 807
3 76 595 387
1 260
6 964 467 261 911 187 649
1 837
4 299 949 599 690
1 682
2 140 148
1 824
1 913
3 994 528 405
1 69
1 919
1 223
1 564
2 850 370
1 782
1 687
1 282
1 743
1 125
2 306 451
1 292
3 741 844 309
3 978 353 945
1 159
3 880 711 86
3 726 894 123
2 549 81
2 59 529
5 58 416 122 411 948
3 904 563 752
3 994 785 385
3 721 468 851
1 420
2 577 180
1 889
2 631 672
3 25 197 145
1 155
3 22 40 655
4 210 729 802 580
2 979 184
3 531 332 77
1 276
1 857
2 548 777
2 30 554
2 72 216
3 397 618 399
1 355
2 84 874
3 57 935 449
1 113
2 413 144
4 80 517 571 203
4 867 118 801 151
2 55 867
2 194 877
1 320
4 899 313 363 723
2 767 623
1 531
2 360 268
2 178 308
5 967 354 264 247 211
2 767 534
1 459
3 787 412 846
2 661 916
3 525 783 119
1 525
2 700 109
1 956
2 431 221
1 394
2 909 680
2 208 127
4 186 837 436 124
1 336
3 101 205 265
1 618
3 324 701 267
3 325 815 886
2 82 999
3 942 414 794
1 594
2 494 765
1 517
2 85 182
1 99
4 740 987 923 433
1 371
1 59
3 56 847 826
1 107
2 49 762
1 148
2 106 196
3 455 554 136
2 357 278
5 480 425 613 988 200
1 559
3 322 388 615
1 705
4 370 246 898 149
1 790
3 128 728 887
2 591 248
3 183 660 367
3 15 808 701
3 36 515 700
1 586
3 709 998 585
1 733
4 83 364 994 201
2 67 843
2 734 954
3 326 551 469
3 36 126 730
1 134
3 777 321 631
2 85 864
3 924 810 226
3 756 189 691
1 692
3 68 957 668
1 248
2 885 188
1 549
4 54 169 610 294
1 815
1 527
2 391 685
4 9 807 805 932
1 954
2 423 207
1 591
1 659
1 336
1 159
3 779 838 341
1 385
1 3
2 24 960
1 25
1 257
4 762 423 446 287
2 756 235
2 93 925
2 482 279
1 64
2 606 796
1 118
1 138
1 71
1 952
4 107 204 361 893
3 32 687 508
1 157
3 153 736 644
1 795
2 512 501
2 17 511
2 538 642
2 87 646
1 378
3 127 814 670
2 67 918
1 855
2 307 915
2 4 130
2 144 233
2 922 627
2 84 436
1 186
3 109 814 570
1 923
2 165 896
3 106 647 593
1 912
1 70
1 94
5 726 359 250 498 613
1 654
3 7 237 963
1 378
2 77 586
2 491 981
3 855 558 568
2 599 271
2 368 264
4 103 641 302 437
1 594
3 42 332 354
5 682 374 393 706 362
4 476 437 583 389
3 152 667 788
2 605 763
2 908 659
3 669 706 605
3 787 721 418
1 520
1 869
1 201
2 676 678
2 177 848
1 669
2 214 312
1 957
1 301
1 926
1 435
1 685
1 641
1 921
3 809 736 524
2 134 596
2 94 429
5 137 156 263 812 981
1 831
3 212 524 496
3 908 980 598
1 577
3 367 809 553
2 719 547
1 792
3 310 460 725
3 175 763 492
1 480
1 837
3 31 416 539
2 32 349
3 850 986 573
3 248 450 496
3 94 220 673
1 109
2 718 743
3 111 545 732
1 92
1 945
3 18 694 940
1 219
2 795 780
4 338 996 579 947
1 841
3 351 952 406
2 73 405
3 10 736 689
3 14 129 814
5 179 899 452 316 654
1 531
3 871 829 963
7 47 992 375 766 920 814 439
1 797
3 716 565 762
1 496
4 19 505 685 560
1 176
3 497 836 382
1 349
3 311 954 865
2 601 575
4 51 724 791 313
2 480 632
1 159
1 354
1 586
3 521 643 705
2 542 781
3 34 386 770
1 570
2 239 539
2 221 317
1 522
1 978
1 23
2 50 408
3 199 963 727
3 93 466 825
4 52 755 804 943
3 256 924 506
2 290 754
5 237 828 477 446 484
2 89 292
2 996 816
2 845 974
1 279
3 302 704 551
1 744
1 647
2 88 416
2 150 572
1 132
3 373 516 703
4 111 646 913 552
1 112
3 6 147 489
1 721
1 923
1 709
2 612 576
1 787
2 72 223
1 584
1 452
1 844
5 108 168 731 751 653
1 570
2 273 522
2 806 761
1 907
3 170 539 855
1 968
1 367
3 420 824 791
1 858
1 356
2 472 489
2 902 365
4 261 289 910 474
2 873 673
1 275
2 589 690
2 53 757
5 94 223 295 819 803
2 79 708
2 0 346
2 129 693
1 687
3 212 774 850
5 92 406 520 970 733
3 186 655 735
1 224
3 89 956 810
3 144 640 578
1 348
1 932
4 138 253 343 456
1 220
2 929 554
3 44 134 544
3 121 681 542
1 716
3 323 548 615
1 224
1 282
2 928 444
1 766
4 195 215 387 504
1 560
1 418
2 27 731
1 288
1 533
1 782
3 61 171 523
2 299 402
2 30 378
1 132
1 225
2 430 957
2 162 396
2 868 824
2 224 897
2 104 751
2 817 781
2 391 404
4 78 862 774 840
1 946
1 78
1 985
1 681
2 29 386
1 607
1 396
2 39 276
2 275 360
2 3 450
1 306
2 749 967
1 841
2 59 572
1 97
1 83
2 114 470
1 629
3 59 260 320
3 873 517 830
2 230 380
1 777
2 63 344
3 24 429 717
1 688
2 165 176
1 986
3 130 605 541
4 913 857 878 671
1 684
2 16 699
4 247 421 438 951
4 390 617 766 561
1 103
1 848
1 120
1 622
3 0 241 818
4 26 107 203 658
3 221 225 702
2 429 764
2 282 457
1 871
1 561
1 670
3 707 849 513
2 376 991
1 620
4 176 312 458 978
1 929
1 941
1 81
4 263 407 487 652
2 50 543
2 279 334
2 721 613
1 622
5 128 639 750 642 546
2 367 890
1 439
1 446
2 96 644
2 256 937
1 768
1 922
1 693
1 750
1 576
2 308 710
1 32
1 62
3 147 684 989
2 414 955
1 822
1 347
1 970
3 2 349 866
1 946
1 225
2 312 891
2 995 831
1 508
5 130 258 293 510 983
2 976 944
2 179 715
1 762
1 312
3 827 550 858
2 736 540
1 450
1 586
2 326 347
2 656 929
1 217
1 257
2 879 857
2 116 863
2 824 903
3 250 263 285
4 288 992 581 574
2 212 771
1 616
1 999
1 191
2 664 891
2 2 987
1 378
1 286
2 310 969
2 17 581
2 187 479
2 835 710
1 480
1 192
2 191 964
1 443
2 859 815
1 140
3 18 323 585
5 84 117 417 971 604
1 999
1 854
3 231 360 834
7 297 809 922 933 761 634 630
3 303 338 614
1 385
4 245 250 949 557
4 99 100 945 635
2 710 537
3 161 884 899
3 39 621 822
1 58
1 550
3 72 91 280
2 986 564
4 383 610 839 985
2 95 626
3 944 975 680
1 782
2 526 698
1 193
4 260 301 341 839
1 486
1 425
4 298 371 676 685
4 451 871 825 977
2 370 911
1 267
1 455
3 254 914 922
2 75 373
2 57 158
2 485 530
3 147 317 900
1 324
2 253 695
4 76 128 369 939
1 808
1 680
1 524
1 218
3 131 795 917
2 286 379
2 430 441
1 790
3 13 60 905
3 43 532 980
1 284
1 571
1 830
1 218
1 582
3 205 300 337
2 84 566
4 321 411 984 746
1 262
1 497
1 291
3 330 465 805
3 64 252 885
2 364 670
4 273 968 613 892
1 70
2 497 507
3 569 957 728
2 225 973
2 8 333
3 142 516 860
4 141 216 296 488
1 845
2 957 692
2 352 683
1 841
2 137 166
1 905
1 208
3 115 222 905
1 30
1 246
3 823 852 782
1 251
2 34 219
1 968
2 291 826
1 606
1 918
1 517
3 227 229 425
4 181 602 639 999
2 403 828
1 28
1 908
3 159 533 622
1 801
1 330
4 130 212 453 579
1 522
2 132 373
2 499 652
1 430
4 78 110 963 743
1 782
2 445 786
2 528 930
3 434 454 610
4 90 936 715 738
1 980
1 900
1 534
1 202
2 701 821
2 415 724
2 1 521
2 66 150
1 293
1 954
1 521
1 525
1 930
2 927 820
1 5
2 455 606
2 364 972
3 221 243 865
3 193 455 794
1 297
2 189 459
1 775
2 194 324
3 208 319 845
1 931
1 32
1 778
1 708
3 450 616 921
1 336
2 213 279
2 69 361
1 490
2 0 708
1 436
3 167 228 724
1 138
1 98
1 787
1 861
2 502 889
1 991
1 682
2 226 677
1 155
2 229 236
3 196 442 578
1 426
1 66
4 264 350 755 832
1 707
1 766
3 234 542 828
2 667 901
1 234
2 25 968
4 11 105 535 556
2 371 401
4 35 224 666 786
2 589 966
3 427 469 853
5 162 242 286 542 995
1 883
3 46 187 358
2 15 422
2 277 773
2 34 352
1 153
2 154 588
2 357 463
1 270
1 553
1 801
1 852
1 537
2 428 906
2 101 140
4 111 139 628 798
2 437 760
1 323
1 317
3 133 297 811
3 224 229 707
3 443 674 706
5 355 651 657 907 789
2 142 329
3 466 509 526
2 55 856
2 866 717
2 991 722
1 906
2 482 623
2 284 372
3 421 712 883
1 266
1 254
2 815 778
5 62 230 327 453 861
1 713
1 89
4 292 629 659 880
1 256
2 56 212
1 307
2 136 582
2 70 979
1 148
3 336 381 829
1 267
2 143 360
2 146 797
1 361
5 189 245 277 486 737
1 736
1 623
2 5 861
1 120
1 52
1 952
5 48 266 618 758 882
2 318 949
2 758 934
3 572 941 938
1 778
2 885 872
1 409
3 455 464 993
2 336 394
1 60
1 17
2 311 891
3 309 673 799
2 153 177
1 353
2 743 745
1 969
1 702
2 339 521
4 125 176 284 483
2 227 257
1 438
3 12 116 984
4 282 377 430 675
3 90 95 793
2 28 461
2 876 939
1 299
1 498
1 813
2 21 689
2 359 397
2 645 885
1 5
3 75 150 419
3 650 720 747
2 170 869
2 272 800
2 298 395
5 45 384 536 597 619
2 99 909
1 964
1 61
2 620 682
4 97 230 331 662
1 226
2 708 895
4 135 562 906 965
2 292 344
2 255 887
1 767
2 114 642
4 25 190 272 559
1 181
2 283 734
1 701
1 755
1 780
3 85 611 696
2 70 912
1 354
1 309
2 163 576
1 339
3 29 163 912
2 139 555
3 245 253 521
2 152 363
1 705
2 248 928
2 772 951
4 196 205 278 282
5 25 112 160 514 720
1 314
1 395
2 5 435
1 354
2 16 637
1 628
2 471 528
2 17 597
4 37 344 392 495
2 308 543
2 123 601
2 485 910
3 312 607 676
2 281 731
2 417 567
3 249 478 870
1 673
2 870 919
1 520
1 509
2 288 842
4 23 33 107 259
1 170
4 28 533 539 845
1 397
5 274 410 590 982 976
1 836
1 145
2 52 335
5 315 587 647 839 958
1 97
2 123 881
2 235 432
1 443
3 44 262 359
1 62
2 597 697
1 684
2 519 997
3 198 218 341
1 711
5 74 426 493 959 996
2 345 485
1 514
1 585
3 663 721 739
1 397
1 494
1 151
2 290 641
2 474 712
2 85 86
1 392
2 232 779
2 831 833
3 281 440 543
1 748
3 350 417 916
1 80
1 995
1 769
2 87 902
1 426
2 20 493
2 55 724
1 847
1 743
2 686 717
1 527
5 157 577 748 775 964
1 112
2 136 792
2 961 962
2 65 664
1 456
3 477 502 754
1 579
1 186
1 56
1 789
2 207 952
1 393
1 134
3 89 279 527
2 551 625
1 677
2 348 877
1 495
2 60 932
3 563 592 594
4 699 714 790 939
2 340 708
3 228 251 609
2 105 783
2 349 827
2 32 544
3 209 802 807
3 38 324 426
1 547
1 199
2 98 873
3 559 997 946
2 197 603
2 41 833
1 282
2 244 652
4 202 462 521 547
3 120 206 328
2 152 310
1 178
2 240 992
1 637
2 376 812
3 369 447 490
2 621 636
2 648 942
3 163 366 904
1 521
1 745
2 81 959
1 623
1 460
1 746
3 554 769 906
1 270
2 448 746
2 114 931
1 309
2 481 535
3 53 269 525
4 398 475 917 953
1 273
1 59
3 34 524 744
1 986
2 429 813
4 185 275 742 896
1 946
4 146 164 290 633
1 470
2 102 363
5 155 238 390 582 588
1 845
2 857 935
1 173
2 24 888
1 888
4 214 281 307 618
4 32 512 784 885
1 790
2 28 683
2 94 409
4 342 579 600 679
2 506 759
2 360 473
1 517
1 640
1 583
1 315
1 535
2 481 841
1 543
3 53 304 446
3 71 729 990
3 251 564 624
2 217 248
1 841
1 480
2 572 765
2 400 533
4 262 424 532 950
2 120 503
1 130
1 469
1 979
3 444 665 713
3 282 497 926
1 750
3 39 61 144
3 478 685 875
3 273 314 857
2 854 917
1 142
4 113 500 518 606
