600
3 259 398 212
1 382
2 301 285
2 101 242
1 119
4 387 447 495 471
1 126
2 351 19
1 94
1 166
1 462
1 337
1 167
4 302 497 114 456
2 311 161
1 529
1 468
3 250 102 577
5 45 411 482 493 103
2 7 227
4 504 581 366 464
2 240 487
1 155
6 580 282 156 547 109 393
4 177 570 361 416
1 412
2 80 84
1 549
3 596 318 241
1 338
2 513 220
1 414
1 169
1 449
2 181 271
1 92
3 440 539 69
2 330 52
2 39 319
5 38 247 68 244 569
3 543 337 455
3 596 478 230
3 437 283 514
2 346 107
2 383 408
3 18 116 83
2 442 484
1 165
1 518
2 329 472
3 236 375 238
1 211
3 37 563 269
2 246 82
1 189
2 106 183
1 276
3 480 245 509
2 423 62
1 235
2 123 71
1 200
3 58 122 159
1 375
1 193
3 194 493 535
2 296 462
3 448 592 257
1 39
3 36 510 499
1 84
2 60 115
2 213 167
5 288 252 370 593 119
1 335
3 191 232 372
1 425
4 220 146 542 85
2 356 147
3 108 400 219
3 26 310 423
3 429 599 352
4 53 217 596 120
2 45 507
3 26 70 443
1 77
3 472 190 383
3 457 111 417
1 418
1 147
2 534 110
1 330
4 35 98 368 175
1 493
4 8 487 485 561
1 356
1 399
1 200
1 92
3 474 503 205
1 230
1 3
1 17
1 18
1 153
2 457 137
2 55 557
1 43
1 79
3 23 414 303
1 90
3 87 445 390
1 482
1 307
2 13 306
3 71 492 406
2 45 553
1 517
2 182 551
2 4 73
2 82 136
2 556 380
3 62 492 340
3 60 392 357
1 548
5 440 215 148 299 370
3 6 139 579
2 293 587
3 517 334 339
2 361 162
5 412 222 234 426 216
2 365 460
2 545 399
3 405 426 365
3 480 437 248
1 525
1 120
2 105 511
1 405
2 126 184
1 574
1 179
1 558
1 259
1 555
3 488 445 316
2 77 358
5 78 89 158 490 587
3 125 316 297
3 545 586 360
1 346
3 219 488 332
2 435 328
3 104 460 294
1 288
3 22 247 323
2 23 209
3 513 591 342
3 147 270 297
1 62
2 434 449
3 14 420 565
1 129
2 482 475
4 202 597 348 568
2 47 241
3 9 445 415
3 12 72 492
3 526 501 579
7 32 595 223 463 554 492 261
1 297
3 298 502 228
1 209
2 363 344
2 288 384
1 92
3 313 389 425
3 24 231 465
1 340
2 141 323
1 314
2 34 243
3 118 579 441
3 55 281 498
2 139 289
2 597 494
2 508 584
1 450
1 392
2 54 247
2 86 341
1 75
3 221 311 424
2 64 549
1 65
1 437
1 429
2 369 345
1 480
1 351
5 61 97 444 454 397
1 340
2 164 314
2 486 459
1 544
3 99 323 517
1 582
1 219
1 212
4 156 172 546 285
2 355 416
2 51 428
2 0 208
2 72 419
1 414
3 125 469 513
1 130
3 82 388 347
1 561
4 79 151 207 274
3 30 77 327
3 192 329 372
1 130
1 169
2 559 266
1 463
1 248
2 19 444
1 171
1 321
3 41 100 315
2 177 240
1 75
2 255 574
2 130 541
2 59 454
4 50 522 469 505
1 567
1 50
1 590
2 21 231
2 28 165
2 3 270
1 181
2 39 341
1 57
1 53
3 39 155 189
2 134 226
1 472
3 17 254 433
1 591
3 73 365 325
4 549 518 528 407
3 250 260 572
4 233 374 463 336
1 511
1 67
1 378
3 0 143 495
2 254 461
2 169 275
1 526
1 336
1 406
3 427 512 308
2 224 594
1 376
1 566
1 52
4 158 242 292 396
2 34 326
2 437 370
1 378
2 219 537
1 261
2 56 390
1 464
1 556
1 419
1 345
2 183 430
1 23
1 42
1 496
3 2 209 524
1 567
1 303
5 73 154 174 305 588
1 184
2 500 331
2 445 324
1 270
1 127
1 153
2 529 518
2 66 523
3 148 158 170
4 171 595 349 343
2 125 466
1 373
2 2 592
2 13 349
2 109 287
1 430
1 288
1 114
2 113 580
1 265
2 519 493
1 80
3 14 192 352
1 516
7 176 488 556 562 459 385 382
3 180 202 371
1 230
4 145 148 570 333
2 430 322
3 28 377 496
1 38
2 591 338
4 229 368 504 590
2 317 422
4 155 179 205 504
1 291
1 252
4 271 526 498 585
2 220 547
3 152 550 556
2 49 221
2 37 91
1 290
2 151 421
1 316
1 128
3 74 482 552
2 255 263
2 11 40
3 29 320 586
1 128
3 122 178 201
4 190 244 589 451
1 157
1 298
1 173
3 197 280 485
3 43 150 534
2 217 406
4 164 582 370 538
2 298 302
1 574
2 7 199
3 81 311 520
1 508
2 574 418
2 210 413
2 78 95
1 123
1 146
3 497 515 476
1 149
2 24 129
1 582
2 173 499
1 553
3 131 133 252
1 20
1 545
3 92 321 378
1 197
4 73 125 272 348
1 314
2 75 221
2 300 396
1 255
4 50 63 579 449
2 267 479
2 318 560
3 258 273 368
1 586
1 121
1 439
2 1 313
2 44 86
1 174
1 313
1 560
1 5
2 217 583
1 176
2 111 276
1 470
3 123 188 508
1 23
1 473
1 428
3 270 373 555
1 200
2 0 428
3 96 132 439
1 79
1 480
1 521
1 594
1 412
2 133 138
3 115 264 347
1 253
1 44
1 427
1 463
2 18 582
4 25 130 404 479
2 355 581
3 31 109 214
2 166 468
2 24 210
1 87
2 88 354
2 213 279
1 161
1 332
1 322
2 58 80
1 192
3 76 176 489
3 130 133 427
3 265 409 426
5 211 395 398 544 481
2 81 196
3 281 304 317
2 524 433
2 594 438
3 250 431 533
1 160
1 152
2 493 473
5 42 134 195 272 521
1 432
3 381 399 530
2 36 125
1 182
1 46
1 84
3 200 227 501
5 111 145 166 291 446
1 445
2 5 521
1 67
5 33 160 375 458 532
2 187 570
3 341 566 564
1 473
2 534 527
2 200 235
1 40
1 13
2 87 105
1 449
2 203 313
2 131 153
1 260
3 10 66 589
4 169 225 255 410
2 20 277
1 177
1 299
1 491
2 16 415
2 215 236
2 391 534
1 5
3 49 86 249
3 394 436 452
2 99 525
2 163 483
1 359
1 580
1 41
2 376 412
4 57 134 198 401
2 428 540
4 18 112 163 335
1 475
2 46 548
2 94 345
1 203
3 21 94 548
3 145 151 313
1 425
2 147 559
2 467 572
4 115 122 167 169
5 18 65 93 309 436
1 185
2 5 259
2 284 318
2 13 359
2 183 326
2 69 363
2 290 546
2 168 444
2 171 506
1 99
4 20 321 323 508
1 236
1 502
1 83
5 186 353 392 504 575
1 57
2 69 531
2 137 256
1 265
3 30 157 215
1 42
1 359
2 312 598
3 117 128 205
5 48 253 295 576 597
1 309
1 352
3 402 437 447
1 236
1 296
2 285 431
2 135 474
3 168 262 326
1 453
1 253
2 15 295
1 439
1 510
1 449
1 433
5 90 346 453 470 580
1 65
2 577 578
1 274
1 348
1 36
1 481
1 234
1 77
2 40 561
2 204 428
3 132 149 367
2 209 500
2 23 327
3 124 484 487
3 27 193 253
1 328
1 118
3 335 598 567
2 116 364
1 169
2 144 396
4 121 278 313 328
1 106
2 142 595
2 224 490
2 377 386
3 94 218 543
1 313
2 52 576
1 451
1 161
2 268 451
4 237 286 552 573
1 164
1 39
3 24 316 450
1 591
2 254 491
1 567
4 140 233 350 354
1 508
2 518 563
2 17 536
1 536
4 126 168 182 375
4 23 307 477 534
2 20 413
4 206 348 362 411
1 388
1 186
1 326
3 149 338 379
2 127 147
1 288
2 341 462
2 239 321
4 157 251 320 571
2 67 301
1 73
3 266 403 432
3 169 298 558
3 28 41 82
3 164 185 518
2 516 552
1 81
