100
2 12 38
1 71
2 68 13
2 29 94
1 89
3 70 88 8
2 69 44
1 82
2 5 80
3 63 45 40
2 60 21
1 21
1 0
1 2
5 63 70 35 22 49
1 97
2 62 73
1 62
3 69 77 39
1 90
2 53 78
5 10 11 25 79 97
3 53 14 48
1 45
3 58 81 98
3 21 42 48
4 59 33 99 93
1 48
1 51
2 3 74
1 99
1 72
1 69
2 52 26
1 96
3 14 76 81
1 39
2 76 84
2 0 42
2 18 36
3 55 62 9
3 82 85 89
4 66 25 38 46
2 63 69
1 6
2 9 23
1 42
2 82 86
3 22 25 27
2 14 75
1 64
3 78 28 65
1 33
4 22 94 20 56
2 98 57
1 40
1 53
1 54
1 24
4 96 63 26 87
1 10
1 96
3 40 16 17
4 59 43 14 9
2 50 66
1 51
3 64 90 42
1 83
2 2 96
5 6 43 83 32 18
2 5 14
2 1 83
2 94 31
1 16
1 29
1 49
2 35 37
1 18
2 51 20
2 21 91
1 8
2 24 35
5 7 95 99 41 47
3 67 69 71
1 37
1 41
1 47
1 59
1 5
2 4 41
2 66 19
1 79
1 95
1 26
3 53 3 72
2 82 92
4 59 61 68 34
2 15 21
2 54 24
3 26 30 82
