1000
2 835 808
3 60 414 518
2 572 180
1 573
3 640 258 654
1 231
1 233
1 48
1 187
1 992
3 361 213 953
1 396
2 533 923
3 802 934 262
1 867
3 325 465 527
1 86
4 180 586 694 542
2 85 407
2 975 107
1 690
1 397
1 420
1 437
1 674
2 709 64
2 709 514
2 523 571
2 682 505
2 478 114
1 174
6 967 138 48 767 733 344
1 498
1 63
1 593
2 496 468
2 432 578
1 301
2 164 951
1 94
5 433 587 601 861 806
2 202 390
3 206 542 680
3 453 574 534
2 282 535
1 685
1 317
3 653 847 50
7 7 31 402 76 82 948 399
1 601
4 47 769 879 563
2 937 780
2 566 841
1 174
2 307 997
1 104
2 573 371
1 263
2 623 199
3 363 409 352
2 1 399
2 980 135
1 449
4 33 938 194 771
5 25 580 685 140 603
2 539 667
3 176 812 670
1 569
3 194 813 254
1 680
1 685
3 156 312 360
1 945
2 722 875
2 822 355
2 826 674
1 48
1 413
1 455
1 588
1 781
4 404 568 215 778
3 48 299 742
3 435 444 547
1 430
1 18
2 16 879
1 659
1 691
2 882 710
2 905 146
1 141
1 891
1 441
2 39 476
1 583
2 984 761
1 885
2 641 508
1 683
3 347 531 272
1 122
1 788
4 516 529 959 564
4 55 356 220 126
1 848
2 170 221
4 19 166 129 254
1 649
2 988 317
3 582 369 223
2 835 901
1 604
4 187 855 592 795
1 29
3 190 538 706
1 678
1 552
1 804
1 910
3 376 652 914
1 828
4 101 783 925 833
1 397
2 555 128
2 618 831
2 104 589
2 990 230
1 124
1 107
2 425 709
1 756
1 747
4 906 449 375 406
2 478 956
1 61
2 178 550
1 737
2 31 289
3 711 525 227
1 64
4 91 684 608 416
2 908 190
2 453 292
1 926
2 604 920
3 90 954 631
4 787 877 228 286
2 908 760
1 762
2 556 374
2 876 183
3 311 883 836
1 835
3 427 332 845
1 959
1 71
1 237
2 553 202
2 581 454
2 696 691
4 571 443 395 793
1 468
2 537 567
3 38 752 455
2 543 374
3 107 497 730
2 564 333
4 303 883 484 608
1 551
2 106 904
5 260 228 582 931 372
1 238
1 529
4 30 53 573 940
1 296
2 66 450
1 183
1 136
2 502 781
4 2 17 645 248
1 397
1 501
4 151 177 966 721
1 349
1 272
4 897 903 997 407
3 8 113 266
2 354 310
2 989 887
4 115 142 816 753
1 653
1 462
1 375
3 63 68 898
2 754 657
1 729
2 250 210
2 201 466
3 58 282 425
2 481 891
2 198 859
3 41 158 673
1 869
2 265 211
1 299
3 42 570 208
2 908 803
4 206 786 440 294
3 504 293 814
2 197 213
2 204 949
1 293
3 10 210 553
1 848
3 81 490 334
2 870 346
1 635
3 734 630 438
4 759 702 986 715
2 104 540
2 106 731
1 339
1 110
2 258 370
2 387 550
2 322 539
1 139
3 147 171 305
1 260
1 127
5 5 679 992 477 844
3 493 270 742
5 6 651 910 780 594
2 472 970
1 663
2 501 541
3 157 743 368
4 172 383 351 239
2 238 671
5 606 330 822 366 890
2 416 277
2 485 919
4 919 448 999 809
3 424 842 723
2 925 441
2 327 458
2 353 615
1 180
2 830 918
1 197
3 407 642 450
1 403
3 410 302 797
3 68 107 637
2 308 296
2 659 692
2 554 285
4 4 224 303 701
1 288
3 171 229 602
4 484 741 876 351
1 13
2 57 785
1 618
5 204 462 987 504 958
2 187 484
1 774
1 622
3 507 694 831
2 232 312
1 865
3 100 185 563
2 295 296
3 495 393 512
2 899 293
1 931
2 241 519
2 724 929
3 635 585 677
1 497
1 944
3 44 199 474
1 322
1 452
2 257 335
2 147 869
3 378 389 818
2 259 887
1 138
1 625
1 346
1 143
3 209 212 275
1 208
5 273 536 379 403 643
4 175 255 273 829
2 910 785
1 716
5 82 205 915 752 936
5 866 690 617 373 823
3 37 479 729
2 253 807
2 168 258
3 373 773 772
2 228 775
1 801
1 54
3 255 942 777
1 788
1 188
2 152 392
2 71 270
2 610 624
2 441 896
4 365 897 394 810
2 569 911
2 46 109
3 549 381 736
4 970 874 691 327
1 802
2 411 423
5 226 283 345 550 346
2 742 620
2 527 666
1 15
2 935 698
4 246 319 380 795
2 740 618
1 901
1 240
2 594 727
2 154 418
1 167
2 215 557
1 285
3 600 756 659
2 397 929
3 930 387 838
2 222 360
1 607
2 738 936
1 684
3 815 537 621
1 31
3 322 824 794
3 216 291 322
2 100 427
2 654 528
2 184 619
2 523 770
2 238 261
1 59
1 247
3 188 914 980
1 74
5 104 409 948 761 573
2 978 718
1 966
1 889
4 71 339 821 713
2 10 622
1 523
3 59 564 483
1 619
2 315 686
1 240
1 636
2 237 973
1 110
3 224 554 766
3 56 468 513
1 171
5 300 304 509 801 832
2 150 165
2 133 193
1 120
1 392
2 287 980
3 295 848 819
3 327 972 693
1 318
3 518 660 732
2 238 653
1 788
1 774
2 735 701
4 225 338 676 673
1 415
1 287
3 41 431 591
1 734
3 311 377 922
3 274 708 456
2 315 525
2 161 647
2 11 987
8 21 123 181 337 852 865 996 578
2 467 469
2 48 60
1 571
1 865
1 48
2 252 295
6 81 682 981 712 986 726
1 758
1 133
4 18 186 251 552
1 855
2 59 356
2 253 712
1 321
2 916 897
2 77 595
1 1
3 388 826 733
2 141 241
2 782 638
3 332 714 719
2 960 991
4 22 734 450 963
4 542 739 656 545
1 466
3 321 511 725
2 244 855
2 130 199
2 575 642
2 154 347
2 558 541
2 919 705
2 84 653
3 390 834 917
2 36 791
1 40
1 704
2 83 676
3 763 564 653
3 23 900 590
1 218
1 652
1 208
3 93 245 314
3 686 672 745
3 161 805 749
1 83
1 613
3 678 716 515
1 786
1 243
4 62 133 491 478
3 176 251 420
2 507 894
2 284 808
2 43 143
2 159 731
2 78 164
1 393
1 983
2 246 946
2 478 538
1 627
2 484 857
5 192 265 930 860 570
2 881 774
1 920
3 15 602 765
4 198 422 592 506
2 398 566
3 35 162 371
2 398 555
1 994
1 822
1 234
1 766
2 282 655
1 736
2 94 515
4 231 747 998 943
7 29 134 449 459 480 619 681
2 301 663
1 478
1 200
1 860
1 363
4 168 261 266 461
1 242
1 604
1 972
1 834
1 774
1 215
3 449 698 961
1 614
1 232
1 504
3 274 661 788
1 35
2 166 280
2 32 913
1 601
1 933
3 182 236 731
2 179 565
1 563
3 209 265 494
1 28
3 466 995 882
3 269 451 532
2 98 668
2 373 700
1 694
2 423 559
3 274 625 869
2 371 751
1 26
3 446 476 798
1 103
2 766 892
2 1 382
1 277
1 981
2 782 891
1 911
3 27 350 362
1 933
2 139 394
1 919
3 15 324 941
1 348
3 103 173 768
2 707 933
2 100 820
1 507
1 12
2 43 646
1 44
1 295
3 163 343 569
3 115 459 900
2 65 226
3 220 619 976
3 236 428 695
4 17 42 421 606
2 165 742
2 739 850
2 421 599
1 811
1 83
1 741
2 318 725
3 136 225 322
2 169 973
2 117 407
3 158 213 864
3 257 370 977
3 124 469 665
2 150 988
1 334
4 428 790 600 871
3 511 668 675
1 903
1 780
1 837
3 50 272 503
4 103 167 363 436
4 502 784 627 595
3 52 467 854
3 163 628 613
1 81
3 67 316 537
2 206 462
4 27 161 400 939
1 2
4 3 56 174 356
2 43 930
1 426
1 828
1 854
2 36 397
2 663 717
2 64 634
1 159
2 110 171
3 95 928 636
1 721
1 279
1 17
1 40
4 79 703 862 593
2 126 839
1 437
1 390
4 113 466 982 932
3 34 588 744
2 233 331
3 413 565 947
1 636
2 987 817
2 903 703
1 545
2 336 558
6 40 49 499 705 614 709
4 260 465 924 849
2 64 888
4 112 145 486 936
1 627
2 240 542
4 340 720 835 964
2 141 168
1 867
1 313
1 851
1 897
2 445 567
3 492 601 853
2 247 904
1 695
1 300
3 125 264 328
4 349 364 478 540
1 323
1 343
2 268 361
2 58 917
3 313 933 858
3 290 512 923
1 785
3 460 565 605
4 567 885 913 933
2 948 798
1 218
1 146
1 787
2 901 895
1 580
4 217 279 758 713
4 367 583 596 886
1 254
2 417 915
1 990
2 4 650
1 98
3 251 426 762
1 295
1 909
1 180
1 534
1 395
1 838
2 108 770
1 640
1 233
2 120 439
6 47 191 383 430 436 668
2 4 348
1 474
1 421
1 195
1 702
3 87 256 336
1 382
1 495
1 760
4 235 479 579 864
1 922
1 555
1 324
2 65 846
4 508 559 653 881
1 897
3 66 789 889
1 239
1 442
3 202 387 840
2 24 75
1 559
2 387 435
1 279
3 116 446 893
2 231 852
3 42 69 689
2 478 950
2 28 404
2 99 717
4 141 342 757 755
4 45 64 70 993
3 365 442 802
1 747
1 860
1 680
2 20 300
4 88 160 319 856
1 256
2 380 799
3 17 269 510
2 541 616
3 160 837 792
1 833
2 326 491
2 804 725
1 509
2 258 386
2 219 658
2 588 598
2 434 937
3 429 601 852
1 115
1 530
1 393
4 25 26 130 601
1 89
1 139
4 404 410 743 990
2 360 635
1 418
1 219
2 298 446
2 579 683
2 357 852
1 418
1 607
2 183 584
2 73 927
1 244
1 278
3 423 549 699
1 404
1 331
3 828 880 932
3 196 301 926
3 166 795 863
3 221 454 501
1 382
2 31 415
3 218 391 420
1 386
2 318 475
3 137 954 829
1 341
3 421 544 912
1 328
2 261 548
5 82 232 323 543 914
2 237 712
1 593
1 442
1 907
3 132 477 687
1 840
1 443
1 912
1 513
2 164 299
1 190
2 195 871
1 684
3 131 336 983
1 684
2 405 635
1 219
3 148 662 785
3 96 356 875
2 149 642
2 436 800
2 835 969
1 465
3 370 473 517
1 31
1 529
2 50 945
3 350 649 887
1 63
1 304
1 304
4 267 385 463 489
1 305
1 860
2 308 974
1 81
1 841
3 51 233 561
3 80 179 905
3 417 521 954
1 122
2 565 955
5 263 297 626 760 968
2 208 447
2 147 632
4 102 309 384 495
1 670
2 558 914
2 432 873
1 696
1 161
1 345
3 113 327 730
1 913
2 253 994
3 515 629 868
1 693
1 763
2 306 373
4 13 320 686 914
2 207 989
2 118 699
1 443
1 40
3 302 878 872
2 0 452
1 243
1 315
2 546 933
1 66
2 68 825
1 209
1 343
1 190
1 597
1 287
1 379
1 531
1 360
3 74 240 471
1 300
2 345 866
2 813 960
3 75 415 957
1 836
4 121 576 728 979
2 296 737
2 249 913
2 125 269
1 373
3 122 697 997
2 431 488
6 0 111 153 607 764 933
2 152 827
3 562 696 884
2 338 648
1 589
2 673 748
2 52 779
1 244
2 902 851
1 231
1 154
1 667
1 47
3 105 214 379
1 602
1 544
2 611 843
4 397 679 705 718
1 614
3 566 577 916
4 113 408 424 866
1 691
1 461
1 624
1 201
6 462 482 688 776 921 965
1 40
1 588
1 730
2 553 663
3 271 397 401
4 300 824 855 933
3 14 609 946
1 798
3 203 286 512
1 216
2 558 754
1 807
1 791
1 319
2 73 761
2 151 261
1 147
1 807
3 50 86 928
1 728
2 463 668
3 89 506 985
3 152 168 990
1 837
2 97 628
1 636
3 189 288 770
1 603
2 359 670
1 240
3 92 200 521
1 517
1 678
1 451
1 633
1 314
5 186 315 412 612 669
1 194
1 275
2 437 538
4 111 329 633 907
2 843 905
3 186 560 598
2 170 615
3 90 781 902
1 133
2 746 901
3 142 148 207
3 644 971 956
3 119 233 297
2 316 522
2 739 750
5 498 628 796 830 924
5 120 354 742 790 802
2 299 638
2 412 854
2 431 623
1 249
4 242 243 429 526
2 145 464
1 860
2 392 664
3 12 625 952
2 602 913
2 122 245
2 144 729
1 722
2 583 879
2 278 337
3 338 462 574
2 171 276
2 592 728
8 500 524 530 624 628 811 835 866
1 13
1 326
3 299 341 604
2 51 704
1 63
1 571
1 174
1 527
1 308
1 477
2 281 972
2 72 769
2 458 867
1 595
3 48 356 629
1 211
1 681
1 38
1 923
1 10
3 146 737 782
1 784
2 134 909
1 826
1 265
2 103 155
2 419 825
1 491
1 975
1 420
1 607
1 860
2 183 358
1 31
1 785
1 764
2 234 319
1 909
3 380 487 944
2 368 551
1 777
2 19 962
1 540
1 554
1 357
1 828
3 61 354 378
2 404 520
1 592
2 457 756
1 96
1 882
2 219 404
3 265 396 597
2 109 556
2 189 803
4 127 639 712 883
1 419
2 9 231
1 685
2 470 797
1 506
1 397
3 54 186 833
1 477
1 243
