100
3 82 96 25
2 10 39
1 41
1 57
2 53 86
2 27 99
3 18 84 66
1 28
1 56
1 73
1 1
1 14
1 50
2 64 93
4 11 79 95 85
3 48 71 21
1 77
2 49 35
2 6 45
4 91 92 99 39
3 62 72 43
1 15
3 73 47 26
1 95
3 63 39 45
1 0
2 22 28
1 5
2 7 26
4 83 34 91 37
1 82
2 61 73
2 93 98
1 90
2 68 29
1 17
1 72
2 48 29
1 46
4 1 50 19 24
2 91 94
4 2 72 45 97
2 54 63
1 20
3 67 68 75
3 18 24 41
2 53 38
1 22
2 37 15
2 73 17
2 39 12
3 81 59 89
1 92
3 4 87 46
1 42
1 87
4 70 88 8 57
3 3 56 74
2 92 70
1 51
1 91
1 31
1 20
3 24 77 42
1 13
1 91
3 6 80 90
1 44
3 44 34 82
1 85
2 56 58
1 15
3 20 41 36
5 49 9 31 93 22
1 57
1 44
1 89
2 63 16
1 86
1 14
1 66
2 51 93
4 0 68 93 30
1 29
1 6
3 14 69 99
2 4 78
3 53 55 94
1 56
2 51 76
2 66 33
5 60 65 19 29 40
3 52 58 19
5 13 73 81 82 32
2 87 40
2 14 23
1 0
1 41
1 32
3 5 19 85
