200
3 11 97 115
1 125
1 8
3 166 187 61
1 107
2 41 192
1 23
1 72
6 2 92 15 19 191 91
1 25
2 125 83
2 0 91
2 196 33
3 39 70 81
2 149 175
1 8
1 96
1 104
1 161
3 8 67 154
1 141
2 181 37
1 176
2 6 108
2 198 159
4 9 80 53 32
1 171
2 43 54
2 199 72
1 129
1 144
3 85 140 182
2 126 25
1 12
1 152
1 117
2 129 185
3 21 137 193
2 122 84
1 13
1 107
3 5 156 104
2 121 84
2 27 180
1 125
1 66
2 113 161
1 112
2 79 69
1 157
2 109 176
1 67
1 171
2 119 25
2 27 150
3 154 111 62
2 120 112
2 132 78
1 93
2 68 66
1 141
1 3
2 55 70
2 65 66
3 86 89 167
5 118 139 63 87 93
4 45 59 63 169
5 19 51 156 183 188
3 59 160 189
1 48
2 13 62
3 82 178 90
2 7 28
1 166
2 134 154
3 128 141 158
1 81
2 153 188
1 57
3 48 182 196
5 125 25 159 94 191
3 13 147 76
2 145 71
2 10 107
2 38 42
1 31
2 64 196
3 65 168 171
3 115 142 151
1 64
2 117 71
2 8 11
1 8
2 58 65
1 80
2 178 184
2 16 127
1 0
2 138 162
2 120 123
1 140
3 143 145 155
3 114 144 148
1 150
2 17 41
1 135
1 185
3 4 40 83
2 114 23
1 50
1 129
1 55
3 47 150 56
2 124 46
3 108 165 102
2 0 88
2 162 176
2 90 35
1 65
1 53
3 146 99 56
2 154 42
2 38 199
4 99 164 128 174
4 163 113 135 127
4 1 10 44 80
1 32
3 124 96 190
2 123 75
4 188 36 110 29
1 135
1 172
2 180 57
1 146
1 74
3 124 130 105
2 191 165
1 37
2 98 183
1 65
2 31 100
3 20 60 75
1 88
1 101
3 30 102 177
3 101 82 166
2 120 133
1 81
1 102
2 14 186
3 54 112 103
1 88
3 34 193 169
1 77
5 121 19 74 182 55
1 101
2 41 67
2 49 174
2 197 75
3 24 80 175
2 68 195
3 18 46 181
3 116 193 98
2 124 194
2 123 182
3 114 136 173
4 3 145 182 73
1 64
1 87
2 152 66
2 179 172
3 26 52 87
2 131 170
1 165
2 123 157
2 14 159
3 116 22 50
1 144
2 71 95
2 170 181
2 132 43
3 21 161 179
5 31 154 164 166 79
2 138 67
1 95
2 36 106
1 149
1 3
3 129 67 77
1 68
1 127
3 8 136 80
1 5
3 37 152 162
1 163
1 160
3 12 79 86
1 158
1 24
2 122 28
