600
2 494 476
2 340 94
3 379 146 386
1 128
1 98
1 593
3 213 116 569
1 231
2 315 552
1 518
3 189 267 309
4 94 350 412 320
2 581 58
1 409
1 232
2 421 35
2 421 301
2 402 293
1 288
1 34
2 250 344
1 174
5 251 351 356 513 474
2 107 228
3 110 320 401
3 261 342 316
2 163 317
1 405
3 385 502 30
1 356
4 28 453 528 334
1 57
2 370 105
3 214 236 208
4 19 560 101 454
5 15 346 405 71 358
2 319 394
1 338
3 101 479 144
1 401
1 405
1 564
2 484 209
4 234 337 117 460
3 252 255 324
1 248
1 410
2 531 422
1 72
1 348
2 587 447
1 534
2 380 296
1 403
3 205 313 156
1 463
4 302 311 571 335
4 31 210 120 65
4 12 85 67 144
3 347 217 121
2 494 542
4 98 507 353 467
1 489
1 232
2 367 491
1 57
2 591 127
1 58
2 245 421
1 441
2 93 327
1 35
4 48 404 361 239
2 261 170
1 554
4 462 526 125 167
2 525 96
3 181 532 495
1 494
2 246 194
1 571
1 131
2 329 107
2 413 410
2 318 336
3 58 287 434
2 335 195
4 176 532 278 361
1 328
5 147 125 347 557 219
1 132
1 311
1 96
1 70
4 1 11 381 140
1 232
4 76 92 576 428
1 156
3 4 61 151
1 385
1 265
3 34 38 540
1 433
2 142 113
2 106 268
3 32 163 245
2 104 511
3 23 82 397
1 519
2 150 114
3 24 339 111
4 110 461 254 172
3 292 171 480
2 103 116
2 109 567
1 171
3 6 113 329
3 43 283 196
2 520 204
4 446 417 589 424
1 57
1 59
2 146 218
2 227 327
2 187 319
3 75 89 178
1 147
1 66
5 3 400 593 274 500
2 271 578
1 391
3 81 439 216
4 90 223 207 133
2 132 396
5 359 193 484 215 536
2 239 160
2 279 549
4 549 258 599 477
3 244 499 429
2 190 263
1 94
2 490 548
1 103
3 237 175 469
3 38 58 377
2 330 166
4 2 122 176 416
3 89 126 357
4 278 438 525 207
1 367
5 109 265 590 292 570
2 98 278
1 457
1 369
3 295 412 491
1 516
3 54 97 334
3 286 230 300
2 541 171
1 557
2 135 304
1 287
1 563
3 26 105 273
1 187
1 260
2 145 197
2 75 519
1 372
1 204
1 73
3 112 115 158
1 111
5 517 409 366 220 485
3 21 275 433
2 143 475
2 87 146
3 220 456 455
2 125 458
1 472
1 463
2 77 229
2 363 371
2 338 544
1 326
4 578 523 410 190
2 238 243
5 124 164 203 327 204
2 309 393
1 10
4 139 185 222 467
2 437 367
1 542
1 134
1 79
1 86
2 117 331
1 166
1 232
3 556 227 497
1 360
1 404
3 481 318 368
3 187 486 466
3 118 169 187
2 54 246
2 386 310
2 132 148
1 33
1 42
5 57 236 566 447 341
2 583 426
1 576
2 6 369
3 33 335 277
1 134
2 131 580
1 59
3 122 330 451
1 89
5 173 177 297 472 492
1 229
3 190 579 411
2 132 385
1 463
1 457
2 435 416
4 123 199 399 397
3 23 249 352
3 181 221 551
3 157 420 262
2 7 590
8 14 63 95 198 505 516 597 344
1 516
6 43 402 585 423 589 431
1 507
2 33 210
2 143 423
1 186
2 72 135
2 572 592
4 320 436 388 322
1 268
3 186 299 430
2 138 507
2 68 105
2 79 205
2 549 418
2 45 385
3 228 493 547
2 20 464
1 22
2 44 399
3 448 335 385
1 111
1 44
1 364
1 461
1 137
2 295 538
2 165 476
2 25 73
1 230
2 139 565
2 278 509
5 100 150 556 512 339
2 530 457
3 10 357 450
4 104 242 353 294
1 595
1 484
1 129
1 451
2 163 387
4 128 441 598 562
2 174 391
1 512
1 214
4 87 148 151 264
1 136
1 579
1 493
1 457
1 117
1 365
1 292
3 157 390 463
2 85 161
2 18 546
1 356
1 559
1 334
3 112 150 285
1 17
3 268 596 531
3 154 259 314
2 52 395
2 220 415
1 412
2 243 332
3 157 372 519
1 16
1 56
2 451 537
1 160
1 585
1 544
1 559
1 549
3 10 188 561
1 206
3 56 91 452
2 419 559
2 54 483
1 295
1 8
2 25 382
1 26
3 84 202 338
2 36 124
4 11 24 241 359
2 436 504
2 241 355
1 478
1 44
1 438
2 184 430
3 70 123 187
2 88 580
3 82 116 515
3 145 218 582
1 196
3 299 395 398
1 496
3 30 156 291
4 56 86 214 253
3 84 373 364
1 43
3 37 183 318
2 110 265
1 1
1 210
2 25 556
1 489
2 20 232
2 391 425
2 35 376
2 59 89
2 49 555
1 428
1 11
1 22
1 228
4 61 268 586 558
2 590 482
1 322
6 22 29 289 418 365 421
4 147 267 553 503
2 35 535
2 134 320
4 200 427 494 574
2 72 87
1 518
1 182
2 256 336
3 284 356 506
1 173
3 64 149 191
1 202
2 153 213
2 32 547
3 182 559 510
3 168 300 552
4 336 534 546 559
1 462
2 542 539
1 346
1 144
1 591
2 2 384
1 52
1 94
1 316
1 497
1 379
6 28 99 223 248 253 395
2 2 206
1 273
1 241
1 417
1 286
4 130 275 345 515
1 551
1 188
2 36 501
4 296 332 385 530
1 133
3 107 227 498
1 332
2 227 252
2 128 505
3 24 39 408
2 17 234
2 53 425
4 72 201 445 444
4 27 35 40 594
1 441
1 512
1 401
2 13 173
4 46 83 185 508
2 222 470
3 11 154 298
3 83 496 465
2 473 430
1 297
2 146 226
2 119 389
3 247 356 505
1 312
1 230
4 15 16 68 356
1 47
4 234 237 439 591
1 119
2 345 403
2 211 505
1 360
2 96 349
1 138
3 243 326 414
1 234
3 489 529 558
3 102 174 554
3 85 467 514
1 226
3 241 321 545
1 191
2 148 325
2 131 423
1 543
3 69 274 406
1 498
1 545
1 404
1 404
1 119
3 50 210 524
2 253 471
2 494 577
1 267
3 218 272 303
1 311
2 30 564
1 34
1 177
1 177
4 152 225 266 282
1 178
1 512
1 43
2 111 257
2 75 374
4 55 180 224 286
2 250 522
1 413
1 203
3 61 190 434
1 546
2 143 595
1 411
1 448
2 179 220
1 414
1 22
3 175 527 521
2 0 260
1 137
2 323 559
2 38 487
1 112
1 202
1 354
1 313
3 42 134 270
1 173
2 203 517
2 479 572
1 495
4 62 343 432 584
2 141 546
2 64 154
1 220
2 249 281
6 0 60 78 360 449 559
2 77 488
3 333 413 533
2 199 383
2 397 442
1 138
1 128
1 394
1 28
1 357
1 321
4 232 400 418 426
1 365
4 61 235 244 517
1 410
1 264
1 371
1 106
6 265 276 407 459 550 575
1 22
1 434
2 329 391
3 155 232 233
4 173 486 507 559
3 9 362 565
3 108 167 300
1 118
1 475
1 464
1 185
1 447
2 76 148
1 75
1 475
2 30 555
1 432
2 266 395
3 47 294 588
3 77 87 591
1 496
2 51 373
1 358
1 134
1 303
1 259
1 375
1 101
1 158
4 60 192 375 543
2 440 542
2 183 306
2 436 443
5 288 373 468 490 553
2 249 370
1 141
4 136 137 247 308
1 512
2 229 392
3 8 372 568
2 357 546
2 74 433
2 348 528
3 199 265 342
2 89 159
2 353 432
8 290 307 312 371 373 478 494 517
1 34
1 309
1 274
2 162 579
2 41 453
2 263 518
1 210
1 114
1 552
1 6
1 150
2 56 80
2 240 487
1 581
1 360
1 512
2 96 212
1 449
2 129 185
3 222 280 563
2 216 328
2 12 573
1 330
1 211
1 489
2 234 305
1 353
1 50
1 531
2 119 234
3 150 231 354
4 66 378 423 532
1 240
2 5 128
1 405
2 269 469
1 294
1 232
1 274
1 137
