600
1 415
1 46
2 529 322
2 481 127
1 536
2 340 195
2 529 280
1 392
3 231 328 402
2 73 85
3 562 299 276
1 234
4 428 225 403 498
2 246 275
1 223
2 242 356
1 360
1 521
1 20
1 313
4 18 49 45 189
2 519 252
1 459
1 302
2 220 527
2 76 317
2 352 119
3 598 397 554
8 465 284 300 590 438 86 409 221
1 593
1 586
2 166 257
2 413 439
4 360 332 112 128
1 213
2 473 135
2 491 345
3 403 502 176
3 549 251 484
2 89 252
1 189
2 476 177
1 247
1 342
2 316 235
4 20 241 428 98
2 1 449
3 443 279 321
2 266 220
1 20
1 571
2 134 187
1 157
2 342 303
5 289 586 347 485 551
2 133 342
1 546
2 541 131
2 540 178
3 368 177 552
2 152 441
3 224 226 545
2 552 487
2 338 164
2 347 168
2 425 434
1 322
1 204
2 157 183
2 344 477
2 287 355
1 430
2 114 79
6 9 160 362 552 256 496
2 542 165
2 277 583
5 25 507 593 460 126
2 491 133
2 87 271
2 72 315
1 321
1 336
1 587
1 297
3 369 361 392
5 9 381 339 272 139
6 28 493 230 331 214 553
2 78 169
1 438
4 39 493 158 419
2 590 93
2 256 117
1 381
2 90 243
4 150 567 160 378
1 303
3 510 296 364
3 568 158 492
1 45
1 460
3 251 404 533
1 453
2 348 595
2 207 175
1 193
1 323
1 247
1 366
4 272 283 260 591
1 230
1 533
2 458 268
2 33 546
2 190 240
1 72
1 379
4 522 461 336 315
2 91 448
1 257
2 26 488
3 203 543 480
3 341 422 217
1 361
2 358 248
1 593
2 390 282
5 76 547 573 529 477
3 3 358 391
2 33 508
1 213
2 495 352
3 57 454 374
1 552
3 55 77 290
2 51 344
2 35 347
2 555 574
1 178
1 188
1 85
1 361
1 177
2 225 323
2 185 269
2 329 478
2 445 275
2 599 352
2 340 506
2 584 571
1 409
1 94
2 581 233
3 60 538 376
2 155 281
1 355
1 153
1 403
2 52 68
2 89 97
1 392
4 73 94 185 400
2 535 570
1 319
1 239
1 63
1 74
3 31 388 298
3 577 209 210
1 64
2 87 541
3 183 446 387
1 317
2 304 389
1 593
3 278 250 290
2 103 352
1 37
3 41 59 141
3 58 137 530
2 470 336
1 243
1 510
4 285 583 557 353
4 68 170 579 559
1 374
4 143 160 285 411
1 277
1 51
2 138 204
5 20 40 366 564 216
2 113 275
2 260 262
1 418
2 104 203
1 274
2 5 538
1 437
3 593 536 222
2 522 291
5 299 263 431 474 266
1 301
2 440 435
3 583 512 358
2 120 193
4 67 188 543 500
2 270 345
2 210 432
2 103 471
2 543 302
2 167 565
2 167 206
2 550 373
2 523 344
4 34 129 580 282
1 86
2 318 309
1 189
2 121 393
2 509 257
2 226 557
2 24 48
1 28
2 197 565
3 14 321 597
2 61 311
2 12 142
2 61 219
1 489
1 567
3 514 468 304
4 86 109 507 319
2 8 462
2 492 379
2 151 528
3 11 292 479
4 44 440 418 504
1 339
2 263 395
1 554
2 163 272
1 113
1 45
1 15
3 93 180 559
1 343
1 594
2 13 348
3 42 106 305
1 123
2 274 555
3 174 331 392
5 38 100 338 475 458
2 21 39
1 363
2 385 372
1 416
2 73 91
4 31 118 218 422
1 302
1 431
4 108 191 569 315
1 287
1 191
4 199 237 377 351
1 474
1 388
5 48 199 464 596 330
1 426
1 111
1 143
1 205
1 78
3 85 108 239
2 356 331
2 194 249
4 13 145 190 572
1 10
3 75 186 429
1 174
2 47 472
1 6
3 153 341 575
2 125 213
1 108
2 28 371
3 182 185 292
1 442
2 70 261
1 538
1 54
2 133 174
1 198
2 234 285
1 453
3 568 588 501
2 365 321
3 96 546 425
2 83 343
1 166
3 10 199 381
1 28
2 200 358
3 23 208 258
2 53 95
4 172 229 373 407
3 247 321 534
1 560
1 403
1 366
1 215
1 592
1 224
1 453
3 19 522 592
1 424
4 79 116 260 401
1 44
3 25 171 410
2 215 544
3 162 230 333
1 457
5 47 80 223 295 305
2 2 66
2 105 142
1 362
1 433
1 426
3 466 511 424
1 8
2 144 359
2 266 467
3 86 250 273
3 33 418 543
1 319
2 421 539
1 440
4 81 116 179 437
1 352
3 63 251 520
4 85 236 350 516
3 5 147 386
3 121 281 590
3 43 53 55
3 244 297 344
4 69 134 212 343
3 36 205 366
2 492 372
4 54 64 135 350
2 102 246
1 499
3 339 347 511
1 263
8 26 130 146 175 337 594 507 384
1 182
3 572 416 423
5 70 154 549 397 515
3 15 273 383
2 560 430
4 123 127 202 301
2 329 440
4 16 33 468 572
3 84 122 140
3 73 324 426
2 253 483
1 96
2 295 396
5 107 189 308 345 558
1 482
1 59
1 84
1 564
1 284
2 254 346
2 211 304
3 131 184 469
1 404
3 152 417 436
1 263
2 94 589
2 115 232
1 550
4 85 92 299 402
2 547 542
2 356 581
1 352
1 254
1 340
1 170
2 166 265
1 172
3 125 555 418
1 127
5 7 84 159 250 562
1 217
1 395
3 237 394 513
4 365 499 466 412
2 27 355
2 518 455
1 538
1 160
1 315
2 8 381
4 12 37 156 307
2 100 375
1 549
1 483
2 304 486
1 445
2 28 149
1 317
1 185
1 396
2 32 567
1 592
2 0 558
2 255 354
2 376 548
4 192 235 332 390
1 89
1 488
1 334
3 121 257 521
1 354
2 314 327
2 65 296
3 267 326 362
1 569
2 12 45
1 277
2 71 357
2 199 259
1 206
2 325 590
1 65
1 201
1 376
2 196 336
2 28 88
1 32
5 201 235 335 359 489
1 60
2 286 592
2 47 537
1 597
2 145 408
1 170
1 594
1 117
2 46 515
1 543
1 562
1 557
4 101 293 312 508
2 131 522
2 398 587
1 594
3 320 599 539
2 111 251
2 22 504
2 76 99
1 116
1 231
1 492
1 266
1 28
2 327 396
1 330
2 229 360
1 374
1 179
1 207
1 279
1 35
2 199 264
2 251 584
1 41
4 69 126 561 526
3 144 570 525
1 234
1 120
1 3
2 367 570
3 363 406 544
1 38
1 54
1 407
1 62
2 119 420
2 227 440
1 566
2 36 77
4 97 232 346 463
2 86 89
1 511
1 130
1 73
1 506
1 12
2 349 396
1 204
1 294
1 37
1 570
2 235 459
1 521
2 147 497
4 76 230 352 584
3 128 453 511
1 218
2 96 181
4 327 350 494 508
1 202
1 395
1 229
2 355 449
1 339
1 533
1 398
1 21
1 338
3 17 422 505
4 116 198 313 454
1 212
1 558
2 478 566
1 477
1 24
1 233
3 2 6 126
1 178
2 562 556
1 560
3 100 110 517
2 305 538
1 161
2 4 197
1 443
5 152 195 288 399 534
2 334 457
3 58 575 585
2 57 169
2 74 382
5 120 204 208 332 450
3 318 483 552
1 61
3 56 112 296
2 126 382
1 417
3 38 355 405
2 211 380
1 54
5 59 62 73 132 544
1 86
2 27 238
3 136 249 390
1 531
3 182 219 452
3 366 415 524
2 183 243
4 306 357 532 587
1 477
4 10 392 451 531
1 580
2 189 370
2 209 222
2 490 525
3 94 228 413
2 97 294
2 260 427
4 161 478 482 503
2 50 148
4 275 354 360 587
1 126
1 136
3 281 540 582
1 593
1 167
1 592
1 183
2 213 563
2 151 383
1 575
3 75 182 202
3 148 475 507
1 540
2 30 54
4 82 455 560 572
1 294
1 378
4 28 90 341 433
1 108
5 310 313 414 442 578
6 29 76 124 173 197 576
4 245 352 447 456
1 102
1 266
2 223 444
1 27
2 146 457
