100
3 93 67 58
2 88 57
1 74
1 36
1 56
2 27 65
7 56 14 8 26 59 72 17
2 66 48
3 6 73 87
1 14
1 80
3 59 67 69
2 34 64
1 61
5 6 9 88 98 43
1 70
1 62
2 6 32
2 37 30
1 26
1 30
1 74
1 73
1 58
2 58 49
1 58
7 6 19 80 82 31 94 29
2 5 92
1 32
1 26
2 18 20
2 54 26
2 17 28
1 86
1 12
2 58 95
2 3 43
2 18 71
1 54
1 65
1 92
3 55 76 93
1 64
2 14 36
3 61 65 85
1 62
3 51 59 48
1 64
3 7 75 46
1 24
2 72 68
1 46
1 73
1 80
3 38 31 90
1 41
4 86 6 4 83
1 1
5 0 35 23 24 25
3 6 11 46
1 73
3 13 93 44
3 16 81 45
1 91
4 12 47 80 42
3 5 44 39
1 7
2 0 11
1 50
1 11
3 15 80 99
3 77 80 37
2 50 6
5 52 8 60 22 81
5 2 21 97 88 84
1 48
2 41 96
1 71
2 82 79
1 78
6 53 10 64 26 70 71
2 62 73
2 26 78
1 56
2 74 89
1 44
2 56 33
1 8
3 1 14 74
1 84
2 54 91
2 63 90
2 27 40
3 0 61 41
1 26
1 35
1 76
1 74
1 14
1 70
