200
7 75 79 185 159 106 164 49
2 160 102
1 40
1 175
2 68 151
2 134 144
2 194 82
2 114 148
1 19
1 77
1 118
1 25
4 109 112 70 60
2 54 190
2 188 150
1 93
1 150
1 83
1 78
4 8 193 160 139
1 52
2 27 62
1 148
1 29
1 181
3 11 39 69
1 149
2 21 68
2 48 36
3 127 23 76
2 138 43
4 113 119 128 194
3 105 80 65
2 162 72
1 158
1 110
1 28
1 141
3 122 67 58
4 25 88 47 161
3 2 151 51
1 192
4 122 147 188 199
2 30 80
1 119
1 158
2 120 64
3 130 135 39
4 125 28 143 173
1 0
3 106 78 53
3 40 81 191
4 103 20 179 75
2 50 187
2 13 162
5 110 156 184 183 71
1 166
2 117 74
3 135 38 84
1 134
3 12 94 85
2 145 167
2 21 98
3 75 81 175
2 46 74
1 32
2 158 74
2 38 75
2 4 27
1 25
2 12 170
1 55
3 33 168 86
1 152
3 57 64 66
5 0 116 52 63 67
1 29
3 9 146 158
2 18 50
3 0 123 192
2 32 43
3 152 51 63
1 6
2 17 198
1 58
2 135 60
2 137 72
1 174
2 39 174
1 160
1 196
1 174
3 118 134 176
2 100 15
1 60
1 131
3 142 155 158
1 141
1 62
1 142
2 187 93
3 157 169 104
2 1 140
3 168 141 52
1 101
2 32 152
3 0 50 127
1 196
1 162
2 12 178
2 55 35
2 182 131
1 12
2 197 31
2 7 183
1 139
1 75
1 57
2 10 92
2 31 44
1 46
3 127 129 180
2 38 42
2 79 196
1 196
1 48
1 183
3 106 121 29
3 31 198 156
2 121 160
3 134 47 163
2 111 95
1 147
1 163
4 5 130 92 59
4 158 85 58 47
1 145
1 86
1 30
2 115 19
1 102
3 103 37 97
2 99 96
2 48 148
1 5
3 136 155 61
1 77
2 132 42
3 7 22 143
2 26 158
2 14 16
3 4 40 181
3 105 81 73
1 157
2 158 189
2 145 96
3 128 55 165
3 101 153 187
8 135 34 149 45 154 96 66 77
1 0
4 1 19 129 89
1 39
3 108 33 54
2 130 133
5 0 184 182 186 172
1 156
2 56 196
1 61
2 103 72
1 101
1 70
1 195
1 164
1 48
3 88 87 91
2 3 63
1 92
1 180
1 109
1 52
2 121 177
2 24 151
2 111 164
3 114 126 55
2 55 164
1 0
1 164
3 100 157 53
2 14 42
1 154
1 13
2 51 195
2 41 79
1 19
2 6 31
2 171 191
5 107 123 124 166 90
1 113
2 128 83
1 42
