1000
1 501
1 592
2 112 421
1 18
1 684
2 136 280
2 232 815
2 665 89
1 996
3 991 564 211
2 727 443
3 93 515 863
1 309
2 977 266
5 789 791 853 817 946
1 994
2 775 732
2 586 158
4 3 537 973 444
1 741
4 461 95 553 956
2 394 739
1 566
1 170
2 426 932
2 282 195
2 365 684
3 697 542 368
2 796 501
2 255 296
3 302 456 789
2 384 704
3 111 373 830
2 196 438
4 261 386 161 698
1 237
2 480 699
2 195 520
2 242 347
1 558
2 71 297
1 804
1 990
1 409
1 750
2 105 155
2 419 215
1 624
1 973
1 564
2 414 833
2 571 269
3 862 958 284
3 337 753 764
3 938 444 907
3 478 568 272
1 669
3 290 99 551
3 208 959 59
1 58
5 451 608 574 317 706
1 150
4 969 976 685 370
2 237 233
1 147
2 840 276
1 119
1 655
1 180
1 463
2 991 649
1 40
2 948 413
1 546
1 423
1 797
1 486
1 932
5 722 873 342 735 190
3 422 863 424
2 567 474
3 338 416 909
1 119
2 510 717
3 606 826 978
2 244 879
3 962 399 262
1 844
3 750 607 890
2 7 373
3 632 553 140
1 404
1 926
3 11 691 839
2 622 812
2 20 212
1 756
1 172
3 128 468 126
4 57 891 783 807
3 148 938 436
1 796
3 336 600 872
2 756 144
2 339 628
2 45 380
1 395
1 885
2 826 891
1 931
1 564
5 32 435 124 947 921
4 2 140 679 731
1 797
1 996
2 910 788
1 501
3 185 271 132
2 255 634
3 66 82 818
1 715
1 359
2 237 196
3 676 833 905
5 111 577 958 770 917
2 758 556
2 98 274
2 585 920
2 98 735
1 905
3 959 333 382
1 817
2 117 325
2 961 421
6 902 287 346 659 361 488
1 774
2 5 549
1 931
1 773
3 559 298 226
6 90 112 395 930 843 759
3 450 674 313
1 510
1 647
4 103 612 146 514
2 464 500
3 144 884 667
2 64 658
1 100
1 274
2 61 196
1 972
1 304
3 790 928 533
3 357 216 201
2 45 614
2 559 447
1 239
3 17 301 785
2 513 889
4 165 341 855 167
2 34 942
1 877
1 421
1 513
2 160 504
2 653 686
1 160
4 198 885 962 859
2 711 636
3 23 992 592
2 683 598
2 97 414
1 351
1 288
2 624 982
1 292
1 432
2 463 970
1 294
3 68 473 351
2 252 309
2 871 678
4 486 334 239 540
1 962
2 117 243
1 824
1 601
1 202
2 219 383
1 78
3 494 721 686
2 975 675
2 999 543
3 951 917 980
2 25 37
4 33 122 150 981
1 980
2 168 937
1 941
2 651 913
1 154
3 188 539 881
1 877
1 590
2 703 636
2 385 390
1 255
2 58 824
3 753 849 455
1 812
3 9 869 277
4 95 681 711 531
1 881
3 965 878 710
2 46 516
3 154 630 319
1 310
2 299 760
6 189 638 960 986 757 244
1 247
2 692 727
3 292 797 369
2 431 335
1 524
2 625 724
2 139 771
3 449 295 257
1 341
2 249 928
3 776 305 803
1 818
3 6 745 341
3 63 546 591
2 533 291
1 475
1 267
4 35 63 122 673
1 636
3 157 183 494
1 525
4 781 709 747 955
2 38 717
1 185
4 85 219 525 763
2 728 404
2 732 501
4 220 984 838 748
3 883 874 823
2 229 360
3 299 668 964
2 275 918
1 181
1 700
2 545 462
5 29 118 207 396 922
1 944
1 227
3 321 465 799
2 350 583
2 370 403
2 34 990
1 86
1 715
3 640 530 714
1 468
1 13
3 236 512 472
3 621 935 356
3 51 344 740
1 447
6 117 549 620 871 915 941
2 55 644
1 509
2 126 149
4 251 310 835 513
1 65
2 211 934
1 492
2 745 598
2 5 550
2 425 823
3 25 508 408
3 965 860 448
1 52
1 753
2 311 790
5 134 988 471 505 536
3 174 670 418
1 882
4 57 545 666 856
1 234
3 176 222 892
3 932 395 428
2 179 696
1 227
1 29
3 40 703 497
2 139 542
3 218 250 466
2 824 567
2 158 397
1 30
1 829
4 152 599 655 932
2 230 841
2 733 888
3 884 423 433
1 968
3 12 181 925
3 217 275 329
1 286
2 903 548
1 141
1 720
1 617
3 925 609 391
2 60 897
1 567
2 216 651
1 665
2 258 728
3 835 998 564
1 525
1 718
1 132
1 470
1 576
1 400
3 310 341 359
1 652
3 785 899 492
3 784 773 977
1 130
2 183 355
3 223 526 978
2 102 933
1 53
1 81
4 104 743 352 602
1 457
5 160 228 232 329 900
2 78 575
1 871
3 269 694 416
2 671 557
3 134 908 814
1 38
4 699 445 811 487
1 829
2 259 958
2 173 180
2 339 457
1 783
1 377
3 334 364 389
1 268
1 154
3 721 692 558
4 121 329 437 532
1 249
2 134 847
4 697 517 993 857
1 786
2 355 648
4 26 491 482 765
2 936 443
1 383
1 27
1 222
2 62 260
1 937
2 374 536
3 32 89 627
1 372
2 646 894
3 786 964 732
3 354 771 806
2 495 393
1 754
2 105 495
2 604 535
2 130 626
2 189 367
1 31
3 206 815 816
1 34
2 715 456
2 656 623
5 355 831 741 405 613
2 206 563
1 316
2 902 925
2 378 973
1 21
5 106 140 293 574 500
2 255 925
2 301 716
2 663 781
1 86
3 328 844 486
1 966
2 504 794
2 260 918
2 91 245
2 389 473
2 573 790
1 944
1 282
4 43 784 587 893
4 650 647 790 630
1 460
2 983 522
1 72
3 50 172 691
1 757
2 81 344
3 780 594 813
2 288 592
2 46 498
3 466 988 895
5 2 133 163 654 601
2 79 829
2 74 307
4 79 998 510 864
1 281
1 24
2 477 551
4 293 589 616 780
2 788 628
1 887
1 223
2 177 510
1 307
2 927 672
2 111 957
1 100
2 359 953
1 33
1 817
1 484
1 557
2 522 580
3 10 366 863
3 18 54 974
5 348 986 633 729 584
1 943
5 156 270 994 565 751
1 283
4 227 497 493 809
2 141 500
2 60 879
1 905
1 997
2 739 874
1 209
2 30 387
3 340 352 947
1 673
1 572
3 411 902 904
3 20 545 607
2 254 637
3 69 178 863
1 145
2 258 717
4 299 420 518 734
2 505 995
2 98 265
2 811 840
2 326 511
1 287
3 267 902 695
2 180 405
2 80 538
2 235 948
1 684
1 427
1 55
1 599
1 36
1 889
3 365 639 529
1 964
2 440 971
2 797 698
4 76 183 400 621
1 348
1 134
1 557
1 512
3 365 702 753
2 278 331
2 449 604
4 191 239 694 796
2 378 380
3 562 618 964
2 297 449
3 419 999 791
2 813 911
4 145 395 450 570
4 0 28 116 246
2 561 590
1 603
2 165 402
3 287 467 801
2 672 973
2 852 524
4 282 610 581 528
2 273 809
5 83 142 424 432 962
2 470 735
2 267 490
3 159 164 275
1 144
1 11
1 215
3 362 656 660
1 466
1 732
2 37 852
2 818 679
4 412 442 727 595
1 920
2 224 507
3 240 244 323
1 335
2 756 789
1 508
1 482
1 264
2 212 837
1 359
3 153 234 979
1 913
1 381
3 287 372 883
1 18
1 474
2 202 887
1 183
1 857
5 27 298 672 999 767
2 193 652
1 624
3 254 290 461
3 73 233 987
1 757
1 312
2 136 271
1 280
3 57 427 630
1 823
2 20 90
1 816
1 910
1 125
4 345 441 489 629
3 39 358 923
4 139 156 714 560
1 559
1 502
1 496
1 390
5 9 49 110 322 854
1 447
2 22 988
3 80 300 318
4 55 587 834 755
1 676
2 500 578
1 51
2 459 684
1 406
2 60 395
2 342 617
2 327 962
3 124 919 688
1 570
1 588
1 442
1 508
1 921
1 259
1 445
2 127 642
1 17
2 409 568
2 579 986
1 428
3 204 502 940
2 233 924
4 1 170 418 985
1 666
1 417
1 522
1 899
1 993
2 171 279
2 304 479
2 102 821
2 187 421
1 339
3 503 886 793
3 381 493 689
1 795
1 84
2 88 461
4 60 952 860 680
2 316 669
1 508
2 923 824
1 144
1 389
1 155
1 740
1 428
4 315 575 943 949
1 496
2 916 699
4 271 938 718 825
5 268 486 798 787 861
2 94 656
1 388
3 47 175 544
3 225 833 972
1 382
2 373 850
4 104 429 939 789
1 557
3 216 410 551
1 959
1 90
1 445
1 118
1 778
3 169 205 238
1 462
1 219
1 482
1 264
1 804
2 585 689
1 907
1 272
1 777
2 375 744
2 143 410
1 364
1 70
2 410 887
2 200 319
2 330 543
1 166
2 421 723
2 67 304
3 388 517 622
1 915
2 147 997
1 134
1 517
1 838
2 697 712
1 398
1 691
2 7 320
3 290 593 954
1 146
2 250 800
3 56 609 774
2 288 965
3 345 968 711
3 434 506 542
4 237 458 876 778
1 141
1 192
2 123 569
1 800
1 182
2 112 521
1 608
1 212
1 795
1 171
4 4 26 476 572
1 62
2 166 191
2 733 713
1 577
2 604 642
2 931 943
3 93 414 664
2 221 358
1 828
3 344 494 709
1 472
3 294 884 867
3 27 362 662
5 34 485 945 769 967
3 36 348 619
2 253 896
1 902
2 491 999
2 205 297
3 31 730 736
1 994
1 60
1 788
1 773
2 241 694
2 214 802
3 169 212 671
1 662
1 687
2 264 559
4 120 263 387 929
1 397
3 83 242 465
3 324 620 805
1 765
2 314 804
2 191 358
2 78 784
3 654 773 822
1 225
2 784 868
2 741 880
3 10 221 522
2 245 321
1 445
3 704 998 975
1 112
5 16 246 376 519 827
3 306 687 749
2 466 779
5 78 128 511 872 754
1 704
1 883
1 823
2 21 454
3 269 615 792
4 19 389 726 838
1 843
2 339 848
2 646 864
3 232 279 996
1 918
1 241
1 247
1 733
2 44 88
1 447
1 916
4 53 209 285 491
2 379 735
1 568
3 96 103 527
5 219 415 547 906 945
2 125 860
1 140
1 218
1 817
2 869 903
1 244
1 53
2 365 719
2 846 914
1 542
1 908
1 698
1 124
2 226 377
1 979
4 138 332 708 723
2 135 669
1 16
1 230
2 645 805
2 635 673
1 734
3 417 428 828
2 241 398
1 892
2 99 353
4 332 409 722 725
2 158 331
2 363 376
1 621
3 115 429 707
4 14 30 527 628
5 153 286 406 410 795
2 14 498
2 740 901
2 603 829
1 402
3 605 682 790
3 28 101 494
4 75 113 222 485
1 621
1 258
2 668 677
1 505
1 710
1 230
4 41 641 720 824
3 718 777 898
1 377
1 99
1 963
2 449 509
1 874
2 348 469
2 94 210
2 417 499
1 346
3 6 385 836
2 385 554
4 14 131 439 761
3 119 231 521
1 973
1 864
1 600
1 723
4 248 281 552 738
5 186 208 300 611 804
1 620
2 84 108
1 732
2 693 780
4 303 349 422 793
1 32
1 389
2 932 888
3 50 123 625
1 568
2 275 322
1 815
1 531
4 247 661 741 865
1 93
2 65 469
2 305 974
1 878
3 140 742 997
2 87 400
1 986
1 766
1 361
3 743 852 948
1 209
1 627
1 912
4 507 520 848 870
1 14
1 564
1 160
1 290
2 362 541
1 983
1 168
3 283 608 758
1 621
1 52
6 11 79 443 463 912 926
3 424 744 820
1 838
1 981
1 696
1 725
2 211 762
2 852 914
4 182 271 343 982
2 102 735
1 78
4 248 454 810 950
1 911
2 673 878
4 162 203 925 971
3 214 842 876
3 85 451 963
1 726
2 202 213
2 289 891
3 248 536 737
3 146 307 696
3 107 168 896
1 603
3 430 539 650
2 306 832
2 159 481
1 88
3 99 108 882
2 292 782
1 409
1 375
1 420
2 700 885
1 317
1 805
3 331 596 973
1 341
1 792
5 134 392 460 472 701
2 312 762
1 460
3 123 129 452
1 757
2 54 643
2 346 768
1 81
2 115 555
2 499 875
2 851 863
2 200 534
2 766 870
2 271 657
2 619 752
2 124 194
3 251 403 746
1 577
2 127 523
2 111 582
1 255
2 558 611
1 591
5 309 316 392 396 877
2 92 863
1 434
2 153 229
1 715
1 140
3 109 137 690
5 24 77 293 304 832
2 336 944
1 277
1 268
2 366 961
2 198 371
4 54 100 620 952
1 628
2 590 991
2 199 271
1 161
3 446 617 690
3 256 407 933
2 698 757
2 14 989
2 111 457
3 72 475 848
1 617
1 874
1 194
2 608 938
1 437
2 666 966
1 241
1 20
1 435
3 52 124 350
3 58 130 631
1 219
2 133 936
5 86 168 184 510 576
2 808 879
4 250 376 483 496
3 214 283 670
2 401 954
1 698
2 308 671
1 62
1 178
2 484 877
2 151 625
6 18 48 393 506 819 899
2 444 841
2 192 730
1 62
2 13 332
2 84 335
2 533 772
2 194 197
2 196 866
2 175 871
2 412 858
1 247
1 592
4 219 445 588 845
1 546
3 287 420 566
1 946
2 42 261
3 9 70 940
1 170
2 362 597
3 15 447 705
1 467
3 8 114 745
3 453 658 843
3 322 424 730
4 193 498 542 702
