1000
2 523 65
1 981
5 715 736 326 537 970
1 174
4 633 494 383 78
2 220 315
3 859 530 916
2 96 811
2 684 55
1 845
3 457 866 733
3 439 231 906
2 275 959
1 30
2 461 397
1 310
2 993 452
1 47
1 490
2 860 440
1 66
1 515
1 26
1 770
1 822
1 338
2 22 498
3 585 104 67
2 205 875
3 216 734 90
4 13 748 562 74
1 794
1 831
1 106
1 479
1 628
5 951 658 122 318 302
1 402
3 132 983 179
1 658
3 561 113 60
1 839
2 498 530
3 219 663 283
2 453 518
1 653
1 637
6 17 150 578 125 699 89
3 656 597 872
3 285 140 177
2 729 320
1 83
4 219 372 380 589
2 314 135
2 430 685
2 8 289
1 977
1 864
2 792 694
1 68
2 40 100
2 672 934
1 251
4 451 152 775 241
1 802
2 0 567
2 20 692
3 27 200 77
3 59 243 348
3 976 796 859
2 613 932
1 344
2 536 556
3 542 851 510
2 30 768
2 268 912
1 729
2 67 660
3 4 331 835
1 360
2 498 372
1 349
1 512
2 51 656
1 374
1 199
3 247 644 808
3 687 427 728
1 956
1 47
4 29 636 162 534
1 156
3 425 191 274
1 995
3 449 836 527
1 540
3 7 164 718
2 781 374
2 995 717
3 684 100 272
3 60 99 797
2 933 161
2 429 713
2 958 511
1 27
3 841 512 121
2 33 153
2 876 149
3 942 886 831
2 895 342
1 200
2 961 650
3 177 138 697
2 40 184
4 644 561 689 949
2 379 304
1 125
2 328 704
2 965 998
2 438 622
2 696 623
3 105 188 299
2 36 565
1 477
2 660 313
4 47 116 691 842
1 463
1 992
1 451
2 992 851
2 338 631
2 806 977
5 38 818 819 265 306
1 492
1 934
1 53
2 444 823
2 366 257
1 112
2 781 322
4 49 972 384 154
2 519 414
1 356
1 370
2 910 895
2 418 387
2 648 240
3 744 266 749
2 350 428
1 107
1 47
1 895
3 63 387 721
5 106 655 806 622 766
1 140
2 485 599
2 91 857
3 867 879 688
2 245 757
1 658
2 677 868
3 101 747 421
1 90
1 443
1 96
2 553 400
3 424 739 272
2 368 335
2 531 958
3 816 803 684
2 289 862
2 989 225
3 315 595 909
2 409 657
2 3 224
1 201
1 680
2 49 112
2 712 779
2 38 203
1 799
1 945
1 875
3 488 479 327
1 113
3 843 996 982
1 913
1 701
3 121 785 975
1 440
1 859
4 92 365 515 740
1 646
3 749 573 452
1 860
3 608 931 679
2 465 603
1 626
2 427 890
3 85 720 404
3 67 110 437
4 175 356 886 948
3 334 955 698
1 179
2 911 489
1 28
2 229 622
1 919
1 688
1 973
1 643
2 834 659
2 267 424
3 416 221 995
4 859 958 333 455
1 635
4 29 612 804 681
2 251 584
2 303 407
4 43 52 870 238
2 5 703
3 213 250 724
1 734
2 672 226
3 174 284 832
3 171 815 296
3 223 871 351
1 561
2 789 749
4 206 759 814 621
1 308
2 11 670
3 723 739 845
2 779 257
2 664 821
2 365 763
1 406
3 471 413 493
2 219 486
3 641 821 394
3 146 554 859
1 63
2 545 798
3 68 593 576
2 658 792
2 158 701
2 503 983
1 86
4 996 266 541 752
1 781
1 221
3 62 217 321
1 907
1 639
1 606
3 965 619 339
3 708 731 963
4 137 233 702 616
1 389
1 869
3 404 769 678
2 764 897
1 606
1 426
2 625 726
1 132
2 147 248
1 212
2 75 456
1 556
3 588 367 417
1 287
2 99 166
3 842 602 950
1 92
3 12 551 364
2 615 947
2 744 290
1 685
1 953
1 444
1 389
1 832
1 43
3 224 429 575
1 49
1 472
2 271 400
3 469 632 953
3 55 170 442
2 277 535
2 793 451
1 804
2 569 419
3 646 395 611
1 665
1 225
2 508 772
1 968
1 121
1 624
5 918 578 433 927 426
1 36
1 218
2 115 757
1 948
2 132 895
2 930 652
2 230 775
1 902
3 15 972 853
1 917
3 332 519 569
2 124 495
2 53 777
3 5 172 630
2 983 415
3 886 628 618
1 36
1 911
1 50
1 251
2 139 753
2 873 931
1 938
3 436 715 991
2 2 985
2 183 700
3 117 622 484
4 644 560 745 551
1 712
4 78 454 643 614
5 312 758 734 343 957
1 214
2 202 906
2 167 920
2 732 559
3 647 550 900
2 25 130
2 255 884
1 925
1 465
2 109 579
1 332
5 71 614 518 905 953
2 778 906
2 617 609
2 548 801
4 68 639 788 980
3 81 759 463
2 148 929
1 226
1 559
1 531
2 997 765
4 949 922 458 423
4 142 201 887 460
1 459
1 845
1 397
3 79 856 716
3 792 656 520
2 855 995
1 398
1 275
2 191 235
2 137 683
3 270 917 748
1 167
1 389
2 143 767
2 864 894
3 52 80 446
2 505 381
2 84 97
1 617
2 431 782
1 972
1 480
2 115 805
1 52
2 373 689
1 591
2 4 686
1 140
1 917
2 777 839
2 145 152
2 775 527
6 258 281 369 674 604 456
2 666 875
2 561 719
2 474 924
1 977
2 239 553
3 294 863 574
2 540 639
5 14 359 580 924 675
3 363 720 784
1 479
5 165 287 591 891 996
1 673
4 37 775 457 481
3 484 594 570
2 199 260
3 960 513 893
3 236 921 470
2 218 409
3 940 790 865
4 173 407 517 610
1 581
2 608 849
1 962
1 237
2 141 852
2 316 771
1 213
4 270 758 754 974
2 145 798
1 293
1 598
2 161 499
1 486
1 355
4 166 212 783 590
2 92 699
3 263 301 478
3 87 198 952
1 148
2 102 284
1 54
2 376 756
1 634
1 301
1 698
1 470
3 325 839 571
1 200
3 119 505 952
2 11 516
3 19 189 661
1 995
1 289
4 163 626 710 598
3 136 280 783
1 501
2 372 666
3 774 563 532
1 674
3 94 904 496
1 495
5 63 128 291 786 480
2 16 193
2 44 625
3 331 662 901
1 214
3 268 389 492
3 10 402 856
2 355 513
2 357 769
1 356
1 14
1 918
4 126 349 798 640
1 686
2 196 341
2 812 980
1 540
2 637 961
1 288
3 406 435 793
3 237 831 730
2 286 932
3 747 572 635
2 392 718
1 594
2 595 959
3 123 714 542
1 426
4 34 183 399 531
2 378 451
1 402
2 937 664
2 497 966
4 328 403 935 519
1 155
2 238 422
2 785 645
2 183 729
1 204
3 18 856 508
1 726
3 133 456 818
1 237
5 4 542 997 842 941
3 313 450 557
1 449
1 483
4 26 42 80 751
3 421 543 839
1 653
2 445 877
1 647
2 246 858
2 764 785
2 373 438
1 881
2 761 847
4 297 490 693 911
2 667 945
2 73 582
3 103 710 889
3 82 105 659
3 405 458 756
4 883 588 649 587
2 21 191
1 439
1 409
2 44 344
3 141 312 484
1 361
1 720
1 870
2 0 815
1 860
2 878 673
1 889
2 94 388
4 867 971 555 906
1 732
2 6 42
3 168 353 479
1 447
1 805
1 90
1 290
2 72 604
1 2
3 673 689 920
1 735
3 95 396 467
2 248 917
3 73 477 494
1 499
2 825 604
1 242
1 956
1 944
2 347 550
3 760 753 709
2 337 548
2 275 329
3 708 596 882
2 165 394
1 240
2 528 990
2 72 269
1 495
2 700 925
3 336 352 854
2 329 870
4 40 114 227 391
2 30 629
2 447 992
3 833 642 892
2 122 577
2 846 755
2 65 755
1 803
5 293 312 967 676 776
1 403
1 436
1 473
2 193 968
2 395 780
2 284 594
1 243
1 565
2 47 301
1 342
1 397
2 410 750
1 510
1 937
2 217 971
1 27
1 599
1 514
2 270 514
1 52
2 424 725
2 382 400
2 876 905
2 243 806
4 403 475 575 840
2 172 476
2 552 928
2 48 707
2 420 443
3 155 586 649
1 735
1 962
1 273
2 196 779
3 389 536 544
2 844 800
3 254 262 940
1 855
3 195 411 748
2 346 669
2 409 920
1 294
1 216
1 70
3 331 344 972
1 276
2 257 685
3 346 375 856
2 317 936
1 255
1 660
1 229
4 119 153 206 328
2 120 775
2 300 757
2 264 453
2 197 443
1 918
2 35 317
1 562
1 315
3 130 848 702
1 288
1 4
4 432 903 762 880
2 215 473
2 90 735
3 46 468 752
1 969
3 253 348 396
1 463
1 239
1 564
2 210 331
3 86 114 329
1 487
4 192 294 944 828
2 337 502
1 146
3 514 599 858
1 111
1 702
1 307
3 45 500 666
1 990
2 153 979
4 48 83 361 737
1 173
4 36 39 159 244
3 211 512 954
5 77 124 620 811 906
1 440
2 454 815
2 43 743
2 234 482
2 295 820
3 390 446 653
1 509
1 769
1 609
1 231
1 976
6 61 223 966 844 801 746
3 401 525 538
3 389 448 864
1 397
1 569
2 160 849
1 260
1 195
2 176 914
1 216
2 795 938
1 366
3 8 99 169
3 54 278 616
4 383 464 810 770
2 87 896
3 157 208 711
3 114 381 538
1 841
1 125
2 66 911
1 508
2 58 920
1 886
2 120 932
1 112
2 202 434
2 47 425
2 327 558
2 187 245
3 257 631 651
2 220 939
2 117 861
1 908
1 869
1 597
3 256 552 748
2 549 761
2 443 511
1 688
2 178 330
1 102
1 477
3 2 325 922
2 360 906
3 98 770 942
3 96 474 926
2 391 764
4 199 398 521 842
3 152 998 741
1 894
1 232
1 221
1 590
2 264 491
1 874
1 87
3 50 76 488
1 471
1 256
5 336 529 737 817 787
1 10
3 29 222 332
4 539 600 636 907
1 2
3 656 732 837
2 987 949
3 166 232 973
1 191
2 721 899
1 751
1 663
3 147 277 848
3 329 964 946
1 672
3 161 473 822
5 30 367 608 708 984
4 147 193 228 801
2 581 987
2 498 742
2 248 637
4 322 549 881 915
2 417 913
2 566 567
2 431 513
3 158 304 624
3 332 417 994
3 229 349 807
1 549
2 507 709
1 634
1 235
5 261 504 719 988 986
1 354
1 153
2 370 818
1 74
3 260 459 668
4 23 686 717 794
1 415
1 297
1 988
3 447 857 802
5 63 308 388 402 623
1 569
2 314 386
1 345
4 178 233 603 877
1 574
4 97 139 249 794
1 376
2 424 444
1 398
4 188 487 504 914
1 451
2 732 978
1 348
1 228
1 408
1 950
3 58 244 361
2 291 470
5 31 770 781 898 838
2 682 981
1 69
1 100
3 242 418 463
2 180 976
1 605
3 347 672 749
2 64 774
3 169 568 923
2 216 292
3 379 533 855
3 131 153 593
1 759
1 86
1 875
1 686
3 7 660 908
1 466
2 975 874
1 229
3 225 523 662
1 169
1 732
3 132 492 767
1 132
2 665 858
2 234 239
2 24 747
1 136
2 867 969
1 544
1 827
2 826 953
1 646
1 865
2 863 867
3 32 108 471
3 224 282 869
2 564 923
1 211
1 78
1 94
1 737
1 794
4 41 386 436 499
1 594
2 105 690
4 125 273 494 720
1 185
2 605 672
3 9 232 358
1 566
1 507
2 631 744
2 411 677
1 947
3 73 129 955
1 414
1 310
1 559
3 362 607 805
4 360 457 490 617
3 156 774 940
3 503 649 820
5 6 69 190 214 240
5 19 194 524 981 959
1 704
1 170
2 395 830
3 57 371 674
2 408 829
1 10
6 157 528 824 830 930 919
1 160
3 259 706 832
3 219 522 560
1 226
1 48
1 323
2 727 813
4 28 182 390 809
2 107 592
3 501 779 962
1 525
1 157
2 634 966
2 506 753
1 552
1 514
1 339
1 900
4 108 201 317 695
1 356
1 981
2 511 526
1 198
1 400
2 564 956
1 405
2 371 722
4 109 144 151 306
1 687
1 261
1 794
1 741
2 337 885
1 454
2 309 974
1 634
1 449
2 344 592
6 11 334 345 528 660 716
2 252 735
2 705 811
1 172
1 144
4 204 319 508 692
1 75
2 186 754
2 680 785
1 753
1 6
4 311 367 385 541
3 301 462 627
2 207 867
4 335 538 610 694
1 406
2 355 715
2 803 833
2 392 397
2 340 558
1 718
1 301
1 596
2 350 965
2 307 867
2 195 323
3 70 472 696
1 101
2 61 134
1 484
1 618
2 482 583
2 324 682
1 703
3 408 606 857
1 494
2 108 717
1 987
2 547 646
3 181 509 971
1 745
3 276 850 968
2 201 305
3 114 355 738
2 273 791
1 36
2 427 438
4 279 288 344 827
1 659
2 202 851
3 88 546 892
1 332
3 103 168 214
3 12 476 860
1 405
2 111 468
3 412 601 877
1 256
1 745
3 118 255 929
3 483 672 880
2 569 999
3 298 573 947
2 638 824
1 2
3 528 584 945
4 140 310 377 614
2 209 739
2 417 902
2 188 813
3 69 671 799
3 56 131 393
1 787
1 655
2 348 466
4 1 795 860 888
1 185
3 38 246 316
1 748
1 326
1 764
3 738 750 943
2 764 773
1 171
2 555 654
1 325
3 127 129 563
1 16
1 758
5 93 98 213 362 441
3 185 248 400
2 354 494
2 118 721
1 967
