100
4 62 50 38 8
1 6
1 52
1 76
1 79
1 53
6 1 20 56 17 68 10
3 55 86 51
3 0 32 83
1 22
1 6
3 41 21 28
1 70
2 87 19
1 93
1 17
1 48
4 6 15 67 85
2 98 86
1 13
1 6
4 52 11 37 72
3 9 71 40
1 96
2 37 73
3 65 75 40
1 42
3 59 85 94
1 11
1 95
2 47 95
5 56 90 43 91 42
4 8 60 63 44
4 53 60 89 95
2 74 99
1 45
1 39
2 21 24
2 0 66
3 71 77 36
2 22 25
2 11 68
3 26 31 49
1 31
1 32
2 75 35
1 90
1 30
3 55 16 69
1 42
5 0 55 85 92 99
2 57 7
2 21 2
2 33 5
1 71
3 50 7 48
2 6 31
1 51
2 87 89
1 27
3 33 97 32
1 90
1 0
1 32
1 75
1 25
3 38 80 76
1 17
2 6 41
1 48
3 12 76 93
4 54 22 85 39
1 21
1 24
1 34
3 64 45 25
4 3 66 70 79
1 39
1 94
4 4 76 88 84
1 66
1 82
2 81 95
1 8
1 79
4 17 71 27 50
3 7 18 96
2 58 13
1 79
2 58 33
3 61 31 46
1 31
1 50
2 14 70
2 27 78
4 29 30 82 33
2 23 86
1 60
1 18
2 34 50
