1000
1 580
3 127 724 218
2 854 578
1 246
1 361
1 747
2 607 472
2 275 58
3 682 201 126
1 315
1 776
1 686
3 270 346 750
1 718
2 231 270
1 75
3 259 608 144
1 326
1 853
2 644 279
2 157 341
2 857 152
2 674 760
1 674
1 770
2 793 224
1 465
1 890
1 153
1 868
3 774 730 206
1 146
2 143 151
2 811 454
2 430 733
2 870 366
2 201 67
1 710
2 862 560
1 218
2 682 990
2 307 114
2 960 993
1 927
2 237 970
3 875 602 574
4 309 536 969 146
4 193 342 535 946
2 394 801
1 814
1 999
2 501 333
1 593
1 903
1 111
1 574
3 737 694 445
3 413 751 856
2 7 872
5 867 267 947 373 273
3 476 821 116
1 472
2 970 890
1 877
1 170
2 974 179
3 217 344 82
1 36
2 321 188
1 825
1 377
1 725
1 682
1 963
1 525
3 15 129 545
1 830
3 977 648 807
1 358
1 133
3 880 473 869
2 478 316
2 66 112
2 241 344
1 653
4 583 306 108 550
5 510 159 872 153 603
1 362
2 514 200
1 582
1 590
3 713 258 993
1 458
2 283 588
3 724 781 732
3 695 346 770
1 549
1 139
2 546 920
3 608 560 347
1 941
3 671 310 964
2 656 848
2 892 136
4 130 111 959 640
1 659
1 975
1 971
4 85 911 566 889
1 717
2 261 523
2 54 104
1 82
1 695
2 41 662
2 891 217
1 60
4 234 140 263 193
2 362 823
2 748 473
1 958
2 122 744
2 121 952
1 206
2 207 292
2 873 623
1 8
3 1 927 973
2 974 577
2 75 950
2 104 446
5 740 491 866 437 594
1 760
2 79 424
1 429
1 706
2 103 333
1 529
2 946 598
2 97 845
3 117 391 579
4 247 997 864 709
1 916
1 32
1 16
2 775 178
6 31 46 533 577 754 262
1 696
3 871 241 472
2 721 378
1 929
3 32 631 313
3 21 575 912
3 28 86 967
3 386 888 791
3 409 675 928
3 349 916 903
1 20
1 752
1 86
1 447
1 521
2 845 746
1 945
3 945 442 267
2 412 379
1 544
2 975 479
1 944
1 784
2 64 683
1 207
1 344
2 902 870
2 480 894
2 776 497
2 328 729
2 460 456
2 145 442
3 65 863 478
1 788
1 619
2 802 628
3 438 227 242
2 334 669
2 280 440
3 950 658 810
2 945 838
3 68 691 723
2 493 653
1 653
2 631 462
2 904 816
4 47 117 718 883
2 765 774
3 769 506 549
1 451
1 215
1 284
2 360 859
1 88
2 8 36
2 583 808
1 752
1 267
3 585 725 894
4 30 123 523 829
3 124 171 356
1 958
1 297
1 757
1 716
1 494
2 291 508
6 412 384 441 670 915 817
2 197 823
1 486
2 66 115
2 1 39
1 244
4 724 879 851 693
3 398 440 362
1 734
3 887 546 848
2 25 265
2 319 656
1 950
2 183 591
2 982 721
2 310 901
2 958 595
3 14 571 943
2 382 511
1 249
2 117 568
1 881
1 859
1 44
1 951
1 666
1 667
2 83 148
3 183 287 672
1 993
3 219 938 282
1 444
2 3 467
4 141 487 285 471
4 885 766 305 878
4 233 397 558 421
2 572 326
2 530 737
1 682
1 686
3 559 624 319
2 890 278
1 884
2 723 959
1 91
2 16 954
1 740
1 110
1 146
2 117 886
3 698 899 625
2 224 823
1 837
4 59 164 204 840
1 447
2 606 592
3 12 14 800
1 890
4 404 344 976 836
1 59
1 872
2 7 527
2 595 431
2 945 451
1 255
2 19 705
2 185 358
1 475
2 244 809
3 93 866 490
2 198 587
2 247 720
3 717 506 566
3 242 646 778
3 510 597 537
2 908 501
3 654 979 503
2 213 436
1 124
1 402
1 824
2 746 904
1 297
3 209 296 901
3 523 529 678
1 651
1 965
2 724 552
2 697 307
2 918 429
1 382
1 248
2 85 827
3 41 302 752
3 629 925 365
2 46 726
2 101 229
1 485
2 464 785
2 151 796
3 641 950 338
4 9 766 386 518
2 81 789
2 905 637
1 828
4 225 254 778 665
1 954
2 68 522
3 439 632 324
3 714 563 992
3 322 786 597
4 720 655 387 434
5 17 250 910 337 369
3 958 445 601
2 176 484
2 871 564
1 941
1 729
1 739
2 51 136
2 184 555
1 816
3 586 855 516
2 326 584
1 314
1 410
4 687 686 403 613
3 20 875 897
1 47
2 979 941
6 66 83 172 272 361 917
2 399 429
2 12 95
1 99
1 420
2 156 884
2 404 935
1 937
3 850 498 557
1 648
1 581
2 667 996
4 207 902 977 757
1 443
2 78 280
1 411
2 199 761
2 4 344
3 87 118 221
1 705
1 610
3 308 916 568
1 35
3 482 665 999
1 558
1 326
2 792 430
1 923
1 766
1 59
2 695 661
1 666
2 703 743
2 70 813
3 149 867 539
2 165 774
1 629
2 402 400
2 232 304
1 579
5 214 811 659 888 519
1 957
2 154 315
1 325
1 524
1 391
2 706 737
3 140 389 542
1 926
1 592
4 48 696 999 859
1 595
1 682
2 249 947
3 221 901 764
2 345 525
1 381
1 628
3 293 381 968
1 340
3 272 350 914
2 696 803
1 792
1 837
2 580 584
1 155
3 339 533 470
5 359 719 861 965 449
3 165 214 747
3 57 537 461
2 739 847
2 423 499
1 542
1 879
1 585
1 614
2 348 921
1 249
2 933 798
1 415
3 133 705 612
1 512
1 784
1 740
1 761
6 134 303 345 719 587 910
4 34 370 956 860
1 276
1 957
2 741 521
2 325 570
1 859
1 291
1 131
1 183
1 322
2 185 221
4 214 916 986 784
3 164 178 559
3 357 998 707
3 245 445 953
5 56 327 444 619 832
2 130 912
3 160 268 892
2 729 796
3 411 735 634
1 832
5 196 277 912 966 904
2 492 928
1 860
1 33
1 692
1 177
2 460 555
3 92 577 790
1 967
2 177 457
1 413
3 191 514 852
2 705 697
1 312
3 26 717 804
1 768
2 246 833
1 780
3 706 853 988
1 410
1 247
4 6 61 148 712
4 80 119 531 906
2 528 600
2 281 839
2 60 492
1 689
3 81 179 921
1 167
2 174 841
2 672 907
1 367
1 576
3 328 563 587
2 311 633
2 216 950
2 247 962
1 855
1 923
1 283
3 131 670 794
2 452 476
2 189 581
2 212 926
1 770
1 804
3 175 967 710
1 352
3 415 528 831
1 627
2 51 289
1 743
1 290
1 827
1 872
3 195 286 628
2 511 763
5 213 768 938 684 633
1 541
3 86 288 831
4 232 507 548 893
5 425 755 990 630 745
1 517
2 88 462
1 863
3 336 734 923
2 513 616
1 315
1 384
1 852
3 161 433 526
2 321 957
4 110 206 298 882
4 388 954 970 985
2 74 399
2 521 643
1 275
3 474 499 931
2 137 298
1 251
2 473 604
1 933
2 146 410
2 883 616
1 47
2 46 749
2 288 413
1 894
1 378
2 812 555
3 509 556 930
2 391 416
2 552 722
4 166 958 705 772
3 75 951 753
3 98 223 590
2 833 565
3 511 615 720
2 96 195
1 85
1 792
2 301 543
1 614
1 941
4 334 457 540 595
1 541
1 352
3 249 368 618
3 254 442 936
2 38 99
2 814 766
2 815 945
4 323 484 649 961
1 329
1 547
2 108 286
1 858
3 234 365 980
1 871
1 434
1 231
1 250
1 902
4 45 55 622 872
1 152
2 483 604
5 128 146 458 773 599
2 2 645
3 140 383 826
3 0 408 909
4 354 493 719 939
2 89 660
3 85 202 630
2 337 408
3 205 418 679
2 336 605
3 284 429 484
1 93
1 773
2 90 546
1 227
3 269 393 853
2 52 734
1 131
5 230 276 395 555 611
1 931
3 288 324 818
1 138
1 577
1 474
2 327 834
2 45 637
2 86 937
2 531 576
1 586
1 269
1 6
4 16 99 614 851
1 853
2 364 701
1 595
2 424 699
1 340
3 419 553 608
1 548
2 517 534
1 815
1 558
3 181 445 620
1 619
2 782 895
1 574
2 125 989
1 254
1 264
2 710 676
2 500 841
3 182 401 506
2 308 380
5 512 583 833 798 781
2 151 191
1 322
3 485 508 839
2 449 849
1 901
1 968
2 317 602
1 885
1 746
1 104
1 314
1 813
2 526 760
1 19
2 578 657
1 287
1 700
4 77 353 846 692
1 563
3 660 869 874
2 299 764
1 741
3 84 189 190
2 290 868
1 325
4 102 225 978 932
1 645
3 186 781 756
2 105 384
3 582 650 819
1 374
1 114
1 741
1 719
3 319 367 858
3 239 375 759
3 240 355 930
1 879
1 184
2 214 491
1 101
5 242 481 900 813 680
1 804
4 22 23 840 822
2 155 967
1 626
1 934
1 298
2 585 730
1 672
2 777 771
6 8 40 72 252 396 850
3 170 828 758
1 508
1 750
5 11 253 340 795 981
2 340 896
1 924
2 477 877
1 790
2 188 799
2 455 648
2 220 783
2 56 715
3 95 113 374
3 147 394 405
2 302 463
2 264 971
1 612
2 647 944
2 610 831
1 919
3 376 869 705
1 921
6 279 363 424 463 544 703
3 135 390 469
1 443
1 817
1 141
3 37 497 626
1 721
1 472
2 91 899
3 323 806 949
1 694
2 211 746
3 109 286 465
2 13 193
5 411 429 581 664 854
3 285 325 548
3 149 228 711
1 543
2 188 257
5 1 94 220 301 825
2 71 205
1 309
1 937
1 907
3 176 331 448
2 30 679
1 829
1 94
1 34
3 222 516 593
2 449 784
1 818
5 56 251 390 777 968
3 948 739 984
3 332 414 738
4 131 260 427 927
3 433 652 663
1 853
2 376 502
1 121
1 512
5 162 295 639 716 899
2 5 412
1 119
1 536
3 12 685 782
1 57
4 158 203 307 998
1 545
1 146
2 512 991
1 658
2 210 356
3 683 913 950
2 666 845
3 22 132 643
2 360 428
1 995
1 507
3 398 651 843
2 194 942
4 248 315 372 561
1 859
2 466 508
3 195 832 835
3 24 95 495
3 681 956 797
1 544
2 577 589
4 30 194 379 919
1 145
4 10 175 994 788
3 681 737 940
4 287 319 790 779
1 778
2 468 973
3 94 630 658
3 621 750 796
1 693
4 169 426 441 735
2 312 805
1 324
1 992
3 180 776 842
1 316
3 458 690 778
1 154
3 370 406 551
1 25
1 491
1 686
4 313 448 782 837
1 771
2 422 630
1 691
1 270
1 48
2 182 995
1 405
4 465 496 673 865
3 785 806 877
3 714 805 824
2 77 952
1 202
1 282
1 186
2 33 384
1 540
3 377 642 672
2 49 561
2 562 617
2 192 335
2 214 708
2 597 736
1 660
1 921
1 60
2 674 944
3 118 215 265
2 294 806
2 69 724
1 579
2 306 504
2 318 683
2 206 731
2 76 963
4 499 510 701 917
3 445 450 769
3 467 547 630
2 601 941
2 769 948
1 272
3 266 407 796
1 187
2 475 633
4 267 674 892 924
2 480 627
1 788
2 764 975
2 959 938
3 139 162 759
2 648 987
1 414
2 102 223
1 634
2 352 682
2 220 608
2 462 520
5 18 469 592 609 742
3 2 719 926
3 336 488 926
1 57
1 21
2 567 665
5 199 236 394 435 767
4 430 453 997 901
1 411
1 38
3 179 515 889
1 141
1 804
2 131 283
2 59 378
2 29 654
3 80 650 703
2 35 173
4 148 329 569 892
5 58 86 274 505 574
1 125
1 650
2 45 341
1 939
3 63 689 805
1 248
3 220 417 668
1 80
2 235 994
1 523
2 193 534
2 256 349
2 248 638
1 263
1 223
2 154 384
2 108 863
4 27 62 255 271
1 115
4 103 447 840 871
1 511
3 174 205 538
1 621
2 687 917
1 341
1 930
3 264 713 746
1 672
5 229 297 398 635 860
3 173 356 573
2 53 156
3 192 295 451
1 317
1 473
2 481 728
1 289
1 580
2 326 429
1 108
3 152 446 451
1 758
1 404
1 214
4 142 156 365 441
3 344 831 896
1 303
2 702 774
1 98
4 420 478 704 820
1 952
4 371 489 516 963
2 688 840
1 308
6 392 494 854 855 955 929
3 43 127 740
2 155 452
2 150 926
4 541 667 898 977
2 528 596
1 656
2 422 532
2 677 975
1 350
1 559
3 351 603 727
3 244 508 844
2 581 876
1 777
5 100 330 343 554 834
1 765
1 231
3 168 700 822
5 163 164 187 277 562
2 47 138
2 59 397
2 738 835
1 714
6 129 186 226 314 486 758
2 238 545
3 122 807 922
1 444
3 259 320 524
1 926
2 430 771
3 385 432 522
5 120 208 230 327 544
3 104 257 844
1 42
1 563
1 487
4 73 830 923 989
1 101
2 300 411
1 451
4 153 459 497 675
3 402 636 737
2 46 987
3 44 62 524
2 107 698
1 977
2 127 780
2 65 128
4 106 167 843 934
1 272
4 77 356 930 972
1 656
2 290 343
1 568
1 686
1 228
1 998
1 738
1 524
1 441
2 846 969
1 469
2 623 963
2 40 512
1 755
2 323 787
3 42 91 243
2 776 881
2 762 802
1 355
2 141 860
3 443 752 983
3 50 367 394
