100
2 42 73
3 74 68 46
1 31
1 32
3 65 28 96
1 98
2 32 82
4 18 99 87 70
2 98 50
1 59
2 21 44
1 13
1 25
2 11 82
3 38 44 32
1 20
2 28 89
2 35 53
4 7 51 22 49
2 54 74
2 15 82
2 10 31
2 72 18
1 40
1 25
3 12 24 89
1 63
1 35
2 4 16
4 64 72 36 43
2 94 46
2 2 21
3 3 6 14
2 80 42
2 40 39
2 17 27
1 29
2 69 74
3 14 76 89
1 34
3 23 34 97
1 80
4 0 86 33 93
2 57 29
2 10 14
1 46
5 1 59 83 30 45
1 83
1 86
1 18
1 8
2 18 95
2 75 53
4 55 17 88 52
1 19
3 58 72 53
1 80
1 43
1 55
3 60 46 9
1 59
1 89
1 97
2 76 26
1 29
1 4
1 90
2 79 78
2 1 71
1 37
1 7
1 68
3 55 29 22
1 0
5 1 79 37 97 19
1 52
3 63 38 85
2 83 84
3 67 93 81
3 67 74 91
3 56 41 33
1 78
3 6 13 20
3 77 46 47
2 77 92
2 76 98
4 99 42 89 48
1 7
1 53
5 61 16 25 86 38
2 66 98
1 79
1 84
2 78 42
1 30
1 51
1 4
3 62 74 40
4 5 8 85 90
2 7 86
