1000
1 354
3 514 95 83
1 191
4 394 76 569 289
2 544 42
3 761 96 532
1 101
2 816 104
4 222 429 701 125
2 643 173
5 931 173 387 800 783
2 821 794
1 291
5 395 852 201 86 528
1 790
1 211
2 544 933
2 90 824
2 549 214
2 378 789
2 649 792
1 104
2 924 778
3 880 477 33
2 38 839
2 375 451
2 470 841
2 976 813
2 618 472
2 517 102
2 985 976
1 152
1 917
2 23 390
2 999 496
3 110 546 641
3 366 185 888
1 590
3 24 526 997
1 243
1 187
1 915
2 4 978
2 954 266
1 746
2 142 742
2 872 657
1 604
3 963 627 62
1 887
4 857 391 347 614
1 285
1 742
2 886 771
1 359
1 276
1 697
2 245 316
2 475 292
1 326
2 146 573
2 229 360
2 48 575
1 397
2 675 107
3 828 625 467
3 329 639 903
2 740 80
2 901 174
2 239 471
2 761 74
4 906 605 311 879
1 325
2 893 602
1 70
5 420 212 150 163 535
3 3 261 166
1 427
2 917 391
1 513
1 67
2 601 748
1 127
1 1
1 627
2 141 990
1 13
1 317
2 855 417
2 423 659
3 17 449 607
4 399 705 757 531
3 258 664 263
5 447 924 247 492 431
1 974
4 1 822 236 655
4 5 785 757 896
1 117
4 326 578 517 411
2 346 445
1 275
3 6 422 823
1 29
2 284 168
3 7 21 329
1 776
1 446
4 64 632 386 338
2 496 141
2 647 664
2 35 922
2 333 962
2 509 690
2 192 487
2 543 312
3 134 576 152
3 632 372 566
3 97 820 645
1 438
2 882 454
1 987
3 290 472 998
2 261 723
1 833
1 447
2 8 204
1 893
3 82 792 953
2 272 501
3 416 516 187
1 882
1 661
3 553 609 509
2 717 975
2 115 273
2 437 913
3 558 977 802
4 254 433 540 925
2 706 466
2 280 642
3 930 392 668
2 85 108
1 45
3 523 435 449
2 979 942
1 989
4 60 920 963 988
2 730 455
2 616 497
1 239
1 75
2 512 701
6 31 115 674 515 479 436
2 819 838
1 366
2 589 186
1 339
1 815
1 717
2 761 279
1 500
1 272
1 190
2 75 793
2 869 349
1 572
2 76 554
3 344 834 422
3 103 430 175
2 741 619
2 666 876
1 799
1 179
3 9 10 511
2 68 784
2 168 965
1 976
3 573 406 938
1 474
3 172 297 975
2 547 804
1 907
1 886
2 485 623
2 969 359
3 36 467 221
3 155 258 356
4 40 129 239 291
1 714
1 684
2 162 689
4 2 933 474 877
3 113 440 700
2 406 336
5 676 413 857 859 644
3 303 713 621
2 678 758
2 990 386
2 773 842
1 819
1 248
5 13 836 264 872 541
2 575 907
1 767
1 125
1 837
1 624
1 241
2 690 277
1 574
2 216 962
2 15 710
2 75 217
2 468 889
3 18 714 808
3 412 226 670
1 210
3 212 369 829
1 635
1 604
2 754 335
1 185
2 8 534
1 453
2 967 559
2 727 449
1 215
1 847
1 604
1 61
1 523
2 790 505
1 663
1 943
2 930 918
1 913
2 95 604
2 333 268
1 861
5 69 149 187 831 246
1 506
5 207 691 724 971 456
1 675
2 39 772
2 281 860
4 57 522 804 361
2 239 373
1 93
3 200 706 265
1 262
1 752
3 690 500 371
1 559
2 600 782
1 137
3 809 312 367
2 798 768
1 520
3 92 186 508
2 648 870
1 487
2 76 122
2 249 638
2 92 809
3 201 365 418
1 248
2 43 910
1 648
3 237 439 629
1 380
1 542
2 788 914
3 128 161 770
2 134 873
1 306
3 100 453 920
5 55 552 580 985 864
2 208 676
1 337
2 159 424
1 139
2 244 882
3 375 610 712
1 473
3 103 871 570
2 51 975
2 963 902
3 585 753 972
1 587
2 3 428
2 121 959
2 12 187
2 58 969
1 524
1 352
1 732
2 351 765
2 179 419
1 934
3 770 755 898
1 681
1 682
1 773
3 195 520 584
1 761
2 484 350
3 274 909 795
2 410 422
1 869
2 669 559
1 373
5 71 383 772 379 891
4 114 255 932 330
1 414
3 324 744 523
2 976 626
2 57 945
2 87 837
1 839
1 431
1 673
2 863 325
2 820 480
3 427 807 855
1 314
5 72 321 490 815 560
2 59 98
1 395
1 810
3 66 104 924
2 312 911
1 759
2 600 752
4 111 237 955 658
1 699
2 220 651
1 193
3 278 555 867
1 107
2 156 430
2 650 428
1 823
1 648
1 689
2 167 969
2 705 936
2 99 603
1 50
2 951 968
2 164 685
2 305 682
2 296 504
2 294 689
1 689
3 0 487 569
2 579 694
1 186
2 600 619
1 387
2 54 184
3 61 716 767
1 245
2 670 382
2 796 665
1 714
1 264
3 36 154 431
3 255 973 734
1 403
3 217 617 871
1 420
1 251
3 116 606 587
3 246 310 943
5 524 915 785 608 928
4 25 282 811 799
3 398 555 847
1 787
3 19 409 385
2 311 419
2 269 945
1 730
1 362
3 311 858 722
1 427
2 378 578
2 107 197
3 10 358 490
1 470
1 785
3 33 782 505
2 50 78
1 140
1 751
1 3
3 13 327 708
2 608 612
2 63 773
4 376 499 865 947
2 91 704
2 690 996
2 924 927
1 848
4 368 545 677 840
1 991
1 622
2 177 193
1 640
3 492 604 991
1 378
1 307
2 98 929
2 215 886
1 194
2 313 493
1 590
1 129
1 88
5 264 601 565 927 862
2 297 379
4 75 370 478 873
1 992
3 101 167 307
4 89 825 698 820
2 279 901
1 806
1 611
3 77 323 384
3 289 340 836
1 8
2 168 339
6 93 319 366 624 941 794
1 583
1 137
1 789
2 143 834
1 152
1 135
6 118 506 662 906 457 848
3 268 654 851
1 192
1 828
2 471 854
1 615
5 540 585 719 806 763
1 99
4 106 719 851 679
2 93 124
2 711 760
3 90 143 225
1 850
3 25 833 830
1 901
3 223 275 464
1 119
1 147
1 241
2 438 993
2 857 747
1 584
1 580
1 693
2 518 637
1 632
2 453 512
2 868 973
3 138 852 724
2 65 185
2 213 819
3 993 819 729
3 26 388 820
2 69 442
3 28 121 530
2 283 629
2 178 191
1 58
1 687
1 23
1 420
1 152
4 322 984 817 810
1 529
1 565
2 755 781
3 305 747 593
2 183 974
3 953 690 620
3 113 260 354
1 638
1 970
3 325 387 906
1 577
2 93 408
4 414 841 577 537
1 511
1 875
2 34 108
2 148 586
1 883
3 398 642 740
2 160 251
2 128 516
2 832 985
1 659
3 351 950 539
3 231 390 689
3 240 438 913
1 825
2 258 843
3 112 132 986
3 556 525 827
2 173 494
5 151 464 683 660 927
2 79 847
1 1
1 152
2 129 501
4 29 98 707 885
2 462 919
1 812
4 257 303 563 604
1 832
1 245
3 143 230 314
2 293 374
5 510 635 906 916 536
1 38
1 543
2 13 718
2 481 735
2 472 550
2 91 603
1 5
1 620
2 222 845
2 75 703
1 525
1 493
1 848
1 504
3 137 444 557
3 201 594 980
3 270 593 832
3 114 527 770
3 4 16 728
3 403 663 656
2 35 749
1 180
1 731
5 18 676 699 599 791
1 530
1 957
1 276
1 132
1 166
2 337 376
1 510
3 540 631 633
2 136 815
3 224 252 309
1 325
2 765 946
2 656 776
4 520 989 994 680
1 597
2 418 482
1 116
2 938 733
1 765
2 3 354
1 284
2 944 849
2 165 782
3 60 177 967
2 209 632
2 62 202
6 115 695 847 935 839 850
5 491 493 638 974 667
3 98 385 966
1 355
3 276 460 900
1 710
1 752
2 432 632
3 303 459 737
2 287 444
2 497 820
3 288 372 992
1 750
1 155
3 37 415 783
2 855 893
1 729
3 484 542 715
1 541
1 601
1 925
2 564 793
1 768
1 549
3 253 332 357
4 81 418 595 835
2 73 730
2 346 531
7 47 219 228 236 408 520 780
2 71 882
1 372
2 90 766
3 374 396 762
1 132
1 282
2 426 616
1 396
2 841 960
1 50
2 443 860
2 148 611
2 369 739
2 28 924
2 169 357
2 486 533
1 195
2 405 781
1 183
2 206 431
1 65
1 315
2 48 84
2 653 640
2 268 473
1 778
1 557
5 107 116 463 574 583
1 557
1 974
3 218 525 956
1 764
1 462
3 262 488 577
1 66
2 407 628
2 35 958
2 139 499
1 9
1 194
1 117
1 698
2 109 897
5 259 267 342 765 761
1 20
1 340
1 335
1 767
3 628 974 769
2 439 666
1 95
3 545 562 903
1 46
3 333 745 945
2 89 503
3 512 689 668
2 131 775
1 438
4 232 545 745 694
4 92 109 904 909
1 363
2 170 654
1 577
3 140 660 742
2 309 905
3 215 362 687
1 972
1 808
2 320 893
1 152
2 64 242
4 194 277 549 949
2 403 738
4 196 731 759 779
2 446 921
1 563
2 300 789
2 301 350
2 512 853
2 189 836
1 349
1 787
3 476 670 777
1 719
6 190 343 352 353 505 660
5 112 208 251 400 486
1 241
1 777
2 461 771
2 355 663
2 576 814
1 804
2 56 842
2 423 646
2 334 549
1 192
3 8 151 711
1 869
1 535
2 399 738
2 91 345
3 138 248 979
1 517
1 395
1 792
3 211 581 740
2 448 701
2 282 961
2 195 861
3 188 214 364
2 593 841
2 360 796
3 133 158 743
1 528
4 444 446 688 899
1 995
1 984
1 383
2 122 894
2 241 466
2 970 842
1 775
1 225
1 544
2 469 592
4 147 381 602 774
3 548 678 885
3 295 885 825
1 567
1 367
3 529 866 950
1 885
1 584
2 677 704
2 617 856
4 67 499 710 886
1 169
3 45 52 668
1 717
4 314 746 753 875
3 658 663 951
2 44 744
2 458 484
1 81
1 546
2 588 757
2 393 765
3 250 332 582
3 287 744 976
2 220 766
2 299 483
1 986
3 91 96 750
1 196
2 331 678
1 448
5 5 70 159 304 648
3 608 837 895
1 444
2 636 933
6 296 561 568 648 751 887
3 607 754 786
3 203 360 652
3 256 598 822
1 653
5 272 299 543 851 937
2 53 693
2 243 311
3 198 302 397
1 730
3 661 726 779
2 105 562
2 687 692
2 22 630
2 678 775
2 604 954
2 483 622
3 253 390 572
3 10 590 908
1 174
3 96 374 389
1 766
3 377 686 806
2 271 933
3 19 434 681
3 14 231 957
1 549
3 20 127 709
2 163 597
2 11 431
1 306
4 363 716 841 869
2 948 862
1 256
2 171 375
1 10
1 988
1 136
1 835
3 180 245 696
1 859
3 425 444 787
1 323
2 214 672
2 255 263
3 328 480 874
2 375 872
2 519 997
1 27
1 695
3 157 325 558
1 7
1 480
1 928
4 153 199 468 469
5 117 322 423 470 586
1 11
2 95 768
2 101 341
1 17
3 423 507 732
2 971 982
2 510 890
2 65 441
1 217
1 451
2 239 995
3 502 521 542
4 123 451 926 844
2 167 435
2 601 803
4 201 428 684 855
3 205 317 762
1 153
3 24 318 576
1 403
5 26 493 613 715 796
3 198 697 725
1 508
1 833
1 534
1 947
4 227 376 513 576
3 402 438 538
4 571 863 964 923
2 450 576
4 439 446 770 886
3 13 466 884
1 683
1 442
4 88 323 591 836
2 739 934
3 50 194 458
1 383
2 194 805
2 244 615
2 238 713
2 418 797
2 321 849
1 276
2 398 981
1 735
1 337
1 465
5 164 308 702 796 892
1 259
2 284 369
3 46 201 811
2 273 420
1 810
2 495 744
1 170
1 191
1 945
1 71
1 23
1 991
4 119 130 281 605
2 498 933
1 852
5 517 731 732 736 912
5 53 182 412 740 851
3 49 765 914
1 36
1 213
1 827
1 311
1 869
4 73 126 591 673
1 723
1 762
1 96
1 647
1 299
2 719 983
1 580
3 68 424 452
1 286
2 66 656
1 664
1 669
4 71 438 490 525
2 181 202
1 783
2 306 664
1 266
1 330
1 885
3 135 235 506
2 271 887
3 41 374 939
1 525
2 32 78
1 234
2 518 938
2 146 275
1 679
1 110
1 849
5 22 93 329 401 618
2 137 596
1 833
3 401 418 512
3 374 818 940
1 411
2 140 234
2 10 985
1 312
5 16 191 764 788 883
2 298 856
1 576
1 345
1 770
3 177 567 919
1 915
1 928
1 431
1 144
2 233 373
1 571
4 316 380 658 878
1 561
2 398 846
1 797
1 676
2 504 735
2 348 745
1 989
2 127 486
2 43 780
1 333
1 635
2 551 790
2 641 964
1 290
1 613
1 712
2 111 210
3 48 146 286
3 849 958 987
1 175
1 578
2 224 573
2 348 970
3 184 292 344
3 489 725 968
2 241 826
2 287 671
2 367 465
5 94 485 577 634 653
3 133 179 285
5 27 30 176 315 753
2 136 992
1 42
2 144 706
1 541
1 865
1 826
1 899
2 480 721
4 30 276 502 931
2 509 756
2 120 964
2 146 801
3 145 563 952
2 85 197
3 404 408 881
3 421 587 977
2 457 469
1 563
2 720 831
1 400
2 38 812
1 121
1 34
