200
1 78
4 85 18 117 66
2 163 25
2 142 32
2 164 157
5 86 170 50 21 111
1 25
2 182 155
2 81 97
2 126 104
3 80 45 177
1 151
2 174 132
1 124
1 151
2 37 118
3 73 129 180
2 178 123
3 1 61 42
1 93
2 122 152
1 5
2 172 91
5 96 182 58 107 95
1 64
3 2 6 73
1 154
2 48 106
3 67 104 199
2 61 148
1 167
1 96
2 3 51
1 178
2 143 102
3 185 84 135
2 194 188
4 15 181 191 197
2 150 99
2 109 142
1 80
1 47
2 114 18
1 159
2 118 186
2 10 103
1 138
2 41 139
2 27 141
1 59
5 5 112 169 62 174
1 32
1 127
1 57
1 98
1 192
1 108
5 140 53 149 193 100
1 23
3 143 49 63
1 106
2 18 29
3 50 79 92
1 59
3 24 98 181
3 125 146 81
2 1 94
1 28
1 76
1 95
1 136
3 161 93 172
1 86
3 16 25 182
2 130 94
1 139
2 139 68
1 139
3 0 117 106
1 62
3 10 40 95
4 8 65 159 162
1 150
1 93
1 35
1 1
3 5 144 72
2 182 184
1 113
1 198
3 124 107 198
1 22
5 116 122 62 173 184
3 19 71 83
3 66 169 74
6 23 127 157 69 80 187
2 23 31
3 8 166 167
3 54 64 101
1 38
1 57
2 109 98
3 34 149 170
1 45
2 9 28
1 116
3 27 60 78
2 23 90
2 139 56
5 39 137 133 184 101
1 124
2 5 147
3 120 50 195
3 134 88 131
1 42
2 131 154
2 92 105
2 1 78
3 15 44 192
2 172 178
1 112
1 122
4 20 121 92 168
2 17 150
4 110 13 90 156
1 65
2 9 182
2 95 52
1 155
1 16
1 74
3 113 115 180
1 12
3 109 139 135
1 113
3 35 133 151
2 178 70
2 109 171
2 169 46
6 133 108 76 47 77 75
1 57
1 48
3 3 39 145
3 34 194 59
1 86
1 142
2 190 65
1 111
2 29 179
2 57 102
4 123 38 82 153
3 11 14 135
1 20
1 150
2 115 26
2 7 128
1 124
2 4 95
2 189 173
2 43 81
1 168
1 71
2 174 81
1 2
1 4
2 193 196
1 97
3 30 97 183
2 122 160
4 138 50 94 172
3 5 102 176
1 137
4 119 22 71 169
2 158 92
3 12 50 162
1 198
1 170
1 10
4 17 119 33 136
1 148
2 16 131
2 37 64
5 7 23 126 73 87
1 167
3 109 87 92
1 35
1 44
1 95
1 36
1 158
1 146
1 37
2 118 55
2 57 165
2 36 143
1 112
1 165
1 37
3 175 89 90
1 28
