600
1 55
2 497 58
2 385 98
5 561 98 226 485 477
1 162
1 116
2 48 502
2 327 119
2 219 480
2 389 482
1 58
1 559
2 22 510
2 273 512
2 587 494
1 368
2 306 56
2 592 587
1 87
1 555
3 62 324 383
1 351
3 12 312 599
1 137
1 105
1 454
4 522 228 199 364
1 159
2 540 469
1 205
1 152
1 423
2 139 179
2 276 163
1 185
2 128 206
2 407 61
3 187 381 548
2 450 45
2 134 274
4 549 358 174 537
1 184
5 246 117 86 93 316
2 555 228
1 303
1 38
1 72
2 249 396
3 6 263 360
4 231 429 461 314
1 559
1 585
1 461
1 68
4 185 343 306 239
3 0 248 501
1 16
1 158
3 1 10 187
1 473
1 262
4 36 376 225 194
2 20 557
2 190 578
2 300 417
2 322 175
3 78 341 87
3 376 215 337
3 53 500 387
1 257
2 538 265
1 594
3 46 482 573
2 150 295
3 244 305 105
1 538
3 329 361 300
2 436 586
2 66 151
2 256 553
3 333 588 486
4 143 253 320 560
2 155 384
3 310 254 263
2 366 292
1 134
1 42
6 18 66 406 304 279 255
2 499 509
1 496
1 436
1 294
1 150
2 42 483
2 530 201
3 196 508 248
2 401 535
1 100
3 2 3 302
1 587
3 97 165 586
2 325 487
1 540
2 283 371
2 582 205
4 24 74 134 162
1 433
5 408 241 522 524 386
2 410 462
1 225
2 471 513
1 499
1 466
2 417 153
1 340
2 121 578
2 5 432
2 42 122
2 271 541
3 7 433 490
3 240 126 403
1 115
3 117 212 505
1 379
2 458 192
2 443 263
1 120
1 515
1 35
1 310
1 399
1 567
1 553
2 190 147
5 39 85 105 506 140
1 298
1 407
2 23 470
2 156 525
4 32 309 487 207
2 134 216
1 145
3 417 294 214
1 81
2 491 175
2 141 380
1 491
3 133 258 374
1 221
1 321
3 73 92 468
2 78 532
5 30 328 345 592 527
2 113 408
1 193
1 82
2 138 538
1 275
3 57 531 338
2 27 586
3 348 457 584
1 350
2 4 105
2 33 582
1 446
2 100 245
1 563
3 468 459 545
1 412
1 471
2 282 202
2 238 248
1 530
1 216
5 40 223 470 220 543
4 65 144 562 188
1 242
3 183 452 310
2 587 372
2 32 569
1 510
2 526 184
2 500 280
1 177
5 41 181 287 496 334
2 34 54
1 492
3 37 58 559
2 175 551
1 463
4 63 133 574 395
1 425
2 124 390
3 154 330 529
1 61
1 501
2 95 582
2 429 565
1 357
1 26
2 572 581
2 94 413
2 170 412
2 344 420
1 226
2 29 104
3 35 435 466
1 139
2 403 222
2 484 400
1 433
1 234
3 122 367 531
1 246
1 142
3 67 359 350
3 140 173 567
3 230 330 515
1 479
3 8 237 224
2 174 245
2 148 569
1 208
3 174 523 440
2 219 343
2 61 109
3 3 204 287
1 273
2 26 43
1 471
4 217 293 528 570
2 49 428
2 417 598
1 516
4 211 323 409 511
1 370
1 382
1 219
1 171
1 54
2 120 540
1 107
2 176 289
1 351
1 74
2 165 220
4 42 213 278 532
1 595
3 55 95 171
4 47 503 424 500
1 489
1 362
1 347
1 81
2 83 508
1 87
1 79
6 69 298 398 549 266 516
3 147 393 519
2 274 520
1 365
5 320 348 437 489 464
4 60 437 519 411
3 48 83 125
1 518
1 70
2 257 596
2 522 455
1 345
1 419
1 376
2 118 499
3 596 499 444
3 13 227 500
2 39 259
2 157 374
1 33
1 415
1 246
1 87
4 182 591 498 492
2 459 476
3 170 455 353
2 103 585
3 573 417 369
1 380
1 583
3 184 226 549
1 342
4 242 512 342 318
1 302
1 534
2 84 349
3 230 384 450
2 91 142
2 73 305
2 507 592
1 396
3 135 257 553
1 503
3 64 76 593
3 331 311 504
2 98 290
2 44 515
1 87
2 74 295
4 16 54 430 539
1 493
1 507
1 139
3 83 129 177
5 301 379 549 554 317
1 22
1 322
2 49 357
1 369
2 42 427
1 311
1 289
1 516
3 81 261 332
3 149 353 507
3 65 313 468
3 234 399 394
2 20 456
1 101
1 445
5 7 408 425 356 481
1 152
1 76
2 193 217
1 301
3 320 375 377
2 80 496
1 184
2 394 473
1 355
1 67
1 158
2 568 517
2 114 376
6 66 421 515 564 510 518
5 288 289 380 585 402
3 54 224 580
1 203
3 152 268 547
1 432
2 252 376
2 160 261
2 292 500
3 161 215 595
3 21 243 477
1 444
3 282 321 434
1 560
2 336 483
1 327
2 198 314
2 40 538
1 215
2 48 465
1 76
2 251 366
2 512 577
1 26
2 260 525
2 84 362
2 212 449
2 15 559
2 284 315
2 235 476
1 103
1 178
2 392 382
2 147 275
1 332
5 61 67 270 340 347
1 332
1 585
3 123 311 575
3 145 285 342
1 37
2 236 373
2 20 576
2 82 293
1 2
1 107
1 68
1 424
1 9
1 192
1 466
3 373 585 467
2 258 401
3 323 335 548
3 190 453 569
2 47 297
1 472
1 257
4 130 323 453 420
1 209
2 96 393
1 342
3 120 208 415
1 584
1 490
1 87
2 36 136
4 107 153 327 571
2 234 448
4 108 445 463 475
2 262 556
2 168 202
1 201
1 479
3 277 403 474
1 437
5 64 113 142 232 284
1 474
2 269 469
2 203 399
2 341 495
1 487
2 31 513
2 249 388
2 191 327
1 530
1 316
2 231 448
2 49 197
1 306
1 482
3 116 346 450
3 106 119 210
2 353 512
2 206 484
3 77 90 451
4 261 262 416 546
1 597
1 591
1 223
2 583 513
1 472
1 125
2 272 352
3 326 410 539
3 164 539 503
1 539
2 409 428
2 367 521
4 38 293 432 540
1 436
4 177 454 457 534
3 395 399 572
2 25 452
2 267 282
1 324
3 160 452 587
2 124 465
2 167 281
1 593
2 49 52
1 108
2 189 410
1 261
3 360 458 478
3 112 206 391
1 392
5 150 167 322 519 566
2 28 419
2 137 174
3 110 169 229
3 397 442 475
2 59 335
2 415 418
2 410 472
2 281 370
3 3 351 550
1 465
3 218 414 489
1 8
1 327
3 9 72 431
2 93 355
4 209 435 512 530
1 3
1 80
3 101 139 422
1 524
3 250 261 479
2 119 405
2 144 146
3 186 280 533
2 307 599
1 14
1 421
3 89 184 333
1 1
1 280
4 88 111 271 272
5 68 182 249 273 349
2 55 195
1 6
3 249 299 446
2 301 542
1 122
2 134 597
3 296 308 321
2 95 254
1 88
3 12 180 341
1 234
5 13 289 363 434 484
3 110 423 441
1 570
4 127 217 303 341
3 233 257 319
4 339 526 579 558
2 264 341
4 258 262 468 540
1 259
2 449 563
3 26 107 267
1 223
2 107 488
2 138 365
2 181 517
1 152
2 230 589
1 193
5 94 172 426 484 544
2 158 212
2 151 246
1 492
2 291 452
1 96
1 569
1 40
4 70 75 156 358
5 306 445 446 447 552
5 28 102 240 450 519
1 118
1 504
1 174
1 530
1 167
2 437 590
1 345
2 37 394
4 40 257 287 311
1 477
1 188
1 539
3 79 132 298
1 311
2 19 43
1 411
1 62
1 517
4 11 50 187 368
2 81 354
2 3 592
1 175
2 166 521
1 341
1 197
1 468
2 131 216
1 339
4 179 221 395 536
2 230 514
1 408
2 200 453
2 72 284
1 190
1 379
2 383 579
1 363
2 63 115
3 517 576 594
1 343
2 200 583
3 104 163 196
3 286 441 581
2 160 404
5 51 283 342 378 392
3 77 100 159
5 14 17 99 178 457
2 80 595
1 528
1 546
2 280 439
4 17 152 296 561
2 300 460
2 71 579
3 247 350 588
2 266 272
2 438 506
1 232
2 22 493
