200
1 27
3 2 176 109
2 1 63
1 184
1 85
1 182
3 143 139 136
4 133 93 197 97
3 132 116 198
2 44 28
2 145 90
1 133
2 171 148
3 113 105 85
1 28
2 146 169
1 171
5 116 96 88 158 77
1 46
3 125 28 53
3 157 178 46
1 182
1 144
1 146
1 117
1 180
5 89 143 158 191 92
3 0 66 153
7 9 14 19 40 104 62 56
2 117 120
1 96
2 182 68
1 33
2 32 85
1 137
1 164
1 75
1 178
3 192 81 149
1 123
1 28
1 48
1 90
3 116 123 161
3 9 182 141
1 64
4 18 20 88 51
1 106
3 117 41 167
2 122 144
2 181 107
2 46 152
2 194 102
1 19
3 111 153 192
2 151 167
1 28
1 87
1 117
1 62
2 147 93
1 64
2 28 59
2 2 130
3 45 61 88
2 111 118
2 27 150
4 160 79 73 177
1 31
1 85
1 190
1 108
1 150
2 67 190
1 97
2 132 36
1 189
1 17
2 137 184
1 67
3 114 133 101
1 38
3 124 174 189
1 171
1 182
5 4 13 33 69 188
2 162 187
2 57 183
3 17 46 64
1 26
3 10 42 93
3 142 159 103
1 26
4 7 123 60 90
2 160 168
1 121
3 17 30 169
2 7 74
1 144
1 173
1 149
1 80
4 126 136 52 163
1 91
3 28 168 195
3 13 180 185
3 47 167 107
3 147 50 106
4 196 150 127 71
1 1
1 111
3 110 65 54
1 177
1 13
2 164 80
2 179 142
4 8 43 168 17
4 24 48 29 58
2 65 199
1 120
3 154 29 119
2 95 186
1 49
4 144 43 39 93
2 82 129
3 19 153 128
1 102
1 108
1 125
1 124
2 63 158
1 144
3 8 171 75
3 7 11 80
1 161
2 182 175
2 6 102
3 34 160 78
1 147
1 6
1 196
2 44 174
3 115 91 187
2 6 26
5 22 123 131 98 49
1 10
2 15 23
5 138 107 179 60 166
1 12
2 38 100
3 108 66 72
1 55
1 51
3 125 27 54
1 120
2 170 162
1 179
2 20 172
3 17 26 130
1 91
3 137 94 67
2 134 43
2 155 86
2 102 165
2 114 35
1 163
1 147
3 48 55 106
3 116 94 104
2 15 96
1 155
4 12 16 132 83
1 157
2 174 99
3 141 173 82
1 135
1 1
2 112 67
2 20 37
4 115 147 156 185
2 25 105
1 50
6 5 21 31 135 44 84
2 186 87
2 3 78
2 179 105
3 121 183 187
3 142 186 86
1 85
2 76 82
2 70 73
1 26
2 38 54
1 198
1 52
1 104
2 108 140
1 7
2 8 193
1 118
