600
1 107
2 320 397
1 518
3 6 540 330
2 60 505
1 164
2 3 186
1 266
1 241
1 556
3 450 443 436
1 363
1 97
4 431 279 590 286
3 421 352 596
3 253 252 300
1 437
4 389 109 257 529
1 191
1 393
1 133
1 512
1 251
1 525
1 520
4 215 127 268 334
2 498 358
1 560
3 85 455 107
1 180
2 139 87
2 452 272
4 439 129 96 118
1 591
3 126 322 284
1 591
2 110 180
1 431
2 441 51
1 363
2 383 48
2 526 464
3 311 347 241
1 298
1 87
5 339 225 369 250 189
2 458 524
1 376
5 40 147 287 579 393
3 580 264 239
1 66
2 38 131
1 526
5 285 269 489 352 214
2 438 260
1 513
1 149
5 592 249 304 273 78
3 388 87 165
2 146 251
2 4 326
3 190 490 103
3 487 547 149
1 556
1 451
1 122
2 50 201
2 357 354
3 584 580 483
2 253 516
2 331 126
2 378 430
2 441 582
1 219
1 375
1 552
1 155
5 270 450 489 570 274
2 57 356
1 478
1 235
1 283
2 558 121
2 374 346
2 275 252
3 28 258 435
1 201
7 30 44 58 125 306 183 169
1 109
2 377 357
1 560
1 285
1 457
1 292
1 259
4 385 155 595 398
5 32 365 328 243 337
3 12 497 422
1 465
3 468 112 111
1 228
1 548
1 393
1 61
2 402 444
1 556
2 112 428
2 0 28
1 355
2 17 88
4 36 234 355 560
1 99
3 99 106 241
1 440
3 172 170 396
1 488
1 510
1 210
3 32 141 287
2 277 307
1 250
2 82 518
2 65 180
1 547
1 382
1 87
3 34 70 152
3 25 470 403
1 272
3 32 264 292
3 563 174 344
1 51
2 386 369
3 20 589 308
3 352 382 502
2 153 295
2 164 158
4 324 310 171 293
2 387 415
3 30 556 447
1 179
2 118 437
3 493 373 229
2 161 218
1 249
1 187
1 59
1 48
4 226 394 371 246
4 56 62 269 160
2 308 376
1 314
3 126 521 357
4 135 594 375 291
2 394 323
2 76 95
2 379 451
2 236 202
1 136
2 554 317
2 149 473
4 143 542 184 598
3 312 476 315
1 582
3 5 136 343
1 58
2 588 555
2 333 548
2 472 521
1 87
3 114 536 581
2 137 545
1 114
2 506 331
2 130 427
1 265
1 396
1 357
2 461 279
5 140 351 256 412 514
5 29 36 122 468 509
1 187
1 243
1 87
2 161 426
2 313 553
2 6 417
3 145 181 269
2 333 522
1 45
3 61 543 577
3 18 592 291
1 226
4 221 496 208 544
3 245 249 367
1 549
3 505 290 371
1 341
1 211
1 313
3 438 263 387
3 66 86 241
3 157 475 579
1 568
2 225 507
1 238
2 599 456
3 519 497 370
2 193 568
1 286
2 117 421
2 198 397
1 243
1 349
1 53
1 25
1 563
1 470
1 143
2 73 277
1 440
1 193
2 267 438
1 506
3 348 431 301
5 45 204 454 588 574
3 148 192 462
3 589 513 418
2 100 390
4 142 343 397 550
2 533 567
1 526
1 527
1 557
1 110
2 80 403
2 157 471
1 483
2 205 422
3 49 446 565
3 375 528 469
5 8 42 112 201 564
1 258
4 96 182 212 569
2 595 428
1 194
1 148
1 569
1 579
4 57 144 194 268
2 45 120
3 22 59 381
2 15 84
3 15 69 372
1 564
1 333
1 179
1 17
4 85 242 429 390
3 94 432 297
3 54 288 549
1 367
2 527 276
1 200
5 49 129 562 503 332
3 175 599 557
3 7 527 546
2 222 552
3 25 249 395
3 53 149 187
1 77
1 288
3 31 128 279
4 57 448 305 491
1 77
1 84
1 262
4 119 219 481 281
1 405
4 13 178 272 382
2 523 496
2 277 520
1 475
3 81 378 457
2 34 380
3 53 91 524
2 13 209
2 48 118
3 260 271 492
1 508
3 196 401 333
2 153 191
2 93 129
2 137 599
1 323
2 135 532
1 451
2 259 343
4 43 413 471 575
1 531
1 15
1 224
1 436
1 361
1 57
1 273
3 87 583 523
2 119 366
2 133 150
1 318
2 137 410
3 42 552 559
1 162
3 185 199 565
3 151 317 521
1 162
2 592 488
3 159 314 461
2 309 319
3 318 537 508
3 1 363 494
1 381
3 34 586 411
2 154 294
1 137
1 519
1 60
3 389 359 336
2 96 400
1 338
1 3
2 70 173
1 264
4 167 188 255 290
1 25
1 548
4 327 409 405 453
1 96
2 329 354
1 45
1 544
3 197 594 542
1 536
3 164 229 297
2 130 538
1 370
1 83
1 42
2 224 510
2 213 494
2 551 448
3 179 579 479
4 14 53 134 523
1 395
2 67 338
3 108 110 527
1 78
5 67 89 152 177 573
4 26 365 476 414
1 327
2 370 543
3 303 384 408
1 582
3 11 39 320
1 512
2 96 358
1 307
2 194 261
1 475
2 45 132
4 207 345 360 576
3 148 196 542
2 253 395
1 142
2 83 427
3 74 153 240
5 47 150 591 377 541
3 89 376 481
3 71 283 561
1 156
1 284
3 251 321 595
4 124 134 279 451
1 40
1 361
3 95 484 408
1 132
2 138 200
3 58 478 404
3 17 327 437
2 228 258
1 586
1 482
3 19 48 102
2 148 154
4 268 353 372 429
2 114 176
3 1 211 229
1 95
1 546
1 328
2 290 499
1 104
4 127 235 537 593
1 388
3 278 336 460
2 574 501
1 536
2 361 385
1 336
1 310
3 322 517 477
1 179
1 298
1 358
1 138
1 482
2 186 489
1 227
1 451
1 495
3 14 210 526
3 97 238 535
1 564
1 427
1 469
1 184
4 174 374 424 565
3 106 244 504
3 258 395 519
1 71
3 13 37 224
3 259 557 463
1 502
1 587
2 85 587
2 10 302
3 16 141 389
3 54 200 222
1 32
3 113 220 496
2 38 72
1 461
1 10
2 104 470
1 522
1 239
2 139 533
3 273 350 562
2 599 566
2 10 77
5 64 156 296 382 419
1 31
1 336
3 225 580 585
1 28
1 206
2 92 283
1 46
1 584
1 405
5 178 317 442 551 515
1 226
1 432
1 41
2 98 580
1 565
1 504
2 99 180
2 240 425
3 127 217 444
2 236 298
1 168
1 160
1 482
3 202 282 368
3 162 358 495
1 411
2 79 388
1 351
1 482
2 277 377
5 392 416 474 480 499
2 68 237
1 385
2 525 503
1 551
2 62 530
2 115 316
3 53 77 417
1 61
1 273
1 288
1 142
2 320 349
2 420 476
3 193 280 440
3 97 207 518
1 26
2 401 482
1 509
1 406
2 134 433
2 264 485
2 428 467
4 4 196 571 511
3 173 223 539
1 204
2 289 319
2 180 500
2 116 348
1 505
3 21 364 582
3 55 227 582
1 179
1 461
1 69
1 411
3 2 121 497
3 207 325 429
2 24 281
3 152 168 314
2 188 445
3 280 306 352
2 46 285
2 23 485
4 41 52 231 421
4 232 262 266 355
1 240
1 17
1 487
2 299 533
1 295
3 230 447 531
1 569
1 422
4 170 342 407 552
2 319 403
1 344
1 506
1 3
1 376
3 161 341 371
2 190 360
2 193 340
1 171
2 266 399
2 62 123
3 101 167 335
2 195 260
1 229
4 350 461 486 559
5 75 267 311 536 597
1 185
1 159
1 166
4 9 63 105 139
4 233 265 432 561
1 82
2 311 551
3 27 90 110
3 378 557 562
3 264 448 561
3 130 216 572
3 241 254 423
4 239 313 427 466
1 449
1 230
2 203 208
3 243 247 534
1 77
1 505
1 563
1 357
2 225 406
1 298
1 370
1 190
1 596
4 48 202 248 351
4 49 68 454 465
1 170
5 72 163 362 512 513
1 306
2 68 459
1 454
2 322 391
2 434 435
2 166 225
2 133 227
1 13
3 33 35 376
3 57 191 316
1 403
2 153 341
3 95 244 381
2 14 578
1 552
1 161
4 206 265 293 449
