100
4 78 69 81 4
2 6 70
2 49 91
1 28
3 0 79 48
2 25 70
4 1 18 79 77
3 19 96 21
3 89 85 16
1 16
1 95
1 85
2 51 22
3 18 31 73
2 45 16
1 72
5 8 9 14 88 42
2 61 26
4 6 13 33 19
3 7 18 80
2 85 27
2 7 39
3 12 72 85
1 52
1 76
3 5 85 91
3 57 17 37
1 20
2 3 73
1 80
2 74 42
3 13 71 98
1 93
1 18
1 57
2 72 93
2 79 83
2 26 86
2 75 98
2 59 21
4 63 87 46 43
1 69
2 16 30
2 56 40
2 67 91
2 14 95
1 40
1 54
1 4
1 2
2 94 91
1 12
2 95 23
1 87
2 79 47
1 73
1 43
3 34 26 66
1 79
1 39
1 89
1 17
2 90 82
1 40
1 90
1 72
2 57 67
2 66 44
1 93
2 0 41
3 1 5 76
1 31
4 15 65 22 35
6 55 13 90 92 84 28
1 30
1 38
2 70 24
2 6 97
1 0
5 54 4 58 6 36
3 19 29 99
1 0
1 62
1 36
1 73
5 8 11 20 22 25
1 37
3 53 91 40
1 16
2 8 60
3 62 64 73
5 50 2 25 87 44
1 73
3 68 32 35
1 50
3 52 10 45
1 7
1 77
2 31 38
1 80
