600
4 591 467 383 29
4 418 136 546 172
2 64 382
1 21
2 247 472
1 543
1 255
2 340 413
1 412
1 575
1 188
1 351
2 441 122
3 401 375 580
2 54 470
2 408 558
6 300 238 486 192 371 534
2 63 532
1 349
1 108
1 77
4 3 242 307 314
2 311 516
1 558
1 436
2 316 566
2 240 532
2 87 371
1 241
1 0
3 294 263 180
2 254 75
1 94
2 590 197
3 174 521 212
2 188 266
2 347 210
2 102 381
1 523
1 114
2 96 104
1 485
1 235
2 412 224
1 384
3 211 313 127
3 301 95 368
1 538
6 123 491 288 528 362 392
1 397
2 369 343
2 178 470
3 71 226 150
2 303 255
4 14 133 523 513
1 569
1 129
3 81 110 500
3 551 519 358
3 121 284 488
2 163 506
1 596
3 137 589 156
2 17 328
2 2 175
1 398
3 380 81 457
4 177 393 504 426
2 400 423
1 404
1 586
2 52 239
1 292
5 227 260 160 88 125
1 488
3 31 521 591
1 479
2 20 161
3 284 439 231
1 435
2 494 532
7 57 66 203 438 272 352 529
3 243 318 226
4 367 157 561 127
1 176
3 191 109 255
1 108
3 27 341 339
1 73
3 593 545 361
3 464 583 536
3 133 221 495
1 157
1 285
3 32 345 218
2 46 418
5 40 386 560 199 252
3 591 337 437
2 484 547
2 428 371
1 149
1 165
4 37 147 490 509
1 156
4 40 143 149 262
2 310 229
2 219 127
2 240 294
4 19 86 195 589
1 85
2 57 554
1 315
3 587 463 236
2 132 378
3 39 317 132
1 434
2 448 434
2 379 241
2 534 142
1 433
1 159
2 59 127
1 12
1 48
1 493
1 73
3 239 192 372
4 45 83 106 121
1 464
3 56 465 409
1 482
1 420
3 113 114 489
4 54 91 241 137
2 483 359
3 332 377 596
1 1
3 62 133 525
2 450 298
1 407
1 492
3 592 200 394
2 118 549
4 104 298 508 321
1 214
1 531
1 153
2 102 290
2 487 153
4 100 104 181 258
1 52
1 506
1 499
2 146 148
2 540 193
3 274 384 276
4 62 103 264 189
2 83 92
2 292 301
2 120 238
2 73 498
2 77 394
1 215
1 60
1 500
3 101 168 187
1 586
2 190 449
1 165
1 424
1 286
2 429 480
1 1
1 510
1 34
3 64 572 333
3 84 247 425
1 67
3 51 540 566
1 513
2 30 215
2 149 346
3 573 594 548
1 219
3 383 403 267
1 595
3 307 277 461
3 165 503 247
3 10 35 360
2 156 552
7 167 384 435 257 244 556 430
3 85 376 433
2 16 126
1 154
2 227 307
1 108
1 393
2 33 495
1 525
1 96
2 141 562
1 434
1 338
2 81 418
2 219 220
2 591 516
2 244 366
1 452
1 403
1 449
1 36
1 45
1 34
1 404
2 144 504
2 162 180
2 539 246
2 355 560
1 94
3 106 183 204
1 204
3 91 595 486
1 474
1 449
3 43 543 331
2 238 499
3 52 82 560
3 73 194 481
1 237
1 105
3 500 488 485
1 78
1 287
2 570 447
4 425 297 411 322
2 42 252
2 112 269
2 228 397
3 16 159 225
2 71 126
2 26 107
4 28 117 133 474
2 21 248
2 82 497
3 190 206 597
1 388
3 216 502 482
4 4 176 187 329
1 242
3 505 427 511
2 533 523
3 293 259 411
3 96 235 538
2 304 412
2 31 393
3 6 53 85
2 529 442
2 190 573
1 149
1 251
3 73 355 452
2 506 595
1 104
1 30
1 156
2 411 299
1 35
1 184
1 336
1 236
1 599
2 302 471
2 81 389
1 438
4 155 375 357 281
1 482
3 155 315 479
1 186
1 389
2 566 460
1 328
1 274
1 358
2 360 354
2 59 78
4 93 342 504 443
4 170 519 323 445
2 232 485
2 48 404
2 371 557
2 147 475
1 312
4 72 158 539 496
2 251 365
4 30 107 304 519
2 493 393
2 526 581
3 234 407 375
4 138 143 526 579
2 265 528
1 16
3 46 158 565
2 271 594
2 53 584
3 253 294 473
2 332 514
1 325
3 21 186 194
1 400
2 388 312
2 105 402
2 22 351
3 291 309 468
2 45 544
1 21
3 111 276 459
1 25
2 114 575
1 82
1 421
2 350 557
1 143
1 234
4 286 429 507 416
1 388
2 306 523
1 506
1 425
2 63 280
2 247 374
1 417
1 224
5 135 305 405 464 432
2 175 360
1 513
1 498
2 268 489
2 97 431
2 202 495
1 87
3 7 402 504
1 87
1 285
1 50
1 590
4 94 385 537 585
1 181
2 36 549
1 564
2 18 400
2 320 410
2 11 311
5 81 534 406 592 455
1 523
1 283
2 217 260
2 422 390
2 274 397
4 58 282 380 465
2 134 527
3 188 283 333
1 89
1 48
2 420 576
1 595
1 293
1 206
1 83
1 46
2 50 531
1 402
4 16 27 99 289
2 126 582
2 448 550
1 329
4 13 274 297 537
1 191
1 135
2 113 414
2 117 421
2 66 358
1 37
1 2
2 0 184
3 44 155 190
1 345
1 96
1 414
5 245 309 324 574 476
2 272 278
2 356 570
1 442
1 48
4 67 196 254 295
2 141 161
2 563 531
1 550
3 49 237 357
2 65 477
1 546
4 68 308 349 477
1 13
3 310 340 370
2 184 208
3 69 213 288
1 332
3 352 417 504
2 139 297
1 15
1 129
2 350 489
3 234 251 265
3 8 43 253
1 7
3 378 387 440
2 544 518
1 323
2 330 406
3 1 95 203
1 541
3 131 363 464
3 319 379 453
2 356 577
2 68 563
2 169 574
4 176 234 327 443
2 67 599
2 249 442
1 99
2 171 323
2 190 530
1 337
1 332
3 119 191 481
3 115 116 201
2 79 190
3 24 501 549
1 97
2 81 273
1 78
1 414
2 12 557
3 256 391 427
3 285 425 458
2 451 469
1 286
2 592 567
1 233
2 116 373
3 167 209 223
1 138
2 444 494
2 207 260
1 421
1 599
1 352
1 508
3 66 571 517
1 443
1 315
1 279
1 186
1 549
1 112
5 90 128 332 420 486
3 129 358 572
1 524
1 0
1 312
1 444
3 14 51 510
1 271
1 4
1 304
2 222 241
2 290 519
1 388
2 398 400
1 551
3 76 276 492
1 171
2 227 433
3 130 246 275
1 134
2 98 539
3 41 230 287
3 16 221 464
2 148 571
5 59 74 230 541 586
3 132 336 410
1 102
1 48
2 140 479
3 124 295 542
2 80 451
6 91 197 338 563 570 535
1 292
1 243
3 160 335 512
2 152 225
5 57 164 230 527 569
1 436
1 246
2 187 564
7 67 214 285 340 406 578 558
1 249
6 60 151 261 326 574 568
1 323
2 143 456
1 102
2 173 470
1 249
1 498
4 54 179 334 593
1 305
1 591
2 22 205
1 457
1 415
5 58 286 294 475 550
1 557
2 34 75
1 541
5 38 54 250 325 353
2 466 599
3 137 198 598
2 296 298
2 359 500
3 48 299 559
2 81 256
1 430
3 145 369 395
3 17 26 80
1 250
3 16 118 352
1 495
1 90
2 345 375
2 47 252
3 216 292 484
2 154 178
3 419 488 522
1 493
2 5 224
2 313 415
1 89
2 1 399
1 98
1 182
4 142 347 436 462
3 373 396 519
2 58 478
1 189
1 567
1 110
1 583
1 190
4 289 320 441 520
3 15 23 504
1 528
3 96 217 226
1 83
1 200
3 395 423 495
2 348 503
1 301
3 25 178 279
2 446 553
1 506
2 55 500
3 233 390 495
2 457 487
2 175 465
2 182 257
3 388 424 506
2 9 317
1 363
1 422
1 504
1 298
1 13
2 296 588
1 372
2 90 555
1 303
1 345
4 70 166 488 587
2 112 586
1 581
2 62 108
2 33 344
5 0 75 97 205 515
3 141 352 446
2 89 513
2 182 302
4 185 221 261 364
2 61 135
1 244
1 525
4 270 426 454 524
