1000
1 12
1 718
2 30 987
1 489
3 57 856 951
1 513
1 980
3 90 26 793
2 572 665
2 514 446
2 902 916
1 884
4 0 509 80 61
3 368 476 507
2 446 842
3 559 712 487
1 61
2 150 291
1 285
1 493
1 469
3 81 882 34
5 546 824 288 933 54
1 768
1 72
2 586 312
6 7 81 685 681 157 253
5 704 265 137 917 117
3 828 114 143
1 140
2 2 188
3 595 984 91
1 506
1 368
2 21 259
2 517 610
2 332 798
2 548 756
2 592 338
1 719
1 136
2 246 648
1 468
2 546 71
1 399
2 298 92
1 754
2 600 165
3 497 998 924
2 452 640
1 843
3 88 833 145
2 61 717
3 168 708 997
1 22
1 301
3 726 843 925
2 4 512
2 456 409
1 705
2 238 237
4 12 16 52 719
1 523
2 545 611
2 992 437
2 864 664
1 962
3 122 294 434
2 784 287
1 598
2 345 424
2 43 229
2 24 647
3 335 282 701
1 336
2 178 702
2 98 620
2 475 961
3 734 777 524
1 623
3 12 870 756
4 21 26 126 188
3 111 224 300
2 646 438
2 345 994
2 878 732
2 140 860
1 571
4 51 326 302 160
1 590
3 7 819 721
1 31
1 45
1 797
1 294
1 947
3 835 321 153
3 738 334 775
1 76
2 979 588
1 237
2 707 558
1 526
3 400 504 445
1 586
1 988
2 982 413
2 437 822
4 310 673 496 458
4 657 270 682 169
1 918
1 82
1 436
3 225 506 714
3 28 691 532
1 134
1 648
2 27 994
3 274 120 674
1 346
2 118 601
3 188 377 263
3 67 435 196
1 209
1 913
1 950
1 81
1 430
3 757 281 650
1 634
3 718 503 694
1 170
2 981 538
2 344 490
3 115 360 673
2 273 520
2 40 835
1 27
2 895 950
1 606
2 29 86
2 894 952
1 394
1 28
1 282
3 51 203 629
4 497 380 920 669
3 304 391 159
1 976
3 170 719 382
3 17 861 617
4 497 662 315 966
1 771
3 96 297 668
1 665
2 769 869
2 602 180
2 26 978
3 667 769 725
2 147 386
2 88 599
1 453
3 901 882 251
2 383 692
1 611
2 47 954
3 564 250 174
1 539
1 53
2 109 238
2 131 149
1 265
1 399
2 380 991
1 166
1 825
3 361 480 700
1 644
2 75 491
1 707
5 156 942 380 912 426
2 291 516
1 766
5 631 958 814 302 412
1 636
2 635 260
2 217 885
1 847
5 30 81 121 804 500
2 824 372
2 649 598
1 405
4 385 601 357 655
4 918 571 626 477
1 971
2 604 999
2 122 512
1 558
1 532
1 609
5 734 514 903 758 373
1 219
1 340
3 145 586 808
2 931 732
1 681
4 912 862 763 542
1 957
3 223 306 430
2 123 539
1 352
2 585 863
1 385
1 717
1 465
1 859
1 976
2 186 910
4 527 301 547 676
2 201 999
1 243
2 931 641
3 612 595 534
1 208
3 82 423 762
1 113
1 875
1 656
1 396
1 71
1 841
1 635
1 772
3 485 597 734
1 903
2 358 271
1 435
3 60 100 320
2 60 169
1 926
3 303 844 562
2 820 650
2 918 747
4 220 560 851 338
2 958 948
1 994
2 41 975
2 782 410
1 957
4 947 767 513 476
5 166 990 339 417 855
4 162 634 757 786
1 731
2 26 963
2 833 960
1 787
1 409
1 874
1 296
1 34
4 185 877 601 969
4 450 514 444 460
3 319 874 926
4 121 370 469 743
1 406
3 27 171 753
2 367 782
3 760 297 746
2 972 853
1 547
3 109 489 587
2 235 313
3 794 864 621
2 135 628
1 118
1 915
3 679 466 867
2 830 737
1 839
3 301 549 625
1 655
1 128
4 73 144 589 378
3 508 733 864
1 377
3 18 806 457
2 622 864
1 68
3 22 497 838
2 881 339
3 467 591 816
4 17 181 577 677
1 580
1 835
4 67 94 572 393
2 742 384
3 258 918 896
6 153 267 811 538 790 554
3 45 980 713
4 781 327 429 420
1 82
4 55 218 279 744
2 88 183
2 240 989
2 147 603
2 958 569
5 208 330 683 620 506
3 382 799 764
3 613 804 996
1 684
1 108
1 564
1 25
1 271
1 745
2 151 696
1 614
1 500
1 453
2 262 834
3 237 414 343
2 96 397
2 857 526
1 354
1 780
1 633
2 88 751
2 299 337
2 616 827
2 461 581
5 306 462 917 729 846
1 998
3 36 490 728
1 606
2 97 861
3 73 580 814
3 74 507 352
1 327
5 38 243 889 658 624
4 250 289 504 483
4 202 712 865 529
2 798 605
1 756
1 320
1 133
2 70 84
2 119 809
2 918 971
1 936
1 835
3 596 532 386
1 734
3 210 336 568
1 740
2 323 903
4 818 785 839 709
2 615 427
1 192
2 235 542
1 476
3 134 762 644
4 176 736 936 914
1 376
1 673
4 482 381 857 441
1 621
1 455
1 266
4 13 33 824 968
2 892 862
2 263 619
2 847 886
1 189
1 200
1 858
2 943 985
2 362 787
4 121 284 493 852
1 282
1 628
3 146 173 180
2 364 935
2 149 307
3 163 780 565
3 295 890 880
4 192 212 537 398
2 159 350
1 632
1 391
1 962
1 824
2 147 388
3 540 891 587
1 294
2 142 921
1 670
2 228 962
2 321 708
1 385
3 44 172 824
3 103 579 405
2 585 734
1 504
1 710
1 555
2 191 400
3 264 982 695
2 670 415
2 548 511
2 58 256
1 247
2 930 799
1 183
1 106
1 320
3 407 948 770
1 628
1 250
2 960 473
3 821 843 663
1 299
1 508
3 502 887 959
2 224 888
1 70
1 967
2 180 562
3 356 454 741
2 552 612
2 299 636
4 127 208 654 501
1 524
1 785
1 860
2 67 697
2 122 236
3 112 596 752
2 64 107
2 83 575
1 740
1 994
1 364
1 845
2 796 562
1 261
4 103 640 955 938
4 9 14 915 672
3 750 789 578
1 622
1 800
3 261 812 616
1 892
2 49 651
4 161 318 706 642
1 427
3 366 647 576
3 58 979 465
1 285
1 108
1 527
1 261
2 329 684
2 330 740
1 586
2 983 485
2 214 456
4 276 638 940 557
1 290
2 42 847
4 20 263 675 563
3 499 746 806
1 957
1 770
1 418
2 543 830
4 77 703 834 713
4 13 249 359 555
1 193
1 968
3 915 519 939
1 176
1 928
1 364
1 339
2 883 673
2 233 464
1 547
1 15
1 571
4 3 270 771 862
3 133 332 893
2 178 790
2 879 880
3 19 377 841
1 905
2 581 972
1 108
6 48 146 151 288 875 843
2 805 681
3 470 927 995
2 188 317
1 430
1 422
1 130
3 103 339 402
1 843
4 32 113 306 886
3 13 336 977
2 283 421
2 12 789
3 653 768 902
1 408
2 57 196
2 5 249
3 9 200 261
1 728
2 181 614
2 35 833
1 619
2 479 760
2 135 976
1 828
1 650
2 62 725
2 78 431
2 680 801
2 102 322
2 218 459
1 554
1 340
1 809
2 703 782
5 114 198 350 705 899
1 949
2 222 826
1 881
2 805 797
1 385
2 132 297
4 167 209 732 569
1 392
1 799
2 206 358
1 474
1 714
2 63 657
3 22 43 686
3 218 269 486
3 37 408 832
2 279 874
2 990 632
1 751
2 428 633
1 961
2 297 528
2 404 476
1 785
1 466
3 101 197 745
1 15
1 243
1 823
4 240 426 443 797
1 469
2 166 311
1 383
1 753
1 880
1 352
4 305 539 973 818
3 912 716 927
4 87 193 488 696
3 8 294 699
1 731
1 928
1 438
2 455 623
2 291 954
1 447
1 400
2 292 335
4 329 495 606 754
1 909
1 921
2 954 698
3 211 401 773
5 25 104 203 463 778
2 270 392
3 99 910 681
3 282 696 970
2 89 980
1 290
3 38 710 766
1 787
1 804
3 31 222 730
2 350 436
3 233 909 792
3 69 190 631
2 160 825
1 47
5 120 192 260 929 631
1 156
1 304
2 195 871
1 341
4 139 333 581 720
1 950
1 967
3 199 798 850
1 35
2 63 164
4 222 428 953 678
2 308 630
3 316 516 815
2 356 918
2 328 450
1 150
1 619
4 370 518 618 809
2 76 306
4 272 365 946 667
3 286 448 637
3 79 576 783
1 338
1 279
2 193 711
1 658
4 273 379 416 850
2 145 962
1 613
3 183 598 601
3 387 550 904
2 325 552
2 129 251
2 185 231
3 184 429 708
2 622 717
2 466 825
2 921 988
3 49 445 936
1 221
3 453 652 722
1 662
4 177 360 795 794
1 752
3 83 817 821
3 72 455 912
2 41 116
1 190
3 128 241 522
1 452
2 642 772
1 510
2 430 810
2 192 280
3 227 961 787
2 109 545
3 338 627 937
1 717
1 795
1 726
2 151 643
1 419
1 65
2 8 154
1 873
3 158 621 692
1 153
1 146
2 395 407
1 963
1 446
4 108 134 363 484
1 118
1 469
2 218 761
2 291 858
1 612
2 276 788
2 525 838
4 26 205 498 588
3 109 894 735
2 306 791
2 309 461
1 26
2 546 731
1 757
1 933
2 942 943
1 968
1 114
2 163 667
2 705 871
2 130 752
1 406
3 315 571 589
2 434 745
3 584 699 753
2 572 698
1 176
2 73 934
3 75 905 724
3 475 531 936
2 27 766
3 59 532 693
2 453 947
2 101 179
4 53 397 636 866
1 355
2 403 592
1 626
4 15 340 763 822
2 298 475
2 113 544
2 831 859
1 570
4 52 213 637 659
4 1 130 749 836
3 39 61 149
2 606 805
1 90
1 642
1 869
1 702
2 158 523
2 56 661
1 952
4 332 515 890 884
1 330
1 595
3 252 573 686
3 85 204 539
1 283
5 78 200 233 351 401
1 682
4 361 829 913 845
1 277
1 97
1 778
3 353 439 462
1 427
1 295
1 263
1 301
3 314 558 697
2 267 470
2 242 813
3 907 947 755
1 718
1 447
2 326 551
5 436 645 694 890 802
3 265 566 698
2 46 581
2 748 779
3 37 80 342
4 128 251 687 949
1 200
1 876
3 267 519 941
1 676
2 224 360
2 206 712
1 307
1 978
4 182 592 704 767
4 249 766 864 898
2 23 510
3 155 158 900
2 415 472
2 152 489
2 232 652
1 585
1 831
1 97
2 918 860
1 78
2 586 739
2 755 873
2 324 383
1 299
3 247 266 531
1 623
2 68 977
3 355 432 556
1 251
4 255 376 593 656
1 679
2 447 509
2 297 491
1 683
1 597
1 7
2 272 644
2 644 660
1 443
4 93 536 562 848
3 36 341 609
5 307 411 541 967 803
2 449 912
2 525 922
1 752
1 799
3 188 308 594
4 498 536 720 974
2 285 470
1 866
1 203
3 346 530 619
1 654
1 297
1 450
1 747
4 183 335 880 876
1 614
2 290 891
1 646
2 355 569
1 90
1 241
3 419 646 840
2 107 712
3 561 887 972
6 22 189 368 390 399 897
3 175 599 638
1 534
2 328 993
2 28 521
1 736
4 277 474 853 859
3 715 774 911
2 548 965
3 51 254 517
3 319 475 935
4 96 136 293 349
1 718
1 994
3 288 680 988
2 278 355
1 821
2 230 493
1 14
5 50 56 419 497 505
1 240
2 442 736
1 330
3 187 371 468
1 797
1 898
2 609 628
1 243
1 377
2 268 830
2 990 986
1 250
1 4
2 322 364
2 374 677
3 215 715 830
3 86 433 776
2 150 334
3 206 369 489
1 211
5 65 272 283 286 767
1 340
2 708 807
1 276
2 908 919
2 155 723
1 80
2 604 693
1 961
2 666 779
3 257 262 549
3 226 497 895
2 759 814
1 260
1 85
1 492
4 384 492 567 814
2 289 535
2 21 162
1 484
2 11 728
1 186
2 371 506
2 422 823
1 423
1 338
3 384 728 752
2 392 816
2 369 451
1 490
2 141 682
2 138 875
2 296 932
2 824 923
2 767 849
1 532
1 769
1 162
4 10 510 968 906
3 200 234 354
1 632
2 494 702
1 902
1 748
1 868
2 582 597
2 217 588
1 831
5 180 206 570 647 800
2 124 736
1 361
3 275 446 479
1 10
3 27 330 964
7 110 193 242 296 347 615 776
2 868 973
1 146
3 394 583 639
1 801
1 897
1 48
1 56
2 239 262
2 499 570
3 481 574 948
1 601
1 411
2 204 221
1 896
2 22 688
1 701
2 381 834
6 348 361 640 703 982 953
1 658
1 445
1 479
1 466
2 760 956
2 180 689
3 375 689 961
1 986
1 995
1 621
4 95 249 706 748
3 244 415 928
2 533 757
3 125 138 607
1 4
2 141 727
2 612 936
3 165 577 584
1 445
1 941
4 207 248 471 988
3 183 244 305
1 422
2 254 418
5 77 553 656 872 943
4 66 389 396 629
2 253 671
1 917
1 832
1 151
3 425 608 799
4 368 478 690 902
1 260
1 589
2 194 347
3 268 495 823
2 569 919
1 805
2 246 988
3 148 216 520
2 507 784
2 157 765
2 99 456
3 6 298 590
1 132
3 106 406 936
1 464
1 31
1 375
2 854 944
1 2
5 105 639 838 957 975
1 303
3 250 550 854
1 173
1 64
1 827
5 84 117 245 440 837
2 499 945
1 308
1 53
2 48 331
2 195 219
