600
1 7
2 19 592
1 291
1 307
3 65 17 474
2 336 395
2 544 549
4 0 304 57 41
3 233 285 302
3 325 421 289
1 41
2 102 187
1 182
3 58 526 22
5 320 497 185 562 37
1 461
1 51
6 4 58 406 402 108 166
5 417 172 92 550 82
2 1 128
1 301
1 233
2 13 169
2 212 479
2 321 451
2 349 217
1 425
2 161 380
1 281
2 320 50
1 247
1 449
2 353 115
3 295 599 556
1 504
3 64 500 99
2 41 424
1 14
3 431 504 557
2 275 250
2 156 155
4 7 10 36 425
1 309
2 319 360
2 596 264
2 516 394
3 86 189 262
2 469 184
1 351
2 222 257
2 29 151
2 16 379
3 215 180 416
1 216
2 70 363
1 576
1 366
3 7 519 451
4 13 17 88 128
3 78 147 193
2 378 265
2 222 597
2 95 513
1 335
4 35 208 194 110
3 4 493 427
1 478
1 189
1 569
1 214
1 54
2 590 346
1 155
1 593
2 264 495
4 200 400 294 277
4 387 175 403 116
1 551
1 59
3 148 301 422
1 91
1 380
2 18 597
1 84
2 83 354
2 128 171
3 46 263 134
1 571
1 58
1 260
1 117
3 80 229 400
1 18
2 538 571
1 357
1 62
2 537 572
1 246
1 180
3 35 136 370
4 295 239 552 398
3 117 425 240
3 11 514 362
4 295 392 203 579
1 463
1 395
2 462 518
2 355 122
2 17 589
3 397 462 430
2 64 352
1 272
3 543 526 164
2 241 411
1 360
2 32 573
2 76 156
2 90 101
1 172
1 247
2 239 595
1 377
5 107 565 239 548 258
1 459
5 371 575 490 194 252
1 170
2 144 529
1 507
5 19 58 85 484 298
2 497 236
2 381 351
2 354 385
4 551 335 368 286
1 584
2 86 306
1 218
1 99
1 402
4 548 515 456 316
1 574
3 146 197 260
1 224
1 424
1 280
2 126 547
1 159
1 140
3 59 256 455
1 79
1 522
1 386
1 50
1 464
2 227 176
1 263
3 40 72 206
2 40 116
3 195 505 328
2 551 444
4 145 326 510 217
1 597
2 27 587
1 574
4 569 460 307 285
3 112 452 470
1 435
2 17 577
1 250
1 191
1 22
4 125 524 354 582
1 85
3 18 118 448
3 454 192 443
2 585 511
3 76 291 345
2 153 201
3 475 516 364
2 499 438
1 385
4 52 98 347 238
3 303 436 516
3 12 486 276
2 365 516
1 47
3 14 295 502
2 348 491
2 11 340
1 341
4 46 67 336 245
2 441 242
3 168 551 539
2 173 488
1 59
2 64 124
2 157 594
2 575 333
5 140 210 404 363 301
3 240 480 457
1 405
1 75
1 176
1 442
2 103 412
1 298
1 272
3 155 253 221
1 467
2 64 446
2 278 342
5 197 279 550 434 506
1 599
2 23 433
1 357
2 69 514
3 52 341 490
3 53 302 224
5 25 159 533 388 367
4 135 421 517 311
2 479 356
1 451
1 206
2 49 61
2 551 584
3 141 216 332
1 439
2 361 259
2 153 316
1 285
3 91 455 377
1 400
1 364
1 274
4 8 21 497 581
2 536 515
2 507 530
1 129
2 566 591
1 180
3 100 120 122
2 101 198
3 113 467 329
3 190 534 525
1 497
3 314 535 345
1 189
2 97 553
3 30 119 497
1 419
1 323
2 39 167
2 560 480
1 124
1 206
3 494 504 393
1 303
2 147 532
1 49
2 122 328
3 226 273 440
4 89 140 384 299
1 513
2 46 413
2 86 154
2 44 74
2 60 338
1 439
1 597
2 477 328
1 365
1 481
1 536
4 111 205 418 375
1 259
3 232 379 339
3 39 590 280
1 182
1 75
2 209 405
2 210 439
2 143 275
2 28 507
3 297 443 486
1 574
2 317 499
4 8 163 228 323
1 132
1 581
2 527 400
1 9
1 335
4 2 175 463 515
1 525
2 342 585
1 75
6 33 100 103 185 522 504
2 485 402
3 282 558 598
2 128 204
1 260
1 504
4 20 79 197 530
3 8 216 588
2 181 255
2 7 472
3 383 461 544
1 134
2 3 163
1 454
2 42 430
2 401 482
1 218
1 570
2 485 478
1 244
1 480
2 138 227
1 284
1 422
2 43 387
3 14 29 407
1 24
1 576
2 249 285
1 442
1 9
1 159
1 496
4 157 258 268 478
1 241
1 448
1 525
1 224
1 196
3 548 423 558
4 63 132 290 412
3 5 189 415
1 435
1 265
2 274 366
2 187 573
2 188 215
4 209 293 357 449
1 553
2 573 414
2 175 244
3 71 547 402
3 180 412 583
1 186
3 25 419 459
1 484
3 48 130 371
2 110 498
1 32
5 84 131 170 559 371
1 107
1 219
4 94 213 342 426
1 571
1 479
2 43 114
2 226 551
1 102
2 54 197
4 177 231 568 397
3 183 269 372
3 56 339 468
1 217
2 132 420
1 388
1 99
3 124 351 354
2 365 424
1 498
2 553 593
3 272 382 428
1 392
4 121 229 476 475
3 60 492 494
3 51 274 548
2 27 81
1 130
2 375 464
1 305
2 260 487
2 131 179
3 150 576 471
2 76 319
3 217 369 564
1 424
1 476
1 431
2 103 376
1 254
1 45
2 5 105
1 521
3 109 364 411
1 100
1 577
4 75 91 230 288
2 310 502
4 17 137 296 346
3 76 537 437
2 197 473
2 199 278
1 17
2 320 435
1 562
2 565 566
1 581
2 113 397
3 203 335 347
2 262 442
3 344 415 448
2 336 414
2 52 563
2 18 459
2 272 569
2 248 349
1 368
4 9 218 456 495
2 79 318
1 334
4 36 142 372 389
3 26 41 101
2 357 485
1 65
1 375
1 518
2 109 309
2 38 391
1 572
3 212 534 528
1 210
3 165 337 407
1 181
1 403
1 178
3 225 266 279
1 259
1 190
3 202 324 413
2 173 282
2 158 489
3 546 569 450
1 208
1 534
3 172 330 414
2 31 342
2 445 466
3 24 57 220
2 164 570
1 523
2 173 308
2 147 229
2 138 421
1 198
1 589
4 123 349 417 460
4 163 459 516 541
2 15 305
3 106 109 542
2 104 291
2 152 382
2 551 513
2 450 521
2 207 241
1 366
2 47 588
1 164
1 386
1 304
1 404
1 4
2 177 377
2 377 390
1 268
4 66 313 328 508
3 23 219 359
5 198 251 315 580 483
2 270 548
2 310 554
1 480
2 128 350
4 296 313 426 586
2 182 282
1 384
1 192
1 444
4 124 215 525 523
2 186 535
1 378
1 65
3 254 378 503
2 74 421
3 327 531 585
6 14 129 233 243 247 540
2 352 373
4 178 284 511 512
1 35
1 597
3 185 401 593
1 494
5 34 38 254 295 300
1 157
1 210
3 127 235 281
1 478
1 541
1 159
2 174 499
1 499
3 62 261 465
2 102 214
3 138 234 291
5 45 177 181 183 460
1 218
2 106 429
1 57
1 576
2 396 466
3 149 295 538
2 453 490
1 170
4 242 292 331 490
2 13 112
1 288
1 433
1 126
2 235 301
1 496
1 256
1 217
3 242 433 447
2 244 491
2 234 271
2 96 403
2 93 522
2 191 561
2 497 555
2 460 509
1 462
1 112
4 6 305 581 545
1 544
1 445
2 144 346
5 122 138 334 379 481
1 6
3 18 210 578
7 77 132 158 191 223 361 465
1 100
3 246 343 374
1 482
1 540
1 33
1 38
2 297 334
1 354
1 251
1 539
2 14 408
1 416
1 388
2 122 409
3 237 409 576
1 598
1 364
4 68 163 418 445
2 312 452
3 87 93 358
2 96 432
3 115 340 344
4 139 162 283 593
2 124 196
5 55 322 386 520 566
2 166 399
1 550
1 103
1 480
4 233 287 410 544
1 170
1 347
2 133 223
3 174 293 496
1 485
2 161 593
2 302 469
2 108 458
2 71 275
1 237
1 1
5 73 374 502 574 587
1 195
1 120
1 44
5 61 82 160 267 501
2 297 567
2 33 211
