600
2 301 513
2 451 311
1 376
1 237
2 163 373
2 51 63
2 56 82
2 24 343
2 583 76
3 349 102 249
3 481 532 216
2 448 496
3 208 525 77
2 308 30
2 324 454
5 214 584 593 36 417
2 326 57
2 145 340
2 260 530
1 318
1 493
3 208 92 119
1 555
2 357 394
1 7
4 381 173 308 122
3 482 206 503
4 312 252 35 341
1 125
2 466 147
3 13 220 548
1 219
2 530 523
3 526 195 327
2 374 246
1 27
2 15 89
2 520 505
2 297 218
3 427 508 190
1 139
1 340
2 229 150
2 414 166
2 560 367
2 128 115
2 244 228
1 289
2 208 318
2 292 433
2 325 87
1 5
4 206 253 537 353
1 309
1 291
2 198 307
2 6 205
2 16 459
1 293
1 340
2 370 134
2 248 563
2 234 538
2 5 396
2 341 246
2 575 215
2 94 522
2 475 237
3 581 456 70
1 410
1 68
1 287
2 205 452
3 434 103 101
2 178 282
2 109 319
1 8
1 12
2 269 425
1 249
1 275
1 238
3 6 179 370
2 187 536
2 485 178
2 562 234
2 256 300
2 50 345
2 246 242
3 36 212 156
4 384 400 434 174
4 539 149 508 395
1 21
1 571
2 66 201
3 558 167 539
3 299 572 431
1 384
1 172
2 145 273
4 269 369 289 542
2 73 259
4 9 387 534 414
1 73
1 547
2 355 504
2 402 187
2 433 524
3 561 226 114
3 75 439 398
1 541
1 414
1 519
3 508 415 134
1 108
3 45 144 552
1 423
2 126 453
1 465
1 21
3 318 572 233
1 514
1 25
1 436
2 261 427
2 28 232
3 117 190 182
1 476
1 45
1 475
3 555 577 435
2 226 434
1 499
1 435
4 60 113 440 187
1 157
4 461 422 183 509
2 255 222
3 396 368 526
2 40 591
2 242 409
2 531 449
2 181 594
1 460
2 115 290
3 17 99 486
1 526
1 29
1 597
1 91
1 42
1 371
1 508
1 524
2 309 565
1 224
2 89 192
4 135 554 434 551
1 444
4 406 207 190 527
1 389
1 237
1 395
3 4 507 326
3 586 177 363
1 168
1 43
2 95 405
2 165 408
2 423 581
1 312
1 464
3 98 422 351
2 25 273
1 90
5 528 354 243 266 264
2 266 432
3 164 545 286
4 74 84 183 310
3 82 464 445
2 533 330
2 142 397
1 126
4 136 178 299 515
1 374
2 508 556
1 326
3 83 106 134
2 236 476
3 468 485 396
3 39 126 159
2 412 357
1 156
1 393
1 559
1 33
2 511 572
1 470
4 55 349 254 493
1 392
2 455 574
1 94
2 246 386
3 426 567 527
1 367
3 56 72 287
3 26 52 237
2 159 238
5 12 21 48 263 541
1 589
1 218
1 355
3 89 462 436
1 584
2 15 390
1 65
2 10 285
2 302 585
3 38 210 235
2 31 518
2 30 592
3 238 230 552
1 137
2 313 251
2 155 467
2 339 543
5 108 131 410 506 413
1 382
3 46 490 484
2 42 408
1 221
2 500 491
2 125 525
1 120
2 62 85
2 218 495
3 188 571 503
4 3 67 161 206
3 81 207 221
2 338 372
3 416 302 313
1 564
2 88 140
1 175
2 46 430
2 535 359
5 34 64 88 202 596
1 257
3 61 589 502
4 9 79 366 599
5 341 584 338 511 326
1 223
2 27 420
1 52
1 198
4 137 315 333 329
3 86 577 598
4 247 524 346 336
1 383
1 101
3 18 271 448
1 124
1 434
2 208 311
2 175 334
1 489
4 175 176 579 281
1 439
2 378 444
2 78 100
2 366 587
3 260 415 333
1 407
2 99 173
1 449
2 80 538
1 311
2 406 529
1 452
1 437
1 353
1 266
1 74
1 339
2 541 495
4 216 465 503 399
1 177
3 71 205 479
1 566
3 47 100 376
4 144 316 494 337
2 54 558
2 49 361
2 58 570
2 423 401
3 523 347 332
1 546
1 38
5 362 580 455 320 323
2 96 183
1 86
2 0 595
2 217 240
1 422
1 519
1 589
1 320
1 55
7 13 25 356 412 583 411 404
3 53 154 369
2 178 535
4 1 263 276 483
3 27 170 314
3 223 240 476
1 312
1 255
1 290
1 412
5 19 48 120 335 528
2 75 322
2 298 306
1 505
2 319 555
2 298 586
4 14 473 563 492
1 50
4 16 163 186 250
1 33
2 382 470
2 255 339
2 180 435
2 521 513
1 295
3 255 271 446
2 264 522
3 318 415 397
1 257
1 290
3 239 250 555
3 225 283 329
3 17 41 59
4 27 64 250 563
1 443
2 7 479
2 476 449
3 87 516 570
2 257 424
1 295
1 490
3 9 198 562
1 485
1 172
1 563
3 52 280 447
2 175 489
3 105 211 431
2 308 450
3 23 191 443
1 460
1 245
1 460
2 292 437
1 298
1 164
1 416
1 590
3 249 270 393
4 44 204 462 377
1 138
2 100 309
3 60 82 517
2 151 570
1 239
1 4
2 34 184
1 490
3 2 289 544
2 367 469
2 268 588
1 585
1 514
1 25
3 227 328 392
2 258 481
2 90 97
1 492
1 202
1 102
1 393
2 160 460
1 214
1 485
3 199 382 574
3 193 366 388
1 23
2 91 162
3 63 138 189
3 181 335 407
1 109
2 285 569
2 90 540
2 294 575
1 106
1 589
1 308
1 167
5 159 277 430 561 418
2 272 397
3 168 229 450
1 140
3 69 226 524
1 308
3 191 308 317
1 226
3 43 102 111
3 113 271 335
2 240 364
1 15
1 406
1 488
1 252
1 596
3 136 172 303
3 116 169 294
3 346 597 542
1 78
1 203
3 39 124 570
1 575
1 442
3 244 406 505
2 96 355
1 176
2 49 107
5 73 90 131 157 262
4 130 133 330 591
2 123 212
2 279 361
1 439
3 109 267 438
1 134
1 583
2 429 474
3 342 357 509
4 158 268 503 559
1 179
1 333
2 353 467
3 11 260 582
4 141 274 344 555
3 356 408 562
1 1
3 72 278 488
1 117
1 14
2 200 298
1 68
1 545
1 567
1 57
5 143 358 360 389 564
1 136
2 212 367
1 566
2 171 179
2 118 285
3 29 477 473
2 224 447
1 189
1 377
2 197 328
2 593 550
1 473
3 324 466 472
3 442 546 478
2 67 129
4 127 188 313 344
1 466
2 474 586
2 287 343
1 521
2 10 383
1 26
2 311 510
1 228
4 84 189 350 391
1 145
1 527
2 419 452
2 265 354
3 228 348 375
1 231
2 324 385
2 20 198
1 290
2 235 284
1 11
1 502
2 576 502
2 132 554
2 231 584
1 542
3 248 497 498
5 26 236 285 444 545
1 105
3 37 321 430
1 226
2 163 519
5 39 91 113 152 185
3 136 443 513
1 483
2 196 250
1 517
3 0 331 509
3 121 380 584
2 183 547
1 345
2 370 512
2 219 556
3 112 304 507
1 37
2 331 480
2 66 334
2 32 295
4 107 153 257 410
3 12 232 553
4 33 138 146 557
3 159 203 487
2 175 318
2 277 575
2 18 32
1 141
2 10 566
1 180
1 102
2 245 310
1 83
2 52 549
2 62 275
2 91 95
1 400
3 110 208 284
3 100 424 501
1 225
2 376 564
3 177 457 503
3 296 474 568
2 104 515
1 30
1 537
1 471
1 157
2 115 221
1 525
2 157 499
5 22 130 322 338 449
2 185 518
2 526 573
2 95 291
2 194 444
1 44
2 108 406
3 85 349 450
4 61 324 341 352
3 241 460 544
1 154
3 288 463 532
2 203 458
2 546 578
1 399
4 293 345 371 427
3 93 236 590
3 96 120 196
1 557
2 200 392
4 65 401 428 529
1 498
2 130 256
1 568
1 266
1 298
2 68 169
1 448
3 8 308 441
5 15 213 250 500 514
2 217 379
3 164 323 478
1 270
1 378
4 209 248 305 403
2 365 571
2 139 435
1 220
2 15 471
1 142
1 301
2 246 421
2 148 424
1 256
1 249
