1000
2 275 95
1 367
2 332 391
1 757
3 480 458 895
4 100 334 73 736
2 656 228
2 419 369
1 721
3 643 790 688
2 817 526
1 412
3 576 874 19
3 45 794 928
2 708 629
2 97 567
4 435 500 671 417
1 433
2 435 741
5 12 559 982 943 543
5 42 146 664 680 844
1 741
2 655 300
3 286 356 693
1 761
1 390
3 942 630 248
2 452 60
4 609 288 38 449
2 255 925
1 77
3 805 893 620
1 802
2 571 282
2 765 990
1 951
1 316
2 801 364
3 28 889 430
2 487 501
2 122 570
1 688
1 20
3 850 252 670
1 840
4 13 467 313 290
2 401 886
1 393
2 616 86
1 218
3 647 157 410
2 950 184
1 861
2 444 561
2 708 505
1 709
1 614
2 367 533
2 475 617
1 300
3 27 179 220
3 946 860 697
1 696
2 136 193
1 443
4 172 515 147 129
1 449
1 217
3 331 332 223
1 207
1 254
2 752 685
3 583 264 715
4 5 542 723 321
3 77 978 349
1 379
2 796 311
5 30 74 361 639 141
1 511
1 527
3 827 868 704
3 356 951 105
1 919
1 92
1 882
3 526 897 90
1 48
2 892 165
1 863
3 768 854 563
4 85 758 634 820
1 925
3 83 705 167
2 264 103
4 121 260 952 162
2 0 203
2 764 421
2 15 654
1 989
2 784 365
4 5 858 200 511
1 433
2 960 387
2 93 432
2 766 807
1 81
3 822 473 528
1 202
3 224 478 422
1 843
2 352 145
2 772 345
3 137 942 623
1 512
1 666
1 640
2 734 542
2 499 283
2 493 494
1 945
1 379
1 94
2 40 914
2 141 350
3 422 379 836
2 429 418
1 159
2 824 169
3 383 668 568
2 65 525
3 281 156 913
1 588
2 322 879
2 479 627
1 925
2 925 976
7 63 615 995 389 783 171 227
2 112 672
3 150 686 201
1 188
2 899 267
5 77 123 403 683 664
2 508 350
1 150
3 803 721 218
2 110 226
1 20
2 65 204
2 297 993
1 584
4 138 143 199 589
1 603
1 362
1 733
1 751
1 589
7 130 805 947 783 247 952 944
3 50 866 692
3 174 649 396
3 126 415 270
2 238 786
1 476
1 94
4 998 469 366 779
2 309 244
1 87
2 888 661
1 92
1 189
1 127
4 994 447 686 272
1 136
2 65 494
2 584 335
6 158 701 329 619 535 556
1 306
1 777
2 762 970
1 877
1 60
1 699
2 371 529
1 964
1 363
2 51 840
1 363
1 493
2 641 550
2 139 489
3 168 655 876
2 308 436
5 879 709 347 916 509
2 760 203
1 63
2 771 304
1 692
1 757
2 215 775
3 791 309 601
1 150
2 100 845
1 138
2 107 768
4 95 192 522 828
1 147
2 377 645
1 285
3 69 234 751
5 763 588 399 572 883
1 568
1 294
2 478 590
2 638 367
2 802 571
1 423
3 197 390 874
1 255
3 67 756 652
3 49 144 675
2 949 820
1 60
3 894 888 763
2 968 454
2 68 592
1 108
2 834 446
3 145 947 682
2 136 471
4 6 312 799 650
1 504
1 448
1 232
2 231 532
2 483 294
2 207 452
1 800
3 438 982 468
2 560 268
1 160
1 342
2 767 737
2 343 411
1 986
5 904 330 456 604 442
3 164 681 256
2 610 987
1 359
1 156
1 26
2 392 916
2 447 798
1 899
1 43
2 584 359
2 70 656
3 29 216 966
1 244
1 343
1 933
2 362 541
1 94
4 512 397 862 485
2 788 966
2 703 482
3 72 93 408
2 398 906
1 912
1 140
2 237 854
1 615
1 159
1 302
1 170
3 608 462 607
1 277
1 0
2 391 450
4 274 912 366 356
3 702 642 347
3 843 591 496
2 874 850
2 130 719
1 33
1 117
3 544 805 695
3 206 646 482
1 23
1 951
4 28 720 856 395
1 755
2 45 809
1 319
2 379 437
2 551 807
4 210 233 408 927
1 868
1 968
1 148
1 680
1 491
3 22 59 911
1 507
3 271 720 739
1 522
2 194 920
1 859
4 175 860 660 795
1 735
1 190
3 164 198 851
2 434 908
4 76 814 966 580
3 228 830 380
5 45 831 701 679 862
1 746
1 881
2 36 760
4 871 368 780 477
1 550
4 291 739 498 651
1 448
1 73
1 132
1 687
4 616 823 516 658
2 417 360
1 875
1 456
1 933
2 174 869
1 243
2 68 905
4 2 68 720 863
2 919 384
2 5 993
4 173 848 425 341
2 655 524
2 502 960
1 901
1 551
2 667 825
1 335
4 239 470 517 574
3 241 257 699
2 457 499
2 111 761
1 498
2 191 278
2 980 842
1 74
6 123 142 988 986 717 461
3 903 501 677
3 110 575 751
1 987
1 662
1 571
6 23 81 277 507 662 513
2 376 987
1 931
2 246 253
1 325
3 77 522 801
3 152 259 438
4 183 185 488 825
1 37
2 99 763
3 163 277 581
3 1 57 212
1 317
1 7
2 546 958
1 181
2 978 811
2 962 879
2 714 635
1 467
2 357 975
3 205 841 990
3 926 430 711
4 75 120 124 292
2 312 382
2 810 776
2 380 865
2 128 428
1 333
1 531
1 961
3 102 539 983
1 556
2 136 710
4 25 215 689 441
2 2 276
2 249 622
2 47 983
1 937
1 288
1 158
1 261
2 265 524
2 208 801
1 427
3 46 669 997
2 916 849
1 141
1 516
3 549 708 774
1 504
2 720 453
3 264 294 625
1 466
1 50
1 241
4 11 990 421 969
1 747
1 688
3 159 586 965
1 848
2 16 325
1 125
3 7 848 699
1 565
3 96 412 892
3 108 124 465
2 214 852
1 982
1 335
1 981
2 400 835
1 383
2 125 705
3 38 378 443
1 632
1 103
4 17 101 813 601
2 310 649
2 16 18
2 190 934
2 292 685
3 236 362 631
1 624
2 968 890
1 390
1 243
5 64 430 819 633 565
3 53 987 593
3 562 895 539
1 225
2 170 250
7 230 320 891 605 509 985 687
2 28 66
2 276 574
1 782
3 27 234 550
1 407
2 222 529
1 520
3 243 327 544
2 344 463
1 4
1 605
1 685
1 350
1 273
1 457
1 863
1 422
2 409 947
4 45 375 624 774
3 236 832 614
2 163 600
2 342 555
1 227
2 771 816
3 106 922 701
3 868 854 582
1 58
3 161 586 919
2 317 900
3 108 211 585
1 133
1 4
1 846
2 263 285
3 233 745 676
1 925
1 261
1 908
1 39
1 363
2 188 964
1 946
2 299 921
1 670
3 118 186 999
3 118 172 968
1 826
1 279
2 942 915
2 319 346
5 117 344 636 791 979
2 16 667
4 39 351 537 824
2 337 546
1 771
4 229 406 789 800
1 54
1 648
4 301 356 520 632
2 142 882
2 191 448
4 793 985 588 818
2 78 100
4 113 261 521 589
1 356
2 827 694
3 65 812 761
2 324 404
1 342
2 924 767
1 606
2 455 507
2 512 834
4 203 303 361 815
1 814
3 336 398 936
1 129
3 10 85 841
3 79 844 747
1 106
2 181 454
1 977
3 385 601 787
2 232 918
3 57 964 585
3 730 626 545
1 174
1 767
1 501
1 620
3 387 445 560
1 639
1 259
3 73 116 679
1 19
3 284 456 621
1 534
2 370 502
1 977
2 615 662
1 405
3 187 318 452
5 293 339 854 678 835
2 992 566
2 874 648
2 873 796
2 470 804
2 174 388
1 864
1 610
2 19 937
2 237 539
1 53
1 445
3 89 728 576
1 794
2 420 443
2 552 586
1 15
4 128 209 690 868
2 647 910
2 40 979
3 33 213 355
1 208
1 742
2 342 450
2 352 929
3 12 563 688
1 761
1 588
2 738 960
1 311
1 366
1 474
1 72
4 149 173 253 796
4 478 533 674 917
7 415 476 566 705 768 654 971
1 639
4 131 208 510 578
3 150 155 512
1 211
1 279
2 223 867
1 444
1 971
1 608
2 700 863
1 950
2 741 724
1 945
2 469 757
3 198 433 531
1 761
2 151 617
1 243
3 448 459 733
2 519 966
2 273 806
4 273 595 730 786
3 28 893 853
4 245 558 966 946
1 937
1 887
1 964
2 56 468
4 136 269 548 618
3 48 324 838
3 58 603 801
1 615
1 174
2 31 538
1 544
1 392
1 112
3 439 467 801
1 408
1 534
2 133 680
1 815
1 14
4 26 829 872 956
1 438
3 431 507 931
1 443
1 90
3 374 778 875
2 499 902
1 899
3 212 771 967
4 77 540 587 732
2 115 992
1 187
1 278
1 9
2 714 716
1 205
2 285 792
2 50 569
2 506 553
2 158 434
3 228 706 948
1 319
2 217 887
1 754
3 97 586 777
3 22 189 336
3 6 254 707
1 869
2 324 782
1 765
1 306
1 166
6 354 356 548 730 755 953
1 967
2 20 141
1 982
3 114 952 852
4 340 500 770 970
1 128
4 401 754 941 727
2 43 492
2 16 677
1 137
1 682
1 585
3 218 773 850
1 483
3 351 671 932
2 551 722
2 313 542
3 20 298 627
1 244
2 226 673
1 141
1 715
3 71 437 460
2 138 170
2 323 448
5 9 41 414 576 870
1 390
1 568
2 991 794
2 157 195
1 23
1 514
1 284
2 62 923
1 61
1 704
3 180 343 419
1 596
3 174 313 473
1 278
2 263 827
2 80 698
3 92 429 586
1 650
1 656
5 14 54 405 989 981
4 55 191 919 959
1 389
2 378 743
1 758
1 812
2 374 644
3 72 684 829
1 644
1 350
1 959
2 281 945
5 288 302 332 407 972
3 8 144 833
1 678
1 73
1 598
1 891
1 920
2 669 763
1 563
2 932 808
4 534 608 662 996
1 932
1 639
2 153 605
1 116
2 307 977
1 5
1 240
1 579
2 302 319
1 996
3 18 21 598
2 573 856
1 711
4 974 756 800 861
1 483
2 314 920
2 413 527
1 836
2 893 838
1 769
3 154 207 352
1 71
1 946
2 653 669
2 289 662
3 217 744 912
3 3 196 600
2 90 712
1 889
2 192 316
5 24 345 515 577 602
1 177
4 208 221 365 727
1 96
2 34 659
1 104
4 240 518 536 986
3 89 202 586
2 750 957
1 667
5 194 472 503 638 973
3 111 942 984
2 675 939
3 405 467 963
1 197
1 381
2 176 654
1 635
1 163
1 317
1 990
2 451 658
4 136 156 932 907
2 99 813
1 899
2 160 608
1 531
2 262 881
1 504
1 9
2 198 499
1 646
2 510 897
3 13 564 691
1 306
3 76 554 584
1 846
1 250
1 228
3 235 504 744
5 37 361 399 617 624
4 32 213 909 837
1 144
1 555
3 31 156 284
1 607
2 104 293
1 729
1 290
2 381 874
1 372
3 515 713 903
2 433 784
2 311 523
2 522 628
1 472
1 10
1 510
1 443
2 90 219
1 836
1 106
1 324
2 127 501
2 340 363
3 495 942 901
4 80 514 703 932
1 203
2 630 715
2 312 995
1 313
2 468 955
1 721
2 225 521
2 427 551
3 124 748 821
1 802
2 616 749
1 963
3 44 184 935
2 377 526
1 348
3 109 279 998
2 20 527
1 200
3 481 797 939
1 979
4 335 416 419 868
1 402
3 43 280 675
1 309
2 423 666
2 609 898
4 89 268 474 551
1 903
2 288 742
2 938 871
1 100
2 305 932
3 61 306 875
2 52 744
2 261 313
4 88 332 464 596
2 557 952
1 382
3 157 951 964
1 592
5 80 295 474 568 848
2 329 657
1 688
2 317 857
1 630
2 554 930
5 12 215 280 553 810
3 326 635 860
1 189
2 178 929
1 922
3 132 191 373
1 949
2 315 788
2 84 508
1 208
1 932
1 971
1 46
2 612 652
2 166 221
2 38 759
1 440
2 448 725
3 87 421 934
3 31 609 749
1 221
2 4 445
1 976
2 85 793
1 853
6 140 251 637 785 954 977
1 477
2 338 826
1 636
3 351 812 855
1 243
1 331
1 265
1 783
2 310 486
2 802 980
1 569
2 300 954
3 266 277 756
1 130
1 122
1 497
4 191 249 402 980
1 585
2 532 998
4 82 333 476 709
3 304 726 746
2 491 953
2 473 878
2 696 988
2 518 940
5 29 91 134 135 484
1 378
2 294 950
2 13 933
3 575 877 957
1 873
2 358 632
7 677 729 731 783 827 859 884
3 258 328 928
2 436 892
1 840
1 524
3 394 559 611
2 857 977
2 773 846
1 924
1 669
5 26 112 497 772 826
1 19
1 156
3 119 599 719
4 61 490 610 753
3 156 226 466
1 650
2 219 880
3 51 597 927
4 35 81 287 866
4 94 156 666 864
2 662 921
2 899 911
1 832
1 630
2 769 929
1 370
2 709 718
3 102 337 579
2 386 970
1 373
2 774 839
5 182 489 533 613 866
1 415
5 255 262 311 606 610
2 638 663
4 222 296 440 494
1 412
3 177 667 961
3 586 594 885
1 720
2 771 977
1 744
1 376
2 135 896
6 530 547 735 899 938 973
2 74 372
3 499 570 847
3 348 909 916
2 426 708
4 19 236 424 665
2 387 393
1 772
2 448 510
3 242 350 767
4 245 353 357 444
2 350 923
2 98 708
4 34 377 412 781
1 691
2 552 640
2 148 334
1 170
2 136 830
2 730 740
1 401
3 163 843 918
1 493
