100
1 38
1 78
3 29 35 72
1 93
1 11
1 85
2 51 38
1 20
3 35 93 9
1 8
1 15
3 4 86 71
2 23 81
4 99 42 37 80
1 95
2 10 44
1 79
1 71
1 78
2 67 38
3 7 68 77
1 22
2 50 21
1 12
1 88
1 63
3 59 60 41
1 28
4 27 88 37 35
1 2
1 93
1 76
1 45
1 47
1 69
6 48 2 8 69 28 47
1 92
3 55 13 28
3 0 6 19
1 66
1 49
1 26
2 58 13
1 56
2 15 95
2 32 91
1 79
4 49 66 33 35
1 35
2 47 40
2 90 22
3 95 6 56
3 73 65 53
1 52
2 63 69
1 37
4 51 70 43 89
1 60
2 42 78
2 83 26
4 57 73 26 81
1 87
1 95
3 54 64 25
1 63
1 52
3 92 47 39
3 19 79 96
2 87 20
6 54 73 35 76 34 94
1 56
2 11 17
1 2
4 52 60 69 98
1 98
4 97 77 82 85
2 69 31
3 20 75 88
3 1 58 18
3 67 16 46
1 13
2 60 12
1 75
1 59
1 99
2 5 75
3 11 93 95
2 61 68
3 77 24 28
1 56
2 50 99
2 94 45
2 66 36
4 3 8 30 86
2 69 91
5 51 62 14 86 44
1 67
1 75
2 73 74
3 13 84 90
