600
1 405
3 405 507 538
2 468 306
2 429 242
1 379
2 408 41
2 314 585
2 497 51
3 33 267 319
3 183 41 68
2 370 476
3 330 532 255
2 333 495
1 487
1 560
3 529 433 491
3 165 80 243
4 460 509 65 446
1 166
1 410
4 374 367 378 248
3 567 355 162
3 316 32 298
2 500 504
1 378
1 51
3 61 234 455
2 597 79
1 34
2 119 524
1 252
6 72 587 445 101 275 97
1 22
3 8 207 283
3 28 458 378
1 258
1 265
4 550 58 199 64
4 152 241 591 411
1 47
1 229
5 5 9 158 540 333
1 396
1 295
2 379 465
1 110
1 569
2 39 83
1 183
2 106 232
1 213
7 7 25 108 235 592 421 211
1 274
1 347
1 356
3 400 377 150
1 318
2 227 349
2 37 412
4 219 479 110 473
2 453 488
4 26 135 246 442
1 506
2 364 591
3 37 111 544
2 17 193
1 387
3 540 409 442
1 9
1 114
1 359
2 126 364
2 31 449
2 409 510
1 154
1 403
1 116
1 266
3 541 583 406
3 27 241 590
1 16
1 402
1 284
4 47 101 202 501
1 172
2 182 435
1 597
1 404
2 178 231
2 555 229
1 169
3 123 425 104
1 408
1 230
1 334
1 491
2 274 224
1 31
1 449
1 409
1 501
3 31 83 570
3 227 314 563
2 203 522
4 91 475 542 536
3 247 468 229
1 49
1 493
2 51 214
1 543
3 45 59 254
1 64
2 365 203
1 595
3 69 130 260
2 594 469
2 76 393
2 141 515
1 599
2 29 430
1 366
4 368 181 160 474
1 323
1 91
2 502 558
2 505 369
1 71
4 449 218 520 423
1 586
1 581
3 114 182 220
5 438 537 398 317 467
1 592
2 296 217
1 407
2 61 312
1 217
2 377 147
1 160
1 441
1 489
5 117 419 165 215 358
2 323 546
2 512 572
2 301 321
2 465 454
1 580
2 137 244
1 504
1 431
2 55 196
2 477 471
2 38 232
2 459 525
3 74 164 577
1 431
2 291 195
2 295 527
4 41 532 203 518
1 221
2 121 138
2 309 175
1 21
2 240 443
3 154 350 508
5 16 141 523 543 486
3 18 472 459
3 576 504 477
1 407
2 90 344
1 247
2 437 530
2 84 508
3 180 299 454
2 481 238
2 161 290
6 384 303 524 565 249 206
2 330 453
4 88 180 547 283
2 352 384
6 173 178 459 265 219 413
1 121
2 85 130
3 9 48 287
2 356 471
1 518
2 335 516
2 345 561
3 225 599 304
1 197
1 482
1 551
2 462 410
1 65
1 587
2 156 368
1 150
2 189 546
1 534
1 37
1 533
1 528
1 83
5 103 112 158 580 424
2 397 338
1 402
1 176
1 33
1 507
2 294 396
2 280 564
1 51
4 451 267 339 372
3 50 572 377
1 108
2 141 512
2 460 562
3 133 136 286
2 127 489
2 59 180
2 130 452
3 159 580 403
1 445
2 459 591
3 96 394 418
3 188 354 456
1 492
2 57 102
1 553
4 40 89 105 572
4 93 320 354 236
1 88
2 49 152
1 288
2 26 381
2 51 561
1 230
4 578 371 253 566
1 174
2 244 330
2 163 281
2 38 79
3 3 552 594
1 16
2 147 239
2 350 369
1 61
3 105 170 327
1 20
1 176
1 281
1 265
3 30 594 450
2 237 418
1 110
2 11 503
1 401
1 524
2 35 570
1 473
1 114
1 434
1 349
1 551
1 299
3 36 180 251
3 77 512 344
2 8 212
1 361
1 454
3 402 457 385
1 551
2 499 454
1 449
3 52 96 584
1 31
1 402
1 405
2 351 386
1 529
2 210 583
2 240 250
1 577
3 33 178 593
3 82 586 460
1 313
2 217 480
1 183
2 233 349
4 490 565 323 432
2 175 316
2 156 461
2 561 414
2 449 419
2 209 427
3 43 157 320
2 133 557
1 361
1 22
4 173 264 370 329
1 424
3 144 482 373
1 304
2 176 307
2 188 302
2 311 461
1 2
1 303
1 468
3 161 496 409
1 435
1 305
1 135
2 285 427
2 6 102
2 349 360
2 22 290
2 131 449
2 56 334
2 8 513
5 230 295 380 466 387
3 144 508 542
1 484
5 122 142 289 504 340
1 453
2 327 382
1 334
2 247 325
1 546
1 299
5 11 177 239 437 551
2 434 461
3 509 359 483
4 12 41 526 443
4 94 318 326 441
2 186 533
2 523 407
2 341 429
1 204
2 212 582
1 323
2 337 416
1 504
1 354
4 169 266 347 596
1 187
1 498
2 53 344
1 531
4 57 262 288 315
3 164 245 401
2 278 413
1 179
2 587 507
5 225 230 343 547 487
3 21 377 519
2 54 184
1 491
1 141
3 70 332 470
2 315 404
3 268 297 375
1 514
1 550
2 63 71
1 112
3 120 372 553
1 20
2 121 195
3 125 245 375
2 10 299
1 237
3 212 366 485
2 301 589
1 20
2 361 369
3 457 383 569
5 55 137 213 355 576
7 20 24 34 509 481 493 514
2 4 44
2 320 511
1 234
2 325 554
1 376
2 176 179
1 270
4 278 531 529 420
2 66 320
1 593
1 585
1 552
1 520
1 403
2 116 533
2 224 496
1 557
4 42 209 560 542
2 204 541
1 131
1 522
1 55
2 256 350
6 81 205 270 276 552 595
3 75 221 392
3 87 360 460
3 0 1 277
1 78
3 134 168 336
2 5 92
5 67 73 99 309 463
3 19 192 444
1 38
4 58 581 535 478
2 180 351
3 292 440 521
1 572
1 341
1 578
2 224 253
4 141 293 548 557
1 386
1 51
1 508
1 127
2 203 300
1 91
1 493
2 294 313
1 545
2 3 337
1 119
3 149 155 580
1 289
1 15
2 261 331
2 85 310
1 531
4 171 330 452 556
1 131
2 578 568
1 414
3 139 334 541
2 61 67
2 163 333
2 410 534
2 31 222
1 17
1 496
1 511
6 72 98 127 273 293 317
1 252
1 212
3 220 437 592
3 60 177 324
4 145 173 269 272
1 26
1 225
2 270 376
1 34
4 153 166 180 223
5 17 216 284 404 533
4 291 305 331 525
2 192 504
1 409
2 483 593
2 44 145
2 320 506
1 131
3 2 105 308
2 115 510
2 359 598
2 151 184
2 166 545
2 59 259
1 121
1 104
1 10
3 151 167 528
1 412
2 59 558
1 286
2 174 378
2 190 301
3 332 464 517
2 322 575
1 372
1 165
2 13 354
1 60
3 140 218 574
1 289
3 15 95 357
2 226 572
4 107 378 426 498
1 495
2 12 494
3 309 394 447
1 7
2 346 493
1 272
1 23
2 83 100
1 124
1 255
6 23 148 167 323 342 462
1 125
2 62 466
3 1 208 353
4 164 172 321 422
3 17 332 378
2 73 469
2 380 448
4 143 215 266 549
1 319
2 362 378
1 117
1 186
1 483
2 158 185
1 355
2 127 391
1 414
2 103 399
2 165 336
3 29 176 257
2 153 461
3 333 579 588
1 157
2 201 477
3 15 279 386
1 171
3 348 386 436
2 11 158
4 200 335 393 460
2 198 444
1 412
1 104
1 131
1 1
1 570
2 41 67
3 78 397 441
5 104 321 396 588 564
2 109 165
1 64
2 428 472
3 142 197 328
2 178 354
1 419
1 512
3 37 363 592
4 191 263 271 330
3 242 390 402
2 228 366
1 382
1 89
1 437
3 296 395 419
2 124 479
1 585
3 14 396 575
3 187 235 292
1 216
1 102
2 210 542
2 176 289
1 237
1 21
1 439
2 46 376
3 101 258 539
1 582
5 143 213 229 415 492
1 584
1 489
2 484 560
2 167 377
2 154 282
4 237 417 439 593
1 526
4 146 203 221 431
2 129 412
2 339 571
2 78 280
2 274 573
3 6 389 559
2 128 284
3 31 194 353
2 526 542
1 373
1 79
3 38 63 223
4 51 132 452 550
4 283 388 464 578
3 115 242 252
2 113 402
1 344
2 27 86
1 470
2 118 188
