1000
5 870 347 23 476 537
3 414 107 674
3 375 396 747
4 248 961 606 73
1 485
2 401 387
3 233 337 334
1 546
2 910 776
2 669 68
3 257 590 738
1 264
1 338
1 220
2 954 611
1 429
2 98 922
4 101 178 832 290
1 851
1 789
1 590
5 163 315 594 906 349
1 193
2 0 176
2 93 70
1 635
1 642
3 811 675 285
3 412 751 135
2 423 357
1 150
1 811
1 801
1 550
1 665
1 722
2 481 519
1 492
2 303 568
3 709 711 976
1 657
1 436
1 155
2 159 939
2 608 814
2 104 109
1 932
1 68
4 685 894 622 219
1 929
1 399
1 817
2 446 758
1 166
1 181
4 397 412 722 65
3 852 859 664
1 881
2 336 727
4 245 761 424 634
1 689
3 615 439 707
3 983 278 372
1 346
2 659 981
3 55 205 566
1 677
2 155 767
3 9 47 880
3 986 531 662
3 24 809 952
1 726
1 166
3 3 762 193
3 584 519 764
2 253 554
1 116
2 229 524
2 613 990
2 272 324
1 592
1 963
2 357 826
2 745 260
3 919 717 978
1 416
1 194
2 479 601
1 91
3 652 885 949
1 444
3 88 786 575
1 294
3 24 944 454
1 923
5 960 604 781 351 426
2 943 98
1 731
4 16 96 100 712
2 216 515
2 98 239
2 17 926
1 281
2 959 997
1 45
3 878 339 657
1 739
3 1 304 783
1 920
4 45 977 559 260
2 804 961
2 235 596
2 726 451
2 179 828
1 268
3 583 941 243
2 76 732
3 433 600 799
3 874 841 394
1 919
1 224
1 800
3 833 785 771
1 169
1 316
1 567
1 519
1 418
2 850 329
1 916
4 325 915 729 725
2 186 853
3 356 474 980
1 435
2 324 878
4 28 515 143 172
3 886 597 378
1 156
1 484
2 158 295
1 556
1 720
4 385 427 680 607
2 135 689
1 327
5 749 256 793 207 482
4 330 268 431 774
1 883
2 457 336
2 887 534
2 30 601
1 785
1 516
1 911
1 306
3 42 67 807
2 137 450
1 721
3 139 393 384
2 43 665
1 979
1 450
1 628
3 21 582 593
2 189 320
3 238 721 781
4 53 72 384 801
2 331 848
2 708 612
3 123 631 254
1 731
3 482 449 497
1 135
2 800 930
3 764 863 360
2 265 584
3 23 240 459
1 754
1 17
1 113
1 385
2 54 396
1 800
1 285
1 757
1 764
2 131 211
2 812 863
3 793 622 779
2 164 572
1 573
3 330 451 264
2 965 717
2 22 73
3 86 403 760
1 982
1 927
1 632
1 737
1 726
1 561
2 509 990
3 311 571 428
4 567 365 966 348
1 459
1 65
1 809
2 145 295
1 442
3 676 956 603
1 396
2 186 322
1 864
3 336 301 899
1 346
3 888 369 523
2 99 261
1 779
2 316 898
1 48
3 13 256 277
2 293 621
3 684 235 861
2 592 327
6 120 970 511 723 485 784
1 951
1 905
2 570 548
1 316
1 77
2 760 794
2 353 517
1 532
2 6 734
1 456
3 111 222 530
2 545 702
2 325 704
1 165
1 100
2 176 628
1 545
3 798 505 820
1 115
2 267 897
3 59 418 788
2 981 533
1 700
2 3 719
3 915 940 920
1 456
1 457
1 988
3 75 763 543
5 169 669 517 863 834
2 886 272
2 145 220
3 10 746 905
1 794
1 515
2 83 109
1 216
1 921
2 528 722
2 11 191
4 175 483 897 403
1 703
3 244 446 332
3 114 146 653
1 457
1 717
1 860
2 79 255
1 750
1 579
2 420 836
2 322 740
1 220
4 62 381 677 798
2 320 640
2 556 660
2 102 940
1 646
1 847
2 911 382
3 27 183 946
2 983 333
1 656
1 406
1 377
2 17 311
1 391
1 326
3 221 852 436
5 92 713 846 339 827
5 139 207 557 579 520
1 801
2 329 484
1 324
1 317
3 735 964 318
1 213
1 606
4 38 766 765 465
2 107 815
2 796 950
4 154 484 534 962
1 626
2 535 787
1 591
1 491
2 202 290
2 716 393
1 671
3 715 663 772
3 21 686 343
4 124 218 228 324
2 299 821
2 300 670
1 511
3 164 279 435
7 490 623 780 738 444 770 345
2 211 276
1 779
4 79 134 298 316
4 130 237 743 599
4 292 694 525 593
3 144 223 912
3 994 956 495
2 128 297
4 146 191 367 953
2 167 556
1 267
1 286
3 6 347 806
1 425
7 58 148 213 858 699 499 350
3 6 641 472
2 12 494
3 105 294 987
3 543 534 627
1 399
2 504 986
1 315
1 877
1 321
4 63 214 408 918
4 0 334 713 376
1 203
1 21
2 336 752
1 95
1 808
2 231 522
1 830
1 818
3 132 418 678
2 29 82
5 629 856 844 582 867
2 816 813
1 174
1 584
1 919
1 798
2 788 496
2 203 665
2 541 801
1 330
1 890
2 215 455
1 662
3 767 428 971
2 62 875
2 486 691
2 458 994
2 2 913
2 347 581
2 289 752
1 136
1 708
2 667 934
2 278 681
2 284 645
4 803 514 738 500
4 158 166 849 432
4 142 180 454 429
2 620 860
1 5
1 521
1 882
1 997
4 291 882 588 982
2 486 452
4 158 312 792 441
2 118 903
2 412 419
4 2 181 210 979
3 55 480 510
1 750
4 50 341 760 556
2 567 790
2 5 763
2 571 731
3 194 265 546
1 452
1 847
3 288 773 683
1 853
2 346 742
1 901
1 452
1 484
4 28 55 395 601
1 528
2 1 435
1 919
2 85 733
2 720 999
6 127 245 356 667 858 448
2 395 705
1 275
2 781 839
1 541
1 29
2 59 488
2 335 711
1 95
1 142
2 202 371
5 15 385 793 531 744
2 775 686
1 146
1 384
2 117 659
1 587
4 133 320 414 883
2 41 293
3 952 819 580
1 623
1 61
2 473 907
1 393
3 208 958 948
1 489
2 90 321
2 896 864
3 52 267 975
2 626 632
2 418 552
3 171 698 619
4 156 161 665 457
2 112 191
7 392 404 410 463 931 709 692
1 570
3 93 385 490
2 369 754
5 234 250 679 561 464
6 148 251 269 450 674 506
2 374 605
3 176 204 791
1 483
1 813
2 507 778
4 452 584 740 839
1 456
1 303
4 636 888 846 862
3 900 508 700
1 533
1 865
1 853
1 914
2 337 601
3 440 961 969
2 132 802
1 494
1 0
1 717
1 919
3 87 972 718
2 397 874
1 36
2 145 171
2 265 460
4 138 297 306 411
2 4 224
2 373 392
1 841
3 424 918 610
2 443 520
2 321 454
3 310 585 901
3 37 912 816
1 747
4 338 475 523 989
1 328
1 364
1 171
1 906
2 336 540
1 383
1 740
2 890 764
1 510
2 342 904
2 242 902
1 457
1 462
1 467
1 201
3 397 503 855
4 224 319 740 914
1 681
1 520
1 383
3 99 135 259
3 152 924 737
3 231 254 651
2 839 559
3 36 74 126
3 295 489 513
4 388 553 688 764
1 353
3 215 494 691
4 77 877 551 990
1 326
1 815
2 978 868
2 263 413
1 815
2 235 614
2 69 429
2 232 672
2 246 468
4 149 306 340 666
1 308
1 978
1 0
1 757
1 928
2 499 609
3 366 422 951
1 991
4 253 340 830 638
2 953 618
4 236 241 611 573
3 7 403 957
1 756
4 227 721 882 921
1 617
3 33 741 777
4 524 896 928 617
2 448 900
1 521
4 75 835 873 643
1 973
4 140 280 331 399
1 295
1 937
3 109 518 808
1 656
2 200 456
3 589 668 856
1 805
1 632
1 850
1 65
4 125 203 400 577
2 38 660
1 912
3 227 453 871
2 202 402
1 189
2 190 545
1 774
2 91 983
3 632 831 821
1 567
1 896
2 274 295
1 437
1 376
2 163 358
2 115 863
5 74 175 361 463 896
1 491
1 931
3 434 756 694
2 391 867
1 562
3 10 20 973
2 309 599
2 80 223
2 163 326
2 21 602
1 830
1 111
1 136
2 753 637
5 325 591 871 735 993
1 117
4 87 150 412 472
1 594
1 209
1 95
1 458
3 3 302 655
1 142
3 44 939 901
1 540
2 488 693
3 14 545 904
3 168 959 687
2 78 759
2 530 767
2 61 717
1 852
2 549 551
1 544
1 449
3 386 991 922
1 221
2 48 188
2 321 438
2 825 926
2 892 895
2 307 447
1 340
2 162 240
1 358
1 908
1 169
5 197 447 564 576 889
1 926
1 59
3 25 954 818
2 466 710
1 598
2 543 884
1 873
1 279
2 337 955
3 26 824 889
1 554
3 697 829 937
1 382
2 282 949
1 948
1 708
1 660
1 702
2 517 851
1 89
1 268
1 824
1 606
3 287 560 833
2 40 105
1 691
3 64 433 757
3 280 568 649
1 754
2 69 370
1 314
1 56
4 34 159 365 450
2 534 988
3 380 418 928
1 562
2 9 254
1 318
2 313 879
2 532 918
1 874
2 1 457
2 27 916
2 209 832
3 66 278 869
2 356 927
2 456 761
1 142
2 381 512
1 867
1 406
2 222 974
1 48
2 315 430
2 612 942
1 521
2 60 143
1 941
3 373 523 658
1 452
2 610 963
2 326 587
2 781 943
1 746
1 644
1 449
2 336 996
2 247 467
2 974 741
2 236 650
2 266 904
1 237
2 419 857
1 819
2 61 838
4 168 379 648 849
2 39 452
1 636
2 39 425
1 98
2 294 347
1 717
4 314 887 757 893
1 312
8 84 192 270 477 615 714 737 720
1 479
1 248
3 141 417 717
3 157 165 548
3 35 55 263
1 224
1 805
1 130
5 71 112 199 738 872
1 58
1 745
1 130
2 941 821
3 97 170 402
4 116 852 833 923
2 416 819
1 233
3 300 599 916
1 781
3 198 516 717
4 10 321 383 726
2 106 871
4 276 463 501 511
2 550 701
1 408
2 325 929
1 429
2 83 728
2 257 696
2 2 493
1 939
2 145 995
4 273 398 959 985
1 28
2 350 377
2 598 762
4 177 455 661 936
1 913
2 547 587
4 184 538 659 715
1 52
1 613
3 194 230 399
2 59 679
3 73 753 817
3 253 401 842
6 74 174 185 502 521 909
1 303
1 303
3 67 371 614
1 918
1 888
2 321 968
2 122 837
1 314
3 406 908 977
2 146 574
1 430
1 8
1 550
2 462 963
4 188 217 323 891
2 321 787
6 95 165 421 695 736 967
1 821
1 107
1 224
3 122 151 854
1 91
2 308 780
2 245 364
2 19 924
1 400
1 459
3 393 910 847
3 145 188 429
3 230 258 969
1 807
2 305 800
1 841
4 242 278 363 970
1 117
5 121 173 182 796 996
4 32 166 296 366
1 474
1 383
3 110 935 933
4 563 724 948 854
1 334
2 155 795
2 352 559
3 70 206 925
1 863
2 27 31
1 187
2 359 461
1 44
3 304 526 529
2 359 492
2 51 762
2 355 635
3 437 706 733
1 242
4 317 576 730 782
1 850
1 934
3 642 654 947
2 624 865
2 82 846
1 294
2 113 850
1 644
5 354 543 595 910 969
1 576
4 17 676 896 843
3 122 656 732
2 254 998
1 554
3 275 867 917
1 771
1 707
3 421 463 518
1 881
3 118 487 797
1 763
1 832
1 358
1 937
3 294 466 826
3 283 405 792
1 167
2 384 708
4 128 565 822 828
2 18 651
4 56 293 616 732
3 131 407 470
3 785 805 858
1 510
2 358 562
1 705
4 336 418 854 937
1 56
2 271 386
1 222
1 466
5 174 187 254 583 810
2 212 445
2 469 825
1 910
4 358 588 682 836
1 527
1 677
1 0
3 570 599 739
1 726
2 554 639
4 118 480 673 912
1 372
1 983
2 344 524
2 105 134
2 671 983
1 68
4 57 840 957 945
3 389 391 548
2 147 435
1 638
1 89
2 136 255
2 149 715
3 215 466 769
2 632 642
2 368 502
1 779
2 625 983
2 715 911
1 48
1 625
5 445 551 578 584 832
2 244 265
1 218
1 213
2 467 552
3 409 491 608
1 505
1 394
3 504 611 703
2 226 257
2 21 498
1 440
2 630 773
1 764
4 8 792 830 866
3 153 284 893
4 327 492 569 874
4 375 755 931 992
2 471 511
2 130 249
3 129 675 735
1 836
4 346 488 672 768
7 84 119 362 415 478 984 957
2 108 249
2 262 548
2 16 620
2 94 732
2 516 789
1 809
3 101 624 633
2 196 678
3 539 551 667
2 49 743
1 173
4 452 586 913 932
2 46 931
1 804
2 380 823
1 804
1 754
4 558 644 845 858
1 957
3 43 608 748
2 249 281
3 115 690 730
1 687
2 96 695
1 93
1 881
1 285
1 824
3 442 647 805
3 89 646 988
1 305
2 225 541
2 70 437
2 330 544
2 14 635
1 641
2 209 328
4 546 881 919 938
1 442
3 103 612 750
1 95
3 3 110 473
1 306
3 81 693 778
1 300
1 192
1 203
1 781
1 770
3 473 794 830
2 224 798
1 371
1 479
2 555 590
2 684 701
1 446
1 39
2 109 773
3 84 527 536
2 160 396
1 132
2 64 246
2 195 391
6 62 286 575 876 879 892
1 919
1 750
2 69 342
1 339
3 252 666 949
1 494
3 78 201 524
2 542 620
1 913
1 599
2 328 374
1 749
2 699 800
2 103 390
1 834
1 417
