100
2 65 6
3 8 15 81
1 62
2 50 44
1 70
1 6
3 0 5 87
3 50 58 74
2 1 94
3 57 96 22
1 12
1 50
2 10 23
3 74 85 30
2 58 24
1 1
1 74
2 77 85
1 61
1 86
1 48
1 49
1 9
5 49 65 12 85 82
3 14 45 35
2 72 29
1 28
1 60
2 26 78
1 25
1 13
1 58
1 89
1 51
1 41
1 24
1 41
1 41
1 83
2 86 90
2 60 61
7 69 70 34 36 37 95 42
4 58 72 83 41
1 93
1 3
1 24
1 72
2 74 89
3 20 72 93
3 63 23 21
3 7 11 3
4 53 33 67 74
1 90
1 51
1 61
3 61 80 78
1 90
2 9 85
5 42 7 31 90 14
1 95
2 40 27
5 54 55 18 88 40
3 2 79 88
1 49
1 79
2 0 23
1 81
1 51
1 96
1 41
2 4 41
2 96 78
4 42 48 25 46
1 92
6 51 7 13 16 47 91
1 78
1 85
1 17
4 55 71 75 28
3 62 64 97
1 55
4 1 66 90 84
2 23 99
2 38 42
1 81
5 57 13 17 23 76
2 19 39
1 6
2 61 62
2 32 47
5 52 56 58 81 39
1 74
3 73 95 98
2 43 48
1 8
3 59 92 41
3 9 68 71
1 79
1 92
1 82
