1000
1 815
3 765 170 892
3 851 887 363
2 692 37
1 118
2 907 691
2 961 917
2 607 387
1 565
1 979
1 417
1 356
1 219
1 824
1 555
3 350 682 325
1 41
2 924 988
3 712 208 818
5 234 839 597 336 998
4 916 808 274 771
2 842 743
1 185
3 415 935 775
2 418 526
5 857 557 834 486 618
2 844 344
2 321 765
2 962 887
1 478
3 621 191 379
1 538
2 159 706
1 477
2 111 341
1 375
2 475 189
3 3 935 595
1 713
2 316 75
2 719 663
4 16 578 169 675
2 622 142
1 732
5 397 966 975 242 633
2 942 773
1 925
1 569
2 97 678
2 181 106
1 857
1 637
1 415
1 981
1 619
2 151 754
2 950 614
3 330 813 619
1 924
1 468
1 449
1 781
1 158
3 997 218 381
3 221 670 149
3 783 929 536
2 289 625
1 575
1 429
1 548
2 453 229
2 355 783
2 85 503
2 85 605
4 549 538 422 653
1 39
1 465
3 583 871 728
2 478 569
2 532 315
1 139
2 542 741
4 344 820 391 98
1 321
2 882 221
2 72 73
2 755 596
2 327 921
3 260 222 248
1 347
1 766
1 960
2 616 531
2 848 482
1 220
1 786
2 573 866
4 48 274 606 407
3 82 150 801
2 519 457
1 459
3 733 119 499
2 173 588
1 705
1 998
2 176 977
3 49 134 832
1 843
1 172
1 730
1 587
3 34 460 660
3 830 379 910
1 380
2 571 990
1 911
4 175 420 851 291
1 417
2 4 213
2 101 696
1 391
1 470
3 400 594 137
2 934 907
1 254
1 189
3 739 646 817
2 600 188
2 451 790
2 363 261
1 954
2 196 924
2 933 726
2 320 295
1 106
2 575 940
1 637
1 122
2 727 176
2 80 314
2 344 302
1 877
1 42
1 539
2 264 281
1 673
1 751
1 562
1 462
4 64 583 837 153
3 98 652 165
4 55 323 316 533
1 523
1 149
3 835 175 659
2 452 703
3 355 257 796
1 952
4 62 448 895 444
2 32 699
1 605
3 426 233 554
2 477 230
3 214 655 859
1 622
4 150 174 877 413
2 497 427
1 341
2 417 519
5 41 483 290 843 312
2 1 548
1 760
3 108 742 374
2 102 927
1 165
5 116 154 288 222 285
2 105 138
1 486
1 620
3 658 758 854
1 936
4 49 523 891 946
3 258 563 918
2 565 873
1 688
2 22 290
1 816
1 714
2 127 537
2 36 125
2 927 494
2 30 690
5 933 479 587 208 414
2 275 433
1 314
2 367 353
2 131 958
2 737 716
1 285
2 374 467
1 877
1 433
2 850 950
2 609 611
2 881 339
2 385 567
1 587
3 863 525 284
3 18 192 626
2 698 403
1 213
1 853
2 639 598
5 118 210 275 241 638
1 163
2 452 219
2 648 738
1 525
1 63
4 12 215 423 772
5 94 480 453 446 670
4 64 84 577 841
7 88 175 438 562 725 749 329
1 364
1 848
1 540
2 760 832
2 663 440
1 725
2 70 496
3 162 417 959
2 954 648
2 843 911
5 161 462 236 757 507
1 19
1 438
2 233 742
3 326 765 296
2 980 495
1 724
2 426 831
3 213 469 959
1 44
1 482
1 269
2 621 846
2 510 871
2 297 753
1 88
4 776 786 849 947
1 456
1 583
1 992
1 947
3 124 525 561
2 495 654
1 450
4 156 863 624 369
3 182 679 528
2 621 590
2 88 281
2 129 874
1 613
2 347 267
1 144
2 877 811
2 642 931
1 263
3 852 570 836
3 244 774 388
3 529 834 697
3 491 756 522
3 694 277 905
3 750 992 787
3 20 97 991
3 193 213 312
2 384 314
1 272
1 452
1 711
2 395 341
3 144 260 867
1 287
1 483
1 207
2 175 198
2 410 377
3 282 500 644
3 175 881 586
1 66
2 169 185
4 116 421 900 901
2 922 608
1 814
2 534 816
2 133 665
1 237
3 247 310 371
1 684
1 343
1 963
3 542 574 535
1 140
1 477
4 419 630 839 941
1 551
1 960
2 698 378
3 366 439 442
1 466
2 297 893
1 417
4 169 275 989 347
1 605
5 139 194 276 953 463
3 79 501 681
3 39 151 924
2 827 557
1 974
1 676
2 133 592
3 27 83 737
4 847 887 809 605
1 151
1 929
1 15
2 237 854
2 87 724
1 586
1 222
2 57 924
1 565
3 964 649 475
3 768 729 760
2 724 465
1 992
2 19 976
1 769
1 649
1 204
1 813
3 34 167 280
2 841 357
3 299 790 978
3 26 82 140
2 538 626
2 853 981
3 89 263 312
1 856
1 732
1 15
2 726 428
1 608
2 195 689
2 461 718
4 71 156 880 506
3 11 703 543
1 342
1 454
1 570
2 611 894
1 951
1 441
3 2 129 879
3 223 485 456
5 707 375 957 908 437
1 308
2 195 488
1 710
3 257 700 969
1 400
2 297 585
2 640 382
2 731 831
2 172 199
2 35 365
1 544
4 286 687 800 643
2 307 447
4 30 112 500 664
3 113 466 424
3 63 652 919
1 372
1 578
2 276 855
2 205 553
1 647
2 7 473
5 269 868 529 713 576
1 434
1 902
4 82 120 645 985
1 453
1 979
2 748 505
1 280
1 462
4 44 532 623 779
1 610
1 795
3 122 370 620
1 775
1 629
2 209 902
2 905 645
1 430
2 622 483
1 97
1 836
1 925
1 286
3 631 476 936
1 546
1 165
1 192
5 23 52 876 727 886
1 643
5 10 117 168 230 311
3 24 636 867
1 304
2 116 648
3 291 992 848
1 74
2 219 537
3 380 650 825
3 729 534 745
2 161 240
2 166 801
1 351
5 68 893 762 706 944
5 405 819 673 925 661
3 455 534 556
1 783
2 193 201
2 389 876
1 507
1 697
1 365
3 222 235 815
2 308 555
1 227
2 362 583
1 308
1 455
1 158
1 925
1 220
1 378
2 158 456
3 60 596 615
3 256 752 572
3 128 521 709
3 155 215 278
3 70 220 392
4 358 766 858 868
3 431 443 962
4 250 364 448 652
1 99
1 968
3 100 697 751
3 111 560 887
2 354 862
5 148 233 396 793 498
1 314
1 475
3 76 334 626
3 309 380 853
2 199 802
2 59 924
2 241 634
2 121 847
3 547 542 821
1 693
1 387
3 501 795 710
3 36 332 464
1 411
3 33 162 303
3 29 78 816
1 192
1 220
2 799 888
4 93 243 683 791
5 169 283 406 963 744
3 928 851 864
2 364 839
2 25 177
3 546 993 513
1 367
1 923
2 826 985
1 271
1 699
1 756
1 190
4 238 255 838 537
1 229
2 166 524
5 462 838 775 638 589
2 101 715
2 287 379
2 315 474
1 596
1 72
1 620
2 394 964
1 355
2 233 435
2 905 949
2 627 932
3 246 640 512
1 846
1 510
1 487
2 634 783
1 815
3 986 784 960
2 743 636
2 855 979
2 99 168
2 721 580
2 451 632
1 271
2 152 181
2 497 761
3 207 217 254
1 24
1 806
1 258
2 270 388
1 578
1 92
5 79 397 604 685 792
1 151
3 294 425 431
2 301 909
1 65
3 188 423 495
4 31 74 345 646
2 143 624
3 225 722 616
1 708
3 81 301 471
1 356
2 376 626
2 885 691
4 412 487 664 689
2 471 564
3 69 170 833
1 74
1 925
2 305 594
3 739 705 593
3 385 572 720
1 161
3 14 439 879
1 431
2 25 317
1 803
1 684
2 460 639
4 254 883 925 878
2 147 222
3 182 813 850
1 547
3 8 183 331
1 707
1 205
1 814
3 47 78 789
2 268 359
1 114
3 450 553 824
2 96 730
1 301
3 67 135 783
1 388
1 221
3 41 383 530
1 683
1 520
2 725 599
2 691 973
4 77 149 251 441
1 603
1 371
2 288 328
3 110 192 206
4 102 804 681 629
2 498 956
1 259
1 684
1 320
1 552
2 122 551
2 37 778
4 86 449 502 822
1 19
1 212
1 581
1 127
1 834
1 895
2 584 758
3 532 960 945
4 73 160 313 322
4 97 904 692 714
2 7 881
2 292 352
1 203
2 398 831
2 203 360
2 688 912
2 262 835
1 56
4 449 657 668 942
2 92 540
3 800 725 713
2 25 684
2 54 57
4 178 400 504 875
3 30 245 259
3 42 164 406
3 397 668 647
3 257 539 747
2 66 917
5 208 345 465 544 951
1 509
1 796
2 402 588
2 304 702
1 411
1 521
1 44
2 469 514
2 813 866
2 418 517
5 51 136 838 740 888
2 213 498
3 212 560 877
3 372 510 785
1 856
3 266 985 913
3 377 416 894
2 287 746
3 391 404 994
4 126 538 675 915
2 386 623
3 216 231 420
2 332 338
1 424
1 732
3 150 381 456
1 74
1 255
2 163 736
1 914
1 615
1 179
1 154
1 111
1 430
1 845
2 40 227
3 379 546 769
2 295 703
1 685
1 970
3 615 623 719
1 855
3 64 220 723
2 869 881
1 802
2 145 430
2 854 884
2 41 646
2 319 926
1 923
1 48
1 258
1 744
3 315 588 810
4 15 922 814 807
2 482 579
4 298 559 591 618
3 532 666 865
1 840
1 377
2 184 612
2 353 546
3 191 797 875
4 5 545 582 988
2 3 606
2 472 939
1 272
1 756
1 119
3 270 436 459
2 209 307
3 159 492 834
1 369
1 838
1 630
3 155 356 665
1 741
2 103 552
2 32 429
2 365 566
3 541 781 722
2 451 815
3 368 474 764
2 279 789
1 18
3 38 388 617
2 187 606
1 499
1 197
2 930 903
2 354 860
2 40 668
1 553
3 520 883 902
2 540 708
1 670
3 239 327 334
6 222 228 581 617 995 938
2 132 351
3 138 415 914
1 77
2 333 425
2 109 573
1 373
4 43 349 651 989
2 101 980
1 759
1 838
3 655 982 776
2 197 321
1 216
2 126 552
1 637
3 81 704 893
2 172 236
2 21 517
2 483 680
1 425
1 644
2 624 908
1 394
2 222 872
3 273 897 889
3 146 459 805
1 450
1 247
2 55 996
1 86
4 271 493 695 982
1 233
2 179 603
2 734 855
3 171 226 333
2 524 890
2 429 939
1 791
1 710
3 1 27 237
2 90 454
1 816
2 333 850
2 337 664
1 947
1 20
1 219
1 45
1 269
3 23 401 498
3 249 736 850
1 929
1 595
2 397 925
1 911
3 61 708 783
1 905
6 65 71 432 514 575 781
1 516
1 640
2 95 249
1 273
1 935
2 569 711
2 128 343
2 482 763
1 532
1 462
1 963
2 399 474
2 156 628
1 690
2 955 908
1 481
2 377 617
2 98 427
2 467 672
2 558 883
1 588
1 751
3 527 925 829
2 682 854
1 20
1 322
1 681
1 265
1 913
4 57 340 563 635
4 293 568 682 929
4 0 438 515 709
4 186 294 478 767
1 126
1 18
1 430
1 82
1 471
1 596
1 864
3 13 572 829
1 424
1 490
2 317 987
1 902
2 806 824
1 112
4 240 373 610 852
2 106 226
1 548
5 25 270 601 699 971
2 154 613
2 268 408
2 149 970
5 495 498 637 701 735
3 19 304 485
2 686 857
2 221 342
1 21
3 107 169 232
2 26 948
2 662 993
2 245 511
2 322 470
3 93 224 421
1 249
4 202 563 768 776
5 2 116 484 920 965
2 268 831
4 211 346 466 989
4 179 326 674 807
4 384 518 669 759
4 348 641 990 902
3 25 50 840
1 454
1 163
2 718 963
1 891
1 461
2 207 257
2 484 823
2 685 970
2 96 635
3 281 418 935
3 388 454 943
1 671
2 989 964
3 77 246 953
2 749 873
2 183 872
1 261
2 620 690
3 415 434 983
5 141 165 200 265 639
1 561
2 363 555
2 355 972
4 204 288 607 671
1 84
4 561 721 803 968
1 674
1 545
1 415
4 2 28 322 460
2 481 637
1 750
1 761
2 181 861
1 1
3 310 429 741
2 360 643
2 158 602
2 917 968
1 750
1 957
1 988
2 291 930
1 291
5 390 403 721 828 856
1 717
1 606
4 272 404 508 782
1 933
2 5 123
3 365 747 798
1 535
1 112
3 115 232 780
3 612 934 974
2 642 812
2 656 727
1 646
1 20
3 6 625 896
1 182
1 381
1 851
1 87
2 292 682
4 489 677 928 932
7 17 58 131 316 330 468 999
8 46 409 430 445 550 561 779 806
2 676 937
2 173 190
3 484 923 937
5 65 324 777 814 952
2 717 900
1 266
3 509 923 967
3 132 192 906
2 123 912
4 23 37 788 867
4 180 411 990 984
2 926 928
1 725
2 693 762
1 135
1 304
2 45 615
1 868
1 429
1 604
1 181
3 249 253 770
1 844
1 508
2 56 202
2 361 626
2 157 929
2 314 871
2 130 231
1 798
1 589
2 365 898
1 196
2 230 241
4 91 306 516 604
1 6
3 28 455 993
4 300 483 794 860
3 332 505 870
1 851
1 44
1 932
3 458 883 896
1 369
3 667 837 865
1 834
1 880
1 582
2 318 912
1 44
1 336
1 105
1 343
3 9 393 518
2 238 733
2 53 346
2 736 756
1 876
1 936
3 391 490 642
1 516
1 827
3 17 691 899
4 312 732 853 870
3 114 856 936
1 274
4 252 273 335 421
3 487 845 962
1 645
1 725
1 754
1 63
2 19 104
1 924
