1000
5 583 437 260 946 172
1 934
3 19 167 67
4 938 204 11 70
2 202 89
1 483
2 447 689
1 572
3 358 222 991
3 809 553 761
2 847 656
6 3 217 136 128 962 614
7 21 617 631 175 152 897 709
1 188
1 806
2 975 253
1 453
1 281
4 28 92 328 649
2 2 296
1 848
3 12 811 412
1 588
4 480 377 858 756
1 67
1 528
3 59 170 469
3 888 936 855
3 18 679 219
3 263 41 169
1 823
2 726 932
4 854 615 718 541
1 221
4 551 237 827 192
1 859
3 487 983 635
4 176 248 369 747
1 72
1 870
1 304
1 29
2 531 474
3 421 856 323
3 98 524 262
1 683
1 588
2 158 260
4 568 439 939 523
3 941 860 698
1 227
2 830 912
1 269
1 338
1 429
1 146
1 451
3 872 427 220
2 735 773
5 26 988 548 986 725
2 681 598
1 658
3 538 908 185
1 767
3 837 173 838
2 994 122
3 624 885 650
3 2 24 974
3 227 432 564
3 177 112 440
2 3 280
1 505
3 38 817 438
1 727
3 973 716 342
2 159 648
1 444
1 476
3 875 908 397
4 129 182 345 274
2 627 809
1 583
3 889 638 265
2 784 550
1 858
3 486 505 700
1 327
2 732 869
1 534
4 4 176 340 880
1 515
1 929
1 18
3 361 357 234
2 512 893
1 340
1 522
2 598 400
2 44 144
4 453 568 199 843
2 924 311
3 566 572 332
2 969 308
2 797 457
2 593 120
1 576
3 138 292 883
1 535
2 895 751
2 233 821
2 904 707
3 950 134 455
2 69 444
4 312 562 117 723
1 406
2 579 914
1 203
2 113 590
3 721 539 776
1 540
3 104 843 313
4 859 683 388 389
2 65 334
3 470 151 445
1 693
1 756
3 461 232 955
3 249 737 261
1 11
1 79
2 183 509
1 768
1 701
1 199
1 111
1 613
4 11 873 653 940
3 600 469 557
1 106
2 267 282
1 638
1 252
1 191
5 750 265 351 383 472
3 98 995 792
2 989 215
3 55 892 964
1 478
3 310 298 430
2 509 407
1 616
1 123
3 12 290 213
1 353
1 229
1 836
2 416 316
2 773 742
2 47 500
4 75 431 885 373
2 378 393
2 242 923
1 520
3 882 686 699
2 422 715
2 842 973
3 860 355 255
2 2 277
1 845
1 29
3 26 828 804
1 585
1 0
1 64
1 542
1 12
3 37 89 222
2 69 675
3 263 393 567
2 710 473
1 873
1 813
1 79
2 130 923
3 984 508 429
3 62 240 506
1 674
2 975 588
6 13 475 516 231 764 702
1 301
1 742
3 142 972 636
1 34
1 887
1 719
3 235 489 372
1 545
1 696
1 236
3 99 133 923
1 737
3 708 923 381
4 4 746 948 772
2 116 538
1 3
6 592 691 309 798 247 392
1 328
2 357 887
3 244 237 302
2 929 577
1 289
1 814
2 273 788
4 152 795 457 741
2 238 390
1 145
1 250
3 11 692 262
1 956
1 28
1 57
3 33 966 897
3 8 176 282
3 577 562 924
1 700
1 821
2 652 920
2 50 68
3 520 483 671
2 154 268
2 286 565
5 188 853 479 739 673
3 126 547 453
1 109
3 93 244 876
4 195 972 883 375
2 198 436
4 34 208 762 259
1 214
1 681
1 185
1 879
2 161 411
1 613
2 208 234
1 511
2 513 387
1 205
4 37 863 644 730
3 127 705 268
2 216 649
1 880
2 141 302
2 15 892
2 610 766
1 166
1 845
1 793
2 720 951
1 237
2 0 47
1 127
2 44 217
5 29 178 838 442 852
1 581
4 82 143 564 794
1 946
1 139
3 229 249 783
3 52 297 592
2 874 918
1 296
2 886 419
1 212
1 79
1 772
1 679
2 167 649
1 849
2 440 419
1 70
2 17 692
2 139 222
1 739
2 312 971
2 490 462
1 230
2 624 724
2 837 594
4 210 393 395 829
1 152
2 977 913
1 106
3 845 629 729
1 928
2 453 356
3 19 271 569
1 269
5 148 360 831 390 659
1 449
1 378
2 189 746
3 208 252 562
1 411
2 40 591
1 551
2 707 437
1 753
3 102 891 588
2 205 861
2 148 474
1 100
2 113 284
6 120 579 390 384 589 633
1 436
2 879 695
3 156 689 917
3 587 366 484
2 673 886
3 696 958 884
3 646 806 808
1 830
1 346
2 43 583
2 341 681
1 360
1 496
4 86 581 978 908
4 18 206 714 707
1 755
4 473 507 416 765
1 646
1 101
1 693
1 122
1 887
2 743 781
1 836
2 53 432
1 949
5 89 95 788 693 728
1 324
2 74 641
1 518
2 802 797
2 79 504
3 322 627 818
1 804
1 712
2 769 879
1 900
1 143
1 653
4 153 790 435 460
2 493 904
1 166
2 295 476
2 93 207
1 8
1 788
3 298 325 826
1 93
2 887 819
4 961 621 424 846
2 441 921
2 803 976
2 317 920
2 820 949
3 516 763 778
1 37
2 424 847
4 457 864 379 944
2 195 670
1 159
1 554
1 235
2 662 584
2 23 504
4 160 300 682 394
2 371 415
1 764
2 201 630
1 564
1 143
2 313 658
1 697
4 561 664 774 556
2 246 612
1 121
1 121
3 214 298 313
1 842
1 205
4 160 178 289 490
1 378
1 289
2 521 869
2 78 693
2 543 618
2 965 752
2 97 995
1 553
1 942
3 630 632 786
1 690
1 424
2 114 858
2 149 911
1 800
2 762 834
3 450 872 506
3 242 303 824
1 21
3 833 423 449
1 452
1 379
3 156 330 902
2 885 959
1 639
5 272 279 685 997 555
1 671
1 43
3 164 486 642
1 413
3 363 370 405
1 554
1 849
1 57
1 692
2 54 184
2 148 662
2 159 760
3 68 338 596
1 799
2 504 711
1 353
3 236 314 732
3 0 306 919
1 72
1 48
2 69 279
2 364 771
5 263 726 580 854 716
3 809 487 866
3 76 112 495
1 123
1 675
4 6 478 896 510
1 750
3 299 413 466
1 410
2 56 476
3 414 703 533
6 16 99 232 295 637 952
1 461
1 111
3 732 809 825
5 103 213 371 882 743
2 583 749
2 744 697
1 353
2 126 454
2 285 571
1 608
1 570
1 784
2 449 734
1 902
1 629
3 26 137 604
2 123 863
1 998
1 143
2 179 330
3 42 310 877
1 188
4 77 356 451 661
2 663 559
2 147 447
2 231 657
3 23 721 575
1 508
1 601
3 5 228 943
1 317
1 573
2 85 422
2 36 443
1 689
3 195 560 573
2 285 393
1 814
2 880 950
1 354
1 961
1 444
7 326 550 768 881 836 561 742
1 502
1 780
1 946
1 158
1 734
2 497 638
1 953
3 345 377 434
2 71 85
2 185 410
1 330
4 184 481 788 624
4 130 149 937 530
1 447
2 245 611
3 94 894 619
1 246
1 963
2 90 927
2 188 368
1 980
3 343 579 815
3 694 975 915
5 162 228 988 992 917
1 396
3 96 720 850
2 48 638
2 44 620
1 973
1 730
1 716
2 25 783
1 817
1 509
2 42 967
2 571 907
1 452
3 88 726 901
2 107 725
2 626 930
1 588
2 62 203
1 118
5 119 609 615 898 899
1 32
2 174 961
1 398
1 562
4 196 848 717 701
1 815
1 232
1 59
1 912
3 83 496 919
3 34 305 676
1 998
3 9 401 684
3 374 425 970
1 419
1 386
2 137 922
1 637
1 477
2 489 906
2 386 496
5 113 223 302 544 989
1 633
3 68 265 382
3 230 700 667
2 101 852
2 178 970
2 48 99
1 296
2 464 809
2 462 532
2 7 101
3 485 489 787
3 917 981 605
3 480 684 720
2 105 591
2 209 223
2 801 727
3 115 313 518
1 442
2 264 327
1 849
5 0 81 323 458 762
1 376
2 171 856
2 839 982
3 317 891 606
5 22 46 187 308 537
2 313 823
1 117
4 304 576 845 722
2 205 269
3 104 674 634
1 288
1 604
1 432
1 809
2 60 97
3 890 738 945
2 137 843
2 482 797
1 791
1 941
3 469 595 663
1 574
2 587 801
1 861
2 463 750
1 540
1 254
2 511 636
2 387 705
3 135 243 906
1 11
4 32 540 926 704
2 150 937
2 12 960
2 398 767
2 512 771
2 524 775
1 363
1 923
1 817
3 66 287 508
1 900
2 536 693
2 80 346
1 721
2 293 468
2 381 403
1 12
1 403
3 313 563 870
1 593
1 36
3 191 611 755
2 453 558
4 82 140 502 523
2 418 997
1 913
1 342
1 422
1 880
2 248 766
1 832
2 320 331
2 678 683
1 75
4 18 250 277 812
1 66
1 762
1 226
3 136 352 703
1 762
1 830
1 10
1 479
4 61 384 933 910
2 298 737
2 974 947
1 476
3 376 430 982
2 477 604
1 386
1 998
1 701
1 565
1 854
2 954 795
2 372 832
2 228 420
1 842
3 231 318 767
3 186 593 942
2 177 446
1 551
1 706
2 647 687
2 28 276
1 777
3 60 239 324
1 378
5 45 121 647 791 731
3 553 575 953
1 419
1 163
1 678
1 689
4 6 316 488 688
3 404 861 815
1 205
4 217 281 428 889
5 124 333 340 397 626
2 519 810
2 315 796
2 197 319
2 385 459
1 49
1 163
4 85 224 565 766
4 132 545 666 841
2 188 867
3 452 653 734
1 615
2 249 612
2 677 765
4 110 306 328 993
1 201
1 12
1 179
3 434 828 738
2 348 864
1 751
1 328
1 164
3 74 442 527
2 545 785
1 32
2 194 881
3 258 522 575
3 118 480 628
3 591 836 780
1 113
1 287
2 59 535
4 31 442 534 928
2 73 578
1 340
2 293 958
2 248 526
1 683
3 87 436 456
1 865
3 466 501 703
1 58
1 766
3 127 200 659
3 599 711 745
4 231 283 759 979
1 785
1 213
3 157 190 496
2 336 457
2 459 890
1 738
2 202 301
1 37
2 994 807
1 458
3 143 448 608
2 108 713
2 399 851
2 307 831
1 816
2 329 636
2 23 125
1 851
2 975 790
1 739
1 431
1 9
5 237 409 583 651 654
1 368
2 188 380
2 330 706
4 254 644 700 736
3 63 618 673
2 131 496
1 349
1 812
4 441 619 900 891
2 202 275
2 58 157
1 386
1 620
1 118
2 680 916
1 368
1 978
2 498 722
1 336
1 889
3 268 528 977
2 83 465
3 717 740 968
1 403
1 573
4 212 340 359 508
1 846
2 353 758
3 602 683 895
2 144 999
2 257 879
1 265
3 213 669 814
2 695 849
5 103 344 601 990 817
2 205 844
2 433 959
3 408 888 824
3 578 606 998
1 344
1 365
3 170 347 905
1 925
2 14 320
2 748 893
2 320 923
6 9 80 443 456 570 597
1 694
3 21 859 934
2 649 770
2 181 852
3 211 491 795
4 518 546 690 879
2 754 904
4 72 529 623 797
1 346
1 362
2 367 963
3 109 225 972
1 991
2 30 589
2 411 800
1 456
1 360
1 34
2 170 711
1 289
3 51 321 655
3 298 753 912
4 645 670 917 918
2 413 840
1 409
1 990
6 155 337 496 722 937 968
2 64 288
2 64 263
1 586
1 833
1 701
3 165 391 672
3 99 120 600
1 798
4 168 256 293 591
2 363 789
2 10 370
3 20 545 862
4 278 426 582 796
1 522
2 752 757
3 263 566 813
2 231 957
4 32 442 668 985
1 27
2 43 585
1 960
3 23 84 406
3 35 121 811
3 49 166 924
3 309 607 690
1 848
2 248 470
3 371 712 888
2 733 901
1 443
1 702
1 980
2 87 396
2 39 633
1 974
2 57 410
5 136 180 916 984 925
1 270
1 78
1 234
1 474
1 913
5 241 315 349 793 815
5 89 251 492 643 980
2 496 719
2 163 457
2 106 235
1 319
3 66 159 417
3 272 318 987
4 193 207 335 362
3 27 800 864
3 82 692 782
2 599 744
3 308 587 771
2 146 253
2 94 807
1 512
2 108 791
1 447
2 12 221
1 540
1 540
4 350 625 771 985
2 534 865
2 416 467
1 984
4 110 354 816 909
1 804
2 560 613
1 532
3 62 78 327
1 904
1 658
1 407
3 51 549 831
3 291 640 878
1 115
1 519
2 777 873
4 316 520 574 832
2 270 832
2 437 550
2 226 366
1 364
1 557
6 161 183 199 201 622 808
3 100 223 860
3 805 873 985
1 615
2 515 978
2 294 726
2 91 209
1 536
1 975
1 31
1 658
2 1 811
1 995
2 27 976
3 509 616 836
1 3
1 48
1 136
2 49 603
2 402 674
1 483
1 371
1 599
3 0 266 499
1 660
1 202
3 339 367 992
2 111 492
1 258
1 453
2 503 684
1 669
1 126
2 218 957
3 853 956 982
2 319 729
2 417 799
2 617 857
4 363 494 542 987
1 11
2 514 820
1 146
2 399 981
1 221
1 531
2 785 836
1 102
2 554 567
1 284
3 191 235 821
3 74 165 525
3 67 660 871
5 15 187 519 758 931
2 365 936
2 291 783
3 327 779 927
1 739
3 517 868 880
2 574 965
3 586 662 957
2 36 996
3 184 873 903
3 854 900 925
1 59
2 886 961
2 59 520
2 145 562
2 797 835
2 8 822
2 520 949
1 707
2 65 748
3 144 400 935
1 983
2 419 639
4 471 552 665 801
1 792
