200
4 187 47 3 15
2 45 22
3 78 51 197
6 0 49 33 31 192 129
1 66
2 123 170
4 40 56 80 155
3 118 25 59
2 117 95
1 53
1 91
3 173 89 50
3 122 182 43
3 132 177 140
3 124 53 93
2 0 65
1 111
2 38 139
3 175 182 83
3 178 135 61
3 106 111 146
1 73
4 1 40 75 176
1 115
1 75
2 7 36
1 72
3 190 32 102
1 46
3 104 37 98
1 145
1 3
1 27
4 3 174 141 188
2 62 67
1 135
3 25 198 165
1 29
4 17 92 177 81
2 88 148
3 6 22 51
1 174
3 195 113 91
3 12 55 112
1 71
4 1 154 189 159
2 122 28
1 0
2 63 164
3 3 144 59
1 11
3 2 40 67
1 146
2 9 14
2 125 68
1 43
4 6 138 151 171
1 176
2 128 157
2 7 49
1 126
3 124 19 166
1 34
1 48
1 159
1 15
2 4 144
2 34 51
1 54
2 132 149
1 99
2 44 154
2 26 179
4 126 21 193 182
1 145
5 22 24 145 150 164
1 180
1 141
1 2
1 164
1 6
1 38
1 124
2 18 145
3 173 100 112
1 99
1 101
2 177 191
3 136 39 106
1 11
1 144
2 10 42
2 38 156
1 14
1 167
1 8
1 158
1 170
1 29
3 70 85 103
1 84
3 120 147 86
1 27
2 152 99
2 29 171
1 113
2 20 88
2 176 190
1 110
1 152
2 135 108
2 16 20
2 43 84
4 132 42 164 105
1 130
2 185 23
1 194
2 135 8
2 131 7
1 151
1 101
2 134 186
2 46 12
1 5
3 61 82 14
3 146 142 54
2 73 60
1 179
1 58
1 3
2 114 158
2 118 160
3 13 69 113
1 180
2 121 145
4 117 19 35 110
1 88
1 176
2 157 56
1 17
1 13
3 33 147 77
1 125
1 161
4 178 49 66 90
5 134 30 83 74 75
4 125 20 157 52
3 141 152 101
1 39
1 69
1 75
2 119 56
3 147 103 109
1 157
2 45 71
1 6
1 92
4 138 146 153 58
4 130 96 180 179
2 45 64
1 131
2 143 183
1 193
1 178
4 48 75 113 79
2 36 199
1 61
2 94 191
1 184
1 197
3 5 97 196
2 56 104
1 194
2 11 84
5 33 41 183 195 184
1 18
5 22 137 57 107 194
3 13 38 87
3 19 144 163
3 127 158 72
4 133 158 76 196
1 195
3 12 18 73
2 161 174
3 168 174 196
2 115 193
1 121
1 0
1 33
1 45
2 27 107
2 167 87
1 3
3 162 73 185
3 116 172 176
3 42 174 181
3 170 180 184
2 2 169
1 36
1 165
