200
1 26
1 34
1 13
2 20 69
3 110 172 185
1 12
2 11 50
1 26
2 179 83
1 127
1 82
3 6 24 176
4 5 146 135 109
4 2 119 158 127
1 117
2 178 29
1 116
1 34
1 32
3 147 160 169
2 3 99
1 191
1 134
1 130
2 11 45
3 109 151 54
3 0 7 125
3 177 105 166
1 178
1 15
1 196
1 138
3 18 140 168
3 142 154 42
5 1 17 92 84 136
1 47
2 155 47
1 95
1 108
2 59 80
4 131 158 192 181
1 71
1 33
1 142
3 134 55 179
3 24 71 148
1 86
3 35 36 64
3 152 108 76
2 123 151
1 6
1 178
1 160
1 195
2 25 67
2 44 75
1 109
1 136
3 196 65 198
2 39 157
1 179
2 191 157
1 186
1 130
2 47 68
2 58 186
3 140 71 170
1 54
3 64 83 198
1 3
1 198
3 41 45 66
1 93
1 153
4 117 87 199 194
1 55
2 48 165
1 194
3 111 129 108
3 113 123 153
1 39
3 151 158 175
2 10 109
5 8 154 68 92 93
1 34
1 149
2 46 143
1 74
1 122
2 114 175
1 92
1 100
6 34 83 90 195 189 109
3 72 83 187
2 150 171
2 37 167
1 165
1 113
2 195 105
3 20 122 139
2 141 91
1 178
1 161
3 120 137 180
2 110 175
2 27 98
1 126
1 108
5 112 38 48 78 107
5 12 25 56 82 92
2 104 4
1 78
2 140 108
2 79 97
2 89 183
4 170 118 151 159
2 16 199
2 14 74
3 115 188 184
1 13
2 121 103
3 120 147 124
3 99 193 88
2 79 49
2 121 162
3 26 159 163
3 178 168 106
2 9 13
1 189
2 138 78
3 23 63 170
1 40
1 152
1 153
2 22 44
1 12
2 34 57
1 103
2 31 129
1 99
3 112 32 66
2 179 100
2 33 43
2 86 184
1 164
1 182
1 12
4 19 121 161 164
1 45
2 85 184
2 94 191
4 115 25 49 81
2 132 48
3 133 73 79
3 33 161 83
1 36
1 171
3 59 61 193
3 13 40 81
2 115 125
2 19 52
3 147 154 102
1 124
1 125
2 144 147
2 96 76
1 27
3 182 95 193
2 126 32
1 19
3 115 130 66
3 156 94 174
1 4
1 190
1 171
3 89 104 81
2 11 190
2 27 199
5 15 28 126 51 101
4 8 44 141 60
1 103
2 40 197
2 145 167
1 114
3 118 143 149
1 4
2 62 65
1 93
1 118
2 128 92
2 173 176
4 21 150 61 195
1 40
3 122 157 167
2 74 77
4 53 92 191 98
2 30 58
1 181
3 58 68 70
3 116 74 177
