1000
1 422
1 639
1 421
2 772 632
1 104
2 940 520
4 180 593 884 186
2 799 399
1 157
1 923
4 494 149 575 350
3 534 444 554
2 784 707
2 64 319
3 538 914 276
1 958
3 485 201 661
1 837
1 904
1 63
1 411
2 118 845
3 895 731 843
2 169 648
3 606 750 609
1 101
1 894
1 870
3 340 831 336
1 379
1 901
4 44 771 379 963
1 708
2 337 968
3 826 949 299
3 551 177 702
1 430
2 514 704
1 395
1 564
1 882
1 598
2 494 362
4 179 878 998 190
2 31 581
1 911
2 986 931
1 564
2 459 862
1 393
3 117 134 617
2 764 59
1 268
3 65 377 432
3 884 507 456
4 867 75 659 897
1 586
3 838 319 867
5 269 885 409 355 868
2 51 717
2 681 275
1 398
1 198
2 19 796
4 13 628 481 493
2 53 838
1 900
2 328 738
2 143 955
1 755
1 161
4 582 220 590 466
4 151 315 559 353
2 445 357
3 188 568 518
1 55
3 634 730 769
2 646 339
1 732
2 503 818
3 942 763 635
1 529
1 238
1 758
1 928
3 807 947 620
1 715
2 125 231
4 181 440 986 290
1 144
1 260
3 885 716 778
1 128
1 305
1 385
3 901 650 738
1 309
2 165 937
3 918 136 212
3 436 254 356
3 857 128 834
2 25 315
1 315
3 701 489 172
3 4 189 240
1 638
1 138
3 380 119 691
1 872
2 749 256
3 727 259 435
1 645
1 167
2 456 396
2 843 903
5 177 573 318 623 533
2 385 349
3 50 369 835
1 21
2 107 625
1 518
1 348
1 756
1 196
3 266 463 749
4 87 642 202 700
2 874 335
1 249
4 92 100 835 687
3 944 418 478
2 830 629
3 486 784 525
2 632 257
1 511
1 50
4 571 811 958 808
3 98 322 536
1 636
2 106 406
1 368
2 654 549
1 645
2 666 342
3 68 962 972
2 89 955
2 820 991
1 158
2 577 683
3 281 609 307
2 10 656
3 346 848 465
2 72 784
3 430 450 796
1 810
2 465 339
1 354
2 208 825
4 8 390 946 823
4 146 521 921 498
1 833
2 399 188
3 70 436 993
2 924 312
1 515
1 397
2 97 697
1 521
5 112 347 321 561 374
2 419 506
2 23 256
1 234
1 580
1 103
2 822 266
1 384
2 620 487
2 224 526
2 35 115
1 387
2 43 195
3 6 720 917
2 88 234
2 780 591
2 451 960
1 676
3 456 489 426
1 6
1 222
2 74 160
2 104 697
1 43
3 750 871 984
2 549 341
3 609 945 255
2 486 675
2 179 973
4 123 875 580 804
1 555
2 62 342
2 417 668
1 309
4 16 503 214 388
2 125 846
2 391 407
2 559 612
1 797
1 425
2 986 552
2 156 398
1 556
4 970 754 393 379
1 410
2 98 425
1 487
2 201 956
1 532
1 224
1 263
1 717
1 668
3 71 849 323
2 770 718
2 187 998
1 709
2 176 216
2 429 923
1 312
2 880 358
1 418
2 441 273
1 321
2 87 855
2 797 410
3 424 594 499
4 170 181 572 280
2 635 904
1 584
2 807 240
4 82 689 400 925
1 311
4 104 237 863 621
1 834
1 502
1 748
2 639 410
2 598 509
2 605 547
2 486 811
1 467
4 127 715 314 278
1 801
1 534
1 945
2 748 283
2 99 696
2 193 748
4 109 169 382 288
2 132 535
1 695
1 110
2 90 415
1 346
3 369 662 867
4 217 604 566 270
1 505
1 633
2 124 173
2 686 320
2 52 421
3 58 609 828
2 263 739
1 962
2 417 676
2 229 317
1 518
2 60 766
2 14 726
3 740 887 444
1 249
2 491 837
3 234 540 565
1 148
2 436 896
1 253
1 964
1 779
2 449 574
1 983
1 256
3 786 725 942
3 88 372 935
2 808 651
1 554
1 559
1 652
2 735 942
2 586 985
1 862
1 719
1 34
1 942
2 908 956
1 339
3 764 373 966
1 772
2 93 902
1 379
2 148 969
1 797
4 96 200 591 901
1 630
4 239 631 444 912
2 162 226
3 536 514 677
1 249
3 72 101 102
2 809 839
3 273 421 604
3 115 664 502
4 13 57 745 875
1 267
3 167 230 750
1 136
1 220
2 662 607
1 991
1 672
1 854
1 67
2 711 479
1 638
1 771
1 642
1 422
1 634
2 126 790
2 28 393
1 33
1 911
4 77 154 302 775
1 28
4 192 877 706 711
2 142 198
1 840
2 756 924
1 376
5 150 261 938 756 550
2 167 378
2 121 910
2 116 576
1 10
1 676
3 816 531 674
4 72 987 634 983
2 155 858
4 58 950 595 391
1 99
1 73
2 227 497
1 482
1 376
1 835
1 42
2 895 541
3 553 613 814
2 615 481
1 666
2 801 549
2 139 576
3 117 262 856
4 398 589 616 698
1 949
3 290 453 776
3 303 891 849
1 167
2 984 390
3 345 360 575
1 53
2 347 888
4 29 31 210 306
2 107 936
1 827
1 256
1 838
2 174 720
2 94 116
2 482 610
3 178 779 650
1 201
1 952
4 157 375 965 911
2 203 355
2 500 729
6 49 210 336 689 890 757
1 688
2 38 698
2 113 728
4 164 970 928 500
3 61 208 370
4 7 160 846 482
1 238
2 604 731
1 468
3 575 448 660
2 746 952
1 599
2 138 840
2 203 579
3 949 422 722
3 58 645 475
4 211 232 244 666
2 20 905
2 512 602
1 678
1 994
2 260 491
1 865
4 199 272 783 462
3 129 228 845
2 168 940
1 709
6 2 268 317 883 758 433
5 0 333 408 495 988
1 694
2 233 654
2 206 212
1 185
1 726
1 655
3 225 445 539
2 36 152
1 493
2 53 543
1 421
3 924 706 531
3 110 608 470
4 99 161 282 442
3 446 457 736
1 596
1 665
2 88 798
2 229 822
2 436 760
2 851 596
3 11 277 311
3 73 429 720
2 437 715
1 547
1 403
4 286 783 652 571
3 152 571 766
2 183 815
2 649 566
3 372 576 844
1 709
1 963
3 54 113 185
1 437
1 512
3 48 891 467
1 678
1 676
1 417
2 124 859
2 836 914
2 150 154
2 71 515
2 248 459
2 402 645
1 611
1 435
2 922 638
2 633 851
1 697
1 764
2 409 934
2 488 799
1 816
1 129
1 329
2 496 753
3 64 365 602
3 359 386 399
1 513
1 861
2 16 601
5 131 194 247 759 572
2 175 213
1 476
3 103 185 578
1 794
3 279 415 864
1 740
4 64 431 644 979
3 10 42 858
1 422
4 480 571 532 763
1 358
1 158
1 233
3 392 397 832
1 816
2 242 318
2 79 201
1 610
3 264 603 517
1 168
2 54 930
1 553
1 245
3 733 680 767
3 133 555 922
2 412 458
2 483 603
2 37 313
2 163 466
1 967
1 505
3 74 120 274
1 526
2 5 721
4 158 166 807 911
1 829
1 995
2 787 941
2 131 673
3 176 519 946
2 906 684
2 793 846
2 81 713
3 913 880 621
2 352 434
2 215 496
1 115
2 11 251
1 257
3 136 313 795
2 665 568
1 14
1 429
2 280 558
1 363
1 826
1 432
3 678 889 694
1 996
1 941
4 246 447 874 914
1 968
3 140 192 367
4 346 647 802 833
2 35 556
1 207
3 364 508 900
3 11 292 782
2 197 511
2 209 551
1 808
2 540 916
4 72 204 293 630
2 585 958
1 167
2 957 867
1 581
3 39 47 996
2 280 686
3 263 452 795
2 642 627
2 74 537
1 844
2 926 668
4 135 449 450 496
2 234 486
1 115
1 286
4 10 376 403 723
4 349 368 453 817
2 147 596
1 489
1 407
4 171 196 892 810
2 44 563
1 71
2 592 800
3 236 732 756
4 560 699 695 967
2 56 296
1 986
2 907 852
2 370 789
3 71 831 837
3 182 309 783
2 583 756
1 6
1 233
1 355
4 438 443 577 808
1 797
4 41 245 962 712
2 405 695
1 781
2 485 706
3 412 481 975
5 505 513 929 643 667
3 263 317 401
1 246
3 24 761 929
1 324
2 435 989
4 24 148 193 269
3 386 504 742
2 469 940
3 204 964 830
1 364
1 700
2 365 850
2 370 876
1 50
1 828
1 780
3 85 175 770
2 240 530
2 722 954
1 115
1 973
1 119
2 940 649
1 567
1 64
1 130
2 310 559
1 311
2 3 132
2 265 472
3 76 334 353
2 80 235
2 137 934
2 706 773
3 105 330 471
2 1 244
1 897
2 848 671
3 125 332 567
2 603 893
1 493
4 111 141 409 468
1 77
2 550 905
1 23
2 452 626
2 95 387
1 291
3 294 449 971
1 748
2 140 424
2 428 949
3 149 996 752
2 841 874
2 975 688
1 55
1 403
1 16
2 262 324
1 956
3 318 720 705
2 439 537
4 142 366 410 831
1 603
3 199 219 570
1 916
1 807
2 641 865
3 326 844 829
1 525
2 352 853
1 194
5 184 272 351 461 854
1 313
3 413 460 544
1 783
1 510
1 60
1 734
1 147
1 527
1 747
2 267 565
1 128
2 394 658
2 238 393
2 842 876
1 107
2 784 997
1 738
4 423 544 823 803
3 258 585 599
1 254
3 165 189 473
4 370 395 932 747
2 585 805
2 125 614
1 103
2 35 781
1 709
1 37
3 664 811 944
5 341 434 601 637 846
1 12
2 32 798
7 223 420 454 703 992 990 968
2 933 890
3 329 341 909
1 598
2 529 841
2 768 894
4 86 249 446 894
1 91
3 59 218 724
1 221
2 298 941
5 180 384 445 664 953
1 520
2 408 622
1 575
1 717
2 289 898
2 276 427
2 110 805
1 396
1 392
2 76 899
2 22 401
2 78 584
1 510
2 682 810
2 295 791
1 437
1 899
3 67 95 693
1 270
2 277 492
1 821
1 610
1 837
2 762 756
2 319 940
1 404
2 685 698
4 243 253 255 653
2 109 124
3 24 191 321
2 808 977
1 656
1 480
1 210
2 69 807
7 122 344 346 584 592 744 948
1 393
2 83 421
1 486
2 442 877
1 606
1 744
2 80 496
3 51 303 474
1 920
2 275 450
3 510 856 919
1 714
1 76
2 221 620
2 31 331
3 3 304 848
1 637
2 928 910
1 339
1 372
1 886
1 91
2 285 387
2 182 619
2 600 702
1 554
4 417 449 591 679
4 12 131 151 692
1 814
2 289 956
1 524
1 816
2 589 882
1 335
1 735
4 995 825 948 945
2 528 936
2 490 884
2 536 566
2 63 152
4 205 232 308 597
2 440 708
2 7 476
2 583 887
2 250 367
1 550
2 694 994
1 196
2 699 727
1 941
5 85 237 521 670 755
5 135 291 557 596 751
2 316 848
3 153 580 734
4 135 247 705 920
1 886
1 884
2 364 785
2 451 926
4 352 477 501 788
1 576
2 79 922
1 960
1 145
2 741 879
3 173 441 915
2 157 694
1 857
2 156 792
2 34 542
2 381 831
2 269 618
2 522 672
2 130 612
5 28 590 666 827 924
1 500
2 159 550
2 100 241
4 117 128 361 844
3 464 943 990
4 17 279 590 743
3 57 65 383
1 316
4 343 406 858 935
2 657 713
1 690
2 22 114
4 453 569 672 835
2 21 418
4 202 399 528 706
1 904
5 150 641 772 809 879
2 220 373
1 615
2 443 472
2 588 905
2 674 959
3 327 676 906
1 231
3 369 767 870
2 100 824
3 354 494 840
1 463
1 885
2 484 924
2 48 297
1 240
1 491
2 416 671
1 985
4 55 57 262 562
1 58
1 929
2 27 856
1 191
2 108 918
1 919
3 126 547 657
2 196 319
2 616 690
2 341 760
1 43
2 821 848
2 227 530
1 891
2 40 789
1 421
4 6 54 794 813
3 58 91 860
3 777 812 891
3 277 800 976
1 378
1 544
2 393 710
4 373 459 881 886
1 580
1 643
4 26 714 715 981
2 22 363
2 282 961
2 55 640
1 725
2 730 737
3 66 553 944
3 30 95 309
2 305 986
1 114
3 18 235 847
3 411 647 852
3 527 854 939
1 588
3 301 952 991
1 711
2 348 774
4 45 338 390 521
1 311
1 530
3 14 464 547
1 822
2 558 669
2 180 988
2 98 872
2 767 873
2 765 811
1 158
3 471 511 818
2 9 225
5 162 344 434 831 861
1 238
2 570 815
1 955
4 84 397 774 951
3 603 606 869
1 507
1 46
1 698
1 710
3 475 636 992
2 290 840
2 380 793
1 97
1 346
1 906
6 5 419 611 626 745 941
6 524 546 719 806 940 980
4 80 289 295 300
1 836
3 129 705 900
3 193 252 792
2 157 526
1 85
2 756 792
5 34 371 408 655 973
1 355
1 928
3 389 404 908
1 720
2 622 982
3 68 144 927
4 214 301 663 786
1 562
5 15 135 560 978 999
1 853
2 183 819
1 896
4 143 271 598 997
3 31 455 981
2 284 612
1 390
1 303
2 516 585
3 33 548 709
1 307
2 210 397
2 652 974
1 143
3 195 624 949
1 971
2 602 658
1 887
1 751
1 958
1 493
1 941
2 894 963
1 954
2 287 353
2 191 375
3 296 866 997
5 46 88 207 587 902
1 353
2 422 917
1 608
2 709 836
3 145 325 908
2 709 934
1 161
2 414 803
2 523 792
3 545 564 656
3 692 962 985
2 43 222
1 958
