600
1 247
1 374
2 456 368
3 95 348 527
2 477 235
1 82
1 552
3 315 260 323
1 574
3 286 109 386
1 501
1 540
1 33
1 242
2 60 504
3 356 440 357
1 535
3 198 498 195
1 220
1 539
4 23 455 220 578
1 250
1 232
2 20 338
1 547
2 268 516
1 231
2 451 29
5 151 528 240 208 519
2 27 422
2 399 154
1 234
1 106
2 12 474
1 538
2 190 431
1 85
4 339 120 345 272
3 78 183 207
2 261 210
3 100 331 305
2 379 197
1 428
2 296 490
3 564 450 370
1 131
1 556
1 420
2 65 125
3 96 257 592
1 148
3 528 421 461
3 539 381 431
1 179
3 253 143 209
1 373
3 221 61 405
3 426 147 252
1 90
3 93 185 364
1 14
2 56 365
1 305
1 204
1 444
4 48 376 110 413
1 138
3 565 246 280
3 287 466 309
2 368 145
1 300
4 333 485 574 483
2 385 320
2 390 200
2 492 595
2 336 400
3 159 357 177
3 202 507 271
2 38 466
3 250 264 474
2 271 197
2 113 495
4 5 228 567 494
1 500
2 235 100
3 36 253 596
2 553 181
1 302
1 233
1 307
5 58 203 186 327 217
1 128
1 223
1 59
1 225
3 3 423 549
2 49 128
2 463 346
2 265 576
1 397
2 40 84
3 440 521 591
2 320 199
3 357 566 144
2 287 396
1 324
2 32 200
2 245 392
1 179
4 9 296 116 226
2 65 505
2 229 239
1 475
2 81 234
4 583 443 231 220
1 241
2 109 573
1 314
1 422
1 392
3 37 508 187
2 249 552
1 181
1 246
1 186
2 48 513
2 475 241
3 248 349 292
4 91 96 334 158
2 370 540
1 341
4 45 403 236 554
1 180
1 295
1 439
2 374 241
2 287 485
1 273
4 66 420 182 156
1 479
1 315
1 566
2 439 161
2 54 410
2 103 439
2 69 316
1 409
1 57
2 50 243
1 202
1 298
3 28 357 497
2 245 397
1 305
2 30 453
3 432 530 260
1 138
2 289 501
3 128 319 329
1 76
2 253 536
1 142
1 462
2 263 335
1 590
3 468 425 564
2 483 382
1 323
1 383
2 429 564
1 516
1 564
2 544 573
1 197
3 451 216 580
1 456
1 220
2 76 582
1 475
4 53 108 346 539
4 132 367 260 548
2 86 122
1 138
1 38
2 484 502
3 59 388 295
3 90 124 440
1 120
1 595
1 512
1 35
2 418 281
1 373
1 455
1 376
2 17 231
1 547
4 41 80 173 459
1 17
4 102 523 415 418
2 73 106
2 444 553
5 77 149 562 444 321
2 90 219
2 63 546
1 397
3 489 313 395
3 38 593 590
4 28 569 350 229
1 54
1 39
1 283
3 322 359 487
1 390
2 479 320
4 234 344 361 411
3 174 533 508
1 90
2 591 228
2 203 531
4 18 20 114 176
2 56 561
1 496
2 92 423
2 283 358
3 94 462 381
1 109
1 571
4 82 218 579 547
2 111 208
2 293 427
6 26 114 195 403 532 445
2 22 411
4 88 583 556 293
3 31 113 215
4 4 84 505 283
1 131
2 437 571
1 353
2 111 337
3 28 378 277
4 115 126 135 390
2 13 541
2 148 289
1 518
4 107 152 465 270
3 67 123 504
2 0 594
2 127 385
3 121 261 318
2 21 79
3 553 415 313
1 57
4 54 85 160 258
3 262 267 430
1 351
1 389
2 49 476
2 253 447
2 509 351
3 7 155 180
3 39 249 423
2 254 420
4 163 465 383 333
3 79 333 453
2 98 488
1 578
1 254
3 25 533 273
1 397
1 245
2 77 80
2 37 302
2 137 268
2 551 373
2 369 509
1 451
2 240 560
2 288 477
1 489
1 67
1 191
2 291 442
3 211 224 235
1 301
1 515
2 9 354
5 68 104 136 446 334
1 278
3 157 243 517
1 432
4 282 333 314 450
1 127
3 230 233 499
1 489
2 133 185
2 43 109
1 358
3 150 355 304
1 322
3 70 324 551
2 284 355
2 87 272
1 581
1 298
3 40 62 153
1 310
2 89 547
1 598
2 68 394
2 306 567
2 542 401
2 473 505
2 206 251
2 117 291
2 7 140
1 145
2 389 331
1 249
1 158
3 72 102 214
4 202 380 480 500
3 212 299 538
3 7 167 464
2 105 300
1 483
2 342 574
1 90
1 338
1 158
2 376 366
2 40 317
2 555 392
4 71 263 264 291
2 128 287
1 163
2 75 351
1 239
2 23 328
1 37
2 347 478
3 130 428 444
4 326 412 409 581
2 543 510
2 215 470
3 37 498 501
3 97 179 465
2 340 444
1 3
1 127
1 208
4 255 259 336 483
1 475
2 238 409
2 286 415
5 298 301 557 377 391
3 15 448 557
4 15 76 103 151
3 224 297 434
1 212
1 413
2 215 522
1 497
1 463
1 59
1 61
1 330
1 180
2 2 69
1 275
2 44 129
1 560
2 415 457
3 55 192 274
2 1 135
2 507 393
3 65 194 330
2 355 534
1 240
1 41
2 321 541
2 52 225
1 166
3 168 263 584
1 439
2 72 248
1 9
1 573
3 185 423 414
2 256 317
4 73 213 241 498
1 355
3 107 119 332
2 375 518
1 309
2 206 511
1 104
5 99 152 205 269 512
1 465
1 30
1 75
1 311
1 438
2 131 231
2 503 522
1 56
1 466
1 431
2 494 481
3 146 342 353
1 143
4 215 232 558 438
2 342 482
2 65 360
3 388 485 565
5 199 251 354 372 505
1 476
2 559 532
3 191 199 545
2 454 535
4 47 138 262 535
1 51
3 29 118 424
5 95 223 261 388 572
1 422
2 165 537
2 57 482
1 230
2 42 341
2 169 471
1 254
3 35 52 407
2 155 290
1 493
1 358
1 501
2 449 444
1 237
2 402 411
4 134 142 144 384
3 15 101 186
2 483 587
1 282
1 114
7 64 201 202 341 347 436 568
1 231
1 287
2 258 523
1 356
1 436
2 44 291
3 27 174 276
1 550
2 154 264
1 419
2 20 193
3 2 175 507
1 372
2 556 546
1 197
1 529
1 51
2 162 225
2 97 363
1 323
4 245 263 346 398
3 68 78 406
1 487
2 165 573
1 489
2 344 526
1 429
4 598 495 568 566
2 312 561
2 33 79
4 112 126 178 352
2 257 416
2 4 278
2 340 530
2 139 214
1 321
2 408 597
2 412 426
5 71 166 325 351 441
2 184 507
4 71 136 414 550
1 529
2 212 467
2 265 555
4 206 279 294 469
2 43 551
1 576
1 74
2 433 524
2 82 408
2 81 472
2 222 498
2 151 362
5 17 345 390 496 553
1 293
2 83 321
4 10 157 345 435
1 184
1 404
2 14 246
4 110 235 312 415
1 540
5 77 375 456 484 524
2 120 216
2 259 275
2 343 541
2 395 575
3 189 397 542
1 125
1 528
2 285 553
2 25 170
1 289
2 244 393
1 28
1 557
1 101
2 361 404
2 199 447
2 493 507
1 533
1 470
1 3
3 28 51 514
3 460 486 533
3 155 478 586
1 219
2 231 417
4 216 268 525 529
1 377
4 16 419 420 589
2 160 577
1 425
3 34 322 565
3 19 52 179
3 11 129 506
3 242 380 510
3 311 512 563
1 343
3 172 571 595
1 418
2 204 458
4 24 196 228 307
1 180
2 95 594
2 452 485
3 274 300 490
2 6 121
5 86 201 251 498 515
1 131
2 332 488
4 46 233 458 570
3 355 356 520
1 411
1 417
2 277 371
2 221 473
1 202
1 542
4 44 165 169 171
3 67 414 538
3 103 141 472
2 82 310
2 444 472
1 208
1 556
3 227 237 544
1 423
4 116 172 387 468
5 8 71 326 588 599
1 511
2 98 491
1 536
3 20 266 589
1 228
1 174
2 303 342
1 177
2 114 233
2 383 585
1 584
1 530
1 441
1 574
2 535 578
2 164 207
2 101 218
1 49
1 207
2 247 549
3 74 188 544
1 85
1 481
2 308 472
1 574
