100
2 10 76
2 39 82
5 35 64 55 87 47
2 60 94
2 45 36
2 93 86
2 79 59
1 18
5 70 17 99 41 90
2 36 32
3 0 81 74
1 43
3 91 76 66
3 57 77 93
2 43 69
1 20
1 89
2 8 50
2 7 71
2 82 29
4 59 62 15 24
2 74 46
3 63 79 48
1 75
1 20
2 55 33
2 60 72
2 60 30
1 95
2 19 95
1 27
1 67
1 9
3 25 38 39
1 68
2 2 71
3 4 56 9
2 64 88
2 67 33
3 1 57 33
2 73 81
2 8 79
2 68 96
2 11 14
1 78
3 4 84 89
1 21
1 2
1 22
1 53
2 17 97
1 73
1 91
2 65 49
1 71
2 2 25
3 72 73 36
3 61 39 13
1 83
2 6 20
3 3 26 27
1 57
2 83 20
1 22
2 2 37
2 53 91
1 12
2 31 38
2 34 42
3 14 86 98
1 8
3 54 18 35
3 56 95 26
3 51 56 40
3 10 21 96
2 23 79
2 0 12
1 13
2 87 44
5 6 22 75 93 41
1 98
2 10 40
2 1 19
2 58 62
1 45
1 97
2 5 69
2 2 78
1 37
2 16 45
1 8
3 52 12 65
1 98
3 5 13 79
1 3
3 72 28 29
2 74 42
2 85 50
3 69 80 92
1 8
