1000
1 731
1 301
1 560
1 208
1 552
2 185 173
3 45 9 233
1 627
2 251 923
3 6 271 715
1 808
3 408 967 484
2 237 154
2 307 657
1 321
1 845
1 363
2 496 349
3 380 139 596
1 743
1 735
3 314 429 566
3 462 444 206
3 289 103 801
1 533
1 116
2 55 658
1 766
2 991 377
1 489
4 160 173 368 294
2 642 434
2 544 510
3 111 742 448
2 56 162
2 629 579
1 699
2 666 797
1 752
3 269 617 586
3 131 127 785
2 145 46
1 736
2 705 795
2 292 93
5 6 149 624 971 803
3 41 677 873
2 869 637
2 575 926
2 512 432
5 990 725 522 526 542
1 144
1 692
1 817
4 374 248 158 399
1 26
2 34 465
2 593 136
2 475 985
4 294 410 516 178
3 765 620 367
3 864 664 308
1 725
1 942
1 655
1 607
2 604 388
3 159 813 675
2 880 165
3 707 578 886
1 337
2 868 687
2 689 209
4 134 631 693 512
1 644
1 847
3 790 601 443
1 122
2 232 848
1 619
1 920
4 777 181 262 504
2 634 620
1 214
5 691 205 941 696 211
1 272
2 575 223
3 363 651 680
1 205
1 411
1 296
1 241
2 854 786
3 44 974 483
1 402
3 302 682 123
3 362 413 789
1 428
1 919
1 868
2 472 199
2 301 122
2 430 254
3 23 450 438
1 212
3 601 786 876
1 145
4 998 420 656 508
3 920 447 383
1 172
2 335 318
2 33 328
1 805
2 258 171
2 744 603
2 843 231
2 25 326
1 885
2 348 884
3 560 161 981
1 290
2 939 197
3 77 101 496
1 95
1 794
3 130 613 677
1 195
2 40 328
2 461 782
1 643
2 125 202
1 40
1 255
1 421
3 73 865 176
3 605 698 186
1 57
2 179 546
1 208
1 18
1 955
3 486 945 905
1 646
2 970 434
2 51 172
3 41 106 477
2 940 737
1 456
1 251
3 45 814 871
2 997 271
1 680
2 568 249
1 510
3 12 907 310
1 848
1 332
1 915
3 54 475 337
2 67 979
2 30 559
3 119 941 317
3 34 378 891
2 857 241
2 561 568
3 68 931 396
1 927
4 170 290 663 434
4 220 614 892 273
2 294 811
3 167 456 449
1 113
4 109 144 250 369
3 5 30 281
3 425 540 904
2 398 303
1 134
1 474
1 59
4 137 866 302 457
1 360
2 81 898
1 436
1 783
1 319
1 5
2 135 266
2 669 887
1 685
1 732
2 882 890
3 203 272 627
1 625
3 580 407 466
1 353
4 126 216 538 901
1 538
6 121 280 910 861 828 267
1 437
3 100 506 943
3 371 530 630
2 369 900
1 130
2 191 569
2 412 285
2 84 88
1 22
1 525
4 3 138 981 319
4 72 448 634 710
1 823
1 84
3 104 792 405
2 512 990
2 83 841
2 360 795
3 195 924 458
3 796 884 975
3 705 280 251
1 772
1 168
3 813 674 594
1 699
1 86
2 954 694
1 789
4 492 990 620 782
2 851 908
2 863 511
3 330 297 753
3 356 371 772
1 115
1 78
1 6
2 535 978
1 255
1 374
3 12 558 259
2 447 284
2 932 655
2 547 881
2 91 163
1 784
1 621
3 952 793 560
1 368
1 946
3 320 425 373
3 54 527 716
2 152 801
1 172
3 8 148 218
1 746
2 550 849
4 102 788 322 831
5 132 235 314 262 973
2 607 852
1 735
2 113 873
1 237
4 771 574 393 761
2 728 579
4 81 255 346 888
1 572
1 973
1 601
3 186 540 654
2 197 732
1 450
2 39 585
1 973
2 9 150
2 85 191
1 168
2 818 361
1 550
2 644 626
1 670
4 291 431 951 390
1 806
3 197 218 648
2 173 428
2 363 420
2 395 466
3 238 872 541
3 204 533 931
1 481
1 601
2 651 315
1 23
3 120 167 980
3 278 371 392
3 44 489 402
1 309
3 30 59 169
2 394 662
2 90 769
2 229 389
3 645 353 878
2 620 817
4 548 787 604 389
4 1 101 567 860
2 95 179
1 175
1 587
1 524
1 624
1 13
3 61 405 529
3 293 830 476
2 154 603
1 802
1 695
2 424 461
3 21 255 636
1 288
2 655 554
4 161 864 948 756
1 110
2 184 208
2 247 585
3 14 614 487
2 254 489
1 727
2 411 579
1 524
3 116 764 618
1 956
4 111 127 848 341
2 773 375
1 229
3 520 820 539
2 156 395
1 991
2 987 534
2 110 839
1 375
2 70 158
1 400
1 549
2 938 592
1 328
1 928
1 748
3 968 864 866
1 693
1 262
1 825
3 118 902 875
4 17 862 758 676
1 675
2 418 524
1 760
3 194 298 970
1 706
3 391 978 550
3 230 471 845
1 494
1 461
2 584 841
2 180 215
3 274 480 434
1 96
5 16 87 282 938 606
2 675 668
3 953 647 478
3 391 501 941
1 60
2 30 245
3 172 201 512
1 504
4 200 230 291 839
2 491 948
1 247
2 54 236
4 329 336 762 464
2 445 717
2 28 452
2 162 712
1 395
3 18 986 740
1 552
2 737 832
3 108 777 659
3 545 959 945
1 544
3 809 630 713
1 447
3 66 813 620
2 297 300
1 278
4 355 366 812 567
1 291
3 260 630 499
3 295 933 999
3 283 332 379
2 165 439
1 887
3 175 840 719
1 54
2 338 705
1 419
3 94 292 568
1 777
3 623 781 463
4 212 308 930 439
3 485 910 552
2 193 988
2 11 564
3 709 940 526
1 59
5 89 324 518 492 982
1 204
1 96
1 820
1 449
1 529
1 811
1 351
2 401 866
3 107 282 897
2 133 865
4 647 931 895 846
1 673
2 313 816
3 174 247 754
2 454 705
1 736
4 97 281 663 786
2 21 724
2 102 972
1 278
1 49
1 945
4 31 143 167 361
2 645 855
2 182 763
3 198 694 445
1 103
4 396 405 751 802
1 652
1 938
1 822
1 76
4 22 625 509 597
2 376 437
1 677
3 108 238 387
3 33 209 670
2 170 415
2 103 268
2 519 573
2 377 595
1 624
2 426 877
2 466 911
3 147 170 462
2 179 834
1 216
2 501 752
3 837 555 822
3 128 313 358
3 22 456 999
1 404
3 375 775 576
1 56
7 193 283 455 514 998 853 521
2 874 525
1 837
2 760 673
1 840
1 356
1 100
1 583
3 177 687 523
4 58 158 867 731
3 309 864 608
1 145
1 365
1 955
2 361 639
3 286 618 547
1 503
3 93 776 766
2 11 819
4 406 950 842 806
2 141 609
3 321 859 843
1 882
4 29 292 322 949
1 533
1 372
2 226 411
1 510
4 357 729 836 744
1 672
2 17 122
1 880
1 905
1 393
1 623
4 366 459 967 883
1 537
2 482 754
4 81 370 976 537
2 857 875
1 199
1 766
1 107
1 444
4 32 153 493 836
2 228 990
4 49 73 213 369
1 726
1 466
2 810 726
2 59 685
1 647
1 411
3 451 718 616
2 331 914
1 466
3 50 646 611
3 474 595 802
5 305 325 351 621 996
2 207 467
3 50 409 901
3 248 590 874
1 766
2 308 416
1 200
2 551 660
1 794
4 24 285 490 808
2 334 916
1 234
2 981 797
2 502 504
2 195 196
2 331 747
4 174 266 974 621
1 284
1 50
1 998
2 32 385
1 384
2 137 919
2 240 481
1 300
3 339 614 755
3 253 275 355
2 531 928
4 4 381 406 941
1 811
1 316
2 460 882
1 694
1 651
3 237 891 804
2 160 906
3 2 119 244
2 164 893
3 653 714 745
1 603
1 408
1 808
3 21 583 690
2 301 391
4 152 164 402 900
1 203
1 748
1 907
3 263 870 912
3 451 842 810
1 260
5 48 86 901 736 686
1 464
1 888
2 69 817
3 35 261 324
2 193 748
2 889 957
1 972
3 473 566 913
3 359 657 693
2 269 320
2 39 944
2 304 956
1 769
1 960
2 527 842
1 639
1 340
2 57 654
2 221 723
5 452 523 783 894 697
1 18
1 444
1 681
1 738
2 635 833
4 76 105 265 287
2 960 858
3 114 310 563
3 66 300 932
1 135
3 363 928 701
3 65 256 753
1 476
3 486 743 758
2 653 929
1 522
1 925
2 125 678
3 168 321 549
1 912
2 519 750
1 39
3 326 481 762
3 79 690 799
6 60 82 226 299 388 929
3 243 524 540
2 843 824
2 404 500
4 45 306 453 786
2 192 444
4 276 649 691 738
4 7 191 767 686
1 894
2 35 823
4 200 386 393 867
1 73
1 697
1 934
2 82 209
2 600 990
1 314
1 47
1 673
3 480 591 744
1 735
1 819
1 31
2 129 872
3 74 276 755
3 298 435 784
2 142 522
3 365 422 517
1 280
3 626 922 815
1 942
3 87 288 557
2 440 677
2 562 610
2 266 593
4 64 239 316 963
1 107
2 13 584
2 26 835
1 383
1 531
2 817 889
1 295
2 167 428
4 61 703 980 757
1 896
1 37
2 734 949
5 364 774 794 826 770
3 187 722 812
2 277 448
1 899
3 495 673 870
5 423 469 638 672 704
1 221
4 67 350 364 938
1 349
5 46 125 446 652 981
1 613
1 766
3 87 151 936
2 598 919
1 95
2 719 980
2 758 927
2 188 516
2 575 627
2 71 474
2 980 829
1 72
2 566 619
3 84 626 708
2 52 711
4 73 345 584 702
4 224 437 556 917
2 312 719
1 84
2 595 632
1 135
3 36 222 829
2 892 934
1 606
1 693
1 664
2 673 898
4 43 218 400 426
2 354 724
1 69
1 691
1 409
2 209 735
2 692 921
1 378
2 386 759
4 562 942 879 789
1 9
1 248
3 376 727 980
3 519 925 721
4 398 683 695 989
1 887
1 718
2 669 909
1 594
2 429 706
2 50 62
2 513 515
2 323 717
1 261
3 494 896 993
1 838
2 0 475
2 189 267
1 935
1 667
4 20 257 640 710
3 42 427 575
3 146 382 796
2 599 626
1 985
1 380
1 770
2 33 966
2 19 609
3 114 494 639
1 562
2 252 813
1 539
3 343 570 580
1 898
2 616 805
1 439
2 38 459
2 229 607
2 425 503
3 549 644 958
1 317
1 664
4 349 609 684 856
1 713
3 352 469 910
1 260
2 375 618
2 436 816
2 326 786
1 60
5 27 483 507 528 679
1 627
1 826
4 296 588 838 788
2 668 741
1 260
2 219 230
2 329 943
1 668
1 464
1 483
3 81 383 403
2 779 979
1 778
2 862 916
2 404 795
2 128 226
2 183 595
2 242 645
1 40
5 92 105 428 624 764
2 300 895
2 254 769
3 96 225 714
1 76
1 984
1 212
1 244
6 124 532 668 847 821 935
3 43 215 781
2 217 737
2 37 536
1 999
1 619
1 818
2 23 249
4 311 439 523 994
1 45
2 558 983
2 112 750
2 279 485
1 966
3 10 533 565
1 386
2 515 573
3 169 417 553
2 391 669
4 67 221 388 746
2 149 844
1 649
2 424 763
4 53 299 578 661
2 274 800
2 484 641
3 331 414 935
1 794
2 442 460
2 210 629
1 622
2 347 870
2 668 768
1 931
1 197
2 688 699
1 309
1 254
1 382
1 600
1 457
3 658 930 946
2 494 510
3 460 468 935
3 730 769 885
2 335 371
2 398 470
2 214 359
3 485 573 590
4 115 487 622 977
1 814
2 15 356
1 422
2 75 794
3 78 155 328
1 253
1 893
3 227 903 925
1 256
1 466
1 92
2 435 992
1 758
2 163 505
1 602
2 487 955
1 301
1 197
2 349 780
1 228
4 61 317 344 476
2 134 421
3 179 344 419
2 475 630
2 71 99
2 47 937
3 572 672 825
1 149
2 284 643
2 46 258
2 467 527
2 348 505
1 105
1 454
1 298
1 714
3 68 497 969
1 240
3 190 488 555
1 501
2 118 217
2 117 838
1 69
3 187 397 720
2 262 577
2 581 661
1 190
2 162 558
2 168 700
2 561 850
2 595 628
3 422 787 956
2 665 729
1 420
4 181 704 749 961
3 671 962 964
2 201 568
3 195 526 575
1 348
1 851
1 174
2 141 498
1 559
2 154 571
1 227
1 722
3 197 406 760
1 455
2 572 615
1 583
2 520 964
2 157 965
2 534 780
1 694
2 986 932
3 98 546 681
2 80 108
2 711 937
1 649
1 8
1 216
3 612 718 851
1 48
2 166 684
3 342 551 606
2 610 620
2 405 835
4 165 285 422 827
3 239 604 918
1 394
2 633 700
4 733 794 820 837
1 680
3 869 921 994
4 340 363 441 675
1 121
2 146 409
4 84 161 366 552
4 63 650 714 960
2 199 773
1 586
3 141 384 433
2 246 835
1 960
2 317 372
2 489 667
1 485
1 278
1 244
1 365
1 224
3 140 479 859
3 327 587 895
1 581
1 755
1 384
4 589 602 942 947
1 898
1 899
1 655
2 899 914
2 915 980
2 742 807
2 11 501
1 344
1 880
2 143 353
1 45
2 430 582
3 255 264 270
2 93 540
1 217
2 504 995
1 843
2 234 355
2 159 778
6 290 664 683 688 717 965
5 119 208 536 677 984
1 411
1 804
2 791 981
2 58 739
2 380 918
1 334
1 407
1 719
5 50 213 226 511 635
2 28 333
1 855
1 729
2 802 937
1 976
1 524
1 150
3 107 466 543
3 394 462 798
