600
2 113 515
3 346 388 380
1 339
2 99 220
3 283 466 583
2 445 392
1 476
2 31 376
2 230 528
3 70 357 168
2 268 214
1 439
4 323 470 30 235
2 284 487
2 354 31
2 279 396
5 199 237 597 527 358
3 586 270 320
3 310 205 177
1 68
1 326
1 380
1 89
1 514
1 198
3 105 128 215
1 418
2 152 163
4 364 355 66 246
1 420
3 12 50 393
2 7 14
1 571
2 265 456
2 165 313
1 375
2 177 568
1 301
3 471 72 304
1 331
3 127 44 64
4 462 483 157 192
2 506 157
2 569 513
2 40 424
1 170
2 76 71
1 84
2 429 340
2 508 552
3 30 507 407
1 354
3 404 364 75
1 106
1 412
1 378
2 207 134
1 311
3 545 59 147
4 58 210 505 406
2 554 597
2 63 106
3 230 543 398
1 61
2 40 430
2 460 326
3 28 89 399
4 78 475 387 541
5 19 501 361 101 325
1 502
2 9 213
2 46 562
5 38 492 534 457 277
2 558 164
1 495
1 52
2 46 599
2 521 476
1 67
3 151 263 397
2 339 578
1 413
1 121
1 117
2 47 122
3 134 316 542
1 356
1 346
2 533 449
3 22 66 466
3 253 217 135
1 179
2 289 323
2 162 313
1 375
4 158 321 579 588
3 484 249 332
1 446
2 262 145
5 3 314 560 152 368
2 183 440
4 68 410 189 576
3 272 174 439
2 507 194
1 404
1 25
3 53 61 180
2 359 352
1 561
3 218 411 444
1 465
2 367 493
2 341 276
3 0 536 396
2 417 356
3 274 429 302
1 141
2 83 518
2 429 369
1 166
3 318 326 453
2 82 472
3 84 254 569
1 297
2 271 321
1 426
1 322
1 40
3 25 421 211
1 361
2 253 422
2 314 288
2 374 308
2 412 394
4 56 85 566 136
1 90
2 134 567
1 276
2 439 149
3 143 345 559
1 404
3 116 591 233
2 499 502
1 139
1 316
4 98 490 451 269
1 305
1 58
2 307 565
2 138 230
1 387
1 79
2 27 99
1 237
1 337
3 209 330 214
1 534
3 41 42 490
3 95 450 257
2 362 429
1 418
2 538 596
3 93 485 456
1 27
3 73 356 572
1 34
2 119 356
1 458
3 9 226 178
2 584 361
3 45 306 414
3 479 177 426
2 451 347
1 590
1 102
3 595 365 527
1 274
3 18 36 171
1 168
4 91 560 584 402
2 106 508
2 300 443
1 574
2 100 537
3 585 587 295
2 524 272
1 424
1 570
2 224 494
2 101 256
2 532 390
1 496
1 41
2 266 308
3 103 214 377
2 280 248
1 588
2 465 549
2 24 335
1 16
2 381 434
1 474
2 407 598
1 491
1 210
2 18 503
1 564
1 56
1 303
2 155 557
2 59 204
1 128
2 422 232
1 70
4 10 155 194 447
2 25 365
1 424
2 90 490
2 109 331
1 594
1 3
3 279 370 394
1 463
2 254 431
2 188 525
1 383
4 168 570 387 299
2 456 389
2 446 434
1 317
4 8 62 149 300
1 501
1 212
1 141
1 489
2 12 317
2 494 544
3 16 153 436
1 406
1 343
1 405
1 257
1 333
2 471 463
1 496
2 263 390
2 28 296
3 520 492 484
2 195 458
1 96
1 407
1 328
1 276
2 90 130
2 122 223
1 457
1 189
3 158 241 435
1 454
2 594 554
1 360
1 533
1 98
3 79 245 391
2 416 441
1 33
2 193 461
1 409
2 10 408
3 145 314 509
3 17 512 382
2 124 379
3 102 185 525
1 415
5 115 176 310 352 500
1 495
5 112 137 252 487 430
2 72 343
2 599 395
2 15 221
3 195 547 489
1 424
3 454 380 596
1 4
1 13
1 472
1 366
1 523
2 131 380
3 92 438 464
1 425
1 555
4 433 364 315 327
1 413
2 472 392
2 184 511
1 246
2 123 342
1 465
1 226
3 181 230 492
2 37 378
1 115
2 208 448
2 38 427
4 146 462 590 318
2 170 379
1 148
2 132 193
1 524
5 18 274 518 547 481
2 57 427
1 574
2 34 93
3 99 131 269
2 292 373
2 85 144
2 229 235
3 120 305 517
1 384
1 17
3 95 124 442
2 126 442
4 12 92 589 518
1 419
1 68
3 20 65 120
1 292
3 251 473 561
1 560
2 155 495
2 39 218
1 96
4 242 553 409 366
2 575 599
2 198 368
1 534
2 154 411
1 478
3 2 80 427
1 48
3 112 530 486
3 297 462 428
2 239 277
3 568 555 565
2 139 478
2 1 87
1 172
3 409 479 432
1 574
4 518 490 529 415
1 420
3 107 274 425
2 545 405
3 14 51 550
2 28 480
5 86 114 164 166 550
2 9 526
1 16
3 107 527 405
2 260 467
4 68 129 169 487
1 159
1 487
4 28 52 292 492
2 175 215
2 286 333
1 111
2 99 335
1 118
1 221
2 563 572
2 516 561
2 315 418
1 132
3 35 94 553
1 7
1 194
3 55 301 588
2 271 306
5 1 21 282 288 556
1 200
2 270 437
2 225 508
2 319 554
1 420
1 500
4 67 150 226 592
1 1
1 227
2 190 245
2 263 500
2 5 294
2 30 419
4 133 221 556 456
1 278
3 15 113 539
2 79 477
2 62 551
2 66 531
2 411 569
1 490
2 179 548
1 540
6 52 104 140 521 589 455
4 240 353 359 523
2 59 238
3 50 202 250
1 268
3 267 333 348
1 101
3 109 337 400
2 54 133
3 81 293 497
1 170
2 273 350
1 264
1 114
3 26 160 373
2 324 393
4 29 351 385 553
1 128
3 130 212 448
1 493
4 44 186 216 281
4 290 352 522 540
3 125 171 437
3 304 311 339
1 342
4 48 115 118 159
2 64 276
1 223
1 348
1 292
2 200 228
2 257 575
2 237 510
2 382 426
1 289
3 11 102 138
1 100
2 264 518
2 321 322
2 181 533
1 109
3 5 581 522
3 97 228 492
1 214
2 303 422
1 88
1 158
2 145 172
1 487
1 120
2 258 282
1 404
5 33 162 227 394 571
2 72 255
2 167 248
1 505
1 65
4 266 561 590 469
3 41 305 342
3 222 243 552
2 289 514
3 110 197 298
3 4 89 588
2 360 483
1 479
1 461
1 12
2 38 243
3 121 285 294
1 328
2 201 545
1 67
2 6 77
1 397
4 338 345 523 482
4 171 348 468 535
1 355
1 310
1 478
3 41 467 537
2 96 247
1 162
1 341
5 13 276 361 363 452
1 563
2 234 280
5 145 157 217 350 401
2 203 522
6 72 247 300 364 446 511
4 111 423 582 556
2 188 236
3 74 275 330
3 191 244 573
2 413 566
2 540 499
2 142 498
4 274 386 391 591
3 68 231 564
2 69 142
1 205
1 509
2 59 459
1 42
2 50 103
4 49 180 383 570
2 269 504
1 436
2 295 492
1 270
2 43 542
2 23 464
1 0
1 372
1 318
5 117 310 323 350 441
1 570
2 247 580
2 77 404
3 425 445 491
4 287 405 478 574
3 185 309 550
2 224 272
1 357
3 16 175 359
1 8
1 350
1 341
1 399
1 190
3 88 261 443
4 72 156 336 546
1 479
1 113
2 183 483
1 161
1 396
3 403 425 498
1 67
2 85 513
1 62
1 236
3 58 353 474
1 534
2 280 310
1 402
3 197 575 566
3 354 356 524
1 398
2 49 463
3 333 375 420
3 60 259 384
2 291 344
3 380 394 493
2 209 593
1 73
1 139
3 99 179 329
4 108 328 372 461
1 71
2 371 488
2 206 501
2 148 344
3 134 497 549
1 136
2 36 344
3 43 122 400
4 187 226 508 519
2 32 456
2 164 371
2 496 580
4 182 312 349 523
3 334 435 549
1 101
1 595
1 80
1 95
2 520 573
1 445
1 493
1 4
2 169 179
1 184
1 17
1 184
4 95 196 378 466
2 323 404
3 173 305 461
2 141 500
1 387
1 557
2 219 259
2 175 577
2 161 282
2 16 60
1 202
3 76 278 334
