100
2 86 69
1 74
3 51 83 24
1 93
3 47 27 57
1 48
2 59 31
2 46 10
3 97 75 26
1 60
3 7 29 45
2 47 49
1 30
1 90
5 63 73 33 84 80
1 90
2 27 28
2 37 23
2 52 94
1 89
2 58 25
1 71
1 97
2 17 42
1 2
1 20
2 8 30
3 4 16 77
2 60 16
6 54 10 76 88 96 38
3 12 78 26
2 6 64
3 82 90 96
2 14 89
1 60
1 59
1 62
2 17 39
1 29
2 63 37
2 61 85
1 59
1 23
2 61 94
4 53 75 83 90
2 10 65
2 7 92
2 4 11
2 88 5
1 11
1 54
1 2
3 18 59 82
1 44
2 50 29
3 82 77 56
2 55 68
2 4 95
2 97 20
4 6 52 41 35
4 9 28 91 34
2 40 43
2 92 36
4 14 39 82 71
1 31
1 45
1 93
1 68
2 56 67
1 0
1 85
2 63 21
1 90
1 14
2 1 79
2 8 44
1 29
2 55 27
1 30
3 74 90 93
2 14 81
1 80
4 52 55 63 32
3 2 99 44
1 14
2 70 40
2 0 99
1 94
2 48 29
2 19 33
6 13 15 72 79 32 44
1 60
2 46 62
3 3 66 79
3 18 87 43
1 57
3 29 32 98
3 8 58 22
1 96
2 83 86
