600
2 262 98
3 273 477 367
2 579 158
3 305 91 70
2 394 179
2 116 515
1 168
1 58
2 303 497
1 49
1 156
1 516
3 159 339 393
2 503 553
1 464
1 121
2 513 475
3 73 578 407
1 383
3 35 236 386
2 75 474
2 230 423
1 434
1 351
1 257
2 155 529
1 271
1 521
3 430 92 156
1 423
4 98 286 399 95
2 291 47
1 452
2 136 219
3 550 476 74
3 19 365 384
1 140
2 327 590
3 71 581 572
3 293 553 63
1 290
3 509 144 97
2 377 559
1 82
2 472 542
3 189 448 56
1 567
3 31 89 370
1 106
5 9 345 201 209 94
1 312
1 290
5 437 295 340 234 486
2 234 397
2 266 328
3 222 589 338
2 45 540
1 210
3 7 101 552
2 496 185
2 374 231
1 517
1 115
1 39
1 531
2 487 599
1 553
3 191 390 476
2 141 206
2 141 125
2 3 198
2 38 154
1 437
3 17 540 538
3 34 110 593
1 20
1 298
4 547 324 466 520
1 439
2 160 465
2 531 549
2 222 380
2 43 94
2 137 90
2 433 319
3 96 126 121
3 267 136 225
1 496
3 446 447 463
3 47 306 325
3 83 111 208
2 3 372
4 28 133 369 290
1 586
2 49 82
1 30
2 85 301
2 41 337
2 0 30
1 391
1 319
4 58 275 211 319
1 206
2 263 292
2 169 448
2 521 555
2 48 156
1 325
1 312
2 177 112
2 74 491
1 90
2 109 137
1 585
3 340 358 473
4 62 165 427 425
2 5 584
1 239
2 528 352
1 336
4 450 371 161 258
2 15 85
1 211
1 510
5 596 431 188 494 346
1 69
3 85 268 377
1 397
2 250 155
3 592 415 153
1 328
1 301
3 164 481 136
3 92 516 523
2 458 502
2 433 218
3 33 86 132
3 83 112 406
1 454
1 434
2 36 379
5 68 69 454 436 280
3 274 441 169
2 285 221
2 41 576
1 338
1 441
1 231
1 437
1 158
1 477
1 443
2 174 530
3 129 398 218
4 71 347 551 328
5 25 128 200 467 205
3 10 28 106
1 442
2 2 149
4 12 443 268 327
2 79 535
1 120
3 598 566 298
1 310
3 132 540 418
1 115
1 437
1 212
2 6 430
5 104 142 396 594 255
2 265 430
1 599
2 432 192
3 350 297 395
2 152 451
1 580
6 353 253 314 214 375 595
3 109 233 542
1 422
2 4 534
1 269
2 300 378
1 199
1 353
1 197
4 59 477 308 193
1 318
2 247 314
2 124 420
2 45 251
1 353
1 67
2 172 195
2 185 342
1 309
2 192 331
1 234
2 184 551
1 70
4 182 294 467 278
3 155 229 494
4 49 551 318 385
1 264
3 352 428 310
1 420
1 155
2 68 102
2 486 210
2 90 438
1 49
2 57 207
2 101 122
2 167 557
3 500 444 430
1 176
1 472
1 297
2 466 332
3 135 153 392
1 33
1 479
1 143
4 55 81 349 246
2 249 332
2 570 497
3 86 507 315
4 579 260 321 261
1 472
2 533 517
2 200 454
2 21 315
3 60 147 368
1 496
2 177 427
4 52 53 196 599
1 420
1 19
1 525
1 511
3 117 581 495
1 242
1 488
2 240 295
1 430
1 476
1 309
1 222
2 187 583
3 504 435 334
1 223
3 128 259 270
2 189 388
2 260 547
1 176
1 515
1 169
1 388
2 24 341
1 120
2 250 403
4 226 252 294 391
1 226
1 0
2 103 346
2 202 365
2 170 365
1 54
2 86 543
2 126 159
3 180 462 531
2 250 565
5 26 501 336 561 564
1 513
2 1 539
2 142 350
1 101
2 498 513
1 393
1 199
1 338
1 141
1 328
1 365
1 310
1 553
2 143 345
3 30 492 495
1 319
1 384
2 305 498
3 40 51 92
1 31
2 103 419
3 39 531 449
3 199 260 435
4 52 242 474 580
2 309 369
3 173 216 455
2 76 162
2 383 532
5 181 521 312 377 476
2 96 131
1 316
1 8
2 335 328
4 3 289 504 413
1 89
1 387
3 185 422 453
3 194 245 296
4 163 203 283 456
2 400 349
4 50 108 300 544
1 458
2 176 187
3 225 230 364
2 302 455
1 470
5 186 201 464 440 512
4 84 100 101 287
2 429 558
2 226 577
2 398 546
1 491
1 77
5 89 107 510 522 484
1 543
4 37 159 348 591
7 54 130 154 281 304 448 424
1 539
2 336 540
2 195 415
2 217 223
1 427
1 248
1 304
3 119 271 330
1 97
4 55 145 279 381
2 12 343
2 52 114
2 257 439
1 193
1 339
3 405 452 414
2 49 285
2 124 263
2 154 526
1 327
3 222 311 374
2 173 274
2 23 358
2 118 203
3 176 183 190
2 597 514
1 549
1 454
1 360
2 114 351
1 487
2 357 509
1 466
3 459 448 510
1 400
1 315
5 35 264 265 282 551
2 450 432
2 1 471
1 231
2 92 296
1 47
1 120
2 91 485
1 399
5 60 349 563 376 401
3 176 427 581
1 374
5 42 126 300 426 469
1 181
2 140 390
1 81
1 338
3 536 404 389
4 18 299 521 409
3 35 288 453
1 201
1 19
2 307 525
2 251 256
2 382 460
2 67 379
2 99 260
2 218 474
2 12 277
2 4 447
2 173 457
1 169
2 53 127
3 153 322 511
2 30 373
3 311 363 421
3 374 452 417
1 449
1 259
1 382
1 344
1 137
1 17
1 567
1 383
1 453
2 447 569
3 416 464 568
1 305
1 344
2 129 331
2 412 557
3 401 573 448
1 164
1 292
3 188 204 235
1 400
3 178 308 488
2 21 29
1 328
1 115
1 377
4 115 233 333 375
2 203 553
3 320 434 469
5 28 168 170 213 243
1 124
3 172 366 508
3 84 135 465
3 22 139 429
2 248 294
1 141
5 52 72 148 166 489
2 208 575
3 78 341 466
1 318
2 142 146
3 157 541 581
2 151 159
1 213
1 497
2 88 566
3 88 394 411
6 45 104 328 362 417 514
2 293 402
2 120 366
2 174 551
5 32 344 401 536 567
3 308 384 410
4 138 141 229 356
3 297 316 587
1 310
1 395
5 134 313 499 538 550
1 362
1 389
1 567
1 269
1 88
3 14 318 412
2 79 433
4 77 217 361 439
2 155 199
1 562
3 377 429 586
2 317 533
1 367
3 44 215 227
1 114
3 20 295 392
1 16
5 34 67 244 300 525
3 1 150 185
1 526
2 220 585
1 501
2 132 556
1 554
1 537
1 325
2 372 519
2 52 207
2 65 359
2 241 422
1 437
1 505
3 110 323 562
1 286
1 566
2 124 200
2 239 286
3 59 87 232
4 8 224 445 567
2 276 289
1 458
1 213
2 271 480
1 134
1 13
2 248 305
2 490 577
1 593
1 225
1 432
2 41 360
3 123 325 362
3 238 398 526
1 318
3 16 272 276
2 354 448
2 5 254
2 11 133
2 61 228
2 576 547
2 485 560
1 77
4 27 105 300 383
1 325
1 133
1 569
3 237 387 476
3 347 478 511
1 544
1 118
2 25 585
1 152
5 64 80 269 293 579
1 299
3 228 470 577
1 179
1 160
3 382 452 537
3 483 536 554
4 73 458 547 545
2 273 329
4 56 73 164 330
1 442
2 44 177
2 267 326
2 312 527
1 538
1 322
4 77 252 518 538
1 586
2 80 355
2 34 458
5 154 197 201 365 451
1 58
5 13 39 66 284 428
2 482 537
1 105
1 481
2 212 416
1 320
1 42
1 519
1 271
2 468 491
1 374
1 271
1 270
3 162 446 493
6 46 408 452 461 497 598
1 412
2 411 524
1 224
1 594
1 38
2 417 584
1 592
1 438
2 144 518
3 321 505 533
1 17
3 2 226 531
2 175 295
4 38 239 375 442
1 583
2 247 582
2 116 573
3 113 479 529
3 93 469 548
1 455
1 592
1 55
1 37
1 327
3 129 574 588
2 74 506
2 169 571
1 176
1 124
1 354
2 162 567
3 65 171 234
