600
3 15 129 137
2 393 140
1 233
1 413
1 527
4 92 312 84 290
2 435 146
2 442 136
2 562 288
1 574
1 498
4 114 51 386 340
1 410
2 136 52
5 93 425 554 64 383
2 0 283
1 513
4 535 318 45 219
1 262
4 55 113 594 291
1 289
3 161 504 295
1 62
4 204 590 133 230
3 428 217 120
3 250 315 291
3 234 40 69
1 183
1 41
1 399
2 370 232
3 112 74 338
1 477
1 310
1 475
1 94
2 181 89
2 241 250
1 555
4 172 199 321 211
1 26
2 28 168
3 278 399 427
3 223 193 89
2 123 142
1 17
4 379 570 66 404
1 400
1 525
2 110 269
1 466
1 11
1 13
1 444
1 248
2 19 238
3 361 89 433
1 292
3 212 435 322
2 549 180
1 435
1 110
4 22 142 87 515
1 104
1 14
1 388
3 46 482 345
2 420 98
3 386 490 190
2 26 390
2 235 381
5 243 477 591 189 533
1 212
1 208
3 31 129 511
2 335 206
2 500 137
4 488 122 378 273
1 105
1 484
1 468
3 104 100 351
1 113
1 163
2 5 517
2 308 262
2 402 272
3 62 464 498
3 233 164 375
4 36 43 56 565
3 406 191 324
2 479 356
2 5 131
2 14 327
2 35 536
1 166
2 215 376
1 454
2 67 521
3 559 392 256
3 81 195 468
2 442 168
1 381
2 150 145
3 63 81 545
3 78 599 149
3 557 572 559
2 549 119
3 154 437 153
2 278 117
4 49 61 215 561
2 318 186
3 31 210 425
2 19 82
2 11 553
1 148
3 178 353 302
1 109
1 277
2 107 518
2 24 359
4 436 504 556 286
3 77 468 326
1 44
3 348 315 188
2 554 510
1 567
1 297
2 380 201
3 0 74 578
1 563
2 92 249
1 406
5 23 190 487 580 544
1 573
1 502
2 7 13
2 0 76
1 442
1 248
2 1 405
1 563
2 44 62
2 277 331
2 440 280
2 103 564
1 6
2 523 169
2 115 385
1 105
4 103 421 367 229
3 200 422 378
2 211 371
3 108 536 173
2 108 157
1 306
1 239
2 154 399
1 540
1 517
1 227
3 21 509 464
3 588 511 407
2 83 246
2 88 461
1 317
2 95 214
2 387 451
2 41 101
1 147
2 352 280
4 540 585 433 385
2 39 580
3 153 298 306
2 580 267
2 593 359
1 369
2 261 265
1 116
1 410
2 59 398
1 36
1 443
3 27 587 288
1 464
1 299
1 111
1 208
1 124
4 71 274 558 551
4 68 133 419 287
3 90 477 354
1 394
3 43 471 270
3 433 334 222
2 100 428
2 508 574
2 479 452
1 378
3 39 549 275
2 151 434
1 128
1 537
3 328 556 207
3 23 462 467
2 376 333
1 75
1 203
3 73 187 452
1 246
2 112 569
4 39 152 599 438
6 58 72 363 478 480 245
1 416
2 166 380
4 96 110 377 476
2 385 293
3 24 225 323
3 390 305 406
2 17 596
2 541 517
4 279 352 296 306
3 194 276 364
1 43
2 236 298
2 217 258
2 332 271
2 160 381
1 335
1 150
1 23
1 550
2 30 262
5 2 88 446 584 311
1 26
1 70
2 224 469
3 366 502 264
1 55
3 156 415 505
3 313 297 395
1 37
2 389 493
1 71
1 380
1 212
5 163 209 465 397 298
1 297
3 54 139 587
2 131 516
4 25 37 576 301
1 376
1 366
1 567
2 357 472
2 570 386
1 99
1 385
1 225
1 366
1 520
1 177
3 18 85 232
1 440
2 237 295
2 177 374
1 494
1 174
2 409 347
3 49 410 362
1 193
1 226
1 86
2 77 355
1 189
2 199 387
1 222
4 118 143 424 530
3 42 109 339
1 221
3 144 170 492
1 441
2 289 575
2 15 453
1 456
1 455
1 121
5 190 577 523 516 524
3 8 183 441
3 20 282 339
1 5
4 19 25 388 483
3 57 357 294
1 216
1 292
2 21 264
1 221
3 127 240 247
3 173 224 246
3 185 514 536
2 573 597
1 250
2 116 359
1 311
1 501
1 218
5 155 173 221 315 393
1 341
1 85
1 407
2 33 432
2 233 303
1 5
1 240
1 527
6 25 124 306 424 373 579
1 518
3 165 352 574
3 17 111 537
2 454 546
2 443 562
1 39
1 58
1 217
1 90
2 402 517
1 122
1 93
2 203 555
1 469
1 341
1 143
4 226 598 352 526
1 205
1 194
3 75 228 444
1 590
1 592
3 31 395 548
3 278 289 357
1 11
4 307 330 572 562
1 566
3 547 360 496
2 395 368
1 66
1 408
3 268 532 495
1 124
1 485
1 387
2 81 481
4 170 221 317 332
2 116 499
2 191 439
1 273
2 91 381
4 254 292 339 520
1 597
3 120 175 302
3 343 465 466
2 56 430
1 269
3 212 473 456
1 222
2 372 450
5 237 252 259 543 455
2 150 380
1 344
2 176 410
2 30 558
2 152 412
2 365 546
1 315
3 265 583 421
2 88 396
3 96 205 251
1 215
3 77 151 198
1 46
4 128 214 244 367
5 70 102 227 356 432
2 385 503
1 14
1 432
6 148 171 216 257 382 394
4 11 68 255 418
4 167 275 350 406
3 65 291 458
1 242
2 69 218
1 570
2 99 445
2 1 306
3 192 385 581
4 240 338 344 521
2 375 497
1 246
1 180
3 29 42 157
3 47 478 411
1 560
2 86 325
1 516
1 46
2 140 531
4 90 132 218 387
2 162 309
4 346 546 550 564
1 268
5 12 179 269 369 597
1 400
2 371 474
2 3 486
2 568 525
3 239 528 477
3 213 438 501
1 503
1 386
1 190
1 67
2 150 374
1 151
2 552 436
2 277 315
2 14 112
1 461
1 42
3 24 195 487
1 587
1 361
1 583
3 310 381 384
4 56 171 194 498
1 200
5 6 58 60 449 468
3 121 423 528
1 108
2 211 416
1 354
2 144 263
3 281 288 459
4 7 101 138 471
2 182 320
3 53 335 567
2 392 448
1 233
1 532
1 445
2 435 548
1 365
1 167
2 197 208
1 283
3 97 319 506
2 285 366
2 284 363
2 514 542
1 388
1 441
1 586
4 164 426 568 484
1 204
3 553 536 535
3 87 161 184
2 246 360
3 50 360 475
1 204
4 80 100 122 435
2 236 329
2 534 554
3 193 442 494
1 254
1 363
1 412
2 34 466
1 215
5 32 71 191 415 479
3 212 400 567
3 91 197 477
1 212
1 351
1 66
2 291 529
2 79 461
3 349 588 566
2 413 570
2 133 428
1 77
2 539 537
1 68
1 516
1 280
3 242 527 558
3 266 471 538
1 347
1 343
1 396
3 10 87 433
1 353
1 76
2 304 416
3 135 237 582
2 382 417
2 21 121
1 239
1 454
1 554
1 196
1 161
1 125
2 74 162
1 579
2 16 535
2 299 457
1 62
4 249 287 403 491
4 84 159 220 325
2 119 316
1 597
2 260 357
3 98 395 597
1 547
2 147 287
1 287
2 48 414
1 332
3 4 314 493
2 415 436
1 483
1 277
2 405 589
3 347 447 559
1 71
1 470
3 17 463 513
4 94 153 299 463
3 202 318 489
1 494
1 489
2 158 171
1 220
1 457
1 366
1 133
1 104
3 319 372 408
2 343 522
2 338 449
3 59 107 199
3 231 408 560
1 189
1 423
4 114 463 595 563
4 14 125 470 507
2 38 328
2 121 203
1 106
4 189 370 493 592
3 99 106 532
3 401 550 591
1 110
3 8 320 341
3 130 141 553
2 145 408
1 89
3 342 485 586
4 126 253 444 478
2 414 461
1 210
4 46 255 391 486
1 583
3 106 341 578
2 134 300
3 9 196 317
1 282
1 250
1 287
2 129 572
2 315 512
3 133 172 174
2 394 584
1 502
3 374 431 571
2 233 581
1 171
2 460 566
3 183 248 429
2 162 485
1 531
2 23 336
2 71 560
2 337 558
1 175
1 19
1 553
1 219
5 300 358 410 519 521
1 332
2 105 211
