200
1 186
1 125
2 193 63
3 180 199 131
1 179
1 132
2 113 55
1 20
1 67
2 101 68
1 97
2 78 186
1 54
4 88 174 138 166
4 20 81 148 60
1 37
1 173
2 79 33
3 105 178 137
1 173
3 7 14 71
3 194 42 168
1 43
1 126
1 86
2 149 60
2 164 77
1 98
2 33 187
1 97
3 130 188 171
1 33
1 113
4 100 17 28 31
2 141 192
4 50 65 164 40
2 91 94
3 15 122 80
3 51 178 154
1 72
4 119 121 35 85
3 49 155 53
1 21
3 22 52 62
1 99
1 189
1 123
1 122
1 86
2 107 41
2 35 145
3 141 38 73
2 43 192
2 41 170
3 106 12 196
2 6 77
2 114 163
1 178
2 121 128
2 111 184
2 14 25
1 116
1 43
2 2 99
2 101 135
3 91 110 35
1 115
2 8 153
1 9
2 93 72
1 159
2 20 172
3 39 172 69
2 109 51
4 105 151 155 171
5 125 129 173 198 193
1 145
3 26 55 197
2 11 83
2 111 17
2 37 144
4 14 123 135 157
2 132 145
5 120 144 147 187 78
1 129
2 40 153
7 103 24 127 48 160 170 177
2 116 148
2 105 13
1 124
1 127
2 65 36
1 163
2 190 69
3 124 36 97
1 108
1 188
4 94 29 10 183
2 151 27
2 63 44
2 33 176
3 64 9 156
1 131
2 86 179
2 167 159
4 18 152 88 74
3 134 54 182
1 49
2 95 152
1 73
1 65
3 79 169 59
2 119 142
3 6 32 126
2 56 134
3 117 180 66
3 87 168 61
1 115
1 199
3 112 40 136
1 83
4 155 40 58 139
2 47 37
3 46 81 191
4 94 89 134 187
2 1 75
2 113 23
2 90 86
1 58
2 75 84
1 30
2 3 102
2 5 82
1 191
3 106 114 124
2 64 81
1 119
1 18
2 13 140
1 121
1 138
3 34 51 181
1 112
2 157 159
2 80 83
3 82 76 50
1 177
1 83
2 14 87
1 25
1 172
3 98 190 74
2 105 108
2 85 67
2 38 185
3 121 41 74
1 101
2 143 81
1 186
3 104 143 70
1 86
1 173
1 170
2 92 56
2 26 35
2 180 172
1 13
1 104
2 116 21
1 111
3 162 53 86
2 30 74
4 150 165 71 72
4 16 19 161 75
1 13
1 190
1 100
3 146 86 189
3 18 38 57
2 4 103
3 3 115 165
1 141
1 106
1 97
1 59
1 154
3 0 11 158
3 124 28 83
2 96 30
2 45 177
4 93 151 175 193
2 123 133
2 34 52
3 2 190 75
1 21
1 199
1 54
1 77
1 75
3 3 118 195
