1000
1 117
2 173 852
1 543
3 104 939 453
3 249 156 30
1 474
1 188
2 657 572
3 547 659 646
1 473
4 343 381 163 921
1 785
1 426
3 466 51 237
1 848
2 802 489
3 56 754 843
5 33 796 378 717 61
2 936 583
1 109
4 267 870 908 97
1 957
2 264 91
2 815 797
5 967 638 711 575 938
2 526 318
4 451 887 82 680
2 650 129
2 526 914
1 55
2 4 871
1 455
2 976 182
3 17 947 545
2 138 516
1 485
1 147
1 204
5 461 536 419 979 241
1 332
4 810 328 387 733
2 578 485
1 94
1 403
1 923
3 594 894 576
5 111 689 836 483 719
2 184 655
1 988
3 382 902 933
1 369
2 13 252
3 355 721 695
3 794 366 996
1 547
2 29 98
2 16 724
1 616
3 88 446 280
3 361 996 812
2 74 608
1 17
2 91 306
3 940 384 459
1 583
1 707
3 511 273 953
1 335
2 505 924
3 100 898 849
2 833 358
2 783 759
3 982 842 859
1 376
3 60 214 797
2 108 413
1 736
2 498 585
2 527 740
1 490
3 892 787 270
1 796
1 26
2 668 369
3 707 223 977
1 234
1 192
2 453 326
2 58 781
1 771
1 729
7 22 62 989 927 474 115 865
2 367 414
2 654 418
3 42 259 265
1 624
1 934
2 20 400
5 55 495 963 628 255
1 896
1 69
1 933
2 971 476
1 898
7 3 125 838 992 167 904 316
1 405
2 475 731
2 339 275
2 75 530
4 19 355 141 745
2 961 521
2 46 757
1 991
1 651
1 483
4 91 771 837 433
2 855 920
2 0 909
2 387 805
3 610 400 956
1 613
2 298 653
2 885 350
1 384
1 733
2 104 431
3 419 526 446
3 221 514 857
4 438 371 820 643
2 27 304
2 343 690
2 411 185
1 795
5 209 244 972 697 338
1 182
1 442
2 527 723
2 964 154
2 34 825
2 454 263
1 605
2 109 754
1 597
1 886
2 562 426
2 627 714
2 928 187
3 36 632 776
1 882
1 586
1 825
1 376
2 345 368
2 662 915
1 137
3 668 555 429
1 4
1 209
2 602 644
4 916 504 255 505
1 259
1 434
1 450
3 10 874 751
1 705
2 659 435
3 576 759 297
1 104
2 384 325
1 974
2 885 372
1 502
1 587
3 1 981 308
3 224 510 582
1 844
1 380
3 397 969 220
3 690 406 737
2 219 918
2 464 798
2 746 690
2 32 134
5 827 428 380 535 615
2 47 884
1 131
4 636 398 314 551
1 146
4 6 705 764 807
4 562 600 627 363
1 835
1 549
2 86 318
1 451
4 811 450 509 652
2 755 310
2 746 258
3 358 663 806
1 762
1 845
1 223
3 241 475 637
1 981
1 414
5 37 925 928 971 884
2 814 213
2 306 748
2 375 366
2 673 753
4 133 157 964 662
1 239
4 387 778 994 296
1 826
1 205
1 74
3 775 534 365
2 706 419
1 997
1 621
3 179 670 225
2 177 334
2 127 887
1 479
3 84 200 508
3 174 338 880
3 219 784 290
2 509 906
1 658
2 600 743
2 623 722
1 486
1 577
3 899 912 876
3 729 644 456
3 85 730 604
1 279
3 513 482 887
2 13 631
2 474 766
4 210 803 648 518
1 821
2 38 201
1 724
1 350
3 133 687 985
2 612 929
1 526
4 419 927 366 649
2 251 311
2 4 787
4 665 786 691 639
2 248 904
1 51
1 921
1 762
4 98 159 749 533
3 608 346 577
1 553
1 196
4 94 160 587 508
1 809
1 508
1 617
4 139 955 788 584
1 22
2 94 813
1 977
5 20 567 836 662 408
1 664
3 332 647 896
1 80
2 772 379
1 547
3 66 769 340
2 832 624
3 107 776 736
3 954 452 657
1 398
1 856
2 235 492
1 58
1 338
2 905 777
1 498
1 462
2 411 909
1 566
2 330 738
1 665
2 663 343
2 225 823
3 377 821 762
1 470
1 673
2 807 838
1 539
1 211
1 166
2 121 458
2 517 818
2 687 497
6 890 773 898 980 614 522
2 784 782
1 734
1 129
4 870 672 863 897
2 62 206
1 749
1 173
1 719
1 195
1 248
1 641
1 400
2 186 656
2 840 597
1 104
1 880
2 25 192
1 794
1 892
1 353
1 732
1 733
3 820 862 666
2 168 537
1 87
1 590
1 40
3 463 623 563
2 287 532
1 830
2 39 269
1 356
1 220
2 67 767
1 540
1 949
4 133 224 281 658
2 107 962
2 273 682
2 406 603
1 387
5 10 130 289 973 864
2 440 359
2 152 718
3 256 927 653
1 957
1 916
1 787
3 122 243 818
1 389
1 355
3 321 660 480
2 555 651
4 52 109 352 473
3 333 403 697
1 391
4 70 197 674 738
1 344
3 917 918 571
2 59 909
1 431
1 189
2 612 940
1 215
3 53 207 247
1 92
4 152 755 997 606
2 50 83
4 757 415 816 468
2 128 970
1 170
1 838
1 828
1 207
4 73 151 481 829
2 291 975
3 17 949 679
1 271
3 176 183 787
1 10
1 49
2 950 426
4 63 123 168 755
1 740
2 882 915
5 40 118 211 342 516
1 589
5 351 935 573 923 800
1 560
2 357 722
2 937 477
2 715 474
2 779 647
2 697 790
1 685
3 177 832 431
3 186 277 489
1 697
5 97 119 313 684 540
1 946
1 702
2 43 356
3 590 760 901
3 105 920 942
2 178 341
1 661
1 267
2 732 877
1 473
3 131 285 808
1 839
2 75 873
3 92 203 633
1 370
2 676 611
1 710
4 93 912 660 669
4 38 126 216 247
1 945
2 958 796
1 447
1 438
3 990 571 960
2 611 673
4 12 144 383 481
1 832
2 183 626
3 155 478 509
2 578 726
3 125 362 397
3 534 720 932
1 115
2 161 547
1 165
1 716
1 918
4 128 423 645 512
1 938
3 344 682 814
4 664 998 697 923
3 135 495 574
1 658
2 945 574
2 841 910
2 58 126
4 422 462 635 619
2 492 885
1 761
2 162 194
2 26 193
3 276 875 867
3 3 87 515
1 139
2 31 985
3 233 592 678
2 570 984
3 298 796 799
2 63 913
1 557
4 38 596 966 801
3 284 447 508
2 329 820
3 180 972 785
1 907
2 13 937
1 911
1 370
1 964
2 292 963
1 513
1 670
3 9 355 410
4 5 91 238 393
2 106 201
1 102
2 392 749
2 429 791
2 222 698
2 353 878
3 376 426 998
2 236 943
3 46 114 595
1 818
3 35 41 824
2 230 853
1 654
1 971
2 15 398
2 79 559
3 650 578 586
3 279 448 763
1 747
1 682
2 98 442
1 543
1 300
3 77 283 537
1 510
1 890
1 819
2 171 688
2 566 760
1 159
2 68 159
1 784
3 767 763 570
6 223 259 261 462 647 596
3 194 226 429
3 174 499 948
1 66
1 438
2 236 471
1 127
1 453
2 34 387
1 299
2 239 944
2 826 803
1 783
2 110 616
1 301
1 838
1 757
2 627 780
4 25 28 126 246
4 78 136 546 609
2 683 946
1 799
1 108
1 671
1 330
2 255 558
2 215 432
3 183 557 809
1 38
2 325 498
1 744
3 295 952 988
2 336 400
2 686 621
2 819 583
3 2 496 849
1 850
3 33 696 941
3 527 912 569
5 8 54 272 434 710
3 848 883 699
4 191 780 888 975
1 781
2 186 827
1 919
3 257 830 896
1 709
2 155 354
2 713 879
4 460 535 903 942
1 533
2 490 560
4 390 559 616 701
1 708
2 144 189
1 329
1 702
1 943
2 286 503
1 267
1 997
2 546 845
3 457 507 789
3 360 424 764
1 7
1 389
2 442 444
3 24 869 792
2 45 166
2 231 256
3 41 430 491
1 802
1 822
1 914
1 174
5 18 64 542 911 675
1 263
1 77
2 149 491
3 172 259 629
1 985
2 388 786
2 327 404
1 895
1 456
1 968
2 45 866
2 483 702
3 461 508 995
3 142 315 886
1 812
1 771
2 189 228
3 919 817 902
3 158 844 677
1 341
1 234
2 140 771
3 368 860 756
2 840 983
2 60 256
2 527 642
2 119 634
3 416 425 734
2 245 364
2 120 805
2 301 886
2 183 891
3 57 521 560
2 262 657
1 786
1 447
1 843
3 218 541 701
1 707
4 229 329 685 641
2 95 274
1 787
1 428
4 145 189 525 986
4 98 860 633 692
1 587
1 960
1 237
1 147
3 414 628 698
2 610 834
1 447
1 186
1 201
1 24
1 250
1 655
3 312 623 754
3 609 968 952
1 128
3 158 233 685
1 438
2 8 761
4 269 394 508 674
3 239 805 946
1 247
3 27 491 656
2 113 354
1 194
2 121 346
2 93 487
2 47 640
4 314 650 922 965
3 7 276 617
5 227 338 443 756 931
3 8 165 824
3 353 418 976
2 407 761
3 153 209 267
4 197 289 926 959
2 268 441
3 250 288 695
1 324
1 909
5 83 155 860 835 708
1 418
2 219 472
2 531 714
3 305 759 987
3 208 293 425
2 358 647
1 583
1 416
1 602
1 456
1 378
1 26
1 824
5 340 440 494 687 949
2 528 772
1 400
3 396 623 644
1 541
3 244 300 682
2 502 923
1 46
3 130 178 181
1 250
2 628 752
1 796
1 848
2 52 665
1 545
7 133 356 395 399 441 716 976
3 479 633 978
2 548 977
2 851 868
4 560 621 738 893
3 402 564 595
1 941
1 831
3 164 188 802
1 216
3 65 84 622
2 561 668
2 554 883
2 417 547
2 24 850
1 806
3 556 874 839
2 145 671
1 393
2 436 697
1 17
1 345
2 46 309
1 432
1 52
2 229 391
1 136
2 56 242
1 833
1 430
1 981
1 946
3 90 233 919
3 234 974 998
1 106
3 322 409 761
4 40 124 323 867
4 303 611 820 861
1 957
2 76 275
1 178
4 287 358 701 775
1 853
2 78 385
1 804
1 779
1 228
2 538 812
1 109
3 181 196 852
2 493 869
2 206 770
3 255 307 477
1 934
1 163
1 692
1 208
3 16 141 641
3 195 368 384
2 606 658
3 111 370 524
1 838
3 71 166 672
4 404 503 965 846
4 449 646 661 732
3 198 254 291
2 492 507
2 188 571
1 828
1 238
2 335 507
1 860
1 273
1 748
4 89 115 599 605
3 271 683 795
2 301 934
2 892 858
2 215 738
3 147 275 930
1 282
1 211
3 394 742 828
2 525 549
2 88 550
1 302
2 71 520
4 225 302 506 854
2 11 464
3 250 589 618
6 80 249 349 380 625 788
2 263 787
1 570
1 395
1 478
2 575 822
1 814
3 53 319 831
2 132 772
6 17 81 421 458 693 895
3 23 74 993
1 180
3 458 529 919
2 389 881
1 461
3 15 579 705
2 239 519
2 741 828
3 118 613 648
2 197 712
2 188 294
3 411 889 869
2 260 535
1 40
1 194
3 59 598 744
1 265
3 205 440 793
2 23 957
1 370
1 601
3 299 350 484
3 501 542 837
4 128 324 463 734
2 240 291
2 580 792
1 290
3 485 659 681
2 138 150
2 212 519
2 183 551
4 374 765 779 804
1 376
3 331 553 890
2 704 794
3 274 397 427
2 70 725
1 634
2 190 668
3 46 267 873
2 115 819
5 104 294 373 523 758
2 412 713
2 315 607
2 445 847
2 72 901
2 16 620
2 175 602
2 199 569
1 760
1 841
3 14 548 694
2 69 543
2 544 711
2 700 871
2 1 746
3 486 739 908
1 784
1 116
2 278 887
2 127 898
1 774
1 72
6 606 628 668 768 999 951
1 734
2 324 971
1 305
1 343
1 91
1 594
3 452 733 923
1 700
3 575 747 808
3 20 305 905
2 30 851
1 923
2 413 836
2 163 713
1 452
1 232
1 409
1 480
1 556
2 224 317
1 800
2 148 386
2 548 709
2 184 204
4 122 170 448 971
3 143 597 614
4 26 221 236 856
1 549
1 808
3 301 500 830
2 615 991
3 80 320 774
1 701
1 45
2 591 796
3 99 269 553
1 305
4 69 103 301 857
1 232
1 925
2 404 842
2 49 601
1 557
2 104 251
2 282 870
1 226
2 465 973
2 20 853
4 117 285 361 667
2 445 919
2 467 583
3 232 418 546
1 459
2 28 581
2 153 386
2 159 348
1 360
3 179 360 437
5 552 601 729 799 910
2 116 405
2 10 253
1 656
6 44 389 441 688 867 872
1 68
2 204 900
1 663
3 91 247 346
2 146 204
1 245
2 776 992
1 658
1 432
2 49 101
3 96 750 773
1 389
1 18
2 392 466
2 24 439
1 3
2 63 364
2 545 703
3 405 557 972
2 482 565
1 518
2 420 444
4 401 528 648 728
1 33
1 510
3 337 378 682
1 383
1 860
2 539 642
1 66
1 276
1 263
1 119
4 21 347 735 815
1 421
1 663
2 424 630
1 110
1 339
2 98 470
3 137 209 469
2 656 760
1 461
1 24
2 593 642
1 177
1 371
5 102 204 488 862 885
3 133 464 942
2 343 907
2 169 730
2 377 549
3 32 660 697
3 84 266 699
1 698
1 38
1 301
3 173 202 727
1 72
1 607
1 457
3 244 455 588
1 627
1 672
2 48 539
1 91
1 424
2 112 891
2 104 930
1 797
1 211
1 596
2 53 59
3 217 368 568
3 441 481 730
1 860
