100
1 75
1 39
1 57
1 11
3 52 10 93
2 65 88
4 57 58 27 76
1 31
1 27
2 89 97
3 4 39 48
4 3 65 68 47
1 19
1 97
1 52
1 86
1 90
1 99
2 30 32
3 55 12 85
1 79
4 23 49 81 34
2 52 75
4 60 21 46 86
4 59 79 88 40
1 69
2 48 96
4 6 63 8 65
2 37 35
1 55
2 18 86
2 7 47
2 18 79
1 81
1 21
3 51 28 50
1 76
6 67 80 86 28 92 93
1 86
2 1 10
4 55 66 73 24
2 51 45
1 63
1 98
2 91 93
2 84 41
3 83 23 87
2 11 31
3 64 10 26
1 21
1 35
2 41 35
4 22 4 71 14
3 67 72 62
1 57
3 40 29 19
1 59
4 54 2 6 61
2 95 6
2 56 24
2 70 23
1 57
1 53
3 89 27 42
1 48
4 5 98 11 27
1 40
3 53 37 77
1 11
2 89 25
2 60 78
1 52
2 53 90
1 40
1 76
2 0 22
4 6 74 82 36
1 67
1 70
3 20 32 24
1 37
2 21 33
1 76
1 46
1 45
1 19
5 15 23 38 30 37
1 46
3 5 24 99
3 63 9 69
2 16 72
1 44
1 37
3 4 37 44
1 99
1 58
1 26
2 9 13
2 65 43
3 17 88 94
