200
2 20 51
1 50
1 184
4 170 193 84 111
1 6
3 112 90 142
3 4 81 27
2 109 30
2 148 73
3 118 182 152
3 195 81 134
1 141
3 64 167 140
4 136 185 95 158
2 70 136
1 37
1 38
2 66 183
1 89
1 35
1 0
1 64
1 99
3 39 88 68
1 32
1 151
1 187
2 6 67
3 173 50 46
3 136 79 143
2 7 45
1 96
2 24 35
4 131 100 75 55
3 57 38 60
4 128 19 32 178
1 172
3 15 187 53
2 16 34
2 23 56
1 105
2 149 188
1 116
4 116 126 188 76
3 50 69 48
1 30
3 28 98 189
1 168
1 44
2 97 84
4 1 130 28 44
3 0 58 163
3 173 178 191
1 37
1 101
2 33 155
1 39
3 34 181 89
5 127 137 51 93 188
4 133 151 80 113
4 120 34 152 186
2 175 85
2 164 106
1 138
3 12 21 83
1 118
1 17
3 27 147 169
1 23
1 44
4 14 137 81 168
1 197
1 178
2 8 184
1 169
2 33 189
1 43
2 125 95
1 160
2 29 157
2 59 177
3 6 10 70
1 146
2 137 64
4 3 120 139 49
1 61
2 112 180
1 145
2 23 195
2 18 57
1 5
1 194
2 197 104
1 58
1 150
2 13 77
3 31 159 177
1 49
1 46
2 22 151
1 33
2 54 106
1 154
1 159
3 144 161 92
2 40 182
2 62 101
2 123 195
1 131
3 7 172 173
2 134 187
3 3 171 176
3 5 138 86
1 59
3 188 196 174
3 187 159 141
2 43 42
1 188
2 65 9
1 171
2 84 60
2 183 142
1 183
1 107
2 132 192
1 77
1 43
1 58
1 35
1 171
1 50
2 33 108
1 124
1 59
2 10 110
2 173 137
3 13 14 29
5 135 83 58 165 70
3 112 166 63
2 194 84
1 12
4 115 11 146 193
2 5 121
1 29
2 104 190
2 196 87
2 141 82
2 67 190
2 8 160
1 41
2 94 189
3 25 99 59
2 9 60
1 175
2 188 102
1 55
1 185
1 79
1 13
3 115 103 96
3 148 186 78
1 104
1 188
1 51
2 62 190
1 137
2 138 181
1 12
2 47 70
3 67 74 192
1 3
3 119 129 111
2 36 109
5 135 28 52 109 199
1 114
3 153 61 192
1 111
2 80 96
3 35 52 72
1 194
1 86
2 57 166
2 9 105
3 121 122 17
2 2 73
2 13 156
2 60 160
4 115 26 37 110
7 114 117 41 43 154 58 162
3 46 150 75
3 144 147 164
1 52
3 124 169 175
2 3 141
3 139 179 91
4 10 88 107 198
2 114 145
2 71 92
1 195
1 173
