200
4 166 78 187 118
2 58 44
1 145
3 49 183 20
2 157 80
1 8
1 123
2 108 36
2 5 197
1 172
1 36
1 68
2 192 48
1 150
1 96
4 113 174 42 95
3 133 128 120
1 189
1 52
2 120 57
1 3
1 169
1 98
2 44 37
4 104 116 169 56
5 100 122 135 159 189
3 91 168 179
1 114
2 30 90
2 54 40
3 28 96 86
1 141
2 172 41
3 148 95 83
1 97
1 77
2 7 10
1 23
1 188
1 154
1 29
2 127 32
2 15 142
1 65
3 1 115 23
2 72 87
1 109
2 103 177
3 12 191 62
1 3
2 132 83
1 117
4 111 18 189 67
3 133 158 81
2 29 158
1 191
2 24 149
1 19
2 1 60
2 74 91
1 58
3 103 114 130
1 48
1 155
2 76 187
2 130 43
1 197
4 112 115 52 73
3 11 124 140
1 85
1 182
1 196
1 45
2 67 197
2 133 59
3 166 182 190
3 151 64 198
3 114 117 35
3 0 156 185
1 197
1 4
1 53
1 139
2 33 50
2 171 92
3 100 69 183
2 132 30
5 120 140 45 165 172
1 147
1 172
1 28
2 26 59
2 175 84
1 107
2 126 192
2 15 33
3 14 143 30
2 34 190
2 22 194
1 122
2 85 25
1 129
1 188
3 61 47 180
1 24
1 123
2 132 125
3 143 195 93
3 7 111 157
2 195 46
1 116
4 108 52 194 134
1 67
2 117 15
4 61 27 77 121
2 44 67
3 110 191 24
5 113 77 175 186 51
2 0 152
1 181
3 16 87 19
1 114
3 99 25 138
3 105 6 164
2 147 68
2 106 176
1 94
1 41
3 16 135 196
2 101 187
2 65 61
2 163 196
3 106 86 50
3 16 53 74
1 111
3 128 25 149
1 140
2 154 158
1 122
2 169 82
3 136 68 87
2 179 31
2 149 42
2 107 96
1 190
2 2 149
2 173 187
2 124 88
1 33
4 135 142 145 56
3 13 156 167
1 76
1 118
1 169
2 137 39
2 198 63
2 150 78
3 4 108 161
3 137 54 53
2 25 198
2 193 199
1 157
1 164
2 131 181
3 123 162 199
1 87
2 0 75
1 150
1 26
5 21 24 139 153 188
2 187 178
1 84
5 9 32 199 87 89
1 146
1 15
2 117 92
1 125
1 47
1 170
2 26 141
1 103
3 119 163 184
2 70 75
2 3 85
1 181
1 78
1 117
5 0 129 146 170 64
3 102 38 169
3 17 25 52
3 144 75 97
3 116 48 55
2 12 94
1 160
2 111 98
2 107 109
3 128 131 71
4 8 66 73 79
3 155 159 76
3 160 164 172
