600
1 328
3 156 60 420
2 24 567
4 482 242 558 341
1 153
1 399
2 237 544
2 185 452
2 122 327
2 182 155
1 166
2 496 419
1 165
3 510 533 232
1 205
1 400
3 589 583 119
3 430 167 378
3 163 550 78
2 449 245
1 425
2 285 399
1 28
2 204 97
2 2 417
3 440 236 281
2 316 135
1 481
3 22 595 219
3 55 126 531
2 480 353
3 54 562 360
1 308
1 309
1 552
1 507
1 448
2 504 352
1 135
3 210 460 224
1 174
1 255
1 592
1 469
1 430
1 287
4 332 515 152 286
3 372 363 346
2 256 149
3 299 128 506
1 568
2 423 91
1 171
2 412 303
2 31 141
3 29 165 489
1 63
1 134
2 524 456
1 146
3 1 226 508
2 160 75
1 283
5 56 324 396 184 197
2 346 180
3 537 545 186
1 101
1 202
3 69 268 465
6 68 294 123 427 166 512
2 139 569
2 490 92
1 405
1 559
1 476
1 61
1 238
4 317 582 255 107
2 18 410
4 454 376 222 418
1 100
1 590
3 382 492 188
1 504
1 497
1 293
2 336 259
2 194 461
1 156
2 155 138
2 436 181
1 51
2 71 176
2 268 338
1 291
4 497 179 339 307
1 365
3 23 254 129
5 451 375 568 301 356
1 472
2 80 508
3 66 266 541
3 273 494 534
2 459 174
1 335
2 109 271
1 222
3 77 554 114
2 173 146
3 105 287 253
2 432 228
1 510
3 458 393 280
2 507 147
7 107 416 586 452 559 551 125
3 408 286 248
1 396
4 518 540 480 298
2 416 369
3 16 205 386
2 421 591
1 417
2 8 383
2 69 438
3 367 335 402
3 114 361 404
1 29
2 285 511
1 49
1 97
3 516 422 230
1 289
1 263
1 241
3 57 565 318
2 26 38
2 217 486
3 211 403 587
1 89
2 70 269
1 439
2 54 571
1 335
1 566
2 445 579
2 311 573
2 59 108
1 113
1 361
1 48
1 506
2 228 544
2 46 395
3 4 303 440
1 365
3 9 89 337
4 1 88 442 437
2 221 257
1 463
1 165
3 61 278 406
2 390 361
1 205
1 18
2 208 423
3 12 55 159
3 10 69 431
1 17
2 370 248
1 340
2 330 258
4 52 568 323 206
4 475 372 450 246
2 108 450
3 40 103 547
4 580 338 205 435
2 92 591
1 364
1 574
2 95 428
1 64
2 90 327
2 9 193
1 542
1 63
3 7 560 474
1 65
2 530 505
1 82
2 235 273
5 314 577 459 240 261
3 263 576 561
1 532
1 182
2 87 573
1 573
1 581
1 63
1 320
1 298
1 446
2 239 558
2 67 464
1 595
3 23 581 452
7 14 119 162 175 503 567 472
4 171 337 325 227
1 588
1 164
3 414 260 225
3 39 392 359
1 137
1 251
3 406 270 397
1 260
3 401 277 548
1 554
2 136 415
1 594
1 28
1 488
1 157
2 79 106
1 473
1 39
4 209 590 349 292
2 60 396
2 206 595
3 110 151 300
1 270
1 130
1 324
1 13
2 599 234
1 233
2 189 372
1 25
3 6 552 555
5 76 572 482 548 354
3 201 441 596
1 190
3 133 340 335
3 3 447 554
2 308 526
1 595
1 19
1 172
1 389
2 115 168
2 506 274
1 544
3 212 550 301
1 508
2 109 370
2 97 336
3 41 77 291
3 48 284 454
5 157 478 392 346 507
2 170 415
3 86 349 413
2 209 214
1 190
2 555 563
4 132 191 322 347
2 565 573
1 405
3 101 518 329
1 507
3 68 93 564
1 139
2 213 229
1 105
1 311
2 102 189
2 249 517
1 277
1 312
4 215 275 448 538
2 160 537
2 281 462
1 112
3 25 279 489
1 388
2 62 294
3 256 556 585
4 21 127 371 552
2 46 115
3 45 109 398
1 379
2 131 572
1 560
2 94 255
2 225 456
2 85 578
4 69 283 409 546
3 327 588 321
2 348 406
1 356
2 117 199
1 49
1 228
2 98 251
1 364
4 53 153 366 423
4 345 384 566 565
1 576
1 496
1 95
2 32 243
2 33 503
2 370 362
2 145 272
2 276 398
2 506 331
3 190 473 434
1 576
3 26 323 449
1 77
1 134
1 339
3 198 545 485
4 295 328 379 377
1 263
4 171 316 578 373
2 63 231
1 206
2 380 442
4 8 181 295 479
3 0 321 559
1 266
2 170 355
1 313
2 46 340
1 448
1 551
6 104 124 142 241 350 522
2 86 254
2 155 206
2 93 175
3 95 319 574
5 169 241 332 517 557
2 3 443
1 382
1 365
1 543
4 304 501 391 439
3 47 64 257
1 263
2 296 403
3 225 259 584
2 335 532
3 564 454 571
4 37 599 484 523
2 30 592
1 238
2 330 483
3 98 297 387
1 477
1 435
3 210 405 433
1 31
3 125 148 161
2 310 519
3 47 375 594
4 177 302 469 558
4 96 154 343 401
1 303
1 124
2 471 594
2 118 549
3 168 253 310
2 285 442
4 47 172 235 539
1 323
1 506
3 98 363 428
1 79
1 321
1 17
2 288 321
1 326
1 392
3 82 342 527
1 122
1 304
2 445 450
1 119
1 356
2 282 564
2 247 497
1 161
2 345 525
3 210 257 381
2 112 534
2 426 423
2 152 428
4 63 116 226 492
1 213
2 287 312
4 5 21 465 572
2 15 428
2 215 365
1 124
4 137 348 514 558
1 125
3 72 265 359
3 160 213 296
1 421
1 115
1 294
1 78
1 599
1 53
1 259
1 209
4 217 258 472 509
2 114 118
2 24 121
2 79 476
1 11
1 1
2 120 407
2 130 580
4 51 164 303 394
1 523
2 20 512
2 394 526
2 69 468
4 179 375 395 400
1 586
4 17 44 447 488
1 166
1 110
1 359
2 314 487
3 175 358 495
1 90
1 156
1 123
3 140 345 466
3 25 153 467
1 239
3 156 326 371
1 341
1 497
2 144 385
2 200 596
2 242 430
4 36 277 333 529
3 19 316 463
3 172 173 385
2 98 596
4 7 114 204 496
1 577
3 79 256 351
2 575 598
2 58 292
1 554
1 112
2 103 190
1 39
1 87
1 279
2 158 449
2 202 583
2 68 399
1 439
1 440
1 427
2 43 364
1 477
2 368 543
3 99 205 415
2 223 314
2 185 481
1 172
2 74 418
3 357 470 598
1 257
2 327 597
2 30 117
2 27 474
2 3 238
1 355
1 352
1 320
1 136
1 434
3 220 430 502
3 55 281 540
1 71
1 588
2 82 396
1 570
1 102
1 435
4 11 306 452 498
5 84 95 389 444 566
1 496
2 558 528
1 528
1 345
1 488
2 205 309
2 37 83
2 187 523
5 49 150 249 313 374
5 35 113 257 267 598
3 60 100 252
2 415 591
4 13 111 544 536
1 127
2 69 425
1 540
1 403
1 46
1 130
2 274 340
2 117 266
1 362
1 576
1 593
1 335
5 352 424 505 570 566
1 58
1 391
2 243 426
1 382
2 499 500
1 448
1 187
1 29
2 192 350
2 13 593
2 102 393
1 567
1 510
2 65 278
1 277
1 372
4 117 489 513 586
1 101
2 183 572
3 344 471 553
4 6 151 250 510
3 65 320 576
1 294
2 174 580
2 215 238
1 369
2 18 251
2 114 334
3 34 237 285
1 543
4 107 216 242 457
2 237 262
1 284
1 340
5 3 201 364 403 499
3 73 114 328
2 185 290
1 191
1 31
1 262
3 268 351 388
3 134 264 304
4 143 304 497 523
3 2 205 535
3 50 98 171
2 70 576
2 493 523
2 141 351
4 238 289 399 542
4 145 194 195 264
2 178 339
1 455
6 191 305 315 520 545 569
2 190 453
2 293 323
1 144
3 175 422 547
2 196 204
1 77
2 16 464
1 349
1 284
3 114 429 540
1 137
3 207 295 491
1 16
2 81 225
3 120 176 509
2 42 353
2 521 533
3 218 363 368
4 28 203 227 244
3 239 446 451
1 479
3 455 477 507
3 233 352 411
