100
2 21 90
2 22 38
2 82 23
2 82 30
1 94
1 92
3 56 66 18
2 56 35
4 83 92 27 94
2 68 52
1 98
4 60 21 77 14
4 58 95 81 53
1 15
1 11
2 13 40
1 18
3 57 72 55
2 6 16
1 97
2 59 26
3 0 11 79
4 1 68 36 34
1 2
1 98
1 57
1 20
1 8
2 61 63
1 57
3 3 61 65
3 59 86 43
1 79
1 75
1 22
3 57 7 67
2 70 22
1 77
1 1
3 77 43 96
2 15 82
2 68 42
1 41
3 76 31 39
1 58
1 55
1 51
2 63 52
1 77
1 56
1 56
2 72 46
3 9 75 47
2 59 12
1 59
2 17 45
4 7 50 49 6
5 17 96 35 29 25
3 97 12 44
5 20 31 53 74 54
3 11 73 84
3 30 28 85
1 80
3 47 77 28
2 71 98
1 30
1 6
1 35
3 41 9 22
1 71
1 36
2 64 69
2 17 51
1 60
1 59
3 52 80 33
2 43 91
5 63 11 37 39 48
1 82
2 21 32
3 62 75 83
1 12
6 2 3 78 99 40 87
2 8 80
1 60
1 61
3 98 31 93
1 82
1 98
1 91
1 0
2 76 89
2 5 8
1 86
2 4 8
1 12
2 57 39
2 58 19
5 64 10 24 86 88
1 82
