600
2 468 348
1 229
1 581
1 173
1 67
2 501 529
1 205
1 337
3 68 72 324
5 429 210 409 202 195
2 74 530
2 449 513
2 333 175
2 238 595
2 141 403
1 417
1 475
3 579 120 487
1 52
4 395 122 265 359
3 50 187 205
1 54
2 202 509
1 410
1 455
1 491
4 276 362 407 390
1 383
1 94
1 137
1 199
2 336 340
2 145 278
5 161 442 182 176 350
4 587 159 446 92
3 281 364 557
1 408
2 236 345
3 155 493 554
3 504 372 384
1 346
3 295 186 382
1 212
2 436 484
1 54
1 118
1 551
5 421 418 474 89 446
3 81 92 550
3 155 424 185
1 20
2 559 525
2 18 81
2 102 266
4 21 44 77 542
2 502 293
2 168 573
1 580
1 423
2 106 489
7 520 292 412 530 277 109 456
1 202
2 214 237
2 559 515
2 423 494
1 109
2 118 264
2 4 511
2 8 307
1 174
1 203
3 438 287 386
2 8 256
1 321
3 10 372 405
1 476
1 532
1 54
1 513
4 341 291 165 174
1 228
2 48 52
1 111
1 458
2 288 313
1 294
3 342 397 538
1 203
1 164
3 47 586 379
1 161
2 249 402
2 34 48
3 296 252 531
3 28 543 556
3 309 431 461
2 217 450
2 598 410
2 418 206
1 336
1 266
2 193 429
2 53 524
1 515
2 226 395
1 585
1 59
2 267 265
2 380 294
2 60 65
1 154
3 82 125 123
1 209
2 300 377
1 587
1 498
2 360 248
2 370 454
2 45 66
1 132
3 17 392 148
1 203
5 19 370 142 203 595
2 111 225
2 480 582
5 111 582 570 361 274
1 356
2 565 377
1 374
1 357
1 502
1 299
4 119 423 139 446
2 320 491
1 137
2 449 154
1 587
4 29 134 320 298
2 366 260
2 132 447
4 189 535 559 427
3 14 568 332
1 122
1 332
1 265
2 32 366
3 465 343 363
2 348 585
1 120
2 226 590
1 504
2 228 387
1 464
1 228
3 110 135 302
2 38 49
2 310 213
1 205
1 268
1 34
1 235
2 33 90
1 402
2 551 308
4 88 210 300 517
2 79 218
3 424 505 566
1 365
1 56
3 471 589 396
1 257
1 369
1 570
4 3 482 455 262
2 69 79
1 12
1 33
2 591 585
2 198 203
3 597 409 269
1 515
1 411
3 33 288 477
4 571 406 491 383
1 510
1 49
2 41 246
4 20 528 518 512
3 215 528 404
2 140 573
3 441 388 401
2 444 330
1 559
2 101 337
1 344
2 9 349
3 307 373 237
1 336
1 178
3 30 491 223
1 436
2 302 415
4 9 22 61 398
7 70 87 121 122 178 294 511
2 385 458
4 6 20 157 577
2 98 463
1 548
4 496 585 388 497
4 112 452 524 559
3 9 164 257
1 559
2 42 490
5 156 526 281 458 222
2 62 279
3 188 271 370
1 539
3 96 582 393
2 165 491
2 575 461
1 277
1 499
3 213 414 223
3 199 222 581
1 424
1 123
2 104 149
3 439 598 558
4 80 151 153 402
2 1 510
1 418
2 457 430
1 371
1 264
2 473 576
2 160 441
4 37 336 517 356
2 62 196
1 13
2 599 455
2 459 504
1 572
2 372 481
2 332 530
1 571
1 332
1 186
1 533
1 116
1 91
1 326
1 529
2 93 574
2 335 472
1 535
2 418 499
3 72 308 451
2 170 210
1 362
1 363
1 138
1 544
1 173
1 443
5 66 233 346 283 446
3 19 107 144
2 53 100
1 107
2 158 460
1 179
2 457 464
3 215 500 297
1 392
1 349
1 125
1 513
3 26 467 461
3 60 220 425
1 32
1 214
1 334
2 35 213
1 486
1 264
1 359
3 343 365 492
1 504
1 71
2 84 182
1 314
1 380
1 79
3 60 548 561
2 55 328
3 85 108 203
5 41 323 573 528 537
4 93 540 535 325
2 271 594
3 137 578 445
2 131 317
2 113 164
1 462
2 154 201
1 336
1 510
1 599
2 376 321
5 68 196 597 495 553
2 163 256
1 95
1 156
1 541
1 552
1 84
2 289 458
1 474
1 377
3 299 575 353
2 541 471
1 464
2 133 137
2 73 306
1 551
2 295 466
2 8 488
1 296
4 250 334 504 475
1 471
1 293
3 529 582 467
1 191
1 477
5 141 143 243 245 335
3 12 376 530
2 280 326
3 253 332 532
5 31 99 197 236 303
3 7 193 394
2 564 552
1 358
1 31
2 79 411
2 86 492
4 146 285 547 453
2 194 348
1 37
2 40 264
1 496
3 0 147 344
4 195 273 545 369
1 33
1 439
2 443 444
1 317
2 560 583
1 516
2 126 236
4 129 576 550 381
2 339 381
2 19 284
4 116 588 471 446
1 125
4 26 258 436 460
2 146 259
1 35
2 167 285
3 138 145 598
1 428
1 478
2 171 349
4 117 122 215 391
2 232 402
3 39 74 242
2 196 438
2 128 380
1 402
2 306 333
3 113 127 316
1 594
1 89
4 108 290 374 508
2 357 358
2 41 536
3 27 183 444
1 39
4 204 538 530 534
1 71
1 151
4 190 208 521 452
1 468
1 26
2 370 433
4 120 272 514 429
1 217
1 337
2 19 104
2 169 416
1 86
1 202
1 400
2 399 485
1 190
6 91 162 228 371 375 477
3 14 408 437
1 188
1 74
1 183
1 26
2 36 403
2 9 179
2 23 97
2 181 341
2 60 476
1 588
3 222 440 587
1 201
2 396 592
2 15 536
4 47 98 230 255
1 570
1 447
1 47
1 528
3 58 64 132
4 49 166 224 506
1 277
1 555
1 140
2 367 461
3 9 101 392
2 231 432
2 95 499
1 430
1 391
1 534
1 554
3 43 200 362
1 403
3 71 373 455
3 227 351 476
1 414
2 190 235
1 33
2 263 352
4 191 352 383 564
1 298
5 34 47 132 264 360
2 139 420
1 538
5 11 135 485 486 537
1 96
1 256
2 209 388
1 343
1 117
6 24 173 239 438 515 596
1 60
2 231 270
4 83 204 213 314
2 240 510
3 268 362 563
4 95 219 276 428
2 301 546
1 206
5 152 270 319 531 523
2 146 507
2 323 567
2 276 329
2 0 389
1 521
1 506
4 169 318 327 360
1 253
2 234 519
4 47 315 599 542
2 16 326
4 75 412 439 569
4 182 331 402 534
3 368 585 479
1 478
1 124
1 242
1 173
1 522
1 43
2 400 449
2 282 449
2 17 560
1 324
2 59 502
2 212 559
6 25 133 183 199 218 539
2 285 342
1 38
1 64
1 307
3 208 347 555
1 208
2 115 512
3 221 255 431
2 271 580
1 5
4 55 130 489 554
1 517
6 39 150 240 286 326 544
1 166
2 424 470
1 465
2 380 593
1 22
4 184 229 304 459
2 67 203
3 187 498 516
3 11 78 275
2 392 543
4 63 103 180 455
2 355 512
3 164 236 503
1 187
1 473
1 60
2 388 469
2 483 599
1 464
2 102 209
1 51
1 213
1 572
4 187 188 295 422
3 5 251 329
5 10 60 243 333 385
2 93 464
2 76 335
2 247 540
3 385 434 477
4 140 254 296 584
2 382 417
2 295 449
3 86 385 448
2 216 491
2 296 533
2 311 318
2 54 474
2 94 514
2 261 504
1 349
2 462 569
1 343
2 207 292
1 571
2 48 357
3 46 163 322
2 312 338
1 307
4 38 435 502 597
2 426 496
1 94
1 35
1 227
7 51 63 140 192 209 211 490
2 354 487
1 292
1 594
1 460
2 338 444
1 127
1 166
1 466
1 141
2 476 546
3 125 172 419
3 183 244 549
3 241 527 595
3 56 189 295
1 252
2 219 317
2 234 357
1 205
1 298
1 17
2 57 500
2 2 223
4 124 125 217 329
1 354
1 535
5 105 147 177 208 478
1 89
4 34 114 136 414
2 360 413
1 169
1 149
1 177
1 416
1 508
3 297 378 562
3 13 122 572
1 455
3 179 307 554
3 97 227 366
4 239 305 474 522
