100
1 68
2 90 92
3 85 68 3
1 2
4 47 59 65 62
3 30 76 13
2 74 87
4 70 67 84 76
1 13
1 11
2 71 88
3 9 61 17
1 19
2 5 8
3 50 73 80
2 35 78
2 67 34
1 11
1 61
3 12 24 22
1 57
1 26
2 19 38
2 86 97
5 58 19 97 95 46
1 49
4 71 21 27 76
2 26 77
1 41
1 45
1 5
3 64 83 99
1 95
1 74
2 16 81
3 63 15 97
2 80 96
1 89
1 22
1 67
1 92
3 75 28 85
2 67 89
1 59
2 76 48
2 79 29
1 24
3 4 80 82
1 44
2 51 25
1 14
3 96 55 49
2 93 83
1 83
3 92 97 82
1 51
1 61
4 98 83 20 76
1 24
4 4 74 43 79
1 72
4 56 18 95 11
1 4
1 35
1 31
1 4
1 98
4 7 16 42 39
3 0 2 95
1 77
1 7
2 10 26
2 60 80
2 14 89
3 6 59 33
1 41
5 5 7 57 26 44
2 69 27
1 15
3 59 94 45
4 14 72 47 36
1 34
2 54 47
4 52 53 57 31
1 7
2 2 41
1 23
1 6
1 10
3 73 37 42
1 1
1 95
3 1 54 40
1 52
1 79
5 61 68 24 32 91
2 51 36
4 54 23 24 35
2 57 66
1 31
