200
1 130
1 180
4 169 194 17 177
1 94
2 129 192
1 172
3 14 27 125
1 133
1 149
2 18 170
1 163
1 115
1 114
1 194
2 6 144
1 134
2 104 111
4 2 104 164 121
1 9
2 163 123
3 108 80 99
4 77 197 23 76
2 168 52
1 21
2 43 93
4 138 180 181 85
2 107 182
1 6
2 171 161
3 103 125 198
1 129
1 185
2 131 94
2 37 176
3 141 42 35
2 127 34
3 114 181 38
2 33 191
3 36 71 142
1 153
1 53
1 106
3 116 125 34
3 102 24 179
3 133 54 51
2 140 156
4 102 109 162 149
1 146
1 191
2 130 58
1 133
1 44
2 109 22
2 40 82
3 44 148 61
3 117 191 73
1 132
1 145
1 49
1 153
1 89
2 54 188
1 143
3 118 181 99
1 172
2 185 75
1 197
1 178
1 146
1 74
1 170
1 38
1 161
1 55
2 69 186
2 139 65
1 21
1 21
1 113
2 136 148
1 20
1 91
3 126 53 165
1 154
1 117
1 25
2 188 197
3 184 195 99
2 101 106
2 60 170
1 169
2 144 81
1 191
2 24 150
2 3 32
1 199
1 164
1 154
3 107 117 160
3 20 63 87
2 179 190
3 175 136 88
5 43 46 122 197 171
1 29
2 16 17
2 152 188
2 88 41
2 26 98
2 153 20
2 52 46
2 170 172
1 16
2 199 180
2 145 78
2 12 36
3 11 155 116
2 115 42
3 55 98 84
2 63 196
2 128 140
1 139
2 17 145
3 102 189 132
1 19
1 170
5 6 42 29 158 157
2 191 82
1 35
1 119
3 4 186 30
3 0 136 49
3 32 159 153
3 122 137 56
3 7 44 50
2 15 173
1 180
4 101 130 138 79
1 132
3 25 136 143
2 120 75
3 119 166 45
3 34 192 172
1 38
4 138 185 194 62
2 14 91
3 113 121 57
3 47 68 165
1 189
2 79 54
2 8 46
1 93
1 181
2 105 154
4 108 131 39 59
4 152 97 173 83
1 115
1 45
1 125
1 125
1 131
2 187 98
2 28 72
1 46
3 10 19 199
2 17 96
2 146 82
2 140 199
1 188
1 22
2 2 90
6 9 110 124 193 89 70
2 102 28
5 5 110 141 64 191
2 134 154
1 186
1 101
1 33
1 2
2 67 185
2 43 100
4 1 112 25 135
5 25 36 151 63 191
1 26
1 188
1 87
4 31 143 65 178
3 129 174 74
1 160
5 105 61 167 183 86
2 122 147
1 100
7 126 37 48 55 172 181 92
2 4 141
1 170
3 2 13 143
1 87
1 118
4 102 21 66 86
1 29
4 112 163 166 95
