1000
3 333 79 832
1 172
3 84 422 892
2 669 278
1 986
2 559 716
1 912
2 605 511
1 92
3 308 46 76
1 669
1 104
1 324
3 104 15 562
1 738
4 13 575 227 112
1 761
1 641
2 279 108
1 624
4 437 329 917 532
1 613
2 541 204
3 379 406 973
2 448 979
1 276
2 43 551
2 55 113
2 660 212
2 561 117
1 322
1 83
2 483 966
1 919
2 759 939
2 883 884
4 470 559 570 753
3 229 213 700
1 668
2 973 150
2 344 376
1 173
1 944
1 26
1 903
2 807 388
1 9
3 342 523 883
2 764 179
1 840
2 825 132
2 689 709
2 336 874
2 126 642
3 404 381 806
3 27 477 260
1 747
3 722 681 813
2 263 838
1 685
3 984 594 329
1 405
1 346
1 312
3 338 883 754
3 407 435 243
3 125 916 400
2 585 897
1 328
1 175
1 364
3 90 662 898
1 821
3 373 896 385
3 363 644 661
2 891 859
1 9
1 778
1 762
2 0 614
1 138
2 894 527
3 801 444 95
4 31 673 603 920
1 2
1 338
2 425 253
1 899
2 445 554
1 469
4 71 936 458 129
1 486
3 8 311 795
1 460
1 965
1 82
3 865 870 456
1 964
2 292 962
2 346 357
3 384 741 858
1 495
3 481 659 701
1 692
2 11 13
2 889 339
1 698
2 167 607
2 18 932
2 276 325
1 617
2 695 217
3 15 205 638
2 27 873
2 865 170
4 287 769 423 641
1 829
2 29 998
5 712 457 470 310 218
4 692 597 538 412
2 987 441
1 735
2 650 920
5 566 862 328 478 241
2 450 959
1 66
2 53 497
1 186
3 955 235 560
2 90 238
2 300 329
1 943
1 50
1 862
6 995 304 321 454 596 564
3 975 920 472
3 423 208 137
2 136 214
3 80 779 229
3 352 366 153
1 751
1 398
1 963
1 147
2 222 575
1 945
1 825
3 143 533 587
1 289
3 458 617 987
4 39 760 824 889
1 616
1 157
2 139 871
1 806
1 896
3 719 934 922
3 152 611 675
3 525 267 188
1 297
1 812
1 194
2 177 531
1 460
3 405 234 355
1 312
2 985 605
3 107 850 539
3 664 355 391
1 246
2 114 309
1 791
3 1 990 616
2 41 378
2 793 516
2 69 821
1 756
2 162 992
3 856 915 700
2 48 415
2 277 438
2 254 945
2 522 622
2 782 437
6 446 797 261 649 512 904
2 482 804
2 127 571
1 759
1 158
2 407 265
1 656
1 984
1 986
2 686 610
2 161 562
2 816 718
3 915 778 250
2 402 997
5 931 850 676 890 900
4 542 920 446 504
1 764
1 658
3 602 577 780
2 686 700
1 22
1 112
2 292 494
1 936
4 136 251 796 438
2 803 933
2 956 544
1 957
3 28 453 474
3 37 553 543
1 137
1 939
1 696
5 111 426 451 526 678
1 118
3 511 473 670
1 526
5 225 661 926 876 248
1 144
1 648
1 385
3 221 550 734
1 437
2 15 364
1 485
6 37 138 495 433 482 835
1 705
1 929
1 812
1 275
4 164 335 959 878
1 128
3 578 398 674
1 869
1 129
4 683 647 431 613
1 461
1 123
3 691 807 745
1 65
1 659
2 839 910
3 169 707 404
1 876
1 221
2 888 500
2 196 387
1 208
1 309
1 86
2 181 726
1 990
1 514
2 638 723
2 964 408
2 763 899
3 55 853 895
2 184 535
1 952
2 58 921
3 825 841 734
2 189 950
3 886 844 492
1 158
2 960 347
3 764 303 970
2 793 692
3 439 521 576
1 562
3 425 559 514
2 460 999
2 233 764
3 25 109 833
3 180 880 626
3 3 540 462
1 18
1 796
1 640
1 990
3 609 463 775
1 548
1 307
1 809
2 115 953
1 464
3 148 759 684
1 862
2 295 294
2 98 206
1 408
2 291 394
3 291 925 419
2 459 362
3 159 314 624
3 548 894 636
2 553 659
1 130
1 849
1 834
2 269 605
5 134 370 312 373 954
1 683
3 489 947 988
3 285 315 987
3 9 379 623
3 170 252 430
3 118 798 729
2 92 903
3 63 165 304
1 810
1 297
2 307 704
1 978
1 525
1 398
1 888
2 442 551
2 134 873
2 30 432
1 562
6 12 599 585 972 327 770
2 109 366
1 548
1 324
3 68 123 892
4 20 60 130 620
1 684
1 347
1 687
2 0 493
1 336
3 234 533 715
3 52 334 437
1 699
2 64 85
1 105
2 814 743
2 589 367
2 47 958
1 522
4 40 927 469 646
1 639
5 62 99 790 803 582
2 268 331
3 603 428 680
1 501
1 826
1 621
4 139 697 760 689
2 470 568
1 563
3 164 168 651
1 646
4 99 735 566 625
1 982
2 901 389
1 916
3 550 423 776
2 296 516
1 74
3 70 227 454
1 554
3 139 325 921
1 341
2 639 395
1 494
3 304 551 680
1 707
3 632 977 593
2 73 304
2 969 479
1 935
2 40 953
1 711
4 173 671 677 998
2 23 308
1 932
1 54
1 505
1 783
2 100 486
2 73 224
3 777 432 784
2 250 621
1 45
2 359 851
2 893 435
2 168 476
1 590
2 424 998
1 294
1 368
1 671
1 481
4 141 236 318 542
1 419
1 66
2 909 459
2 197 718
1 721
4 54 246 696 617
2 61 164
1 23
4 65 189 477 438
4 258 293 624 477
3 972 978 513
1 512
3 487 912 652
1 119
1 718
2 756 669
1 179
2 648 470
2 883 488
1 484
2 295 399
3 694 681 869
1 741
2 2 752
4 115 136 361 688
2 393 947
2 86 273
3 217 694 507
3 766 749 929
2 348 557
3 660 519 849
2 309 839
1 239
3 322 386 926
1 229
2 580 647
2 65 390
1 760
4 20 183 226 336
3 180 208 407
1 271
2 883 611
1 120
1 320
1 921
1 82
1 88
3 184 199 762
1 812
3 24 554 744
1 557
1 124
3 217 766 800
1 749
1 212
2 134 364
1 861
1 96
2 118 818
2 90 149
3 296 401 952
5 93 163 274 857 531
3 240 605 863
1 278
2 283 604
2 288 705
3 867 957 475
1 935
2 672 783
1 915
2 89 344
4 36 118 353 416
1 838
1 135
1 219
1 212
3 465 839 833
1 391
3 55 407 408
1 123
1 374
1 794
3 102 397 843
2 185 229
4 32 592 516 906
2 418 588
3 228 965 690
2 91 384
1 411
2 417 868
1 306
1 605
4 771 949 934 549
1 266
2 333 809
4 206 369 717 970
4 101 229 794 654
3 963 877 517
2 126 590
1 569
1 839
2 249 746
2 349 930
1 589
1 827
1 199
3 382 882 735
1 780
2 426 524
2 896 741
1 627
1 914
2 7 219
2 184 410
4 409 791 964 537
2 256 273
1 668
3 174 362 483
3 496 945 955
2 979 765
3 429 634 711
2 737 930
2 271 693
2 182 343
1 47
3 507 720 558
3 158 317 973
2 217 220
1 81
2 918 919
1 972
2 555 705
2 162 460
1 20
2 147 335
2 747 767
1 261
3 684 598 668
4 513 810 940 703
1 119
1 167
1 278
2 22 947
4 199 398 640 789
1 213
2 210 568
1 594
2 731 768
1 639
4 284 298 326 675
1 491
2 225 361
4 26 320 370 932
1 964
2 213 299
3 88 365 448
1 530
1 957
3 428 449 918
2 524 993
5 5 36 273 974 698
1 128
1 29
4 13 194 272 323
3 354 842 741
1 134
1 647
3 123 357 864
1 941
2 353 544
3 498 943 866
1 36
2 186 615
1 715
1 616
1 804
3 15 144 990
2 271 787
4 202 722 758 604
2 236 731
1 923
2 434 827
1 673
1 346
2 658 682
1 642
3 67 324 815
3 713 782 925
4 147 930 799 992
3 484 781 702
3 341 502 850
4 392 497 801 869
1 900
1 483
2 372 881
3 60 545 861
1 986
2 134 643
3 119 669 821
4 536 968 942 820
1 324
1 900
1 842
3 202 740 845
2 83 348
3 463 577 860
6 7 166 303 461 490 878
2 959 942
1 107
1 671
3 283 627 902
1 193
3 157 440 669
1 945
3 21 239 996
2 79 860
2 571 903
3 151 172 573
5 110 149 404 637 905
1 802
2 956 924
2 329 812
2 351 387
2 182 661
2 308 802
3 19 297 408
2 357 688
1 277
3 509 609 761
1 722
1 796
1 633
1 936
2 372 705
3 630 885 788
2 519 817
1 762
2 298 911
1 617
3 112 257 721
4 345 368 547 724
3 281 542 913
2 17 115
2 53 584
1 596
1 74
1 705
2 344 356
6 239 434 565 801 652 944
2 223 416
1 184
2 122 699
1 355
3 411 647 731
2 742 747
2 495 875
1 827
2 190 957
2 867 971
2 201 583
3 102 244 299
4 28 429 821 961
3 74 221 622
1 71
1 796
1 168
2 977 710
1 779
2 823 719
3 38 515 536
6 3 10 414 597 611 970
1 219
4 378 396 608 708
1 467
2 83 581
1 236
2 157 548
2 198 840
2 378 994
1 217
2 971 886
2 348 370
3 57 420 979
3 583 906 847
3 239 305 960
5 289 330 536 806 846
2 59 731
2 193 203
2 332 877
2 423 625
2 51 352
2 485 908
2 242 718
3 103 119 270
1 521
2 420 426
1 111
2 216 404
1 352
4 106 559 853 931
2 337 650
3 37 178 203
1 102
3 588 894 750
2 537 980
2 315 855
6 230 464 530 632 645 826
1 904
2 246 371
2 671 728
1 51
3 665 910 986
3 377 519 755
2 118 805
2 586 773
1 806
2 335 572
1 5
1 494
5 195 402 413 691 891
2 156 667
4 524 822 998 747
2 403 638
3 57 577 628
1 257
2 639 838
2 817 896
1 254
1 876
1 708
1 310
1 913
5 546 578 652 685 925
1 821
1 860
2 225 264
3 121 357 505
1 791
2 520 935
2 14 797
1 978
1 602
4 100 421 508 563
1 653
1 340
1 448
1 242
3 500 823 791
5 56 534 653 720 811
1 826
4 427 452 943 951
1 702
2 140 956
1 422
2 36 967
1 64
1 711
3 176 414 989
1 763
2 577 831
3 34 187 289
3 150 352 436
3 16 627 981
3 78 446 635
3 259 757 985
4 48 200 269 275
1 518
3 427 451 941
2 534 872
1 546
2 115 948
1 324
1 491
1 962
1 713
1 827
1 283
1 361
1 386
2 77 196
2 138 666
2 202 506
1 588
4 183 586 885 786
3 383 467 896
1 386
1 878
1 782
2 576 807
1 633
1 542
2 346 937
4 171 513 736 746
1 878
3 174 270 907
2 480 495
2 92 942
4 208 280 629 663
2 184 738
1 310
1 587
1 451
3 82 590 647
2 618 623
3 209 346 836
2 185 574
1 712
4 54 154 684 714
3 45 242 787
2 936 965
2 286 493
2 313 537
1 747
4 160 232 447 620
1 57
2 340 948
1 585
1 195
2 634 725
1 457
1 973
2 598 829
5 72 175 597 660 732
1 720
3 667 746 991
1 150
3 50 146 264
3 350 705 748
5 503 580 655 774 837
1 992
2 116 820
1 944
1 758
1 0
2 276 475
2 302 979
1 229
2 803 848
2 827 859
3 58 471 724
4 245 430 475 499
2 49 676
1 264
2 563 601
1 481
1 266
1 602
2 684 928
1 682
1 836
2 301 429
3 167 198 589
2 389 964
1 945
2 260 698
2 866 963
1 704
1 178
1 460
1 100
3 75 837 923
3 604 614 733
2 455 594
3 123 133 290
1 461
2 566 938
2 96 114
2 569 854
3 465 657 979
1 488
3 237 420 590
1 96
1 153
1 767
2 113 321
1 52
2 654 946
3 221 247 727
2 496 687
4 234 605 785 792
1 969
1 277
1 593
1 505
5 35 47 64 417 440
1 35
2 633 782
2 266 679
1 975
2 249 319
2 105 150
1 198
2 75 718
2 2 328
1 390
3 81 298 702
1 260
5 73 155 508 725 783
1 67
1 71
2 87 259
3 198 591 600
1 359
1 609
3 44 311 615
2 184 706
1 617
2 483 682
1 793
1 690
1 401
3 245 710 982
1 636
2 6 411
2 640 730
2 510 915
5 178 196 468 914 916
5 66 360 915 957 969
1 20
2 528 557
2 33 528
4 83 122 135 199
3 263 366 443
1 156
2 579 859
1 619
3 295 586 731
2 221 432
1 344
1 846
3 231 427 983
3 501 520 587
3 198 698 976
3 108 380 551
1 209
2 156 491
3 375 466 737
4 90 207 631 808
1 790
1 864
2 34 215
1 537
2 567 766
3 598 606 795
3 131 569 749
3 42 647 830
5 145 181 517 612 852
1 875
3 306 424 541
2 769 814
1 491
1 265
1 749
2 262 459
2 287 376
1 304
2 128 517
3 210 619 751
5 211 465 556 656 916
1 342
3 124 234 606
2 268 683
1 660
2 98 772
3 142 496 854
5 97 258 513 552 851
3 94 485 808
1 32
1 753
1 598
3 374 879 916
3 269 494 669
2 657 679
3 324 409 529
4 23 39 525 819
1 559
2 135 887
1 931
2 372 665
3 316 409 739
5 24 518 681 834 867
1 703
1 761
2 358 910
1 929
2 60 191
2 166 763
4 4 192 595 710
3 120 149 307
1 306
1 756
4 172 255 282 575
1 823
3 177 587 828
1 558
1 677
1 134
1 613
1 197
4 117 378 393 720
1 274
