100
1 62
1 31
4 66 21 49 26
4 93 69 37 70
3 54 57 18
2 98 85
1 96
1 67
1 49
1 43
2 99 40
1 74
3 55 73 31
1 86
2 72 17
2 50 51
2 35 98
1 14
1 4
3 66 29 89
3 57 46 32
2 2 75
2 45 46
1 52
2 62 90
1 74
1 2
1 39
4 62 83 85 96
3 19 80 32
3 69 48 97
3 1 12 67
2 20 29
4 50 63 68 80
1 85
1 16
1 92
1 3
2 99 47
2 81 27
1 10
2 81 83
2 58 84
2 9 80
1 70
1 22
4 60 65 20 22
1 38
1 30
4 2 8 86 99
3 92 33 15
1 15
2 80 23
2 88 95
1 4
1 12
1 61
2 20 4
3 79 85 42
1 77
1 46
2 56 89
3 0 24 28
2 72 33
2 89 73
1 46
2 2 19
2 7 31
1 33
3 3 74 30
2 3 44
1 75
3 63 14 93
2 64 12
3 11 69 25
3 71 21 82
1 98
2 59 98
2 84 87
1 58
5 52 29 33 94 43
2 41 39
1 75
2 28 41
2 78 42
5 58 5 34 28 88
3 13 49 91
1 78
2 53 85
3 61 64 19
1 24
1 86
3 50 36 96
2 3 72
1 80
1 53
3 6 28 92
1 30
4 5 16 76 77
3 10 38 49
