600
2 9 81
2 158 140
1 177
1 367
2 570 460
1 590
5 227 326 34 10 75
5 533 461 208 498 294
4 132 99 205 193
4 0 59 324 301
3 6 251 597
1 108
1 18
2 97 292
1 578
1 400
1 544
3 289 257 392
3 12 255 128
3 383 30 359
2 211 83
2 205 186
1 214
2 87 413
4 408 134 313 192
2 350 87
2 234 82
2 328 161
4 532 424 248 425
1 309
1 19
2 394 416
1 483
2 60 474
4 6 215 218 219
2 406 121
5 291 415 145 109 593
3 496 270 58
3 345 111 337
1 332
2 582 484
1 562
1 412
2 455 354
3 47 278 355
3 297 261 467
1 313
3 44 530 215
2 536 485
1 500
1 279
1 466
2 572 244
1 368
1 271
1 284
1 531
2 347 188
3 37 510 541
4 9 182 487 419
1 33
1 174
2 378 522
2 584 258
1 149
1 442
2 547 124
2 519 546
3 435 214 340
3 460 576 80
1 117
4 159 590 213 352
1 121
1 483
1 357
1 6
4 534 152 83 429
2 212 501
3 543 328 332
1 212
1 69
2 0 195
1 26
4 20 76 462 101
2 430 92
2 466 147
2 383 151
4 23 25 544 392
2 316 327
3 228 394 582
1 571
3 492 147 341
1 84
4 383 487 319 495
1 541
3 578 319 531
1 284
2 13 433
2 423 284
3 8 457 488
2 508 120
2 83 108
2 359 557
1 284
1 358
1 495
2 514 129
2 394 436
3 11 101 149
1 36
1 319
1 38
1 501
1 246
3 408 206 521
1 255
1 440
3 70 257 175
2 176 166
1 143
2 100 561
3 35 72 500
1 513
3 294 221 345
2 66 267
2 489 538
1 199
1 357
3 18 203 409
2 106 339
2 402 272
1 482
1 8
2 222 325
2 24 443
1 354
2 290 294
2 369 531
1 322
1 329
1 1
2 503 561
2 588 421
4 119 202 407 285
3 235 253 311
2 36 448
2 511 154
3 85 91 373
1 204
2 64 108
3 520 501 403
3 86 254 189
4 76 225 238 288
3 323 198 556
2 146 330
2 367 524
3 399 282 386
3 438 555 571
2 1 457
3 71 259 216
2 252 417
1 27
2 218 310
1 326
1 468
3 234 389 590
3 118 494 237
1 173
4 410 585 442 201
1 307
2 287 441
2 299 467
1 288
2 167 179
3 61 448 573
1 117
2 118 421
2 2 548
1 461
4 173 295 471 505
1 356
1 324
3 59 388 391
2 422 254
2 293 470
3 377 586 330
2 21 260
1 479
1 57
1 151
1 364
1 413
1 24
1 8
3 344 550 517
2 81 236
1 208
1 539
2 153 414
2 126 256
4 562 484 472 367
2 168 202
2 143 201
3 128 571 293
2 148 590
4 8 21 303 275
3 114 221 463
2 572 493
2 7 196
1 460
4 219 398 540 349
1 20
2 77 79
4 71 308 424 580
3 22 68 412
3 34 47 516
1 159
2 460 579
2 34 162
3 34 210 565
2 353 538
2 123 206
3 133 346 576
1 259
4 371 316 463 418
2 152 457
1 350
2 6 484
1 89
1 477
1 462
1 440
1 293
1 568
3 26 165 347
3 144 568 453
1 195
1 166
2 152 515
1 324
1 517
3 333 550 362
1 482
1 349
2 52 380
1 579
2 113 485
1 528
1 28
2 584 298
4 527 288 390 553
3 10 558 439
3 160 356 447
4 144 458 307 439
3 151 183 489
3 18 115 263
2 199 465
2 17 117
1 63
4 159 223 358 315
1 186
1 45
1 495
1 255
1 304
2 465 472
2 324 271
3 124 309 495
1 284
3 480 339 351
1 37
2 54 266
2 130 575
1 285
1 473
2 205 594
1 591
2 374 410
2 44 428
2 50 463
1 575
2 393 459
1 156
1 413
5 55 96 98 103 268
2 143 273
1 302
2 170 425
3 152 172 250
1 17
3 136 554 320
7 36 493 347 543 599 587 322
1 13
3 184 203 232
5 7 123 136 378 361
3 179 546 317
1 485
1 45
1 249
1 171
3 571 537 583
1 9
2 286 504
1 205
2 264 421
1 546
2 445 399
3 169 253 500
1 213
2 29 267
1 162
1 144
1 471
4 24 46 501 584
1 540
1 259
3 88 224 528
1 295
3 355 381 451
3 93 95 110
1 290
2 537 479
2 138 291
1 153
4 9 181 239 266
1 133
2 6 163
1 88
2 27 78
2 139 463
2 154 185
1 560
4 39 78 334 440
1 241
1 332
1 550
2 509 548
1 38
1 541
2 129 269
1 68
2 91 404
1 363
2 366 572
3 194 561 512
2 38 123
4 222 364 481 595
3 57 234 291
2 556 486
2 210 243
4 25 226 466 561
3 269 460 484
1 71
1 220
4 43 135 397 563
2 44 318
3 180 252 598
4 74 127 492 376
2 104 259
2 19 102
1 446
1 294
1 241
2 342 521
3 190 346 505
1 490
3 343 592 523
3 3 155 200
2 53 505
1 137
1 554
2 224 430
2 521 435
1 147
1 277
1 574
1 357
1 185
3 62 294 383
2 394 456
1 244
1 318
2 561 478
4 19 86 93 378
1 542
1 596
1 156
1 573
1 182
2 165 421
1 250
1 182
4 17 87 499 397
2 281 569
4 31 89 107 379
2 513 452
1 429
3 354 392 426
4 210 423 402 464
3 156 306 427
4 15 486 592 564
1 479
2 130 398
1 150
1 341
1 416
1 35
1 143
2 24 114
1 128
2 168 277
1 439
2 42 214
3 23 191 283
1 198
2 36 474
2 31 405
1 160
1 224
2 59 497
1 581
4 142 176 304 389
1 183
2 98 398
3 28 213 442
2 28 287
1 397
3 399 443 502
1 278
2 76 396
3 84 371 532
1 432
3 431 586 544
2 97 462
1 526
2 68 372
2 107 551
1 536
1 157
3 251 253 411
3 116 231 332
1 170
3 65 168 424
3 134 427 468
1 582
1 306
2 360 582
2 252 541
3 145 174 491
2 479 518
1 467
1 318
3 395 480 506
1 235
1 461
1 43
1 379
4 99 158 225 543
1 253
1 281
6 4 69 209 217 351 476
6 7 178 454 591 504 483
3 83 230 433
5 206 224 279 329 535
1 398
2 256 265
4 51 85 350 560
5 45 171 450 536 490
2 164 443
1 561
1 184
2 179 312
2 200 265
2 274 578
2 33 415
1 565
1 460
2 229 538
1 382
6 187 321 401 449 498 545
2 269 452
2 346 581
3 131 242 568
3 32 73 461
5 40 200 227 351 509
3 48 246 296
2 348 400
2 59 93
1 99
2 125 254
2 365 467
1 448
2 91 357
2 207 291
2 166 567
5 93 105 262 267 569
1 37
1 419
2 7 479
1 392
3 49 121 307
5 77 112 150 313 525
2 427 507
2 141 529
2 302 461
3 179 364 368
1 452
2 502 510
1 100
2 336 484
2 58 507
1 146
2 344 559
2 122 395
1 106
1 238
1 215
2 194 240
1 449
1 67
1 150
3 114 363 372
1 62
1 366
1 155
1 501
2 434 550
1 250
3 247 316 562
1 503
1 47
3 56 95 137
2 28 430
1 7
1 76
1 463
4 48 437 467 561
2 300 321
3 125 220 477
2 197 552
2 210 314
4 58 94 338 447
2 384 581
3 78 291 457
4 16 87 432 572
1 479
3 67 295 305
1 66
2 177 336
1 560
4 194 241 335 526
2 436 577
2 539 579
1 250
2 290 370
1 157
2 153 348
1 102
1 251
1 512
3 331 466 549
7 120 141 344 350 382 469 536
3 41 200 528
1 354
1 400
3 219 475 589
2 574 576
1 494
3 233 235 482
2 393 495
1 4
4 90 157 203 300
4 52 207 343 544
2 174 387
2 375 566
2 272 280
3 69 222 566
1 551
3 14 95 473
3 217 245 552
1 213
3 420 481 542
4 40 89 444 446
1 300
3 63 249 313
1 168
2 185 432
1 291
1 142
1 565
4 5 71 165 204
2 276 461
2 366 400
1 36
1 275
1 346
2 385 599
1 10
1 356
2 291 596
