600
1 254
2 67 215
4 509 401 355 240
3 290 536 239
2 214 98
1 65
2 104 440
2 59 271
1 311
2 373 495
1 445
2 505 232
2 519 421
3 125 584 582
1 222
1 548
2 151 332
1 430
3 596 136 387
1 327
1 427
2 402 283
1 385
3 78 423 325
1 33
1 503
3 417 521 461
2 576 331
2 170 431
2 82 71
1 392
1 253
1 288
3 24 287 586
1 145
1 205
3 373 482 241
2 388 300
3 221 163 362
2 457 170
1 521
3 325 231 42
2 41 228
2 335 467
3 64 357 474
3 580 303 197
2 325 314
2 142 368
3 307 514 157
1 528
4 176 196 464 239
2 208 549
1 446
3 269 110 402
4 401 75 100 533
4 260 249 99 530
3 266 576 597
1 589
1 281
1 7
1 166
1 82
3 123 381 276
1 231
3 44 199 88
2 5 461
2 575 486
3 1 176 193
3 510 538 296
1 81
2 248 336
1 29
3 315 416 253
1 468
1 283
5 54 508 123 419 202
2 262 221
2 326 286
2 23 333
3 201 497 366
2 505 129
4 69 309 158 524
4 29 61 538 466
1 127
2 261 473
4 124 106 417 395
1 317
2 463 541
2 64 203
1 196
3 432 499 134
1 211
2 136 534
1 129
2 206 184
1 387
1 372
4 542 298 559 159
3 4 363 394
3 55 151 306
4 54 272 130 375
2 396 218
4 249 219 358 516
3 250 415 234
1 6
1 553
2 85 548
1 462
2 210 150
3 404 326 531
1 53
2 418 450
2 215 592
1 594
1 120
1 547
1 280
2 237 284
2 301 536
4 360 489 468 372
2 114 420
1 530
1 329
3 62 75 148
7 85 380 390 587 437 237 344
4 13 140 578 454
1 462
4 83 355 194 564
1 174
3 80 93 537
5 100 182 137 281 598
3 556 231 177
1 301
2 304 593
1 90
1 184
3 18 92 297
1 130
1 159
1 580
4 125 555 267 458
2 385 317
3 47 566 553
3 374 324 150
2 406 463
2 34 521
3 397 259 293
1 548
2 123 293
1 425
3 108 143 220
4 16 99 384 554
2 498 365
1 356
1 364
1 593
3 483 495 289
3 48 479 573
3 81 527 351
2 97 138
1 370
4 556 361 536 432
1 508
2 38 242
2 401 491
3 262 347 364
5 60 376 524 193 190
1 590
2 328 309
4 435 543 310 391
3 28 39 337
2 225 459
1 215
2 181 505
2 128 291
1 435
4 50 67 444 287
2 131 322
1 244
2 519 411
2 356 546
2 173 367
1 130
1 508
4 94 135 223 552
2 326 430
1 246
1 475
3 482 570 455
1 443
1 166
1 216
1 471
2 67 166
2 127 264
2 354 272
2 50 89
1 45
2 593 308
2 64 426
1 294
1 79
2 75 399
4 88 281 549 300
2 370 347
2 35 596
2 94 518
1 466
2 51 271
1 412
4 108 221 257 569
5 91 501 270 523 545
1 549
1 251
1 4
3 1 112 172
2 191 416
1 373
1 101
4 102 473 453 465
2 150 583
4 38 76 210 339
2 14 506
3 184 477 260
1 237
5 171 489 555 477 568
2 404 509
5 251 508 385 429 412
2 42 320
2 469 313
3 571 528 268
4 41 63 131 305
2 11 471
4 449 270 334 470
1 103
1 350
4 569 279 369 466
4 117 124 224 431
1 397
3 3 50 424
1 2
1 36
1 163
1 431
2 178 278
2 298 280
2 186 566
1 274
1 70
3 55 102 580
1 103
2 213 227
1 362
2 31 72
2 0 374
1 293
1 558
1 210
1 544
1 146
2 55 223
1 84
4 76 165 463 599
1 319
1 194
1 362
1 56
2 140 534
2 230 274
2 53 439
2 211 233
3 7 208 522
2 100 195
1 451
4 247 268 294 390
1 392
2 62 492
3 300 393 422
4 244 579 422 363
1 236
4 116 245 475 565
4 58 130 203 349
1 589
2 21 74
3 117 315 597
2 529 515
1 77
5 33 176 506 485 451
3 32 422 494
1 156
2 3 462
2 174 425
1 485
3 146 148 255
2 200 274
1 553
1 68
2 136 348
5 97 245 447 514 310
2 344 497
3 37 203 277
3 118 132 442
1 595
2 45 407
3 133 552 503
3 231 341 403
1 99
2 48 350
1 198
2 81 168
5 169 298 415 512 525
2 8 553
1 365
3 229 392 323
2 46 585
2 72 284
1 534
2 86 141
1 565
2 263 381
3 228 448 563
1 353
1 177
1 313
1 143
3 23 41 46
3 77 109 185
3 19 425 424
1 168
4 122 379 553 383
1 365
1 27
1 16
1 78
1 233
2 43 481
2 70 503
1 170
1 435
1 221
1 382
1 305
1 495
1 432
2 124 299
1 380
2 507 445
4 165 204 505 488
2 297 547
1 281
2 235 307
1 158
2 532 538
3 321 427 398
2 195 575
4 2 127 445 410
3 153 180 536
1 44
1 102
1 536
2 119 523
1 161
3 38 252 265
4 98 278 443 504
3 154 165 487
6 152 312 330 447 456 452
1 79
2 181 557
2 47 413
1 236
5 160 204 446 496 376
2 389 481
2 96 119
3 9 36 217
2 143 254
1 100
3 166 370 509
1 413
1 430
3 329 418 437
2 124 345
3 62 319 561
2 340 523
1 329
1 151
3 22 141 227
1 455
2 18 95
2 37 513
1 371
2 124 274
1 169
5 30 275 313 562 406
2 277 396
2 98 588
1 85
2 101 393
2 146 238
1 353
1 202
1 463
4 2 54 164 428
2 21 53
1 305
3 109 226 515
1 520
2 144 392
1 303
1 529
4 519 544 558 427
1 355
1 179
2 209 227
2 368 377
1 550
4 103 310 471 595
2 72 216
2 26 85
2 111 379
2 75 550
2 120 556
1 12
3 277 278 288
1 23
3 239 327 567
3 149 291 327
2 199 581
3 20 353 409
2 401 526
1 227
4 17 185 378 478
3 28 237 243
3 90 161 343
2 481 493
2 481 580
3 169 175 338
1 574
2 124 379
1 491
2 269 512
2 6 459
1 510
1 301
2 189 363
1 176
4 10 346 355 570
3 52 370 587
2 298 365
1 320
1 233
2 111 517
2 273 287
1 365
1 219
1 125
2 188 386
1 365
1 39
1 140
2 171 440
1 557
3 26 65 577
3 107 126 290
4 87 144 262 400
1 50
1 219
3 82 207 236
1 43
2 73 119
1 229
1 233
3 192 232 415
1 492
2 84 219
2 44 574
2 187 280
1 584
2 223 225
1 430
1 157
1 595
4 335 371 433 434
3 36 188 594
1 156
1 551
2 287 292
1 66
1 364
1 347
2 119 225
3 587 519 520
3 164 438 555
3 276 472 560
1 433
1 288
3 9 156 342
2 370 591
2 79 299
1 152
1 90
1 514
1 211
2 557 535
3 25 304 336
1 363
4 11 80 173 347
2 222 287
1 346
4 75 162 183 227
4 2 226 376 540
2 68 441
1 580
3 310 439 551
1 388
3 48 298 500
2 285 404
1 102
1 450
1 206
4 12 179 409 490
2 405 490
3 26 40 145
1 271
3 211 360 382
2 81 166
1 310
1 428
1 158
2 49 230
2 285 408
2 55 121
1 109
1 352
1 54
3 92 267 316
1 502
5 3 118 161 356 359
1 129
3 68 82 352
1 590
1 509
1 87
1 97
1 169
2 258 409
1 211
1 180
2 115 348
4 15 106 147 589
3 51 203 212
2 414 419
2 484 512
2 184 304
5 105 142 295 311 329
1 151
3 140 225 491
3 131 161 420
3 367 460 502
2 256 409
1 97
1 492
1 381
1 392
1 320
1 127
2 280 318
2 142 246
1 424
1 225
3 210 236 572
2 188 445
1 230
1 569
1 157
2 436 474
2 66 354
2 27 56
1 461
2 125 590
1 278
5 45 139 249 434 511
1 426
1 13
1 220
2 13 476
1 314
1 33
3 124 446 490
1 394
3 57 282 548
3 167 539 578
1 496
1 112
3 133 155 198
2 113 482
3 302 415 480
2 18 205
2 56 284
1 130
1 262
