100
2 16 1
1 0
1 54
2 86 74
1 90
3 72 88 79
1 94
2 30 75
1 27
1 88
1 67
2 26 59
1 89
1 77
3 45 94 99
1 97
2 0 79
1 55
2 34 83
4 25 21 72 68
3 91 92 37
2 19 90
2 73 78
2 39 49
1 56
7 57 64 66 19 76 96 39
3 11 93 92
2 8 88
1 90
1 60
1 7
2 70 86
2 35 42
1 50
1 18
4 67 80 32 53
1 39
2 20 48
2 89 46
4 23 75 25 36
1 48
1 75
3 32 93 44
1 47
1 42
1 14
2 38 47
4 66 43 46 50
2 37 40
3 23 55 99
2 33 47
1 92
2 57 83
1 35
2 2 92
2 17 49
4 63 92 24 65
2 52 25
1 64
2 11 71
3 77 29 82
1 80
1 71
3 56 73 76
2 58 25
1 56
2 47 25
3 10 85 35
1 19
1 87
1 31
2 59 62
2 5 19
2 63 22
1 3
3 7 39 41
2 63 25
3 13 60 96
2 22 84
3 5 16 95
2 61 35
3 96 86 87
2 60 98
2 18 52
1 78
1 67
3 3 31 81
2 69 81
3 5 9 27
2 12 38
4 4 21 28 97
1 20
5 56 20 26 51 54
2 26 42
2 6 14
1 79
3 25 77 81
2 15 90
1 82
2 14 49
