200
4 165 122 105 75
1 124
2 15 79
1 140
2 192 21
1 86
1 33
2 117 91
1 153
4 106 16 136 148
4 87 188 111 133
2 67 181
3 94 127 93
4 122 19 23 171
1 84
3 2 114 180
3 9 63 22
2 191 154
1 38
3 13 35 64
1 36
4 4 83 27 55
2 16 65
4 13 110 80 37
2 120 69
5 113 116 164 133 50
1 96
2 21 182
2 94 42
2 70 40
1 104
3 99 92 90
1 108
2 6 127
2 112 157
1 19
4 105 20 59 186
5 23 54 41 84 199
2 18 78
2 104 164
3 112 29 143
1 37
4 95 28 138 182
1 47
2 94 109
4 126 136 168 172
1 95
3 95 43 177
2 142 88
2 179 152
1 25
2 122 155
2 70 152
1 76
1 37
1 21
1 189
1 137
2 195 159
1 36
2 103 80
2 115 144
4 184 160 172 196
2 16 130
2 19 121
4 22 84 181 91
2 151 175
2 11 79
1 181
2 24 147
3 97 29 52
1 183
2 123 165
1 162
1 142
1 0
3 53 82 198
1 143
2 132 38
3 2 67 169
2 23 60
3 119 128 91
4 107 128 76 193
1 21
4 101 14 37 65
1 167
3 5 128 158
1 10
2 144 48
2 156 174
1 31
3 7 65 81
1 31
1 12
3 28 44 12
4 150 42 47 46
3 153 180 26
3 70 172 176
2 172 109
2 31 106
2 163 140
1 84
1 187
2 191 60
2 30 39
4 0 36 140 125
2 99 9
3 137 82 161
2 129 32
5 98 151 44 142 146
1 23
1 10
3 34 40 145
1 25
2 15 178
1 61
1 25
2 7 166
2 141 133
2 120 81
2 119 24
1 64
4 0 13 51 131
2 72 167
2 1 180
1 105
1 45
2 12 33
3 82 81 86
2 108 153
2 63 195
2 122 170
2 190 78
4 10 118 25 142
1 155
1 195
2 9 45
2 107 57
1 42
1 179
4 3 100 105 189
1 118
4 109 133 48 74
2 40 77
2 61 88
1 112
1 109
1 69
2 9 190
1 156
2 95 162
2 109 66
2 49 52
4 96 8 129 194
1 17
3 134 51 183
3 149 196 89
1 34
1 86
1 58
1 62
1 107
2 150 73
1 100
2 25 39
3 0 72 173
1 117
2 123 85
1 45
1 79
1 131
1 13
4 97 98 45 62
1 165
1 89
1 66
1 97
1 47
2 114 187
2 139 49
3 96 15 124
3 11 65 68
3 27 42 197
2 155 71
2 62 185
1 184
1 36
2 102 178
1 10
2 140 56
2 132 148
2 103 17
1 4
1 82
1 153
3 130 135 58
2 156 62
1 182
1 76
1 37
