1000
2 670 639
3 979 716 150
2 928 798
1 190
3 714 335 928
2 23 80
1 677
1 527
2 686 95
3 532 830 321
2 794 875
1 655
1 386
1 237
3 896 218 736
1 731
1 305
4 823 454 793 506
1 701
3 769 209 724
2 964 407
3 976 505 645
3 677 355 989
2 5 209
1 448
2 568 739
1 218
2 532 423
1 536
3 106 420 855
1 960
1 891
1 745
1 392
2 650 845
3 157 81 215
1 624
2 172 570
2 350 412
1 273
4 511 888 525 943
1 368
1 808
2 405 924
6 996 648 184 117 732 542
2 148 708
2 556 545
2 559 314
2 995 356
2 852 204
1 620
1 820
1 750
4 835 782 209 518
1 541
1 822
3 219 77 72
2 227 623
1 946
2 552 566
2 204 397
3 239 278 476
1 175
1 857
2 691 316
1 716
1 802
2 322 697
1 311
4 498 434 368 878
1 694
2 155 547
1 56
1 981
3 312 266 747
1 793
1 734
2 56 370
3 921 257 725
1 735
2 5 689
1 35
3 571 467 897
2 109 104
3 523 570 171
1 924
1 478
1 690
1 602
1 486
1 963
2 265 262
1 738
4 200 222 718 327
1 825
1 8
1 518
2 677 296
1 815
2 807 913
1 988
1 826
2 208 995
2 112 418
1 83
3 598 697 141
4 29 699 176 844
4 428 251 334 608
3 733 358 632
2 83 382
1 698
3 530 270 641
1 103
2 301 335
1 153
2 415 841
1 387
2 44 629
1 172
3 546 939 275
1 318
1 352
3 904 194 815
1 780
1 809
1 850
1 284
2 958 834
1 222
2 942 923
1 428
2 463 759
2 646 280
1 598
1 594
1 499
1 762
2 743 589
1 361
3 835 975 469
2 824 672
1 105
2 689 590
2 932 863
1 205
1 360
1 307
1 979
2 45 997
2 834 190
1 1
1 651
2 391 841
2 114 981
1 872
3 71 667 638
1 474
4 35 740 492 938
2 436 658
2 753 307
1 703
1 587
2 606 252
2 923 221
1 387
2 237 963
2 544 528
2 627 711
2 644 534
2 957 735
1 631
1 84
2 37 118
1 396
2 178 759
3 62 822 400
1 106
1 184
1 174
1 854
3 959 730 364
1 522
2 906 460
3 241 992 669
4 44 177 704 790
1 576
2 984 315
3 331 784 193
2 782 250
3 565 855 452
3 3 149 499
1 210
5 251 602 256 653 283
1 187
1 122
3 780 722 809
1 329
3 344 457 237
1 395
3 408 784 490
5 93 771 633 240 229
2 652 604
2 322 624
2 953 735
2 49 60
2 144 893
2 339 927
1 825
1 102
6 19 23 53 477 695 255
4 191 767 340 402
2 419 668
1 401
2 282 384
1 406
3 35 871 333
1 356
1 860
3 14 26 701
2 56 664
2 782 643
1 163
2 93 128
3 256 698 915
1 402
2 558 330
2 996 984
2 57 909
1 421
2 200 746
2 329 748
5 370 656 831 943 836
1 461
1 979
2 843 858
1 284
1 268
3 13 165 197
1 631
3 61 407 660
3 200 696 918
3 183 250 872
3 500 830 818
4 988 378 979 850
1 463
4 661 382 348 553
2 672 879
1 775
1 756
2 322 591
3 188 241 978
2 107 192
1 162
2 896 723
1 903
1 209
3 192 223 343
3 78 501 504
1 416
1 975
2 373 671
2 569 518
2 91 919
1 935
1 639
3 91 488 365
3 74 905 863
5 683 561 370 480 293
2 236 871
2 552 394
1 111
2 408 527
2 417 654
3 39 448 287
1 855
1 119
1 803
1 339
1 61
1 995
2 132 473
1 316
5 213 635 894 613 806
1 192
4 126 235 762 318
3 373 526 848
1 678
2 273 734
3 436 513 564
2 613 954
2 782 501
3 975 305 483
3 927 992 958
1 267
1 472
1 556
2 97 907
2 367 298
1 297
1 740
2 983 439
1 113
3 813 768 770
3 987 437 612
1 819
4 16 291 827 570
2 579 413
2 146 159
1 309
2 308 970
2 857 815
2 68 613
4 74 820 509 512
1 878
2 47 664
2 186 625
2 64 281
1 598
2 120 284
4 936 923 651 717
4 426 778 966 709
1 9
5 67 202 249 766 872
1 477
1 628
1 841
4 401 805 773 442
1 93
1 906
3 196 230 794
2 225 891
2 187 581
1 570
1 215
1 107
2 4 113
2 697 466
3 673 849 376
2 862 746
3 206 277 990
3 210 968 682
1 639
2 859 780
4 256 458 417 760
2 197 842
2 722 474
4 643 910 436 945
3 354 954 583
2 245 778
2 593 387
2 38 893
3 855 636 596
3 121 727 751
1 825
3 347 378 715
1 22
2 48 216
1 960
3 108 692 398
1 856
2 145 966
3 138 843 473
1 476
2 793 773
1 180
2 265 708
2 661 572
2 297 839
3 41 69 609
1 997
4 77 231 267 852
1 765
1 678
3 260 285 800
2 703 438
1 418
1 337
1 860
2 243 354
1 966
2 529 543
1 835
2 109 245
1 869
1 213
1 704
2 12 637
5 116 164 349 968 544
1 423
1 660
1 723
2 152 598
2 33 793
2 681 667
1 269
3 198 894 412
3 173 548 606
2 60 993
2 358 440
3 980 754 815
4 175 532 561 700
2 212 326
4 210 224 631 666
3 509 759 756
2 425 940
2 43 521
3 214 597 852
4 20 239 465 777
3 199 271 902
3 430 758 785
1 949
1 543
4 38 395 829 758
3 306 420 942
2 652 536
1 115
3 258 441 650
4 272 343 685 677
5 103 375 529 753 792
1 211
4 29 413 576 648
3 228 571 647
3 814 460 435
3 27 388 972
1 581
4 404 635 882 796
1 320
1 741
3 107 130 485
1 975
2 409 946
2 559 856
1 468
2 768 965
3 69 976 868
3 422 895 626
3 158 288 346
4 303 714 726 508
2 374 552
1 300
2 398 524
2 416 714
1 326
1 844
2 633 552
2 930 793
2 959 585
1 513
5 24 273 801 752 472
2 642 510
1 643
3 851 667 901
1 189
1 879
3 17 546 916
3 920 813 491
2 988 575
2 197 471
2 343 941
1 538
3 182 422 648
2 232 695
1 728
2 131 244
1 965
1 407
2 336 999
4 82 860 663 617
2 432 679
4 139 804 520 478
1 955
1 457
2 294 448
2 280 361
3 156 345 815
1 624
2 61 362
2 209 323
2 86 469
2 834 765
2 267 826
1 526
1 855
1 291
1 576
1 428
2 89 772
1 975
1 265
1 762
1 199
2 455 618
2 157 600
2 526 601
1 987
2 971 662
2 595 933
1 781
4 69 580 720 968
2 135 190
1 242
4 257 290 964 712
1 983
2 665 794
1 257
2 21 974
1 17
1 603
1 437
4 312 403 596 618
2 449 704
2 40 680
1 312
2 288 447
1 674
3 530 555 898
2 552 623
1 958
3 53 96 261
2 734 861
3 469 574 884
3 405 926 735
2 181 940
1 84
1 440
1 40
4 285 481 493 573
6 7 271 957 740 702 925
2 166 674
2 380 418
2 111 515
1 566
3 9 27 400
1 877
1 168
1 793
2 28 414
1 901
2 459 744
3 866 999 611
1 750
4 54 855 594 961
2 44 737
2 380 411
3 166 387 620
3 46 637 955
3 119 454 761
1 71
3 396 847 996
1 702
1 806
2 914 605
6 59 269 438 444 516 710
1 245
1 739
4 515 733 942 755
3 46 295 934
2 634 986
3 225 951 614
2 47 431
2 992 795
2 267 400
1 860
1 693
3 288 599 846
1 189
2 59 531
1 760
2 25 658
1 261
4 37 84 305 332
2 82 421
1 366
1 526
1 520
1 456
4 185 420 484 851
1 714
2 821 593
2 306 998
1 498
4 331 424 819 726
1 854
3 347 951 719
1 744
1 446
1 725
3 161 870 927
1 740
3 137 985 847
1 142
2 249 687
2 898 944
2 349 578
3 134 541 684
1 496
2 351 509
1 406
5 105 133 317 391 887
1 564
1 492
2 493 981
2 88 192
2 507 622
1 201
1 551
3 162 396 977
1 755
1 107
3 368 733 690
2 915 834
1 539
1 303
3 282 289 311
1 558
2 771 865
2 679 706
1 467
2 491 509
1 727
2 50 544
2 949 801
2 603 832
2 57 516
4 36 202 475 750
1 315
1 435
2 167 935
2 324 765
1 117
1 789
3 170 238 402
1 108
3 200 444 742
2 557 905
2 282 425
1 351
3 386 545 661
1 155
4 0 264 341 819
1 661
2 111 962
2 449 779
4 220 346 450 825
2 168 695
2 21 931
1 132
1 421
3 44 420 460
1 903
4 34 416 728 952
2 151 319
3 201 414 962
2 192 787
1 272
2 11 752
1 231
1 817
2 158 568
2 942 971
4 239 389 713 963
5 245 366 637 640 948
2 495 973
1 467
3 219 314 872
1 503
1 402
4 155 393 451 796
2 211 990
2 183 676
1 0
1 260
2 140 246
2 337 947
2 514 528
1 757
1 669
4 6 22 97 417
3 286 372 934
3 468 616 946
2 511 922
1 393
1 340
1 267
1 594
1 417
2 8 961
1 591
1 836
2 80 142
2 87 609
2 64 821
3 358 757 774
3 563 695 753
2 70 829
5 209 461 644 693 969
1 240
3 67 105 336
4 110 223 828 869
2 106 903
1 400
2 18 218
2 527 549
2 160 374
3 184 385 510
1 784
2 616 789
1 813
2 45 365
1 320
2 552 899
1 167
2 501 976
1 660
4 4 437 441 577
1 354
2 1 65
1 319
2 93 912
1 583
3 498 817 934
1 726
3 195 345 803
3 253 390 936
1 19
2 78 586
4 437 581 721 911
2 352 619
3 462 650 762
1 748
1 180
2 15 964
1 44
3 108 555 609
3 76 287 519
4 79 169 203 521
1 14
1 542
2 92 954
4 25 554 810 837
4 157 299 527 588
2 427 777
1 633
1 137
3 538 584 764
3 32 772 790
2 229 338
2 74 929
2 230 729
1 941
4 52 540 624 807
2 352 885
2 448 655
5 159 418 693 838 877
3 399 911 832
2 555 607
2 248 403
2 675 692
3 409 412 881
3 131 174 403
2 343 567
2 546 984
4 136 284 489 728
1 908
4 744 845 848 783
4 371 479 628 994
1 322
1 210
3 302 433 880
1 19
1 302
3 200 615 971
2 486 745
2 326 363
1 692
2 247 996
1 782
2 407 741
2 320 348
1 642
3 123 195 342
3 497 804 853
6 53 188 220 290 776 883
1 764
3 187 199 705
1 409
1 986
1 653
1 843
2 630 706
2 184 745
1 851
1 418
6 17 75 363 392 445 535
3 10 329 503
1 560
2 425 667
1 907
1 2
1 969
1 373
3 448 621 812
2 66 855
2 276 722
2 469 781
1 326
2 282 550
2 99 750
4 42 959 875 989
3 124 195 879
1 739
1 847
1 801
3 302 455 707
1 422
7 98 122 310 399 474 908 873
1 841
2 657 720
1 242
3 304 581 639
3 51 312 917
2 578 691
2 55 175
1 17
1 140
4 94 207 353 643
2 101 480
2 305 950
2 698 949
2 412 694
2 9 242
1 231
2 622 754
1 956
4 127 149 479 610
3 53 139 381
2 231 688
1 739
1 753
2 367 981
1 869
4 115 152 325 816
2 344 876
3 234 361 788
2 106 443
2 34 764
1 564
3 548 589 811
2 285 764
1 337
2 125 243
3 451 576 791
3 49 370 406
1 781
3 179 582 886
7 29 189 274 351 482 541 802
2 359 431
2 63 310
2 234 903
2 342 900
4 217 377 467 562
1 519
1 338
2 143 266
1 980
1 615
1 539
1 946
1 434
3 383 698 840
1 587
2 215 268
5 154 241 322 664 897
1 815
1 929
2 10 808
1 842
2 533 753
2 69 313
4 246 453 809 956
1 768
1 758
1 425
1 782
1 520
2 751 975
2 854 928
1 598
1 40
1 997
1 923
2 31 330
1 896
2 205 350
2 282 395
1 435
3 14 253 892
3 82 872 935
2 515 592
1 710
1 859
2 451 537
1 408
4 254 649 699 858
2 122 998
2 266 634
2 182 328
2 296 797
2 763 815
1 227
1 346
2 726 754
1 718
1 99
2 551 955
3 223 610 947
1 454
1 820
1 240
1 262
1 455
1 78
1 680
4 129 163 319 890
2 43 85
1 527
1 521
3 206 292 587
3 2 4 886
2 747 874
1 445
1 645
1 143
2 496 964
3 556 678 720
3 263 627 897
2 319 723
1 965
1 157
1 119
2 404 522
2 458 749
4 129 413 555 659
2 40 231
1 592
1 346
4 58 430 679 867
2 673 915
1 661
4 410 621 828 991
1 827
2 558 583
1 650
1 203
3 289 347 738
3 470 545 914
2 833 879
2 169 527
3 127 292 517
4 180 446 808 967
3 30 357 982
2 541 686
2 641 652
3 90 165 660
5 20 501 731 933 970
4 433 464 937 982
3 320 360 379
1 959
3 340 387 498
2 695 799
4 309 964 983 995
3 495 659 771
1 423
1 662
1 505
6 139 259 291 429 487 885
3 21 434 712
1 606
1 250
4 1 147 233 243
2 399 864
4 73 153 601 839
2 960 965
3 300 502 970
3 186 226 761
1 589
2 557 786
2 303 494
3 100 243 456
2 22 808
2 339 668
2 949 997
3 183 292 560
1 397
1 765
4 48 102 279 970
4 44 226 548 775
4 148 369 889 991
2 579 904
2 466 539
