600
1 105
2 14 47
1 409
3 311 496 184
2 477 523
1 222
1 137
3 536 124 444
1 441
1 427
3 464 118 438
2 575 236
3 584 294 385
3 409 205 589
2 1 118
2 336 446
1 124
2 311 246
1 313
3 63 243 512
1 449
1 371
4 298 531 307 564
1 212
1 485
6 596 387 101 70 442 317
2 81 429
2 327 319
2 328 180
2 595 206
2 510 114
1 367
1 452
4 500 473 118 304
3 125 45 44
2 132 370
2 323 334
2 114 230
3 139 161 274
1 96
1 514
2 418 181
2 185 423
4 288 251 212 526
1 34
2 34 213
3 553 151 439
1 1
3 338 268 537
1 276
1 417
1 355
1 283
1 574
4 111 128 435 189
1 493
1 304
2 409 172
1 489
2 484 549
1 494
2 117 595
3 353 423 80
4 19 425 97 506
4 248 147 191 360
3 443 207 377
1 424
3 309 157 382
2 240 504
1 223
2 25 375
1 203
3 542 108 489
2 571 499
1 128
2 563 555
1 248
1 353
1 289
3 500 583 269
1 62
2 26 597
2 499 105
1 389
2 227 504
1 522
2 253 395
1 346
2 555 127
1 223
2 137 574
2 318 308
2 373 431
2 384 312
1 376
1 229
2 39 233
1 63
1 101
1 264
3 141 592 404
4 25 98 428 475
1 341
1 588
2 473 146
3 0 82 289
1 119
5 147 355 150 391 164
1 72
1 190
3 198 262 137
5 54 465 378 140 134
2 390 357
2 185 371
2 30 37
2 195 556
1 493
1 61
6 10 14 33 275 421 149
4 106 463 196 234
2 242 403
1 235
1 206
1 515
3 7 16 427
2 34 401
2 473 383
1 88
2 54 74
3 150 424 551
1 234
2 596 588
2 35 545
1 244
2 111 450
5 213 393 497 564 501
1 265
3 6 90 110
1 376
3 38 236 397
3 111 422 552
3 100 146 522
2 290 496
4 398 219 200 324
1 468
2 185 347
3 104 141 585
2 64 107
2 536 437
1 118
3 107 129 197
3 46 291 293
1 583
2 337 304
1 560
5 413 330 213 278 170
2 323 228
1 67
2 241 392
1 512
1 195
1 38
1 595
1 181
1 107
1 410
3 253 299 333
2 473 291
3 583 174 280
3 556 592 571
1 155
1 327
2 57 543
2 587 254
1 168
2 343 238
1 177
2 176 578
2 514 489
1 526
2 28 401
2 41 163
1 353
4 561 555 389 434
1 3
5 42 113 145 462 522
1 275
1 374
1 504
1 54
2 109 477
1 64
2 423 267
3 405 508 216
2 516 450
3 115 160 590
3 119 576 412
4 150 263 241 458
2 110 505
4 383 546 253 566
2 143 471
2 349 223
3 512 379 351
3 71 440 453
1 493
1 13
2 29 122
3 65 419 231
1 513
1 274
1 429
2 398 339
3 23 43 361
4 45 135 155 510
1 461
1 410
1 193
1 515
1 500
1 143
1 520
1 428
2 5 380
5 69 89 201 576 318
1 246
1 397
1 437
2 84 353
1 156
2 95 321
2 37 593
2 207 255
3 586 455 489
4 96 311 330 426
4 119 130 376 402
3 121 352 510
4 11 139 266 470
1 569
3 175 243 563
2 390 313
1 68
4 158 197 414 409
1 120
4 19 238 341 387
3 133 338 386
3 488 264 252
3 17 224 580
1 447
3 64 76 282
1 583
2 328 513
3 43 584 519
3 245 535 372
3 86 166 199
1 173
2 231 306
1 506
2 378 323
1 299
1 481
1 383
2 509 540
2 110 271
2 197 562
3 99 245 387
2 136 421
1 236
2 192 599
4 48 515 400 365
4 79 483 305 276
1 570
1 262
1 489
1 371
2 38 209
2 118 186
2 49 269
2 499 461
2 155 494
1 512
1 168
1 341
1 248
2 52 466
1 583
2 579 399
2 350 558
1 472
4 43 344 436 576
2 78 105
1 142
4 151 167 575 432
1 587
1 151
2 12 582
1 356
1 351
1 428
2 22 411
2 166 258
1 406
3 309 326 538
2 323 370
1 571
3 33 56 153
3 269 340 528
1 255
1 22
2 91 406
2 67 301
1 334
3 3 17 233
1 93
2 18 239
1 540
3 518 599 363
1 452
2 25 445
3 91 223 367
3 27 380 570
1 459
2 229 596
2 550 358
5 36 156 257 302 430
1 143
1 446
4 301 443 563 456
3 27 171 559
2 28 250
2 592 478
2 155 233
1 515
1 420
3 166 354 507
2 36 310
1 458
2 15 395
1 153
2 48 244
1 211
1 305
4 102 243 281 509
2 492 349
2 175 598
1 288
1 439
3 87 521 556
2 145 415
2 538 565
2 201 342
1 286
2 202 296
1 235
5 62 77 182 227 530
1 333
2 51 107
2 295 369
1 112
1 322
1 456
1 64
3 212 443 417
2 551 499
1 315
2 465 517
1 268
1 440
2 31 318
2 569 481
2 356 498
2 35 302
4 21 113 273 452
1 252
2 92 560
2 187 461
1 70
3 94 138 234
1 65
3 111 257 448
1 202
3 222 319 398
1 398
2 67 573
4 126 199 260 493
2 93 421
2 12 557
1 244
3 25 243 264
1 541
2 83 183
3 112 239 573
2 107 474
1 158
1 135
1 491
2 86 336
2 563 579
4 139 225 433 574
5 143 211 380 381 568
2 285 581
1 268
3 125 180 522
1 234
2 120 590
2 100 408
2 193 567
2 300 308
1 457
1 404
4 2 13 57 241
3 165 215 559
2 298 554
1 196
1 155
1 241
1 347
1 501
2 50 361
2 41 492
3 207 457 467
3 332 421 454
5 118 265 384 420 577
1 140
3 42 62 192
4 66 129 495 520
2 63 541
1 233
2 9 124
3 101 221 297
2 26 210
2 323 539
1 92
2 291 584
1 397
1 183
2 54 548
3 288 491 559
3 148 226 561
1 10
2 46 345
2 203 366
2 8 575
1 25
3 65 326 361
1 7
1 317
4 15 325 486 502
2 247 470
1 378
3 20 466 475
2 134 194
1 562
4 32 316 371 484
2 203 529
2 420 525
3 232 547 498
2 326 359
2 407 419
2 197 335
2 320 588
1 544
4 214 277 374 594
1 185
1 119
1 10
3 111 364 579
2 283 449
1 419
2 144 596
1 473
2 236 447
1 200
3 287 483 511
6 33 104 126 167 469 527
1 391
2 101 449
1 509
2 4 190
1 329
1 543
1 577
3 259 368 487
1 512
2 269 472
2 59 452
4 24 572 523 589
1 446
1 481
1 245
6 58 72 178 232 272 544
1 504
2 394 436
2 342 418
4 55 116 204 383
2 60 278
2 424 569
2 3 142
1 135
2 369 455
4 73 82 277 362
3 33 79 218
2 135 416
1 446
1 520
4 68 84 188 490
2 198 524
2 63 256
1 333
1 193
3 261 341 476
3 30 213 235
1 472
5 19 159 202 279 482
2 208 250
2 40 178
4 123 217 268 331
1 194
1 364
1 315
1 251
3 220 424 503
1 346
5 85 141 185 401 537
2 4 485
1 505
1 454
2 43 179
1 473
1 305
2 453 583
1 353
1 22
1 597
1 555
1 536
1 252
3 7 148 534
3 48 522 560
2 301 348
1 430
2 261 314
2 388 425
2 72 598
2 172 479
2 460 489
1 132
1 199
1 455
1 435
1 59
2 322 570
3 129 362 567
1 140
1 46
1 411
4 75 88 183 533
3 115 169 346
1 385
2 286 575
3 327 410 436
3 154 373 537
2 183 437
2 263 451
4 75 238 326 396
2 22 135
1 348
1 199
2 405 551
1 398
4 237 368 495 591
3 270 319 550
3 73 169 303
1 485
2 382 390
3 53 90 397
5 11 291 441 558 578
3 196 223 288
2 421 480
4 177 575 587 595
3 285 396 465
1 246
1 399
1 294
6 79 152 168 249 284 529
3 12 251 432
1 146
1 232
3 173 292 578
3 103 131 459
2 13 485
2 195 403
2 569 597
3 100 169 329
1 230
1 461
4 29 61 162 578
4 25 131 321 468
3 81 532 591
2 343 542
2 267 315
