1000
1 942
2 343 253
3 287 884 406
4 378 943 399 714
1 784
2 840 397
4 265 827 373 440
2 654 113
3 884 108 564
2 227 691
1 142
2 246 218
1 714
2 61 580
3 944 711 516
1 809
2 32 900
3 75 381 494
1 203
2 880 403
1 807
3 437 793 601
2 25 715
2 709 720
2 770 874
3 22 112 366
3 810 225 309
5 851 585 474 544 933
2 706 691
2 73 400
6 653 574 157 143 837 286
2 524 722
5 16 445 330 104 268
1 632
1 444
2 485 471
1 903
3 366 860 257
3 836 932 743
1 869
3 538 589 430
2 444 198
4 591 523 911 797
3 93 607 221
2 46 683
6 694 321 973 256 840 198
2 44 551
1 694
3 921 430 76
2 678 985
1 849
2 606 237
1 428
3 785 972 233
3 243 154 146
2 408 829
3 955 643 79
1 891
2 504 952
1 469
1 906
3 13 344 831
1 992
1 400
1 435
2 314 139
1 473
2 436 821
2 761 325
2 418 801
1 329
1 376
2 926 598
1 29
2 548 366
3 17 181 165
3 48 529 811
3 424 205 722
3 212 237 852
4 56 422 441 895
1 967
2 878 942
3 584 565 267
2 612 516
1 692
4 162 794 913 915
1 422
3 333 588 98
3 461 168 602
2 432 609
2 792 771
1 455
2 793 573
2 43 959
1 640
2 261 742
2 188 910
1 911
1 87
1 934
1 406
3 478 848 354
1 253
1 617
3 32 462 288
3 417 197 474
2 405 419
2 682 569
3 8 624 308
1 112
2 394 216
1 328
3 25 109 228
4 7 795 249 427
1 945
3 685 501 856
1 213
3 851 531 919
1 293
2 153 364
3 860 905 995
2 300 802
3 949 494 549
1 801
4 489 603 520 260
2 243 489
1 139
3 725 439 690
1 719
3 172 139 692
4 865 839 311 481
2 810 233
1 402
2 591 826
2 945 902
2 723 523
1 216
3 200 229 799
1 478
4 65 126 129 635
1 346
1 797
2 10 910
3 30 352 189
1 417
2 826 815
1 54
2 741 172
1 566
3 497 259 337
1 633
1 798
3 787 235 526
5 119 316 670 842 593
3 54 192 464
1 614
2 694 315
2 30 668
1 731
1 365
1 727
1 273
3 85 591 514
3 271 851 185
1 994
2 75 282
2 522 557
1 459
2 88 600
5 436 961 750 367 298
2 456 381
1 664
2 129 147
2 930 465
3 894 186 231
2 837 350
1 859
3 777 758 386
2 725 817
1 293
2 390 602
2 75 658
2 648 639
3 261 199 563
1 284
1 163
3 174 915 263
2 834 878
3 96 347 791
1 143
2 630 971
2 544 928
2 154 754
1 706
1 706
2 949 666
1 780
1 105
4 41 45 620 793
3 183 699 581
2 137 687
1 353
1 506
3 18 491 901
1 974
2 77 291
2 809 479
2 990 951
1 738
2 376 823
1 555
1 871
1 78
2 116 741
2 349 994
4 700 381 648 988
2 110 136
2 269 373
1 11
2 776 261
2 490 884
1 43
1 877
2 724 578
1 241
2 26 507
1 880
1 9
1 112
2 137 425
2 967 457
1 174
3 989 945 264
4 53 131 774 477
3 294 573 275
1 152
3 357 925 738
3 51 78 487
3 867 475 939
2 853 877
1 441
3 224 418 572
2 662 711
2 54 125
2 513 387
1 804
2 11 776
2 625 684
1 643
3 113 523 500
1 608
1 649
2 741 387
3 1 102 864
1 759
3 857 568 907
1 45
2 37 680
3 372 926 400
2 149 944
1 124
5 95 183 219 433 575
2 670 353
2 186 408
1 232
2 6 421
1 424
5 82 701 749 349 392
1 32
1 217
2 728 397
1 163
4 930 734 897 986
3 161 892 967
2 388 501
1 234
2 733 896
3 976 830 907
2 646 567
1 339
2 514 324
3 320 341 737
1 165
2 366 629
2 184 542
1 519
2 30 301
3 2 598 970
2 104 940
3 778 913 401
1 449
1 205
1 834
3 118 179 813
1 234
2 740 906
1 342
1 523
1 169
2 425 866
2 121 896
2 286 962
3 408 602 655
2 809 632
3 603 864 786
1 760
1 911
1 561
1 108
1 26
1 728
2 130 996
2 433 790
1 583
2 65 348
1 156
2 153 932
1 473
1 614
1 992
2 281 936
3 45 470 553
1 459
1 797
1 280
2 68 697
1 867
2 906 664
2 111 359
4 70 647 501 934
3 32 675 991
1 935
1 508
3 87 689 485
2 734 935
1 983
1 681
1 149
1 445
2 279 586
1 878
4 281 411 854 413
3 296 829 423
2 1 638
2 61 918
1 531
2 140 988
1 188
2 314 631
2 214 267
2 175 412
2 448 861
4 143 767 583 883
4 201 262 555 606
2 101 442
1 402
3 845 922 585
4 236 975 899 771
1 869
3 328 929 582
1 757
1 647
3 426 433 640
1 770
1 119
2 159 531
4 25 37 74 283
1 169
1 893
1 768
1 803
1 697
4 258 671 523 651
2 6 217
1 522
1 431
2 71 209
1 450
1 3
1 859
2 862 682
4 17 170 215 984
1 596
4 865 587 673 746
2 473 438
2 721 496
1 177
2 244 252
2 274 396
4 739 948 824 621
1 180
2 827 866
2 267 409
1 945
3 110 704 914
3 866 576 705
2 388 870
2 5 270
2 454 719
1 3
3 29 63 258
1 289
5 132 355 756 555 769
1 19
1 994
4 106 885 619 755
3 2 100 766
1 826
4 55 263 302 744
1 392
2 462 785
2 341 555
1 350
1 341
3 905 887 428
1 575
1 560
2 105 144
3 69 241 608
1 106
1 634
1 265
2 79 86
1 342
8 77 266 850 841 474 972 950 615
6 229 299 506 646 458 542
1 362
1 113
3 52 414 879
2 570 691
4 40 48 618 730
3 375 844 996
1 89
4 261 312 362 716
4 759 596 944 446
2 64 533
3 67 169 848
2 21 706
2 384 840
2 127 522
1 6
2 79 240
3 354 978 556
1 828
3 34 41 981
3 32 338 953
2 434 536
1 920
2 351 813
2 290 825
2 377 671
1 700
2 617 996
2 721 762
5 398 589 828 773 747
2 91 985
1 170
1 230
3 425 548 595
3 167 322 907
2 937 672
1 88
2 104 410
2 999 810
1 154
1 173
1 936
2 535 484
2 574 993
3 59 503 509
1 321
1 35
1 564
3 66 317 384
5 27 105 424 929 736
3 238 970 904
1 920
1 233
2 101 138
2 206 766
2 945 946
1 130
1 638
1 816
1 467
3 35 333 946
2 735 716
1 237
2 630 782
3 124 125 696
1 220
3 203 924 528
1 772
1 942
3 17 122 590
1 722
2 385 869
1 149
2 573 729
1 555
2 249 985
4 115 274 329 920
1 732
2 469 751
3 58 598 825
2 981 727
3 202 425 610
2 225 822
2 332 785
1 469
3 681 712 514
1 524
1 900
1 244
3 162 280 510
1 664
5 14 83 770 912 846
2 875 859
1 690
2 285 764
1 124
2 757 858
3 166 374 439
6 42 135 249 297 372 737
2 31 511
1 746
3 152 997 859
1 965
2 491 863
1 76
1 903
3 117 345 365
2 782 902
3 435 647 996
2 674 599
2 467 949
1 446
1 970
1 40
2 881 992
1 980
1 779
2 284 425
3 574 876 796
2 27 191
2 637 641
3 955 807 631
1 728
3 74 458 820
1 122
1 799
1 46
1 606
1 321
1 637
5 210 353 402 411 499
2 442 595
1 166
1 823
2 973 607
3 416 623 849
2 307 906
1 773
1 183
2 8 472
1 82
2 148 792
3 278 824 572
1 255
2 107 644
1 429
1 941
3 241 567 752
3 92 234 498
3 30 468 543
3 261 415 669
1 395
1 990
2 223 610
1 812
1 13
2 199 622
2 359 626
2 313 352
2 82 609
3 27 356 998
2 339 920
1 383
1 87
4 40 454 886 830
2 494 927
5 42 133 162 806 788
2 686 917
1 153
1 798
4 458 556 616 695
2 382 434
2 726 945
4 72 287 504 752
1 534
1 168
1 21
3 88 180 302
3 124 304 609
1 972
1 795
4 51 353 552 628
2 43 559
3 250 418 679
5 89 584 603 778 847
3 506 578 963
1 853
1 83
1 988
4 155 318 957 895
1 424
1 595
2 103 452
1 430
1 405
1 198
2 389 676
2 581 780
2 560 690
1 108
3 247 727 908
1 582
1 776
1 606
1 283
2 190 488
2 348 546
2 33 303
2 150 728
2 420 749
3 139 785 931
1 933
3 545 554 979
2 343 482
1 182
2 94 362
1 545
2 708 816
3 56 248 814
1 569
1 784
3 278 425 871
4 329 361 533 868
3 182 215 992
2 251 802
1 788
1 372
1 925
1 30
1 7
1 302
2 951 888
2 902 685
3 181 683 772
2 702 793
1 753
1 774
2 242 941
3 826 990 823
5 171 327 515 753 764
1 766
1 195
1 744
1 157
3 575 748 812
3 153 262 725
2 372 450
2 460 728
2 383 924
2 534 921
1 330
1 621
1 993
1 49
1 608
1 257
2 336 510
2 107 380
3 44 658 931
1 247
2 115 657
4 592 890 693 967
2 200 789
2 943 906
1 333
3 127 518 623
3 9 28 429
2 84 129
1 686
3 45 47 156
1 595
1 489
3 325 371 978
1 806
2 199 783
2 215 451
1 267
1 659
1 911
2 394 934
1 395
4 28 193 194 437
2 822 838
1 642
2 23 871
1 967
2 14 242
1 510
1 942
3 3 12 751
1 22
4 433 486 960 820
1 881
1 918
3 128 398 977
1 23
4 385 453 814 800
4 31 77 495 915
1 135
1 223
3 127 178 670
3 597 952 983
3 160 505 625
5 270 310 547 633 672
1 498
1 430
2 158 930
2 502 892
1 276
2 272 334
1 486
1 474
2 281 523
4 208 236 779 892
2 389 878
2 295 968
3 147 213 252
1 95
1 38
2 408 667
1 773
2 383 525
1 454
1 669
3 267 634 910
1 169
2 503 714
2 572 598
5 660 664 862 826 781
1 192
1 405
1 402
3 360 521 760
2 177 954
2 254 434
3 305 757 873
1 68
2 453 872
1 873
3 519 664 909
1 799
3 406 479 665
4 352 894 779 958
3 369 987 984
1 402
4 24 363 516 784
2 90 357
3 492 658 966
3 454 562 745
2 233 661
1 870
3 219 246 627
2 177 784
3 289 609 938
3 541 738 767
2 196 622
1 753
2 488 532
1 699
4 4 645 770 777
5 53 410 508 635 923
1 304
1 152
2 591 650
3 687 916 947
1 312
1 188
2 90 566
8 21 92 198 659 935 896 846 964
1 85
3 113 605 880
1 543
4 42 141 323 833
3 151 594 910
3 137 550 765
1 721
2 69 123
2 121 649
3 370 917 974
2 245 892
1 930
3 591 698 835
2 20 546
1 876
3 15 206 303
4 26 131 463 828
1 76
4 579 669 981 882
3 293 448 818
2 643 721
1 145
4 483 642 901 843
1 178
1 813
1 991
2 548 716
1 67
2 507 707
3 209 558 663
2 389 567
2 449 504
5 133 145 407 663 753
3 6 391 903
3 443 454 810
2 55 342
2 277 589
1 61
1 945
2 797 861
2 187 292
2 806 889
2 38 898
2 30 175
1 707
1 130
3 5 45 438
2 424 885
2 153 891
1 816
1 431
1 356
2 516 793
2 609 893
2 101 436
2 50 560
1 424
3 27 117 163
1 78
3 239 611 947
1 341
1 896
1 115
1 255
1 521
4 176 379 517 526
2 37 120
2 351 833
2 380 753
1 528
2 253 304
2 130 383
3 299 391 395
2 238 326
1 647
3 39 358 496
2 396 775
3 211 646 709
1 762
4 760 763 982 899
1 24
1 517
2 543 808
2 222 239
4 81 187 340 739
2 428 969
3 19 226 795
2 539 717
1 812
1 352
3 2 8 220
2 405 841
1 589
1 414
1 656
1 835
1 686
2 57 842
4 273 732 738 804
2 368 847
2 174 767
2 79 614
4 276 300 793 855
1 272
1 836
2 357 873
2 16 512
2 203 816
3 134 532 657
3 36 530 827
1 475
2 120 414
5 60 295 327 561 688
4 255 277 459 979
1 625
1 764
4 96 142 749 798
4 42 97 306 703
1 516
2 85 289
1 394
3 85 186 722
1 789
2 592 803
3 344 718 994
1 117
4 447 476 501 586
2 48 674
1 356
1 785
2 491 673
2 236 652
2 72 258
1 590
1 191
2 359 474
4 173 272 731 805
3 635 683 997
2 38 316
2 27 636
3 99 329 704
4 331 334 793 980
2 320 466
1 460
1 778
1 238
1 288
2 571 662
4 0 81 493 713
3 3 688 965
3 14 259 434
7 114 134 232 393 480 597 832
2 480 485
2 789 853
1 389
3 122 195 535
1 424
2 207 656
2 58 726
1 445
1 758
2 56 546
1 995
1 614
1 767
1 93
1 716
1 169
1 301
1 610
1 793
2 527 943
1 772
5 80 230 273 686 710
1 740
1 879
3 287 475 537
1 190
3 53 424 604
2 45 559
2 204 803
1 357
1 277
1 719
2 442 697
2 637 907
2 540 935
3 444 505 812
1 873
2 335 726
2 381 768
3 49 455 500
1 272
1 768
3 215 346 613
1 232
3 207 577 663
2 330 819
4 62 319 539 648
2 468 677
4 164 214 404 918
2 120 956
4 311 431 452 533
2 526 931
1 585
1 463
