600
2 209 151
3 171 531 249
4 231 567 242 431
2 396 65
3 531 63 342
1 83
1 431
2 34 352
1 486
2 18 541
3 42 234 297
2 529 246
1 484
3 487 135 190
5 514 356 286 330 561
2 40 243
6 395 349 94 84 507 170
2 319 434
5 9 269 201 59 160
1 382
3 326 357 265
4 358 318 547 478
2 23 416
2 22 334
3 553 265 43
2 413 592
1 370
3 469 582 140
3 145 93 87
2 251 500
2 574 389
2 303 572
1 284
1 543
3 7 210 502
1 243
2 192 81
2 258 480
1 229
2 557 364
1 15
1 333
3 10 110 100
3 24 322 488
3 262 123 434
1 579
2 528 566
3 355 343 159
1 419
4 97 475 548 549
3 278 102 366
2 266 372
2 474 462
1 274
2 115 546
1 547
1 249
2 289 219
1 151
3 18 279 172
3 257 119 286
2 248 259
2 415 347
3 4 378 189
1 200
4 3 476 148 264
1 568
1 130
3 514 323 552
1 177
1 297
1 480
4 293 367 316 154
2 145 293
1 81
1 433
3 104 81 419
2 487 140
1 245
2 358 498
2 435 318
4 36 74 76 384
1 478
2 5 546
3 16 217 116
1 257
2 498 490
1 28
2 444 104
1 344
1 479
3 471 141 320
4 193 407 510 360
3 28 118 281
2 16 406
1 225
1 162
3 49 358 312
3 161 514 112
1 596
2 42 167
1 277
2 50 365
1 403
2 76 88
3 539 113 138
2 507 215
1 518
1 177
2 237 366
2 42 399
1 168
1 98
3 105 549 156
2 505 528
3 54 212 473
1 84
2 330 558
2 93 452
1 60
1 218
1 304
1 583
2 44 175
2 486 290
2 593 571
1 441
2 229 495
1 337
1 524
2 67 444
2 214 596
1 234
2 294 531
1 144
2 13 305
1 529
2 579 275
1 105
2 568 157
4 27 77 465 288
1 91
3 222 556 441
3 523 287 564
3 134 258 348
2 28 73
2 311 235
1 482
3 65 318 300
1 371
2 444 235
3 0 58 521
3 516 346 544
3 228 557 243
1 72
2 407 218
2 113 251
1 139
1 262
5 47 424 448 214 238
1 18
1 98
3 96 537 579
3 585 501 544
2 391 345
2 312 197
3 194 207 440
1 100
2 111 328
1 315
2 16 182
3 1 364 581
2 59 565
3 466 548 244
1 271
1 123
1 505
3 69 108 489
2 443 543
1 208
1 318
2 263 522
2 170 576
3 251 366 397
2 486 382
3 367 521 470
1 456
1 547
1 340
1 63
1 13
1 354
2 36 213
1 92
2 166 562
1 277
1 478
1 165
1 523
2 543 403
2 64 223
3 18 410 594
1 306
1 590
1 414
1 269
1 528
4 166 254 515 256
3 179 500 261
2 0 387
2 34 551
1 323
1 115
2 192 381
2 131 159
2 106 255
2 270 519
4 84 460 354 530
4 120 155 337 370
2 57 267
1 245
3 511 554 356
4 142 584 540 462
3 200 559 353
1 455
2 95 323
1 538
1 481
4 153 408 318 393
2 38 127
1 272
1 2
1 518
2 520 415
3 10 132 591
2 146 150
4 442 569 496 377
1 109
2 159 252
1 568
2 522 350
2 273 433
1 2
3 15 35 153
1 173
5 78 220 454 337 461
1 11
1 596
4 61 532 376 453
3 1 56 459
1 498
4 29 156 183 445
1 238
2 279 469
2 207 337
1 215
1 207
2 60 85
3 37 144 371
1 61
1 383
1 208
8 44 158 513 509 286 582 570 373
5 181 304 391 276 328
1 65
3 20 24 375
1 51
3 219 587 338
1 499
3 18 205 573
2 216 489
2 174 497
2 230 408
5 241 357 499 464 447
2 53 592
1 137
3 263 333 362
3 101 195 544
1 50
2 59 253
2 599 487
1 93
1 562
2 349 595
3 32 302 307
1 342
5 14 60 262 559 439
3 143 581 542
1 140
1 57
2 124 459
1 568
1 387
3 72 73 422
1 133
1 463
1 566
2 10 70
1 434
1 337
2 148 592
1 438
2 284 449
3 31 364 497
2 121 263
2 135 494
2 202 469
1 284
3 414 429 312
1 319
1 541
1 146
3 97 165 308
1 403
2 526 518
2 169 458
1 72
2 455 517
6 21 80 148 180 228 440
2 17 309
3 91 597 518
1 577
1 43
3 68 211 225
1 409
1 581
1 20
1 467
2 168 263
3 349 527 477
2 14 117
2 386 388
3 574 484 381
3 41 276 493
1 23
1 370
1 386
5 128 218 245 254 299
2 267 362
1 495
2 188 543
1 464
2 4 285
1 47
2 89 474
3 164 496 348
1 152
2 62 390
3 144 345 450
3 16 283 329
1 240
1 593
1 7
2 223 379
2 191 217
2 47 372
3 14 221 598
4 20 273 533 501
5 21 79 97 483 472
2 417 550
1 92
1 479
4 276 338 374 421
2 437 568
4 39 171 303 450
1 102
3 50 109 183
3 72 185 372
1 582
1 476
4 26 218 335 380
2 149 258
5 51 355 367 466 512
1 262
1 362
1 265
1 248
2 236 411
1 63
1 353
1 370
2 213 332
2 19 184
2 260 448
3 81 469 560
1 561
3 331 336 588
2 209 292
1 331
1 30
1 347
3 164 263 524
1 472
1 228
1 556
1 16
1 3
1 183
2 571 534
3 110 416 463
1 451
1 465
3 498 593 495
5 103 199 313 451 458
1 459
1 445
1 94
3 92 155 436
2 228 272
2 324 553
1 201
1 377
1 595
1 25
2 204 308
2 62 233
3 22 399 560
4 359 536 420 579
2 567 543
2 48 76
1 417
1 362
1 293
1 483
1 159
1 547
2 494 508
1 524
1 579
1 308
1 566
3 2 6 449
1 551
3 75 241 586
4 17 44 298 549
1 80
1 407
3 363 572 590
2 301 537
1 286
2 166 318
4 126 142 467 537
2 236 528
2 178 580
3 88 130 150
2 251 405
1 464
1 273
3 159 383 546
2 302 431
2 348 364
5 400 403 520 498 468
1 118
1 248
1 245
3 224 317 456
3 186 455 525
1 525
3 315 403 545
3 249 290 404
4 217 539 467 575
1 245
2 52 222
3 295 399 578
3 273 341 446
2 140 401
3 173 372 563
3 327 441 460
1 451
5 27 253 306 384 555
1 185
1 91
2 358 392
1 115
2 52 344
1 49
3 65 369 529
1 329
4 21 82 196 504
3 90 361 546
2 37 71
3 227 550 583
2 147 537
3 358 423 506
2 12 332
1 527
3 8 124 184
4 13 77 280 499
1 43
3 177 270 491
1 86
1 489
1 594
1 333
2 305 426
3 127 339 402
2 236 345
2 271 303
5 79 86 250 402 451
3 268 273 487
2 29 208
2 163 357
1 34
1 568
2 478 519
2 114 176
2 483 535
2 16 106
1 426
2 262 532
1 92
1 221
2 372 538
1 262
3 14 68 98
1 207
1 152
1 317
4 107 232 314 320
2 216 504
2 233 451
2 151 185
2 181 240
2 143 198
3 129 391 427
4 456 457 589 540
1 314
2 329 485
4 46 114 206 442
3 11 136 476
1 217
3 1 4 133
2 248 509
1 357
1 398
1 506
1 417
4 162 438 441 482
2 226 512
2 105 460
2 222 525
2 9 310
1 287
5 33 178 199 340 418
4 152 163 277 588
1 458
4 54 83 448 479
4 21 55 187 425
2 49 173
3 49 113 434
2 359 481
3 210 432 596
1 68
2 24 409
1 221
1 469
2 142 394
2 39 153
1 117
2 223 286
3 384 416 597
2 14 385
2 194 282
1 466
1 143
1 172
3 46 296 430
3 2 418 577
6 66 139 239 291 363 503
1 236
1 262
2 125 398
2 31 437
1 269
2 30 332
1 460
1 182
2 321 567
1 463
5 45 137 162 417 428
1 443
3 171 287 325
3 27 262 368
2 122 481
1 222
1 163
1 433
1 267
2 386 544
1 525
2 203 437
1 234
3 25 274 300
3 125 351 402
2 201 492
2 283 412
4 99 131 247 551
2 320 560
1 356
1 280
