100
2 4 87
2 79 30
4 61 49 59 92
2 57 73
5 0 45 33 11 27
2 6 70
2 60 5
3 77 96 24
2 31 16
3 43 23 73
1 71
3 4 47 28
2 40 42
1 16
3 19 16 71
2 79 24
4 8 66 13 14
1 19
3 58 78 25
2 14 17
1 84
1 67
1 59
2 9 29
4 7 15 76 50
1 18
1 43
1 4
2 11 93
1 23
1 1
2 8 36
1 37
3 4 69 97
1 53
1 45
1 31
2 32 90
1 84
2 72 46
4 12 65 74 86
2 77 47
1 12
8 9 64 26 82 83 49 96 94
1 81
3 4 35 95
3 62 81 39
2 11 41
2 79 99
3 2 90 43
1 24
1 75
1 73
2 77 34
1 57
1 87
2 85 84
2 3 54
3 18 98 84
2 2 22
1 6
1 2
1 46
1 96
1 43
1 40
3 77 91 16
3 21 70 75
1 76
1 33
3 5 67 91
2 10 14
1 39
4 3 9 88 52
1 40
2 67 51
2 68 24
5 7 66 89 53 41
1 18
4 1 15 81 48
1 97
3 79 46 44
2 43 86
1 43
4 56 58 20 38
1 56
2 82 40
2 55 0
1 73
1 77
2 37 49
3 66 70 98
1 2
1 28
1 43
1 45
3 7 63 43
2 80 33
2 58 91
1 48
