1000
3 674 469 677
2 793 415
3 308 390 459
2 176 15
2 73 723
3 160 236 943
1 908
1 255
3 617 856 527
2 26 886
1 261
3 850 277 744
2 565 334
2 45 354
1 728
3 3 23 911
4 815 429 964 305
2 416 425
1 267
2 383 77
3 848 621 470
1 42
2 660 399
2 15 803
1 212
1 708
2 9 232
3 994 166 845
1 691
1 98
1 812
2 864 810
2 805 967
1 998
1 590
1 445
1 391
3 793 209 865
2 419 464
6 342 390 803 673 213 765
1 97
1 717
2 21 136
1 109
2 915 905
3 13 682 69
3 385 64 490
2 753 129
1 366
1 781
5 171 984 559 598 897
1 269
1 988
2 535 626
2 246 521
2 512 164
2 351 102
2 701 652
1 192
1 689
1 211
3 924 868 385
1 649
1 789
1 46
1 890
2 686 463
2 945 684
2 861 633
3 45 961 695
2 153 151
1 256
1 636
3 4 969 721
1 779
4 733 906 561 862
1 364
5 19 728 317 817 713
1 819
2 393 670
2 692 880
5 725 890 408 260 570
1 471
2 797 465
1 395
1 567
1 983
3 217 703 648
2 415 121
2 771 906
3 857 405 537
2 157 737
1 459
1 273
1 859
1 599
2 858 138
2 40 431
5 29 750 525 340 749
3 671 473 428
1 890
2 526 906
1 56
2 536 727
1 287
1 376
1 135
1 807
1 861
2 43 430
1 961
1 151
1 564
1 838
3 811 268 988
2 523 417
2 179 934
3 815 707 343
3 910 656 447
1 754
2 237 614
3 88 547 922
1 199
2 991 624
2 959 988
4 605 977 696 930
4 132 437 548 928
1 862
3 423 799 697
2 47 498
2 247 618
2 987 994
4 126 278 651 692
2 612 606
1 406
3 106 656 196
5 42 806 192 614 220
3 590 550 510
2 96 542
1 864
1 917
3 707 981 301
3 501 189 546
2 906 147
2 821 990
2 965 791
1 639
2 143 495
2 778 270
4 614 607 288 234
1 864
2 70 111
1 321
3 70 498 541
2 384 449
2 600 231
2 158 487
2 91 898
2 156 748
1 455
6 5 884 907 269 184 508
2 594 882
2 194 389
4 417 294 492 637
2 55 534
3 872 289 634
2 27 642
3 443 188 489
3 479 899 566
2 371 296
2 492 190
1 50
2 326 454
2 210 479
1 710
2 450 572
2 3 853
2 356 674
1 823
3 116 344 625
1 381
1 516
1 957
1 217
1 160
1 445
2 956 731
1 892
4 167 365 772 229
1 142
1 170
2 681 678
3 58 136 608
2 265 922
2 162 363
1 761
1 135
5 884 754 312 397 788
1 718
3 122 987 533
1 718
1 726
4 740 779 660 724
2 914 532
2 331 226
2 545 807
4 216 315 506 410
1 878
2 890 664
1 37
1 173
3 60 617 401
2 24 934
1 39
2 777 273
2 953 997
2 206 784
3 87 183 982
1 695
1 645
2 136 856
1 488
2 829 992
1 570
2 672 490
2 427 912
1 204
1 282
1 593
1 188
3 790 847 345
1 155
1 26
2 581 587
1 149
2 361 665
1 5
1 120
1 445
2 499 346
1 481
2 381 349
4 871 851 610 812
2 593 724
1 812
2 713 264
2 54 611
2 130 654
1 340
1 889
2 913 704
1 825
1 976
1 700
3 578 737 350
2 7 775
2 71 875
1 399
1 431
3 892 913 261
2 81 707
2 10 259
2 806 688
1 399
1 245
3 193 719 738
2 725 621
3 18 426 379
1 114
3 51 160 516
3 148 714 850
1 673
1 912
3 93 214 374
1 912
3 600 708 829
2 280 652
1 11
1 132
2 693 297
1 276
2 948 970
2 227 974
2 579 909
1 294
1 826
2 668 323
2 104 677
2 149 337
4 165 541 990 556
2 951 479
1 885
1 976
2 901 365
2 163 284
2 843 391
4 169 613 805 709
2 279 807
1 607
1 462
1 639
1 141
3 435 385 497
2 639 485
1 788
2 16 894
1 744
3 732 629 960
2 2 881
1 662
2 437 910
1 956
1 197
1 746
1 443
2 206 387
1 704
1 77
2 926 685
1 509
3 511 893 908
2 152 900
2 640 957
3 286 587 594
2 633 934
1 919
1 172
1 802
2 405 654
1 370
2 706 648
4 204 707 669 524
3 447 714 874
1 376
2 12 887
3 816 365 532
1 762
1 288
2 592 878
1 720
3 98 248 792
1 672
5 39 705 523 918 715
1 117
3 179 958 597
4 230 454 545 804
1 239
1 828
2 462 818
2 241 424
2 254 473
2 56 564
1 889
1 871
4 13 421 462 687
1 749
1 177
1 862
2 731 757
3 659 418 879
1 420
1 235
2 591 983
3 194 900 794
3 76 731 727
3 188 293 335
3 48 683 539
1 391
1 466
2 954 961
2 329 833
1 169
1 854
3 447 655 636
2 273 717
2 923 813
4 105 333 700 855
2 429 776
1 535
2 267 441
1 733
4 180 241 726 465
2 438 411
1 19
2 154 947
4 46 61 302 529
1 493
2 315 713
1 687
2 162 409
3 2 39 825
8 36 295 367 457 844 657 449 712
1 545
1 79
1 910
3 84 736 585
4 952 426 583 787
1 197
1 655
3 22 257 263
1 835
1 211
2 604 408
1 789
1 563
2 90 328
4 134 469 717 957
1 982
3 81 402 440
1 389
1 206
1 382
1 459
1 473
2 874 543
5 1 88 821 711 858
1 17
3 115 163 973
2 359 477
2 38 550
3 360 464 781
2 354 846
2 531 468
2 128 734
1 349
2 17 770
2 267 396
2 225 564
1 99
2 16 377
2 109 689
3 97 258 566
3 744 904 451
2 678 929
1 811
2 302 535
1 978
4 126 310 985 927
2 382 852
2 995 564
2 408 722
1 379
4 602 863 789 991
3 167 314 989
1 871
5 35 185 238 922 659
1 802
5 118 332 373 458 996
2 963 939
5 154 391 933 836 586
1 175
1 432
1 754
2 844 580
2 172 345
2 159 942
1 976
1 391
1 447
3 2 92 412
1 479
1 529
3 299 348 354
1 66
2 38 420
4 83 381 702 801
2 368 829
3 837 830 841
2 422 494
4 0 406 995 724
1 20
2 82 826
2 726 703
4 99 350 413 969
1 769
1 960
2 982 902
3 418 786 549
2 961 867
5 168 173 290 460 873
2 756 666
2 240 929
2 662 605
1 647
3 525 789 675
1 303
1 868
4 156 580 689 667
4 221 858 864 623
1 167
6 46 224 686 690 896 831
2 916 563
2 163 170
2 386 788
2 468 887
1 147
1 955
1 302
2 129 153
5 239 731 977 886 764
1 913
3 142 837 800
1 647
2 521 615
1 530
2 899 596
1 206
2 835 895
1 160
2 319 548
3 137 607 828
3 320 651 820
2 55 886
3 603 742 531
1 641
1 819
3 181 269 532
1 690
1 651
2 962 856
2 567 728
5 54 503 994 639 730
1 986
2 115 342
1 331
4 98 484 932 544
1 101
3 8 833 651
1 831
3 385 461 890
2 504 893
3 422 513 728
3 203 335 516
1 199
2 164 949
3 53 378 435
1 103
3 90 567 571
1 763
1 366
1 919
3 153 289 600
1 138
2 414 619
1 525
4 205 345 392 751
1 142
1 121
2 126 509
2 477 807
3 137 419 840
1 641
2 997 813
2 759 655
1 744
2 780 661
1 289
3 938 641 558
1 557
2 50 963
1 955
2 75 945
1 728
3 404 491 870
4 112 351 427 439
1 12
3 168 431 582
3 85 520 537
2 698 673
1 652
2 81 223
4 537 998 860 842
3 175 827 647
2 923 906
2 952 906
1 844
1 799
2 632 829
1 254
3 283 656 993
2 453 487
2 233 994
1 566
2 396 644
1 913
1 395
1 449
2 233 323
1 680
1 650
2 34 137
1 362
3 338 631 726
2 228 243
2 161 323
1 683
4 505 976 830 944
2 344 891
4 50 862 694 622
2 95 977
4 155 275 541 774
1 829
1 442
1 513
1 402
2 125 482
1 133
3 149 298 510
1 192
1 943
3 242 696 931
1 246
2 133 989
2 296 763
3 120 136 149
1 503
1 760
4 8 211 791 691
3 130 808 823
2 543 760
1 784
2 20 266
2 598 736
2 488 875
1 123
1 179
1 53
1 811
1 814
3 307 639 735
1 973
1 592
1 577
2 68 324
2 165 663
1 811
2 72 373
1 163
1 935
5 146 300 303 521 629
1 322
4 514 551 557 770
1 166
1 991
1 583
2 219 957
2 919 925
3 483 502 572
2 87 330
2 62 987
2 589 934
4 132 511 518 527
3 57 276 569
1 826
2 247 328
3 373 398 553
3 118 135 579
1 391
2 950 672
2 359 445
3 22 202 670
4 555 683 943 854
2 309 482
2 634 834
1 208
2 235 775
3 480 817 933
1 487
1 286
1 331
3 79 660 819
1 99
4 224 341 658 916
3 39 271 568
3 0 177 814
2 484 943
1 983
2 0 287
4 191 433 856 743
1 804
3 588 686 987
1 191
1 45
3 366 595 661
1 67
2 318 854
4 66 490 680 689
2 354 388
2 262 941
4 59 430 487 686
3 490 517 893
2 28 617
3 80 132 761
1 279
1 598
3 69 218 731
2 125 610
2 128 905
1 568
2 799 920
3 253 376 929
2 57 854
2 465 979
3 87 472 835
3 250 316 964
2 342 921
2 330 714
5 117 141 260 331 852
3 25 275 900
1 296
2 174 876
1 415
1 391
3 77 245 387
4 270 332 706 754
1 342
1 791
5 41 374 406 754 747
3 198 200 863
1 265
2 339 930
2 73 853
1 440
1 4
4 202 243 469 889
2 81 266
4 201 381 472 592
2 103 364
5 14 77 520 531 562
1 980
2 521 877
6 186 358 364 499 695 917
1 307
2 75 380
1 423
1 629
3 395 622 971
3 91 254 811
1 265
1 952
2 202 775
1 993
1 513
1 678
4 11 306 432 554
1 848
2 313 750
2 717 938
1 158
2 98 355
2 98 746
1 545
2 817 827
1 47
6 119 197 452 714 717 937
1 822
1 480
1 358
2 802 902
1 553
2 616 619
2 195 692
2 336 779
3 538 613 905
2 499 885
1 39
1 886
1 777
2 977 933
2 474 825
2 425 641
1 89
2 188 974
1 876
1 600
3 255 665 740
1 377
3 214 767 824
1 148
3 74 202 762
1 555
2 49 420
1 819
2 863 944
3 216 620 942
1 902
1 477
1 396
3 197 304 493
4 63 403 442 484
1 230
3 145 617 716
1 340
3 1 37 986
1 363
1 991
2 892 869
1 83
1 876
3 128 576 699
1 501
1 465
3 327 446 758
2 23 39
2 345 679
2 32 296
2 136 262
5 107 205 297 549 839
1 618
1 899
1 31
5 114 434 627 635 737
3 30 242 244
2 375 552
2 628 674
3 16 117 983
1 335
3 77 666 752
1 348
4 78 515 670 782
1 511
3 144 415 838
3 755 841 925
2 178 618
1 777
3 251 390 769
4 285 471 653 923
3 572 752 905
2 347 510
7 222 275 466 577 601 844 832
2 467 596
2 490 528
1 829
2 370 527
1 663
3 400 507 703
1 449
2 467 501
3 113 821 935
1 807
1 550
2 467 822
1 571
1 295
4 391 453 575 829
1 27
1 421
1 230
2 20 745
1 944
2 11 270
1 242
2 438 707
3 176 721 893
4 372 661 685 701
1 376
4 8 220 519 678
1 90
4 96 415 488 936
2 94 889
1 571
2 68 108
4 75 127 357 598
4 442 718 783 940
4 31 139 150 488
1 37
2 966 989
1 478
2 61 486
1 796
1 563
3 242 353 444
2 165 946
1 479
2 332 414
3 256 623 903
4 710 773 798 947
1 730
2 207 338
1 359
1 80
1 308
1 161
1 953
2 160 197
2 291 764
4 9 499 512 766
2 334 494
1 923
4 249 352 724 859
5 65 81 100 208 529
1 597
3 187 259 796
4 320 530 690 853
2 305 999
1 507
1 490
1 50
1 157
3 168 505 809
3 321 363 708
1 293
3 476 758 785
1 875
1 432
4 44 697 763 827
6 75 89 101 143 573 574
1 160
2 6 320
1 283
4 118 310 394 968
1 15
3 225 272 274
4 250 259 500 584
1 203
1 44
2 491 672
2 140 731
1 342
4 325 540 646 975
1 699
1 705
3 121 193 445
4 375 573 826 888
1 61
2 646 822
1 318
1 437
1 126
3 433 481 700
2 125 720
1 610
1 525
3 449 666 768
4 116 212 324 650
2 638 838
1 858
1 754
4 557 747 955 972
1 448
1 863
1 688
2 455 784
4 5 609 661 675
4 596 783 849 958
2 67 561
1 872
2 384 876
2 281 981
1 534
1 658
1 290
3 396 574 739
2 215 883
1 369
3 496 560 938
2 186 311
4 182 322 406 645
2 344 944
1 124
2 307 475
4 69 110 369 478
1 519
2 448 559
2 16 704
1 145
1 866
1 32
1 910
2 73 473
1 281
1 736
1 938
2 417 630
2 282 772
1 919
4 252 292 456 596
4 125 499 599 768
3 436 984 995
1 702
2 729 995
2 141 948
3 217 407 476
4 86 362 676 815
2 50 978
1 437
2 522 793
4 131 199 649 680
3 52 114 124
3 443 612 866
2 144 289
4 123 442 643 795
1 222
2 579 741
4 27 131 521 581
4 439 469 978 980
1 447
2 215 552
2 33 571
1 894
