1000
2 363 585
1 549
2 386 133
1 742
3 389 580 940
3 995 127 815
3 336 13 524
2 240 612
2 402 387
2 887 69
1 312
1 993
2 232 199
1 6
1 633
1 295
2 188 471
3 491 761 78
4 378 335 347 380
3 521 779 722
1 416
1 530
1 656
3 636 941 125
1 212
2 590 223
2 795 281
4 422 553 57 319
2 379 201
1 932
2 915 538
1 85
1 691
1 105
2 817 565
4 870 908 232 601
2 303 241
3 910 586 442
1 813
2 542 551
4 148 400 607 285
2 357 866
1 776
6 98 591 141 558 360 107
2 989 120
1 938
2 56 778
2 153 96
2 643 607
3 884 932 289
3 597 834 544
1 606
5 563 863 894 157 814
3 953 436 512
1 235
3 678 367 175
2 46 692
1 27
2 126 683
1 379
4 104 872 63 758
1 65
4 415 177 872 947
2 60 106
4 720 914 577 72
2 61 687
1 335
1 532
1 120
1 9
2 776 628
1 992
2 64 740
1 730
1 732
1 319
1 657
5 80 527 265 354 892
1 17
1 724
3 77 365 353
1 972
5 721 553 666 843 535
3 278 571 648
2 525 520
3 31 945 750
2 178 301
1 643
3 145 739 725
3 484 607 964
1 510
1 514
5 682 105 482 459 956
1 930
2 151 324
2 886 505
2 47 617
2 512 738
1 43
1 795
2 820 144
1 609
1 308
4 317 966 521 351
4 60 147 795 245
3 33 92 327
3 63 645 706
1 43
2 846 863
2 407 498
1 439
1 168
3 910 925 527
1 994
2 839 553
1 468
1 248
2 489 586
1 829
1 912
2 44 68
1 932
1 296
1 163
3 400 137 767
1 23
3 58 678 971
2 5 514
1 737
1 383
2 272 305
1 400
4 218 995 621 775
2 2 639
2 158 953
2 644 712
3 184 226 476
3 124 761 237
5 486 917 768 301 726
2 962 780
1 590
2 43 637
2 527 599
2 768 485
2 100 360
2 88 730
1 271
2 104 537
2 40 443
2 356 616
1 335
1 94
2 828 403
3 47 629 958
1 232
2 766 398
1 615
2 52 813
2 134 536
1 861
3 830 930 920
1 713
1 186
3 123 204 750
2 184 802
1 687
2 661 333
2 776 180
2 111 861
2 197 713
2 201 602
3 247 206 429
2 297 774
2 763 630
2 539 290
1 55
1 202
1 62
1 86
2 518 392
1 167
2 263 271
1 629
2 464 630
2 136 164
2 690 608
2 162 863
1 768
3 16 566 841
2 387 425
2 894 497
2 950 807
3 966 884 526
1 591
3 676 424 207
1 860
4 485 609 230 408
2 169 387
1 613
1 12
2 335 391
2 28 170
3 176 483 610
1 910
2 163 390
2 628 800
3 171 744 269
1 194
2 791 546
2 515 694
1 253
2 584 953
4 24 549 499 509
1 610
2 513 888
2 903 564
2 734 283
2 272 411
3 132 798 310
4 858 886 732 472
2 344 467
3 368 748 653
3 954 547 272
4 25 631 503 532
2 672 235
1 845
2 136 805
3 952 863 753
2 365 632
3 392 396 348
1 196
1 291
5 12 35 154 552 420
1 629
1 869
5 54 224 797 372 469
1 489
3 137 780 393
1 944
3 394 309 478
2 7 674
2 36 618
1 791
1 890
3 568 683 473
4 104 975 978 625
1 717
3 171 700 331
3 116 647 992
2 619 307
2 743 903
1 678
3 696 882 839
4 210 946 560 371
2 850 412
1 676
2 870 737
1 567
2 603 905
2 510 734
1 964
3 937 333 287
1 754
4 181 277 904 427
5 316 513 789 292 531
1 77
2 614 272
3 608 365 434
2 507 905
1 206
1 719
2 146 181
7 130 217 222 266 397 414 927
2 988 444
3 426 910 724
1 411
1 645
3 263 477 297
1 83
2 828 630
1 810
3 26 796 948
2 519 622
2 216 340
2 304 463
1 40
1 907
1 261
3 525 423 600
1 49
2 174 567
2 231 652
2 264 988
1 874
2 679 628
2 15 420
2 122 407
5 172 277 328 842 330
1 723
1 952
2 896 694
2 86 138
1 896
1 36
2 284 343
1 130
1 379
4 249 905 577 652
2 102 591
3 239 579 873
1 218
1 399
2 10 413
1 708
1 338
3 455 861 662
2 264 594
2 103 321
2 556 883
3 27 75 736
2 342 922
1 317
2 618 431
1 947
2 94 760
2 561 442
1 729
1 105
4 297 935 454 359
2 658 743
1 297
1 247
1 529
2 166 261
2 595 849
5 18 66 150 200 559
1 6
2 713 462
2 314 489
2 950 830
1 283
2 916 783
1 320
1 304
2 220 438
3 998 626 682
1 918
1 18
1 229
2 645 711
1 988
1 103
2 881 899
1 80
2 77 773
1 525
2 149 857
3 41 900 954
1 954
1 328
2 43 144
1 953
3 567 868 638
5 0 902 400 778 664
1 970
5 80 228 267 659 596
4 416 660 881 377
3 55 714 787
2 221 685
1 939
1 761
3 253 906 488
2 235 661
1 866
1 490
1 978
1 502
2 366 461
4 18 581 528 907
7 28 59 306 600 896 655 933
1 18
5 705 879 445 864 416
1 969
2 129 771
2 425 784
2 826 589
3 2 679 832
5 8 189 197 861 676
1 507
1 4
2 204 694
1 200
3 179 229 691
2 237 967
2 239 761
1 577
2 229 760
1 272
4 155 546 755 959
3 311 922 727
6 40 124 131 363 537 698
2 593 871
3 8 669 729
5 152 512 963 974 934
4 700 615 796 931
1 562
1 666
6 109 296 417 545 973 804
1 196
2 924 643
1 910
2 217 275
2 254 793
2 312 830
1 272
2 62 570
4 20 366 381 994
2 407 979
1 730
1 997
2 232 295
1 870
1 27
1 288
1 194
4 189 384 634 716
1 274
2 263 770
1 732
1 171
1 596
3 322 909 984
1 702
3 976 781 852
2 267 919
2 872 972
2 53 829
1 568
2 344 872
4 110 608 768 836
3 604 907 475
2 822 847
3 37 325 752
1 148
2 273 598
2 381 667
2 609 844
2 749 618
1 594
4 620 601 622 455
1 952
2 938 512
2 941 591
2 910 981
2 328 621
4 315 449 811 529
1 906
1 831
3 563 534 969
1 92
1 811
1 377
1 337
2 284 760
1 183
2 957 506
1 943
1 220
3 115 610 833
1 235
1 842
1 16
1 219
2 244 816
1 549
2 440 782
1 136
3 277 837 993
1 239
1 664
1 572
2 864 709
2 92 610
1 202
1 89
3 143 196 523
1 138
1 610
1 371
4 117 236 338 702
2 374 940
1 17
1 711
1 776
1 631
2 772 890
1 941
1 190
4 109 672 856 916
2 212 703
2 508 516
2 572 736
2 376 647
2 223 900
2 736 550
2 95 572
1 465
3 268 388 824
5 500 924 985 867 850
2 212 794
3 90 259 603
1 912
5 53 97 403 451 978
3 214 264 866
2 91 127
1 209
2 500 891
1 636
3 179 647 808
2 282 692
2 84 702
4 19 103 893 977
2 714 580
2 485 633
2 6 892
4 84 288 355 898
2 192 708
4 77 112 142 797
1 378
2 332 455
2 21 965
4 264 865 953 943
2 67 223
1 846
1 458
1 82
1 158
3 147 400 657
4 30 672 826 823
2 174 641
1 892
1 660
3 39 742 842
1 664
2 50 616
3 407 923 875
2 208 398
2 222 791
2 970 839
4 1 212 474 670
1 504
1 39
1 232
4 27 82 114 942
1 969
1 665
3 318 618 587
1 924
1 43
1 335
2 253 744
1 325
4 405 670 741 951
4 52 458 583 626
1 215
2 34 992
4 188 707 823 855
4 257 290 362 635
3 244 437 642
1 671
1 415
3 83 904 949
3 480 501 505
2 673 753
1 799
1 907
1 641
4 64 307 395 864
2 972 889
1 309
2 4 522
1 378
1 742
1 563
2 211 651
2 0 739
2 37 117
1 556
1 601
1 385
2 25 140
4 43 193 308 452
2 730 918
3 401 667 792
2 316 448
2 334 608
3 365 430 627
1 50
1 444
2 142 921
2 288 379
4 35 449 588 754
2 170 613
2 258 510
2 440 847
2 845 968
6 51 944 768 704 939 636
3 40 48 89
6 185 267 439 595 869 764
3 101 196 446
5 202 213 468 482 487
1 728
2 7 860
2 198 602
1 266
3 156 404 665
4 149 544 621 877
1 96
4 241 322 447 556
1 249
3 449 671 719
3 132 454 616
2 282 449
1 817
1 764
1 245
2 345 563
1 596
6 70 205 294 907 975 697
4 153 182 233 659
4 173 183 279 848
2 223 494
2 228 746
2 14 523
1 425
1 567
3 23 517 606
2 141 818
2 362 960
1 133
1 974
2 539 576
1 568
3 48 87 409
2 135 930
3 106 276 349
4 654 897 743 777
4 248 502 518 825
1 83
2 769 703
1 988
1 584
2 291 307
1 221
2 646 785
1 379
2 22 917
3 76 537 801
2 329 769
2 365 629
3 366 541 835
2 166 372
1 315
3 718 818 831
3 363 479 543
3 555 615 854
3 82 406 699
2 445 593
2 824 736
1 402
2 549 562
2 569 620
3 224 498 538
1 573
2 240 717
1 852
3 194 255 387
1 832
4 55 126 251 878
3 294 386 868
1 908
2 876 715
2 92 345
2 58 244
1 809
2 368 782
1 913
3 65 165 925
1 789
1 911
1 185
2 32 392
2 56 519
3 695 733 957
4 209 300 390 887
1 693
2 252 741
2 628 928
2 400 757
1 666
2 247 404
1 963
4 432 489 520 788
2 499 649
1 606
2 381 717
1 106
1 566
2 313 526
1 481
1 761
2 349 492
1 135
4 161 169 337 990
2 367 522
1 681
1 425
4 246 674 705 920
1 663
2 270 620
2 64 982
1 82
1 19
2 298 976
2 79 274
1 88
1 138
1 399
2 611 736
2 326 402
4 73 145 418 592
1 900
4 74 219 428 895
1 693
3 216 259 912
1 792
6 319 501 504 668 728 901
2 128 256
1 97
2 88 585
1 72
2 562 696
4 3 542 582 976
3 250 329 646
2 206 560
3 990 913 827
1 632
1 808
1 221
3 447 816 955
2 85 163
1 945
1 442
2 227 573
2 262 601
1 398
1 816
1 698
1 60
1 886
4 324 396 463 835
5 17 137 370 394 710
1 772
1 173
4 608 624 802 890
1 948
1 155
2 124 996
5 138 143 187 439 606
2 649 658
1 427
2 383 929
3 495 762 965
2 354 961
1 172
1 132
4 42 70 167 493
1 646
3 46 363 851
1 19
2 139 237
2 433 987
2 475 685
1 341
1 384
1 654
1 925
1 367
1 702
2 264 688
1 888
3 208 242 547
2 593 735
2 412 926
1 509
3 26 99 104
2 281 404
3 235 527 914
2 218 832
2 574 861
1 205
1 657
2 164 764
1 874
1 407
1 226
2 821 820
2 191 819
2 518 747
2 684 997
2 280 830
2 455 460
1 872
2 38 157
1 52
1 5
4 473 749 756 981
2 34 623
2 637 663
1 807
3 100 806 997
1 806
1 441
2 538 566
2 507 668
1 647
2 385 538
1 745
2 152 279
2 118 436
5 160 339 413 810 924
2 457 663
3 386 677 798
1 468
1 50
2 660 760
2 439 922
1 477
1 978
3 114 252 548
1 896
1 188
3 297 470 542
1 82
1 446
2 225 605
2 108 533
2 441 604
1 630
1 334
2 254 508
1 778
2 433 675
1 919
1 665
1 566
2 498 956
1 356
1 219
1 929
2 195 612
5 159 168 315 387 799
1 987
5 52 108 186 227 986
3 381 481 577
2 531 911
3 41 373 513
2 508 999
2 362 679
2 234 608
3 35 256 421
1 401
5 60 62 435 438 812
1 309
3 293 803 894
1 545
2 681 950
1 616
1 678
2 381 885
1 988
2 352 366
1 252
1 318
3 49 192 902
1 879
3 95 219 759
2 9 694
2 214 790
1 578
3 243 495 764
1 516
3 77 524 540
1 521
3 52 190 874
1 732
4 300 302 379 840
1 646
1 525
1 352
4 357 503 731 983
1 736
2 363 884
2 215 250
3 263 571 991
3 258 268 307
3 371 456 929
5 286 378 440 575 628
2 35 680
1 431
6 37 112 203 274 410 453
2 689 865
3 119 511 734
3 686 745 957
2 64 797
1 30
2 341 498
2 138 656
3 346 592 989
2 434 853
2 160 717
1 599
3 320 399 836
1 545
4 409 508 557 830
3 112 687 786
1 793
1 272
1 697
3 771 859 906
3 93 160 644
1 404
3 29 49 121
1 379
1 403
1 328
1 988
1 261
2 45 451
2 369 606
2 4 490
4 23 452 496 968
1 553
2 466 531
2 238 606
2 85 751
1 253
2 62 323
2 281 765
1 571
3 191 339 876
1 562
4 227 299 450 980
5 53 134 211 361 531
3 222 357 358
1 749
2 92 856
3 465 693 913
1 153
1 398
1 638
1 773
1 139
2 403 701
2 89 260
2 530 772
2 103 192
1 393
2 605 941
3 382 458 554
2 364 548
1 126
3 81 435 578
1 407
2 403 640
2 245 628
3 433 723 742
1 521
4 245 375 512 838
1 417
1 952
2 453 816
1 720
1 900
1 431
1 508
1 863
2 781 862
6 273 292 350 650 880 936
2 44 918
2 713 745
1 904
3 71 248 565
2 11 477
2 113 416
2 5 132
1 767
3 419 809 820
1 345
1 867
