200
2 72 112
2 76 23
2 113 46
2 157 59
2 68 170
1 152
1 185
3 98 188 87
4 17 172 10 147
3 84 35 172
2 8 18
1 101
2 152 120
1 129
1 193
2 98 142
1 157
4 8 27 157 48
3 10 126 140
1 164
3 79 25 151
2 54 63
1 79
2 1 124
2 31 188
1 20
1 113
2 103 17
2 163 80
2 150 78
1 118
2 102 24
2 152 36
3 49 39 85
2 121 148
1 9
1 32
2 121 93
2 120 160
3 33 144 53
2 104 156
2 111 188
2 99 174
2 54 82
1 159
3 105 189 54
4 101 2 122 97
1 156
4 17 119 195 196
3 33 138 65
1 106
5 99 100 64 154 61
2 117 54
1 39
7 21 43 45 52 77 83 180
2 198 90
1 82
1 126
2 121 163
3 3 158 187
1 107
2 51 198
2 120 133
1 21
2 114 51
1 49
1 126
1 198
3 4 176 189
1 189
1 188
3 107 123 171
5 0 130 153 177 79
1 170
1 196
1 178
3 1 133 165
1 54
4 104 29 145 190
5 103 20 22 137 72
5 98 28 192 194 183
4 118 138 158 182
2 43 56
1 54
2 108 9
1 33
2 172 193
2 7 164
1 172
2 116 178
2 115 55
1 114
2 98 185
1 37
1 186
1 152
1 122
2 46 176
5 196 15 7 80 92
3 51 42 170
4 169 188 51 186
2 46 11
1 31
3 79 27 129
2 78 40
2 45 156
2 50 144
2 71 60
1 84
1 178
2 193 175
2 41 128
2 0 143
2 2 26
2 91 64
1 90
1 89
1 52
3 131 81 30
1 48
6 12 178 62 195 38 136
4 37 58 167 34
2 46 96
2 71 191
1 23
1 194
3 18 66 57
1 198
1 111
3 103 13 161
1 72
1 118
1 165
3 76 171 62
1 154
1 179
2 120 181
2 79 146
2 81 49
1 192
1 18
1 176
1 15
1 112
2 106 39
1 78
1 137
1 8
1 34
1 187
1 29
2 20 199
4 5 12 32 95
2 168 72
2 134 51
1 174
3 105 40 47
3 3 16 17
2 59 81
2 44 165
1 38
1 129
1 172
2 28 58
2 19 87
3 132 159 76
1 196
1 121
1 153
2 100 179
3 99 4 73
2 133 71
5 8 9 162 86 88
1 198
2 42 155
1 110
4 141 68 197 97
1 72
4 109 120 75 89
2 135 169
1 54
1 136
1 81
1 80
1 198
2 6 92
2 100 94
2 149 59
5 100 7 24 41 70
3 45 68 69
1 78
1 123
2 139 80
3 110 14 86
2 125 80
2 120 48
4 98 48 166 74
1 176
6 127 55 61 67 173 184
1 151
