200
2 187 52
3 113 166 10
1 91
2 175 140
2 52 169
3 46 99 151
1 10
1 69
2 14 154
2 104 144
3 1 6 74
1 138
1 51
3 121 16 92
2 8 39
1 189
3 110 13 139
1 69
1 182
1 74
3 116 120 167
2 172 26
2 80 23
4 106 22 149 62
2 167 189
2 187 87
3 21 48 34
1 65
1 74
1 109
1 97
3 105 57 82
5 116 136 60 63 188
2 128 166
1 26
4 160 152 42 141
1 51
1 151
2 148 77
4 14 196 176 162
4 106 51 81 84
2 132 51
3 125 35 142
2 135 170
1 139
1 138
2 5 160
2 83 64
1 26
2 109 82
2 108 67
6 12 124 36 40 41 168
5 0 4 171 83 164
3 88 168 190
2 103 141
1 94
1 86
3 130 31 191
1 127
2 188 178
2 32 168
2 127 83
1 23
3 32 101 175
1 47
3 27 153 97
2 168 182
2 115 50
3 120 98 184
3 7 17 175
1 124
1 114
1 157
2 115 198
3 10 19 28
1 194
1 79
2 38 100
1 117
2 76 93
1 22
2 131 40
3 31 49 86
3 47 52 61
1 40
1 97
4 133 150 56 82
1 25
2 53 179
3 156 170 93
3 143 149 152
2 2 133
1 13
3 79 89 196
2 55 159
1 188
2 138 195
4 124 30 65 85
2 112 68
1 5
1 77
1 63
1 134
1 54
2 9 165
2 131 31
2 23 40
1 111
1 50
2 49 29
2 174 16
2 107 133
1 98
1 1
2 175 71
4 73 166 67 144
2 20 32
3 156 157 78
4 195 145 161 158
1 184
2 20 68
2 13 193
2 159 188
1 187
4 97 51 183 70
3 171 138 42
1 134
2 61 58
1 33
1 132
1 57
2 105 81
2 129 41
3 111 86 91
5 126 157 143 102 181
1 43
1 32
1 156
5 11 125 45 199 96
3 16 44 156
1 3
2 35 54
1 42
3 134 90 148
2 9 115
1 118
1 150
2 153 163
2 38 143
2 23 90
2 146 86
3 5 37 186
2 35 90
2 147 65
1 8
1 157
4 117 137 139 89
5 117 134 155 198 72
2 118 177
3 122 94 194
2 35 46
1 118
1 39
1 147
1 52
1 104
3 1 115 33
2 20 24
4 51 53 60 66
1 4
3 43 89 173
2 125 52
3 21 197 192
1 170
1 110
4 3 114 63 69
1 39
1 158
1 59
1 88
1 189
1 134
2 18 66
1 124
2 119 68
1 187
1 151
4 0 25 123 185
4 122 32 59 95
3 15 24 180
1 53
1 57
1 172
1 121
2 159 75
2 118 96
2 39 93
2 172 198
3 157 73 197
1 138
