600
1 145
2 568 153
1 39
3 347 513 28
2 260 360
1 269
2 136 210
1 112
1 279
2 562 330
1 267
1 585
2 358 539
2 545 439
2 153 528
3 134 297 470
1 28
1 401
1 561
1 338
1 412
1 292
1 210
3 151 452 72
1 189
1 40
2 448 312
1 401
4 3 16 225 509
2 556 85
1 434
1 530
1 152
5 146 377 46 282 417
1 363
2 117 479
3 240 546 54
1 224
1 162
5 2 70 368 459 92
3 25 363 106
1 576
2 504 574
3 584 341 250
2 199 475
1 184
3 33 438 337
1 410
2 553 575
1 210
1 561
1 225
3 355 375 514
2 537 65
3 36 296 520
3 406 256 491
3 482 341 118
2 356 310
2 237 60
2 313 328
4 58 329 466 178
3 386 365 373
2 514 576
2 568 273
1 176
3 53 140 97
1 349
1 526
2 591 392
3 224 443 96
4 39 520 322 167
1 516
1 23
1 128
1 82
3 263 202 220
2 492 431
3 334 570 319
2 241 331
2 401 149
1 300
1 531
2 74 467
1 225
1 336
1 29
1 424
3 535 258 252
3 461 512 425
1 131
1 291
3 165 242 325
6 39 243 174 499 516 415
2 559 561
5 420 172 184 572 355
2 387 513
1 69
1 65
2 403 111
6 158 174 524 122 521 474
4 498 472 123 441
1 152
1 187
1 470
2 464 232
1 338
4 40 594 547 501
1 184
2 408 167
1 216
1 539
2 98 463
4 7 596 577 179
4 152 238 329 259
3 483 182 200
3 367 340 128
2 152 402
2 35 171
1 56
2 457 206
1 182
1 550
2 99 239
3 100 442 383
2 532 416
2 356 127
1 438
2 125 353
3 73 115 139
2 316 480
1 282
3 89 485 399
1 400
1 434
2 15 498
1 247
1 6
2 251 190
1 594
1 128
1 65
3 401 315 353
1 390
1 219
1 230
2 0 432
1 33
2 242 336
2 335 204
2 79 523
1 200
2 23 504
6 32 101 113 116 517 382
5 1 14 534 251 507
5 323 274 391 517 577
2 307 441
1 260
1 285
2 99 460
3 181 188 385
2 269 295
2 491 483
4 38 324 193 400
1 207
1 272
3 91 578 390
1 407
4 70 108 357 530
1 385
2 306 539
3 572 550 191
1 117
2 94 517
2 263 349
2 92 99
2 251 385
5 64 465 519 583 487
2 490 254
1 60
1 112
2 453 244
2 159 398
2 114 120
1 555
5 45 94 107 300 545
2 364 546
1 429
3 102 553 551
1 159
4 24 455 437 309
1 137
1 170
1 486
1 162
1 220
1 380
2 257 249
2 593 397
2 449 548
2 44 369
3 114 150 348
1 248
3 75 291 473
4 531 429 517 561
2 148 351
3 455 304 268
3 119 302 483
4 163 294 375 564
1 451
2 573 358
4 6 22 49 545
2 253 525
1 359
1 382
1 350
2 330 572
2 109 372
2 374 547
1 430
3 143 502 366
3 75 194 571
1 378
1 488
2 597 351
4 37 69 568 433
4 28 51 83 504
1 427
1 246
1 586
1 234
4 144 527 425 459
1 458
2 104 298
1 361
2 229 284
1 236
3 235 454 529
1 58
2 113 396
2 122 412
1 36
1 78
3 91 147 272
1 92
2 180 367
1 544
2 227 263
2 135 423
2 201 357
2 196 391
1 43
3 137 153 175
1 87
1 211
1 177
1 455
1 55
1 196
3 87 530 486
1 113
4 4 156 550 367
1 491
2 586 424
4 75 173 246 538
1 400
1 420
3 520 526 582
2 10 326
1 205
2 5 160
1 291
1 422
4 164 242 411 469
1 63
2 154 552
1 436
3 284 532 484
3 445 466 472
3 352 281 370
2 8 411
1 536
2 278 286
3 33 130 440
1 548
3 234 276 594
3 157 494 543
1 281
1 420
1 570
1 572
2 592 434
4 90 202 270 382
3 21 559 436
2 497 522
2 207 345
3 160 318 460
1 54
1 15
1 232
1 412
3 80 184 348
1 497
1 206
1 414
2 205 338
2 372 338
1 169
1 155
3 320 468 339
1 189
1 57
1 492
2 26 510
2 59 372
2 348 555
1 141
1 129
1 485
1 295
1 77
1 308
1 552
1 70
1 154
2 162 385
2 91 396
2 267 365
3 425 343 359
2 59 393
2 60 113
3 9 215 467
2 78 456
1 344
1 543
1 77
1 148
2 84 147
2 46 541
5 19 105 304 305 476
1 308
1 115
2 43 56
1 365
3 327 409 352
2 332 411
1 294
1 531
1 3
4 200 300 314 447
3 66 173 533
2 214 545
4 204 223 513 448
2 278 343
4 127 141 357 492
1 419
2 52 94
2 57 125
3 167 248 353
2 12 209
2 212 327
1 4
3 233 484 488
4 592 450 500 489
2 34 40
1 185
4 61 326 342 368
1 219
5 115 244 260 525 422
3 39 365 468
3 199 393 564
1 278
1 544
4 216 305 313 413
1 61
1 217
2 52 207
1 419
2 33 584
3 221 494 572
1 568
3 195 421 427
1 467
4 152 213 291 563
3 123 534 434
1 414
4 159 168 175 324
1 61
1 95
1 585
1 402
2 142 165
3 154 249 492
1 68
3 328 369 598
1 421
1 546
2 238 325
3 197 570 404
1 181
1 131
3 132 162 264
4 17 27 79 141
2 116 389
3 98 446 526
1 397
1 549
1 55
2 166 572
1 108
1 343
4 47 558 452 495
3 272 279 344
4 20 239 299 515
2 372 508
5 303 384 488 445 560
1 92
1 124
1 33
1 577
3 354 376 558
3 94 265 287
5 380 394 588 504 591
2 271 367
2 247 443
2 86 262
4 88 230 327 542
1 484
2 226 380
1 556
2 186 203
2 218 589
1 76
2 145 547
2 224 554
5 30 133 290 383 599
1 457
2 275 292
1 189
3 46 126 484
1 13
1 282
2 100 155
1 123
2 69 423
1 571
3 277 414 464
2 403 518
1 348
2 26 351
2 198 506
2 362 485
2 208 519
4 23 410 497 502
3 180 589 553
1 236
3 189 205 255
2 331 469
3 119 435 590
3 231 588 529
2 39 230
2 158 295
1 88
2 473 505
1 111
2 104 445
1 176
2 60 277
4 82 330 381 583
2 308 368
2 272 456
3 15 103 567
1 555
2 100 277
2 202 462
1 99
1 44
1 338
1 512
1 485
3 35 584 503
2 129 543
1 488
1 56
3 114 161 206
4 276 361 426 438
4 131 317 450 478
3 192 258 573
1 176
5 222 361 414 481 597
2 362 549
2 177 557
3 55 161 261
4 76 311 353 391
1 525
3 285 378 586
1 410
1 584
3 293 301 452
2 100 134
1 92
1 362
1 106
2 219 452
1 479
5 42 151 225 421 593
1 462
1 449
1 153
1 413
1 28
1 312
1 553
2 88 477
3 3 95 351
2 52 62
2 412 579
2 71 92
4 152 154 172 203
1 446
2 176 451
3 54 70 266
1 99
1 293
1 149
2 99 536
3 211 367 493
3 67 266 403
2 230 580
1 14
2 236 458
3 31 167 258
3 81 203 346
3 124 276 540
1 349
2 153 383
2 87 587
2 280 524
3 53 595 581
1 263
3 12 110 169
1 532
1 337
1 425
3 285 333 480
3 245 371 587
4 13 184 210 350
3 36 185 395
3 106 217 432
3 198 283 594
2 405 489
3 121 170 260
1 187
2 274 321
4 48 187 453 511
1 433
3 183 314 471
3 29 428 589
2 490 576
3 410 419 569
2 93 292
1 414
4 18 50 93 203
1 9
1 382
2 207 369
1 570
1 568
1 470
5 1 63 224 379 566
1 558
4 77 288 397 565
2 220 444
6 94 170 215 289 378 407
2 209 486
1 42
1 48
3 41 62 557
3 112 154 418
1 165
1 515
1 527
1 537
1 266
3 176 467 585
4 43 377 479 496
3 11 388 583
3 228 262 494
2 535 544
2 421 458
3 430 453 556
1 457
2 68 421
2 290 362
2 197 504
4 106 138 284 548
2 537 597
1 112
3 223 488 595
1 393
1 434
