100
1 76
2 92 83
3 57 22 23
1 95
2 19 77
2 51 75
1 91
1 90
3 10 12 13
4 52 87 90 98
1 8
1 58
3 53 8 45
4 8 65 20 40
2 72 96
2 55 71
2 72 43
2 58 38
1 69
4 4 64 70 20
3 13 19 26
1 47
2 2 41
1 2
3 37 99 39
1 34
1 20
2 38 42
2 50 57
1 74
2 47 55
2 44 96
1 60
2 74 42
2 25 80
1 38
2 98 84
1 24
5 17 75 27 35 92
1 24
1 13
1 22
3 48 27 33
2 16 95
3 67 31 99
1 12
2 77 92
6 30 89 56 80 21 76
1 42
1 56
2 86 28
1 5
1 9
2 12 78
3 73 83 80
3 30 15 61
3 47 49 62
2 28 2
5 17 11 86 59 94
1 58
2 61 32
2 55 60
1 56
1 91
1 19
2 13 93
1 77
1 44
1 70
2 18 81
3 68 19 79
1 15
2 14 16
1 54
3 29 33 97
2 5 38
2 47 0
4 4 66 85 46
1 53
2 70 88
3 47 54 34
2 69 89
1 88
3 54 1 96
1 36
3 77 87 91
2 50 58
2 9 85
2 79 82
2 47 81
2 7 9
3 6 63 85
3 1 38 46
1 65
1 58
2 3 43
3 14 31 83
1 74
2 9 36
2 24 44
