200
2 154 24
2 10 192
1 52
2 54 35
3 157 116 85
6 182 92 43 21 158 19
1 121
1 44
1 84
5 126 132 86 191 82
4 1 98 65 72
1 119
2 66 34
1 176
3 38 179 85
1 118
2 96 144
3 42 20 52
1 196
2 5 60
3 17 152 103
3 106 5 55
2 57 48
2 54 142
1 0
1 155
2 52 146
1 43
3 49 79 37
2 62 139
3 113 170 155
3 137 178 154
2 108 194
2 146 162
2 12 70
2 3 128
2 183 82
1 28
2 14 180
3 96 199 75
3 197 89 58
3 97 86 149
3 17 102 192
3 5 27 63
2 7 192
2 182 59
2 141 67
1 152
1 22
2 28 98
1 198
2 169 173
4 2 17 26 151
1 138
3 3 112 23
5 21 130 159 94 189
1 163
3 22 198 79
1 40
2 45 77
1 19
1 151
2 29 135
2 43 76
2 83 86
2 10 179
2 12 119
3 46 158 178
3 136 89 74
1 140
1 34
1 143
1 10
1 174
1 68
1 39
1 63
1 59
1 178
2 28 57
2 138 153
2 142 87
2 9 36
4 114 145 64 91
2 8 160
2 4 14
3 9 41 64
1 81
2 115 119
4 40 172 68 193
2 109 168
2 83 193
1 5
3 110 184 190
2 55 166
1 155
5 16 39 159 177 186
2 124 41
3 10 127 49
2 134 145
1 159
1 135
2 42 188
2 20 181
1 132
2 136 153
1 21
1 139
2 32 120
1 90
3 158 93 156
3 187 140 166
2 168 54
3 115 171 30
1 83
2 113 88
1 4
1 176
2 188 15
4 11 88 66 165
3 108 163 158
2 6 127
1 140
1 135
2 97 125
1 124
1 9
3 121 98 133
1 35
1 147
1 55
1 157
2 104 9
1 127
2 137 99
5 123 136 62 101 196
5 105 135 68 180 170
3 134 31 169
2 80 53
3 107 29 160
4 111 122 142 69
1 46
3 23 140 81
2 154 71
1 16
2 83 99
2 26 33
2 129 197
1 198
1 41
2 195 184
2 52 61
2 20 47
2 105 80
3 0 31 143
3 25 30 95
1 110
3 4 131 174
4 110 5 120 67
3 55 96 100
2 139 84
2 176 184
1 33
2 120 56
2 170 185
1 119
2 111 94
1 172
2 112 90
2 137 51
3 30 136 164
1 113
2 167 89
1 51
2 157 73
1 188
3 13 117 161
1 96
3 31 67 78
2 14 65
2 136 38
1 103
2 5 45
1 36
3 150 161 93
1 164
1 96
1 111
3 118 175 102
1 55
1 93
1 9
3 1 42 44
2 89 91
1 32
1 150
2 18 135
2 40 147
3 148 50 57
1 39
