100
2 54 65
2 46 77
5 18 37 84 72 58
1 92
4 56 26 75 37
1 28
1 92
1 78
1 84
2 10 64
4 62 9 93 19
4 12 73 45 20
5 11 67 21 48 75
3 75 31 66
1 54
2 53 81
2 18 27
1 56
2 2 16
3 10 36 50
3 11 83 92
2 12 90
2 55 66
2 98 82
1 77
1 38
2 4 41
2 16 89
3 57 5 63
1 60
1 75
3 13 93 99
1 42
2 69 37
3 75 76 44
3 66 70 78
3 19 79 85
4 2 4 33 53
2 25 49
1 77
1 64
1 26
3 62 32 88
1 89
1 34
1 11
1 1
1 73
1 12
4 59 66 71 38
1 19
1 95
1 55
2 15 37
4 0 99 14 80
2 22 52
3 17 4 94
2 92 28
1 2
1 49
2 29 90
1 62
3 61 42 10
2 86 28
2 9 40
1 0
5 13 49 77 35 22
1 12
1 87
2 33 97
2 35 95
1 49
1 2
2 11 47
1 77
5 4 12 13 30 34
1 34
6 1 66 74 39 24 82
2 7 35
1 36
1 54
2 15 91
2 23 77
1 20
2 2 8
1 36
1 63
2 68 96
1 42
2 27 43
3 60 21 96
1 81
4 3 57 6 20
2 10 31
1 56
2 70 51
2 87 90
1 69
1 23
2 54 31
