1000
1 311
1 965
2 586 51
2 623 831
2 79 932
1 856
2 427 476
1 213
3 899 72 382
1 938
1 724
3 769 632 824
2 857 596
2 766 714
1 404
2 999 701
4 282 847 380 232
1 87
2 639 602
1 747
2 659 327
2 159 942
2 603 984
2 160 591
2 363 201
1 196
3 792 233 199
1 380
2 216 158
1 338
3 83 650 763
1 93
2 572 375
2 460 812
4 242 925 200 519
4 920 360 527 53
1 720
4 420 243 305 472
2 267 688
2 188 914
1 273
1 723
3 722 459 43
2 42 940
1 771
2 64 654
3 625 521 969
1 462
1 978
1 773
1 621
4 2 540 91 384
1 221
4 35 837 409 815
4 939 171 580 817
3 437 673 598
1 444
1 193
3 645 627 233
2 467 862
3 606 520 366
3 161 558 212
2 106 290
3 545 700 728
2 45 578
5 720 94 796 631 195
2 145 446
3 314 641 491
1 653
1 803
2 268 595
1 683
2 8 949
4 268 406 554 179
4 461 137 796 678
2 557 847
3 762 81 561
3 688 909 720
2 477 591
6 4 540 446 308 719 887
1 634
4 76 787 966 911
2 536 870
2 30 786
1 229
2 198 269
1 407
3 17 111 285
1 354
1 973
2 209 218
1 51
4 317 358 903 319
5 31 928 161 121 535
2 65 913
2 207 296
1 248
4 146 277 439 730
1 669
1 184
1 161
2 338 949
1 870
3 517 827 555
2 162 454
1 499
3 62 483 983
2 398 880
2 657 521
1 701
1 551
3 87 730 512
2 709 907
2 290 289
5 499 953 807 596 497
2 548 615
4 130 305 416 542
1 241
2 667 630
1 230
2 316 967
1 93
2 566 737
1 745
2 780 779
3 650 173 331
2 628 711
2 591 371
1 472
2 598 466
1 116
1 757
2 209 294
1 448
3 309 486 616
1 264
2 332 280
2 74 850
3 450 484 224
2 642 205
1 243
1 959
1 563
1 183
1 619
1 66
3 97 307 757
1 252
1 837
2 190 284
2 852 867
1 752
1 986
2 217 816
1 350
1 431
1 171
1 297
2 28 819
2 21 475
2 23 923
5 61 93 100 919 320
3 104 404 192
1 758
1 172
2 679 206
1 991
1 473
2 684 387
1 921
3 297 263 955
4 54 156 803 854
2 164 598
3 125 553 550
1 403
1 557
2 373 312
1 768
1 872
2 73 755
3 230 410 808
2 770 191
3 643 967 383
3 143 558 313
3 99 742 202
1 712
1 323
1 758
3 39 832 902
1 432
3 149 679 272
1 181
2 162 417
2 57 969
3 275 255 651
2 65 352
4 25 780 343 293
1 474
3 85 361 205
2 26 325
2 34 961
3 24 559 215
3 184 893 514
2 557 626
3 329 975 743
2 139 198
1 165
2 95 306
1 377
3 90 132 525
2 391 245
6 287 829 658 500 490 546
1 61
2 7 421
1 350
2 201 713
3 28 564 919
5 153 964 736 898 365
2 90 567
1 933
1 858
2 52 370
1 369
1 393
1 138
2 742 798
2 985 395
2 996 266
2 944 724
4 84 554 858 885
3 119 180 644
2 800 877
3 16 689 401
3 26 58 545
1 737
1 982
1 538
2 857 836
2 391 838
1 647
1 979
4 117 779 869 369
2 34 669
3 37 140 664
2 923 281
2 210 565
1 769
2 687 439
3 96 994 905
1 554
4 669 642 522 593
1 925
3 147 473 861
4 375 554 875 611
2 503 849
2 194 529
1 503
1 559
1 777
1 919
1 407
2 811 344
4 577 588 635 738
2 170 939
4 135 347 397 858
2 270 675
1 227
2 38 575
3 70 73 808
1 85
2 265 698
1 653
4 190 301 714 594
2 40 920
2 807 577
1 194
1 464
4 97 426 505 647
2 333 391
2 684 695
3 136 640 408
2 244 745
5 16 579 622 814 671
2 789 925
1 149
1 87
2 499 980
2 211 718
3 456 818 590
2 113 627
3 62 113 295
2 748 488
2 884 703
2 196 494
1 132
1 290
1 95
4 157 170 629 475
1 655
1 390
1 478
2 272 310
1 685
2 652 900
1 518
3 37 116 502
4 207 784 966 389
1 146
2 79 429
2 134 603
2 301 841
6 0 775 859 792 934 754
2 176 783
1 183
1 67
3 636 364 721
2 120 604
3 92 354 655
3 450 975 797
3 92 800 367
1 161
1 627
1 917
4 186 503 710 493
1 944
3 199 810 828
2 727 576
2 20 452
1 692
2 204 768
2 472 998
1 125
1 136
1 278
1 730
2 444 892
1 723
2 370 627
5 29 101 537 837 464
2 891 734
2 908 738
1 973
1 639
2 196 377
2 261 702
1 615
1 805
1 264
1 973
1 483
5 154 214 581 557 481
1 693
1 195
1 573
2 88 317
3 499 609 569
2 421 726
2 563 562
2 92 390
1 923
2 35 621
3 198 922 713
1 661
1 24
2 315 985
1 217
2 60 807
4 319 725 422 772
1 784
2 222 241
4 221 337 823 974
1 127
2 821 592
2 176 805
2 949 706
2 32 253
1 801
3 208 343 659
2 987 979
1 419
3 16 27 996
2 759 633
3 8 722 870
1 182
5 51 697 441 938 893
1 672
2 438 698
2 168 723
2 633 589
1 306
5 299 358 961 880 749
5 210 238 278 497 538
1 717
2 223 727
1 746
1 226
1 938
3 264 734 788
3 107 868 504
1 868
1 521
2 232 672
1 944
2 174 909
2 14 162
4 581 753 582 431
3 73 781 682
4 86 260 552 922
3 280 588 977
1 53
1 180
1 880
2 479 901
2 516 433
1 906
1 996
2 116 432
3 192 744 716
1 928
3 379 889 808
2 37 576
3 213 356 524
1 367
1 516
1 670
1 755
2 277 761
1 6
2 906 517
1 308
1 757
2 155 405
3 189 416 547
2 413 845
1 611
4 479 752 961 989
1 440
3 55 894 745
3 386 995 859
4 97 247 866 972
2 436 894
3 384 843 666
3 695 886 538
1 798
4 56 335 792 826
2 534 585
3 66 79 471
2 583 885
2 133 648
2 830 569
3 138 318 554
1 681
2 327 943
2 883 735
1 104
2 806 941
4 288 957 572 560
1 933
1 922
1 42
2 33 649
1 74
2 47 835
1 778
3 276 338 692
1 941
1 129
2 59 704
1 797
2 584 512
1 558
3 446 686 632
4 37 128 330 896
3 167 252 624
2 197 812
3 159 297 994
4 6 705 623 993
3 78 954 931
2 300 844
3 412 435 791
1 901
1 350
1 828
2 106 349
2 138 570
2 751 563
1 134
1 874
2 291 556
1 708
2 211 881
1 67
1 843
3 323 599 802
1 293
1 909
1 664
2 114 391
1 635
5 105 114 286 355 581
2 211 997
1 925
1 305
4 254 256 323 993
2 398 871
1 277
1 989
2 789 668
1 775
1 836
1 669
1 541
2 111 469
1 721
2 202 732
2 936 805
4 413 423 573 765
4 103 428 696 613
2 304 633
1 34
2 60 907
4 46 108 400 568
2 250 873
1 914
1 421
2 209 632
1 864
1 35
1 901
1 255
2 924 601
1 830
2 598 726
1 958
2 445 676
1 93
1 82
2 338 652
4 236 391 442 555
2 704 673
2 51 79
3 511 778 812
1 116
1 895
1 763
4 63 233 648 852
1 211
1 432
2 115 917
2 689 601
1 173
2 110 563
1 407
1 173
6 73 229 249 253 450 774
2 103 538
1 488
5 75 175 203 350 826
3 61 183 470
2 201 257
1 456
1 76
1 357
4 142 357 485 551
2 216 674
1 245
1 122
1 218
2 521 681
2 355 449
1 484
1 642
3 32 456 721
3 353 516 780
1 620
1 267
3 326 420 662
2 262 274
2 64 591
2 282 904
1 54
3 350 405 499
4 405 949 978 670
1 447
1 469
1 445
2 2 982
2 629 929
2 262 408
1 388
1 288
6 23 78 127 578 819 602
1 372
1 250
1 272
1 70
2 12 114
2 717 813
4 55 129 172 532
2 493 628
1 777
3 530 549 758
3 18 591 694
2 22 309
1 316
1 804
1 60
1 807
1 729
3 355 693 717
1 757
2 253 434
2 935 999
1 517
1 809
2 115 345
1 134
1 914
3 685 785 634
3 144 699 812
3 574 805 865
2 50 360
1 282
3 3 476 833
1 473
3 46 765 825
2 203 981
6 58 289 321 337 973 667
2 126 599
3 297 587 979
2 118 842
1 65
4 11 471 525 793
4 381 388 518 775
2 80 618
3 262 498 990
1 315
2 953 686
1 981
4 18 342 956 872
1 280
2 67 676
6 139 250 571 707 849 663
2 182 677
2 230 916
2 58 863
2 751 804
2 239 277
2 448 545
1 460
4 30 125 780 948
3 194 783 678
2 303 537
3 68 271 837
1 45
2 298 317
1 712
2 108 927
3 211 790 746
3 20 377 970
1 935
2 362 964
1 576
1 642
3 243 496 954
1 875
1 441
2 118 627
1 507
4 98 242 250 510
2 424 582
2 282 986
4 385 401 844 994
2 55 539
1 564
1 265
3 534 641 864
1 643
2 74 651
2 165 190
1 877
2 451 568
3 406 917 962
2 71 921
2 168 279
2 302 618
2 471 637
1 247
2 38 77
2 232 549
2 892 716
1 839
2 328 464
4 351 609 740 777
1 602
2 279 442
1 517
1 384
2 270 386
3 619 959 756
3 63 946 796
2 15 109
1 344
1 292
2 467 539
1 476
1 374
2 642 995
3 489 821 914
1 112
1 323
1 126
3 185 656 876
2 215 361
3 13 272 956
1 989
3 417 690 733
4 392 597 609 795
2 287 888
1 79
3 36 65 77
3 315 513 572
3 42 382 866
3 41 336 387
2 10 228
2 367 729
2 356 532
2 326 393
1 63
2 608 725
3 97 111 334
1 872
1 514
1 716
3 339 397 811
3 453 996 951
1 217
4 122 234 950 793
2 262 340
2 923 860
1 693
1 865
2 184 225
1 204
1 417
4 123 281 437 944
2 394 658
2 19 776
2 291 993
1 390
1 859
3 485 646 857
3 151 435 864
1 405
1 311
2 179 425
1 699
5 131 146 430 610 762
4 163 187 601 963
1 381
2 855 923
1 426
2 76 757
2 30 544
1 958
3 516 625 799
1 13
1 856
2 177 329
3 11 246 923
2 181 910
2 44 958
2 367 910
2 49 837
2 554 876
3 311 508 633
2 747 841
3 258 600 693
2 463 541
2 124 241
4 124 196 573 650
2 406 790
1 793
2 312 651
3 306 368 902
2 618 996
1 83
2 81 840
1 397
2 283 507
2 658 781
1 479
3 26 311 444
3 632 737 782
1 921
1 717
3 65 74 700
4 318 468 991 971
2 225 443
1 765
2 231 319
3 376 815 967
1 493
2 69 171
2 605 646
4 346 373 515 620
2 455 928
5 114 274 366 607 952
3 180 268 419
3 614 869 861
1 325
3 261 734 851
5 33 474 541 619 902
1 597
1 282
3 53 801 897
2 153 882
1 54
1 288
2 158 591
1 919
4 372 708 839 999
1 956
1 370
1 11
1 625
3 444 557 988
1 103
3 325 482 965
2 211 895
4 449 531 992 984
1 3
1 188
1 623
1 949
2 462 957
2 237 509
5 53 148 338 653 773
1 238
3 691 821 976
1 787
2 310 776
1 630
2 441 492
2 478 672
1 433
1 998
2 16 75
1 868
3 254 642 930
1 137
1 811
3 150 545 915
2 959 968
1 171
1 760
3 5 767 918
3 12 237 751
3 220 229 264
3 311 438 750
1 739
2 252 809
2 59 918
1 645
3 526 676 752
2 620 741
2 439 722
1 150
3 398 399 848
2 241 809
3 82 102 382
1 504
3 178 639 731
1 522
2 487 969
2 253 665
2 712 774
2 231 680
1 937
1 936
3 107 390 411
1 490
1 816
2 453 937
3 292 973 933
2 229 447
1 442
1 79
1 718
1 419
2 921 960
1 339
2 335 690
2 202 384
3 437 440 958
2 543 829
1 472
2 815 970
1 217
1 8
1 303
3 412 480 528
3 188 784 812
1 92
1 579
1 248
2 414 428
2 112 520
1 340
3 77 403 495
2 770 772
1 81
1 965
1 94
4 39 523 617 708
1 852
1 644
3 322 548 682
2 856 862
4 161 216 259 820
2 35 273
5 169 683 794 890 973
3 361 407 458
6 160 244 359 739 760 769
1 530
5 34 251 283 501 997
1 948
1 657
3 93 418 806
1 587
1 849
1 477
1 4
3 219 457 884
1 311
2 612 660
2 515 879
2 878 883
3 9 384 396
2 54 263
1 43
2 455 465
1 21
1 452
4 228 324 402 745
1 965
2 700 947
1 946
2 650 926
5 72 101 374 582 834
1 737
1 735
1 807
2 114 637
2 477 664
1 170
3 639 714 822
2 456 835
4 533 764 771 894
3 141 699 853
1 890
3 200 390 435
1 682
1 758
3 217 661 980
4 1 828 912 945
2 81 306
3 120 182 801
1 853
3 46 193 874
2 659 897
1 797
1 439
6 89 341 348 627 884 921
1 370
2 204 318
1 839
1 408
2 48 582
3 240 378 629
2 286 964
2 626 638
2 235 586
1 106
2 22 830
2 226 364
2 152 671
1 378
1 826
3 435 506 715
1 635
2 166 797
1 830
3 476 503 748
3 248 475 672
2 438 707
5 227 380 415 735 785
2 500 925
2 330 846
3 15 612 821
