100
2 64 6
2 9 94
1 95
3 81 70 86
2 88 67
2 20 66
4 0 58 11 39
3 55 68 38
2 19 47
6 1 58 47 33 76 89
2 23 24
1 6
1 21
1 59
1 53
1 91
5 67 53 97 85 51
1 66
2 23 32
1 8
2 5 93
3 12 80 22
3 54 21 90
3 56 10 18
2 60 10
2 80 84
1 98
1 81
4 62 65 71 79
2 62 85
2 34 40
1 42
1 18
2 9 43
1 30
2 79 92
1 63
2 61 53
2 7 85
5 6 75 90 44 95
3 57 30 51
1 95
2 65 31
1 33
3 73 87 39
1 57
1 84
3 8 9 49
1 61
3 70 74 47
1 87
2 16 40
1 71
4 63 14 16 37
2 77 22
2 91 7
2 70 23
3 40 59 45
2 9 6
2 57 13
1 24
2 37 48
2 28 29
2 36 53
2 0 98
2 42 28
2 5 17
2 4 16
1 7
1 85
4 3 56 83 49
3 52 99 28
2 97 74
1 44
2 72 49
1 39
1 9
1 54
1 83
2 28 35
2 21 25
3 3 27 93
1 83
3 70 78 82
2 25 46
5 69 16 29 96 38
1 3
2 44 50
1 4
1 9
2 22 39
2 55 15
1 35
2 20 81
1 1
3 2 39 41
1 85
2 16 72
2 64 26
1 71
