100
1 75
4 18 68 9 82
1 3
4 2 59 64 38
3 91 36 27
2 70 15
1 8
1 58
2 6 17
2 1 41
1 77
3 46 84 86
1 48
2 58 32
3 91 94 73
2 5 36
1 90
2 8 90
3 1 50 25
1 47
3 26 24 77
1 42
1 23
2 22 96
3 62 20 94
4 18 32 29 31
3 20 97 40
1 4
1 40
3 66 25 44
1 67
4 47 25 96 42
4 13 25 80 94
2 48 54
2 51 87
1 84
2 4 15
1 80
2 3 39
1 38
3 53 26 28
1 9
3 21 74 31
2 89 94
1 29
2 55 65
2 11 76
4 19 31 51 98
4 56 33 85 12
1 59
3 93 18 75
2 47 34
1 94
2 40 81
2 33 61
1 45
3 48 59 90
1 83
2 7 13
4 49 3 56 67
1 61
2 54 60
1 24
1 65
3 3 84 72
3 63 67 45
1 29
4 59 65 30 83
1 1
1 99
1 5
1 80
1 64
1 14
1 42
2 0 50
1 46
2 10 20
1 91
1 83
3 71 37 32
2 53 88
1 1
3 57 67 79
4 11 64 94 35
1 48
1 11
1 34
2 81 95
1 43
3 56 16 17
3 4 14 78
1 94
1 50
7 52 14 24 84 32 92 43
1 88
3 23 31 99
1 26
1 47
2 69 96
