200
1 82
5 62 31 79 19 133
2 126 9
3 63 116 135
3 23 33 73
1 173
2 9 48
2 169 25
3 72 179 68
2 2 6
1 134
1 69
1 51
2 193 20
2 159 105
2 194 49
2 138 126
5 117 138 25 139 174
1 138
1 1
3 13 42 74
2 140 128
2 104 87
1 4
2 145 52
2 7 17
1 58
1 29
1 128
2 27 164
1 134
1 1
1 104
3 4 167 145
1 150
1 79
1 161
1 60
1 116
1 50
2 123 180
3 112 119 160
4 20 192 88 100
2 164 58
2 196 99
1 72
1 81
1 98
1 6
4 108 15 57 96
3 39 194 157
5 117 12 190 59 158
1 24
1 145
1 79
1 112
1 142
3 49 182 197
2 26 43
2 131 51
3 141 37 77
1 125
3 1 142 198
1 3
2 191 199
1 142
1 114
1 170
1 8
3 11 84 87
2 144 161
3 154 160 165
3 8 45 197
1 4
2 20 168
1 121
1 119
2 125 60
2 149 182
4 1 35 54 87
1 189
2 46 104
2 0 192
1 84
3 136 69 83
2 98 90
1 160
5 22 125 69 165 79
1 42
2 109 185
3 176 186 85
2 127 190
1 157
1 186
1 114
3 111 190 101
1 49
1 196
3 144 47 85
1 44
2 42 188
1 95
2 162 195
1 176
5 22 32 164 173 81
1 14
1 174
2 180 159
2 49 187
1 89
2 123 115
1 95
2 41 55
1 164
5 192 94 142 66 185
1 110
3 3 123 38
4 51 17 150 155
1 195
3 143 41 76
2 156 131
3 171 124 75
1 176
3 110 116 40
1 121
3 61 87 77
2 2 16
1 91
3 21 178 28
2 162 164
1 184
2 120 59
1 153
1 1
3 10 30 139
1 3
1 84
2 156 180
4 16 17 18 163
3 17 134 140
2 21 139
1 60
5 114 184 62 65 56
1 119
3 70 98 170
4 24 33 182 53
2 152 189
1 180
1 182
1 78
3 117 34 151
1 150
1 146
2 132 160
2 71 183
2 117 194
2 120 137
2 50 92
1 51
2 107 14
4 41 153 86 71
3 36 199 70
3 129 102 181
1 138
5 113 129 29 43 104
2 87 71
1 194
1 33
1 74
3 7 177 175
2 144 67
3 121 194 196
1 181
2 5 104
2 17 106
1 169
3 122 90 103
1 169
1 128
1 8
4 107 137 147 40
2 162 172
4 145 148 57 78
1 154
2 130 142
2 114 89
2 90 93
1 108
1 100
3 146 80 190
6 51 189 91 191 192 95
2 64 190
4 114 42 82 190
1 13
5 15 50 155 166 171
2 118 102
3 44 171 97
2 57 72
1 62
2 64 161
