600
4 120 501 151 332
3 429 172 36
1 365
2 455 548
1 249
3 229 576 404
4 197 37 485 93
5 178 97 243 65 395
3 184 581 317
2 445 462
2 378 39
2 179 281
3 28 560 558
1 560
1 534
2 198 524
2 477 424
2 312 448
1 372
1 74
3 181 339 399
4 75 106 107 216
2 346 450
2 481 439
3 524 527 490
3 489 44 487
5 92 217 388 410 322
2 39 145
2 12 138
3 42 112 102
2 510 81
2 46 149
1 162
3 212 541 192
1 407
1 481
5 1 147 555 436 95
3 6 348 264
6 61 253 360 501 457 369
2 10 27
1 91
2 304 196
5 29 272 434 234 135
4 198 584 583 575
3 25 139 331
1 398
1 31
1 199
2 527 540
2 176 580
1 153
1 568
2 590 67
1 342
1 194
3 474 473 299
2 591 146
3 491 123 468
2 402 378
2 361 478
2 230 142
3 38 355 547
5 340 402 81 408 525
1 402
2 159 442
1 7
2 574 226
3 52 128 221
1 365
2 412 382
1 261
1 406
1 317
2 298 262
4 19 85 548 100
1 21
2 509 522
2 267 528
4 560 231 240 594
3 505 560 114
2 418 154
2 30 62
1 167
1 511
1 90
2 74 238
1 404
1 226
3 578 555 174
1 382
2 84 495
2 40 134
2 26 255
1 6
1 428
2 36 155
1 398
1 7
1 244
1 298
1 74
2 410 551
1 29
1 455
2 151 251
3 595 374 390
3 21 506 418
1 21
1 459
1 213
1 264
2 329 392
2 29 358
1 444
3 79 383 205
1 243
1 234
1 488
1 175
1 350
2 0 324
1 339
1 148
2 57 162
1 403
2 543 366
3 328 475 352
1 344
4 67 587 263 292
1 368
2 495 167
1 371
3 503 592 290
2 447 218
2 91 212
1 42
1 246
1 405
1 28
1 44
1 305
2 434 379
1 60
2 291 157
1 289
2 27 448
4 56 166 309 287
3 36 368 595
3 122 591 467
3 31 594 420
4 388 381 220 333
2 0 104
1 500
5 50 340 573 171 471
3 80 235 450
1 95
1 584
1 143
1 236
2 64 236
2 394 344
3 418 516 301
3 32 123 459
1 243
1 328
1 414
3 146 545 593
2 82 130
1 369
1 518
1 392
2 153 387
2 1 188
1 372
1 88
3 118 239 413
1 49
1 377
3 7 414 596
1 11
5 507 483 480 528 565
3 20 441 535
1 271
2 586 598
2 8 371
1 414
1 472
2 348 397
2 172 425
2 304 465
1 337
1 517
1 33
1 215
2 54 327
1 368
1 41
3 6 294 273
3 15 43 306
3 47 252 262
2 416 488
1 329
1 497
3 581 341 518
1 483
1 114
1 209
1 225
3 475 499 460
2 206 417
1 409
2 549 433
3 33 134 593
3 109 428 264
1 278
3 193 325 313
1 21
1 26
1 133
1 343
2 150 512
2 67 508
1 356
1 345
2 578 571
2 207 500
2 66 87
3 392 403 538
1 425
3 5 244 323
4 60 524 549 582
1 78
3 426 542 347
1 307
3 42 116 375
1 154
2 158 159
1 492
1 85
2 175 377
1 78
2 545 438
4 531 489 548 482
4 7 115 163 262
2 98 229
1 569
2 136 298
2 458 364
1 445
2 4 587
1 252
2 104 419
3 199 250 400
3 38 268 396
2 289 275
4 92 548 424 509
2 277 281
2 529 589
1 475
2 599 321
1 585
3 70 492 316
5 73 199 243 499 377
1 128
4 37 110 213 531
2 417 500
2 392 498
1 77
1 253
1 455
2 485 443
2 182 379
3 42 567 293
1 197
2 311 552
3 254 530 553
2 380 573
2 256 467
2 214 513
2 331 386
1 321
2 11 256
1 584
1 553
1 368
1 337
3 295 573 320
1 146
1 592
3 144 254 416
1 132
5 143 349 560 523 486
2 128 566
1 272
3 197 407 437
1 286
1 594
1 530
5 73 99 246 524 495
1 55
1 482
1 161
1 525
2 510 314
2 41 189
5 140 403 348 422 452
3 198 326 373
2 233 544
2 543 474
2 146 554
2 350 423
1 274
1 17
1 215
1 303
2 557 496
2 261 383
3 8 72 539
1 341
2 366 338
1 286
3 259 280 489
1 26
2 229 577
1 120
3 215 406 432
1 306
3 194 373 563
2 126 164
2 111 201
1 391
3 44 279 376
4 0 580 405 353
1 150
1 404
1 495
2 342 419
5 190 285 587 414 552
1 319
3 20 121 366
4 62 153 444 461
2 203 318
2 53 336
2 219 468
4 127 160 559 407
3 223 447 484
1 22
1 232
3 37 187 305
1 291
2 119 310
2 410 372
2 126 415
1 332
2 464 387
1 61
3 222 521 367
1 459
1 112
1 497
4 38 511 372 476
2 59 536
1 530
1 589
2 247 472
3 2 68 432
3 125 319 339
1 356
4 129 147 195 284
2 38 168
1 448
3 131 184 462
5 18 173 351 360 389
3 306 327 581
1 105
1 234
2 331 427
3 177 239 262
2 10 58
2 141 271
1 276
2 150 536
3 69 89 537
3 114 316 440
2 493 495
1 550
1 279
2 171 354
2 26 150
2 372 572
1 105
2 330 541
5 111 170 227 266 544
1 509
1 160
1 7
2 253 561
1 187
3 45 96 408
1 20
1 252
2 464 543
4 58 62 63 494
4 124 227 305 423
3 5 86 334
2 137 332
3 71 325 514
5 34 294 344 574 447
3 62 398 412
2 210 576
3 26 101 351
1 534
2 69 408
1 175
5 165 178 185 337 550
1 352
3 200 289 517
3 209 265 511
4 80 106 161 545
2 251 336
2 149 529
2 453 569
1 305
2 310 403
2 16 255
2 188 228
3 232 463 524
1 376
2 94 213
2 1 477
1 543
1 556
3 325 365 459
1 211
3 42 141 480
1 545
1 36
1 294
1 241
1 23
1 383
1 181
2 64 594
1 270
3 113 340 446
2 9 248
1 444
5 133 345 407 568 564
3 17 145 370
1 459
2 22 154
2 520 541
1 305
1 421
1 549
3 3 103 269
1 475
1 38
2 247 465
6 108 162 357 432 449 589
2 208 546
2 340 591
2 9 371
1 426
2 354 401
3 189 458 523
2 578 519
2 148 277
2 57 343
1 594
1 583
1 153
2 186 364
3 55 533 555
4 55 308 528 502
4 126 208 258 456
1 360
2 16 429
1 59
1 574
2 180 434
3 23 35 506
3 242 300 562
2 180 204
1 345
2 6 270
1 291
1 25
3 117 200 598
3 25 242 321
1 24
1 57
3 237 261 570
1 384
1 402
5 90 130 298 335 384
1 315
3 202 359 528
1 266
2 208 262
4 152 225 265 515
2 0 38
1 474
1 132
1 591
1 79
3 106 481 588
2 180 534
1 221
3 76 255 393
4 30 303 532 526
3 83 360 417
1 220
2 278 549
1 406
1 500
2 161 585
2 191 416
2 169 203
1 466
1 451
3 356 591 592
1 76
2 291 465
5 15 24 230 298 426
2 62 302
1 510
2 24 48
4 77 180 474 497
3 257 420 578
3 275 297 362
2 242 264
1 510
1 473
3 14 411 507
1 181
2 361 381
1 382
1 227
1 317
1 48
3 33 391 451
1 232
4 125 308 401 430
2 307 392
4 166 241 418 435
1 460
2 61 557
4 3 74 242 255
4 211 230 454 513
2 385 414
1 101
2 274 337
2 275 283
1 309
3 36 88 473
2 431 589
2 315 547
1 12
1 344
5 12 13 78 79 291
1 396
1 482
1 327
1 447
1 180
1 292
1 272
3 51 447 597
3 245 421 573
1 492
1 224
1 389
6 153 276 286 569 586 587
3 66 407 479
1 43
3 5 409 599
1 323
5 88 224 466 529 579
1 578
2 49 332
3 8 203 373
1 230
2 43 470
3 43 156 282
2 260 516
2 183 573
4 128 249 337 573
1 506
4 257 363 459 556
1 52
5 56 148 461 504 521
3 132 288 521
2 166 212
5 78 149 296 442 469
2 105 147
1 178
1 568
2 183 488
2 259 576
