1000
2 241 60
1 621
1 225
1 47
1 582
1 603
1 923
3 112 427 244
4 492 200 55 877
3 612 54 703
3 177 626 499
1 925
1 775
2 327 977
2 443 21
1 925
3 255 631 925
5 638 240 855 61 35
1 73
1 858
1 201
3 14 582 858
2 622 302
1 659
5 806 56 888 389 633
1 152
4 157 69 196 607
2 614 942
1 930
1 443
3 614 524 262
2 718 585
2 530 131
2 629 367
4 72 726 839 672
1 17
3 101 447 795
3 126 509 197
1 707
1 393
2 254 896
5 121 982 903 874 778
2 70 740
4 780 916 827 399
1 779
1 116
4 229 700 115 722
3 3 230 805
2 335 869
4 152 575 137 512
2 418 512
1 344
1 876
4 930 428 530 814
2 9 547
2 8 871
3 24 668 947
2 597 764
2 885 206
3 834 376 246
1 0
1 17
2 768 75
2 146 708
2 323 564
1 145
2 827 374
4 860 924 590 276
1 300
3 26 246 886
2 42 140
2 710 525
4 34 647 685 222
3 18 319 628
1 977
3 62 547 849
1 515
2 442 858
2 149 760
1 374
2 435 959
1 987
1 343
1 518
2 429 548
4 450 966 345 565
1 441
2 378 370
1 432
2 469 351
1 738
2 398 429
3 257 561 816
1 711
1 661
1 190
3 987 300 362
3 918 972 713
3 134 836 938
1 828
2 303 796
2 36 687
2 927 460
1 468
1 731
3 188 263 280
1 989
1 623
1 275
1 364
2 320 936
3 917 826 285
4 7 419 165 341
6 630 723 297 655 530 308
5 489 253 966 252 952
2 46 658
3 45 137 186
1 981
2 955 182
2 590 152
1 551
2 41 445
2 701 716
4 616 785 563 786
2 951 486
2 701 306
3 37 861 559
1 473
2 951 138
1 154
2 875 942
3 32 863 758
1 549
2 471 983
3 98 138 247
2 382 337
1 341
6 49 116 780 293 476 625
2 128 134
1 599
3 70 339 250
2 460 610
1 347
1 533
2 826 706
2 65 384
4 63 711 737 199
2 255 369
1 157
1 78
2 777 395
2 999 547
4 25 49 119 415
1 689
4 129 198 937 720
2 784 880
1 850
4 26 148 232 771
1 298
3 861 561 914
1 752
1 808
1 969
3 688 586 654
1 333
2 112 546
2 986 418
1 632
3 733 264 957
2 787 219
1 505
4 955 232 953 933
1 859
3 601 714 191
1 391
1 217
4 536 728 401 899
3 10 799 964
2 999 675
1 339
1 631
5 815 317 831 447 660
2 118 769
3 456 493 979
1 849
1 426
1 116
1 775
2 105 573
1 727
3 95 946 963
1 173
1 324
1 214
1 588
1 614
2 26 866
1 37
1 154
3 146 602 484
4 8 203 540 541
2 20 426
1 262
5 200 549 506 962 584
1 638
2 255 738
2 58 459
1 636
2 518 266
1 304
1 952
1 845
2 743 932
2 544 878
2 193 482
1 612
1 647
2 175 859
2 430 336
1 169
3 356 230 750
1 312
2 72 498
2 907 514
1 230
3 2 311 331
1 621
4 608 970 748 465
2 487 992
1 46
3 47 220 224
3 236 442 494
2 157 171
2 799 492
1 787
3 501 651 894
1 231
1 295
2 889 676
1 468
1 17
2 0 513
3 394 623 408
2 752 267
2 7 992
2 856 802
2 59 69
2 134 474
4 710 604 553 688
2 479 580
3 140 871 975
1 731
3 114 781 859
1 114
3 40 671 438
3 16 147 205
1 629
1 92
1 655
1 653
1 447
1 890
3 30 202 809
1 105
2 168 355
1 534
4 208 911 526 581
2 243 745
1 317
4 690 471 449 960
1 730
1 541
4 712 471 745 781
1 612
2 637 840
3 108 448 286
4 67 998 377 417
1 850
4 549 525 709 641
1 874
3 105 588 491
1 736
1 511
1 977
2 901 777
1 111
1 275
2 587 732
2 746 895
1 719
2 520 577
2 383 376
2 415 821
3 137 961 448
1 952
2 237 838
2 347 609
2 113 672
2 158 348
2 865 596
3 68 96 384
2 688 414
2 22 516
2 100 420
3 209 744 449
4 579 463 620 715
2 125 738
2 753 885
1 113
1 670
3 731 548 566
2 225 666
2 221 749
2 976 790
1 775
3 467 764 832
1 769
3 181 268 764
2 375 992
4 73 719 473 645
1 110
1 999
2 571 519
3 64 598 939
3 192 714 614
3 910 491 822
2 478 403
3 13 647 674
1 816
2 680 472
1 779
2 225 391
1 783
2 164 847
2 641 466
1 48
2 218 364
4 135 360 956 916
1 930
2 140 179
2 619 763
3 112 136 372
1 978
2 82 621
2 51 555
1 85
1 754
2 142 296
3 298 402 890
1 497
1 689
3 89 617 996
1 387
1 709
1 728
3 264 987 492
1 220
4 363 428 405 669
2 632 716
1 453
2 337 431
2 748 679
3 96 388 773
2 357 615
3 109 336 617
2 674 692
1 941
2 33 760
1 524
3 147 777 797
4 87 697 693 451
1 529
1 341
3 387 994 411
2 66 79
1 318
2 59 291
1 276
2 87 824
1 749
2 858 851
1 784
1 135
2 291 407
3 145 300 485
1 507
1 910
4 352 373 487 949
3 362 657 950
1 24
1 422
3 174 331 892
1 652
2 39 550
1 242
1 150
2 670 990
1 812
2 91 934
2 43 997
2 515 503
2 176 759
3 348 816 591
2 326 963
2 865 531
4 357 790 545 439
1 951
2 383 865
1 242
1 972
1 790
1 373
1 941
1 972
1 301
2 152 292
2 779 686
1 276
3 50 166 651
2 112 605
1 303
1 689
3 390 848 843
1 976
2 595 971
2 448 646
3 185 201 575
1 7
3 53 357 455
3 84 91 937
2 218 446
2 360 967
2 88 878
5 756 779 508 437 684
2 462 853
2 80 901
2 676 922
3 433 727 879
3 254 593 444
1 405
1 586
2 86 763
2 77 231
4 14 29 776 638
1 438
1 121
1 430
5 36 181 260 521 717
3 275 293 425
2 269 304
2 85 848
1 370
1 835
3 359 946 504
1 938
2 428 693
2 183 652
1 882
2 770 762
1 206
4 102 141 751 662
2 681 959
1 434
2 305 574
2 903 918
2 227 644
1 334
2 315 538
3 103 239 909
1 89
1 657
3 133 269 272
1 329
2 127 319
1 247
1 659
3 137 766 528
2 963 869
3 326 667 601
4 249 888 961 919
2 828 961
1 758
2 214 820
2 506 992
1 199
1 384
1 124
2 228 387
1 802
1 114
2 944 826
2 280 325
4 8 233 355 891
2 183 961
2 231 523
3 510 844 513
1 599
2 349 828
1 222
1 10
1 668
3 235 846 634
2 799 611
2 400 559
1 453
2 170 511
2 203 483
3 385 534 923
4 433 967 968 823
2 37 603
1 495
5 282 505 780 530 702
2 49 50
3 241 495 712
3 223 764 847
2 76 400
1 302
2 598 845
3 83 208 988
2 322 570
5 290 551 918 811 542
2 447 648
4 728 637 794 831
1 494
4 30 368 707 772
2 71 278
1 266
1 681
1 476
3 371 893 991
9 32 53 113 511 579 813 596 842 898
1 404
1 872
3 143 751 766
3 265 507 989
2 829 695
1 176
2 667 820
1 467
1 860
2 200 599
2 200 271
1 520
1 803
1 213
2 405 984
1 165
4 54 75 151 742
2 84 310
3 132 203 278
2 393 621
4 120 520 581 870
3 847 623 875
1 248
1 966
2 344 893
2 663 595
2 762 805
1 838
2 126 503
2 857 768
4 92 159 661 838
1 563
2 123 562
1 64
2 85 872
1 310
1 771
2 619 999
1 693
1 519
3 322 752 833
2 722 578
3 188 783 682
1 463
2 49 426
2 862 665
2 290 643
2 572 884
3 305 530 810
1 249
2 266 551
2 4 21
2 985 879
1 203
1 31
2 163 440
3 287 627 995
3 194 280 648
1 888
2 67 119
1 402
2 802 729
1 438
4 853 637 642 624
2 424 556
2 299 530
1 57
3 323 517 712
4 139 496 540 928
1 987
2 173 478
1 199
2 5 509
1 248
2 419 741
3 773 718 896
1 26
1 227
2 296 840
2 141 616
1 502
3 9 215 273
1 929
5 27 30 195 324 706
2 363 755
2 123 610
3 351 364 694
1 966
2 340 568
1 305
7 1 226 343 550 773 895 936
2 22 922
6 107 242 552 704 951 724
1 594
1 137
1 10
2 587 920
1 73
3 33 256 758
1 113
2 16 180
2 167 358
1 24
1 501
1 792
3 207 948 656
4 274 522 594 721
3 17 204 443
1 696
1 726
3 278 334 965
2 594 981
1 577
1 465
1 319
1 425
3 72 216 327
2 521 588
2 680 850
1 799
2 235 418
2 392 456
2 259 869
1 163
2 113 258
2 636 852
2 388 470
1 115
3 23 475 685
3 181 676 784
3 94 561 989
1 460
1 556
1 673
2 576 942
1 311
2 478 537
2 56 500
1 357
3 309 396 783
2 254 798
2 34 297
4 664 993 936 958
2 327 365
1 178
3 238 436 660
1 843
1 774
4 361 841 951 691
3 329 649 917
3 461 527 775
1 573
1 822
1 433
2 72 659
2 416 830
1 101
5 163 248 301 940 812
4 153 350 421 721
1 269
1 679
2 365 808
3 370 455 569
3 617 801 945
2 535 746
2 639 721
2 370 926
1 744
1 709
1 46
2 122 125
1 511
1 9
4 623 892 897 738
2 959 948
2 144 614
2 38 524
2 63 867
3 278 353 699
2 71 248
3 93 146 914
3 272 513 598
1 97
2 173 324
1 305
2 122 358
1 447
2 31 606
5 289 319 799 875 736
1 154
3 637 689 696
2 46 572
1 113
2 623 915
3 734 913 858
2 34 640
2 189 437
3 176 354 522
1 592
2 270 863
4 104 251 310 816
1 287
1 168
4 725 818 796 762
1 977
2 281 719
2 146 793
4 90 205 306 704
3 904 929 941
1 42
1 605
1 547
2 212 935
2 304 698
2 267 272
2 288 695
1 803
3 227 361 754
3 312 379 784
1 220
2 460 533
3 160 243 571
1 307
2 346 748
1 615
1 433
1 952
3 131 481 629
1 401
3 78 367 819
1 780
4 458 557 734 954
2 340 441
4 57 315 317 514
1 885
2 476 533
1 923
2 62 560
2 182 316
1 458
2 157 567
2 524 878
3 362 606 621
3 678 959 787
4 12 187 314 681
1 443
3 150 284 369
1 41
4 44 330 416 433
4 43 137 511 761
3 252 272 881
1 808
3 332 573 670
4 155 381 660 749
1 123
1 123
4 169 234 774 804
1 967
1 913
3 313 405 410
1 848
2 635 967
3 737 908 889
1 522
1 36
2 100 734
1 369
1 671
5 177 233 502 650 719
1 808
2 694 935
3 245 488 592
5 543 747 837 864 899
1 787
2 47 557
1 24
1 833
5 161 692 782 800 980
2 262 856
2 579 905
1 520
2 397 688
1 530
1 53
1 181
4 92 328 402 731
2 966 974
2 734 922
1 760
2 482 537
1 292
2 325 683
1 508
1 378
1 890
5 111 144 490 976 854
2 43 66
3 99 480 497
1 535
1 686
2 181 522
1 315
3 571 807 892
1 59
2 452 881
1 98
1 803
3 295 558 561
2 34 909
2 274 609
1 679
1 530
2 422 677
1 495
2 211 517
1 501
3 333 514 552
3 422 450 791
2 75 184
3 156 277 649
1 380
1 656
2 434 594
2 826 931
1 17
2 245 809
1 560
5 19 21 77 380 725
3 172 217 252
3 67 539 943
3 126 159 873
1 576
2 131 730
1 803
3 299 404 407
1 196
1 708
1 912
3 48 477 653
1 551
2 55 250
2 532 565
1 861
3 41 279 876
3 130 552 719
2 52 874
1 8
3 213 432 772
2 437 583
1 155
2 781 835
2 457 912
1 914
3 578 993 906
4 58 307 765 971
1 69
1 906
3 24 479 589
3 238 793 945
3 261 348 825
2 492 904
3 391 704 833
2 529 555
1 235
2 288 621
2 40 606
1 704
1 530
2 176 803
1 991
2 284 435
1 979
2 41 464
2 739 891
1 810
2 884 887
1 223
1 793
2 468 839
3 325 386 921
2 266 969
3 868 882 958
2 725 789
3 159 711 883
1 724
2 43 337
2 111 680
3 97 464 520
1 479
2 627 938
1 910
3 436 622 818
3 6 507 767
1 67
3 11 15 16
1 697
1 102
2 599 972
2 613 739
3 28 53 338
1 854
2 212 973
1 171
1 398
2 743 801
3 110 621 673
2 154 429
3 98 454 920
1 323
1 688
3 366 412 739
3 27 130 665
1 860
1 490
2 694 889
3 190 453 971
1 56
2 636 705
1 387
1 388
5 124 128 406 623 679
4 114 210 294 757
1 171
1 762
2 118 171
1 337
1 168
2 673 912
5 80 461 705 774 978
1 269
5 293 479 480 493 991
1 203
3 190 403 477
1 177
1 641
5 85 114 554 618 817
4 431 508 788 792
1 508
2 162 911
1 227
3 424 885 946
4 97 409 413 928
1 932
1 817
1 250
3 313 423 826
4 13 74 283 735
2 342 959
2 183 902
1 808
2 117 642
1 41
1 133
1 545
1 583
2 166 999
4 81 96 355 600
1 518
3 106 534 661
1 396
3 529 900 961
4 228 244 318 483
2 673 884
1 373
1 587
1 351
1 399
1 276
5 151 178 321 568 986
