1000
1 350
2 839 561
2 832 417
2 439 66
2 485 628
2 828 14
3 624 244 930
2 920 342
3 937 389 876
1 809
1 44
3 271 188 968
2 789 164
1 523
4 5 681 188 927
1 760
2 579 808
1 215
1 404
2 796 235
4 227 434 166 46
4 180 556 668 71
2 851 722
2 615 172
4 795 434 83 31
1 61
4 390 301 536 649
3 90 631 92
1 501
1 817
1 301
2 24 183
2 809 77
2 50 203
4 757 926 765 310
1 270
2 631 415
1 780
2 443 886
1 558
3 696 470 779
1 95
2 47 458
2 127 625
3 10 732 384
3 336 987 265
1 20
5 42 920 374 965 262
2 111 816
1 457
3 33 472 226
2 700 618
4 560 841 612 952
1 698
1 740
1 590
1 772
4 763 470 568 512
2 511 290
3 344 911 337
3 978 989 590
2 25 229
3 428 579 807
2 853 963
1 930
3 180 589 267
3 3 402 889
1 316
2 677 469
1 616
2 880 222
1 21
1 603
2 770 704
1 202
1 423
2 434 224
5 32 671 996 974 137
1 418
2 204 340
2 665 487
2 680 845
4 986 709 896 205
1 24
2 393 534
2 327 119
2 994 658
3 126 341 490
1 173
1 352
2 27 381
1 540
4 27 670 110 869
2 562 787
2 200 235
4 41 964 98 584
3 801 349 619
1 417
4 95 914 278 333
4 943 272 335 142
1 404
3 697 568 998
1 196
2 919 541
1 814
1 408
4 351 896 949 121
3 822 204 213
2 468 569
1 486
4 92 459 525 419
7 48 240 191 955 527 438 220
1 498
4 770 781 760 280
1 270
1 258
1 814
2 887 848
1 842
1 85
1 677
1 106
1 701
1 991
3 140 129 771
2 335 504
2 87 935
2 43 750
3 904 515 261
3 124 318 424
3 797 239 726
1 795
1 885
2 331 752
2 641 160
1 346
1 668
1 77
1 394
1 635
4 124 962 379 502
1 626
1 99
2 932 273
1 603
2 149 831
1 613
4 563 361 793 938
2 507 287
2 145 338
2 721 824
3 187 877 553
1 967
1 557
2 723 920
1 914
1 590
2 305 434
1 909
2 923 452
2 134 992
2 275 351
2 960 438
2 950 871
5 12 352 857 349 867
2 226 353
2 20 973
2 509 760
2 386 428
4 469 634 744 245
2 407 725
1 954
1 23
4 88 182 550 715
1 592
3 446 986 659
4 264 676 442 503
1 838
2 840 281
1 774
4 21 65 484 830
3 236 792 972
1 173
2 31 609
1 826
1 542
1 586
1 151
5 11 14 718 378 874
1 632
1 226
2 111 536
2 947 574
3 975 850 312
1 975
1 607
4 102 552 963 282
1 835
1 881
1 378
1 94
1 250
3 74 656 419
1 33
2 79 107
3 82 389 250
2 992 524
1 929
1 307
1 248
2 731 520
1 856
5 792 892 986 785 491
1 107
2 450 667
2 17 525
1 513
2 321 885
1 340
3 862 506 815
2 111 847
3 913 462 839
3 70 951 369
2 576 552
2 76 949
2 313 860
4 50 165 190 851
2 20 285
1 800
4 61 489 614 643
1 267
2 394 833
1 293
1 562
1 450
5 19 94 711 688 939
2 181 594
2 350 247
2 938 447
3 130 441 994
3 111 363 246
2 530 300
2 577 676
1 739
2 6 295
1 169
3 240 567 940
4 237 464 412 437
2 209 559
1 365
2 201 205
1 938
2 718 775
2 946 545
1 707
3 440 404 602
1 325
1 530
2 115 865
1 832
1 262
1 128
3 47 260 929
3 313 574 890
3 176 891 309
1 45
3 715 856 774
5 65 230 791 554 586
3 708 409 823
1 660
4 35 114 540 455
2 11 763
2 99 771
2 143 882
2 962 329
1 161
2 917 406
1 774
2 98 615
1 896
1 113
1 178
2 196 861
1 647
1 442
1 227
1 563
2 148 360
3 476 469 751
1 489
1 58
1 757
2 585 853
2 232 916
1 885
2 244 835
1 316
2 677 913
2 592 979
1 852
1 241
4 26 30 596 906
1 680
1 863
1 503
1 157
1 310
4 208 845 868 416
2 650 365
1 264
3 34 306 794
1 647
3 193 771 655
2 225 263
2 844 437
1 446
3 67 296 610
2 708 320
1 129
2 608 547
2 317 532
3 217 442 740
1 336
2 905 770
2 704 758
2 256 791
1 487
2 85 584
2 811 950
1 274
2 987 849
3 133 639 724
1 588
1 98
3 598 448 535
2 99 125
3 45 322 669
1 59
2 149 489
2 547 803
5 79 218 584 720 465
3 87 713 520
1 7
1 449
2 59 870
1 950
3 135 782 470
1 421
1 857
2 96 164
6 0 237 981 380 838 970
3 106 161 743
3 89 164 735
2 165 922
1 474
3 993 541 538
1 794
3 426 996 905
2 693 917
2 544 915
1 287
1 147
1 668
3 240 883 924
1 649
3 249 308 411
1 544
2 933 928
1 950
2 222 982
1 499
1 493
1 703
1 829
1 47
1 696
1 846
2 812 968
2 188 199
1 140
3 350 731 852
6 90 993 916 423 431 533
1 481
1 442
1 44
1 652
2 168 788
2 604 745
2 468 866
2 8 205
2 26 999
1 807
2 992 530
3 84 788 481
4 138 231 794 753
4 813 906 498 606
1 769
2 888 966
1 879
1 695
1 629
2 682 439
4 66 895 493 436
1 514
5 18 100 255 463 737
1 424
5 276 581 593 453 564
2 170 972
2 105 528
3 268 846 634
2 900 468
1 365
2 247 460
1 778
1 542
1 36
2 307 633
2 2 97
5 78 466 665 967 636
4 110 202 896 783
4 849 513 473 501
2 347 522
1 458
2 75 381
3 129 405 772
2 610 777
2 357 477
3 506 917 582
4 62 168 475 551
2 936 546
1 856
3 381 542 683
2 950 925
1 907
5 20 24 76 157 762
1 763
2 402 773
3 247 314 912
4 111 162 693 798
3 3 401 913
1 255
2 239 756
4 176 284 321 383
3 38 701 505
1 753
2 468 585
3 175 315 784
1 238
2 334 648
2 343 501
3 214 234 840
1 765
1 159
1 406
2 824 548
1 270
1 871
2 49 686
2 42 422
1 110
1 412
1 763
2 221 483
2 404 799
1 247
2 340 706
2 418 901
1 908
4 108 388 410 445
5 68 169 288 776 739
3 40 57 346
2 766 762
1 50
2 420 971
2 354 665
1 428
1 288
1 426
2 993 565
1 529
2 698 646
2 382 393
3 580 910 958
2 462 799
2 180 584
1 4
3 109 982 536
3 80 326 865
2 889 685
5 229 289 338 736 778
1 87
1 212
3 731 944 610
4 371 402 836 983
1 537
3 518 814 732
1 922
2 696 598
2 112 395
3 370 884 921
1 916
3 28 420 449
1 140
2 176 304
1 125
1 443
2 219 427
2 148 892
1 770
2 167 810
2 594 519
3 58 714 961
1 57
3 216 420 521
3 403 623 932
2 128 630
1 898
1 707
3 495 926 643
1 510
2 210 341
2 513 642
2 421 925
2 13 607
1 206
2 110 215
1 821
2 111 954
3 408 893 761
2 479 605
5 241 257 392 597 730
1 935
1 320
1 381
3 84 590 674
2 334 979
4 26 191 486 729
4 494 650 900 977
1 355
1 875
3 91 270 787
3 103 355 908
3 185 414 431
2 715 622
2 359 366
1 253
1 429
2 319 339
1 454
1 911
1 173
1 428
2 196 223
2 151 902
2 267 605
2 894 559
1 21
3 153 837 719
4 39 787 857 980
2 248 555
5 52 733 759 741 988
3 1 934 820
3 93 233 987
2 147 286
1 406
1 478
1 781
1 246
3 57 101 991
1 108
1 621
1 945
1 960
1 673
2 192 263
1 612
2 223 583
1 242
1 974
3 16 62 804
2 482 882
1 406
1 427
1 576
5 95 327 340 484 989
2 292 445
2 186 267
1 835
2 332 781
2 65 604
5 55 60 156 534 684
1 828
2 174 298
1 406
2 236 510
1 749
1 301
2 530 995
3 334 497 906
1 790
1 927
1 733
1 255
4 72 144 738 918
2 387 589
2 529 554
1 395
3 195 523 852
2 319 900
1 183
3 316 425 492
3 780 650 825
3 52 575 942
3 146 881 686
3 229 790 764
4 23 278 672 691
2 69 661
4 858 760 895 707
1 51
2 96 821
1 637
4 570 856 842 843
1 543
1 514
2 6 710
1 43
2 141 829
1 685
2 4 928
2 400 779
1 515
3 27 36 907
2 189 971
2 416 717
2 169 409
2 139 783
1 418
2 620 920
1 723
2 331 661
2 919 819
2 134 933
1 521
2 229 518
1 986
1 961
1 480
3 283 311 966
1 448
2 26 364
3 308 537 611
1 675
4 385 801 714 864
1 963
1 770
2 312 690
2 202 994
1 992
2 86 948
1 175
2 269 932
5 616 639 774 786 837
1 928
2 855 720
2 984 929
3 80 418 474
1 966
2 214 903
3 21 136 362
1 336
2 92 671
2 77 670
1 615
3 573 955 766
2 534 887
2 651 729
2 176 242
3 68 120 297
2 851 743
1 993
3 81 302 809
1 14
3 401 695 738
1 431
2 590 912
3 488 627 768
2 457 613
1 916
1 235
1 823
1 655
1 615
1 929
3 358 438 805
1 767
3 399 682 734
3 40 375 497
1 101
3 53 480 893
2 826 741
2 51 936
3 122 443 742
1 782
2 372 735
2 73 324
1 733
2 465 915
3 254 517 617
2 268 317
2 82 891
1 624
2 235 794
2 828 967
1 341
2 511 652
4 173 266 543 947
1 926
1 633
2 188 252
1 557
2 340 663
2 150 735
1 22
2 154 638
1 331
1 170
1 130
1 856
1 896
2 536 675
1 530
3 210 380 492
2 44 495
3 560 601 705
1 695
3 352 703 721
1 489
1 404
2 603 682
2 243 469
2 54 321
3 560 699 871
1 701
2 351 678
1 169
1 387
2 996 875
2 809 976
1 762
2 595 954
2 127 762
1 288
1 133
2 394 444
1 837
1 885
1 441
2 34 291
1 324
1 560
6 15 113 167 617 863 946
1 528
4 434 471 748 750
4 57 271 435 461
1 614
2 34 451
3 471 673 878
2 694 939
2 685 931
3 396 872 899
6 73 113 323 508 654 854
3 124 272 312
3 56 424 827
1 436
4 179 266 277 661
1 252
1 469
1 425
3 413 489 959
2 40 629
2 37 611
3 113 566 588
2 346 702
2 419 635
1 446
1 212
2 661 793
3 93 540 558
2 386 393
1 12
3 599 614 849
3 267 325 809
2 181 212
3 147 786 936
4 310 356 394 711
2 24 131
2 19 953
1 130
1 438
2 463 483
2 228 885
3 96 652 967
1 846
1 339
1 579
1 693
1 973
2 62 391
1 16
5 9 32 680 747 791
2 509 893
2 328 906
1 377
1 395
3 104 116 495
1 219
1 48
2 29 917
1 909
1 640
1 561
2 526 619
1 107
2 268 689
2 150 454
1 611
2 184 699
1 772
3 5 591 712
5 373 626 930 989 990
1 180
1 145
3 2 259 855
2 231 957
1 917
3 197 295 587
3 493 882 928
3 557 661 754
2 177 350
2 1 221
3 178 450 859
1 52
2 118 621
1 621
1 314
2 81 307
3 376 409 802
1 220
1 117
4 330 420 790 881
2 193 969
5 22 226 678 894 985
3 299 380 607
2 63 292
1 770
2 663 832
6 211 266 430 621 727 923
3 164 348 558
1 617
1 840
1 225
1 282
1 219
3 303 760 904
1 652
2 258 487
1 388
1 164
1 307
1 92
2 344 984
3 163 456 741
2 769 950
1 965
1 188
2 539 746
1 8
1 151
1 766
2 398 932
1 70
3 198 613 849
3 273 580 836
2 363 909
1 499
5 132 217 294 755 800
2 38 944
2 117 674
1 397
2 66 488
1 263
2 264 709
2 212 507
3 528 698 810
2 555 851
2 402 617
5 82 106 279 419 728
1 982
2 516 951
1 769
4 410 537 608 967
1 466
2 553 936
3 667 956 968
2 128 863
2 323 357
4 301 395 598 811
2 433 631
2 467 541
3 158 818 883
1 482
2 59 549
2 437 684
3 221 297 439
2 98 155
2 359 706
4 293 381 500 687
5 276 358 427 817 834
1 603
2 103 640
4 7 47 154 637
2 499 928
2 353 496
2 159 856
1 363
2 432 522
3 34 518 716
2 14 600
5 367 628 662 836 921
4 207 262 664 692
3 6 64 829
1 768
4 143 514 660 879
2 367 641
1 561
2 126 531
5 429 700 793 902 993
1 8
3 147 238 251
2 235 767
1 246
1 981
1 612
1 99
2 492 886
2 571 947
2 253 760
3 192 715 945
1 658
2 106 224
6 163 328 345 368 432 872
2 222 898
1 52
1 796
3 171 527 749
2 111 673
1 903
1 833
1 482
1 778
2 162 572
2 511 645
3 140 274 987
3 63 196 653
1 95
2 47 873
4 397 647 666 971
5 152 418 712 801 900
3 11 377 903
2 850 997
1 350
3 473 632 966
2 181 407
2 166 806
2 77 578
2 193 194
1 747
1 537
1 60
2 298 535
1 558
2 350 941
3 369 486 897
1 493
3 664 870 996
1 851
4 82 175 212 644
4 45 330 562 962
1 560
3 60 584 829
1 829
2 123 568
4 160 206 392 657
5 355 381 478 679 936
3 86 239 656
1 597
4 77 357 746 984
1 969
1 101
1 390
