100
2 28 66
4 48 71 8 90
3 70 13 59
4 52 37 66 86
3 5 62 63
7 4 55 98 30 97 67 33
2 92 29
3 22 20 27
2 1 80
1 82
2 84 39
2 38 24
3 74 38 17
5 2 20 97 35 78
2 47 69
1 74
3 50 25 34
1 12
1 48
3 21 44 43
3 7 13 65
2 61 19
2 7 92
1 40
1 11
2 16 98
1 83
1 7
2 0 94
1 6
2 5 87
1 32
2 66 31
2 5 88
2 16 77
1 13
1 64
2 3 40
3 11 12 66
3 10 74 93
2 23 37
1 94
1 48
1 19
4 69 19 90 91
1 94
1 79
1 14
5 1 18 96 99 42
1 85
1 16
1 82
2 3 79
2 89 81
1 75
1 5
1 58
1 98
2 56 98
1 2
1 99
1 21
1 4
1 4
2 87 36
1 20
8 0 3 38 75 72 90 89 32
2 5 95
1 78
2 14 44
1 2
1 1
1 66
1 79
4 12 15 39 76
3 54 66 97
1 74
1 34
2 13 68
3 52 73 46
1 8
1 53
4 51 9 85 97
2 91 26
1 10
2 49 82
1 3
2 64 30
1 33
2 53 66
3 1 66 44
2 83 44
2 6 22
1 39
3 28 41 45
1 67
1 48
4 5 13 75 82
4 5 57 58 25
2 60 48
