600
2 148 487
2 593 94
3 200 215 146
1 255
3 259 131 45
1 497
2 60 154
3 514 418 155
2 216 403
2 411 23
1 365
1 551
2 204 480
3 272 144 447
2 589 214
1 424
3 562 372 376
2 142 60
1 44
2 195 477
1 212
2 369 373
2 175 316
3 9 379 64
2 83 398
2 593 598
4 304 423 57 537
3 412 91 356
1 221
4 320 261 403 517
3 493 238 230
3 32 373 381
7 31 338 597 222 580 405 235
1 334
3 114 566 436
1 300
2 61 47
2 192 562
1 585
3 314 594 104
3 392 385 342
2 544 217
4 221 383 487 360
3 112 110 54
2 18 524
1 4
1 459
4 36 364 415 534
1 466
3 465 259 328
4 590 111 568 368
2 373 408
2 293 251
1 230
1 43
3 159 123 193
1 97
2 26 486
1 500
3 243 368 482
3 6 17 461
4 36 581 234 361
4 143 411 315 115
2 77 233
2 23 134
2 260 460
1 190
1 147
1 522
2 572 147
2 509 271
2 269 177
5 74 267 419 275 513
2 135 382
2 72 418
2 127 183
1 113
5 63 445 350 380 288
2 549 165
1 114
1 442
3 318 342 349
2 114 375
2 24 138
3 449 269 109
2 138 507
6 300 203 232 535 393 160
1 230
3 365 410 90
1 488
2 88 194
5 27 123 580 252 479
1 469
1 459
1 1
2 301 409
3 452 239 536
3 56 379 197
2 454 468
1 367
1 175
1 449
1 460
3 186 311 247
1 39
2 492 584
1 539
1 423
1 157
1 84
4 43 414 481 268
2 50 467
2 43 439
2 76 134
6 34 79 82 536 276 230
2 62 327
1 154
1 589
2 184 544
2 200 571
1 304
1 287
2 161 457
3 55 91 393
1 563
1 362
1 275
1 75
2 366 588
2 555 599
2 550 294
1 4
1 273
3 281 362 263
2 64 113
2 73 234
3 546 538 211
1 429
3 83 85 404
1 383
3 282 475 367
1 480
1 17
3 62 368 313
2 13 446
1 416
1 2
2 67 69
1 0
1 458
1 364
3 185 525 253
1 231
1 520
2 6 116
1 7
1 190
3 108 241 352
1 214
3 55 544 532
3 86 561 333
2 122 557
1 447
3 458 461 384
3 379 452 332
4 78 238 470 472
3 202 284 497
1 590
1 578
1 233
1 214
2 478 503
1 389
1 316
1 599
2 22 100
1 279
1 71
2 567 226
1 384
2 582 292
2 366 595
1 429
2 75 462
2 118 453
2 151 425
2 103 597
1 218
1 318
3 348 590 454
5 66 156 423 242 377
2 504 303
1 37
4 55 236 266 386
2 90 400
1 19
2 502 292
2 97 240
1 384
2 511 417
3 2 119 346
3 441 547 538
1 166
1 86
2 12 435
2 324 302
2 432 494
1 433
2 393 209
1 208
2 378 389
2 136 448
2 20 500
3 236 394 426
4 14 158 170 437
2 2 229
2 8 556
1 41
4 187 387 314 444
1 476
1 379
3 28 42 469
2 32 518
1 225
1 263
2 223 403
3 178 489 390
2 358 325
1 480
3 215 594 560
6 30 53 87 114 397 399
3 152 459 253
1 86
2 63 169
2 61 135
2 32 523
2 193 213
1 574
4 30 165 593 299
1 96
1 197
2 157 487
1 190
2 59 370
1 446
1 347
2 499 401
2 103 461
2 502 450
2 291 477
1 556
2 52 423
1 91
3 151 231 594
1 390
2 3 568
1 280
1 565
1 475
4 4 49 484 305
2 65 439
2 29 279
2 458 270
2 133 224
2 505 572
1 472
4 193 506 422 316
3 72 535 388
1 110
3 71 84 403
1 262
3 70 545 449
1 13
3 132 330 485
1 492
2 72 126
1 114
1 328
1 522
2 176 261
3 256 431 556
4 133 447 452 488
2 140 498
3 311 576 530
2 166 374
1 304
1 342
4 121 409 537 540
1 77
3 420 321 572
1 556
2 249 491
2 180 196
1 52
1 130
2 350 361
1 569
1 483
4 309 583 451 348
1 238
4 35 86 433 319
1 95
2 205 312
1 191
5 26 120 285 599 578
1 259
1 329
1 515
1 563
1 298
2 374 404
3 103 283 585
2 302 454
1 143
4 39 218 500 591
1 62
5 22 173 266 503 427
1 407
3 81 188 558
2 300 570
2 29 483
2 289 524
1 461
1 425
1 205
1 227
2 526 495
1 115
2 49 277
2 306 544
2 273 487
1 444
2 164 552
1 160
3 33 469 388
2 543 579
1 593
1 455
1 32
1 355
1 364
2 597 542
3 40 81 286
1 353
1 494
1 514
1 200
2 245 556
2 189 298
1 81
2 77 295
2 439 391
1 157
4 343 414 538 497
1 497
2 339 597
1 27
1 513
2 227 390
2 501 576
1 42
4 61 295 467 551
4 125 133 410 553
2 416 535
3 47 150 340
2 10 88
4 128 181 599 529
2 99 140
4 50 59 143 573
1 21
1 243
1 443
1 16
4 21 31 51 494
2 284 310
1 82
1 16
1 190
1 210
4 23 97 164 220
1 77
2 31 490
1 73
2 42 139
3 163 179 198
1 40
2 193 499
1 218
2 267 334
3 172 210 541
4 226 254 358 518
1 351
2 40 590
4 86 123 208 480
1 213
1 499
1 599
2 230 575
2 24 562
1 230
1 194
2 246 402
1 401
8 8 29 225 269 455 430 537 526
4 138 310 559 533
2 32 577
1 479
3 317 548 565
2 51 596
2 95 287
3 88 362 511
2 9 62
1 27
1 511
2 110 353
1 47
2 145 363
1 199
2 7 74
2 72 474
2 289 519
1 456
1 266
6 26 107 190 251 475 565
2 15 556
2 185 323
1 213
1 316
1 477
5 137 182 586 538 464
1 403
1 280
1 206
3 207 300 484
1 462
1 204
1 34
1 214
1 483
3 112 260 351
1 547
2 201 564
2 80 506
2 371 521
2 218 331
2 77 489
2 144 244
3 13 162 281
1 211
4 84 101 271 457
3 248 585 539
1 298
3 96 164 281
1 184
3 98 189 312
3 337 403 580
2 421 593
2 122 449
3 149 163 262
5 46 93 231 522 510
2 65 102
4 60 163 247 322
3 183 434 524
1 565
1 429
1 49
2 48 513
2 111 361
2 98 531
3 92 221 334
1 165
1 487
2 165 265
1 507
1 419
3 140 258 423
2 219 498
3 19 249 428
1 171
2 91 406
4 12 141 228 393
1 110
1 59
3 297 320 438
4 259 433 541 554
1 273
1 57
6 0 42 241 330 471 516
2 89 281
3 226 445 550
1 381
2 291 590
4 105 274 527 544
2 30 508
4 206 344 373 569
1 326
2 521 551
4 5 166 353 354
2 282 476
3 246 386 395
5 58 212 314 515 580
1 359
2 196 248
2 171 316
2 191 540
1 264
2 266 442
2 85 473
1 493
1 70
1 459
4 199 410 413 520
1 546
3 72 357 466
2 7 345
2 307 500
1 487
1 29
2 222 390
1 420
3 153 511 592
2 443 496
3 68 278 459
1 235
4 44 321 462 531
1 151
2 326 403
1 492
1 561
1 366
1 283
2 468 524
1 159
1 404
1 47
3 86 267 363
2 96 114
3 26 287 403
5 136 201 353 429 590
2 106 450
2 287 504
2 389 484
1 341
2 335 576
5 41 118 159 329 492
1 271
3 136 512 563
3 201 440 589
1 407
1 78
2 130 489
3 11 361 496
1 332
1 362
1 484
1 129
6 216 250 280 290 347 424
1 161
1 318
1 404
2 229 587
2 160 528
3 16 37 398
3 124 308 546
1 441
4 257 407 423 463
1 34
1 178
2 50 255
2 296 494
1 319
1 119
3 69 264 289
1 368
2 237 591
1 397
3 283 359 543
1 405
2 168 304
1 335
4 32 91 455 500
1 61
1 180
1 298
1 105
3 38 311 450
1 429
1 560
1 128
3 14 117 547
6 50 167 189 392 491 538
2 314 574
1 520
5 1 25 238 336 456
3 39 229 253
1 181
1 408
4 32 186 341 355
1 25
5 129 174 304 366 396
