1000
4 372 227 149 810
3 124 164 141
2 840 591
1 531
1 619
1 329
1 546
1 834
2 395 91
4 315 89 920 627
1 864
2 51 39
2 27 999
2 564 331
1 27
1 693
2 295 448
3 881 962 911
3 155 909 797
1 379
2 636 554
4 936 900 429 768
5 359 291 197 470 145
2 809 227
2 512 197
1 722
2 41 692
5 12 14 798 928 304
3 643 463 533
1 196
1 218
3 143 668 664
4 196 640 189 573
1 427
1 42
1 211
1 189
2 155 821
1 677
2 11 697
1 592
2 26 82
2 34 757
2 775 984
4 802 99 660 438
1 745
1 130
1 268
2 405 678
1 395
1 590
2 11 930
1 102
1 428
2 548 360
3 64 401 935
3 817 936 243
2 671 284
3 876 162 919
1 682
3 175 974 305
1 998
2 648 828
1 813
2 55 672
1 490
2 688 976
2 843 263
1 594
3 911 515 225
2 378 450
1 234
3 963 784 943
2 514 298
3 287 160 982
2 300 689
2 411 408
3 129 156 240
3 737 710 357
2 445 218
2 891 153
1 249
3 41 309 396
2 930 783
1 718
1 926
1 986
1 969
4 687 132 184 492
7 9 348 399 482 505 214 113
1 154
1 8
3 940 889 93
1 92
1 697
3 921 414 301
1 348
3 193 736 891
2 749 633
1 44
1 121
1 592
5 52 158 275 937 977
1 255
1 543
1 259
2 694 152
1 441
2 373 604
3 495 916 961
2 207 612
2 512 762
1 433
1 89
1 519
1 961
2 199 716
1 500
3 544 951 306
1 565
1 670
2 100 588
2 433 269
3 929 445 547
6 1 827 781 129 406 193
2 663 740
2 545 820
3 205 591 529
3 487 605 345
4 77 124 238 988
2 46 460
1 675
3 88 789 695
2 800 725
3 395 984 319
1 418
1 663
2 192 896
2 981 564
1 209
1 224
2 1 914
1 749
1 31
1 893
2 22 361
1 204
2 879 908
1 375
1 0
1 530
1 477
1 106
1 80
2 90 157
3 18 37 631
4 77 327 491 172
5 154 603 333 873 598
5 102 651 241 722 617
2 915 835
1 74
1 464
3 58 710 455
2 403 448
2 1 281
1 174
6 941 883 271 682 350 907
3 791 556 625
1 669
3 857 284 878
4 285 739 689 965
1 251
2 156 901
1 282
3 165 290 242
2 60 501
3 897 626 918
3 569 753 229
1 983
1 561
1 793
1 439
1 684
1 308
3 88 895 521
1 962
2 647 738
2 710 771
2 427 196
5 32 36 913 378 446
2 781 865
2 859 363
3 137 259 549
3 97 124 371
1 819
2 266 420
4 29 32 188 748
3 22 24 347
1 586
3 116 605 383
1 207
1 395
5 388 299 602 678 320
1 213
3 146 359 381
1 127
1 380
4 110 200 412 731
1 969
4 139 777 546 699
2 574 232
3 35 792 414
3 970 264 452
3 203 704 258
1 89
3 343 403 440
1 500
1 798
2 30 79
2 484 726
1 535
1 331
2 860 520
2 534 597
2 140 428
1 69
1 777
4 0 23 812 390
3 831 944 483
1 177
2 491 566
3 980 851 993
1 210
2 958 868
3 71 865 464
2 885 698
2 313 650
1 904
2 129 837
3 997 652 646
1 77
1 158
3 174 850 343
2 56 348
2 307 978
1 691
1 520
1 744
1 675
3 81 874 773
2 884 341
2 171 400
1 954
1 876
2 994 939
3 103 342 271
2 487 886
1 877
4 213 518 735 444
2 105 192
1 995
1 928
2 358 665
3 67 546 543
2 212 845
1 702
1 195
2 430 637
2 47 404
3 122 408 912
2 991 593
4 166 255 774 743
1 420
3 595 644 989
1 398
1 102
2 790 855
3 829 887 777
3 845 872 952
3 583 976 508
3 790 936 503
1 164
3 173 823 532
3 777 706 853
2 57 169
2 170 693
1 811
1 74
2 513 614
1 509
3 174 645 876
2 22 663
2 749 303
2 685 489
1 967
3 16 825 580
2 939 493
1 746
1 73
1 202
1 75
1 95
1 634
2 292 812
1 27
1 60
2 118 924
4 244 507 593 622
2 183 482
1 82
1 611
1 979
1 435
3 236 911 368
1 999
1 9
3 524 679 856
1 735
2 683 799
1 134
1 202
1 922
1 861
1 852
2 369 334
2 866 994
1 481
1 156
1 407
2 5 588
3 652 459 747
3 13 221 857
2 558 466
1 157
1 324
1 733
3 922 960 944
1 998
3 969 745 364
2 486 894
2 864 793
1 250
1 255
3 215 242 760
1 520
2 128 677
1 933
1 197
3 89 96 243
2 403 957
2 166 473
2 909 842
2 399 883
3 942 429 625
1 655
2 447 426
2 746 606
2 78 835
2 262 564
3 22 204 525
2 54 454
1 145
1 482
1 191
1 338
4 983 980 388 794
2 922 485
2 749 435
2 313 870
2 324 630
3 657 891 742
1 193
1 0
2 108 465
2 528 894
3 148 744 866
1 387
2 555 733
4 70 189 590 880
4 19 866 400 398
2 206 993
4 204 996 560 834
2 514 469
1 199
1 983
3 841 648 561
1 821
2 376 471
3 202 365 608
1 782
1 227
1 395
2 855 690
3 544 539 645
1 637
6 8 49 134 201 391 441
1 82
2 949 676
2 274 379
4 89 352 739 987
2 251 379
2 55 940
2 635 513
3 163 215 349
2 268 991
1 48
2 124 667
2 328 877
2 76 269
1 931
3 449 630 425
3 76 701 628
2 207 729
1 542
5 95 211 916 526 973
1 948
2 777 634
2 801 883
3 135 575 969
2 926 764
3 195 272 931
1 474
1 691
1 956
2 950 472
1 410
1 355
2 33 188
4 53 224 439 870
3 21 353 945
2 267 812
1 708
1 845
3 112 122 517
1 498
2 312 367
4 502 496 470 497
1 892
1 44
3 181 428 448
1 215
6 107 395 538 899 639 712
1 885
1 509
1 258
2 79 123
2 189 660
3 355 629 787
7 16 163 439 488 844 675 823
1 410
3 70 475 624
1 567
1 212
1 723
2 360 901
1 162
5 654 524 892 521 553
2 494 767
1 730
1 330
2 130 823
2 858 487
3 861 463 948
2 28 462
2 161 234
2 373 850
1 332
1 842
1 944
1 382
3 22 436 785
2 387 674
1 424
1 350
5 421 902 534 500 720
2 450 632
2 932 746
2 151 537
2 683 788
1 625
1 726
2 326 914
3 89 308 362
2 228 586
1 219
1 366
1 339
5 128 256 461 741 836
1 448
1 293
4 65 570 499 866
2 156 230
1 88
1 296
2 457 675
1 109
1 436
2 436 849
2 434 621
2 490 803
4 117 216 474 637
3 175 539 700
2 436 782
1 280
2 758 559
1 89
1 637
1 307
2 279 909
4 289 443 996 569
1 915
2 676 841
4 24 111 692 638
2 288 402
5 73 382 599 596 778
2 69 646
2 938 691
2 433 826
2 258 653
4 114 527 969 644
3 222 246 344
2 184 456
1 602
2 845 634
4 316 456 739 579
3 359 531 807
2 414 677
3 519 756 759
1 374
1 127
2 150 828
2 3 525
1 282
1 28
2 223 474
4 220 786 916 959
1 754
2 477 568
3 441 817 750
2 393 501
1 660
1 821
2 413 991
2 104 263
3 118 393 867
3 126 862 725
4 6 209 263 688
2 123 955
1 54
2 192 718
1 710
1 784
2 709 556
1 456
2 20 674
2 377 966
4 167 552 711 707
1 727
2 332 931
2 504 761
1 381
6 179 385 719 654 728 787
2 889 751
1 652
3 13 138 358
3 119 808 571
2 230 864
3 451 926 688
4 537 879 890 727
2 177 509
3 490 996 587
2 565 811
1 597
1 32
2 210 883
2 418 661
2 796 730
1 845
1 847
1 524
1 295
1 866
1 971
1 279
2 710 936
1 845
4 198 483 702 871
1 570
4 121 329 591 641
1 978
2 50 378
6 2 127 588 669 704 848
4 40 101 985 636
3 270 307 605
3 68 668 824
1 273
3 514 920 757
2 223 572
1 157
1 514
1 861
1 693
2 202 522
2 157 934
1 108
3 128 199 593
2 356 798
1 927
1 388
1 798
1 837
3 310 843 860
1 110
1 647
1 288
2 764 979
2 793 805
2 158 694
3 882 770 673
4 4 780 733 976
1 846
2 498 798
1 307
1 628
1 450
4 167 353 479 873
1 176
2 9 982
2 411 623
1 447
4 369 410 720 795
1 155
1 475
1 98
3 302 416 523
2 402 818
2 20 592
4 267 394 500 506
1 512
1 441
2 32 705
1 588
3 962 972 769
3 28 806 947
2 273 519
2 290 393
2 239 515
3 186 613 847
3 62 385 859
1 769
2 236 874
3 158 715 786
3 239 330 563
1 518
2 456 561
2 354 715
1 775
1 370
1 682
1 904
4 44 446 540 703
1 575
1 885
3 125 136 291
1 31
1 262
1 873
1 406
2 31 594
2 168 591
3 120 974 833
1 57
1 64
1 618
3 471 554 867
4 131 248 448 494
2 397 511
3 38 345 526
2 48 202
1 316
2 847 905
1 891
3 59 166 658
2 318 478
5 182 976 923 904 748
2 293 969
1 957
1 88
3 66 546 567
3 75 170 931
1 392
4 245 422 516 967
2 26 512
5 15 285 601 698 877
2 106 617
1 132
2 914 862
2 39 94
2 235 693
1 209
1 501
4 411 941 847 756
2 265 586
1 660
3 213 591 817
1 640
1 283
2 556 813
2 431 739
1 552
5 78 162 187 550 584
1 556
1 441
1 950
2 905 799
3 651 655 818
2 116 964
1 866
3 84 549 929
3 561 894 784
3 474 630 804
1 910
2 25 158
2 453 889
1 950
3 133 545 968
3 219 480 944
2 557 568
1 561
2 412 852
2 458 576
2 207 864
2 929 868
3 335 377 619
1 859
2 258 317
1 97
1 78
1 186
4 170 399 524 708
2 125 869
1 487
1 370
1 271
3 247 375 941
2 45 338
4 297 356 476 897
1 330
2 196 684
4 98 142 292 367
1 538
1 562
2 779 848
2 177 908
2 536 833
1 919
2 527 701
2 42 596
2 504 824
1 527
1 343
2 559 946
1 111
1 796
4 419 615 814 766
2 783 996
1 764
2 457 808
1 21
2 642 649
3 618 970 929
2 187 843
1 898
1 249
3 271 980 898
3 43 656 992
2 848 830
6 209 226 277 283 416 954
1 514
1 752
1 619
2 124 190
2 389 502
2 83 765
3 72 551 719
1 470
3 535 651 893
2 447 561
1 478
1 132
2 276 280
1 167
1 211
4 180 340 616 953
1 365
1 630
3 576 763 932
2 18 816
5 27 217 606 609 621
2 318 714
1 133
1 417
1 44
1 499
1 720
1 616
3 643 888 936
1 525
2 565 767
1 23
1 0
2 286 571
5 227 303 430 926 925
2 63 707
1 764
2 897 995
1 797
4 56 538 704 927
2 635 715
2 194 949
1 126
3 37 386 541
1 901
3 282 448 460
2 594 758
1 295
1 517
2 124 904
2 62 530
1 277
1 776
1 228
1 966
2 670 754
2 7 381
2 159 357
1 487
2 238 610
1 897
1 842
1 2
3 385 511 933
3 351 467 839
3 67 611 771
1 448
6 264 278 432 523 577 585
2 620 860
4 578 647 680 701
3 591 752 776
2 497 990
2 242 465
2 231 884
2 323 729
1 283
1 890
2 276 392
1 316
3 169 331 885
1 461
3 191 648 734
3 222 611 846
3 322 462 600
4 545 696 928 967
1 892
4 10 340 566 731
3 190 234 922
6 325 375 379 490 581 717
2 544 674
3 233 732 956
1 740
2 368 428
1 586
1 278
3 157 625 666
2 249 650
2 986 900
3 58 253 290
3 257 407 693
1 169
2 147 568
1 378
1 17
1 618
4 166 352 417 574
2 250 851
5 235 442 662 857 910
1 256
1 277
1 806
3 92 562 723
2 568 854
4 80 97 370 681
3 437 456 863
2 144 786
3 339 374 719
1 184
1 137
4 176 746 815 838
2 772 774
1 441
3 21 875 917
3 172 454 822
3 474 950 975
1 941
4 237 659 684 827
2 680 714
1 985
1 166
2 147 753
3 18 351 508
2 721 885
3 17 69 313
1 269
1 189
4 141 481 696 998
2 159 510
4 109 414 535 951
1 900
1 176
2 58 755
2 9 596
1 95
4 321 336 366 865
1 684
1 306
1 812
4 85 419 567 812
2 607 817
3 27 261 862
4 123 718 732 770
2 51 83
4 409 420 558 689
2 476 796
2 346 841
1 603
1 55
5 21 56 280 584 806
1 102
1 516
2 254 296
3 92 401 979
4 166 701 744 903
1 353
1 72
4 228 336 468 726
1 429
2 761 965
1 643
2 415 462
2 397 819
4 424 713 724 902
2 118 916
1 278
1 793
2 252 777
1 547
2 423 868
2 349 686
1 233
1 535
1 336
2 109 115
3 17 185 642
1 72
1 716
2 170 946
2 555 832
3 294 691 862
1 725
6 87 208 338 418 519 685
2 212 770
2 582 974
1 642
1 414
3 60 670 971
1 902
4 66 279 619 684
1 102
2 244 589
3 311 615 940
3 231 365 774
1 138
2 74 627
3 178 365 384
2 43 134
2 592 906
2 86 875
1 399
1 129
1 273
1 849
3 270 404 542
1 775
2 231 380
2 254 325
2 260 815
4 381 509 570 765
1 239
3 61 337 914
2 12 314
