200
2 129 114
2 185 155
1 147
3 106 131 94
1 41
1 139
1 119
1 54
1 18
3 161 185 48
3 175 32 181
3 37 195 62
2 166 53
3 149 144 72
3 69 81 101
3 182 86 61
1 69
1 119
5 8 30 56 186 196
2 141 29
2 121 73
3 98 180 191
1 191
2 39 146
3 112 188 63
1 137
3 122 97 68
1 80
1 178
1 19
5 18 126 133 46 147
1 164
3 10 144 91
2 83 90
1 36
1 136
3 34 60 47
2 11 99
2 144 156
3 122 23 75
1 42
3 4 159 86
3 143 40 52
3 67 83 87
1 107
1 173
1 30
3 36 170 67
2 9 69
2 64 197
1 175
2 97 176
4 104 42 148 89
2 111 12
2 7 84
2 120 199
1 18
2 158 171
3 158 185 100
2 103 125
3 132 36 175
1 15
1 11
2 24 183
4 120 127 49 102
1 124
1 148
3 43 47 154
2 26 139
3 14 16 48
2 83 189
1 135
2 13 164
2 20 95
1 76
1 39
2 74 96
1 80
1 171
3 109 112 132
3 27 77 88
1 14
2 103 128
3 33 43 70
2 54 199
1 110
5 105 15 41 180 194
1 43
3 108 130 80
1 52
2 33 167
1 32
2 172 97
1 94
2 3 93
2 170 73
2 138 76
5 26 150 51 165 92
1 21
3 109 37 142
1 58
1 14
1 64
2 59 82
2 52 134
2 139 86
1 3
4 157 44 180 190
3 161 88 151
2 79 99
2 199 85
1 53
3 79 24 174
1 144
2 0 138
1 193
2 144 185
1 197
3 136 143 169
4 6 17 198 129
3 122 55 64
1 20
3 120 39 26
1 184
3 166 173 65
1 59
2 141 30
1 64
2 82 162
2 0 119
1 88
3 3 160 187
2 60 79
3 30 145 157
1 104
2 145 71
2 118 35
3 25 195 163
3 114 96 174
3 105 5 68
1 189
2 126 19
1 99
3 118 161 42
5 113 116 13 32 38
3 133 135 162
2 23 192
2 2 30
2 66 52
1 13
1 97
1 108
1 163
1 181
1 67
1 1
2 38 166
3 107 133 178
2 57 58
1 41
3 131 177 185
4 108 9 143 184
2 128 145
2 137 152
2 31 72
1 97
3 12 124 156
1 90
1 173
1 118
2 47 95
2 57 78
1 92
3 124 45 168
2 112 138
3 10 50 60
1 51
1 160
2 28 157
1 198
4 107 21 86 188
2 10 153
1 15
1 63
2 123 161
5 1 9 116 58 160
1 18
1 131
2 24 180
2 140 70
1 107
2 21 22
1 146
2 115 195
1 86
3 11 137 193
1 18
2 117 49
2 119 179
3 110 55 84
