600
2 185 125
1 282
4 239 568 403 199
2 546 159
3 245 269 171
1 232
1 474
2 196 207
2 390 427
1 487
2 458 105
2 456 310
4 435 429 483 139
2 557 271
1 176
2 43 107
2 22 62
2 529 178
2 481 262
1 253
4 584 37 49 422
4 134 133 89 476
4 16 321 387 360
1 579
1 36
3 79 292 147
3 283 151 74
2 56 156
4 368 511 407 449
1 160
1 158
2 397 86
2 398 370
3 393 177 368
1 328
2 371 578
3 24 564 515
3 20 270 495
2 591 166
2 571 266
1 217
1 50
1 140
2 15 52
3 160 457 205
1 359
3 578 120 290
1 310
3 141 570 324
3 20 143 77
5 41 583 336 170 412
3 489 532 75
1 43
2 91 351
3 152 165 159
2 334 475
4 27 180 457 65
1 207
1 157
2 573 279
2 569 195
3 581 296 326
2 16 90
1 95
2 167 312
1 56
2 107 391
3 217 255 183
3 134 275 371
1 106
2 197 325
2 327 465
3 376 382 187
3 458 172 158
3 26 131 540
1 51
1 508
1 49
2 285 552
5 25 161 514 218 484
1 167
1 393
1 155
1 371
1 362
2 462 551
3 31 428 474
2 180 555
1 328
1 21
1 62
5 53 278 316 513 443
3 130 470 475
1 511
2 474 169
2 63 282
3 557 417 385
1 290
1 291
1 582
1 447
1 501
4 132 569 441 282
2 245 492
2 330 317
1 10
3 69 387 264
4 15 66 326 367
2 588 398
2 484 446
1 410
1 429
3 345 503 291
1 490
3 281 512 197
3 398 374 297
1 372
3 246 494 163
2 337 243
2 416 491
2 46 390
1 549
1 535
1 324
2 487 377
2 0 464
3 160 388 137
3 177 130 298
2 216 359
2 231 501
2 92 127
2 74 559
2 102 281
2 21 285
2 21 68
1 388
1 589
1 126
1 159
4 12 373 386 277
2 42 506
1 48
1 294
2 49 261
2 177 596
1 573
1 382
3 25 572 405
1 386
1 290
3 238 579 293
2 26 500
2 54 233
2 562 194
2 515 395
2 82 162
4 27 355 173 182
3 58 462 595
2 30 73
4 3 54 138 447
3 29 44 126
2 79 343
2 155 319
2 117 319
1 342
1 54
1 38
3 64 80 370
1 435
1 94
2 50 365
1 4
2 73 578
1 156
1 269
1 391
3 14 201 417
5 33 127 144 589 404
3 17 461 508
1 337
6 56 87 466 493 311 305
2 558 479
2 156 315
1 67
2 545 381
6 0 409 545 455 419 309
3 299 401 478
1 72
2 296 548
3 301 320 379
1 374
3 584 347 230
1 408
1 205
1 153
3 60 561 592
1 7
2 70 114
1 526
1 2
1 340
3 176 350 477
2 335 275
1 282
3 574 357 257
2 44 193
1 250
3 7 57 328
2 392 554
3 463 582 412
2 290 215
1 310
1 406
2 434 332
1 216
2 210 433
3 128 214 530
2 40 67
3 79 396 349
2 434 400
3 303 510 362
1 412
1 352
1 407
2 258 274
3 503 273 471
1 398
1 465
1 236
1 338
1 191
2 129 349
2 5 255
1 152
2 487 506
3 406 327 394
2 228 579
3 497 356 343
3 150 522 307
2 2 281
3 246 539 440
2 284 403
1 512
2 118 485
1 374
2 4 103
3 117 240 436
2 259 285
2 473 377
2 596 516
3 206 372 327
1 570
3 588 562 461
3 19 448 421
1 298
5 67 232 453 468 587
2 594 263
4 204 560 539 531
2 224 384
2 247 534
1 345
1 143
1 18
1 256
1 106
1 501
1 39
1 391
1 491
2 4 174
4 37 409 536 565
2 13 577
1 482
2 225 595
1 224
3 68 202 328
2 290 517
1 139
2 91 281
2 59 594
2 532 438
5 114 132 239 278 557
5 1 95 102 203 369
3 26 519 584
1 241
4 78 133 247 430
1 446
2 577 318
1 459
2 397 549
5 46 97 149 210 276
4 98 112 432 502
1 25
3 150 537 593
2 142 597
1 296
5 61 188 295 489 462
1 115
2 127 254
3 186 334 524
1 437
2 189 401
2 497 481
1 220
1 519
2 180 423
2 544 442
3 238 594 449
1 386
1 185
4 11 47 211 550
2 180 515
1 64
1 493
1 543
1 182
1 91
2 104 361
1 287
4 162 163 434 414
1 189
3 22 579 353
1 355
1 329
5 48 123 420 554 505
2 70 375
3 61 107 512
4 71 235 250 518
4 34 88 207 275
3 323 401 389
2 104 512
1 436
2 213 488
2 386 543
2 55 299
1 202
1 50
2 118 179
2 229 471
3 426 378 431
3 200 458 376
2 411 383
2 164 430
3 161 237 462
1 376
4 112 260 468 485
1 374
2 191 436
2 521 527
2 218 231
1 201
1 53
3 222 408 519
1 321
2 408 585
2 156 322
1 237
1 204
1 585
4 45 128 410 493
1 22
2 317 451
4 84 220 457 599
1 575
1 468
3 170 509 425
1 547
1 107
2 28 33
1 282
3 32 167 442
4 35 68 83 475
5 116 250 450 551 541
1 139
6 115 190 244 346 456 424
1 325
3 72 340 344
2 124 248
1 339
1 189
1 531
1 184
2 72 146
1 341
2 258 430
1 96
4 139 148 308 333
2 22 106
3 126 135 525
2 329 535
3 8 120 556
3 66 175 267
2 208 594
2 33 81
1 235
1 154
2 218 542
3 31 289 520
5 32 108 115 226 546
2 589 590
1 219
4 186 301 329 533
1 544
2 2 241
1 177
1 147
2 212 235
3 28 223 467
3 192 352 354
2 185 270
2 110 359
2 341 548
3 50 209 221
1 506
1 319
1 489
1 119
2 96 176
1 433
2 185 482
2 324 526
1 253
1 20
1 305
1 374
1 365
3 339 490 436
1 8
1 86
3 12 111 520
5 285 342 384 480 536
3 339 491 460
1 291
2 215 418
4 213 219 319 452
2 12 168
4 246 331 347 426
3 300 486 588
1 280
1 483
1 240
1 102
2 306 370
1 91
2 598 549
1 547
2 109 286
2 100 159
2 253 583
2 28 307
1 372
1 361
1 434
1 255
2 591 486
2 185 567
3 11 374 552
4 44 56 362 498
3 10 73 340
2 288 553
1 431
2 178 252
4 85 157 296 343
2 209 534
1 125
2 71 227
1 180
1 407
3 255 345 364
1 511
1 92
3 225 338 589
1 519
1 248
4 6 86 94 552
3 55 92 371
1 21
1 201
2 186 547
4 181 580 480 566
2 430 479
2 18 302
2 272 419
2 12 439
2 79 109
2 243 345
2 437 454
4 9 124 234 490
1 332
3 51 296 415
3 113 426 487
4 119 268 431 521
3 103 575 510
3 180 313 359
1 117
1 37
1 545
2 237 302
1 457
1 542
1 151
3 101 129 265
1 291
2 112 225
1 599
1 324
3 140 234 413
1 550
2 76 178
1 365
2 220 492
3 28 93 469
4 114 242 326 330
2 91 597
1 79
4 36 154 311 582
1 249
1 276
1 327
4 283 304 352 472
2 397 429
2 348 491
1 238
1 589
1 299
1 388
2 198 420
2 348 576
1 557
1 17
2 216 538
2 257 380
2 51 280
1 401
2 259 463
2 122 389
2 270 430
1 293
1 530
2 240 257
2 74 553
1 372
2 396 499
2 314 333
2 306 402
3 184 185 496
2 3 398
3 366 445 478
2 188 411
3 121 289 444
2 310 507
2 85 372
3 78 456 474
3 459 540 571
2 208 324
1 87
1 390
4 13 96 281 528
1 181
1 131
1 257
1 195
2 153 252
1 569
1 36
1 270
1 479
1 455
1 2
3 60 102 563
2 48 251
2 39 553
1 147
2 59 145
1 204
2 363 492
1 527
2 271 287
3 35 46 172
4 23 150 236 321
1 479
1 61
3 99 209 515
3 50 448 586
3 20 191 283
2 354 358
1 583
1 255
3 108 252 437
5 136 177 399 471 523
1 399
2 38 454
1 195
1 293
4 256 279 307 392
2 157 273
2 144 249
2 294 513
1 444
2 362 504
