200
2 181 63
3 94 100 70
1 157
2 110 153
2 148 57
1 96
4 195 16 22 143
4 53 52 39 159
1 15
2 26 62
1 64
2 135 35
2 136 128
1 115
2 129 191
3 8 187 171
3 6 101 165
1 24
2 106 82
3 64 154 84
1 123
1 110
3 6 58 31
1 132
5 118 17 194 69 140
3 60 67 63
4 9 75 154 28
3 116 125 38
1 26
3 53 103 129
3 80 55 132
1 22
2 104 184
1 129
1 124
3 11 147 157
2 75 185
1 122
1 27
1 7
2 157 68
1 80
1 193
1 49
1 151
2 94 163
2 136 197
1 139
3 130 136 107
4 133 43 64 55
2 123 88
2 67 162
2 7 104
2 7 29
1 133
3 30 49 82
1 63
1 4
2 22 99
1 178
1 25
2 134 171
4 9 122 71 77
4 0 25 151 56
3 10 19 49
1 139
1 119
2 25 51
1 40
2 24 127
3 1 137 198
1 62
1 100
1 172
2 121 179
6 111 26 36 156 164 109
2 160 186
2 113 62
2 138 180
1 130
2 30 41
1 84
2 18 55
2 117 103
2 19 81
3 140 155 193
1 110
1 88
3 50 87 175
3 124 170 108
1 140
2 97 102
1 136
1 130
2 1 45
2 98 104
3 5 142 152
2 131 91
2 176 95
1 58
2 1 72
4 16 138 177 188
1 91
3 115 29 83
4 32 149 52 95
2 135 182
1 18
1 48
1 89
2 144 75
4 183 21 3 86
2 75 171
1 164
1 77
1 122
2 103 13
1 27
1 83
1 24
2 149 66
1 130
1 74
4 114 62 125 37
4 20 139 164 50
4 154 89 34 199
3 122 27 179
1 190
3 69 169 146
1 12
4 14 29 158 33
6 120 79 153 48 145 93
2 149 97
2 23 30
3 49 54 174
1 61
3 11 105 173
5 12 181 48 46 92
1 70
2 101 78
3 123 47 65
3 24 90 85
1 151
1 96
1 6
1 109
1 130
1 127
1 35
2 4 173
5 119 131 104 161 177
1 182
3 44 141 63
2 194 96
3 3 130 184
4 19 124 26 166
2 176 85
1 75
4 2 35 40 184
1 129
1 7
4 192 161 76 189
2 149 160
1 51
3 45 190 170
3 112 123 75
1 16
1 154
1 199
1 183
1 127
2 163 89
4 111 15 61 193
2 73 178
2 135 148
1 133
2 88 178
2 155 98
2 149 101
3 59 172 175
2 125 74
1 78
2 0 136
2 150 105
2 110 168
3 32 153 157
1 36
1 76
1 15
1 101
1 160
2 126 163
1 14
1 160
3 42 171 85
3 24 152 196
1 6
1 194
1 46
1 70
2 124 167
