100
2 3 17
2 77 43
3 10 51 26
2 0 5
3 80 89 9
1 3
1 27
3 55 96 53
2 41 30
1 4
5 2 28 86 32 78
2 74 93
1 46
1 50
1 83
1 24
1 56
2 55 0
2 78 71
3 60 84 50
2 48 85
1 63
1 39
2 35 83
2 15 48
1 97
3 2 67 95
3 6 74 99
2 59 10
1 97
1 8
2 53 92
3 61 10 65
3 76 84 45
1 57
2 61 23
3 59 62 81
1 48
1 85
2 22 79
1 63
3 8 73 75
1 60
1 1
1 83
2 33 99
2 12 48
2 70 89
5 20 24 37 94 46
1 71
2 13 19
1 2
1 53
5 7 74 80 31 52
2 77 81
3 85 17 7
2 16 85
2 76 34
2 68 64
3 74 28 36
4 19 42 75 79
2 35 32
1 36
5 72 93 40 21 90
1 58
2 91 32
2 97 98
1 26
2 58 92
1 80
1 47
2 18 49
1 63
1 41
4 59 11 27 53
2 60 41
3 57 97 33
2 1 54
2 10 18
2 60 39
3 4 69 53
2 54 36
1 91
3 14 23 44
2 19 33
4 55 56 20 38
1 10
1 97
1 94
2 4 47
1 63
2 65 82
2 68 31
2 63 11
2 88 48
1 26
1 7
5 66 25 76 29 87
1 66
2 27 45
