100
1 32
1 38
1 17
2 6 41
2 77 61
1 67
1 3
4 50 70 28 88
2 79 69
2 20 99
3 70 92 81
3 59 72 90
1 74
3 64 43 66
1 77
2 80 31
1 18
3 2 65 91
3 16 97 30
2 55 33
3 9 77 81
1 47
1 26
1 33
3 63 73 82
1 40
3 54 22 81
1 38
2 7 79
5 52 56 67 46 39
1 18
2 15 87
2 0 85
4 50 53 19 23
1 77
1 85
2 57 98
1 69
3 1 27 86
4 50 64 29 40
2 25 39
2 3 67
2 50 86
1 13
2 51 87
2 58 60
2 29 84
2 21 98
1 93
2 60 82
5 72 39 7 42 33
2 74 44
1 29
2 89 33
1 26
1 19
2 94 29
2 70 36
1 45
2 11 83
2 49 45
2 4 76
1 65
1 24
3 13 68 39
3 62 72 17
1 13
3 5 41 29
1 64
3 8 37 71
3 57 7 10
1 69
3 50 11 65
1 24
3 51 12 86
1 89
1 61
4 4 14 20 34
1 98
2 8 28
1 15
4 10 20 26 95
3 49 24 98
1 59
3 46 97 93
3 32 35 86
4 74 38 85 42
2 31 44
1 7
3 53 75 96
1 11
1 17
1 10
2 84 48
1 56
1 81
1 89
2 18 84
4 78 82 36 47
1 9
