200
1 124
3 133 11 29
3 195 123 183
1 185
3 13 29 94
1 16
1 114
1 95
4 101 18 58 39
3 107 175 190
1 91
2 1 198
3 102 105 108
3 4 21 118
2 74 149
1 132
2 5 158
3 170 54 59
1 8
2 85 125
1 127
5 13 44 35 138 54
1 175
1 35
3 77 40 147
2 177 140
2 124 190
1 176
4 125 139 145 41
4 1 4 151 30
3 29 172 156
1 105
1 140
1 122
2 86 191
2 21 23
2 197 148
2 180 72
3 141 185 188
1 8
1 24
1 28
1 125
1 170
2 21 193
1 73
1 63
1 139
1 119
1 115
2 61 77
2 177 190
1 63
3 63 86 164
4 17 21 65 186
2 91 81
2 156 181
2 158 95
2 8 132
2 17 98
3 149 73 199
3 110 50 166
2 105 178
4 125 46 52 53
1 67
3 54 69 67
1 161
4 146 64 165 65
1 160
2 113 65
1 142
1 108
2 114 37
2 45 60
1 14
1 141
4 100 101 97 182
2 24 50
1 141
1 151
1 154
1 55
3 110 165 91
2 93 95
2 141 196
1 19
3 34 53 92
1 135
1 170
2 128 199
2 106 193
6 10 119 154 55 82 199
1 86
1 83
2 4 121
5 7 103 105 57 83
3 107 108 127
2 76 190
1 59
2 110 117
1 76
2 8 76
1 12
3 155 187 95
2 194 138
4 12 62 95 31
1 90
2 96 9
4 71 96 12 129
1 176
3 99 82 61
4 188 178 113 167
1 148
3 111 125 69
2 6 72
2 156 49
1 193
4 184 137 99 161
1 13
2 48 91
2 192 180
3 94 152 131
3 182 153 33
2 2 161
2 0 26
6 113 19 28 63 148 42
1 148
2 20 96
1 89
1 108
1 190
1 121
2 15 58
1 1
1 137
3 178 87 168
1 163
2 117 134
3 104 21 142
2 28 47
2 25 32
5 78 75 84 38 180
3 138 70 176
1 152
1 197
1 28
1 67
1 24
4 112 125 126 36
3 14 60 163
1 187
2 29 79
2 121 143
1 122
3 91 160 80
1 103
3 115 30 56
2 193 174
2 16 57
1 185
2 154 68
3 117 123 66
1 164
2 136 149
2 53 162
3 67 173 82
2 61 189
1 111
1 135
1 186
3 17 43 88
1 180
1 30
1 165
1 157
2 9 22
3 109 27 142
2 25 51
3 111 135 62
1 190
4 120 141 37 171
1 56
2 122 76
1 2
1 117
3 3 38 159
2 54 169
2 103 150
2 111 38
1 166
6 9 26 130 51 179 97
1 34
1 120
4 116 44 157 90
1 104
1 2
1 84
2 36 144
1 11
3 60 89 91
