200
3 55 141 170
1 12
3 28 115 93
1 128
3 109 166 126
2 125 60
2 181 187
1 153
2 33 53
1 182
1 195
1 105
4 1 63 72 19
2 110 118
2 83 118
1 28
1 168
1 101
2 103 191
4 12 25 73 168
1 83
3 168 49 52
1 191
4 156 138 37 86
2 47 35
1 19
2 107 53
3 31 135 173
3 2 15 150
2 105 134
1 188
1 27
1 53
3 8 129 38
1 89
3 24 154 185
4 95 177 179 85
2 23 148
1 33
1 180
2 65 175
2 165 95
1 93
1 114
2 122 136
1 99
1 166
3 121 24 101
3 192 168 69
2 120 21
1 140
2 149 159
1 21
4 8 26 32 149
1 190
2 0 81
1 112
2 150 91
2 116 124
2 108 186
1 5
1 174
2 102 145
1 12
3 123 147 173
1 40
2 130 185
3 180 182 79
5 102 132 163 171 74
2 119 48
1 136
1 184
2 12 178
1 19
1 68
2 154 165
1 161
1 96
2 116 82
2 67 175
1 89
2 55 183
2 78 100
3 14 20 87
2 157 196
2 36 143
1 23
2 150 83
2 102 152
3 34 156 80
1 104
2 155 57
2 118 162
2 2 42
2 160 97
3 36 41 184
5 132 167 77 194 97
4 111 181 94 96
1 185
3 117 125 45
3 114 136 82
2 17 47
4 88 158 68 62
1 18
2 117 90
3 180 11 29
1 116
5 144 108 26 140 164
5 107 114 59 112 198
2 4 139
1 13
1 97
4 108 134 195 56
1 162
3 108 43 100
3 2 164 196
4 106 78 147 58
3 104 99 169
4 13 14 132 92
1 69
1 49
1 47
1 44
1 64
1 58
3 5 99 153
2 4 173
1 180
2 3 188
1 33
2 161 66
1 151
3 118 68 96
1 162
3 112 29 199
1 27
4 154 100 44 70
1 186
2 23 188
2 109 151
3 107 50 197
2 0 188
1 153
1 85
1 107
1 62
2 188 154
2 116 64
1 37
3 153 53 51
3 28 87 57
2 131 139
1 88
4 7 125 142 149
6 136 35 146 172 191 75
1 91
3 23 190 89
1 84
1 102
1 51
1 94
3 130 76 176
3 113 133 92
1 68
2 107 115
2 41 75
2 4 46
2 193 96
5 16 19 21 48 195
1 117
1 0
1 68
1 154
3 126 27 64
2 61 195
2 40 79
1 161
1 36
1 72
1 36
4 105 127 39 67
2 6 97
2 9 67
1 81
2 71 95
3 35 66 98
2 137 59
1 6
5 128 138 30 141 146
1 195
2 156 54
3 18 22 154
1 48
1 167
1 96
5 112 10 168 174 189
2 115 84
1 140
1 108
1 134
