600
4 53 591 427 92
1 12
3 173 424 512
3 509 460 355
2 36 129
1 31
4 509 409 82 21
3 98 347 288
1 383
2 332 467
3 326 500 378
3 376 185 593
4 1 421 308 551
2 253 369
1 45
1 370
4 406 487 437 243
2 544 559
1 457
2 110 166
3 163 435 90
3 6 491 452
1 545
2 295 415
3 162 489 70
1 583
2 60 204
3 290 266 65
1 320
3 225 139 391
1 304
4 5 193 236 52
2 354 330
2 403 40
2 360 35
1 34
2 4 448
2 231 475
2 267 354
4 400 304 487 127
4 33 340 117 421
2 108 262
1 98
1 206
1 505
3 14 107 576
1 54
1 312
2 567 314
1 384
2 527 348
1 283
4 31 86 241 505
2 0 152
4 46 107 206 352
1 511
2 509 504
3 599 124 540
1 185
2 300 163
1 26
1 267
2 578 573
3 505 160 165
1 438
4 27 428 82 242
1 452
1 294
1 346
1 567
1 24
4 463 405 128 270
2 471 111
2 109 453
5 235 275 163 261 259
1 140
2 158 116
2 377 215
2 599 95
1 144
1 352
2 300 382
2 6 65
3 316 321 558
1 310
2 584 384
1 52
2 538 316
1 102
2 323 166
1 20
3 102 401 515
2 0 253
2 342 122
2 521 332
1 78
3 303 532 502
1 521
3 7 42 446
2 547 511
2 320 397
1 561
4 88 91 351 538
2 334 408
3 137 224 292
1 166
1 437
4 45 54 219 508
5 41 454 295 149 385
2 73 137
3 19 130 387
3 72 573 581
1 279
1 265
2 200 188
3 232 483 582
3 76 461 556
1 40
1 502
3 496 203 456
3 599 203 230
3 266 455 244
1 93
1 237
3 57 586 542
2 210 454
4 293 531 537 269
5 39 386 360 344 526
2 71 443
1 4
1 110
1 508
1 266
1 210
3 224 362 302
1 435
4 392 327 226 247
2 104 109
2 570 524
1 29
4 75 521 231 302
1 539
2 375 595
2 199 523
2 79 558
2 498 293
2 205 211
3 201 527 458
1 288
1 108
1 339
2 402 364
2 53 192
3 168 411 310
1 403
1 186
2 560 392
1 500
3 76 312 363
3 569 505 222
2 63 359
1 532
2 24 560
4 20 59 74 418
2 445 472
1 63
4 19 89 105 445
1 260
3 153 413 324
2 546 422
1 219
1 221
1 566
3 2 260 274
1 528
1 335
3 532 599 182
2 446 282
3 318 439 447
2 350 371
2 325 557
1 369
1 176
1 380
4 208 429 365 439
3 11 58 399
3 155 287 485
1 520
4 114 309 329 425
2 406 362
2 440 313
1 390
3 152 579 431
1 31
3 515 442 367
2 439 477
1 391
1 533
1 455
1 143
3 114 203 283
2 147 217
1 306
5 119 120 200 412 212
4 26 519 254 454
2 146 517
3 43 54 587
1 578
1 184
1 426
2 125 133
1 146
1 203
1 564
2 389 556
1 77
3 539 545 255
3 201 328 541
5 513 394 313 486 246
3 107 170 547
1 546
3 171 227 319
2 159 358
1 402
4 104 134 254 294
3 29 380 379
1 136
2 221 344
2 296 329
1 552
1 120
3 37 140 419
2 115 533
1 420
2 499 295
2 74 343
2 31 536
2 123 244
1 522
2 337 434
1 544
1 52
1 65
1 16
2 121 237
2 304 513
1 218
2 136 572
2 498 461
1 481
1 297
2 263 350
4 392 420 375 284
3 13 92 384
3 204 224 393
2 216 523
1 380
1 279
1 579
2 74 346
3 167 173 549
1 74
3 41 370 264
2 251 311
1 262
2 113 587
5 27 121 132 592 568
3 38 61 271
2 464 585
2 126 433
1 71
2 267 446
2 449 344
2 496 438
1 173
1 74
1 467
2 313 451
1 346
3 112 257 463
1 409
1 315
2 177 462
3 51 200 578
2 252 366
2 354 484
1 448
1 186
2 7 148
2 480 301
2 27 535
1 509
1 104
3 126 145 552
3 67 224 306
3 23 108 234
1 228
5 250 580 301 501 394
2 374 468
1 485
2 59 81
4 289 297 331 544
4 134 140 529 495
1 96
6 30 39 245 357 361 459
1 444
2 202 294
1 556
3 12 388 528
1 188
4 84 153 376 353
3 263 339 402
2 47 158
4 190 218 277 470
1 48
2 281 353
3 83 87 469
2 506 522
3 178 555 478
1 221
3 28 100 539
2 83 392
1 350
5 89 438 325 418 488
1 168
5 180 323 339 335 590
2 10 414
2 136 575
1 217
2 188 228
1 32
1 301
4 9 94 517 564
1 571
2 103 524
4 175 325 397 583
1 484
1 239
1 524
3 150 311 325
3 40 422 444
2 436 540
2 93 465
1 235
3 127 227 272
1 538
3 68 259 278
3 7 488 585
2 50 534
1 408
4 179 251 322 442
1 102
2 54 80
3 310 315 507
4 32 38 285 394
2 3 365
1 455
2 304 592
1 222
1 160
3 34 127 577
2 304 525
2 134 189
1 158
1 151
2 184 355
1 284
1 194
2 416 553
2 13 181
2 15 262
1 179
3 570 494 384
1 466
2 298 375
3 142 252 374
3 11 310 457
4 77 508 401 503
2 10 515
2 225 451
3 183 225 256
1 539
1 81
2 8 561
5 49 85 253 372 476
1 108
1 127
1 110
3 308 426 548
2 214 481
2 191 448
2 29 196
4 136 156 252 321
2 254 430
3 218 297 354
1 495
1 484
3 100 335 597
1 478
2 185 596
2 39 562
2 91 377
4 151 223 311 461
3 33 154 483
1 557
2 71 561
2 16 189
1 436
3 103 349 450
2 6 280
1 593
2 153 416
1 203
1 168
2 326 448
1 23
2 368 411
1 470
3 163 323 589
1 231
3 233 252 473
2 12 40
3 169 340 510
1 494
2 2 561
1 188
2 209 388
1 0
1 65
1 184
1 393
1 192
1 457
1 269
3 239 485 568
3 20 135 510
2 341 407
2 16 106
3 64 273 323
3 178 184 195
1 190
2 561 461
2 194 350
1 128
2 305 340
3 164 166 457
3 98 177 271
1 178
4 36 286 390 414
1 272
1 408
2 277 379
2 21 66
1 73
4 108 125 204 490
3 121 198 356
1 119
4 18 376 432 445
2 147 587
1 304
1 3
6 116 248 402 441 514 567
1 282
3 71 279 566
1 268
2 342 490
2 373 586
2 9 276
1 298
1 316
2 313 417
1 72
1 164
2 420 497
1 599
1 37
3 384 490 550
3 195 479 543
2 318 398
2 477 518
1 289
3 249 389 530
1 591
2 115 403
3 285 336 396
5 186 299 434 516 554
1 218
3 16 39 565
2 323 347
1 24
3 454 465 476
1 21
1 511
1 574
2 372 423
2 302 395
3 119 273 594
2 473 588
2 145 248
1 234
2 10 157
2 297 571
2 96 118
1 377
1 56
5 44 52 63 159 583
1 317
1 353
3 107 131 377
4 3 6 56 291
4 422 435 522 574
3 55 99 492
1 2
2 218 245
1 461
3 91 194 378
1 485
2 205 332
1 479
1 204
2 187 583
3 94 97 140
3 238 317 510
2 143 255
3 138 334 338
1 361
1 127
3 50 147 598
2 174 308
1 302
1 481
1 126
3 96 161 176
2 197 232
1 348
1 290
1 236
1 126
3 87 102 345
4 141 216 320 381
2 57 341
1 217
1 124
1 477
3 17 240 301
2 22 216
2 169 220
2 99 219
1 388
1 260
1 476
1 12
2 229 293
1 368
1 485
1 318
3 116 214 307
2 180 404
2 83 144
1 17
2 156 162
5 101 383 405 424 441
1 400
1 583
2 213 332
1 487
2 172 463
3 48 69 461
2 266 434
1 159
2 138 372
2 333 501
1 247
2 62 111
2 493 510
1 327
1 45
1 360
3 62 207 283
2 192 258
1 297
1 111
1 115
5 25 335 505 520 563
1 85
2 268 347
2 124 466
3 206 265 458
1 497
1 418
1 325
2 0 482
2 266 357
2 11 410
1 496
1 142
1 399
1 397
1 527
5 57 78 120 176 474
