1000
2 135 962
2 943 987
3 502 122 796
1 596
3 219 773 91
2 14 536
3 430 808 89
2 113 701
1 648
1 192
1 823
1 111
3 552 556 100
2 759 975
2 5 906
2 379 764
2 370 436
2 981 783
1 114
1 219
2 927 254
1 745
1 879
1 704
2 729 265
3 561 317 296
2 395 753
2 851 407
3 36 475 146
2 780 749
1 50
1 965
1 715
3 675 93 957
1 841
2 733 669
2 28 817
3 535 360 55
1 509
1 686
1 159
2 402 237
3 196 940 762
2 261 721
1 675
1 393
1 804
1 611
3 486 84 345
1 413
3 30 110 350
2 830 731
2 752 113
2 847 875
3 457 540 644
2 37 130
1 250
4 738 289 718 911
3 299 828 639
2 611 61
1 621
2 59 410
1 354
1 215
2 410 946
1 645
3 680 358 564
2 199 871
1 436
1 867
1 821
2 560 704
3 807 426 245
1 572
1 455
3 726 661 724
1 642
2 182 874
1 708
2 616 95
1 833
1 328
2 990 584
1 978
2 48 611
1 88
1 135
1 410
2 85 812
4 6 880 277 819
1 645
4 4 303 837 247
2 584 974
2 33 694
2 848 912
4 79 401 532 734
1 928
6 504 333 722 404 836 198
1 767
1 168
2 12 307
1 784
1 862
3 737 650 781
1 383
1 661
1 125
2 276 655
3 123 942 215
1 554
2 50 849
2 11 615
3 300 542 252
3 7 52 311
3 18 875 966
1 681
2 430 145
2 885 118
2 117 730
1 203
1 462
2 305 703
4 2 240 296 459
3 108 363 610
1 355
3 106 818 203
2 862 894
4 528 789 764 508
4 161 570 492 537
2 967 447
1 55
1 387
1 921
1 439
2 257 603
2 0 86
2 972 774
1 960
1 629
1 687
2 469 436
5 751 381 181 241 937
3 320 516 779
3 989 325 947
1 665
3 116 907 218
3 28 506 865
1 803
2 388 666
2 891 605
1 979
1 972
5 677 826 679 778 586
1 760
3 533 876 272
1 508
3 166 560 999
1 306
1 313
3 40 419 821
2 643 459
3 128 869 230
4 530 354 197 968
2 877 639
5 580 672 262 529 238
2 820 359
3 156 903 278
1 620
4 99 742 883 715
2 463 311
1 581
2 768 503
2 557 776
4 273 940 302 416
1 717
2 431 878
2 960 445
1 220
1 692
1 997
1 590
3 141 951 802
2 77 384
1 708
1 527
3 376 533 353
1 307
1 638
1 339
2 734 244
1 387
1 717
4 9 769 265 720
1 729
3 954 639 278
1 985
4 42 333 474 420
1 162
1 97
3 67 263 641
1 999
1 708
1 406
4 119 125 926 741
1 243
1 951
2 232 601
1 388
2 858 660
1 684
1 465
2 979 812
2 287 848
1 828
2 417 390
4 63 108 993 892
1 691
2 257 242
2 145 962
3 4 19 734
4 177 921 664 571
1 677
2 936 876
2 898 644
2 400 460
1 809
1 673
2 529 377
2 269 635
2 963 555
2 161 343
1 652
4 206 525 592 600
2 280 640
1 512
1 552
2 409 694
3 41 326 593
2 164 574
3 731 852 939
3 122 279 807
1 141
1 217
2 204 500
1 189
3 72 383 895
3 838 492 649
2 91 956
1 614
1 688
5 56 742 326 318 725
2 472 750
1 112
2 967 633
3 20 638 910
4 896 803 690 499
3 467 889 775
3 134 217 599
1 696
3 621 415 760
2 455 869
4 43 893 525 618
5 164 466 827 415 448
3 199 989 597
2 684 603
6 24 192 964 875 355 916
1 959
1 417
5 634 717 722 854 301
3 228 668 542
2 556 858
2 527 882
3 154 573 507
1 173
2 489 631
5 469 697 810 545 857
2 107 520
1 89
3 166 194 666
2 240 840
1 233
1 500
1 863
1 663
1 591
1 772
2 618 746
1 212
4 635 587 400 662
1 57
1 784
1 943
1 300
1 940
4 803 565 330 901
1 666
2 25 122
3 775 381 479
1 892
1 58
3 112 292 963
1 268
1 173
3 91 829 998
2 338 811
4 121 884 434 418
2 157 445
2 100 186
1 443
3 743 648 350
2 476 997
3 113 169 426
1 496
3 158 468 737
1 349
2 977 645
3 392 848 405
3 25 374 505
1 250
1 472
1 142
3 921 514 699
1 779
2 348 944
1 655
2 143 516
4 237 250 542 564
1 375
3 81 349 850
5 759 424 503 719 872
2 294 519
1 893
2 388 663
4 97 196 744 440
1 940
1 487
1 737
1 631
1 304
2 188 905
1 469
2 692 423
1 831
2 230 423
2 511 859
2 48 644
2 940 952
1 539
2 323 510
3 314 328 711
2 50 309
1 725
2 368 770
2 185 382
4 62 162 689 518
2 124 265
1 815
1 979
1 66
1 165
3 37 698 617
3 696 712 368
1 445
3 123 462 445
1 527
2 636 780
1 475
2 867 415
3 352 361 581
1 411
1 16
2 861 405
4 570 671 444 695
2 676 849
3 317 438 897
2 327 470
3 185 396 739
1 227
1 668
3 15 461 969
2 900 470
3 141 297 585
1 353
2 104 245
3 182 623 433
1 828
1 743
4 131 190 785 899
5 148 207 332 788 833
2 501 841
1 214
3 683 498 929
1 316
3 45 580 711
1 835
3 26 794 467
2 376 509
1 981
1 529
3 902 909 541
3 224 288 875
3 95 977 869
1 41
1 608
1 97
4 316 371 709 864
5 202 694 996 782 681
4 27 922 498 707
2 569 627
1 236
4 61 64 87 972
3 369 697 829
1 884
2 49 611
1 799
5 259 262 367 487 450
1 173
3 214 267 537
1 305
1 159
1 196
2 756 789
1 924
4 341 343 609 922
2 329 712
1 698
4 72 311 815 730
1 859
1 462
1 640
2 6 116
3 175 930 925
1 907
3 384 914 718
3 305 624 626
1 743
3 16 68 140
1 487
1 374
2 133 900
2 333 727
2 915 712
1 847
2 308 778
1 372
5 176 306 362 363 809
2 735 588
1 129
4 262 848 759 740
1 713
1 415
2 566 614
1 836
1 598
1 838
3 74 260 646
1 608
1 54
2 970 702
2 122 160
3 224 728 682
2 379 790
4 120 363 428 785
2 169 824
1 528
2 210 971
3 262 468 820
3 256 395 821
4 313 466 856 622
3 140 275 340
4 375 380 805 920
1 731
3 251 319 673
2 884 498
2 196 657
3 28 366 723
2 310 659
1 737
1 598
1 297
1 555
1 539
2 803 536
1 698
2 722 860
1 512
1 48
4 335 415 437 985
2 962 763
1 274
2 748 494
1 501
3 128 246 665
1 812
2 490 585
1 607
2 312 964
2 519 868
3 391 407 473
1 255
4 243 281 688 514
4 389 491 875 654
1 2
2 171 329
1 97
1 317
2 146 787
1 272
3 127 155 531
3 38 396 706
2 348 559
2 344 649
5 234 485 568 851 602
1 765
6 321 500 961 533 578 658
1 901
2 142 325
1 679
2 354 834
4 330 497 607 608
2 276 823
1 722
1 752
2 854 970
1 581
3 232 261 758
2 883 549
3 184 271 364
3 127 464 838
3 164 227 398
2 162 652
1 508
1 95
3 154 185 514
1 788
3 37 795 634
3 5 482 978
2 128 417
1 903
3 347 481 681
1 54
1 399
5 112 269 326 583 834
1 623
1 622
2 275 612
2 807 778
1 710
4 798 764 687 604
1 526
1 867
1 659
3 12 235 951
2 984 855
2 109 630
2 229 480
2 12 270
1 172
1 916
2 510 645
2 71 156
1 25
1 826
1 719
2 66 326
1 294
1 451
1 640
1 512
2 408 683
4 128 372 882 766
2 220 870
3 73 737 924
1 272
2 238 637
1 838
1 718
4 736 997 791 862
3 514 832 844
2 961 990
2 164 393
4 170 368 524 908
2 840 873
1 542
2 82 92
3 381 494 744
1 152
3 288 990 747
2 446 775
2 630 655
2 180 920
2 284 750
3 232 750 677
1 237
1 872
1 906
2 3 720
1 263
4 453 478 806 735
1 257
1 232
1 206
1 512
3 134 264 737
1 548
1 149
3 807 940 743
2 495 519
3 403 456 519
1 423
1 123
5 47 59 84 413 790
1 545
1 647
3 248 451 945
2 111 969
1 79
3 360 902 632
3 261 286 799
2 881 826
2 167 887
2 60 259
2 468 544
3 384 543 700
1 434
1 874
2 434 804
1 408
2 821 714
2 138 667
2 554 589
6 274 337 959 812 834 941
1 617
1 253
3 268 535 801
2 228 288
2 365 958
1 574
4 187 254 932 759
4 58 163 194 656
4 233 429 567 659
1 199
2 76 690
1 160
4 54 223 345 933
5 65 90 315 559 786
2 455 938
2 613 829
3 8 309 777
2 246 511
1 103
1 864
2 231 530
1 657
1 501
4 107 324 589 973
2 639 871
2 474 653
1 514
6 476 551 640 667 871 931
1 208
2 75 105
1 288
2 283 332
1 220
2 144 492
3 148 278 295
2 629 659
2 269 378
1 35
2 691 866
2 372 776
1 164
2 226 472
1 974
3 33 44 905
1 373
3 152 221 592
1 782
2 152 517
1 66
3 115 406 539
1 460
3 391 569 880
2 209 264
1 698
2 39 765
2 139 548
2 249 500
1 354
3 255 642 891
2 216 670
2 178 341
1 886
5 93 236 406 904 983
1 372
3 258 361 788
4 275 411 716 995
4 360 425 483 685
1 321
1 623
1 7
2 458 710
2 121 845
2 23 71
1 769
1 509
1 407
4 78 183 201 974
1 405
2 547 702
4 349 393 748 950
3 361 424 441
2 449 773
1 628
3 32 168 913
1 697
4 174 191 268 967
3 57 433 576
3 329 563 782
2 192 596
1 43
5 97 268 484 521 723
2 475 722
1 75
2 250 351
2 75 959
2 440 772
1 460
2 24 193
2 118 426
3 51 239 471
1 916
2 35 812
3 95 189 219
2 446 598
2 577 765
6 103 313 336 477 572 603
2 57 883
1 376
1 448
1 203
2 168 250
6 309 386 435 606 987 930
2 333 585
2 21 964
1 286
1 587
2 490 711
1 29
4 251 591 592 901
1 141
2 52 522
1 26
1 834
1 901
1 421
1 839
1 525
5 13 329 448 638 842
3 153 259 767
1 836
1 42
1 488
3 15 127 548
4 513 686 736 831
3 570 949 888
2 98 760
1 171
3 192 705 942
1 352
1 837
2 285 727
2 4 713
1 136
3 256 297 588
2 172 671
1 648
3 152 443 546
2 142 322
3 29 365 782
2 103 953
4 406 678 719 780
1 17
3 101 290 821
3 387 462 797
1 645
1 506
3 388 534 696
2 127 421
2 461 611
2 577 853
1 874
2 923 959
1 395
2 535 945
1 2
1 785
1 548
2 414 618
1 942
2 634 986
2 181 816
4 147 255 294 482
2 46 626
1 470
1 598
4 72 240 546 606
1 6
3 225 445 848
1 275
2 304 831
5 88 211 493 631 733
1 839
1 897
2 356 426
1 802
1 36
1 125
1 89
2 165 466
5 70 159 467 628 784
3 918 917 866
3 10 520 829
1 463
1 993
3 152 562 619
1 262
3 58 213 385
4 303 411 647 823
2 51 846
3 342 765 811
1 578
2 80 388
4 518 542 631 754
2 394 936
3 97 452 761
2 91 771
4 246 454 528 575
3 757 813 862
2 279 582
2 34 389
2 759 863
1 916
1 578
1 703
2 830 936
2 53 442
5 94 212 316 448 809
2 110 373
1 328
2 27 512
1 239
1 791
2 268 523
1 553
1 468
1 275
2 208 270
2 344 427
1 484
1 371
4 102 126 577 839
3 282 842 992
2 405 651
1 146
2 670 822
4 69 367 550 890
1 497
5 161 260 401 982 886
1 571
3 67 656 659
2 329 594
1 582
3 77 625 792
5 53 114 265 400 501
3 154 222 900
1 163
1 175
3 22 907 954
2 89 683
1 619
3 271 570 981
3 168 526 738
3 305 412 473
1 117
2 693 869
2 620 906
1 766
2 256 980
1 867
2 149 690
2 215 298
3 261 331 948
1 126
1 245
1 255
2 374 814
2 223 935
1 387
3 380 439 876
4 294 515 750 755
2 399 617
2 166 538
1 694
2 339 675
3 14 595 887
3 145 432 879
1 581
1 399
1 254
1 57
1 94
1 715
1 433
1 441
4 265 558 732 843
3 822 930 991
1 822
1 927
2 470 590
3 132 220 321
3 407 423 955
1 793
2 422 572
1 431
2 203 946
2 20 919
2 96 990
1 391
3 431 743 917
1 659
1 638
1 644
1 996
1 898
3 222 835 846
1 141
1 646
1 239
6 42 173 293 334 346 606
1 631
3 108 769 800
3 1 291 971
1 323
2 614 795
2 64 926
1 143
1 893
1 766
1 711
4 181 205 552 965
1 346
1 781
2 194 879
1 922
1 247
1 33
1 636
4 266 631 726 793
2 137 176
2 514 579
4 0 218 488 988
2 229 300
3 265 496 745
2 31 951
1 114
3 129 253 717
1 162
2 379 615
3 458 523 976
2 465 943
3 136 151 410
1 655
3 92 674 708
1 13
1 970
2 315 401
3 83 536 984
3 150 211 357
1 889
3 17 397 882
1 869
1 694
2 553 978
2 195 487
1 801
3 1 743 994
1 962
2 143 263
4 82 579 587 928
1 917
1 863
2 215 825
1 987
1 697
2 406 934
3 179 310 577
1 303
2 156 200
