600
2 79 576
1 361
3 268 483 50
1 115
3 333 335 58
2 453 585
1 65
2 554 157
1 446
1 529
1 413
2 433 165
2 250 451
3 20 291 85
2 465 449
1 579
1 421
3 400 52 571
1 503
2 436 397
2 13 488
1 325
1 313
1 93
2 254 147
3 119 561 456
1 400
1 249
2 508 526
1 155
4 440 182 423 544
3 189 495 378
1 368
1 221
1 134
3 403 224 340
2 122 523
1 521
1 491
2 337 413
3 482 266 153
1 343
3 430 390 428
1 416
1 498
1 206
2 594 354
1 49
1 79
2 47 485
4 2 530 173 489
2 354 584
2 17 410
2 509 545
1 555
6 310 209 426 255 500 121
1 458
1 99
2 4 194
1 468
3 439 380 466
1 241
1 390
3 72 563 134
3 190 328 156
3 6 526 580
1 404
2 268 84
1 69
2 68 434
1 285
1 149
3 63 228 367
1 222
1 517
1 245
1 551
1 273
2 159 365
2 0 48
1 574
1 371
5 450 239 107 150 560
3 593 204 565
3 67 541 136
3 13 311 520
2 246 394
4 493 402 464 356
1 454
3 323 527 170
3 98 337 599
1 193
1 199
3 23 262 491
4 322 221 120 582
2 528 378
5 350 398 162 321 148
2 490 225
3 90 538 174
4 57 443 531 421
1 351
2 459 309
4 171 561 192 261
1 422
2 574 278
1 137
1 598
3 82 567 479
1 416
3 235 323 220
1 194
1 377
1 214
1 245
1 422
4 3 460 165 425
1 433
3 570 378 174
1 590
4 25 209 290 263
1 94
1 55
3 36 163 379
1 599
1 416
1 257
1 152
1 567
1 246
2 514 389
1 407
2 587 485
2 180 509
1 495
4 34 63 596 534
2 159 151
2 84 576
4 105 551 393 342
2 559 527
2 253 284
1 484
2 321 236
2 168 374
2 577 334
1 382
1 333
2 259 410
3 24 205 359
2 96 345
3 71 175 482
1 82
1 135
2 126 307
3 40 241 535
1 408
5 29 443 205 202 429
1 64
3 7 377 543
3 287 532 463
3 78 135 364
1 411
3 368 260 454
5 96 286 494 260 280
3 122 593 362
2 407 365
6 11 115 578 526 222 549
1 573
5 373 422 426 512 191
3 142 396 328
2 335 514
3 89 344 312
1 102
2 301 372
1 50
3 98 117 394
2 149 502
1 307
1 518
1 392
1 462
1 132
4 374 357 253 391
1 30
1 468
1 190
1 561
1 394
3 463 239 295
1 534
1 31
3 64 184 577
1 167
1 102
2 91 278
2 58 110
1 277
2 292 598
1 266
1 306
3 92 288 439
1 217
3 248 509 256
1 155
3 551 314 412
1 83
4 147 155 328 340
3 45 217 510
5 453 265 309 424 524
2 246 392
4 55 119 445 274
1 561
1 299
1 439
1 372
2 112 540
2 561 568
1 327
3 200 206 418
1 429
2 232 461
2 109 240
4 33 94 409 316
2 73 165
1 486
1 35
1 97
3 411 419 232
1 278
3 72 285 278
2 375 465
1 291
2 521 260
3 219 226 351
2 516 256
1 289
3 109 251 441
1 141
1 396
2 537 289
3 82 187 355
1 220
2 61 153
1 270
1 495
1 444
4 75 113 469 536
5 86 128 208 471 498
2 308 503
1 201
3 27 350 418
3 12 474 287
2 235 313
1 321
3 139 181 526
1 24
1 55
4 201 233 417 519
5 125 410 597 467 404
1 341
1 146
5 161 162 231 299 281
1 102
1 93
1 119
1 553
2 207 419
4 40 197 486 434
1 285
2 2 67
1 541
3 242 547 423
1 444
1 299
2 77 537
2 209 431
2 548 419
1 508
2 195 464
5 104 193 227 228 484
2 437 358
4 162 509 453 442
1 260
1 500
1 363
3 139 432 405
4 70 228 267 469
3 162 288 490
3 158 250 491
4 199 286 513 369
3 234 238 480
2 119 386
3 13 230 427
2 196 388
1 439
1 363
1 187
1 334
1 327
2 426 515
4 211 260 272 590
2 576 457
1 172
2 448 305
1 308
1 485
2 302 355
2 198 578
4 152 176 408 314
4 247 303 526 384
2 101 207
1 55
2 85 470
1 170
3 22 251 415
6 203 307 575 323 348 387
1 402
2 221 499
1 426
2 512 583
1 351
2 531 331
3 96 141 252
2 94 382
3 89 109 314
1 471
3 21 475 373
1 538
3 216 297 404
5 64 168 205 353 499
1 369
2 482 464
1 320
1 521
3 4 145 567
2 143 296
2 4 169
1 549
2 39 90
1 493
1 424
2 35 205
2 258 406
2 137 522
3 41 439 553
1 170
2 148 376
1 423
4 438 598 472 517
3 314 497 506
2 575 594
2 96 249
4 100 232 319 542
2 502 525
1 328
2 46 51
3 239 305 445
1 87
3 181 594 447
2 279 463
1 147
1 524
2 1 425
1 163
4 283 294 481 437
1 159
3 78 164 439
3 482 561 444
1 72
2 32 161
2 288 329
2 491 420
2 81 395
6 172 213 573 485 499 562
3 167 325 478
2 142 181
2 229 572
1 345
4 111 157 557 453
4 31 95 117 385
1 122
1 60
1 519
2 144 322
1 386
1 308
2 378 523
2 290 383
1 314
4 292 395 523 556
1 129
2 42 62
1 181
2 178 208
1 137
3 86 174 186
2 371 388
2 168 237
1 19
1 96
1 584
3 17 26 540
1 467
2 87 315
1 35
3 66 257 327
1 284
2 341 530
2 130 164
2 154 307
1 221
5 52 146 257 539 589
3 160 226 471
1 203
2 10 39
1 460
1 313
4 43 108 124 584
1 256
4 217 249 448 566
3 226 265 275
1 370
3 16 99 546
4 103 114 167 581
3 30 270 346
3 207 339 467
2 115 361
5 55 167 298 317 427
2 291 426
1 42
2 155 218
2 42 573
2 274 462
1 284
2 11 116
2 69 266
1 549
2 19 485
2 279 363
1 347
6 60 199 212 293 343 365
2 30 531
1 235
1 280
2 99 155
3 244 271 366
2 209 355
2 8 578
1 357
2 302 418
1 14
1 82
1 12
1 499
5 5 207 280 377 504
3 88 161 458
1 500
1 25
1 300
2 56 454
1 101
3 115 414 563
1 219
2 179 431
3 158 187 358
3 87 277 330
3 14 229 467
2 60 569
4 257 401 424 465
3 59 183 491
3 245 285 476
1 311
3 246 324 411
2 347 511
2 552 573
1 250
2 325 564
1 469
1 563
2 373 591
2 107 487
1 289
1 363
4 40 149 330 366
1 2
3 140 278 509
5 49 131 304 372 436
2 223 266
1 479
1 20
1 50
2 97 286
5 38 93 287 370 468
1 596
2 87 338
1 162
3 31 133 243
1 507
1 348
2 44 246
4 316 328 372 452
3 55 282 455
1 517
2 175 352
2 18 247
2 453 518
1 549
1 348
2 496 559
2 28 276
5 53 132 201 280 484
1 206
1 472
2 167 318
1 288
2 129 169
1 298
1 233
3 74 347 501
3 177 504 595
2 256 381
1 85
4 37 231 332 533
1 342
3 36 385 388
2 207 360
1 352
5 28 65 165 253 308
3 89 138 537
1 95
3 9 541 570
2 50 406
3 99 320 440
2 158 588
1 521
2 134 188
1 153
1 245
3 238 273 527
2 98 326
1 410
2 214 400
3 84 269 529
1 351
1 157
1 30
1 53
1 421
1 270
1 275
4 165 336 435 505
1 554
3 76 137 203
1 473
2 264 343
2 7 550
2 54 594
1 388
1 377
1 597
2 138 507
1 82
6 25 102 185 210 215 366
1 372
3 63 460 477
1 475
1 83
1 418
4 107 127 333 579
1 215
1 466
2 117 529
1 17
1 375
4 166 372 430 473
2 80 104
2 314 349
4 0 136 300 592
2 143 190
3 165 306 446
2 15 567
1 65
1 422
1 94
2 318 586
3 51 399 416
1 5
1 583
1 131
1 532
1 410
2 118 299
1 478
1 576
2 83 163
4 46 349 357 555
1 518
2 134 492
2 257 558
3 106 196 347
2 90 123
