1000
3 724 872 942
1 625
1 287
3 914 315 550
2 401 487
3 175 270 811
1 152
2 608 359
1 904
1 320
2 200 452
2 915 596
2 570 356
3 859 528 97
3 163 390 280
1 713
1 112
1 512
4 932 814 258 925
4 409 477 948 588
1 703
1 510
1 421
4 340 987 541 971
1 665
1 365
2 702 890
1 946
1 400
3 715 75 549
1 577
3 730 410 943
1 464
1 240
2 74 854
3 944 870 631
4 666 885 677 860
2 123 874
1 630
2 244 220
4 387 416 153 955
2 291 581
4 579 385 756 373
1 660
1 292
2 152 460
1 142
1 896
1 447
1 124
2 185 773
1 436
3 768 906 556
2 917 848
3 883 143 305
1 226
3 225 884 852
2 867 397
1 472
1 937
2 881 264
1 593
2 272 64
2 799 320
2 62 869
2 163 203
3 186 909 542
1 333
1 234
1 361
3 530 643 304
1 389
2 510 753
3 855 585 167
5 34 676 795 142 531
1 29
1 555
1 344
1 413
1 507
1 281
2 152 398
1 524
3 610 946 153
3 540 456 640
1 475
3 762 790 462
1 141
2 253 936
3 628 808 796
3 537 222 795
2 925 282
1 377
3 537 404 522
2 512 577
1 156
3 932 239 635
1 13
1 153
1 462
2 516 341
1 923
3 831 224 208
1 546
2 554 202
3 904 835 189
1 768
1 326
2 720 697
1 986
6 781 141 493 838 950 287
2 978 335
2 16 890
2 559 877
1 694
1 948
1 157
1 120
2 633 158
3 991 147 492
3 117 355 470
3 132 468 995
1 619
3 37 551 930
2 49 667
1 521
2 148 878
2 163 994
1 343
4 708 909 358 234
2 956 215
2 798 923
1 121
1 603
1 157
1 970
1 471
2 160 176
1 913
2 458 285
3 358 410 695
2 87 110
3 46 74 214
3 54 794 428
1 629
2 222 858
1 325
1 119
4 126 916 720 655
3 349 592 789
1 308
3 898 192 822
3 6 45 81
5 40 83 98 557 873
2 162 934
2 821 180
3 95 328 377
4 116 134 674 388
1 118
1 955
1 137
3 322 501 775
1 154
4 14 65 127 334
2 181 307
1 428
3 806 844 771
4 73 813 307 977
2 565 290
2 699 170
3 169 758 782
1 602
1 879
1 997
3 630 468 441
2 5 225
3 137 738 475
1 429
2 839 773
3 916 458 380
2 155 227
2 164 465
1 386
1 569
1 666
4 50 795 219 607
2 66 478
1 490
1 729
2 105 757
2 910 863
1 290
2 151 344
2 791 427
1 266
1 816
1 490
3 502 239 447
2 607 489
2 840 832
2 10 499
1 881
3 104 391 504
2 65 423
1 981
1 696
3 636 224 712
2 476 383
4 102 583 482 600
1 613
3 356 295 533
2 672 518
2 645 710
3 905 490 719
1 142
3 130 350 570
1 240
2 691 576
1 315
1 185
2 39 916
3 807 232 896
4 90 145 733 354
1 709
5 102 206 415 903 285
5 56 175 614 507 727
4 55 436 352 816
2 180 883
1 323
1 897
1 445
2 937 516
2 221 469
1 808
2 68 129
1 790
1 419
2 374 750
2 945 342
4 96 197 496 756
4 33 216 616 451
1 267
1 667
1 520
1 39
1 844
1 395
1 326
1 531
3 663 719 726
2 712 693
2 505 566
2 330 349
3 88 464 536
2 977 444
1 409
2 711 752
1 777
1 18
1 347
2 432 323
4 429 747 626 968
1 980
2 780 839
2 60 321
2 753 900
2 194 764
4 241 594 372 716
3 389 872 659
1 666
2 5 575
2 470 978
2 62 760
1 932
1 474
3 872 810 421
2 619 882
1 375
1 315
1 782
3 14 633 866
2 80 422
1 91
1 717
4 667 705 975 939
5 139 224 520 851 454
2 911 590
4 2 110 361 532
1 421
4 715 700 430 867
5 168 191 598 520 654
3 41 595 563
2 44 497
1 326
1 402
2 210 692
2 314 597
3 411 658 518
2 427 717
6 772 805 919 535 650 568
1 864
2 336 875
1 811
1 686
2 70 392
1 54
2 969 564
3 164 167 566
2 150 531
3 876 724 366
1 948
1 956
1 386
1 374
3 296 736 315
6 3 218 278 314 803 759
3 637 735 502
2 708 525
1 386
2 788 911
4 9 63 844 979
1 264
3 161 824 388
3 228 260 581
2 619 964
4 146 932 338 984
5 107 247 293 660 719
2 412 965
1 156
2 348 909
2 252 434
1 942
2 893 709
2 67 719
2 163 567
3 111 576 520
3 301 726 474
2 386 774
1 325
1 841
1 23
1 100
1 238
3 128 621 754
2 77 192
1 693
1 804
2 259 359
3 329 353 963
4 149 252 713 882
3 215 560 517
1 691
4 226 748 425 613
2 348 395
1 222
2 120 440
4 12 210 535 408
1 729
4 129 140 615 646
3 7 347 580
1 602
2 69 287
2 846 453
1 722
2 966 537
2 25 519
1 309
1 493
2 935 807
1 437
1 683
1 967
1 267
1 42
3 237 313 450
4 277 611 393 799
1 597
4 92 156 413 531
1 390
1 799
2 179 958
1 797
1 437
3 207 683 780
1 390
1 42
6 182 312 318 337 783 886
1 40
3 157 322 618
3 71 268 456
6 14 378 384 891 605 488
2 202 502
3 304 513 770
1 375
1 729
2 246 353
1 638
1 57
2 81 404
1 601
3 28 807 853
3 4 812 792
2 294 810
1 851
4 93 398 904 778
1 934
2 463 629
1 932
1 356
3 19 255 701
2 31 140
1 297
3 327 460 524
2 78 377
1 442
2 224 855
2 40 641
1 480
1 843
2 236 903
2 599 829
6 22 275 288 864 733 747
2 281 750
3 203 865 941
2 949 676
2 352 572
3 732 927 461
5 193 298 912 728 732
4 143 165 991 642
2 177 261
2 289 551
1 681
2 260 558
1 822
2 330 926
1 812
3 51 226 851
3 369 382 887
3 953 633 661
2 841 658
1 355
1 174
3 414 828 688
1 578
1 254
4 230 561 486 945
1 516
2 48 197
1 495
1 540
4 374 927 938 656
2 240 457
1 10
2 362 969
1 285
1 983
3 84 389 685
3 451 738 468
2 139 179
1 833
3 45 412 744
1 426
3 86 99 606
2 406 481
3 32 253 679
1 181
1 624
1 617
5 121 174 457 947 543
2 232 501
2 120 271
3 136 877 848
2 58 623
2 616 594
2 274 336
2 85 176
2 207 895
2 19 919
1 186
2 709 892
3 417 793 568
3 463 495 543
2 208 488
1 887
2 627 681
1 550
2 445 499
1 4
2 390 482
1 198
4 187 196 213 670
1 743
2 119 639
2 110 367
1 924
2 448 481
4 239 732 608 547
4 292 745 697 694
1 754
2 200 486
2 931 657
3 161 469 594
7 197 316 391 880 784 805 836
2 847 764
2 202 901
1 251
1 738
3 79 225 617
1 973
1 658
2 21 72
1 966
2 17 94
1 392
1 849
1 709
3 100 231 446
1 350
3 211 297 577
2 365 761
6 243 285 290 335 961 752
2 125 705
2 93 878
2 534 834
4 82 412 867 669
4 317 967 849 546
1 896
1 919
2 13 722
1 977
2 70 584
5 74 248 308 377 951
1 287
1 210
3 523 997 673
2 299 356
3 253 945 750
4 90 93 364 838
1 968
1 795
5 84 449 861 653 888
2 23 889
1 66
4 468 481 682 648
1 843
1 599
3 103 525 589
2 496 702
1 567
1 29
3 3 485 637
2 123 430
3 665 776 751
2 691 657
4 104 678 828 934
2 76 906
2 52 723
1 153
1 432
1 113
1 350
1 445
2 601 747
1 291
1 306
2 168 823
2 251 307
2 334 548
2 299 480
2 183 599
2 12 215
1 954
1 425
3 737 969 898
1 726
2 270 989
2 217 335
3 30 94 518
2 443 915
2 42 952
1 359
5 41 323 806 996 680
1 951
1 208
1 530
1 73
2 960 738
1 777
2 19 975
1 546
1 286
1 802
1 149
2 61 804
3 267 473 501
1 291
2 11 698
2 296 376
1 290
3 420 545 569
1 208
2 399 562
3 171 360 881
2 133 720
1 863
3 390 907 731
1 462
2 185 198
4 7 496 743 785
1 849
2 83 700
1 375
1 644
2 209 352
2 225 886
1 358
3 240 473 714
2 467 507
1 388
3 122 276 324
1 855
3 343 936 862
1 916
4 472 788 643 712
2 466 810
2 1 882
1 261
2 484 723
2 89 716
6 144 406 991 662 699 974
3 38 174 688
1 35
2 942 734
3 118 280 438
1 947
2 96 972
1 206
3 316 550 651
3 396 740 895
1 492
1 84
1 416
1 428
2 70 623
2 612 687
2 212 882
2 358 887
1 944
1 543
1 760
3 299 703 826
2 637 850
1 752
2 540 755
2 290 894
2 148 798
1 450
2 500 553
5 297 439 509 973 677
1 268
2 43 326
2 438 725
1 629
2 249 970
1 773
2 24 552
5 36 184 269 753 746
3 124 242 284
1 739
1 524
1 490
1 765
2 211 942
1 534
1 157
1 746
3 74 424 989
2 36 658
2 554 845
2 464 707
2 581 764
3 431 484 913
1 543
2 370 383
2 689 826
1 456
2 303 977
4 644 937 904 986
2 442 630
1 684
1 925
4 217 351 553 706
1 295
3 250 345 735
2 114 497
1 140
2 205 897
3 108 497 922
1 596
2 169 629
4 289 610 840 817
1 409
3 26 547 920
2 20 650
1 743
2 284 521
1 691
1 679
2 129 317
5 223 332 479 515 850
2 212 769
1 256
3 206 250 623
3 15 349 721
1 616
2 29 289
2 267 628
2 283 298
1 864
4 213 249 326 333
4 108 148 603 739
3 713 889 829
2 363 528
3 556 627 769
2 0 309
1 661
4 249 336 574 763
2 225 929
1 427
4 188 357 394 937
2 31 959
1 605
4 426 427 496 825
2 222 421
1 632
2 316 693
1 314
1 573
4 176 457 506 586
2 668 720
1 638
1 937
1 785
3 491 608 704
1 460
3 497 993 944
3 666 675 856
3 261 421 562
2 352 957
2 751 908
4 237 422 536 962
2 552 749
3 256 520 652
3 72 265 666
3 343 498 992
1 653
3 42 239 924
2 189 827
1 170
2 315 815
3 272 649 885
2 519 828
2 86 966
2 726 976
4 266 503 680 981
2 671 795
1 774
3 799 997 859
3 52 106 804
2 710 723
1 392
1 166
1 299
3 50 178 664
2 337 766
1 161
2 552 805
3 257 587 859
1 404
1 933
2 263 383
1 110
2 170 279
1 386
1 502
2 608 742
1 830
1 806
2 319 623
1 149
3 86 235 857
1 193
2 401 907
1 480
1 143
6 74 90 185 539 765 980
1 89
2 381 809
2 131 655
5 63 375 379 767 866
1 965
1 944
2 591 911
1 315
3 346 593 768
3 299 502 776
3 166 581 787
3 221 368 400
2 89 233
4 797 877 934 928
3 275 402 624
2 5 302
2 401 435
1 167
1 18
1 759
2 195 226
1 700
1 839
1 884
1 854
1 155
2 151 433
1 565
1 322
1 732
2 650 684
1 757
5 442 554 761 918 833
2 420 721
2 786 906
2 102 863
1 199
3 459 828 969
1 523
1 105
2 502 970
2 906 868
2 110 537
3 178 263 818
2 199 700
2 339 439
1 853
3 418 544 867
3 166 245 320
1 678
1 362
1 503
2 53 471
3 514 525 609
2 651 709
3 285 403 436
1 56
2 400 842
2 34 820
3 73 415 620
1 746
1 790
1 145
3 13 767 777
1 36
1 540
1 621
3 190 604 831
4 300 421 718 933
1 423
2 280 799
4 57 289 524 843
1 837
1 64
1 35
1 969
3 0 268 275
2 153 985
1 37
1 301
1 309
3 113 471 809
2 126 522
2 172 912
1 502
4 60 201 602 898
5 276 349 625 645 963
2 54 227
2 56 819
4 36 760 990 940
2 386 614
3 437 483 646
1 540
2 541 721
3 26 112 982
1 390
1 479
1 332
1 654
2 476 638
4 47 221 526 954
3 229 696 933
3 151 573 881
1 987
1 265
1 504
1 990
2 224 419
4 8 105 404 687
1 213
4 52 555 830 837
2 605 792
1 749
3 66 129 329
1 190
3 286 319 802
2 427 879
3 138 681 990
1 3
4 11 578 998 922
4 148 179 220 622
1 53
1 828
3 299 477 527
1 702
1 927
2 697 915
2 101 131
2 494 756
3 18 91 690
1 434
3 426 450 921
1 809
1 727
2 123 999
1 500
5 18 96 273 325 407
3 779 864 897
4 154 405 554 809
1 368
2 88 621
5 59 231 687 729 741
1 450
1 284
1 885
1 423
4 0 331 632 672
1 31
4 35 647 745 801
3 238 445 536
2 27 83
2 468 634
3 19 115 310
1 424
1 110
2 531 582
1 579
1 438
2 571 896
2 40 159
2 130 311
1 748
1 380
1 730
1 586
1 520
1 750
2 348 882
1 324
2 327 800
3 364 511 762
2 371 525
2 261 538
5 306 453 573 833 871
3 135 663 836
1 23
1 635
2 508 658
1 629
2 284 588
1 763
4 167 254 529 686
2 111 271
1 320
3 262 795 988
2 204 764
2 890 983
2 455 982
1 325
1 873
2 109 687
2 23 899
1 980
2 575 676
3 885 902 913
3 119 428 629
1 754
1 745
1 127
1 121
1 581
3 173 534 767
1 915
1 930
