600
1 170
3 546 188 329
2 236 290
1 86
2 371 213
1 539
1 191
2 547 361
2 342 211
3 519 315 52
3 91 230 163
1 63
4 560 493 154 556
4 242 285 570 356
1 423
1 399
1 219
2 422 531
1 141
1 380
2 143 129
2 172 350
4 348 229 457 221
1 395
1 173
2 86 273
1 264
2 104 469
1 256
1 133
2 523 234
1 281
1 563
2 484 191
2 91 118
1 197
1 215
3 317 386 181
3 516 353 94
2 482 318
1 203
1 164
2 86 235
1 313
1 284
3 461 478 275
1 81
2 149 562
3 324 130 482
2 556 165
3 324 238 311
3 560 140 383
1 9
1 275
1 554
3 502 132 121
2 332 117
3 539 505 106
1 194
2 433 419
1 594
6 473 81 294 507 571 170
2 587 199
2 11 531
2 334 526
1 418
1 570
1 69
2 381 88
3 67 210 279
3 75 278 596
2 84 527
2 91 595
2 574 125
2 483 554
1 70
1 366
1 582
1 280
2 89 100
2 271 168
2 46 61
2 130 518
1 193
4 71 548 433 392
3 536 109 496
3 3 25 42
2 90 561
1 68
1 79
1 87
4 10 34 72 198
2 103 183
3 489 509 467
4 38 492 183 586
2 338 171
1 365
1 528
1 598
3 380 278 259
3 79 445 284
1 469
3 548 271 227
2 92 277
4 27 482 128 370
1 292
2 57 458
2 543 520
1 171
2 85 203
2 479 252
1 157
1 495
1 292
3 299 140 264
1 370
1 530
3 56 231 301
2 34 249
1 590
3 384 132 429
4 55 351 288 364
1 374
3 211 175 320
3 540 292 432
3 73 206 342
2 415 346
1 188
1 104
2 20 548
4 48 82 441 209
1 427
5 55 120 245 538 168
4 29 256 208 495
1 192
2 563 307
1 478
1 247
2 222 454
2 568 202
4 51 114 296 457
3 18 375 266
1 310
1 20
1 509
1 194
3 397 432 436
2 429 417
2 302 339
3 47 276 323
2 586 262
1 242
2 428 456
1 471
1 12
1 205
2 253 192
2 111 463
2 279 587
1 560
1 283
1 223
1 188
3 10 381 522
2 41 248
1 49
1 431
4 400 425 584 565
5 80 132 310 515 268
2 544 357
4 0 61 215 319
5 95 108 363 310 391
3 21 360 336
2 24 297
1 194
2 123 416
2 187 362
2 252 431
6 468 488 550 322 388 341
2 200 525
1 410
2 37 232
2 581 337
3 92 94 339
1 570
1 574
1 222
3 176 443 188
6 1 127 162 187 487 459
3 385 442 299
2 477 544
4 6 33 509 588
3 134 156 350
4 83 560 201 593
5 58 145 174 395 432
2 243 579
2 534 427
2 35 432
2 91 340
3 62 346 310
3 179 436 283
1 193
1 139
2 40 109
1 417
2 155 213
3 125 335 308
1 415
4 133 452 250 374
1 130
2 69 258
4 8 123 322 241
1 438
3 4 205 349
1 365
2 36 170
2 511 267
1 434
2 580 324
2 16 309
1 294
1 22
3 138 186 265
4 161 372 233 484
1 362
1 230
1 484
2 102 576
1 230
1 22
6 10 225 228 532 368 291
2 117 299
3 181 305 466
1 223
1 30
2 42 238
3 2 491 480
1 515
4 50 235 539 472
1 561
1 560
1 211
3 13 151 421
3 195 273 313
1 260
2 132 516
1 287
2 137 538
2 164 454
3 118 521 566
2 208 343
3 440 557 274
5 110 177 545 437 440
2 156 333
1 496
1 491
3 28 133 515
3 573 381 396
1 210
1 99
3 244 501 412
1 347
1 150
1 568
2 26 114
4 222 557 564 393
2 141 270
2 216 581
1 168
1 592
3 266 445 278
2 80 102
1 503
3 25 243 450
1 251
3 45 53 369
1 149
1 103
5 70 99 270 569 326
2 69 158
3 78 526 513
2 31 379
2 375 359
2 160 200
2 44 100
2 13 550
2 427 533
3 246 481 341
2 121 291
1 329
1 2
2 230 288
4 105 113 124 403
1 449
2 61 220
1 555
4 140 440 371 327
4 173 451 419 418
2 559 394
7 114 189 231 529 474 488 506
2 512 463
2 117 537
1 148
1 445
1 580
1 232
1 427
1 135
1 206
2 219 460
6 142 168 171 199 577 456
2 50 527
2 321 504
4 43 243 523 402
1 550
2 9 434
1 586
2 37 352
1 39
1 170
1 123
3 312 598 405
2 178 211
3 149 568 454
4 48 50 218 507
1 482
2 278 408
2 296 422
1 340
3 1 289 385
3 399 470 455
2 415 394
4 56 406 501 561
1 253
1 64
1 206
1 172
1 182
2 95 497
2 148 183
2 198 328
2 178 287
2 8 125
1 250
3 444 581 536
1 436
2 126 199
2 261 547
2 22 572
1 213
5 21 192 489 597 407
1 121
1 317
1 38
1 445
1 471
2 13 584
1 169
1 486
1 282
1 172
2 7 420
2 176 224
1 171
1 121
3 96 214 530
2 76 433
1 520
3 230 541 439
1 275
2 104 115
4 4 296 449 475
1 223
1 387
2 122 208
3 141 282 430
1 516
1 562
1 548
4 281 477 386 429
3 19 99 412
3 68 163 257
1 569
2 51 583
1 120
3 189 329 389
2 37 379
2 373 411
3 178 423 499
2 385 514
1 456
2 171 535
2 84 483
1 265
2 298 331
2 23 194
2 257 435
2 146 582
1 469
2 15 330
1 167
1 446
1 313
1 292
1 464
1 321
2 332 510
2 350 463
1 326
2 413 499
2 180 586
4 387 563 539 594
2 260 380
1 409
1 556
4 126 207 331 426
1 175
3 147 204 442
2 65 297
3 59 297 553
1 361
1 242
3 17 327 551
2 14 388
1 449
1 167
1 415
5 131 196 286 306 514
1 152
3 120 147 379
1 375
2 166 177
4 124 146 194 197
4 59 84 366 446
2 217 315
1 396
4 146 200 345 462
1 252
2 212 563
1 368
4 251 252 296 498
1 130
2 189 417
1 187
1 344
4 100 270 303 354
2 401 433
1 563
1 475
3 293 371 424
1 273
2 297 567
2 208 575
2 455 542
4 138 248 323 578
2 330 453
3 152 310 390
3 22 140 555
2 106 500
2 188 494
2 309 501
2 45 580
2 436 585
4 157 300 407 590
2 404 482
3 484 598 519
1 232
1 93
1 178
3 27 101 398
2 330 488
3 153 355 519
1 238
1 61
1 299
2 371 448
1 489
2 190 379
3 45 136 517
1 110
2 236 541
1 287
6 39 48 104 325 464 589
2 74 392
5 33 223 226 465 522
1 579
2 358 544
1 188
3 178 299 470
3 93 350 476
3 526 561 558
2 236 255
1 94
1 12
1 459
2 112 133
2 85 254
1 338
1 440
2 388 409
1 458
5 260 332 460 549 503
2 55 520
3 272 501 581
1 312
1 57
2 299 582
2 61 324
1 523
3 93 144 191
1 406
1 216
1 300
1 280
2 389 427
3 168 237 256
3 38 245 376
1 478
1 82
3 9 465 471
3 107 367 502
1 249
2 163 484
3 30 313 508
1 581
1 179
3 64 280 490
2 71 311
2 97 545
1 299
3 116 365 536
3 17 63 591
1 230
1 286
1 196
1 391
3 85 344 530
1 301
2 132 247
4 5 57 238 411
1 124
2 368 480
1 453
1 107
3 169 190 486
2 252 528
1 1
4 7 347 599 553
4 84 102 129 378
1 501
3 178 285 314
1 422
1 557
2 419 547
2 54 74
2 295 457
3 12 49 414
3 251 265 552
1 490
1 298
5 12 51 159 193 240
4 87 239 332 490
2 47 377
5 32 135 411 438 447
1 265
1 167
1 249
1 451
3 139 263 323
2 278 382
3 13 66 184
1 61
1 348
1 257
2 73 185
1 452
1 227
1 310
1 454
2 195 485
3 218 304 461
5 182 267 344 503 524
3 77 397 506
1 383
2 167 356
1 462
4 94 150 316 410
2 62 158
1 191
1 482
2 119 463
2 531 592
2 269 591
1 193
2 60 411
1 72
1 70
1 350
3 98 321 465
1 547
