100
2 52 82
3 77 29 11
5 6 22 4 55 36
1 89
1 2
2 99 26
1 2
1 76
2 47 89
3 52 76 70
2 14 78
1 1
2 37 82
1 32
3 50 10 71
2 56 22
2 98 18
4 47 35 98 94
2 16 30
3 54 33 27
3 72 81 28
1 65
3 2 15 61
3 48 29 35
1 83
2 33 32
2 46 5
3 19 65 66
1 20
3 1 23 31
2 57 18
1 29
3 13 67 25
5 45 19 25 82 38
1 63
3 17 23 97
1 2
1 12
2 33 39
2 59 38
1 61
2 56 95
1 93
3 52 68 92
2 63 99
2 33 85
1 26
3 17 65 8
2 23 73
1 62
2 14 86
2 61 98
3 0 43 9
1 89
1 19
2 2 90
2 15 41
1 30
1 93
2 80 39
1 94
3 51 40 22
2 49 78
2 44 34
1 80
4 47 21 27 93
2 88 27
1 32
1 43
1 72
1 9
2 14 88
2 20 69
2 48 79
2 91 77
1 89
2 7 9
2 1 74
2 10 62
1 73
2 59 64
3 20 89 96
3 0 12 33
2 24 98
1 85
3 45 84 87
1 50
1 85
2 66 71
5 3 8 53 75 81
1 55
1 74
1 43
3 58 65 42
2 17 60
1 41
1 81
1 35
5 51 16 17 83 99
3 44 5 98
