200
1 66
1 20
3 76 39 20
1 178
1 175
3 90 163 64
3 165 186 134
2 30 40
4 157 190 72 99
3 158 64 196
1 102
1 32
1 67
1 96
3 68 140 195
2 175 156
2 112 35
2 117 75
2 114 126
1 80
2 1 2
1 149
3 183 170 34
2 93 67
2 173 167
2 130 176
4 161 96 85 61
3 127 96 155
1 36
1 85
3 7 147 51
3 176 97 195
2 11 35
2 102 192
2 22 158
5 119 16 32 78 58
3 28 60 165
1 90
4 121 107 108 160
1 2
2 7 96
2 153 159
1 133
3 115 77 100
1 195
3 161 170 57
1 89
2 149 55
4 113 149 191 195
2 118 59
2 193 59
2 116 30
4 119 136 89 169
1 102
4 122 129 109 83
3 138 47 177
1 190
2 45 199
2 35 189
2 49 50
1 36
2 26 132
1 94
1 106
3 5 9 75
2 124 103
2 0 155
5 12 23 142 101 81
1 14
2 79 101
2 171 189
1 176
1 8
1 152
1 135
3 17 64 91
2 2 161
2 43 95
2 35 157
2 145 69
3 19 131 109
3 127 135 67
1 169
1 54
2 123 104
3 26 29 181
1 175
1 187
1 90
4 46 52 154 168
3 5 37 88
2 75 187
2 141 146
2 118 23
2 118 62
1 77
5 13 26 27 40 104
1 31
1 157
1 8
1 43
4 115 137 67 69
5 10 33 53 180 108
3 119 128 65
3 110 84 96
1 171
4 133 152 63 191
1 38
2 38 102
4 151 54 179 80
1 104
1 132
2 144 16
3 48 175 184
1 18
3 101 154 43
1 51
1 17
3 49 93 94
4 194 52 35 103
1 152
1 38
1 54
1 84
1 65
1 188
2 18 183
5 27 188 81 166 185
1 103
2 162 54
3 25 150 159
1 80
3 111 61 197
3 106 148 42
1 6
3 74 164 81
1 52
1 101
1 55
1 161
1 14
1 92
1 67
1 167
1 112
1 79
2 92 158
1 30
1 133
3 21 48 47
1 130
3 109 180 165
3 120 106 73
1 41
3 115 89 198
2 27 66
1 15
3 8 78 98
5 9 34 146 192 174
2 130 41
1 38
4 26 139 45 76
1 129
1 5
1 135
3 6 36 151
2 127 184
2 24 143
1 89
2 52 82
2 22 45
2 70 105
1 198
2 24 184
1 158
4 4 113 15 86
3 25 31 71
1 55
2 3 186
1 109
2 151 102
1 85
1 194
2 22 126
3 113 166 173
1 127
2 6 178
2 91 87
2 125 127
2 58 70
2 8 56
2 48 106
2 33 158
1 50
2 119 182
4 14 31 44 48
1 9
1 132
2 154 172
1 57
