100
1 71
1 19
1 98
1 47
1 20
1 41
1 84
1 32
1 85
1 88
2 96 87
1 73
4 82 67 78 20
1 51
2 88 51
1 59
1 32
1 59
8 61 71 46 89 49 29 51 76
2 1 28
4 4 12 24 92
2 99 31
1 86
2 52 98
2 20 33
1 97
1 77
1 82
3 19 54 34
2 18 95
1 66
2 21 93
4 7 16 75 38
3 24 34 50
2 28 33
3 71 79 90
1 50
2 99 45
1 32
1 62
1 77
3 5 84 99
2 56 64
2 69 45
1 84
3 58 37 43
1 18
4 3 63 69 86
1 56
1 18
2 33 36
3 13 14 18
1 23
1 56
1 28
1 71
4 53 42 69 48
2 74 89
1 45
3 84 15 17
1 97
1 18
3 65 68 39
3 47 78 80
1 42
2 62 97
2 78 30
3 12 89 77
1 62
4 56 47 43 96
1 72
6 55 0 35 18 85 75
2 70 86
2 11 85
1 57
4 71 97 81 32
1 18
3 67 26 40
3 63 12 66
1 35
1 63
1 75
2 12 27
2 97 91
4 6 59 44 41
3 8 71 73
3 72 22 47
1 10
2 9 14
3 57 67 18
1 35
1 83
1 20
1 31
1 95
2 29 94
2 10 69
6 60 65 75 25 83 98
3 2 23 97
3 21 37 41
