200
1 47
4 61 20 55 35
2 7 37
1 63
2 191 108
1 139
3 54 109 45
4 2 84 62 99
4 79 51 174 118
2 144 168
2 142 54
2 23 143
3 27 17 65
2 69 55
1 155
1 129
1 182
2 12 121
1 70
1 65
3 1 196 22
1 156
1 20
3 11 119 190
1 96
1 40
1 171
2 12 36
2 71 70
1 161
2 172 179
1 98
2 113 146
2 189 139
1 62
4 1 107 75 62
2 27 180
1 2
1 190
2 197 181
4 108 25 140 155
1 145
1 151
1 62
1 177
1 6
2 72 172
2 0 117
2 118 184
3 187 51 167
2 106 66
3 8 49 164
2 199 195
1 61
5 6 107 10 116 162
5 1 13 134 93 98
3 102 125 156
2 102 117
2 65 95
1 118
2 188 197
2 1 53
5 7 34 35 43 178
3 3 141 171
1 169
4 12 19 58 191
1 50
2 198 165
2 156 170
1 13
2 18 28
2 134 28
2 114 46
2 129 178
1 77
4 35 146 150 78
1 90
2 74 198
3 103 138 75
2 8 123
2 82 97
1 187
2 80 189
1 140
1 7
2 166 170
1 103
2 108 163
3 191 90 96
1 173
3 159 76 88
1 93
1 173
3 55 158 91
1 148
1 58
3 111 24 88
1 80
2 31 55
2 7 131
3 133 104 137
3 199 107 133
3 56 195 57
2 78 86
2 100 124
1 124
2 50 140
4 101 54 35 197
5 4 196 194 87 40
1 6
1 123
1 96
1 145
1 32
1 72
1 169
2 54 128
3 47 57 135
3 8 59 48
2 161 23
1 176
1 17
1 147
4 110 79 172 144
2 104 105
1 56
1 140
1 199
1 116
3 15 148 73
1 198
1 99
1 157
2 100 101
2 71 55
1 117
1 170
1 100
1 78
2 5 33
4 106 126 40 83
3 170 186 63
3 10 147 153
2 11 198
2 9 123
3 112 41 195
3 32 75 193
2 122 142
2 129 94
1 179
1 75
2 42 188
1 189
1 142
2 172 185
2 14 40
3 21 56 68
2 132 171
3 174 93 161
1 90
1 175
3 119 29 158
2 54 175
1 87
1 51
1 67
1 85
4 49 177 189 173
1 9
3 115 64 178
5 136 141 68 85 176
3 26 157 63
4 123 30 46 154
3 167 89 92
3 8 158 183
2 160 162
3 120 170 182
2 44 167
4 62 169 73 192
2 30 149
1 36
1 39
2 16 176
1 174
1 48
1 154
1 141
2 49 81
2 151 60
4 33 152 167 82
2 23 38
3 4 65 88
1 178
1 146
1 108
3 102 145 52
2 108 20
3 107 39 60
4 130 143 67 77
3 101 127 52
