600
1 157
1 313
4 259 325 303 468
4 106 325 533 542
2 61 538
4 186 65 176 124
3 83 205 435
3 506 17 126
5 239 571 594 44 404
1 199
2 578 327
1 429
3 286 134 505
3 174 328 145
2 140 265
2 474 151
2 155 255
4 7 257 189 300
2 228 524
4 247 530 173 577
4 249 166 543 342
1 311
1 222
1 243
1 196
1 150
2 42 208
1 421
2 455 531
2 451 174
1 391
2 81 454
2 486 214
1 226
3 301 427 177
2 589 514
3 95 53 202
2 210 176
1 418
1 448
1 386
3 501 119 115
3 26 453 221
1 231
5 8 375 410 582 588
1 564
1 489
2 190 558
1 422
1 384
3 224 265 162
2 419 561
1 556
3 36 55 363
1 219
3 53 424 89
2 579 311
2 406 389
1 542
1 202
2 459 237
3 4 530 460
3 209 184 109
2 99 502
2 305 127
3 5 592 79
1 404
2 167 245
5 323 473 530 264 232
3 459 85 427
2 240 299
1 491
1 106
3 374 80 533
2 154 523
1 419
2 418 108
1 215
3 193 97 291
1 65
2 73 465
3 31 346 575
1 285
2 6 450
2 94 496
1 69
1 156
1 203
2 219 428
1 55
2 559 96
4 247 583 258 596
1 135
1 537
3 84 259 463
2 36 125
3 90 468 343
4 78 293 344 207
2 402 386
2 63 238
2 360 567
2 222 219
2 111 488
1 287
2 105 350
3 104 411 212
3 3 72 412
1 251
2 76 552
1 62
1 509
2 102 411
1 218
2 539 550
1 418
3 41 296 122
3 441 276 214
1 352
2 461 333
1 41
2 574 429
2 548 514
1 115
1 189
4 5 320 235 189
3 95 423 553
2 7 372
2 64 272
1 273
1 575
2 593 555
4 516 564 329 313
2 368 394
1 435
1 12
4 92 439 327 489
1 456
2 400 386
1 477
1 200
2 14 508
1 240
1 528
1 189
1 546
1 13
3 326 367 436
2 225 539
1 408
1 155
3 25 561 193
3 15 275 380
2 396 449
2 523 226
1 74
2 16 149
2 86 301
2 0 341
2 563 342
2 494 322
1 252
3 569 166 529
1 50
4 432 457 513 321
1 383
2 319 203
3 20 161 519
2 67 293
3 175 471 485
2 599 587
1 186
2 228 334
1 299
1 19
5 13 29 320 517 337
2 168 408
5 5 37 271 296 397
2 34 259
3 491 310 373
2 341 310
1 237
2 202 278
1 342
2 573 593
3 62 388 445
1 222
2 5 170
1 380
2 338 259
5 17 123 124 143 549
2 47 409
3 431 243 585
2 252 525
3 78 150 379
2 450 288
2 472 520
2 24 339
1 591
1 449
3 9 537 444
3 139 420 594
1 535
4 36 59 181 578
4 87 165 478 208
2 598 521
2 6 361
2 536 491
1 97
2 26 203
1 62
1 37
2 428 523
2 105 409
3 214 288 273
4 32 116 213 427
2 77 516
2 530 589
4 345 376 494 425
3 112 391 470
3 54 88 101
1 403
1 42
5 22 101 185 397 305
1 241
1 50
2 147 335
2 33 153
3 289 566 231
3 18 171 367
1 426
2 384 549
3 43 227 446
1 68
2 528 532
1 244
4 124 461 248 467
2 443 594
2 60 180
2 99 393
2 8 329
3 70 141 530
2 223 383
1 268
3 23 191 289
3 234 591 598
1 67
1 585
2 19 91
3 235 314 413
2 20 369
2 254 295
2 107 294
2 160 192
1 569
2 250 574
2 16 376
1 439
1 17
4 91 443 293 325
4 2 94 177 188
2 536 522
3 475 314 377
2 518 327
3 578 268 285
2 68 362
3 14 50 591
2 492 280
1 541
3 242 263 498
1 271
1 541
3 176 269 495
1 127
5 128 213 365 324 407
1 387
3 151 452 464
2 116 416
1 431
1 181
2 359 371
2 266 348
2 427 395
1 571
2 482 430
2 494 540
3 82 263 331
2 12 506
2 103 352
3 194 213 353
3 227 243 297
1 427
2 78 497
1 393
3 97 167 258
2 251 482
1 250
2 115 176
2 289 355
1 358
4 70 172 309 358
2 17 387
2 34 156
1 361
1 2
3 392 316 405
2 64 222
3 403 554 447
1 490
3 599 320 392
1 299
3 178 179 587
2 21 56
1 552
3 1 131 359
2 248 261
1 480
2 304 370
1 386
1 370
2 165 439
4 124 174 308 593
2 163 338
1 159
1 68
2 273 511
4 2 3 258 440
1 146
5 10 135 262 592 586
1 13
2 131 239
1 369
1 285
1 456
1 118
1 171
1 225
1 535
2 174 382
2 188 321
2 196 443
1 440
3 157 179 398
3 20 158 182
1 96
1 97
1 217
2 81 509
1 532
1 280
1 425
1 104
1 371
3 117 287 403
1 288
2 410 576
2 297 510
1 420
1 545
2 298 299
2 279 313
3 100 570 416
2 205 302
1 264
1 53
1 367
1 273
1 462
3 146 228 364
2 132 594
4 249 330 539 455
2 316 318
2 279 351
1 126
1 178
2 73 388
2 44 510
2 217 255
2 261 414
1 439
1 193
2 151 187
1 599
1 337
4 164 241 387 551
3 49 230 464
1 598
4 40 98 137 317
4 274 300 383 469
2 184 374
2 57 403
1 493
2 30 218
2 304 308
3 238 292 478
1 132
1 281
1 152
2 176 222
1 341
1 440
2 137 480
1 536
1 98
6 220 306 352 389 438 448
2 8 66
1 304
1 57
1 273
3 148 175 442
2 190 212
2 44 354
3 105 111 423
1 106
1 248
2 377 500
1 524
4 276 360 562 504
2 525 595
4 38 76 114 533
4 51 75 595 487
2 200 356
3 27 473 437
5 48 441 433 532 507
2 125 411
1 55
3 217 349 470
2 229 590
5 34 69 214 281 290
2 88 211
2 11 120
1 283
2 191 277
2 163 476
1 422
1 500
2 6 133
1 146
1 421
1 403
4 135 256 319 378
3 325 340 399
6 116 422 580 560 515 449
1 408
3 236 258 339
3 199 536 568
2 184 471
1 231
1 306
3 39 403 450
3 152 198 441
3 83 194 448
3 29 462 483
1 275
1 42
3 31 597 598
2 28 369
3 136 332 587
1 163
3 526 496 472
2 60 69
1 61
3 118 235 581
2 366 451
1 94
2 275 384
2 80 479
1 550
1 235
2 2 96
2 387 571
2 218 425
3 168 445 492
2 195 458
2 68 421
1 15
2 261 499
1 432
2 138 573
2 203 393
1 465
3 315 400 566
1 574
3 283 294 512
1 451
2 539 565
1 168
1 32
1 419
1 102
2 46 135
2 307 526
3 71 178 206
2 266 471
2 390 537
4 159 217 284 513
3 271 543 509
2 84 458
1 291
1 268
1 475
3 414 434 534
1 41
1 63
1 544
1 416
2 12 547
2 7 286
1 422
1 140
3 110 346 495
2 355 375
1 324
2 482 514
2 163 494
3 35 121 512
1 441
3 131 215 590
2 174 544
1 262
1 166
1 195
2 204 584
1 260
3 74 153 211
3 18 415 533
2 192 417
3 458 490 527
1 526
2 142 233
4 161 546 574 541
5 19 61 68 216 240
1 28
3 233 347 422
4 3 73 418 524
1 500
3 201 336 549
5 206 260 401 444 545
3 93 199 493
1 4
4 113 147 369 484
1 284
3 267 270 529
2 3 58
3 20 495 557
2 503 517
3 357 536 556
2 144 529
1 505
1 121
4 189 230 535 579
2 113 466
1 383
2 108 312
1 125
1 306
1 130
2 52 545
1 543
1 47
1 90
1 441
2 51 150
1 416
1 158
2 45 131
1 484
2 227 480
1 100
1 444
2 161 253
1 360
3 8 282 469
1 590
2 183 477
4 120 254 481 529
2 81 129
1 354
1 19
3 10 202 263
2 56 549
1 441
1 461
1 44
1 91
1 521
2 191 246
1 327
3 169 310 456
1 44
2 35 216
3 426 516 572
3 197 244 265
2 65 327
3 130 183 320
4 8 200 236 368
2 417 419
1 91
1 454
4 204 244 385 454
3 169 308 381
