1000
2 479 621
1 75
4 661 267 510 887
2 193 419
1 251
1 870
3 965 651 911
3 316 462 346
1 695
3 474 826 597
1 712
1 462
1 903
2 95 593
1 937
1 729
2 913 943
4 286 768 51 254
2 128 994
1 301
1 656
1 526
2 659 76
4 909 71 110 947
2 751 798
2 818 811
4 357 334 704 776
1 936
1 775
4 34 57 594 942
2 241 279
1 275
3 681 784 425
2 721 584
1 29
2 846 626
4 846 475 616 289
3 784 797 124
1 289
2 508 373
1 680
2 616 263
2 661 922
2 531 413
1 593
2 70 466
4 81 503 844 160
1 363
1 214
3 963 112 735
2 453 418
2 17 885
1 810
1 534
1 720
1 867
3 90 847 295
2 29 766
2 848 153
3 934 771 949
2 109 553
1 92
2 846 912
1 667
1 420
3 479 733 990
1 721
4 641 402 727 761
2 467 396
1 865
3 45 947 599
3 23 302 394
1 509
2 969 770
2 268 995
3 1 192 943
2 22 970
3 534 199 712
3 602 144 979
1 355
3 872 888 237
3 46 796 924
3 688 487 982
1 893
1 792
1 199
5 142 189 241 300 734
5 841 589 164 446 745
1 582
2 686 725
2 56 117
2 687 829
5 61 213 880 220 658
1 460
1 329
2 13 651
2 524 359
1 191
2 573 565
2 476 962
1 284
2 221 762
2 963 512
2 543 488
2 772 536
2 632 827
1 288
1 211
1 256
1 60
2 23 369
1 886
1 49
1 916
3 579 244 441
1 556
2 818 881
2 90 429
1 724
1 664
3 939 679 669
1 307
5 301 933 536 195 611
3 261 342 305
1 37
3 961 943 731
2 756 372
1 717
1 18
1 275
1 995
2 883 850
1 272
1 487
2 290 795
3 270 150 724
2 870 180
1 789
1 776
1 537
3 666 724 323
2 838 649
2 86 905
1 256
3 78 511 716
1 871
1 271
1 874
2 861 529
1 495
3 135 820 959
1 478
4 951 997 516 324
3 58 821 174
1 859
1 920
1 275
1 220
3 992 667 518
1 536
2 46 709
1 615
1 819
3 506 514 793
1 87
2 756 781
2 592 644
2 374 812
1 484
2 999 991
1 858
1 570
1 853
1 210
3 153 994 678
2 960 645
1 257
1 427
1 238
1 367
1 136
3 841 689 519
2 997 641
2 617 910
3 675 739 292
3 674 594 742
4 466 652 780 542
2 536 826
1 770
3 86 265 483
2 953 460
2 97 634
2 75 352
4 3 374 874 765
1 278
2 122 322
1 934
1 687
1 703
5 77 85 722 447 314
2 970 234
1 362
3 623 400 275
1 460
1 904
1 289
5 401 486 379 624 804
1 280
3 919 702 357
2 764 388
2 173 416
2 107 860
2 948 572
1 92
3 48 914 762
2 923 726
1 853
1 747
2 948 351
2 238 451
2 92 157
1 101
1 329
1 749
1 417
2 988 293
2 752 409
1 689
2 982 563
1 468
1 685
1 468
2 832 295
2 761 457
1 200
4 964 522 288 333
1 932
3 80 436 684
4 178 219 692 963
1 539
3 650 402 395
3 30 86 376
3 916 549 282
1 454
4 114 739 248 364
1 463
3 590 509 317
1 370
3 244 382 477
2 601 290
3 577 929 341
2 4 357
1 485
1 537
1 17
2 780 981
5 108 143 276 291 540
3 176 532 452
1 919
2 548 291
3 822 918 629
4 123 704 497 973
1 312
1 41
1 906
1 189
1 623
3 2 985 464
3 74 662 273
1 564
3 135 824 634
2 146 673
5 132 808 701 556 534
1 268
1 418
4 31 129 156 202
2 256 423
1 767
2 194 649
1 30
2 207 829
1 847
1 242
3 625 431 836
2 100 731
1 825
1 17
1 391
3 106 235 606
5 36 38 205 794 829
3 134 249 471
2 256 259
2 184 595
3 225 817 881
2 397 997
2 56 232
3 649 762 664
2 314 482
2 994 562
1 937
1 86
3 19 122 331
1 71
2 861 726
1 449
1 123
1 735
3 121 891 710
1 810
1 902
3 819 636 403
2 802 464
3 262 437 649
3 591 441 550
4 199 297 932 714
2 398 490
1 7
1 246
4 584 939 768 806
2 386 653
1 522
2 343 400
2 195 641
1 140
1 152
2 809 928
1 586
3 590 594 366
1 972
4 94 222 462 335
1 945
2 301 982
2 682 559
1 235
2 26 928
3 329 930 389
1 959
3 613 939 545
1 561
1 998
1 978
1 250
1 123
1 321
1 973
2 696 604
3 7 434 693
2 913 777
1 537
2 971 780
4 587 735 972 495
2 218 723
1 192
1 718
2 449 841
2 79 382
1 637
4 26 208 251 733
1 673
2 96 865
2 870 702
1 404
2 201 972
4 47 616 720 392
4 244 627 892 470
1 381
3 327 642 377
3 179 623 974
1 877
4 110 813 757 499
2 247 674
1 475
2 126 501
1 39
3 167 193 892
2 472 866
4 241 454 493 893
1 366
1 504
3 206 426 953
1 484
2 365 638
2 248 355
1 488
1 789
2 562 655
2 319 420
1 939
4 209 614 653 895
1 335
1 427
5 287 535 851 974 993
2 363 600
2 823 927
2 71 618
1 240
1 68
1 294
1 315
1 867
3 202 321 662
3 206 417 629
2 67 240
1 310
2 361 948
1 774
2 432 841
2 458 567
1 997
4 226 934 794 672
4 738 749 839 588
1 470
1 423
1 43
2 709 890
1 944
3 210 813 842
3 224 401 860
4 50 274 891 786
2 3 656
3 64 386 820
3 676 653 828
1 935
3 276 412 778
1 561
2 32 555
1 379
5 177 390 449 748 598
2 667 615
2 117 604
1 884
1 283
1 406
3 552 591 760
1 346
3 836 912 882
2 237 862
2 312 920
3 583 497 899
1 741
2 564 608
4 114 313 698 987
2 643 993
1 772
1 530
2 563 456
2 87 825
3 199 945 717
1 452
4 304 354 427 548
1 643
1 219
4 257 448 619 926
2 50 636
3 243 376 520
1 782
1 445
1 233
3 407 549 852
1 606
3 93 190 203
3 718 663 854
5 7 11 329 943 520
3 245 686 504
3 267 311 861
1 653
5 45 186 986 720 665
2 68 564
3 229 231 493
4 943 490 612 513
2 364 411
1 290
2 375 552
2 667 500
2 9 646
2 36 371
4 99 878 694 681
1 248
2 151 621
2 0 65
1 920
2 775 920
1 297
1 189
5 168 380 952 622 648
2 252 706
1 206
2 82 133
4 103 383 782 761
1 761
3 315 469 640
2 794 903
1 657
3 376 468 526
1 726
4 149 350 794 522
2 605 889
2 261 438
1 908
3 369 989 834
1 473
1 372
1 894
1 46
3 378 463 925
2 675 753
1 163
1 961
4 39 584 574 849
4 72 246 840 637
2 2 807
6 144 689 704 728 699 983
2 102 569
1 469
3 163 628 874
2 706 745
3 152 795 565
1 573
1 158
1 181
2 454 462
2 636 576
3 235 320 495
1 820
1 96
1 811
3 21 493 823
1 948
1 811
1 148
2 444 584
2 43 612
1 257
1 785
5 53 77 272 654 759
1 391
5 104 122 159 187 660
4 139 253 348 594
1 793
2 239 832
3 256 544 956
1 994
2 186 959
1 103
1 540
1 337
1 809
2 726 844
2 259 449
3 242 458 670
1 313
1 623
3 433 472 897
2 60 812
1 988
2 425 744
2 115 272
2 794 610
2 936 944
3 332 737 960
1 663
3 338 424 767
3 298 385 579
4 228 445 733 708
5 269 440 467 834 847
2 98 516
1 877
1 407
1 887
3 512 999 596
4 171 653 916 950
1 829
2 212 986
3 98 517 773
1 508
1 812
3 521 685 691
3 250 727 873
1 673
4 114 562 851 881
1 943
1 928
3 88 807 715
1 438
4 33 318 508 530
1 936
2 326 784
2 350 751
1 410
1 87
2 246 327
2 313 433
1 166
2 13 44
5 29 185 327 537 996
1 292
1 569
1 9
1 427
1 70
1 392
1 249
1 78
1 772
2 345 429
2 496 832
2 288 459
1 792
1 440
2 971 837
1 557
1 122
3 469 531 977
1 337
3 388 671 730
2 161 428
3 36 41 363
2 183 650
2 394 938
1 452
1 874
3 0 478 902
1 484
4 202 266 367 551
1 206
1 283
1 35
4 364 792 785 654
1 514
2 260 401
1 698
1 734
2 105 646
1 966
2 191 270
1 740
3 310 453 521
2 356 509
2 381 750
1 969
1 490
5 67 182 322 971 864
1 366
3 442 450 770
2 166 652
2 175 795
2 474 632
1 995
1 484
4 141 278 296 312
2 240 617
4 6 95 884 743
2 186 644
5 319 388 421 465 570
2 534 627
2 385 883
2 20 419
3 492 860 915
1 92
2 22 672
1 536
3 2 42 685
3 268 400 774
3 461 560 893
2 119 296
1 466
1 140
4 63 158 428 473
1 878
1 120
1 549
2 614 860
2 409 659
4 271 358 578 918
3 185 370 683
2 184 505
1 421
1 933
1 174
1 120
2 40 700
3 32 476 690
1 332
2 674 736
2 237 894
4 230 576 661 731
2 89 463
2 91 197
1 82
3 181 227 511
1 681
1 576
1 238
1 346
3 476 767 867
2 8 820
2 345 968
1 928
3 441 630 719
1 511
2 680 967
1 272
2 208 360
2 198 961
3 26 261 511
1 722
2 485 515
1 972
2 563 803
2 160 414
2 307 958
1 905
2 10 77
1 779
2 314 896
1 582
1 144
2 127 447
3 353 461 898
2 698 975
5 54 363 466 944 754
2 33 66
2 199 705
1 351
3 118 135 140
2 89 864
4 215 303 494 547
2 67 577
2 511 906
3 15 985 955
1 614
4 125 284 685 880
2 748 816
4 65 357 563 875
2 86 631
3 49 306 350
1 683
1 559
1 410
3 184 244 750
3 635 992 749
2 439 854
1 185
1 651
1 555
2 87 515
1 965
2 217 800
2 427 732
3 223 410 740
2 638 739
2 24 587
2 226 769
1 505
3 720 908 805
2 941 926
2 126 165
1 369
1 819
1 534
1 433
5 67 233 488 489 831
6 101 214 296 766 886 783
1 771
1 209
1 193
4 57 762 963 779
3 277 561 694
3 17 318 834
1 752
3 73 188 643
2 59 763
4 104 443 603 799
1 573
2 405 662
2 28 481
2 26 138
1 347
1 423
2 713 766
3 186 255 349
2 165 813
2 455 488
1 762
3 32 37 586
3 533 627 951
2 418 855
1 825
1 808
3 137 384 837
2 933 888
1 819
4 84 607 627 937
2 163 538
5 289 409 491 495 557
3 134 516 645
1 81
1 37
1 24
1 772
3 747 859 998
3 946 865 868
2 311 976
1 708
1 206
1 754
1 318
2 510 582
2 272 788
2 325 546
3 52 308 885
4 25 525 528 954
3 167 553 575
4 369 416 781 835
1 909
1 847
2 732 900
1 293
2 25 116
4 162 310 758 791
5 150 420 523 695 926
1 153
1 260
2 393 526
1 270
3 285 446 787
2 9 187
2 105 867
2 421 966
4 91 280 289 571
1 888
1 761
3 232 539 605
2 856 906
3 499 564 768
1 813
2 283 435
3 609 789 998
1 141
1 410
1 509
4 87 181 354 406
2 416 907
1 874
2 46 547
1 969
4 35 36 62 935
4 56 281 564 815
1 58
1 508
2 131 871
2 391 579
1 458
3 172 216 856
2 461 741
1 786
2 833 853
1 951
2 170 860
2 154 800
6 211 417 657 671 858 917
3 148 303 464
1 436
1 874
2 641 725
4 69 359 801 995
1 375
4 55 399 694 827
1 801
1 939
3 5 136 360
2 145 850
1 80
1 577
7 147 193 514 620 843 863 961
2 733 952
1 912
3 368 566 884
3 476 668 992
1 989
2 92 731
3 116 293 579
1 435
2 131 655
4 430 651 877 988
2 51 810
2 111 762
2 2 568
3 80 790 830
1 496
1 414
2 307 418
2 364 374
3 83 376 663
2 502 684
1 388
1 714
1 552
1 718
1 438
1 816
2 957 921
3 309 621 940
2 12 491
2 204 984
2 142 711
3 264 728 833
1 842
2 498 754
2 23 814
1 183
1 6
3 62 435 876
2 16 347
1 214
1 657
3 113 242 570
1 860
2 260 673
2 208 258
4 155 437 480 481
1 901
1 42
1 215
1 81
1 504
3 452 755 820
1 393
5 325 334 581 697 978
1 250
1 335
1 997
2 236 314
3 122 677 790
3 59 196 409
2 422 846
3 27 558 585
3 14 299 792
1 618
5 120 318 337 387 869
1 902
1 755
1 29
6 16 75 125 462 469 580
3 415 558 720
2 330 447
1 801
2 23 70
4 212 218 404 527
2 59 967
1 570
3 152 785 857
2 484 875
3 190 379 957
1 811
1 729
1 540
2 901 953
1 710
3 150 336 542
2 175 559
4 125 507 703 874
1 99
4 49 102 238 766
1 235
2 6 746
2 633 828
2 700 949
1 696
3 73 639 845
2 76 200
3 349 609 641
4 328 350 362 707
2 261 344
2 367 391
1 719
1 802
1 612
2 340 928
1 78
1 988
2 255 984
3 82 228 331
1 511
2 904 981
2 267 729
2 466 572
1 441
4 225 554 884 980
2 499 879
1 65
1 169
3 158 740 878
2 391 442
4 18 174 298 541
4 74 130 647 865
1 594
5 152 182 294 408 931
3 339 800 837
2 169 569
