200
1 47
1 90
3 94 191 75
3 115 21 118
3 180 21 9
2 44 169
3 116 41 141
1 43
1 101
1 4
1 125
1 60
2 68 48
2 70 24
2 161 121
2 25 146
1 114
2 113 51
2 164 87
1 139
4 100 189 150 147
5 3 4 125 188 199
2 110 125
2 111 173
1 13
2 15 174
1 109
3 121 125 136
1 41
3 195 197 50
1 115
2 131 38
1 117
2 107 55
1 109
2 105 71
1 72
3 47 55 190
1 31
1 99
4 194 64 153 169
2 6 28
2 43 182
2 7 42
1 5
1 166
1 87
2 0 37
1 12
1 169
2 29 177
2 17 142
1 171
1 198
1 91
4 103 33 132 37
1 84
2 68 154
3 77 159 163
1 135
2 11 65
5 142 151 85 83 196
1 183
1 140
1 40
2 60 93
1 142
1 99
5 12 128 57 84 76
1 93
3 101 13 173
1 35
2 109 36
2 128 184
1 110
3 2 147 172
2 107 68
2 58 88
1 184
2 152 181
1 116
2 175 183
1 116
1 61
5 110 146 56 68 198
1 61
1 87
5 116 18 46 86 191
3 134 77 97
1 112
2 1 147
3 139 54 153
1 179
5 131 65 160 69 95
2 2 186
3 148 165 93
2 167 184
1 88
3 157 170 175
3 39 67 174
1 20
2 8 70
1 152
1 55
1 157
2 35 157
2 146 142
2 33 76
1 159
4 34 170 72 26
3 74 84 22
1 23
2 89 119
2 135 17
3 157 162 16
2 3 30
6 6 87 122 80 82 123
2 32 183
2 3 129
2 112 139
2 131 182
2 14 27
1 116
1 116
3 128 138 172
5 10 21 22 27 130
1 140
1 175
4 124 68 73 158
2 118 166
1 125
4 120 31 93 191
2 133 55
1 132
2 88 152
2 113 59
1 27
2 170 176
1 124
3 19 119 91
4 126 175 156 63
1 6
6 106 51 61 192 66 144
1 182
1 142
1 170
4 106 15 175 84
3 20 75 90
1 95
1 173
2 20 173
1 61
3 102 134 79
2 40 91
1 57
2 168 191
1 140
4 104 105 114 98
3 128 178 197
3 108 58 194
1 93
1 14
1 114
1 58
1 18
2 185 95
2 129 45
1 96
1 155
3 5 40 49
4 109 137 145 98
2 52 196
2 124 75
4 23 149 150 70
2 25 99
5 127 140 146 81 98
1 137
1 50
1 158
2 191 92
1 4
1 79
3 120 42 143
4 117 62 81 187
3 73 78 96
1 165
1 94
1 183
1 21
2 20 193
1 37
6 2 131 155 179 87 194
1 142
1 189
3 40 159 191
1 29
2 61 171
2 29 158
2 53 84
1 21
