1000
3 406 580 460
1 824
1 86
6 553 683 400 148 43 223
2 429 410
4 537 770 592 51
2 785 459
5 420 659 467 62 104
1 497
1 60
2 909 36
2 617 625
1 927
2 857 117
3 797 967 414
2 233 628
4 649 246 233 409
1 727
3 306 247 296
1 977
1 203
1 539
1 291
2 620 569
2 101 705
2 239 842
1 965
2 669 246
1 142
2 258 698
1 607
1 252
2 385 74
1 158
1 889
1 419
1 10
1 979
1 462
2 951 158
2 760 813
2 315 187
6 529 236 751 836 59 115
1 3
1 231
2 743 678
1 931
3 425 386 660
2 211 629
2 451 756
2 606 990
5 5 440 924 859 996
3 549 851 249
1 172
1 921
1 720
2 939 322
1 264
1 904
1 42
4 9 210 520 873
2 884 590
2 7 652
1 711
4 339 310 663 328
2 652 561
2 500 137
1 734
2 364 785
1 776
2 656 90
3 374 523 772
3 693 278 579
3 747 491 799
1 32
2 464 926
2 541 165
1 114
5 691 870 559 514 261
1 250
1 567
1 861
1 916
1 538
1 635
1 446
2 2 773
2 206 676
1 294
2 447 689
1 70
2 968 835
1 152
1 579
1 959
3 322 554 829
1 778
3 529 621 323
1 204
1 635
2 135 179
3 24 542 478
4 389 240 666 846
1 848
1 7
1 810
2 874 199
2 326 352
1 138
2 901 130
2 323 886
2 564 894
2 127 983
1 308
2 77 520
1 42
1 953
2 13 986
4 971 130 480 417
1 982
3 711 998 978
2 862 541
1 622
4 809 730 566 401
2 508 455
1 432
6 833 492 353 387 975 456
1 112
4 502 936 982 358
1 367
3 109 118 375
2 849 948
1 272
4 868 314 296 655
6 367 826 318 958 678 981
3 100 840 810
1 695
1 66
3 108 910 279
3 822 189 866
1 808
1 152
2 28 447
1 854
1 735
4 507 465 641 817
2 659 477
4 816 312 876 906
1 3
1 917
1 633
1 536
3 92 141 491
1 644
1 604
3 697 476 356
1 691
1 230
7 33 39 769 419 403 680 645
2 392 763
1 550
1 859
3 429 280 688
1 804
1 711
1 76
1 883
2 533 196
3 520 307 174
2 325 697
1 692
2 198 673
2 53 671
4 521 241 957 987
2 168 824
1 724
1 346
1 740
1 944
2 100 340
3 929 712 551
1 534
2 559 714
1 412
2 337 623
1 831
2 995 446
1 41
2 510 473
2 139 766
1 724
2 380 809
1 627
2 755 949
1 473
3 679 769 918
2 167 920
1 315
2 171 828
1 106
2 267 825
2 371 698
2 240 611
4 20 546 532 673
4 98 610 304 737
3 780 591 940
3 87 748 347
1 548
1 590
1 887
4 60 217 853 849
3 48 962 744
2 398 347
2 549 941
1 441
1 532
2 554 683
3 210 959 525
2 577 954
2 284 426
1 228
1 558
3 699 496 976
1 3
2 696 323
2 429 678
2 481 928
2 908 407
4 220 620 494 393
2 595 952
5 157 630 340 817 865
3 44 487 331
2 512 673
4 15 16 542 372
1 284
2 855 788
2 42 547
1 515
1 351
3 25 891 793
5 102 202 340 753 961
2 173 775
2 720 821
3 281 947 911
1 749
1 862
5 16 27 424 602 620
2 18 707
1 687
2 52 858
3 79 448 744
1 953
3 31 526 992
3 637 256 445
1 650
1 735
1 253
2 722 666
4 29 517 441 432
1 758
3 432 724 322
1 78
1 691
1 863
2 57 432
2 362 297
1 877
2 200 835
1 486
2 337 998
1 579
2 976 706
2 132 332
1 312
3 803 876 985
3 508 763 571
1 440
1 953
3 72 458 296
2 138 860
1 162
2 243 669
1 521
3 939 916 293
2 219 234
1 843
1 583
1 868
1 525
2 570 709
1 472
2 22 760
1 937
3 283 725 765
3 88 820 708
4 844 538 862 984
4 18 133 278 788
2 265 354
1 911
1 786
4 847 612 348 704
1 307
1 939
1 902
2 204 727
3 819 835 656
1 18
2 168 301
2 113 469
1 596
2 64 484
1 445
4 147 273 446 854
1 673
2 133 497
4 41 197 336 565
2 554 875
2 983 634
2 134 360
2 598 832
1 801
1 512
6 56 95 260 574 567 505
3 97 110 224
1 478
2 169 385
1 107
1 473
1 64
1 538
1 805
3 231 502 910
3 272 822 636
1 531
2 384 601
2 376 781
2 315 415
3 184 269 838
1 893
2 64 915
3 179 230 240
2 496 663
1 627
3 545 723 358
3 468 782 419
1 566
2 176 404
2 206 212
1 300
1 377
3 821 634 622
2 238 900
2 107 673
3 126 422 361
3 297 411 687
1 533
3 155 986 658
2 941 863
2 128 343
1 613
2 318 815
1 353
1 265
1 625
1 68
1 966
1 437
2 129 134
1 593
1 374
2 746 538
1 201
2 233 979
1 767
3 71 369 603
2 130 869
1 335
2 349 482
1 538
2 489 443
1 191
3 396 692 755
3 779 794 802
2 974 872
3 334 677 528
2 32 325
4 47 561 509 875
2 126 560
2 446 758
2 102 762
1 817
1 859
3 159 675 896
2 228 596
1 776
1 459
1 381
1 649
4 212 595 933 528
1 963
2 3 904
1 123
1 560
4 158 560 882 619
3 346 470 831
3 745 543 771
2 0 451
1 227
1 771
3 16 534 474
1 4
1 354
3 183 904 925
1 530
1 14
2 336 445
1 428
2 118 612
2 705 513
3 35 158 344
1 7
2 537 687
2 353 960
1 650
2 246 895
4 47 802 444 718
2 219 965
1 516
3 416 493 596
4 4 162 225 800
1 818
2 979 650
5 125 258 260 264 581
1 739
3 479 452 682
1 765
2 684 789
3 366 729 613
2 812 922
1 496
4 51 276 576 903
3 214 258 701
1 680
1 379
2 425 518
4 253 311 415 471
6 85 186 312 388 764 919
4 89 142 905 842
4 250 972 956 914
1 932
1 773
3 49 406 864
4 434 457 917 921
1 579
1 673
1 124
1 126
4 452 586 783 827
1 278
4 6 395 945 627
2 0 672
1 615
2 38 837
1 485
3 75 620 530
1 145
1 976
1 7
1 344
2 308 557
3 404 985 801
1 445
2 290 840
5 188 194 327 617 506
3 409 945 729
1 640
2 155 734
1 146
2 101 324
3 434 686 902
1 118
2 226 535
2 377 993
2 908 889
1 310
3 463 799 658
2 268 864
1 231
1 758
2 379 810
1 714
2 73 152
2 126 856
1 428
1 228
3 604 953 988
3 222 341 439
2 8 314
2 963 900
2 557 872
3 66 850 828
3 588 575 863
3 128 331 691
2 558 815
1 589
1 322
2 473 927
1 145
3 124 275 954
3 386 884 861
2 188 512
1 531
4 232 321 510 560
1 418
1 78
5 237 899 760 888 933
2 427 800
1 258
1 444
1 732
4 60 114 168 997
3 173 282 651
2 589 798
2 71 973
1 841
2 217 288
2 252 823
1 858
3 384 398 930
2 42 97
3 413 464 681
3 333 511 584
2 203 215
4 167 355 746 667
2 181 409
2 481 796
2 151 749
3 5 421 740
6 83 295 329 370 378 939
4 21 610 889 662
1 835
3 76 121 726
3 101 233 684
1 405
1 564
1 343
1 203
2 236 773
2 207 878
2 52 213
2 160 975
3 180 815 715
1 651
2 3 804
4 95 216 316 597
1 886
2 709 621
2 469 499
2 221 503
4 78 182 741 768
5 387 402 403 512 786
3 65 386 805
1 746
1 817
3 111 544 616
3 315 776 587
2 123 345
2 80 322
1 573
1 23
1 289
2 275 596
1 944
3 568 833 595
2 322 647
3 501 991 602
1 440
1 218
1 971
6 72 93 270 453 837 944
2 0 635
1 432
3 886 683 700
4 286 894 938 624
2 531 647
1 987
3 457 767 872
1 565
1 501
4 504 522 802 935
2 61 208
1 205
1 5
3 368 931 705
1 979
4 229 398 573 668
4 309 393 428 571
1 554
1 319
1 947
1 838
2 334 943
3 246 575 893
1 374
3 154 495 935
1 770
3 50 751 738
2 30 886
1 974
1 729
4 204 539 980 871
1 202
2 300 417
2 359 437
1 628
3 461 781 947
1 564
2 11 473
1 705
1 403
4 23 228 246 464
2 97 556
2 122 350
1 184
1 583
2 11 363
1 831
4 192 342 459 897
2 15 614
1 48
1 230
1 904
1 864
2 150 637
3 317 350 995
4 84 99 580 790
1 332
6 253 633 745 642 844 965
1 690
1 757
2 475 821
1 145
3 637 732 966
2 964 815
2 153 929
1 158
1 711
2 574 584
1 971
2 16 397
3 254 423 431
2 521 552
3 62 65 664
1 661
1 823
1 133
5 70 305 898 672 883
2 661 775
2 356 485
2 7 146
1 47
2 653 657
1 539
3 64 341 741
2 652 946
1 882
2 102 257
1 533
2 595 781
2 27 281
1 983
2 172 675
3 460 656 817
7 171 203 232 313 352 454 761
2 690 905
2 392 671
1 87
1 384
3 45 134 225
4 195 750 799 929
2 158 442
1 530
1 434
3 3 216 582
2 436 542
1 909
1 479
3 248 354 421
2 162 881
1 89
3 638 674 792
4 78 156 262 502
3 170 381 960
2 72 874
2 843 822
2 136 755
1 224
2 155 169
2 29 201
3 222 806 808
1 582
1 441
1 869
1 795
1 300
4 24 418 593 618
2 271 912
1 247
4 294 885 729 811
3 289 556 969
2 885 997
5 63 120 164 646 721
1 180
1 840
2 182 490
2 551 838
1 993
1 974
1 425
1 956
2 55 242
1 711
1 257
1 343
4 175 190 260 923
1 293
2 541 832
2 17 304
1 892
4 437 474 609 708
2 123 854
1 732
3 519 642 731
2 872 797
2 67 476
3 144 255 769
1 971
3 204 894 886
1 606
2 433 773
2 177 537
2 559 663
1 957
3 45 879 778
2 211 250
2 405 637
3 370 533 562
2 73 909
2 206 780
3 244 536 909
1 679
2 42 606
1 994
1 240
1 964
3 193 381 695
2 49 830
2 639 934
3 259 388 488
1 969
3 40 291 515
1 673
2 389 876
2 159 275
1 446
2 293 435
1 189
4 373 586 822 842
1 559
3 158 195 735
2 5 605
2 405 408
3 71 995 899
4 86 450 547 739
1 984
3 241 657 838
5 69 394 565 950 841
1 902
2 96 743
1 382
2 205 748
3 335 615 668
1 344
1 457
1 813
2 6 68
2 299 560
1 806
2 235 296
1 436
1 635
1 997
1 690
1 239
1 382
2 703 888
1 535
2 14 733
1 522
3 73 485 679
2 429 516
2 320 470
3 382 425 589
1 274
2 163 553
2 330 561
2 699 787
1 982
3 140 699 816
3 123 191 848
3 105 135 489
3 708 993 847
2 438 884
2 40 784
2 999 973
4 360 503 551 643
3 147 808 989
6 145 230 390 563 672 963
2 430 870
1 305
1 294
3 242 350 640
4 139 332 694 767
3 526 654 865
2 1 174
1 200
1 134
1 457
2 198 500
2 95 834
1 756
3 185 404 626
2 319 726
2 126 573
3 829 855 839
4 91 267 305 540
1 42
2 462 579
4 337 600 715 775
1 834
3 135 472 713
2 524 776
3 25 447 767
3 285 694 977
2 295 637
1 999
1 102
2 300 811
2 103 809
2 131 210
1 500
1 52
1 935
1 210
3 143 312 730
2 235 834
1 492
1 13
2 249 527
4 51 161 391 995
1 279
2 81 509
3 121 245 295
3 263 357 501
3 451 486 632
2 230 823
1 139
1 990
2 133 287
2 375 702
2 78 818
1 610
4 383 499 586 733
1 60
3 106 693 972
2 316 386
4 147 274 762 878
2 266 929
3 548 876 887
1 743
1 945
1 688
2 403 665
2 166 656
3 61 509 812
2 708 710
5 110 555 582 607 737
2 209 878
2 515 795
3 34 483 539
1 995
1 239
2 728 907
2 338 602
3 111 583 737
1 424
1 392
1 627
1 656
2 515 772
2 351 498
1 109
3 303 479 777
1 440
4 58 400 412 631
3 447 674 993
1 147
2 892 975
2 227 483
4 10 685 747 749
2 138 331
2 243 298
1 706
1 990
1 448
1 339
2 82 283
2 149 452
1 195
1 446
1 196
2 54 452
1 438
1 724
1 51
1 412
1 75
3 12 506 994
2 226 963
4 180 644 679 877
1 528
2 46 593
2 449 933
3 398 515 932
2 757 997
4 589 604 852 942
1 128
2 292 985
1 583
4 56 283 302 538
1 205
2 213 357
1 935
1 601
3 178 572 579
3 459 474 880
1 664
3 243 599 615
1 131
1 193
1 776
1 39
1 229
4 116 251 277 495
2 218 508
1 984
2 448 719
2 173 742
1 134
2 94 217
2 422 692
1 240
1 211
4 399 498 817 928
2 643 754
4 26 426 637 975
2 365 642
1 14
1 91
2 709 759
1 974
4 118 578 648 736
2 448 874
2 523 814
4 383 608 717 970
4 126 550 907 965
3 222 271 466
2 19 843
1 120
4 37 372 431 594
1 610
1 134
3 119 128 807
3 112 317 670
3 295 774 955
3 274 470 937
2 117 356
2 173 585
1 495
1 816
3 50 867 913
1 575
1 252
4 482 716 811 905
2 752 927
5 186 634 772 859 890
1 51
4 520 710 791 934
2 120 269
2 814 845
