600
3 250 359 283
2 422 21
4 331 466 366 25
2 475 282
2 382 387
1 559
2 128 390
4 402 137 128 252
1 109
1 165
2 385 352
2 50 431
1 582
2 411 137
1 139
1 78
1 258
1 588
2 575 78
2 458 490
2 180 96
1 1
1 126
1 562
2 278 456
5 2 272 557 519 598
1 436
2 567 186
1 151
4 198 176 406 190
1 345
2 308 68
2 218 475
1 470
2 405 45
3 224 321 468
2 285 558
2 334 82
5 425 525 343 318 148
1 350
1 552
1 332
1 395
1 276
2 111 417
1 34
2 584 507
3 186 342 501
1 395
2 66 91
3 11 335 295
4 234 133 408 513
1 514
1 489
2 188 209
1 69
2 64 590
1 589
2 521 334
1 386
4 488 444 349 245
2 314 280
1 267
6 505 303 210 232 586 281
1 56
4 310 565 589 214
3 49 509 489
1 427
1 31
3 55 548 160
1 487
1 516
1 447
4 313 286 398 493
4 492 178 527 546
1 393
1 425
1 125
7 15 18 465 258 247 420 400
2 237 461
1 341
1 519
1 37
1 531
2 328 104
1 426
2 106 415
1 413
1 439
1 205
1 448
2 49 199
1 329
2 343 435
1 503
2 597 276
1 20
2 316 292
1 439
2 228 488
1 389
2 455 573
1 292
3 419 465 553
2 84 555
1 180
2 86 500
2 153 499
2 133 379
4 8 338 327 415
3 471 365 568
3 44 452 206
1 339
1 534
2 243 206
2 340 569
1 327
2 342 422
2 358 577
2 163 263
1 123
3 428 306 587
2 296 560
4 120 385 305 238
2 369 576
5 77 391 199 493 524
3 22 299 193
2 317 415
4 6 7 335 223
1 163
1 517
1 319
1 208
5 51 108 199 454 580
2 436 497
3 161 572 549
1 521
5 7 13 262 375 385
1 424
3 14 323 595
3 396 143 275
1 403
1 447
1 140
2 437 408
1 267
1 457
3 267 439 186
1 38
1 425
1 522
2 28 267
2 216 170
2 107 507
1 298
2 587 432
1 178
3 483 527 592
3 314 461 353
1 272
2 69 520
2 135 411
3 567 552 167
2 119 129
1 291
2 9 458
1 566
3 162 440 463
2 496 433
4 511 332 521 591
2 152 211
1 549
1 476
1 567
3 495 507 405
1 370
2 29 297
1 275
4 74 156 276 516
1 415
4 20 105 196 348
2 342 526
2 590 394
2 372 504
1 482
1 317
6 27 47 147 355 350 311
1 295
1 54
1 292
1 29
1 332
1 484
3 126 310 548
2 230 374
2 225 472
2 180 255
1 538
2 29 551
3 91 125 133
2 306 406
1 389
3 337 438 214
3 288 473 258
1 349
2 89 248
2 111 114
3 497 394 386
2 132 544
2 54 415
3 63 260 215
3 170 253 424
1 328
2 569 522
2 65 202
1 210
1 152
1 387
1 32
1 583
1 367
1 224
2 451 332
2 128 588
3 35 221 376
1 195
1 332
2 301 274
1 99
3 241 426 455
3 194 418 324
3 345 315 526
2 63 344
2 276 457
2 51 460
1 493
1 519
3 79 416 540
2 123 370
1 470
1 282
1 229
1 402
4 114 369 564 324
1 581
1 60
1 344
4 78 344 530 384
3 205 289 503
3 450 336 467
2 0 278
1 467
3 7 329 293
1 211
1 325
2 196 275
1 264
1 431
3 16 78 203
2 331 424
2 210 579
1 403
2 137 539
2 119 582
3 256 304 370
1 494
2 588 403
5 62 145 147 151 360
1 463
2 423 478
1 443
1 306
4 25 159 357 545
1 420
1 227
4 140 177 255 290
6 43 95 178 233 462 554
1 563
3 24 250 523
1 415
1 61
1 63
4 3 240 571 389
2 0 414
1 381
3 36 385 325
1 73
1 587
1 203
3 248 592 482
1 275
2 164 509
5 97 102 189 382 312
3 252 571 443
1 397
2 50 187
2 122 330
1 176
2 154 523
1 126
1 457
2 227 489
1 435
2 63 518
1 264
1 123
3 121 200 271
2 581 544
3 31 515 500
3 364 356 522
3 65 193 425
1 186
2 292 559
1 73
3 61 158 577
1 231
2 97 317
4 127 185 316 344
1 38
5 131 543 458 535 564
1 446
2 35 585
1 510
2 139 498
3 230 243 561
3 254 285 421
1 362
2 109 116
4 84 212 451 409
2 92 252
2 296 481
3 2 259 448
6 41 169 191 222 226 567
1 507
3 37 58 441
3 50 128 423
1 249
1 202
1 109
2 112 528
1 115
2 80 586
4 47 117 181 371
4 38 93 449 464
5 232 246 247 317 476
3 30 231 484
1 451
1 493
3 180 470 363
2 60 204
2 39 186
1 354
1 10
2 158 370
3 351 505 369
2 186 401
3 309 594 375
1 272
1 118
2 0 395
1 267
3 533 422 429
2 326 401
1 348
1 309
1 110
1 2
3 220 562 431
1 588
4 124 243 354 410
4 175 238 264 353
1 342
1 183
1 572
2 194 570
3 137 356 538
1 224
1 466
1 443
1 108
1 390
3 284 472 572
2 4 292
1 431
1 247
4 10 123 137 285
2 59 207
2 4 217
1 503
4 100 201 282 541
2 6 380
1 125
1 523
2 75 396
3 182 207 597
4 42 48 359 479
6 140 393 450 399 511 582
2 294 497
1 73
3 396 446 583
1 78
2 355 362
2 7 242
3 141 261 266
1 498
5 34 174 542 414 531
3 29 200 449
1 530
2 51 144
1 328
2 369 472
2 13 161
1 590
2 87 416
3 283 405 493
7 86 109 127 179 209 279 459
2 237 413
1 44
1 230
1 103
2 78 273
1 325
3 1 117 361
2 269 335
3 138 211 259
4 38 76 149 310
3 85 229 579
2 67 455
3 121 485 487
1 361
1 480
4 11 257 367 383
2 155 550
3 168 532 443
1 509
2 93 302
2 26 134
1 144
1 202
4 88 98 147 556
1 167
2 334 504
1 537
4 270 293 378 433
2 60 516
1 446
3 320 399 445
3 72 142 465
2 90 331
2 343 406
2 249 396
3 222 328 346
2 111 471
1 596
1 133
3 101 229 427
2 24 502
3 146 233 300
3 19 165 319
1 415
2 234 527
2 79 158
1 276
2 167 268
1 343
3 78 103 447
2 2 377
2 249 251
3 35 597 543
1 591
5 33 239 348 574 510
2 110 452
3 195 381 410
1 203
1 490
2 3 32
2 172 344
1 485
1 269
1 395
2 430 535
1 330
2 184 289
1 157
2 192 345
2 428 477
1 589
3 70 428 492
3 60 99 514
3 53 66 301
2 19 474
2 599 585
3 74 487 593
6 73 125 235 347 414 581
2 265 525
1 174
1 168
3 134 207 397
3 323 404 524
1 107
2 106 308
2 47 506
1 456
3 94 248 388
2 183 441
2 63 354
3 501 517 508
4 46 153 174 333
1 506
3 66 291 434
2 322 470
2 169 396
1 599
1 51
2 52 488
1 308
3 71 178 444
2 130 506
1 303
4 25 81 236 597
1 160
3 58 136 169
3 150 213 309
3 278 298 392
2 125 498
2 38 494
2 181 231
4 74 157 460 528
3 339 527 534
1 571
2 247 407
2 83 405
1 433
1 361
2 113 528
2 319 480
1 597
2 442 547
2 197 375
1 262
1 237
1 389
1 405
2 319 468
2 208 307
1 272
1 74
2 537 586
2 69 193
2 135 171
1 432
1 198
2 40 162
1 103
1 276
1 104
1 439
1 25
1 36
3 5 312 596
2 122 581
1 324
2 23 367
2 277 564
3 243 319 563
1 65
2 166 592
4 27 162 173 332
1 110
2 115 213
1 374
3 282 293 529
3 135 373 381
1 101
1 470
1 18
1 124
2 118 314
1 591
2 260 426
1 133
4 244 307 493 560
4 12 263 396 586
2 219 399
1 46
2 321 491
4 63 341 547 582
3 121 155 287
4 17 223 266 368
3 57 65 486
3 56 182 412
3 169 469 578
3 157 289 566
1 492
1 356
1 139
2 453 559
5 95 394 468 519 536
1 25
2 491 512
