100
2 93 5
2 90 11
2 39 9
1 20
1 43
1 0
2 96 20
1 76
3 78 50 86
1 2
1 17
2 1 99
2 51 40
2 32 97
1 17
1 77
1 55
3 10 14 50
1 64
3 73 48 37
7 3 6 65 82 43 42 71
2 34 73
3 56 95 74
2 62 35
2 53 47
1 47
3 70 82 94
2 54 69
1 79
1 77
1 91
1 85
2 13 38
1 54
2 21 39
2 23 88
3 84 46 43
3 67 19 99
2 87 32
2 2 34
2 58 12
1 58
4 58 61 20 92
3 4 20 36
1 71
1 49
1 36
3 60 24 25
2 19 76
3 67 86 45
2 8 17
2 12 89
2 57 87
2 54 24
4 33 27 58 53
2 79 16
3 22 87 75
1 52
5 54 42 41 40 85
1 88
1 47
1 42
1 23
2 98 87
2 95 18
1 20
1 83
2 37 49
1 92
1 27
4 26 80 86 95
2 20 44
1 93
2 19 21
1 22
2 56 88
2 7 48
3 15 29 82
2 8 93
3 55 93 28
1 70
1 98
3 20 26 77
2 66 88
1 36
2 58 31
3 8 70 49
4 56 63 38 52
4 59 75 83 35
1 51
1 1
2 30 95
2 68 42
4 0 72 78 79
1 26
4 64 70 22 91
1 6
1 13
2 63 81
2 11 37
