100
7 35 21 88 53 62 16 3
2 21 40
4 46 53 10 17
1 0
2 89 75
1 7
2 69 35
2 5 60
1 80
2 61 97
2 2 71
1 62
2 51 26
3 47 53 63
3 22 77 82
1 78
4 0 55 73 83
3 2 52 26
2 47 25
2 71 72
1 59
3 0 1 42
1 14
2 74 25
4 60 37 88 85
4 57 18 23 87
2 12 17
1 64
1 70
2 75 39
1 64
1 52
2 52 99
3 46 59 97
1 99
2 0 6
1 52
2 24 41
1 77
2 53 29
1 1
1 37
1 21
1 48
1 83
1 82
2 33 2
4 48 13 18 54
3 47 43 84
2 78 55
1 64
1 12
4 32 17 31 36
5 0 2 64 39 13
1 47
2 49 16
2 69 66
2 25 76
1 99
2 33 20
3 7 24 80
2 9 95
2 0 11
4 13 81 77 65
4 50 53 30 27
2 63 79
1 56
1 73
1 83
2 6 56
2 28 97
2 10 19
1 19
2 16 67
1 23
3 4 29 96
1 57
4 14 63 92 38
2 49 15
1 65
2 8 60
2 63 93
2 14 45
3 16 68 44
1 48
2 24 91
1 89
2 25 94
2 0 24
3 4 86 90
1 89
1 85
1 77
1 81
1 87
2 61 98
1 75
3 9 70 33
1 95
3 58 32 34
