1000
2 284 869
3 70 993 257
4 970 151 563 28
1 936
2 436 541
3 744 202 581
3 7 144 936
2 6 107
4 223 425 294 617
4 803 375 19 120
1 451
3 418 992 300
1 380
3 214 470 226
1 528
2 783 753
5 823 642 29 231 129
3 228 483 610
2 409 533
1 9
4 52 908 780 948
2 24 795
1 335
2 115 894
1 21
1 956
1 612
4 280 986 221 671
2 2 622
1 16
2 843 364
2 378 199
4 228 459 799 960
1 175
3 535 622 53
5 197 473 110 158 96
2 989 792
1 930
5 831 107 238 494 724
4 99 500 70 137
1 692
2 367 754
1 708
1 547
1 543
1 533
3 318 70 613
1 314
2 563 305
3 62 350 928
1 546
2 265 254
3 20 319 570
2 34 680
1 615
2 949 817
2 966 664
1 452
3 193 454 634
1 260
1 336
3 495 378 813
2 49 211
5 870 900 158 688 981
1 101
1 608
2 656 983
2 270 762
2 117 383
1 572
6 1 39 46 828 760 374
1 878
2 270 901
1 771
1 897
4 540 876 223 824
1 510
1 839
2 917 706
3 516 774 402
2 310 971
1 204
3 588 125 456
1 771
1 470
1 262
2 761 361
3 104 494 614
2 450 351
3 201 542 216
2 528 659
1 118
2 739 914
1 442
1 771
1 277
3 35 566 408
3 830 533 715
2 752 811
1 39
1 145
2 64 820
3 331 597 590
1 523
1 87
1 591
1 963
5 7 38 701 400 538
1 368
1 939
3 35 198 381
5 695 931 676 686 364
3 384 321 509
2 264 587
2 335 598
2 23 639
1 132
2 68 291
3 91 628 844
1 399
2 9 437
4 970 285 312 468
1 273
1 839
1 966
2 82 208
2 946 364
1 613
1 906
1 16
1 898
1 165
2 116 207
3 851 281 891
1 842
2 694 952
2 505 982
2 39 498
1 346
1 877
1 824
1 817
3 818 224 159
4 810 298 650 215
1 6
2 100 958
1 361
2 802 781
1 333
2 808 290
1 271
5 2 934 363 427 161
1 317
1 567
1 603
2 267 819
1 292
1 796
3 35 63 470
6 142 756 367 172 825 684
3 291 271 784
1 151
1 648
1 507
1 180
4 131 350 678 441
1 470
2 597 922
2 994 394
1 581
1 681
1 951
2 159 947
2 969 540
2 875 649
2 33 233
1 555
2 462 643
1 206
2 251 529
3 164 432 996
4 862 724 330 675
2 961 706
4 365 290 996 904
1 252
6 217 875 251 713 988 650
1 652
2 769 258
2 801 958
1 661
1 670
4 912 653 559 517
4 999 443 376 704
2 58 207
1 709
1 820
2 412 969
2 35 429
3 110 239 836
2 31 729
2 934 349
4 89 333 249 842
2 5 554
3 962 361 867
3 81 939 612
1 897
4 178 264 930 509
5 132 193 260 997 577
3 125 236 603
1 940
2 943 672
1 62
3 793 655 464
4 449 913 802 469
3 13 949 589
2 143 523
2 89 984
2 185 951
1 636
2 567 570
1 571
1 27
1 773
3 8 75 859
1 142
1 661
1 13
3 770 702 592
2 17 32
1 439
1 958
1 16
2 595 348
2 175 471
1 534
2 637 859
3 208 418 950
1 461
3 38 976 262
3 198 379 605
2 918 614
3 546 423 520
1 521
1 465
6 649 812 502 619 758 268
2 519 885
1 990
1 894
1 721
1 201
1 291
2 179 185
4 184 762 763 492
2 297 863
1 51
2 325 749
1 660
1 1
4 187 652 261 585
1 600
4 59 207 868 790
3 258 952 882
4 85 238 933 944
2 953 451
3 113 206 362
3 51 371 728
1 883
4 155 613 858 482
2 244 518
3 544 803 947
3 67 72 544
3 150 160 416
3 915 622 809
2 122 279
1 408
1 694
2 729 413
2 95 984
1 725
3 273 406 751
3 27 967 968
2 133 573
1 407
2 658 445
1 0
2 121 558
1 851
2 965 547
2 732 497
2 320 863
3 149 183 345
7 117 160 250 805 957 899 355
3 156 508 611
1 954
4 8 693 552 391
2 576 321
1 497
2 253 489
2 143 368
2 741 697
4 11 773 541 835
2 385 557
3 814 700 394
2 699 450
1 615
1 48
4 673 346 435 687
2 996 924
1 548
1 898
2 80 580
1 566
1 121
2 774 561
2 47 931
2 493 689
2 757 833
3 152 536 512
3 46 389 778
1 52
2 289 451
3 112 295 484
1 821
1 407
2 357 949
2 255 355
1 890
1 509
2 387 802
1 962
1 181
4 102 984 560 491
1 347
2 148 201
1 435
6 22 114 992 532 338 367
2 60 401
2 850 365
2 335 567
3 788 792 796
1 390
1 660
2 846 800
3 973 507 881
2 646 678
1 290
2 138 306
2 332 955
2 232 496
1 200
4 49 165 840 912
1 88
3 681 386 536
1 515
2 564 889
3 291 325 636
2 911 834
1 324
1 639
1 374
1 930
3 86 146 203
1 264
2 151 663
3 30 111 126
3 183 337 995
2 946 522
4 41 159 335 549
3 108 298 450
2 546 698
4 381 871 553 977
3 265 548 717
2 893 651
3 464 562 531
4 70 359 899 984
1 9
1 192
1 756
3 31 61 938
3 239 396 847
2 12 787
3 110 370 471
2 485 690
1 68
4 112 450 710 440
1 301
2 352 609
2 328 930
1 856
2 318 526
3 340 971 790
2 294 965
2 695 886
1 816
3 168 302 500
1 716
2 379 481
2 887 844
1 531
4 119 888 478 447
1 107
3 336 447 831
1 79
1 895
2 970 645
1 860
3 279 925 876
3 282 323 859
2 96 274
1 18
2 412 839
1 996
3 196 410 452
1 276
1 873
3 994 521 937
3 271 932 696
1 982
2 11 236
2 860 461
1 621
1 963
1 457
1 241
1 500
1 8
1 662
1 151
1 616
1 197
1 932
1 597
1 180
1 459
1 659
2 306 334
2 4 851
1 120
2 794 862
2 229 478
1 384
1 165
4 93 666 475 704
2 192 627
2 654 587
2 283 756
2 901 618
4 399 401 651 742
1 618
3 213 692 964
5 88 303 368 384 662
8 10 263 320 467 998 849 927 537
2 57 412
1 875
2 58 723
1 494
2 82 853
3 422 767 565
3 831 633 586
3 32 433 952
3 479 579 599
4 237 419 670 714
3 177 848 463
2 462 766
4 212 373 593 571
2 243 783
1 763
3 451 730 865
1 121
2 213 786
7 13 84 158 166 755 956 759
2 233 381
2 809 513
1 35
1 837
2 442 980
2 814 841
1 912
2 399 439
2 460 688
2 496 819
2 396 943
1 267
1 17
1 321
1 382
3 731 954 985
1 534
2 995 756
2 297 919
2 635 674
3 331 661 935
1 252
1 315
4 38 87 455 530
1 61
2 348 480
2 288 296
1 137
2 733 553
4 39 394 424 665
1 776
1 244
2 706 753
3 849 760 745
2 136 976
1 742
3 163 343 734
1 292
3 112 206 327
3 76 772 635
1 698
1 317
3 472 795 615
1 900
3 353 776 990
3 79 551 726
1 191
2 268 584
1 245
1 241
2 242 415
1 366
2 103 215
3 764 626 923
1 936
1 389
1 685
4 14 90 879 806
1 179
1 494
4 373 398 601 690
2 335 736
5 18 45 97 572 591
3 234 487 567
1 34
3 317 352 635
1 451
1 107
1 845
3 75 173 966
2 4 300
1 89
3 44 980 623
2 269 270
1 613
5 50 241 369 636 880
2 43 287
3 308 371 787
1 367
1 993
1 516
3 294 716 972
3 370 499 978
3 202 795 568
2 176 740
1 865
3 301 883 882
2 285 856
2 191 964
2 331 884
2 313 923
2 373 777
3 2 48 697
1 354
1 457
2 96 311
4 153 219 338 534
1 554
1 998
4 52 219 874 855
2 220 464
2 69 533
2 281 857
1 995
1 698
2 295 885
1 207
1 889
1 460
3 310 624 894
3 5 169 987
2 951 852
1 603
1 518
1 258
1 458
3 113 444 703
2 82 866
2 214 888
1 102
2 105 533
1 227
3 464 977 660
1 609
2 232 791
1 612
4 102 167 431 618
1 114
1 460
4 259 712 815 698
1 531
1 652
4 154 208 583 897
1 771
1 239
1 755
2 827 739
2 65 846
3 386 594 845
1 17
4 292 707 942 963
4 26 204 596 869
6 46 127 267 545 620 728
2 87 240
4 54 304 513 837
2 428 761
1 8
3 446 448 597
2 244 940
1 613
3 420 770 693
3 28 34 272
1 543
2 580 737
1 913
2 524 910
1 443
3 118 805 746
1 915
1 809
1 718
1 947
1 458
1 58
4 490 510 536 640
5 218 355 546 771 807
2 235 792
2 910 828
2 115 358
2 635 975
1 896
1 16
2 177 902
1 740
2 404 776
1 344
1 763
2 162 868
3 174 244 732
2 143 185
2 372 447
3 186 258 602
1 191
1 444
2 212 941
1 66
1 661
1 283
2 90 434
4 256 341 593 692
4 189 225 491 657
2 426 450
1 363
1 56
1 500
2 442 947
3 884 911 757
1 670
2 752 832
4 190 461 668 861
1 27
1 210
2 306 881
1 490
1 181
1 111
1 864
2 165 344
2 936 867
1 53
2 170 352
1 691
1 906
1 159
2 527 697
1 111
2 306 916
2 63 479
2 315 762
2 382 531
2 682 913
3 40 449 660
2 294 621
2 135 275
2 111 392
1 416
3 299 563 685
4 369 511 575 600
3 303 782 878
1 302
2 107 799
1 227
1 587
3 192 442 821
2 873 800
4 78 182 503 724
2 611 903
2 42 919
2 194 933
2 384 926
2 979 822
1 600
2 185 997
1 461
2 97 929
2 395 552
2 371 740
2 631 962
1 758
1 836
2 248 794
1 934
1 454
4 38 181 706 768
2 278 758
1 516
1 803
2 265 613
2 199 276
1 467
2 486 860
2 288 649
1 499
4 507 958 985 826
1 943
1 532
1 624
2 785 793
2 92 607
3 555 644 717
1 299
3 447 506 779
2 858 991
1 5
1 504
2 628 974
1 884
2 901 949
1 255
1 753
1 279
3 98 669 838
3 15 503 750
1 41
3 470 606 909
4 159 377 445 488
2 316 667
3 244 719 725
1 470
2 70 504
2 86 616
3 67 252 689
3 252 466 647
1 524
2 949 986
1 463
2 457 925
1 724
1 187
2 227 621
5 73 83 94 604 636
1 510
2 222 300
2 79 313
1 954
3 501 515 645
1 562
1 318
1 742
1 20
1 147
1 699
2 15 465
1 160
1 738
1 469
2 380 548
1 339
1 968
2 260 390
1 595
3 36 339 637
2 212 738
2 438 721
4 21 513 554 906
2 157 339
1 970
1 945
2 32 701
2 342 705
1 188
3 147 213 328
3 9 269 727
1 896
2 291 628
2 528 906
1 636
1 149
3 272 472 630
3 143 845 816
1 98
1 244
2 61 969
2 302 476
1 600
2 393 810
2 55 141
1 142
2 155 480
4 101 195 961 872
4 322 704 822 823
2 711 821
2 16 821
3 75 140 921
1 159
1 734
2 607 828
3 70 638 827
1 932
2 97 925
3 38 401 458
2 669 933
1 316
1 356
1 300
2 198 720
5 474 615 898 945 958
1 752
3 77 123 410
1 350
1 476
2 134 201
1 30
2 118 397
3 539 609 810
2 342 608
1 379
2 462 946
2 451 504
1 337
3 133 286 436
1 582
1 456
1 961
1 570
2 388 558
1 573
3 267 743 889
3 223 235 407
3 405 419 731
1 670
2 181 438
2 253 289
2 677 993
2 467 556
1 588
2 203 679
2 260 648
3 0 612 959
1 63
1 370
1 820
3 414 705 976
1 570
3 174 185 453
2 75 406
4 139 955 939 966
2 71 699
1 528
1 546
2 343 673
2 261 557
2 266 557
3 560 667 747
3 245 576 907
1 392
1 397
3 399 589 896
3 354 578 858
2 326 911
1 133
1 898
1 372
3 23 247 580
2 403 966
3 641 804 888
3 74 205 603
7 130 309 837 892 946 956 925
2 291 374
2 63 514
3 72 446 748
1 643
1 707
1 183
1 906
5 128 683 795 806 905
1 885
1 20
1 755
2 626 638
3 356 667 890
3 191 350 477
4 213 625 691 920
1 92
2 272 629
1 687
1 78
1 240
2 489 708
1 913
1 824
1 167
2 524 561
1 307
4 406 767 830 898
1 710
1 451
1 49
1 715
4 37 206 360 387
2 111 314
3 416 430 829
3 262 709 832
3 151 200 722
1 491
4 3 6 525 679
1 415
1 378
3 109 204 877
2 209 619
1 655
1 611
3 210 481 735
1 262
2 798 837
4 126 366 848 898
4 172 269 632 666
1 20
5 55 214 324 748 765
1 236
3 171 217 582
3 135 261 459
1 263
3 293 486 775
2 347 877
3 25 470 898
1 291
5 145 188 230 734 837
1 869
2 32 963
3 182 820 854
3 203 329 718
4 106 421 611 960
2 449 559
2 287 391
5 56 124 540 877 895
1 280
2 280 789
3 173 196 813
5 2 121 404 797 983
2 80 390
1 552
1 343
1 746
1 640
3 238 505 873
2 370 593
1 553
1 711
2 475 543
1 63
2 136 417
2 66 970
4 216 277 331 374
2 486 734
2 27 765
1 581
1 185
1 36
2 246 515
1 743
2 11 335
3 1 550 864
2 168 415
3 365 488 574
4 180 183 307 411
2 207 713
2 451 569
1 192
