200
1 1
2 0 26
3 159 4 28
3 45 94 49
1 2
1 190
4 63 199 47 127
1 33
5 165 26 51 99 138
1 15
3 67 15 113
2 189 162
1 73
4 172 33 130 196
2 60 149
3 9 10 78
2 60 179
2 182 135
1 94
1 58
3 25 99 114
3 105 44 46
1 62
1 163
3 110 111 71
1 20
5 1 104 8 132 81
1 80
1 2
1 169
2 101 197
1 162
1 61
3 7 13 94
3 38 164 129
3 64 61 155
1 94
2 111 184
2 34 188
4 128 171 138 70
2 192 135
1 56
1 123
1 136
4 21 72 54 169
3 3 109 189
2 21 198
1 6
1 123
1 3
1 87
3 8 195 58
2 114 183
1 137
1 44
1 64
4 41 149 150 97
2 144 69
4 19 51 185 187
3 106 159 188
3 106 14 16
2 32 35
2 22 198
3 6 193 194
6 35 55 161 191 178 74
2 131 98
2 147 167
3 10 153 79
2 75 189
2 57 74
1 39
4 107 24 198 96
1 44
2 12 82
2 64 69
1 68
1 78
2 121 176
4 15 76 178 198
1 67
4 27 175 95 90
1 26
3 165 73 90
1 173
1 197
1 111
2 157 171
2 50 95
2 124 133
2 115 179
4 121 141 80 82
1 115
3 108 118 165
1 150
7 3 18 33 36 146 148 190
2 80 87
3 123 71 186
1 56
1 65
3 103 8 20
1 135
2 30 195
1 141
1 99
1 26
1 21
2 59 60
2 174 71
1 92
2 175 45
1 24
4 115 37 24 85
1 146
2 10 140
2 20 52
3 111 89 91
1 161
1 188
1 92
1 177
1 150
2 90 77
1 123
4 122 48 96 42
2 188 88
3 174 181 147
2 145 166
1 6
1 39
1 34
1 13
2 65 149
2 26 158
1 88
1 173
4 17 40 100 138
2 43 185
2 53 157
4 8 39 135 152
1 159
1 113
3 154 90 102
1 174
2 179 189
1 57
2 126 168
3 112 94 180
2 125 66
1 94
3 14 131 56
3 120 56 93
2 189 199
1 138
1 67
1 141
1 35
1 194
2 137 86
1 132
3 2 139 59
1 177
2 116 64
2 11 31
2 23 192
1 34
3 8 82 92
2 126 185
1 66
1 145
2 29 44
1 192
2 39 86
1 13
3 134 83 195
3 107 125 142
3 109 177 80
1 77
3 119 160 175
2 64 78
3 16 143 89
1 146
1 125
1 17
1 52
1 37
3 136 58 166
1 96
1 58
4 117 124 38 59
5 11 45 143 151 68
2 5 94
1 64
3 40 163 170
1 63
2 156 63
3 51 173 101
1 13
2 30 84
4 46 62 71 78
2 6 151
