1000
1 379
2 169 47
3 637 498 990
3 704 718 215
3 246 220 823
2 444 16
1 637
1 312
1 826
1 648
3 339 231 198
2 906 594
3 674 78 212
7 468 655 850 31 891 147 733
2 154 246
1 498
1 5
1 367
5 200 619 749 464 481
1 255
1 60
1 87
4 219 830 871 833
1 256
2 723 121
1 965
4 476 897 268 232
1 471
1 400
4 156 364 908 409
3 126 466 556
2 13 782
1 329
1 82
4 692 924 439 824
2 644 199
2 98 935
1 381
1 334
1 558
5 554 143 229 53 721
3 711 892 361
3 250 946 214
2 773 797
1 189
2 172 827
2 642 340
4 1 883 175 345
2 581 771
5 526 640 159 300 758
2 811 438
1 784
2 334 702
2 40 820
2 267 505
4 601 703 174 320
1 458
2 727 64
1 341
2 588 698
2 20 704
1 114
5 709 728 989 605 894
2 835 973
2 57 882
2 776 105
4 853 815 336 955
1 396
1 982
3 373 445 527
1 596
1 298
3 900 366 607
3 914 727 822
2 784 334
1 703
1 114
1 211
5 12 921 107 922 930
3 764 97 921
1 891
2 209 195
2 33 709
3 965 810 188
2 353 469
1 533
1 912
2 21 450
2 96 922
2 245 826
1 204
1 215
3 113 697 204
2 446 183
3 540 427 322
2 912 390
1 88
1 79
2 36 206
1 372
2 341 963
2 257 317
2 895 466
3 969 361 160
1 467
1 65
1 732
1 78
1 336
1 526
2 245 305
1 761
2 443 653
3 92 986 537
5 61 76 391 818 692
2 903 596
1 933
2 570 640
2 325 200
4 380 660 644 467
1 525
2 24 399
1 450
1 838
3 511 265 146
2 847 686
2 30 995
2 365 424
1 520
2 448 795
2 173 553
3 784 517 162
1 258
2 381 235
1 829
1 868
1 270
2 519 725
2 856 288
1 719
1 412
1 524
1 237
2 40 634
1 840
2 977 158
1 124
1 13
1 681
3 429 331 323
3 591 213 786
1 612
2 422 638
3 762 413 570
2 14 432
2 690 988
4 29 975 201 528
1 970
1 145
1 49
3 103 400 684
1 784
2 131 414
1 308
1 522
1 368
1 973
1 944
3 677 639 693
2 1 333
2 398 941
1 965
2 45 531
2 130 260
2 55 250
1 47
1 838
2 182 513
2 402 413
4 474 287 943 367
1 550
2 921 505
3 177 254 705
1 93
5 907 680 686 558 490
2 996 662
4 210 873 217 781
2 830 831
1 83
3 44 723 993
1 599
1 608
1 553
1 962
2 717 415
1 81
1 843
2 623 775
1 10
4 35 857 241 263
3 18 118 400
1 156
4 272 756 845 483
3 228 374 844
2 90 92
1 666
2 98 628
1 855
2 318 421
3 81 416 771
2 186 904
4 77 285 302 288
1 12
2 150 837
2 42 560
2 3 91
2 379 858
1 186
1 576
1 22
4 4 383 937 798
1 266
1 765
3 361 697 577
1 885
2 433 270
1 993
1 545
2 203 296
1 40
1 987
1 10
1 26
3 682 811 768
1 510
3 133 656 564
2 319 426
4 142 552 744 859
2 897 709
3 519 799 447
3 664 882 453
3 199 258 658
1 842
3 394 585 600
4 868 751 955 976
4 89 110 789 852
3 4 14 924
1 521
2 985 952
1 739
2 42 174
2 874 752
1 773
1 436
3 182 574 350
3 19 982 832
5 23 654 388 603 938
2 101 388
5 132 241 892 656 945
1 391
1 173
1 968
4 427 571 757 281
3 199 951 681
1 749
1 124
2 221 484
1 54
4 26 672 386 790
1 839
5 136 225 910 414 578
1 523
2 202 392
2 590 420
2 720 488
2 329 675
2 306 304
3 913 864 400
1 884
1 884
1 552
1 262
2 575 388
1 442
1 301
2 211 855
2 873 743
1 179
2 138 211
2 788 532
1 399
3 877 569 489
2 360 642
2 417 973
1 481
1 725
4 228 640 620 592
1 709
4 71 793 553 739
1 979
2 49 678
2 284 841
4 211 398 515 604
1 617
4 276 502 806 925
1 110
1 276
1 351
3 163 573 434
6 575 510 812 370 461 378
2 428 582
2 650 652
5 7 670 770 449 754
1 856
1 347
1 623
2 647 460
1 101
1 208
2 236 773
1 55
2 613 861
1 94
2 149 649
2 886 532
3 118 987 977
2 922 928
1 468
1 907
3 32 275 472
1 411
1 149
2 392 954
1 169
5 38 52 74 818 834
1 452
2 66 108
1 491
2 685 656
2 10 847
3 46 421 389
5 58 100 389 435 942
2 567 568
1 467
1 956
2 47 647
1 908
4 314 865 744 509
1 410
1 486
2 254 519
3 307 611 933
2 569 694
2 84 376
5 445 727 926 444 964
1 708
1 872
1 798
1 913
1 970
1 292
3 41 103 223
1 632
2 903 713
1 29
2 127 619
1 72
2 17 179
2 165 925
1 484
1 309
1 949
2 99 953
1 69
2 203 809
1 678
2 353 471
1 480
1 309
4 0 216 384 536
2 119 886
2 37 133
1 850
2 220 412
3 379 599 896
2 724 965
1 268
1 809
3 256 257 282
3 340 341 483
2 95 936
3 114 259 494
4 272 332 718 869
1 804
2 243 966
1 971
2 67 948
2 470 451
3 170 302 583
2 121 290
6 28 160 200 277 570 547
4 939 621 804 431
2 178 719
1 466
1 626
1 628
2 766 774
3 674 707 616
1 873
1 29
3 348 448 931
3 330 550 705
4 140 383 586 948
4 153 178 563 860
4 162 270 783 479
1 194
1 209
3 293 552 870
1 658
2 533 575
1 273
3 208 340 759
1 152
2 778 690
1 127
1 766
1 236
3 94 262 522
2 310 456
3 149 538 634
1 532
1 401
1 154
1 225
2 308 810
4 341 609 908 826
2 253 501
1 767
1 50
2 34 885
2 576 514
1 653
4 283 832 797 474
4 112 905 478 524
2 5 354
3 69 354 561
2 93 924
1 239
3 129 410 780
1 312
3 87 122 624
2 397 911
2 335 586
2 240 677
1 609
1 768
2 428 555
1 636
3 56 609 636
1 588
1 316
1 309
2 500 932
1 961
1 18
1 917
4 30 102 403 991
4 104 119 343 743
2 13 327
3 84 642 761
2 397 901
2 27 376
4 329 825 594 620
1 940
2 179 442
1 871
2 26 780
1 827
3 443 792 585
1 414
3 377 666 947
2 18 294
1 799
4 202 389 548 666
4 266 369 660 931
1 500
2 349 616
1 915
1 274
3 291 882 579
1 184
2 337 880
1 651
1 635
1 391
1 726
2 657 520
2 647 664
4 2 15 695 895
1 510
2 462 485
5 436 506 525 504 996
2 304 563
1 637
2 501 916
2 54 181
2 501 609
1 778
1 821
1 347
3 234 309 499
4 124 955 922 919
1 956
2 177 544
3 440 801 588
1 302
3 565 878 787
1 131
1 996
4 137 239 350 646
5 128 496 577 998 888
2 247 783
3 164 427 777
3 271 559 867
2 141 443
3 120 501 590
3 49 109 713
1 69
1 156
2 785 792
1 706
2 172 674
3 289 324 430
5 85 419 581 741 862
1 864
3 571 641 902
1 379
2 113 803
2 429 915
1 750
2 94 957
1 930
1 682
1 718
1 513
2 227 553
1 919
1 400
1 483
3 627 725 748
2 180 411
1 724
3 237 280 417
6 130 192 298 545 660 731
3 40 730 978
2 456 770
1 30
2 960 683
2 39 184
2 523 841
1 214
1 445
1 712
2 413 502
2 235 628
1 516
1 898
1 342
3 342 876 765
3 291 352 982
3 117 153 400
5 262 535 810 846 763
1 816
2 308 784
1 254
3 282 309 419
3 218 440 650
5 223 520 889 741 912
1 270
1 489
1 975
2 48 533
1 310
1 398
1 931
3 243 478 880
2 412 452
3 665 944 975
4 59 459 514 984
1 861
3 273 525 949
3 150 830 631
1 296
1 895
2 11 472
1 913
2 70 115
2 761 614
1 757
2 190 384
1 243
1 55
1 879
2 256 760
1 302
1 62
1 763
1 72
2 191 640
4 435 454 458 506
1 822
1 351
2 151 715
2 321 689
2 597 843
1 761
4 407 486 645 750
2 303 812
3 879 655 867
2 18 365
3 296 472 753
2 401 707
1 702
2 197 315
2 450 961
1 695
2 404 674
1 549
4 206 405 564 796
2 705 679
1 999
1 591
4 362 754 706 811
2 962 669
2 143 429
2 493 745
2 457 458
3 2 6 503
3 152 916 778
1 168
4 49 117 296 608
1 535
3 46 292 469
1 862
2 35 119
1 616
1 519
4 316 345 497 872
3 9 710 891
2 323 767
4 311 576 810 802
3 492 761 814
1 311
2 112 441
2 256 878
2 13 618
3 235 258 338
2 496 720
2 241 418
1 759
4 119 484 553 968
2 971 970
2 185 740
1 730
2 240 497
3 587 940 716
3 205 480 483
5 879 911 679 676 696
1 809
2 633 881
3 312 774 821
1 903
2 268 723
1 762
5 12 407 531 626 991
1 275
1 667
4 168 453 956 745
2 300 375
5 629 667 832 848 794
1 184
3 148 263 722
2 233 542
1 557
1 160
1 338
3 125 184 986
1 890
1 901
2 613 982
2 155 423
1 976
3 34 114 973
1 168
1 352
3 498 625 735
2 667 999
3 92 223 887
1 59
1 800
1 838
1 821
3 52 622 918
2 55 75
2 3 60
4 182 411 629 953
4 530 632 836 926
2 407 621
2 355 915
4 62 82 238 297
2 648 981
3 41 876 816
2 562 761
3 363 526 961
1 773
5 612 917 807 889 985
1 665
2 194 940
3 3 392 543
2 139 402
3 274 657 755
1 40
1 681
4 24 189 672 813
3 385 551 881
3 137 295 549
3 495 946 838
5 57 73 354 785 920
1 62
2 837 884
2 554 663
1 553
2 106 966
1 13
1 896
2 695 777
3 833 970 825
1 789
1 755
2 249 298
1 662
2 533 577
1 836
2 286 467
2 237 347
2 635 677
1 773
1 898
1 549
2 18 264
3 539 616 849
1 244
2 251 753
2 620 752
2 312 632
2 720 738
1 202
2 262 598
1 49
2 421 659
1 603
7 111 469 597 615 651 712 769
2 153 673
2 571 606
4 79 932 776 791
2 222 568
2 406 425
3 437 649 964
2 233 455
2 761 854
3 312 555 992
3 48 209 994
1 842
5 43 252 319 714 746
2 406 670
2 197 893
2 65 764
2 522 735
4 423 507 638 899
2 805 836
2 448 476
1 186
1 31
2 414 521
5 51 74 131 161 573
4 529 727 916 829
2 150 890
1 516
1 289
2 245 737
1 268
1 764
2 478 529
2 298 900
1 679
2 129 819
1 628
2 43 442
2 220 357
2 239 482
3 699 958 853
2 514 842
1 650
1 537
2 393 401
1 779
1 304
1 715
1 881
5 374 387 668 858 828
4 83 434 571 650
3 50 233 632
2 309 617
2 723 863
1 651
2 66 979
2 572 711
1 967
3 114 334 923
1 795
1 53
3 508 670 701
2 73 610
1 4
1 34
2 472 736
4 8 89 435 980
2 45 477
1 809
2 134 785
3 22 187 591
1 187
3 255 442 679
2 22 736
1 334
1 63
3 706 742 779
3 213 729 875
5 123 176 700 726 881
2 269 841
2 144 863
4 301 559 839 898
3 242 772 801
2 196 614
1 203
1 202
1 571
2 125 339
1 679
1 750
2 13 382
1 915
1 245
2 66 800
1 769
3 207 285 977
2 138 313
1 199
2 216 809
1 237
2 413 929
2 321 589
2 533 643
2 813 840
2 277 534
2 347 960
1 919
2 523 618
2 135 244
1 392
1 417
2 22 475
2 356 647
4 186 286 408 934
1 251
1 837
2 568 711
1 291
2 516 654
3 602 618 667
2 491 585
4 669 724 808 838
3 64 240 489
1 47
3 278 279 729
2 224 439
2 324 380
1 697
1 520
3 577 715 924
2 687 786
3 13 80 648
3 41 258 950
2 775 905
1 62
3 102 498 593
2 384 734
2 26 238
3 566 747 841
1 778
2 72 793
2 470 688
1 535
3 115 363 671
1 210
3 443 893 923
1 11
2 184 328
3 29 346 435
1 949
1 270
2 451 667
3 86 95 577
3 277 358 595
1 73
4 487 538 708 851
4 504 638 785 972
2 465 715
2 702 974
3 511 546 866
1 727
3 78 79 181
4 78 88 326 511
2 818 905
4 34 246 446 889
2 304 368
3 354 706 927
1 926
1 326
1 860
2 78 541
3 410 484 584
2 462 764
4 116 351 956 967
1 873
1 36
1 390
1 220
1 256
1 401
3 473 665 717
2 170 983
1 341
1 179
2 167 587
1 258
3 42 726 959
1 480
2 396 412
3 371 590 909
1 892
1 263
1 248
2 372 705
1 332
3 66 244 511
4 344 512 677 933
1 540
2 800 997
1 946
2 557 865
3 463 624 713
2 193 633
1 100
2 354 767
4 25 83 171 385
2 394 732
2 817 933
2 261 660
1 103
4 157 359 661 736
2 395 661
1 916
4 63 166 293 692
1 918
3 156 580 587
2 244 691
3 145 325 855
1 554
2 299 815
1 826
1 710
4 68 255 569 689
1 941
1 588
2 248 715
2 113 686
2 230 325
1 155
1 62
1 2
2 466 674
1 770
2 189 226
1 771
1 126
3 185 501 518
1 958
1 520
2 630 696
