600
1 240
3 156 137 491
2 284 6
3 216 147 122
2 544 372
2 95 156
1 2
5 124 387 451 297 305
1 51
4 136 496 517 498
1 162
2 437 70
1 579
4 302 538 172 148
1 257
1 211
1 47
4 426 556 280 492
2 398 123
2 56 563
1 242
1 212
1 346
3 431 534 228
1 116
1 221
2 363 461
5 332 396 99 194 455
1 467
2 212 428
1 293
2 438 36
1 217
1 64
5 430 439 595 379 536
2 500 586
2 31 526
1 254
3 236 285 333
1 374
1 193
3 540 231 381
3 550 438 490
2 467 212
1 64
1 131
2 129 120
2 16 430
3 579 484 115
1 336
1 548
2 8 288
1 126
3 63 427 126
2 286 110
2 548 250
2 19 127
2 163 206
3 582 228 100
1 299
1 442
1 332
2 283 402
3 53 592 340
5 33 44 251 488 426
2 541 374
2 354 396
2 209 124
4 241 407 398 299
1 331
2 11 256
1 288
2 505 423
2 230 272
1 328
2 287 475
2 108 344
3 467 326 102
1 164
2 242 150
1 495
1 173
2 507 185
1 434
1 262
1 330
1 151
1 502
2 588 98
1 419
1 207
3 370 132 469
1 385
2 270 395
3 457 263 354
2 5 274
2 425 594
1 583
1 88
1 27
3 58 257 421
1 467
2 77 264
1 199
1 232
1 586
2 255 567
1 579
2 76 166
2 258 263
1 54
5 545 418 423 346 309
2 598 409
4 130 519 134 465
2 496 497
1 48
3 24 437 596
1 375
1 382
1 344
1 46
2 390 462
1 3
4 18 508 154 169
3 7 67 257
3 145 237 503
2 52 53
2 56 392
1 506
3 46 265 461
2 113 542
4 45 183 195 185
2 91 501
2 240 509
1 113
1 359
1 9
4 1 243 565 477
1 171
1 459
3 228 427 360
1 528
2 275 173
1 596
1 341
2 125 191
1 593
1 3
1 13
1 321
3 79 404 349
4 86 343 450 510
2 538 430
3 410 526 290
3 123 164 406
3 252 366 376
3 1 5 556
1 329
2 591 574
1 446
2 520 452
1 278
5 10 403 248 377 566
2 57 248
5 78 154 534 404 569
1 251
1 108
1 581
1 355
3 123 573 419
1 451
2 138 306
4 13 413 246 472
5 81 142 547 264 361
2 369 269
2 435 307
2 211 415
2 198 197
3 549 514 257
1 527
1 527
1 343
2 358 248
2 131 506
2 519 449
2 82 131
2 471 335
1 256
3 523 353 308
2 266 586
1 305
4 145 396 388 371
1 430
4 40 474 344 446
2 27 417
4 131 255 324 378
1 386
4 177 316 481 557
1 177
3 103 357 276
6 358 321 485 234 295 239
1 401
1 507
1 222
1 390
1 399
1 57
2 90 400
2 529 335
3 67 593 588
1 545
3 15 176 300
5 21 29 43 488 499
1 289
1 310
2 422 404
2 3 505
4 32 249 277 568
2 351 352
1 299
1 575
2 25 399
4 203 515 450 320
1 261
5 285 438 558 284 578
1 477
1 549
1 583
3 23 58 140
2 541 432
2 73 387
1 41
2 104 557
1 306
1 200
1 571
1 38
2 125 483
1 417
1 200
4 0 133 244 339
2 68 529
2 20 79
2 137 262
3 240 375 537
1 579
1 172
1 483
3 162 163 182
1 217
2 55 564
3 64 165 311
2 155 580
1 584
2 37 570
3 106 195 364
2 70 187
6 14 100 124 178 354 342
2 109 434
1 392
1 519
3 223 287 561
4 84 243 367 570
4 94 109 348 511
4 102 173 466 304
1 129
3 189 343 516
1 406
2 336 358
1 174
1 93
2 463 425
1 73
1 335
1 95
1 142
2 199 484
2 217 383
2 161 315
1 460
2 17 528
2 359 323
1 402
4 62 543 303 330
2 2 224
3 38 224 347
2 54 556
3 75 261 464
3 51 71 391
2 213 367
2 153 416
1 383
1 394
3 30 383 394
1 368
1 200
1 577
1 7
1 552
4 59 68 219 449
4 211 493 372 388
1 517
2 13 464
3 283 473 366
1 264
2 7 190
4 171 233 407 561
1 175
3 188 526 362
1 111
2 214 525
1 251
2 405 328
2 399 410
1 321
5 278 318 331 317 598
2 197 348
2 315 551
2 315 383
1 463
1 222
3 149 200 314
1 575
3 281 478 368
1 195
3 350 524 470
1 77
1 598
5 74 312 360 599 531
2 157 466
2 85 283
3 69 315 369
3 27 61 432
1 38
2 468 473
3 186 208 273
5 49 268 363 448 512
1 514
1 355
1 240
2 63 480
2 144 344
1 257
3 151 181 266
6 76 119 193 341 407 441
2 576 420
2 22 111
1 285
2 263 316
2 150 392
1 325
1 218
3 218 522 459
1 188
3 66 94 257
5 168 338 484 504 458
1 487
2 199 467
3 182 200 268
3 135 281 401
5 140 328 532 448 548
1 173
1 308
2 26 336
1 255
1 561
3 155 303 525
2 262 289
3 294 323 590
3 174 331 571
3 91 496 393
1 191
2 4 300
1 549
2 39 65
2 117 244
1 155
2 162 456
1 195
1 34
1 458
1 41
2 118 396
4 277 291 293 318
1 490
2 92 433
2 196 485
2 7 230
3 191 300 453
1 428
2 121 204
2 288 577
4 127 259 349 476
1 370
2 292 293
3 93 551 463
4 27 66 191 382
1 512
2 18 68
4 205 221 313 518
2 207 460
4 201 359 484 479
2 62 282
2 162 524
3 150 164 215
2 312 435
2 154 267
4 68 306 344 581
2 584 583
2 112 447
2 153 313
1 483
1 541
2 172 437
1 457
1 176
2 290 575
2 194 238
1 111
3 89 169 436
1 345
1 100
1 215
3 72 111 592
1 533
2 96 271
3 17 64 586
3 53 140 530
3 29 389 553
1 558
4 34 47 152 192
3 23 522 487
3 229 332 577
5 385 552 482 532 591
2 83 258
3 175 405 454
1 419
4 11 116 413 486
5 31 42 224 468 554
1 34
2 501 527
1 344
2 60 580
1 537
3 498 583 493
1 454
2 159 193
1 409
2 336 360
2 184 299
2 151 222
2 7 170
2 160 453
2 388 452
2 435 445
1 27
1 377
2 94 414
2 355 380
2 139 352
3 279 400 578
3 26 129 597
2 121 535
4 271 319 395 539
2 287 302
1 113
2 264 329
5 28 43 77 101 357
4 334 438 551 495
2 91 533
1 325
1 186
1 172
2 303 334
2 193 540
2 75 489
1 392
2 137 225
1 323
1 401
1 340
1 197
1 433
5 237 247 411 509 494
4 48 276 355 401
2 200 386
2 437 513
2 356 431
3 64 212 555
1 475
2 42 384
1 1
1 17
2 300 444
1 483
2 80 468
3 9 114 370
1 114
2 9 444
1 212
1 35
3 132 440 521
2 87 513
1 125
1 355
2 72 216
3 128 183 588
2 82 202
1 123
2 133 483
1 151
2 263 560
2 336 397
2 486 502
2 178 337
2 222 576
1 266
2 9 301
1 399
4 113 184 260 562
1 160
1 501
2 352 431
1 188
2 325 403
2 310 366
3 36 153 308
3 179 180 440
2 141 280
2 208 241
1 427
1 328
3 360 433 556
2 424 469
3 23 164 572
2 462 543
1 34
2 244 443
2 13 152
1 463
2 41 474
3 65 229 412
1 130
3 283 535 555
1 4
2 111 210
1 571
1 173
3 50 55 360
3 178 226 373
1 42
4 317 395 468 585
2 298 433
2 428 587
1 438
2 488 543
4 17 156 286 532
2 197 232
3 224 429 559
1 558
1 511
3 261 306 365
1 519
1 19
1 250
1 137
1 162
2 106 589
1 217
1 164
2 254 262
3 235 369 546
1 534
1 169
1 158
3 220 322 416
2 345 515
3 296 391 432
2 224 460
4 12 48 107 245
2 252 442
2 167 407
1 58
4 97 227 408 444
2 253 408
1 551
4 35 105 189 426
1 553
3 88 209 506
1 567
1 368
2 158 433
2 63 423
2 146 209
1 96
1 34
2 116 143
1 461
3 112 315 327
1 328
