600
2 503 506
3 270 84 531
3 338 347 98
1 580
3 124 460 250
1 59
2 48 28
1 220
2 229 112
1 345
1 546
1 198
3 77 545 501
1 412
2 234 454
1 479
1 175
1 272
1 218
2 208 225
1 28
1 460
6 470 243 446 263 496 32
2 565 330
1 313
1 79
1 468
1 308
4 6 20 251 153
4 272 472 412 224
1 367
1 287
1 22
1 67
1 419
1 79
2 529 279
2 106 228
2 456 249
2 515 409
2 542 262
3 461 115 403
3 593 505 446
1 317
3 146 369 190
2 325 431
2 67 551
3 431 172 305
2 6 541
1 536
1 356
2 240 331
2 364 374
1 558
2 237 281
2 116 198
1 338
3 410 66 88
1 178
2 5 85
3 242 256 152
2 531 483
3 425 239 575
3 537 343 270
1 529
2 112 452
2 57 277
6 33 46 339 429 337 388
3 368 354 486
3 186 108 109
2 358 227
2 326 181
1 130
2 342 564
2 536 287
1 494
1 311
4 12 214 312 95
1 170
5 25 35 345 202 101
3 458 226 99
2 126 151
2 288 139
1 488
1 1
3 59 586 370
1 106
4 511 547 108 387
1 57
1 369
2 430 449
1 259
2 181 352
2 262 574
2 110 364
5 77 568 225 371 597
2 361 327
2 356 282
1 2
2 80 430
1 268
3 79 502 500
2 183 421
1 113
2 595 495
2 197 282
3 37 86 516
2 203 125
2 69 87
2 69 428
1 94
2 437 318
5 8 65 322 286 220
2 103 299
2 453 582
1 41
1 55
1 332
2 362 179
2 221 465
1 153
1 248
2 234 176
3 413 491 495
3 4 299 147
4 107 521 533 478
1 81
1 308
2 239 596
2 298 185
3 72 436 519
1 598
3 167 230 189
1 271
1 231
1 270
2 170 580
1 417
1 340
4 82 315 570 466
1 383
1 263
1 284
1 424
1 546
1 246
3 44 366 350
3 124 459 184
1 401
1 438
2 347 576
2 81 462
2 60 169
2 28 120
1 492
3 550 362 301
5 279 468 587 512 351
1 282
1 293
2 518 331
1 468
1 479
1 355
1 336
1 172
2 429 493
2 574 280
1 132
1 586
2 152 383
4 78 136 573 380
4 407 340 336 218
5 47 164 554 493 311
2 258 569
2 491 334
3 16 254 540
2 122 501
2 345 270
3 58 293 415
2 118 561
1 463
3 71 92 573
2 429 316
4 102 365 506 355
1 147
1 129
1 69
2 445 511
2 508 209
2 132 599
3 44 396 223
2 572 315
1 504
1 265
1 278
1 427
1 254
1 105
3 11 55 479
2 515 375
1 590
1 304
2 79 384
1 107
1 531
2 348 269
2 530 498
3 546 495 348
2 19 310
2 188 377
4 374 503 577 524
1 246
1 352
1 462
1 77
2 256 451
1 377
1 470
2 18 171
1 509
2 7 112
2 119 416
2 374 360
2 190 321
2 29 579
2 19 95
3 80 382 476
2 70 254
2 37 489
2 8 588
4 132 300 282 477
2 134 510
1 341
2 429 294
3 14 122 457
1 521
3 401 253 357
3 54 465 259
1 264
4 62 128 474 390
2 51 351
1 482
2 60 581
1 22
1 553
1 322
4 145 211 336 528
2 522 404
3 121 402 264
1 38
1 4
2 28 417
1 533
2 236 397
7 175 196 227 291 444 335 477
2 436 441
2 60 215
1 463
1 173
2 91 237
3 458 515 384
1 590
3 40 93 313
3 22 141 436
5 238 248 456 590 475
4 193 389 491 504
1 556
2 271 336
2 100 546
2 205 566
5 1 63 135 177 392
3 133 267 292
2 17 29
1 568
1 416
1 582
1 355
3 66 382 425
2 194 467
2 36 156
1 166
1 54
4 97 105 157 230
2 581 498
2 142 439
2 447 529
3 112 385 378
4 31 74 487 571
1 82
1 402
1 387
3 254 293 442
3 271 408 296
4 158 178 291 593
3 233 406 376
1 297
4 292 567 306 405
2 295 412
2 129 476
3 113 124 559
2 230 453
1 155
2 309 313
1 552
4 201 397 538 526
1 47
1 296
1 595
3 27 127 315
1 302
1 208
3 76 172 344
2 77 459
5 24 262 302 461 578
1 595
5 139 191 308 418 423
1 182
3 43 468 382
3 111 552 592
1 528
3 478 535 520
3 223 380 555
3 112 245 386
1 515
1 475
1 45
1 71
1 96
1 376
1 513
1 23
2 51 159
2 117 370
2 466 435
1 174
1 254
6 163 171 246 267 532 594
1 67
3 2 56 467
1 67
2 138 171
2 232 488
1 73
1 63
1 311
4 9 79 177 418
1 361
3 2 150 374
2 205 207
2 426 419
1 146
3 156 240 513
4 92 212 438 497
1 484
2 68 494
3 162 183 276
2 50 97
2 236 359
1 70
1 357
1 222
4 96 346 418 378
3 118 155 534
1 457
2 52 94
1 183
2 146 499
2 30 436
2 68 386
4 44 89 420 557
3 85 332 393
4 95 527 384 398
1 445
1 463
6 52 210 222 347 538 505
1 199
3 294 328 414
3 209 216 529
2 286 361
1 415
3 170 321 532
2 580 422
3 226 277 317
2 140 169
4 202 260 371 408
1 286
2 322 368
2 87 290
1 67
1 265
2 239 439
1 415
1 270
1 370
1 503
1 462
1 190
2 253 304
1 371
1 481
1 591
2 148 236
2 248 289
2 41 434
1 247
1 296
1 294
1 171
3 292 384 417
1 39
2 57 416
1 456
5 13 29 297 572 464
3 123 490 445
1 376
3 178 379 391
3 221 274 410
5 137 251 408 473 584
3 315 345 361
3 34 349 563
1 369
1 102
1 381
1 315
3 143 574 549
3 62 277 552
1 349
2 195 592
1 109
7 67 165 182 233 488 569 556
3 90 99 590
2 45 47
1 507
1 582
1 403
1 333
4 130 255 263 367
2 111 562
2 149 352
3 284 390 543
3 586 488 510
2 255 522
2 291 546
1 498
1 254
3 187 372 413
2 22 42
1 285
1 556
1 90
1 586
1 215
1 65
3 114 300 479
3 14 463 553
1 535
4 38 264 411 509
2 234 363
2 80 260
2 147 312
2 4 21
3 41 313 485
4 151 213 395 570
4 180 257 373 454
2 412 544
2 119 237
3 139 333 484
3 278 338 514
5 26 156 160 317 548
2 560 556
2 22 217
1 478
1 29
1 417
1 239
2 264 324
2 226 298
3 230 254 539
3 125 320 471
5 15 161 198 453 542
1 489
2 399 485
2 241 494
1 61
2 353 466
2 461 481
2 68 525
2 287 550
5 83 341 429 440 495
5 228 480 540 563 564
2 413 535
3 123 174 265
3 154 493 591
3 165 172 492
3 75 354 482
4 104 123 207 488
1 22
1 352
3 206 283 443
1 366
1 101
2 12 176
1 101
3 0 210 394
2 192 265
3 42 374 543
2 0 183
2 432 589
1 188
2 219 456
2 231 440
2 87 187
1 156
2 329 351
1 467
4 39 199 260 323
2 106 534
1 525
1 159
1 130
1 320
3 125 235 598
2 247 441
1 589
1 210
2 486 517
1 304
1 371
2 246 319
5 36 64 285 377 558
1 206
3 1 61 204
2 336 380
2 125 252
2 362 516
3 320 455 490
2 49 74
1 63
2 304 374
1 477
2 175 489
1 48
3 40 479 583
2 439 505
1 464
1 12
5 10 144 207 268 442
1 87
1 468
1 424
3 155 487 585
1 46
3 303 318 425
2 244 454
1 172
1 321
4 266 429 448 469
1 369
2 53 529
1 299
1 469
1 179
1 437
2 419 489
2 73 489
2 23 574
1 269
1 296
3 95 273 581
2 173 429
2 139 462
2 287 589
2 191 412
2 170 181
4 93 166 424 565
1 62
1 150
1 210
1 313
1 224
3 3 136 381
3 242 283 568
3 114 275 433
1 542
1 417
1 550
4 85 168 440 450
1 156
1 229
3 507 523 571
4 200 261 264 430
2 400 492
2 318 427
2 42 293
1 336
3 104 307 314
1 128
1 95
2 131 521
1 189
