100
2 47 16
1 97
1 60
1 12
1 39
2 36 41
1 14
1 44
1 14
2 89 76
3 27 64 33
2 57 32
4 3 52 38 19
1 29
5 6 8 60 35 21
3 82 42 20
1 0
1 64
2 62 32
3 65 12 41
2 15 81
3 14 88 87
1 48
2 29 97
1 77
1 59
1 43
3 10 61 63
1 58
4 67 13 23 96
4 58 59 74 39
2 60 47
3 11 18 96
3 10 71 40
2 66 89
2 70 14
1 5
1 43
1 12
2 4 30
2 55 33
2 5 19
3 69 15 84
4 58 26 37 91
2 7 77
3 70 82 89
2 58 48
2 0 31
3 22 46 49
3 75 48 50
4 51 73 95 49
1 50
1 12
1 78
1 91
3 67 93 40
1 89
1 11
6 28 30 46 92 43 99
2 25 30
4 2 78 14 31
1 27
2 18 85
2 86 27
4 10 17 79 94
4 90 70 19 72
1 34
3 55 92 29
2 97 80
1 42
4 65 35 75 45
1 33
1 65
1 50
1 30
3 70 49 77
1 9
5 75 83 98 44 24
2 53 60
1 64
1 68
1 20
2 15 45
1 77
1 42
1 62
1 63
1 21
1 21
4 56 9 34 45
1 65
2 54 43
2 58 67
1 55
1 64
1 50
2 29 32
3 1 68 23
1 77
1 58
