1000
1 795
1 695
2 435 518
1 854
2 10 814
1 645
2 721 641
1 119
2 126 863
1 490
5 4 295 567 457 684
1 311
4 652 544 925 642
2 328 485
5 27 50 265 476 326
3 41 790 345
3 27 546 772
3 829 155 677
5 20 371 502 741 365
4 794 275 250 521
5 18 888 755 117 868
2 376 260
1 970
1 405
4 975 305 582 767
1 987
2 229 90
2 14 16
3 696 387 232
2 393 871
2 261 733
1 500
3 476 791 716
1 345
4 970 259 794 592
2 641 750
2 993 665
2 545 265
1 874
1 316
3 974 87 302
2 15 196
1 87
2 568 612
2 840 439
2 206 54
1 205
1 685
3 505 603 849
6 666 742 490 655 683 702
2 14 705
3 346 906 786
3 522 409 459
1 959
1 45
1 998
2 747 837
1 223
2 764 244
4 347 410 630 852
3 891 362 145
2 928 532
2 376 361
1 279
1 68
2 740 643
2 777 585
1 288
2 64 164
2 946 844
3 162 640 239
2 774 215
2 249 528
2 483 802
2 880 487
1 120
2 855 376
1 447
1 114
1 381
3 492 620 358
2 100 215
2 345 110
2 486 347
1 918
1 243
1 271
2 40 42
1 966
1 646
1 26
3 356 102 847
2 311 582
2 876 551
4 245 779 208 218
3 165 453 735
3 914 333 574
1 735
2 333 296
1 964
3 81 927 915
2 985 153
4 91 325 133 268
1 954
2 978 835
1 175
2 962 766
3 966 336 771
3 409 202 578
1 821
4 82 216 362 775
2 515 794
2 165 132
3 871 524 944
2 78 411
2 171 524
2 744 984
1 20
2 296 589
6 7 714 394 412 734 359
2 75 566
3 389 508 731
2 355 673
2 260 873
1 729
1 883
2 8 609
5 139 296 501 156 323
2 558 210
1 590
1 549
1 166
1 112
1 102
5 406 471 848 787 204
1 848
2 618 498
2 731 449
4 497 845 717 413
4 127 452 686 923
2 749 214
3 173 781 397
1 787
2 173 867
1 296
1 60
1 589
2 266 278
3 578 919 676
2 519 316
1 388
5 950 544 746 692 209
1 559
1 101
3 981 355 932
3 17 225 693
2 127 503
1 902
1 918
2 805 917
1 408
3 883 174 784
1 70
1 586
2 68 267
3 95 112 471
3 131 975 375
2 430 889
1 613
1 801
1 380
2 115 751
1 780
2 141 143
3 161 331 617
4 105 611 297 967
1 864
2 336 470
1 352
1 442
2 895 394
3 695 830 231
3 379 687 621
1 840
2 773 842
2 859 660
1 901
1 837
2 222 533
1 988
1 310
4 415 707 516 839
1 465
2 337 675
3 715 816 535
1 746
1 41
1 692
1 930
1 571
2 495 929
3 956 544 455
2 108 593
2 987 801
1 134
3 46 648 470
3 45 355 573
2 353 685
1 94
3 151 458 986
2 128 360
1 757
1 571
1 566
4 140 803 981 879
3 71 81 640
1 110
1 685
1 94
1 591
2 815 913
1 350
5 188 420 576 234 896
5 57 348 765 691 553
3 759 690 998
2 155 634
1 302
2 990 769
1 697
2 26 850
1 349
3 181 543 492
3 28 803 646
2 557 687
3 222 529 468
1 774
1 877
2 703 780
3 637 334 550
1 70
1 850
1 883
1 724
2 85 501
1 58
3 94 687 982
3 382 658 328
1 537
1 452
3 72 664 292
2 19 937
2 583 907
3 746 603 429
2 872 631
1 572
1 393
1 568
1 451
3 680 745 957
1 34
3 21 123 822
1 30
2 268 659
3 885 829 688
1 964
4 14 37 296 961
3 147 579 465
2 164 545
3 102 262 943
1 671
1 847
3 86 848 335
1 842
1 437
1 319
1 19
1 635
2 846 300
1 147
3 63 809 390
4 404 939 760 871
1 808
1 505
2 872 837
1 288
1 953
2 314 608
2 563 920
5 67 284 596 902 551
1 429
3 975 705 624
1 313
3 249 665 591
1 840
1 400
1 10
5 98 118 127 144 265
1 175
1 984
3 897 590 881
2 277 484
1 669
3 40 226 483
2 916 523
1 740
1 24
1 652
1 928
3 654 522 821
1 499
2 190 331
3 11 92 818
2 683 405
2 291 595
4 286 717 887 783
2 789 528
2 39 149
3 886 352 511
1 432
2 274 972
1 722
2 746 799
3 384 639 473
1 127
1 391
2 102 472
1 14
1 542
5 13 246 719 806 900
1 948
2 715 420
2 174 310
1 566
4 96 98 607 965
2 238 834
2 271 531
4 107 177 422 370
4 193 506 905 772
1 667
2 518 683
1 592
2 735 426
2 820 382
2 798 911
2 365 737
3 15 33 82
2 51 549
3 59 83 589
2 223 833
2 230 863
2 221 705
2 369 384
3 178 317 436
2 207 397
2 628 967
5 122 154 206 548 671
1 91
1 680
2 80 951
2 119 569
2 210 625
1 62
3 60 110 548
1 880
1 810
4 18 344 857 743
2 411 445
1 866
2 894 527
2 351 513
2 336 827
2 18 536
2 760 401
1 901
2 491 646
1 166
4 21 62 76 745
1 853
3 379 960 438
2 182 378
3 170 831 427
2 79 516
4 246 342 778 761
1 673
3 322 351 658
1 553
1 485
1 28
2 150 578
1 121
3 279 437 865
2 324 909
2 922 951
2 29 255
4 119 180 782 988
1 810
1 426
3 141 353 970
1 775
2 733 710
2 294 608
1 372
1 766
1 852
3 280 693 958
2 23 312
1 134
1 668
2 160 567
6 52 108 692 517 467 546
1 59
3 114 366 847
1 119
2 138 661
1 440
1 191
1 882
1 502
2 736 670
2 433 712
3 222 330 583
1 673
1 336
2 972 950
2 861 780
1 690
2 341 396
1 380
1 793
2 252 289
2 167 864
2 855 529
2 318 849
3 419 633 434
1 433
1 2
1 352
2 273 390
3 378 619 701
1 44
3 414 562 747
2 563 649
3 179 679 746
1 506
1 924
1 366
1 958
2 77 460
1 641
3 137 607 882
3 496 748 910
2 257 996
2 139 248
4 95 591 597 918
2 647 804
1 201
1 526
2 10 629
2 209 507
1 52
4 447 984 519 732
2 723 668
1 673
1 641
2 880 853
3 192 266 963
3 890 747 999
1 409
1 234
1 493
3 177 205 955
2 134 165
1 325
3 322 840 995
1 959
1 907
3 14 32 912
3 960 581 542
1 749
1 922
2 644 844
2 713 846
1 555
4 73 302 976 663
1 300
2 13 386
2 83 564
1 74
2 841 697
1 937
2 9 49
1 374
2 80 231
4 469 516 978 823
2 564 841
3 200 711 724
1 450
2 138 672
1 136
2 309 645
2 31 876
2 127 243
2 18 417
1 156
1 844
3 48 282 643
2 337 443
1 458
1 121
1 822
2 622 648
1 317
1 954
1 369
1 838
1 111
3 191 381 493
1 409
2 2 339
3 149 460 844
1 615
2 19 850
2 52 308
3 303 908 836
2 113 115
2 565 763
2 456 985
1 368
4 72 315 921 801
2 234 431
1 911
1 335
1 61
2 188 618
2 899 996
1 194
1 371
3 247 639 764
1 900
2 638 731
2 773 650
1 811
2 327 477
2 231 858
3 12 151 201
2 37 267
5 16 409 689 897 729
2 700 623
2 355 362
4 130 346 635 633
1 238
4 93 288 598 777
1 946
2 223 385
1 586
2 482 644
1 942
2 233 811
2 128 747
3 152 681 953
2 590 601
1 921
1 440
3 287 441 991
2 486 494
4 525 865 691 910
4 120 213 332 799
2 10 408
2 43 256
1 359
1 852
3 199 212 646
2 254 670
1 206
1 96
2 940 788
2 222 808
1 808
3 108 148 388
1 266
1 797
1 477
2 24 92
2 251 420
3 979 788 695
1 66
4 163 554 653 748
2 744 605
2 660 628
4 118 146 347 776
3 129 299 560
5 219 292 453 832 741
2 34 340
1 202
1 934
2 313 760
1 288
2 453 733
2 551 780
1 631
1 717
1 560
1 847
2 48 252
1 978
2 587 612
1 651
4 333 449 946 720
3 286 400 810
1 126
2 793 989
1 175
2 43 605
2 168 643
1 780
3 520 886 802
2 634 878
2 174 949
2 136 533
2 438 722
1 80
1 182
1 510
1 547
1 290
1 360
1 652
1 800
2 354 588
2 457 672
1 59
2 253 599
1 878
2 433 549
3 225 616 836
3 276 549 639
2 768 939
2 238 812
1 539
3 322 537 635
2 70 215
4 6 35 448 463
1 12
4 65 505 613 947
3 480 555 669
4 5 499 888 985
4 89 232 374 571
2 454 969
2 205 510
1 441
1 540
2 606 992
5 12 306 626 942 901
1 586
1 308
1 49
2 878 803
2 913 971
2 246 384
3 262 831 894
4 185 588 953 819
1 413
1 807
2 483 935
2 249 968
2 36 292
3 49 725 994
2 338 709
3 407 461 703
2 301 644
3 418 572 981
3 269 355 934
2 497 629
5 122 383 421 462 989
1 910
1 193
1 148
2 17 931
3 679 979 909
2 442 678
3 258 357 710
1 559
1 818
3 49 312 339
1 10
3 47 207 217
1 139
4 182 233 245 917
1 263
2 546 862
4 224 425 797 715
3 223 565 724
4 151 197 409 893
3 155 404 969
1 914
3 1 181 584
2 28 785
2 228 488
1 776
2 819 739
2 547 828
1 438
1 49
5 237 668 972 996 978
4 988 840 728 758
3 50 290 350
2 752 735
1 191
1 897
2 667 761
2 399 680
2 495 866
1 419
1 481
1 119
4 194 330 690 967
1 32
5 138 314 600 877 960
1 757
1 328
1 607
1 6
3 320 619 911
1 461
4 242 495 691 726
2 666 800
1 724
2 997 771
1 704
2 124 546
1 853
4 121 137 539 856
1 460
3 30 399 597
1 119
6 95 97 341 706 846 941
1 418
2 344 930
2 792 788
1 699
2 65 304
3 18 591 860
3 49 866 817
2 365 973
2 116 587
2 258 376
6 151 195 252 321 442 960
4 56 440 466 558
2 450 586
3 140 478 750
2 35 749
2 171 936
1 706
1 765
1 769
2 20 770
1 774
3 211 718 759
1 704
2 224 757
3 280 372 595
3 382 709 952
1 981
1 525
4 58 537 933 947
2 223 753
4 106 402 863 780
1 24
2 636 954
3 227 754 834
1 755
2 107 727
2 16 337
3 184 540 973
4 71 235 756 947
2 110 398
3 589 698 865
3 66 551 874
1 382
3 94 883 992
7 172 237 424 598 614 766 945
3 141 964 978
2 394 812
1 314
1 161
2 696 983
1 51
2 134 142
3 575 584 738
1 315
1 15
1 32
1 738
2 428 610
3 19 34 111
2 0 834
1 854
4 580 690 928 828
1 343
2 321 566
2 627 725
4 169 203 528 904
3 73 615 829
3 214 232 656
1 454
1 159
1 328
2 662 975
3 281 576 577
1 279
4 364 395 608 968
2 541 557
2 637 782
1 909
1 4
1 220
1 194
1 742
4 311 682 997 869
2 660 699
1 342
2 109 308
3 260 509 991
1 493
3 916 898 948
1 894
1 964
1 370
2 700 797
3 17 263 802
1 181
3 380 659 902
1 591
1 348
3 334 769 795
1 104
2 523 634
3 56 187 283
2 514 893
1 191
5 44 183 293 473 704
2 488 494
2 184 272
1 944
4 69 480 504 519
1 138
3 277 481 735
4 91 270 411 602
3 134 135 271
2 48 432
3 229 240 521
1 987
3 59 403 570
4 377 464 730 892
3 3 796 888
2 76 431
1 731
1 365
1 543
1 185
1 741
1 424
1 689
3 8 349 766
3 176 430 984
3 390 565 776
3 367 711 742
1 143
1 20
1 818
2 887 963
3 29 113 280
2 253 283
1 123
2 38 777
1 913
2 93 500
2 236 717
3 616 632 656
1 214
3 74 363 464
1 299
2 416 449
4 125 161 241 779
1 997
3 263 926 980
2 317 615
2 314 870
3 20 645 854
1 167
2 466 901
1 60
2 853 930
2 692 838
3 368 659 825
1 180
1 222
3 299 546 708
1 824
1 534
2 328 538
4 186 373 652 890
3 157 288 831
1 939
1 801
1 337
1 51
2 251 475
1 523
3 391 678 813
3 450 565 674
3 343 530 722
1 476
4 220 657 875 916
2 96 694
1 100
3 303 824 913
2 159 687
4 84 158 453 959
1 148
1 287
2 528 561
2 392 479
1 139
2 444 950
1 12
1 885
1 100
3 61 307 797
2 200 977
3 198 737 892
1 677
1 154
2 764 976
2 594 671
1 663
1 751
2 250 489
1 957
3 280 636 903
1 575
1 735
2 556 652
1 268
2 113 843
1 780
3 69 552 607
3 643 764 774
2 329 824
1 617
3 151 423 924
2 358 392
1 761
3 285 559 660
3 103 512 768
1 470
1 201
2 258 938
2 404 446
3 53 474 918
4 378 477 717 746
1 265
1 106
2 465 870
4 99 264 781 826
1 333
2 88 107
3 175 354 715
2 664 810
2 647 693
3 22 34 397
1 657
3 319 423 703
2 743 773
1 40
4 24 166 290 807
2 483 933
1 929
5 104 493 604 703 781
2 584 678
1 885
4 154 214 670 762
1 245
1 785
4 116 298 460 864
3 101 526 645
1 209
3 25 203 851
3 189 394 704
2 610 673
1 227
2 563 822
2 651 779
1 36
1 666
1 473
3 451 534 703
3 727 818 884
2 55 224
1 466
