1000
3 45 581 517
1 869
2 396 563
4 973 318 846 890
2 20 360
1 868
4 250 733 580 501
2 540 941
2 538 805
1 550
2 778 744
2 167 945
2 411 741
2 93 35
3 790 574 793
2 542 434
1 558
1 931
1 712
2 785 480
3 4 829 837
2 200 961
1 481
3 310 543 266
2 757 907
2 140 716
1 416
2 599 227
1 650
2 41 202
1 783
3 199 657 883
1 651
1 311
1 652
3 13 390 565
1 64
2 545 775
2 365 112
2 676 118
2 784 395
5 29 347 479 117 221
3 929 280 844
3 426 614 457
1 440
3 0 747 925
1 768
2 518 486
2 373 49
3 48 616 890
3 538 513 807
3 125 683 78
2 961 576
1 282
3 230 537 605
3 646 324 269
1 846
1 278
6 353 625 203 828 932 66
1 842
1 661
1 531
1 890
2 333 697
2 36 116
3 728 433 178
1 58
2 720 225
1 394
1 742
2 741 815
2 718 673
1 378
1 674
3 416 531 957
2 284 622
1 487
1 153
3 51 556 335
4 808 821 639 623
1 267
4 947 178 914 357
2 706 619
1 795
2 301 361
2 347 975
3 226 199 596
1 247
1 852
3 604 661 863
2 976 944
3 127 170 742
4 648 801 651 770
3 13 108 467
2 315 888
1 467
1 603
2 128 432
1 605
3 721 425 263
4 509 159 347 129
1 630
1 456
3 292 199 720
2 130 780
1 786
2 709 506
2 245 624
5 93 704 513 917 466
1 530
1 167
1 815
4 38 776 452 222
2 333 828
3 215 704 982
2 692 935
2 64 364
3 41 210 878
1 39
1 349
1 943
3 736 514 546
1 994
1 705
1 877
1 51
1 180
4 91 511 980 156
2 97 257
2 100 519
3 104 645 992
1 159
2 688 416
3 618 642 405
1 360
2 304 325
2 938 610
3 337 550 887
1 825
1 523
1 25
1 673
1 466
2 905 417
4 502 548 926 398
2 775 666
1 207
2 545 403
2 560 317
1 936
1 435
4 415 784 563 447
2 518 186
2 77 567
3 903 833 239
1 570
1 127
1 924
1 596
3 100 131 699
1 811
2 427 793
1 541
1 801
1 993
1 432
1 905
4 11 110 283 921
2 180 182
1 750
2 91 928
1 667
1 824
5 858 515 939 455 636
4 227 891 385 856
1 610
1 850
1 471
2 65 81
1 993
3 126 168 751
1 898
3 168 313 624
1 598
1 495
3 191 778 959
1 152
2 374 667
1 328
3 483 850 247
2 251 491
2 185 195
2 820 870
3 626 866 451
1 993
2 191 850
1 606
1 584
1 998
4 31 86 103 867
2 21 527
1 770
4 29 750 677 634
3 58 522 307
1 737
1 412
2 353 240
4 146 547 209 827
1 668
2 207 838
1 117
1 682
1 765
3 920 810 875
3 990 462 633
1 114
2 689 718
1 809
2 512 558
1 869
2 944 635
2 41 987
1 112
1 800
2 919 777
3 67 343 524
3 86 620 293
3 27 174 369
1 413
2 487 395
4 54 414 261 535
1 737
1 446
1 243
2 403 299
1 631
4 477 431 675 342
4 438 496 374 722
1 635
1 154
1 206
1 374
1 983
4 233 708 628 442
3 723 643 859
3 107 977 309
1 615
3 87 189 515
4 697 815 899 413
3 656 541 497
1 6
5 190 296 615 508 839
1 716
1 437
2 303 997
1 362
1 567
2 128 714
1 325
3 702 737 591
2 760 755
2 230 690
4 332 781 730 612
1 99
2 495 844
1 917
2 23 555
4 80 578 782 482
1 838
1 55
5 663 923 305 724 974
1 754
1 977
2 777 493
4 341 656 910 996
1 802
1 529
1 889
2 57 348
2 476 851
2 42 449
1 618
3 53 666 439
2 167 926
1 75
2 737 822
3 935 969 310
1 615
1 663
2 609 976
2 717 352
3 651 827 881
2 103 815
2 226 966
1 978
1 358
1 251
3 710 316 909
4 902 683 393 985
1 234
2 457 912
1 84
2 334 630
1 254
2 135 702
3 270 684 771
2 768 993
1 203
2 770 669
2 245 575
2 23 286
3 33 734 678
1 741
3 182 915 659
1 450
3 94 554 666
2 297 454
3 148 754 351
1 3
3 437 960 905
1 967
4 384 495 530 813
1 929
1 738
3 55 663 846
2 135 258
1 748
1 330
2 188 614
1 724
2 327 776
2 444 810
1 262
3 63 113 749
3 302 478 569
1 78
1 664
1 137
1 905
1 396
3 875 606 992
1 274
2 236 586
1 225
2 381 767
1 767
1 657
3 41 85 100
4 278 531 503 786
2 119 885
2 577 498
1 317
1 290
5 58 206 897 881 916
1 918
1 763
1 593
1 81
2 295 881
1 510
3 4 134 919
3 84 787 718
3 255 877 983
1 866
2 116 546
1 38
2 783 743
2 542 746
1 637
1 227
1 576
1 739
2 614 717
3 48 436 526
4 187 237 241 914
1 843
1 528
3 538 605 456
2 72 853
1 464
1 638
3 344 668 846
2 838 937
2 878 470
1 321
1 174
1 842
1 708
4 886 920 590 958
1 401
4 35 855 621 894
1 662
1 395
1 298
2 68 969
3 40 229 392
2 2 339
2 693 471
1 144
1 922
1 765
2 389 591
2 474 610
3 147 234 631
2 757 759
3 133 774 569
1 690
2 765 440
2 410 709
3 836 564 865
2 408 694
2 12 539
3 205 453 967
5 228 248 516 593 637
2 230 587
2 151 582
5 26 74 132 898 557
1 143
1 643
2 709 619
2 867 525
1 582
1 507
1 646
1 907
2 99 661
1 43
2 161 808
1 651
4 432 430 649 675
2 429 672
2 236 797
5 97 165 429 913 490
1 65
3 15 767 808
2 150 685
1 373
3 253 319 616
1 237
1 282
3 44 407 645
2 709 885
1 243
2 915 821
1 331
2 725 998
3 232 977 860
1 151
2 747 956
1 280
4 314 954 759 652
1 193
1 112
1 412
1 316
2 173 579
2 102 377
2 43 300
3 776 799 538
1 751
2 772 824
1 811
2 214 738
1 719
2 379 750
2 687 792
2 108 142
3 93 95 962
1 799
1 592
2 383 862
2 177 397
1 486
2 544 979
1 402
1 576
3 279 848 716
4 236 523 955 984
3 334 610 691
2 41 510
3 19 849 826
2 22 812
1 267
2 189 743
1 926
1 903
3 47 472 682
2 76 229
2 961 727
2 944 503
1 432
1 190
2 830 602
1 273
1 502
3 184 264 321
3 237 853 872
2 249 551
1 350
1 597
2 585 930
1 6
2 144 494
2 348 489
2 568 974
1 848
1 106
3 422 685 713
2 251 867
2 100 730
2 359 479
2 127 685
2 218 595
2 50 108
3 121 942 872
2 173 247
2 413 872
1 0
3 47 152 679
1 129
3 551 571 658
1 705
3 203 592 664
3 139 477 716
1 225
3 420 611 882
1 373
1 200
2 376 747
2 276 873
5 109 321 810 831 869
4 61 74 348 961
1 591
2 591 617
1 563
1 230
1 863
1 54
4 8 50 377 458
1 411
3 7 876 761
2 162 249
2 15 367
1 23
4 473 800 569 798
5 37 147 840 649 665
2 121 364
2 207 585
2 144 710
1 643
3 9 137 637
2 497 520
1 782
1 718
1 315
2 266 873
3 78 597 715
2 416 721
5 16 218 824 639 677
1 603
1 148
2 899 843
1 695
3 2 151 534
2 409 743
2 35 832
1 806
4 153 256 812 570
1 504
4 334 405 544 967
4 155 567 714 654
1 520
2 842 625
1 766
1 14
1 309
3 52 370 475
2 350 960
2 267 708
1 455
3 6 956 625
2 0 768
2 415 421
2 844 964
2 197 969
3 500 547 981
1 342
2 414 978
1 679
1 857
1 388
4 259 401 532 533
3 469 522 656
3 356 413 655
1 599
2 512 980
2 86 158
2 499 556
2 183 668
4 27 594 639 764
1 909
1 865
2 492 981
3 96 559 853
1 89
5 54 98 377 825 788
2 196 340
1 742
1 997
1 289
5 136 175 402 478 837
1 525
1 262
2 764 990
4 43 328 372 677
3 246 251 287
3 49 437 754
2 533 911
2 133 281
3 82 419 745
2 226 676
2 390 931
2 75 737
1 79
3 107 182 816
4 58 572 580 711
3 193 805 695
1 917
3 243 762 909
1 862
3 101 302 701
2 235 403
1 952
1 214
1 202
2 220 238
1 173
3 368 413 550
3 380 662 778
3 79 558 599
2 796 809
2 696 889
1 133
4 244 418 549 730
1 745
2 130 440
3 55 423 740
1 662
1 92
2 429 545
2 28 942
4 32 92 291 428
2 34 450
1 919
1 570
1 593
4 249 274 592 686
5 31 346 700 963 949
1 520
3 313 991 804
1 795
4 60 89 425 756
3 391 638 647
3 270 288 324
2 336 522
1 545
3 145 282 315
2 171 187
3 208 381 598
1 308
1 961
1 786
1 430
2 71 141
2 73 829
2 236 429
2 39 620
4 202 558 614 972
2 311 971
2 518 588
1 861
1 898
3 211 486 926
3 51 298 962
2 305 729
3 435 507 511
1 656
1 465
1 132
1 216
2 261 406
1 478
2 115 899
2 397 903
1 410
2 562 626
2 641 884
2 63 248
1 816
1 159
2 657 703
1 630
2 259 304
1 700
3 108 114 719
6 123 521 817 950 906 844
2 82 895
2 799 901
4 243 387 578 806
5 106 408 419 441 951
3 297 548 874
1 625
2 18 804
1 507
3 257 570 820
1 556
5 25 252 476 523 779
2 290 372
6 71 216 361 553 970 900
2 463 704
2 67 103
4 99 557 986 936
1 237
1 244
4 270 329 753 737
2 445 843
1 827
1 488
1 65
2 684 940
3 262 509 643
1 943
1 944
1 6
2 311 885
1 916
1 121
6 204 231 259 285 622 724
3 323 462 814
2 371 977
1 646
4 12 70 312 884
4 69 91 607 802
3 366 483 564
1 10
3 619 644 903
1 367
4 45 448 528 868
2 326 951
1 333
4 169 202 464 818
2 180 459
1 954
1 724
3 271 317 616
1 260
1 661
3 24 404 961
1 797
2 404 450
2 260 767
1 540
3 628 845 773
2 355 868
3 599 613 908
3 212 400 407
4 573 994 771 792
4 344 345 434 760
3 46 306 581
1 872
3 92 201 308
2 305 766
1 460
1 762
3 405 965 989
2 37 145
3 112 330 458
3 224 273 877
4 10 185 638 898
2 716 973
1 104
1 262
2 267 552
2 30 366
5 40 151 811 982 953
1 19
4 105 348 671 837
1 361
1 605
1 889
1 14
1 893
2 465 766
3 14 161 864
1 862
4 83 660 819 838
3 640 926 834
2 431 758
1 544
3 458 468 707
2 223 544
3 92 163 852
2 275 742
1 944
2 659 712
2 8 626
2 566 708
2 50 875
3 79 427 434
3 217 640 861
3 213 331 530
3 160 461 784
2 481 567
1 321
1 738
4 70 111 248 292
2 624 698
1 705
1 750
1 795
2 192 714
2 79 443
1 285
1 841
3 172 460 558
2 138 605
3 480 841 977
4 207 291 726 927
2 58 113
2 20 674
1 492
1 530
1 565
2 154 837
1 796
1 953
2 409 857
4 20 610 786 833
4 209 268 382 795
1 251
2 545 896
3 823 826 918
3 59 386 572
3 375 561 725
4 42 264 583 705
3 762 892 883
4 3 56 324 381
1 859
2 476 505
1 480
3 176 189 195
1 279
2 88 801
3 378 496 603
2 960 893
1 390
2 174 968
2 589 836
1 173
2 244 847
1 446
2 680 809
3 470 629 794
2 89 536
1 793
2 409 601
2 193 363
3 199 420 508
3 5 747 763
4 1 219 530 946
1 192
1 977
4 496 514 516 769
3 529 555 933
1 710
3 213 340 807
1 540
3 124 362 777
2 117 383
1 920
1 882
3 291 353 358
2 525 880
4 31 845 919 908
3 696 741 962
3 349 441 734
1 388
1 137
2 94 943
3 277 641 789
3 3 49 62
1 174
2 845 941
2 791 854
1 390
1 706
1 840
1 353
4 181 416 681 778
3 248 561 692
1 718
1 707
2 298 934
4 154 485 693 745
2 960 922
4 143 166 319 338
1 705
2 24 424
2 764 883
3 297 600 628
1 274
1 617
1 300
1 432
2 81 374
2 313 443
2 353 735
3 108 265 627
3 354 841 988
4 224 360 653 883
3 213 388 879
1 167
2 399 904
1 270
2 157 988
1 45
5 144 283 484 682 796
1 827
1 170
2 42 322
1 500
2 17 621
1 58
1 873
1 902
2 115 286
2 149 721
1 382
1 136
1 173
1 729
2 7 892
2 514 650
3 120 731 888
5 90 220 489 732 803
1 11
1 869
1 81
1 957
1 657
1 705
3 709 748 999
2 632 980
2 784 835
2 450 752
1 477
2 448 580
2 74 948
1 388
1 185
4 319 577 854 904
6 21 52 488 531 670 757
3 467 683 884
1 657
1 583
1 774
1 293
3 320 412 569
1 856
4 286 394 584 995
2 718 973
1 678
1 677
3 3 779 970
2 270 504
1 85
2 90 289
6 245 272 446 739 826 871
2 294 587
1 473
3 127 595 952
2 585 602
3 114 784 997
2 242 362
1 477
1 298
1 721
1 221
2 918 924
1 774
2 214 613
1 659
2 130 340
4 164 179 194 306
2 122 766
1 969
1 274
3 254 608 982
2 198 445
1 951
