600
4 582 186 503 530
2 13 213
4 142 433 342 294
2 319 561
1 325
2 93 563
2 240 439
1 55
3 470 337 473
2 320 252
1 329
1 420
2 466 282
3 1 494 497
2 110 572
3 180 321 148
2 450 542
2 81 422
1 243
2 351 128
2 23 111
3 109 386 526
2 395 69
5 20 203 281 68 123
3 250 357 266
2 308 286
2 222 27
3 26 359 530
3 71 400 46
2 572 339
3 381 190 150
1 503
1 158
6 208 366 112 493 555 38
1 500
1 317
1 530
2 193 409
1 33
2 425 126
1 231
1 440
2 439 485
2 424 393
1 394
3 243 317 570
2 28 195
4 482 488 375 364
1 149
2 415 361
2 175 214
2 203 584
3 127 109 349
2 585 562
3 73 96 440
3 7 63 271
1 271
4 302 91 203 74
1 369
3 168 109 425
1 467
2 417 299
2 139 365
1 55
1 93
1 485
2 193 493
2 405 558
3 23 116 522
1 22
1 521
1 28
1 101
4 54 304 588 89
2 57 309
1 91
3 360 378 237
1 213
2 559 354
3 197 325 528
1 311
1 17
1 393
1 541
4 295 323 553 233
2 330 185
1 253
2 308 104
3 539 495 134
1 73
1 349
3 57 75 411
2 251 473
4 5 64 161 550
2 101 102
1 444
2 54 554
1 490
4 128 531 228 509
1 354
1 274
3 72 94 445
3 94 182 365
1 350
1 87
1 191
2 143 289
1 343
1 598
4 21 52 59 515
2 14 315
4 20 444 396 372
3 33 310 178
1 241
2 208 135
1 390
1 68
1 399
3 594 269 371
2 403 424
1 483
2 305 329
2 562 373
2 23 591
1 477
2 549 463
3 39 199 312
3 52 362 169
3 19 98 218
1 242
1 261
1 137
4 256 292 223 426
1 373
1 88
1 114
1 589
4 131 416 367 258
2 379 510
3 62 586 179
1 358
4 409 485 536 242
1 2
5 106 171 358 301 498
1 422
1 255
1 215
2 452 449
2 15 328
4 48 341 465 283
1 30
5 388 552 177 427 583
1 448
1 586
2 463 290
1 478
1 316
1 529
2 32 204
2 278 506
1 360
2 93 553
3 558 579 180
1 358
1 388
1 585
2 423 207
2 492 524
2 59 485
2 127 576
1 211
1 143
3 418 184 544
4 538 400 230 590
2 266 545
1 50
2 194 369
3 151 401 459
1 112
2 139 338
2 15 162
1 439
3 102 546 387
1 263
2 172 265
3 85 448 206
1 0
3 255 571 541
1 577
1 436
3 30 388 503
2 105 357
1 427
3 37 66 443
3 176 280 334
1 46
1 389
1 79
1 541
1 126
2 226 457
1 457
1 386
3 23 51 57
4 158 317 296 467
2 340 293
1 185
1 166
5 33 114 535 524 547
1 548
1 346
2 170 524
1 303
3 1 77 549
3 50 468 424
3 146 521 589
2 320 442
1 374
1 128
1 339
1 437
2 357 423
3 26 254 314
1 132
1 501
1 270
3 200 390 503
2 522 273
1 98
1 416
1 173
2 40 579
2 406 274
1 84
1 551
2 277 354
2 450 451
3 76 462 334
2 239 417
2 238 407
2 6 318
3 113 264 577
5 129 141 307 346 374
2 18 45
1 379
2 417 361
2 515 313
1 300
1 381
1 542
1 24
2 92 482
3 9 457 482
2 86 402
1 222
3 145 187 359
1 132
1 417
1 137
2 546 488
2 428 598
3 130 586 511
1 569
4 183 568 451 382
1 241
1 184
2 24 174
1 445
2 460 490
2 118 436
2 225 444
3 55 56 573
1 345
2 227 513
2 100 232
1 286
2 322 587
1 235
3 159 504 422
1 311
3 194 354 404
2 23 303
3 12 505 491
1 149
1 553
1 539
3 25 275 399
2 572 429
2 562 296
1 106
1 154
1 295
3 132 507 517
1 205
1 2
2 84 291
2 204 288
2 333 583
1 504
1 61
3 247 402 421
2 143 515
2 57 431
2 212 281
2 73 402
2 121 348
1 517
2 242 517
3 25 87 397
1 74
3 112 345 389
3 80 279 422
1 126
3 246 355 525
1 222
1 110
2 156 518
4 35 45 204 572
1 240
3 3 520 453
2 9 216
1 15
4 276 477 334 476
2 84 418
1 379
3 4 79 374
1 465
1 424
2 148 518
5 10 121 490 375 396
1 85
2 536 501
1 481
1 297
4 194 237 322 577
2 500 366
1 456
1 8
1 179
2 29 219
2 205 571
2 149 416
3 2 569 366
2 107 579
1 397
3 272 310 385
3 210 242 384
1 351
2 305 588
2 52 90
2 103 390
4 19 347 375 455
1 544
1 440
5 78 99 235 280 497
1 313
2 455 594
4 24 191 221 396
3 140 143 163
3 27 255 448
2 76 160
3 49 245 441
2 127 395
1 435
1 47
3 62 102 486
4 33 335 342 419
3 137 454 544
1 513
3 58 176 413
1 567
1 118
1 111
2 122 133
3 217 242 325
3 47 329 351
2 475 483
2 408 529
1 76
4 138 244 324 431
1 441
3 30 248 438
1 263
1 549
1 346
1 345
5 21 202 412 574 565
3 182 595 480
3 151 164 190
2 196 310
3 115 226 350
1 572
1 467
2 43 82
2 44 494
2 22 362
4 111 329 357 581
2 308 344
1 512
3 117 286 553
3 28 173 573
2 177 430
3 253 300 304
1 119
1 280
2 67 536
2 232 539
1 239
2 377 527
2 37 141
1 486
1 91
2 386 414
1 369
1 412
2 49 534
4 137 229 341 481
5 61 238 245 257 566
3 172 323 519
1 366
2 11 480
1 300
5 17 144 278 311 464
2 166 221
6 43 119 214 327 580 537
2 39 59
1 132
4 151 192 447 435
2 260 501
1 287
2 401 560
2 302 379
1 562
1 2
1 547
2 363 427
3 189 269 484
2 220 586
1 381
4 6 42 181 527
4 41 54 353 478
3 361 380 539
1 216
1 193
4 95 111 270 487
2 101 267
1 568
1 427
3 152 185 359
1 147
3 16 236 572
2 236 263
2 147 457
1 319
3 367 502 461
3 351 356 543
4 336 596 459 472
4 200 201 252 452
1 517
2 177 456
1 268
1 454
3 237 575 593
3 125 154 521
2 422 582
2 149 326
1 12
4 60 204 392 497
1 214
1 529
1 8
1 533
1 456
3 8 92 514
1 513
3 376 553 496
1 322
2 124 322
2 155 440
1 562
2 387 420
2 332 416
3 47 251 252
3 120 376 512
1 436
4 42 65 141 168
2 365 410
1 444
2 47 259
1 499
3 97 268 329
3 282 499 586
1 167
2 33 66
2 13 394
2 88 497
1 475
4 13 354 467 495
1 143
3 489 491 548
2 34 335
3 224 331 428
3 454 532 526
4 0 31 190 226
2 278 298
1 282
1 159
1 292
2 571 533
2 98 578
1 138
1 261
2 398 483
3 273 368 474
1 473
3 109 246 301
1 586
4 292 306 307 458
3 316 328 556
1 418
1 319
3 70 215 463
2 68 227
1 525
3 167 208 211
2 313 523
4 21 502 549 543
3 408 439 573
1 79
3 157 377 469
3 0 27 36
1 98
2 502 561
2 471 508
1 415
1 208
3 141 331 405
1 424
2 173 557
4 88 285 406 441
2 571 551
3 83 187 198
2 16 249
2 455 526
3 172 352 367
1 174
2 182 259
2 208 434
3 209 499 592
4 125 213 383 526
1 93
2 234 540
1 151
5 84 161 284 399 475
1 96
1 33
1 518
1 538
2 67 162
1 78
1 430
2 3 532
5 53 122 288 432 479
1 5
1 570
1 386
2 417 599
2 370 588
2 263 446
2 262 342
2 45 564
4 187 340 508 540
6 14 29 287 317 391 450
3 271 400 527
1 386
1 462
1 169
3 188 241 334
1 509
4 162 231 343 597
2 424 582
1 396
3 0 464 580
2 151 297
1 51
2 53 165
6 139 153 261 437 491 516
1 276
3 73 348 567
2 136 215
1 173
1 123
1 548
1 462
2 118 356
1 387
1 456
1 579
2 108 260
1 566
