1000
2 88 322
4 830 272 45 302
1 685
4 518 682 865 7
2 554 695
2 372 755
6 953 853 680 453 550 522
3 3 15 507
1 934
3 367 703 853
2 680 765
6 738 980 399 303 892 660
2 956 905
2 583 941
4 687 262 498 466
2 7 933
3 362 313 604
1 703
1 447
4 112 967 455 479
2 62 745
3 134 651 355
1 67
2 527 422
2 501 107
2 714 877
3 60 150 139
2 240 725
2 62 850
1 306
1 210
2 695 524
3 417 940 453
3 173 846 842
1 180
1 896
4 565 97 828 592
4 943 74 701 831
3 194 890 327
2 621 274
1 129
1 691
1 145
2 243 126
1 853
2 1 481
3 428 724 617
3 460 302 299
2 287 72
3 103 560 431
2 879 891
1 570
4 742 368 389 183
3 810 505 488
5 156 357 715 695 534
2 809 439
2 694 577
3 142 939 961
2 810 250
1 403
3 26 888 576
2 667 427
5 20 28 210 569 841
3 796 696 400
3 808 982 478
1 645
2 277 379
2 22 895
4 832 852 189 868
1 901
1 486
1 109
4 48 403 120 106
4 965 128 777 986
3 37 716 606
1 981
1 870
3 326 889 753
5 907 739 926 861 641
2 292 359
1 465
1 304
2 347 878
1 685
1 603
4 882 333 674 964
1 995
1 126
5 0 661 206 136 760
2 470 197
2 257 702
2 725 932
1 310
5 493 362 713 402 552
1 231
1 750
1 549
3 36 516 573
1 533
1 654
2 853 757
1 560
1 948
3 49 139 319
2 670 306
2 898 226
1 72
1 24
1 850
3 71 788 972
3 876 740 659
1 322
3 19 443 159
1 871
2 381 374
2 779 508
1 860
1 421
2 340 425
1 689
4 72 348 981 628
1 779
4 566 647 881 924
5 512 878 913 182 216
2 209 485
4 316 664 598 589
4 43 87 982 207
1 373
1 73
3 40 972 811
1 971
1 966
3 420 389 349
2 200 931
2 21 301
2 335 144
1 88
3 813 205 241
2 609 488
3 26 103 895
1 573
2 536 147
1 57
2 686 231
5 135 741 679 356 580
2 42 410
2 181 414
1 141
1 434
2 809 364
1 26
1 686
2 794 729
3 565 228 822
3 968 527 969
2 773 201
2 54 665
1 515
1 860
4 112 193 597 689
1 581
1 300
2 506 315
3 818 412 902
1 704
2 950 856
2 883 265
2 751 834
1 650
1 778
1 519
2 921 473
1 554
2 33 368
3 185 184 340
1 265
2 707 341
4 623 642 947 409
2 383 972
5 515 674 663 518 271
2 34 650
2 146 293
1 123
1 52
1 174
4 174 309 840 450
1 634
1 629
3 626 823 709
3 68 874 787
3 786 608 544
2 442 699
1 263
3 159 747 219
2 38 392
1 496
2 351 704
2 89 510
2 948 253
1 742
2 133 740
5 155 562 625 305 808
2 247 309
2 695 238
2 735 618
1 137
2 88 846
1 126
1 254
4 124 309 211 634
4 30 62 680 900
1 209
1 228
5 437 360 581 523 448
1 853
3 275 625 289
1 123
4 647 314 957 330
3 847 791 499
1 193
2 539 431
2 608 896
2 796 784
2 492 537
3 997 296 558
2 286 249
1 105
2 930 629
2 153 212
2 311 235
1 301
3 94 143 680
4 342 332 942 988
3 694 308 859
2 914 718
4 229 991 799 240
1 642
2 239 502
2 203 678
2 237 283
2 27 235
2 137 538
3 525 763 515
2 43 908
3 700 977 563
1 980
1 774
1 202
4 411 677 579 341
5 225 369 471 994 266
3 58 860 542
3 610 354 949
1 518
1 198
2 208 550
1 940
1 864
4 90 963 469 632
2 851 436
1 712
1 940
2 823 351
2 14 451
3 192 926 867
2 321 457
3 166 175 399
1 249
1 540
1 942
1 573
2 559 974
1 179
2 1 982
1 864
2 39 871
1 215
3 447 492 600
2 66 508
1 403
2 953 700
1 974
1 918
2 427 640
1 239
3 287 341 802
2 630 693
2 225 893
3 48 284 897
3 826 383 447
1 215
1 986
1 755
5 79 768 304 449 543
2 181 434
2 827 406
1 601
2 224 531
4 669 872 863 371
2 384 837
2 47 911
3 161 885 662
2 134 230
4 1 47 527 332
2 11 971
4 81 292 483 915
1 201
3 29 104 780
1 893
2 233 637
5 185 202 209 862 593
3 92 761 944
1 229
1 885
1 16
2 217 866
1 162
1 125
2 593 343
1 625
3 103 350 500
4 367 835 454 445
2 264 424
2 0 111
1 662
1 696
2 864 851
1 77
2 38 362
1 606
2 378 860
2 217 410
1 611
2 232 302
1 85
3 766 521 798
1 135
1 691
2 505 912
1 606
1 472
2 118 174
6 176 248 284 696 363 798
2 232 595
1 317
3 670 941 571
1 827
1 638
2 82 720
3 120 448 671
1 132
3 319 595 394
3 196 261 711
1 865
3 987 733 871
5 251 567 549 681 928
3 21 779 480
3 144 962 756
2 54 712
1 852
1 79
1 213
3 927 920 633
5 16 93 327 395 504
2 341 970
1 149
2 677 601
2 610 804
3 9 320 759
4 52 173 830 673
4 249 610 657 528
1 892
2 297 516
5 5 732 561 770 489
2 127 816
1 114
1 449
1 928
1 969
4 329 965 468 551
2 66 769
2 485 458
2 114 530
1 765
2 178 288
2 298 761
1 444
1 468
2 946 629
1 925
3 52 132 722
1 947
1 900
1 194
1 730
3 350 817 993
1 362
1 576
1 984
1 409
5 11 265 748 502 635
1 63
1 536
1 93
3 59 72 278
1 853
1 485
1 294
1 563
1 966
2 177 398
2 145 330
3 248 776 731
2 163 529
1 722
3 146 948 737
1 895
1 667
1 32
1 832
2 710 869
2 132 789
2 117 459
1 23
2 710 465
1 321
1 118
2 866 459
3 61 282 491
2 46 995
2 554 939
1 828
2 49 220
1 454
1 669
2 148 293
2 808 517
6 258 676 878 793 819 824
2 213 648
1 775
1 55
1 923
1 756
1 191
1 112
3 385 569 649
2 320 588
2 606 780
4 18 276 288 854
2 213 348
2 292 375
1 185
1 262
2 621 921
2 6 32
2 320 432
2 19 665
2 725 997
2 264 732
1 380
2 421 426
2 47 590
1 927
2 718 978
1 803
1 692
3 80 423 960
1 14
1 653
2 378 386
2 257 815
2 89 776
3 249 606 740
2 339 881
1 171
1 484
2 983 906
1 771
1 685
1 64
1 19
2 355 557
5 45 671 925 501 506
2 838 870
2 304 708
3 474 680 955
3 124 380 405
3 70 938 572
2 951 778
3 53 138 805
1 372
1 678
4 427 496 553 644
3 223 276 913
1 93
1 517
1 674
3 195 491 923
1 788
2 14 659
1 218
1 319
2 24 481
2 237 399
2 634 868
2 362 624
3 53 337 989
2 162 481
1 7
4 115 277 786 899
2 623 729
1 197
1 893
3 123 594 743
1 851
2 821 689
3 157 179 242
3 97 371 953
2 435 494
3 3 179 252
2 170 857
4 848 677 607 721
1 334
1 6
3 213 735 783
1 31
2 242 827
2 803 556
3 23 154 302
1 369
2 412 826
3 381 962 579
1 296
1 741
2 98 825
1 54
1 825
3 141 401 876
1 223
1 241
2 220 758
2 267 789
1 981
1 250
1 292
2 190 692
1 924
1 765
1 850
2 629 666
2 96 354
2 6 254
1 378
2 93 736
3 491 677 744
3 4 172 429
2 765 668
1 526
1 480
1 224
1 270
2 49 101
2 372 568
1 201
2 244 407
1 786
4 36 153 630 748
2 122 903
4 354 959 656 752
1 561
2 62 444
3 51 696 746
1 344
3 486 645 870
3 97 140 269
1 905
1 726
2 60 396
1 56
2 712 954
3 248 530 922
2 144 611
2 160 213
1 959
1 13
1 670
1 940
2 862 856
1 617
1 445
1 125
1 460
2 960 605
1 36
3 309 317 914
1 512
3 342 350 979
1 893
1 159
1 125
1 830
1 276
3 295 365 715
1 960
3 84 684 675
1 16
1 591
6 74 328 338 446 471 898
1 520
2 190 221
1 138
3 251 366 369
2 331 580
2 806 795
1 717
2 772 909
1 951
2 975 814
2 46 587
1 204
2 894 640
2 749 976
2 39 452
1 960
3 177 509 801
2 504 985
4 201 215 318 952
1 188
1 816
1 120
5 187 227 387 548 922
2 285 565
1 943
1 257
1 361
3 186 209 503
1 399
2 767 715
1 308
2 346 969
1 913
2 282 619
1 78
4 177 236 669 792
1 833
1 491
3 65 572 991
2 898 918
3 122 217 780
1 437
1 444
3 168 180 786
1 21
1 715
2 467 902
2 99 989
1 665
1 567
2 369 710
1 667
2 110 498
2 11 935
1 88
3 300 323 762
1 179
2 125 900
4 156 455 655 839
1 548
3 61 416 658
1 555
5 297 433 642 923 713
4 104 344 584 833
3 348 481 698
1 922
1 368
3 85 179 495
2 603 750
1 436
4 248 365 520 553
2 238 490
2 144 803
5 6 10 210 231 484
1 354
1 3
1 885
1 603
5 2 83 477 980 936
2 143 151
1 14
1 906
3 119 159 514
1 947
3 41 336 851
3 464 544 723
1 285
2 56 233
4 4 31 54 203
6 63 324 341 570 717 774
1 830
1 671
2 191 928
2 244 279
2 37 827
1 90
2 9 17
2 164 196
1 941
1 987
1 176
1 483
1 188
4 419 423 657 910
3 351 759 719
3 259 357 578
2 93 669
1 25
4 54 601 636 652
2 74 798
2 613 696
2 234 462
1 711
1 347
3 520 998 754
2 389 413
1 692
2 46 992
3 27 91 456
2 575 925
1 990
1 901
2 152 509
2 393 794
1 411
3 372 457 868
2 353 886
2 794 790
2 204 523
1 552
1 414
1 11
1 78
4 110 200 471 818
3 144 532 919
2 52 199
1 512
1 553
1 20
1 570
2 193 825
2 399 565
2 620 761
3 95 675 963
1 167
1 567
2 77 929
1 721
2 5 291
2 356 441
1 100
1 539
2 367 711
1 88
4 310 384 749 966
1 662
1 242
1 830
4 10 382 546 555
2 334 871
2 636 843
1 292
1 379
1 372
2 476 896
2 614 801
1 155
2 246 696
2 438 965
2 411 470
1 73
3 169 487 814
4 115 121 355 974
4 306 446 647 807
1 966
1 830
2 523 887
1 222
1 855
5 190 508 564 650 788
1 189
3 109 497 786
2 420 540
1 734
1 218
1 642
1 436
3 152 730 734
1 612
2 63 222
2 966 813
4 334 341 716 990
1 235
2 821 945
2 623 772
1 284
4 463 526 679 901
1 366
1 488
2 612 904
1 780
3 64 201 435
4 55 149 968 965
2 53 58
1 129
1 840
2 137 797
3 616 778 994
2 469 892
3 373 627 879
1 394
2 163 740
2 436 834
1 941
3 514 800 920
1 153
2 188 261
1 436
4 533 535 747 889
2 288 529
4 294 345 525 701
2 36 430
1 916
6 1 368 599 697 764 782
1 37
2 68 418
2 643 670
2 167 819
1 320
1 958
1 298
1 482
1 665
3 185 812 934
1 62
1 33
1 767
1 934
1 963
2 33 206
2 218 941
1 520
1 940
3 28 108 547
4 258 325 513 691
3 68 358 996
7 6 9 44 100 214 404 938
1 447
2 785 982
3 165 586 960
2 519 977
2 876 983
2 233 913
4 116 158 250 329
1 78
2 309 586
1 297
3 256 273 325
2 3 352
2 314 426
1 263
5 68 503 732 877 956
1 419
3 76 482 572
4 113 274 353 766
2 297 915
1 901
1 189
1 956
3 110 536 858
2 25 868
3 82 123 436
3 50 816 896
2 989 884
2 122 472
1 85
1 166
1 880
4 300 312 683 994
1 733
1 783
1 60
2 77 825
1 38
1 50
4 11 370 815 958
4 286 307 511 596
1 619
3 67 139 415
4 35 221 771 879
1 287
4 105 606 646 904
1 508
3 210 391 664
4 69 728 803 873
2 163 653
1 566
2 806 898
2 12 574
3 475 688 984
2 78 959
1 243
1 614
1 710
1 299
1 337
4 123 492 639 859
2 234 593
2 304 872
2 829 990
1 969
2 281 646
1 741
2 361 821
2 171 452
3 579 629 672
3 440 496 669
2 122 545
3 388 481 726
2 78 263
2 361 461
3 354 376 699
1 753
1 227
1 133
1 91
1 15
3 8 840 844
1 660
1 685
1 970
2 486 853
2 57 429
5 32 255 260 585 849
5 13 344 705 820 847
2 232 268
2 37 631
2 310 951
1 800
1 387
3 177 390 690
4 102 198 414 972
1 251
1 165
3 487 615 944
1 625
3 6 279 516
1 578
1 484
3 12 868 875
1 217
2 836 892
3 567 582 907
5 465 591 602 622 856
1 57
3 356 530 999
3 257 750 845
1 85
4 73 378 775 809
5 131 408 761 781 797
1 19
2 154 809
4 154 377 638 917
2 363 937
2 130 303
4 109 129 178 948
1 983
3 270 280 779
1 616
1 620
2 244 857
1 462
1 595
3 11 245 685
3 75 120 541
4 64 126 272 855
3 475 858 973
2 397 906
1 624
2 73 290
2 353 706
1 232
3 505 654 880
4 727 798 916 992
2 235 645
2 724 990
1 394
3 249 814 885
2 86 428
1 852
2 224 456
1 721
1 962
