200
3 40 75 142
2 192 109
3 127 117 124
1 122
1 60
3 78 63 61
6 93 176 49 179 65 174
5 19 26 167 91 120
2 39 42
4 39 181 109 114
1 109
1 176
2 182 129
1 140
1 45
3 55 89 17
1 98
3 15 87 24
1 165
1 7
3 72 44 81
2 113 173
1 181
2 193 53
5 104 17 74 151 36
2 101 105
1 7
2 100 107
1 89
1 62
2 145 129
2 193 173
4 119 185 66 147
3 108 88 54
3 185 93 35
3 34 166 184
2 24 158
1 61
2 133 86
4 8 9 185 52
1 0
1 110
2 8 58
2 130 194
5 20 173 68 83 177
3 106 14 170
1 47
2 46 146
2 176 59
3 6 132 168
1 56
1 178
1 39
2 23 60
1 33
1 15
2 50 186
2 195 186
1 42
2 103 48
2 4 53
2 5 37
3 123 29 125
1 5
1 94
1 6
2 32 153
2 117 69
2 126 44
2 67 190
2 138 92
1 87
3 97 20 122
2 121 143
3 24 154 85
2 0 78
3 111 133 146
1 119
4 5 162 75 81
4 110 129 154 191
2 116 83
2 20 78
1 105
3 44 80 188
2 163 166
1 74
2 105 38
2 17 71
2 33 168
2 15 28
3 160 183 185
2 7 198
1 70
2 6 34
2 134 64
2 156 181
2 162 115
1 72
2 165 16
4 129 112 118 180
2 154 27
2 25 178
1 167
1 59
1 24
4 82 86 25 117
2 45 146
1 27
1 33
4 1 9 10 144
2 79 41
2 76 140
1 99
1 21
1 9
1 96
2 80 171
5 2 105 172 67 197
1 99
2 32 77
1 7
1 73
3 3 72 187
3 62 181 148
3 2 128 136
2 137 62
1 68
2 2 164
1 124
4 99 12 30 79
1 43
2 145 167
1 49
3 38 76 157
2 94 155
1 155
1 124
2 125 149
3 164 150 70
1 193
2 13 111
1 177
1 0
4 188 160 73 195
2 109 194
3 30 131 155
3 106 47 76
1 32
1 123
2 137 199
1 138
1 24
1 175
1 66
4 100 74 156 79
3 135 134 145
2 95 154
1 133
1 36
1 186
3 143 90 189
2 185 196
2 96 78
1 84
3 127 138 165
3 98 18 164
2 35 84
3 102 7 131
2 49 88
1 171
1 45
3 116 169 197
1 117
4 21 31 44 175
1 6
2 152 173
3 6 11 48
2 44 141
2 101 51
1 6
1 99
4 95 9 22 123
1 12
1 90
1 35
5 32 34 39 161 90
3 56 57 159
1 122
2 143 83
1 160
1 69
1 79
1 1
3 23 31 139
2 43 144
2 143 57
1 161
2 117 171
1 91
1 149
