100
3 86 24 14
4 93 51 68 24
3 49 34 92
2 5 58
1 81
3 3 83 85
2 84 61
2 74 89
1 22
1 89
2 53 92
1 37
1 87
4 55 35 69 78
3 0 52 77
1 91
2 20 99
2 37 25
1 64
2 29 93
1 16
2 64 77
4 8 47 87 90
3 71 79 30
3 0 1 67
1 17
1 32
1 51
1 73
4 54 19 30 97
3 23 29 98
1 94
2 55 26
3 63 68 72
2 2 94
2 13 67
1 70
3 11 59 17
1 95
3 62 83 94
2 50 98
1 84
1 49
1 88
2 73 60
1 50
1 63
1 22
1 95
2 2 42
2 40 45
2 1 27
1 14
1 10
1 29
2 32 13
1 93
1 81
1 3
3 37 73 91
1 44
1 6
2 81 39
2 46 33
2 21 18
1 88
1 98
2 35 24
3 1 33 70
1 13
2 68 36
1 23
2 99 33
4 44 59 93 28
1 7
1 95
1 97
2 14 21
2 13 82
3 23 95 84
1 91
3 4 57 62
1 78
3 5 39 87
3 41 6 79
1 5
1 0
3 12 22 83
3 43 65 96
3 7 9 92
1 22
3 15 59 80
3 2 10 89
4 1 56 19 73
4 31 34 39 98
4 48 75 79 38
2 88 97
3 76 29 96
4 40 66 30 94
2 16 72
