1000
1 344
1 246
1 595
3 334 113 598
3 858 250 427
2 853 326
2 917 942
2 202 772
2 34 799
1 700
1 422
1 652
3 425 779 916
1 382
5 157 746 993 465 574
1 109
1 502
2 572 650
5 41 151 745 890 573
2 964 190
1 32
1 685
1 478
1 134
2 185 750
2 232 945
2 886 234
1 740
2 403 856
1 199
3 681 135 245
4 73 885 834 764
5 20 380 649 692 474
1 941
2 8 551
5 388 382 682 38 146
2 869 590
2 684 940
2 35 908
1 987
1 587
3 18 954 342
1 904
1 111
1 711
2 526 152
1 484
1 729
2 452 823
2 927 964
1 55
2 497 743
3 752 560 932
1 62
3 639 870 160
3 50 564 60
1 212
2 438 504
1 987
2 467 808
1 55
2 832 346
2 53 535
2 217 456
2 673 83
3 821 884 764
1 218
3 296 910 336
3 693 108 235
1 638
2 908 840
2 368 170
1 934
2 31 344
4 248 672 137 751
3 504 612 537
2 251 861
1 389
3 900 980 139
2 446 774
1 399
2 281 910
2 449 115
3 64 148 145
1 798
1 100
1 435
3 249 625 401
2 790 603
2 484 469
3 398 531 808
2 937 641
2 256 628
1 95
1 638
3 93 523 407
4 445 109 807 575
2 660 825
3 794 875 475
1 597
3 85 565 645
1 954
1 685
2 711 548
2 576 909
1 449
1 882
3 880 440 432
3 68 111 360
4 15 96 934 277
3 955 600 257
3 43 108 471
1 709
3 3 375 476
2 509 905
1 82
3 214 755 852
1 751
1 511
3 235 448 371
3 359 657 554
2 545 668
2 910 210
3 125 909 659
2 662 589
5 123 439 830 710 505
1 846
2 686 236
2 147 353
2 619 765
1 615
2 786 526
1 763
2 726 357
3 23 325 624
1 30
1 774
2 74 195
1 418
1 78
1 592
2 508 910
1 463
2 916 414
1 235
3 83 200 489
1 35
3 128 587 457
3 83 591 406
1 382
2 843 867
3 18 417 442
3 45 466 928
2 578 657
3 730 470 979
3 261 228 665
1 554
4 14 224 162 947
1 754
2 372 320
3 54 615 384
3 300 420 607
4 157 358 805 797
2 763 254
3 361 296 951
1 617
3 302 367 950
1 197
3 255 736 731
1 531
1 71
1 618
1 869
1 706
1 228
1 263
1 717
1 396
1 201
3 602 318 734
5 653 385 777 816 968
3 238 469 376
2 418 408
1 389
1 652
1 24
1 641
1 817
1 533
1 374
2 19 791
1 833
3 314 800 629
1 915
1 428
2 137 967
3 711 729 662
2 167 465
2 352 984
3 29 339 698
4 145 791 312 792
5 178 219 856 883 349
1 7
2 544 363
2 515 918
1 286
2 944 653
2 776 552
1 214
1 680
1 122
2 682 811
2 56 620
2 322 634
3 116 208 323
2 357 806
2 268 249
2 63 271
3 66 817 899
1 201
1 470
2 917 270
2 872 851
2 565 482
2 157 582
3 294 631 246
3 278 341 784
1 397
3 155 174 515
5 902 866 291 588 307
1 634
3 636 752 738
1 25
1 546
3 26 404 768
4 68 119 144 865
1 127
2 747 873
3 181 396 547
2 397 691
1 284
1 817
3 795 907 402
1 967
1 678
1 30
4 1 225 264 406
2 759 868
2 74 990
3 87 216 436
2 4 975
2 76 447
1 506
2 985 573
2 163 703
2 168 499
2 92 505
2 110 997
1 641
1 936
3 837 446 566
3 155 519 787
1 659
4 175 586 766 619
1 246
1 439
1 309
2 782 435
2 216 388
2 553 360
2 221 479
2 217 969
2 559 506
1 692
2 315 314
3 926 457 810
2 992 694
3 109 352 893
2 226 795
2 677 581
1 948
2 81 812
1 639
1 608
3 240 930 940
2 802 504
3 205 290 552
1 648
1 519
2 848 750
2 286 710
2 229 850
2 918 857
1 765
2 225 974
2 869 896
6 67 164 629 463 320 577
2 333 892
3 339 610 692
1 353
2 161 938
3 334 744 785
2 166 547
2 548 878
1 612
1 357
1 774
1 229
2 820 701
2 266 835
2 397 626
2 955 728
1 200
5 650 723 714 369 818
3 192 274 607
1 274
2 422 999
2 444 885
2 179 383
1 719
2 159 296
1 756
2 213 909
2 214 440
1 454
1 134
1 5
3 865 799 868
2 915 364
1 520
2 938 685
1 393
2 770 396
3 297 969 771
3 3 301 402
1 987
1 67
2 607 469
1 747
3 199 298 839
1 488
1 226
1 41
1 704
4 0 73 618 866
1 683
1 61
1 490
1 974
1 201
2 676 903
3 441 926 663
4 198 277 375 732
3 128 299 830
1 421
3 977 545 652
1 944
3 133 215 305
4 162 500 562 632
1 120
2 108 269
1 164
1 427
3 203 557 605
2 328 985
3 724 400 847
1 924
2 166 973
3 71 917 818
2 313 621
1 530
2 119 678
2 159 961
2 644 528
2 189 422
4 113 352 885 861
2 181 920
2 735 733
2 970 596
3 385 468 529
3 32 988 392
1 389
4 13 35 149 982
1 318
1 160
3 180 379 797
1 591
1 801
2 35 268
4 77 183 381 466
1 903
1 884
1 380
2 331 767
1 730
1 400
5 177 238 332 464 739
3 227 239 310
2 90 643
3 80 996 611
2 365 395
1 87
2 242 334
1 28
2 234 804
2 508 669
4 148 246 533 733
2 95 881
1 182
3 826 708 465
2 706 418
1 601
1 470
1 638
1 143
2 560 504
1 849
1 151
4 138 182 410 602
1 988
3 161 778 941
2 354 527
4 10 316 374 938
1 522
2 667 844
2 12 654
5 503 857 516 782 532
2 4 362
2 194 654
2 601 870
1 813
2 539 537
1 107
1 472
1 617
3 86 267 556
3 249 572 760
1 705
1 57
3 125 265 656
4 107 323 914 763
1 351
1 151
1 449
3 317 584 674
2 96 943
4 79 260 889 476
1 251
1 119
4 82 105 443 834
1 612
2 521 629
3 48 719 958
1 975
3 324 822 940
1 509
2 63 460
2 147 275
2 548 495
1 709
1 456
2 492 793
1 712
3 142 296 805
1 396
3 14 197 409
3 152 389 895
1 59
2 379 520
4 89 181 337 613
3 154 220 412
1 111
2 433 775
3 869 498 559
1 32
2 98 617
4 113 446 641 722
1 635
2 22 560
1 270
1 719
1 844
2 223 857
2 933 832
2 46 89
1 852
1 656
1 772
2 340 583
1 145
3 347 664 927
2 854 797
1 461
1 961
1 807
1 458
1 684
2 51 633
1 473
1 255
2 358 890
2 580 987
3 16 731 931
3 426 899 764
4 57 75 285 415
3 125 256 727
2 252 272
2 648 704
2 141 405
3 114 455 936
1 673
2 118 529
2 513 791
1 512
1 888
2 204 228
3 426 638 757
1 885
1 587
4 261 288 775 741
3 329 468 983
3 451 658 994
3 423 994 737
3 95 579 626
1 976
1 681
3 45 131 716
2 421 957
2 373 663
3 379 511 783
3 370 659 619
2 90 169
1 426
2 188 406
4 789 685 838 929
3 62 563 642
1 810
2 75 431
1 626
1 431
1 672
1 841
2 827 625
1 993
1 203
2 121 355
2 233 871
4 238 302 930 980
3 103 303 458
3 693 924 879
1 596
2 34 853
3 207 286 832
1 269
3 120 156 872
1 597
1 435
2 363 828
2 913 863
2 272 473
3 52 415 478
1 670
2 358 712
4 535 735 856 956
2 55 688
2 100 223
1 260
1 595
1 940
1 881
2 597 804
2 891 919
3 17 436 829
3 18 253 740
1 14
2 96 922
1 104
2 296 936
1 153
2 523 587
2 501 940
3 279 616 780
1 224
4 488 846 777 995
1 444
1 924
2 263 945
4 40 147 518 579
1 229
2 124 991
4 36 806 643 719
2 148 386
2 140 698
1 931
1 673
3 2 567 678
3 378 550 914
4 99 555 570 753
1 3
2 857 767
4 110 688 881 661
2 411 429
2 179 418
2 88 839
1 949
2 363 679
1 848
5 161 314 337 756 707
2 283 724
1 928
2 298 824
3 399 781 815
4 75 304 450 651
1 469
1 955
2 130 160
2 581 685
3 165 434 475
2 171 344
3 129 263 530
3 212 873 872
4 369 769 912 699
2 728 898
3 717 948 989
3 134 892 996
5 87 542 630 986 814
3 310 523 538
1 916
1 92
3 192 296 451
1 625
1 225
1 358
1 497
2 213 230
2 477 994
1 231
1 689
4 69 94 413 516
4 54 282 805 697
2 819 873
5 91 186 258 476 671
1 535
3 398 590 754
2 373 715
1 100
1 694
1 669
2 287 507
3 32 701 753
4 17 313 797 735
1 612
3 11 184 355
3 180 206 686
2 425 428
1 661
4 439 486 742 773
2 120 153
2 521 721
4 123 262 530 666
1 97
2 600 655
2 124 196
2 351 528
1 490
1 155
1 659
3 424 957 836
2 121 758
2 405 647
3 561 895 919
1 641
2 74 540
3 64 510 594
2 444 953
1 759
3 350 796 926
1 279
3 244 371 595
3 605 724 761
3 209 801 897
3 30 525 901
3 35 211 901
2 345 880
2 37 496
6 21 102 330 534 616 925
5 127 653 718 752 803
1 739
3 564 600 871
2 637 765
1 920
1 239
3 32 273 298
2 68 549
2 276 646
2 857 713
1 830
1 639
2 199 592
1 621
4 9 705 948 979
2 308 649
1 828
2 254 720
3 343 507 952
3 437 700 833
3 173 410 938
1 607
2 409 966
3 112 459 899
2 125 290
7 44 103 196 977 793 778 978
2 462 562
1 695
1 313
1 644
2 526 862
3 176 623 841
1 686
4 319 452 480 590
1 703
1 658
2 476 877
2 313 894
3 365 608 679
1 737
2 133 876
2 505 981
2 311 622
2 47 196
2 154 394
4 168 502 938 837
1 352
2 377 406
1 179
3 377 563 650
2 168 835
2 522 725
1 231
2 396 687
2 27 573
1 519
1 656
2 51 759
1 301
1 18
1 14
3 237 338 959
1 916
1 981
3 24 289 944
2 74 117
3 52 231 686
3 597 649 867
3 158 643 769
1 116
2 321 607
1 516
1 668
3 247 675 743
1 436
1 679
1 767
3 132 163 440
3 31 65 503
3 129 293 689
1 263
3 393 599 762
1 234
2 621 754
1 332
1 333
4 7 487 793 849
1 656
3 79 136 306
2 472 519
1 207
2 180 583
2 420 711
2 12 935
1 581
1 611
2 267 426
1 529
1 226
1 301
1 131
3 261 860 960
1 810
1 534
1 88
3 190 200 512
1 200
3 461 711 772
1 98
2 242 278
1 676
4 162 385 491 650
2 84 992
4 8 327 847 913
1 192
3 387 680 990
1 285
1 686
3 404 570 998
4 162 463 639 935
2 215 590
2 96 494
2 59 90
1 830
4 275 536 788 882
1 211
1 281
2 430 937
2 625 887
3 611 962 985
1 180
3 187 218 241
2 313 368
1 640
1 308
1 65
1 454
1 48
1 610
2 97 995
1 409
1 542
3 557 702 851
2 572 895
4 125 353 696 809
2 857 949
4 61 483 552 921
2 191 705
3 31 449 952
2 309 736
1 667
2 260 731
1 534
3 339 603 904
1 70
6 541 717 975 874 864 859
1 843
2 150 842
2 424 481
1 961
3 126 583 989
2 365 799
3 289 606 946
2 416 772
1 291
4 222 828 928 906
2 116 485
2 5 551
1 491
1 908
3 28 201 563
6 292 426 482 599 695 831
1 4
1 841
1 787
2 76 375
1 716
1 558
1 841
3 235 327 904
2 229 344
2 150 753
2 247 327
5 36 172 295 473 976
2 54 429
3 546 688 963
3 222 554 620
3 237 620 640
2 841 965
2 98 898
1 726
1 722
1 303
1 549
2 107 683
3 407 569 600
2 106 810
1 201
2 65 391
4 31 317 375 517
1 26
1 814
2 514 931
1 446
2 18 500
1 571
2 297 624
1 277
1 723
3 466 670 829
1 295
1 680
2 622 875
3 218 503 709
1 78
2 681 682
1 229
3 350 390 957
3 42 839 865
1 114
1 851
1 242
3 38 70 855
3 104 123 322
4 67 81 122 141
3 978 914 923
1 621
2 558 799
3 440 596 911
2 193 328
4 12 143 627 748
3 6 221 368
2 204 292
2 571 670
2 376 690
1 832
1 575
1 911
3 366 549 585
1 685
4 275 351 676 941
2 49 490
3 152 609 851
1 534
2 284 547
3 502 593 888
1 52
1 483
2 72 109
2 779 805
3 259 509 577
2 91 813
5 300 330 422 706 731
1 995
5 37 284 454 568 580
3 33 420 926
1 6
1 445
4 206 356 750 990
2 25 586
1 848
1 157
3 280 623 700
2 604 831
1 166
1 164
3 704 834 971
1 674
2 41 101
3 110 311 614
1 563
3 527 667 903
1 452
1 747
1 787
3 372 493 845
1 815
1 871
2 19 49
1 874
1 708
2 195 243
1 180
2 271 333
1 378
2 952 972
1 971
1 367
2 294 348
3 250 453 841
2 524 869
2 355 711
2 711 911
2 154 700
2 78 547
2 727 749
1 382
1 520
1 198
4 253 364 815 992
1 625
4 39 58 335 501
2 380 419
2 623 846
3 248 801 944
1 589
3 276 798 985
2 14 543
3 521 522 635
3 583 825 939
2 399 624
1 257
1 804
1 316
