100
1 43
1 62
1 53
1 94
1 72
1 50
1 74
2 50 49
2 56 72
3 87 45 44
3 23 77 85
2 55 65
2 59 63
1 80
3 61 28 42
2 80 24
2 76 75
1 49
1 62
1 40
1 30
3 63 72 74
1 23
3 10 22 33
2 15 69
3 58 84 47
1 30
1 91
2 14 93
2 56 86
3 61 20 26
2 43 99
1 78
2 23 45
2 68 93
2 61 49
1 67
1 66
3 64 46 91
3 55 62 96
2 19 43
2 60 95
3 14 81 94
4 0 31 40 93
1 9
4 9 80 33 89
1 38
1 25
2 56 52
3 7 17 35
2 5 7
1 85
1 48
3 2 75 92
1 64
2 39 11
3 29 48 8
1 60
1 25
2 98 12
3 57 89 41
5 78 71 14 30 35
3 1 39 18
2 12 21
2 54 38
2 11 79
3 83 37 91
2 87 36
1 34
2 24 73
1 93
1 61
7 4 8 21 96 82 81 97
1 69
2 6 21
4 16 53 93 84
1 16
1 10
2 61 32
1 65
3 13 15 45
2 72 42
1 72
1 66
2 75 25
2 10 51
1 29
2 9 67
3 97 89 90
3 60 88 45
1 88
4 66 27 38 94
1 53
5 70 75 28 34 43
3 3 91 42
1 41
2 72 39
2 72 88
1 59
1 31
