200
1 4
2 60 26
2 130 31
2 82 147
3 0 88 158
3 106 38 196
2 26 123
2 92 114
1 21
2 23 132
1 193
2 116 198
4 23 49 174 160
3 169 20 37
1 112
1 174
1 136
3 77 43 45
1 141
2 63 134
4 13 68 185 31
4 103 8 120 155
1 191
5 113 9 12 57 186
3 101 141 148
1 73
4 1 6 64 199
2 169 91
2 72 67
2 115 175
2 175 138
3 2 20 34
2 97 49
2 89 136
1 31
1 170
3 80 98 48
1 13
4 111 5 195 42
1 174
2 46 197
1 126
2 38 89
4 17 131 167 147
1 68
1 17
1 40
2 88 197
3 121 36 142
4 12 127 32 69
2 108 87
2 124 195
3 69 59 172
1 80
2 105 72
1 150
2 124 153
3 125 23 188
4 114 74 80 179
2 128 52
3 1 157 182
1 110
1 88
1 19
1 26
1 71
3 168 196 163
1 28
3 20 44 186
2 49 52
1 194
2 120 65
4 28 137 54 79
2 25 193
2 58 86
1 193
1 134
1 17
3 119 178 183
1 72
5 36 53 58 177 99
1 130
1 3
1 168
1 134
2 157 93
1 74
2 140 50
4 4 47 62 176
2 33 42
2 134 139
1 27
1 7
1 85
1 118
1 121
2 126 183
1 32
4 36 154 181 194
2 80 185
1 120
1 24
1 151
1 21
1 166
3 170 54 133
1 5
1 189
4 137 197 190 50
1 131
4 117 144 152 61
1 38
2 182 14
1 23
4 7 195 58 193
1 29
1 11
1 110
2 154 94
2 78 147
5 182 21 100 71 147
2 48 95
2 161 141
1 6
4 56 51 184 144
1 57
2 96 41
2 49 149
2 59 151
1 150
2 2 81
4 109 43 180 145
1 9
1 105
4 19 84 90 76
1 168
2 16 33
2 108 72
1 30
2 195 90
4 87 175 183 148
4 18 122 24 162
1 48
1 158
2 110 124
1 131
1 190
5 3 119 120 43 191
2 24 140
1 127
3 129 188 55
2 102 128
1 110
3 56 192 198
2 118 98
1 21
1 157
4 156 60 85 159
2 4 143
1 157
1 12
1 122
2 141 165
1 66
1 173
1 162
2 104 196
1 43
4 135 66 178 83
2 13 27
2 105 35
1 187
1 52
2 164 188
3 12 15 39
3 29 30 140
1 88
1 80
2 168 78
1 58
1 131
1 98
3 112 120 60
4 140 78 96 189
1 124
2 20 99
2 23 68
2 171 193
3 150 57 173
2 107 183
2 108 146
2 22 147
1 153
5 114 10 73 75 187
2 70 98
4 114 38 139 51
3 5 66 166
3 108 40 47
2 11 153
1 26
