200
1 49
2 32 180
1 32
1 164
2 142 170
7 128 59 45 174 44 33 118
3 101 86 145
3 68 48 127
2 174 137
6 181 123 192 149 126 19
2 87 30
4 24 31 78 89
1 185
5 99 54 184 15 85
2 130 17
3 13 143 27
4 129 140 148 51
4 14 180 131 56
1 152
1 9
2 46 65
2 97 180
2 37 24
1 169
2 11 22
2 172 156
2 133 135
1 15
1 139
2 114 90
2 10 164
3 11 59 177
5 1 2 115 84 195
1 5
3 161 37 160
1 135
1 116
4 111 22 34 49
3 159 107 88
1 128
1 141
3 129 103 70
2 198 81
1 171
1 5
4 5 67 83 183
4 20 55 78 62
2 102 165
3 7 58 155
2 0 37
1 123
1 16
1 192
1 96
2 13 148
2 46 153
3 17 167 77
2 116 130
3 152 48 163
4 5 31 100 79
1 66
1 137
1 46
2 96 72
1 92
2 20 76
2 150 60
1 45
3 117 7 91
1 199
2 141 41
1 102
1 63
1 154
1 100
1 90
2 65 168
1 56
3 11 142 46
2 59 188
1 151
1 42
1 141
2 151 45
1 32
1 13
2 6 125
1 10
2 147 38
3 11 133 176
3 29 146 75
1 68
2 143 64
1 100
1 189
2 128 156
3 124 53 63
1 21
1 149
3 115 13 196
3 59 74 93
1 6
3 153 47 71
4 41 161 182 109
3 144 174 190
2 136 107
1 152
5 123 132 38 197 105
2 113 193
1 103
4 139 121 173 175
1 37
1 177
1 108
3 154 133 29
2 32 99
2 57 36
1 68
1 5
1 149
2 162 145
1 110
1 192
3 9 107 50
3 130 178 96
2 185 86
1 9
1 7
4 5 95 39 158
4 16 189 152 41
3 14 124 57
1 17
2 107 189
3 114 26 89
1 136
2 35 26
2 134 105
2 8 61
1 139
4 110 28 138 176
1 16
4 70 199 40 82
2 4 78
2 15 92
1 104
2 6 120
1 90
1 88
2 16 54
3 9 119 98
2 66 181
2 83 80
5 18 129 162 58 106
2 102 55
3 114 73 164
3 48 166 187
3 25 194 95
1 191
1 128
1 38
1 34
2 34 103
4 120 152 198 193
1 58
3 3 30 154
1 47
2 155 191
1 56
1 76
3 23 179 181
1 4
2 43 199
1 25
1 110
3 5 8 104
1 110
2 139 89
3 112 31 186
1 124
1 169
3 1 17 21
3 9 150 169
1 103
1 45
1 13
2 12 125
1 177
1 155
1 79
3 129 132 94
1 104
2 157 166
3 9 122 52
2 162 108
1 156
1 32
1 99
1 107
2 42 162
3 141 171 69
