100
1 39
3 13 92 72
3 95 32 51
1 36
1 44
8 53 68 28 21 90 20 19 59
2 88 96
2 22 36
4 41 39 90 69
1 72
1 25
2 78 77
3 66 78 84
2 1 70
1 73
2 97 44
1 30
2 50 98
1 31
1 5
1 5
4 5 33 38 94
3 7 89 98
1 98
1 77
2 10 95
1 39
2 77 79
1 5
1 52
3 69 16 48
5 18 76 93 35 40
2 2 44
1 21
1 93
1 31
4 3 56 7 42
1 44
2 80 21
3 0 8 26
3 83 31 87
2 8 65
1 36
1 46
4 4 15 32 37
1 66
2 66 43
3 72 90 96
2 61 30
1 83
1 17
1 2
4 89 74 63 29
2 5 85
1 63
3 81 73 89
1 36
2 72 67
1 83
1 5
1 62
1 48
2 60 76
2 52 54
1 73
1 41
3 12 45 46
2 57 86
1 5
2 8 30
1 13
1 72
7 1 57 9 71 47 89 79
3 55 64 14
1 52
1 98
4 62 31 89 91
3 11 24 27
2 11 12
2 72 27
1 38
2 55 95
1 99
3 49 58 40
1 12
1 53
1 67
1 40
1 6
6 52 55 72 76 22 99
3 5 8 47
1 76
1 1
2 31 34
1 21
3 2 81 25
2 6 47
1 15
4 17 75 22 23
2 82 89
