1000
2 888 851
3 599 577 461
1 887
1 206
3 401 742 957
2 610 524
2 672 859
3 861 834 730
1 889
2 454 240
1 498
2 371 991
2 563 915
3 30 476 42
2 239 433
1 677
1 851
1 602
2 987 551
3 358 70 165
4 955 227 608 417
1 669
3 348 648 78
2 768 38
1 51
3 585 473 293
1 408
2 200 556
5 934 470 937 337 80
1 826
4 13 855 391 753
1 38
1 916
3 144 239 627
1 769
1 847
2 969 827
1 175
5 23 31 631 581 812
3 623 230 866
1 829
2 594 162
1 13
3 770 877 882
2 303 232
2 901 387
3 108 624 573
1 110
2 431 982
2 743 909
1 698
3 24 367 375
1 498
1 374
1 657
2 295 399
1 546
4 797 265 638 443
2 177 709
1 329
2 150 78
3 291 832 741
2 163 785
1 87
2 692 974
1 353
2 765 685
2 384 663
2 349 910
1 631
2 19 112
2 499 295
1 549
3 722 218 339
1 983
1 426
5 215 333 342 956 871
4 642 266 95 875
5 22 60 401 547 134
4 978 261 449 719
1 28
2 649 416
1 601
1 245
2 734 269
3 673 194 739
2 135 531
4 63 105 973 849
1 536
2 345 753
1 589
2 670 428
2 894 468
2 797 980
1 751
1 77
2 617 275
1 525
3 264 876 138
1 332
5 276 602 372 546 579
2 210 490
1 688
4 231 958 195 983
2 309 388
4 87 538 346 957
1 333
1 256
1 46
2 345 552
4 47 348 985 916
3 314 987 158
3 70 135 769
1 768
3 428 726 862
1 772
3 497 134 823
2 386 179
1 123
2 638 412
2 925 199
1 873
1 913
2 118 515
1 376
3 225 735 469
2 786 529
1 497
1 399
1 858
1 363
1 497
1 299
1 757
3 78 116 786
2 86 112
5 972 310 270 919 561
1 569
3 98 492 541
2 853 803
2 943 500
3 604 913 149
2 410 712
5 193 597 741 550 406
1 33
1 485
3 564 881 942
2 659 539
2 426 883
2 141 997
1 60
1 354
1 776
2 861 185
2 632 776
2 445 661
1 509
3 571 946 883
4 111 565 994 696
3 345 590 639
3 993 631 750
2 895 637
2 41 601
1 62
2 703 275
1 19
1 520
2 198 355
2 524 466
1 974
2 720 369
2 217 327
1 726
1 786
1 410
3 37 242 515
2 318 250
3 58 663 348
1 692
2 117 619
1 343
2 489 966
1 759
2 438 580
2 749 967
1 153
1 940
2 657 424
3 256 636 772
1 915
1 912
2 299 874
1 930
4 143 650 352 813
2 85 318
1 103
1 248
1 904
3 167 834 840
1 120
1 27
1 862
2 564 963
4 403 947 359 553
1 697
2 925 684
4 3 990 298 786
1 982
3 524 628 516
2 752 766
3 101 413 856
2 524 738
2 896 667
3 858 521 795
1 296
3 76 408 340
2 713 506
5 171 911 538 793 525
3 73 373 829
3 403 830 483
2 596 843
2 901 430
2 629 440
3 585 326 328
4 818 713 792 686
3 125 342 610
1 677
4 20 913 733 418
1 498
2 698 803
2 39 522
2 103 507
2 44 315
3 647 360 891
1 952
1 619
1 611
3 421 864 267
2 395 823
5 14 33 917 888 764
3 9 400 693
1 853
2 175 621
3 839 770 459
1 309
4 83 429 282 376
1 743
1 464
3 196 606 401
2 488 711
2 176 397
1 421
2 634 734
1 616
2 433 925
1 855
5 107 188 890 961 409
2 313 427
1 541
1 474
1 512
3 79 838 285
2 824 482
1 547
2 98 886
4 57 981 929 576
2 77 638
1 237
2 890 481
1 84
3 136 826 586
1 818
2 566 944
1 361
1 320
3 96 164 665
3 100 645 376
1 562
3 629 447 727
1 860
1 992
1 570
2 245 816
1 786
1 446
2 261 959
1 397
1 337
2 893 418
1 792
2 301 462
2 61 351
1 547
1 25
3 626 986 400
2 55 71
4 214 324 331 609
1 318
1 206
2 132 191
1 530
1 290
1 804
2 44 448
2 598 722
4 782 505 648 785
3 400 698 478
2 640 787
3 435 316 671
3 104 244 954
2 136 940
2 678 794
1 761
1 257
1 111
1 232
1 308
4 457 809 617 989
3 176 194 297
1 599
3 274 613 321
4 320 885 600 780
2 843 846
1 979
1 296
1 930
2 223 329
1 171
1 223
2 59 326
2 997 560
2 296 864
5 99 651 836 394 334
2 76 106
1 332
1 565
1 801
3 28 287 610
1 402
2 73 643
1 215
2 848 371
3 76 225 605
4 180 559 550 754
4 697 507 530 718
4 89 109 159 474
1 105
2 707 535
3 22 110 177
1 68
1 913
3 291 532 760
2 193 845
3 65 597 943
2 151 760
1 167
1 551
2 697 769
1 19
3 203 898 434
2 233 959
2 273 368
5 547 448 784 593 804
4 130 482 634 998
1 806
1 764
2 526 882
4 51 791 390 497
4 361 414 656 566
1 170
1 847
3 11 341 393
3 100 936 953
1 218
3 53 894 752
1 51
3 124 245 276
1 501
1 803
2 601 398
1 532
3 545 865 535
1 416
1 769
1 67
2 542 684
1 117
2 45 889
2 104 815
3 475 742 926
2 367 751
1 30
2 755 583
1 371
2 332 624
1 238
1 927
2 250 286
1 379
3 55 128 937
4 240 294 306 969
5 4 78 248 572 945
2 338 470
4 203 219 701 521
1 615
1 661
3 143 710 695
2 620 781
2 26 215
1 256
2 142 174
1 949
1 119
1 210
1 368
3 782 705 867
3 81 382 596
1 20
3 227 288 479
2 976 833
2 494 617
4 237 251 706 455
1 791
1 506
1 187
1 941
3 75 148 568
2 257 621
3 91 114 914
2 245 574
1 221
3 48 842 705
1 582
2 14 254
4 359 713 517 501
1 308
3 800 716 626
3 958 912 562
1 183
2 566 946
1 222
1 693
1 756
1 57
1 731
1 155
2 284 719
2 278 851
3 303 362 694
1 79
2 502 821
3 748 829 674
1 642
1 512
2 9 909
2 421 756
1 918
3 317 965 951
1 524
1 243
1 731
1 1
2 290 619
1 988
2 247 796
1 827
1 168
2 712 781
1 92
1 125
4 28 402 927 825
2 638 918
2 744 513
2 25 596
2 259 345
2 389 702
1 13
1 787
1 306
1 418
1 901
1 268
3 262 363 965
1 219
3 572 580 910
2 145 529
1 916
1 615
2 249 567
1 181
1 101
1 771
1 138
1 734
2 420 927
1 537
2 675 511
6 116 127 131 367 756 655
4 10 52 228 529
2 71 646
1 140
2 377 434
3 450 841 608
1 634
1 939
3 305 699 762
4 216 423 592 534
4 231 344 557 558
1 565
2 156 629
2 842 677
1 496
4 260 453 841 933
2 472 972
2 754 556
4 123 175 971 567
1 208
4 434 740 666 897
4 715 714 725 690
1 761
2 166 636
4 213 403 923 595
3 230 828 667
1 726
6 5 168 208 211 458 777
2 97 217
2 366 681
2 996 790
1 680
3 126 485 498
2 300 344
1 86
2 351 380
1 699
1 506
2 347 381
2 88 635
2 495 860
4 105 217 835 938
3 147 751 652
1 889
2 138 258
1 385
2 798 851
1 911
2 381 737
2 56 100
6 78 263 292 362 836 563
3 756 773 691
2 72 785
2 143 343
2 18 356
1 109
1 203
1 845
1 976
2 27 514
1 507
2 507 767
2 343 822
1 330
1 136
2 277 437
3 12 547 900
3 146 202 567
4 158 335 508 961
3 272 368 439
3 488 515 564
1 426
3 137 868 965
2 281 942
1 157
2 401 484
1 46
1 429
1 923
1 265
3 1 968 878
1 848
4 100 597 780 889
2 183 484
1 38
3 432 622 607
1 392
1 670
2 25 223
1 270
1 942
3 964 678 635
2 90 993
1 159
1 786
1 506
1 362
1 41
1 521
5 220 416 473 970 743
3 143 353 579
1 304
3 1 319 869
2 321 823
5 82 162 379 693 700
2 17 100
1 904
2 141 978
1 342
1 248
1 582
2 20 502
1 296
4 5 225 337 787
3 236 711 905
2 680 649
2 320 920
1 815
3 404 487 855
3 253 939 798
5 96 317 420 930 757
1 973
5 179 235 462 898 935
2 407 852
2 242 427
3 582 673 970
1 39
3 46 394 899
1 962
2 294 436
1 33
1 208
3 222 278 509
2 638 856
5 38 69 160 802 689
2 154 975
2 909 788
3 252 363 503
2 536 588
3 188 520 847
1 161
5 57 119 266 471 630
2 159 683
1 307
1 975
2 77 452
1 339
1 987
1 276
1 499
1 233
3 22 305 872
2 81 612
2 193 892
2 332 722
1 539
1 799
1 857
1 497
1 368
4 54 187 881 831
1 893
1 147
1 867
3 155 405 777
1 787
3 67 177 918
1 984
1 275
1 517
5 212 522 919 776 672
1 780
2 21 993
4 91 584 836 894
2 308 836
2 6 667
2 85 622
1 451
3 496 994 753
1 837
3 15 226 510
3 311 588 960
1 749
3 528 612 979
1 526
1 997
1 639
2 205 385
1 66
1 224
1 905
2 102 869
1 631
1 518
1 548
3 64 178 756
3 240 441 601
1 448
1 406
1 158
3 204 344 357
4 50 229 306 890
2 505 533
1 601
2 403 960
3 475 854 999
3 164 908 712
1 927
2 415 431
1 421
1 347
1 838
1 58
1 406
2 249 611
3 142 467 703
3 216 224 434
2 518 747
2 518 929
1 436
2 775 949
1 344
2 79 446
2 170 996
1 926
4 73 304 651 988
1 981
1 962
2 518 820
3 114 172 523
1 278
1 961
2 738 808
1 7
3 444 460 836
2 973 886
1 227
4 84 252 493 863
1 125
1 822
3 545 806 833
2 211 729
1 85
3 517 922 904
2 61 143
3 4 389 903
3 49 246 596
1 472
1 910
1 854
1 714
1 451
2 184 679
1 160
5 94 390 539 789 950
2 209 374
4 30 89 675 783
2 343 514
3 392 996 951
5 442 455 497 548 692
2 133 617
2 946 887
2 182 994
3 351 354 992
3 312 519 853
2 505 923
1 910
2 239 365
2 66 862
1 209
1 558
2 23 113
5 34 112 357 383 941
5 43 243 771 807 828
2 491 770
2 115 188
2 548 921
2 973 948
3 717 873 895
3 152 154 667
2 524 661
2 987 967
1 793
3 321 579 668
2 407 467
2 305 415
1 753
2 362 993
3 62 305 549
7 126 134 173 206 283 591 937
5 307 477 610 662 807
1 633
1 751
1 527
2 367 422
2 224 289
2 217 779
2 311 954
1 213
2 464 888
2 57 93
2 543 616
2 653 915
1 436
2 336 920
1 631
3 139 229 378
2 302 362
1 887
2 364 737
2 770 787
1 729
1 317
1 921
2 817 982
1 38
1 193
1 840
2 388 614
1 282
1 811
3 224 271 844
1 857
1 725
1 450
2 559 736
3 116 238 600
1 262
1 470
2 29 270
2 36 465
2 522 770
3 40 218 451
1 219
1 657
1 61
2 419 737
2 7 198
2 538 984
5 332 547 670 671 731
2 676 856
2 261 708
1 243
2 198 814
2 502 512
2 431 510
2 220 322
1 818
3 352 554 902
1 322
3 35 370 636
3 341 578 917
2 87 884
1 965
4 0 16 447 543
1 620
3 139 241 761
2 702 746
3 30 255 615
3 210 630 837
3 654 819 909
2 129 213
1 6
3 279 537 907
3 7 153 876
3 114 201 765
1 734
2 237 331
1 381
1 39
2 415 660
1 569
2 599 688
1 927
1 76
1 648
2 121 775
2 191 896
1 77
3 98 861 995
1 43
1 577
1 949
1 935
2 146 657
2 43 366
2 148 157
1 849
2 321 958
2 264 732
3 2 758 805
3 0 239 796
4 8 387 540 579
3 256 268 698
1 233
1 650
3 288 658 902
4 92 374 670 924
2 161 775
2 212 874
1 517
2 359 619
1 624
2 563 952
3 45 221 480
2 845 893
1 742
4 197 603 740 949
2 611 687
1 925
2 860 932
2 703 932
4 49 454 633 857
4 68 484 745 763
2 217 544
3 190 437 966
4 122 141 227 350
1 428
3 12 189 799
3 32 110 486
3 239 848 974
3 456 471 663
2 136 667
2 613 801
2 773 810
1 740
3 521 575 762
1 894
4 120 205 254 906
3 389 721 969
5 396 470 494 704 870
1 939
2 265 715
3 192 325 617
1 983
2 907 908
1 512
2 28 977
2 619 880
2 372 962
3 28 399 786
1 538
3 504 616 928
2 186 310
2 425 769
3 146 570 587
2 140 353
1 272
1 401
4 157 439 758 971
1 203
1 774
4 411 717 879 904
1 751
2 457 755
2 234 900
2 372 971
2 309 794
1 20
1 76
2 4 105
3 103 437 885
2 285 360
2 678 701
4 256 565 728 976
3 625 724 936
1 202
1 588
4 457 482 569 850
2 181 912
2 184 778
2 577 970
3 36 400 926
3 596 622 968
3 515 946 953
2 136 513
4 87 618 732 774
3 64 169 917
2 632 641
3 419 555 961
1 934
2 79 604
2 323 680
1 93
2 265 723
3 48 207 811
3 74 103 931
2 664 835
1 110
1 294
4 18 111 644 778
2 463 722
1 317
1 206
1 11
2 280 760
4 160 589 669 784
3 158 675 759
1 876
3 527 720 755
3 149 330 682
1 363
1 702
