600
1 130
3 236 437 572
2 361 315
2 401 508
1 528
2 267 155
1 300
2 334 544
2 154 253
1 403
1 357
1 398
3 212 384 54
2 453 22
1 33
1 241
5 559 280 561 206 55
1 491
1 22
1 545
3 96 154 370
2 578 492
5 13 18 373 344 484
3 366 148 513
1 494
3 454 521 522
2 186 150
2 535 227
3 74 367 339
1 75
2 252 588
2 438 539
1 411
3 14 219 223
1 300
1 222
2 181 234
1 326
4 473 166 377 261
2 116 419
2 99 54
2 107 465
1 57
2 408 583
1 451
2 226 393
2 213 540
1 373
2 301 181
1 329
3 425 140 208
1 589
5 138 202 210 571 517
4 380 167 63 520
5 12 40 236 327 90
1 16
2 434 170
4 42 71 582 501
1 348
2 399 250
2 530 278
2 473 586
1 443
1 53
2 363 173
1 316
2 165 93
1 201
5 174 357 220 326 342
2 134 294
4 149 573 126 589
4 57 322 211 572
1 202
1 162
1 28
4 29 212 591 545
1 453
3 250 429 510
3 299 90 488
2 377 244
1 224
3 144 435 279
2 466 319
1 299
1 234
1 507
1 217
1 299
1 184
1 447
3 54 78 466
5 581 192 171 548 332
1 336
1 66
1 477
2 243 420
1 20
1 291
2 389 323
1 40
1 458
2 374 458
2 263 391
3 337 565 523
1 335
3 596 373 442
1 356
1 41
2 415 173
2 315 276
1 583
1 423
2 139 199
1 429
1 466
1 243
3 39 393 212
1 408
2 293 577
2 257 343
1 563
2 162 376
1 544
1 542
2 184 519
1 556
1 70
1 159
1 510
3 238 215 330
4 0 595 183 466
1 588
3 315 371 308
2 444 452
3 69 245 505
2 315 436
2 531 396
3 507 312 472
3 52 241 209
5 112 541 322 471 316
3 50 221 494
3 238 495 289
1 352
2 535 251
3 81 210 361
1 403
1 300
2 411 477
2 23 313
2 70 304
2 26 193
1 569
3 248 512 168
2 232 488
3 8 20 546
3 5 235 409
3 499 454 272
1 224
1 438
3 127 359 236
1 248
2 375 434
5 73 121 529 574 242
2 489 288
1 327
2 66 526
4 38 587 555 341
2 53 377
1 152
2 529 287
1 56
3 91 491 347
1 196
3 64 108 395
3 68 382 224
1 333
1 509
1 466
1 206
1 327
3 369 592 235
2 36 48
2 200 360
1 130
2 88 124
1 478
2 26 264
2 354 425
4 463 303 384 465
3 235 411 285
2 378 467
3 255 194 400
2 91 563
1 150
1 191
4 270 481 363 594
3 172 362 197
4 196 525 355 461
1 556
1 112
2 182 512
5 67 385 497 231 203
2 52 72
1 201
1 335
1 475
3 16 178 361
1 237
2 50 381
1 138
3 52 144 358
1 71
3 12 75 116
1 46
1 353
3 129 532 254
5 327 264 464 350 478
4 86 288 375 598
2 317 522
4 33 470 229 299
3 68 560 570
1 140
3 35 530 444
1 33
3 80 157 174
1 477
1 45
2 27 528
3 283 437 553
2 219 443
2 445 345
2 201 367
1 153
1 554
3 36 84 561
4 155 180 189 578
5 1 54 159 338 564
2 207 280
4 129 141 413 312
1 391
2 365 462
2 15 138
1 162
2 95 115
1 79
1 134
3 463 417 514
2 297 363
4 152 160 418 268
1 470
3 59 77 543
1 143
3 30 500 417
1 8
2 215 309
1 191
3 573 542 333
1 119
1 565
1 409
1 446
1 38
1 432
1 102
3 186 216 410
1 494
1 380
2 5 539
2 248 446
1 547
3 195 576 568
1 315
1 156
1 432
1 593
1 492
1 109
2 420 462
1 60
1 81
4 16 237 554 490
2 377 547
2 439 306
2 228 414
1 467
1 189
1 535
1 169
3 163 217 576
1 141
3 338 343 540
2 97 319
1 545
1 118
1 69
1 455
1 434
2 247 554
1 321
6 78 83 87 219 446 388
4 6 34 146 319
2 48 383
1 375
3 188 412 449
2 149 331
2 500 403
2 282 581
1 580
1 132
1 254
4 422 421 428 406
1 376
4 137 238 551 351
3 148 493 396
1 429
6 2 109 132 135 271 459
2 65 139
2 218 404
2 597 469
3 82 291 300
1 412
2 298 509
4 71 139 496 562
3 98 443 386
1 528
1 541
2 37 68
6 54 164 179 216 497 334
3 446 456 407
2 49 465
1 129
1 304
1 91
2 175 256
3 7 327 534
3 104 204 574
3 92 515 576
1 103
2 236 290
1 28
1 551
1 166
4 68 353 461 528
2 119 290
1 22
1 230
1 399
1 171
2 58 596
1 466
1 216
1 312
3 142 579 438
2 214 342
1 187
2 197 488
2 106 409
2 10 68
1 210
1 159
1 182
4 2 144 206 467
2 196 549
5 64 195 247 556 447
1 582
2 240 503
1 23
3 28 231 533
1 575
1 180
1 20
1 132
2 377 505
5 22 47 105 476 405
2 101 584
3 161 217 302
2 121 311
5 38 79 167 281 372
1 190
1 584
2 53 266
1 208
1 174
1 301
3 12 188 518
2 201 425
1 323
1 474
1 299
1 98
1 514
3 102 239 459
1 467
3 45 116 547
1 590
1 173
5 136 313 548 458 401
1 461
2 11 596
4 59 346 497 530
2 191 497
2 3 396
1 498
3 9 145 305
1 317
1 373
1 310
1 328
3 43 117 446
3 155 259 356
1 264
4 32 147 189 529
2 303 320
1 238
3 283 504 599
3 108 538 420
1 554
2 246 252
1 248
1 39
3 95 277 415
1 310
2 310 555
2 111 597
1 553
4 50 187 385 593
1 587
1 575
2 310 487
3 77 113 314
1 574
2 436 480
3 262 273 497
2 582 526
4 56 161 296 511
1 81
2 135 431
3 1 228 536
3 31 158 352
1 282
1 540
1 504
1 105
5 62 229 323 468 567
2 133 222
3 230 597 568
5 260 268 299 328 408
2 89 363
2 565 527
2 303 551
1 540
2 44 510
1 133
2 13 76
5 25 156 455 479 493
2 295 454
2 328 550
2 582 566
3 100 101 396
2 315 391
1 471
3 197 342 397
2 240 277
2 188 246
2 216 596
3 41 188 329
7 82 90 114 130 177 349 561
5 190 284 361 392 479
1 443
1 318
2 219 249
2 139 460
1 137
2 38 61
2 387 544
2 205 549
1 373
3 94 147 225
2 185 216
2 454 467
1 431
1 195
1 550
2 485 588
1 22
1 483
1 506
1 428
3 78 153 355
1 163
1 280
2 17 171
2 21 275
2 313 454
3 24 140 265
1 141
2 322 590
5 201 327 399 400 432
2 402 505
1 156
2 252 305
2 57 524
1 576
1 365
2 414 441
3 134 372 498
2 486 539
2 85 137
1 3
3 176 321 537
3 77 128 451
1 434
2 152 200
1 23
2 246 390
1 336
1 554
1 52
1 384
2 124 531
1 53
1 25
2 25 218
1 103
1 501
2 197 573
2 165 433
1 448
4 4 227 324 342
3 162 169 411
4 60 222 399 552
2 136 519
1 215
1 367
2 334 569
3 27 143 286
1 437
2 509 558
2 415 558
3 31 267 506
4 46 290 440 450
2 139 325
3 123 256 577
1 250
3 7 122 474
3 19 75 292
2 154 583
3 269 281 393
2 91 396
2 362 475
2 456 482
3 312 340 449
1 530
3 228 424 578
5 233 280 297 416 516
2 166 422
3 125 198 363
1 589
2 537 538
2 16 585
2 220 575
3 16 234 466
1 322
2 120 192
1 236
4 103 258 448 580
1 457
1 443
2 270 445
2 151 534
2 220 580
1 52
2 1 71
3 70 256 525
3 162 335 430
3 368 427 560
4 270 288 336 502
2 118 542
3 21 235 553
1 352
3 307 565 570
2 91 306
4 57 364 433 457
3 43 110 546
2 374 379
1 559
1 61
2 166 426
3 30 131 483
3 51 70 557
2 394 496
1 75
1 180
2 274 425
1 195
1 130
4 105 348 398 464
3 318 423 445
1 217
1 414
