100
2 57 92
1 68
3 40 65 11
1 84
2 15 63
1 42
2 22 73
1 11
2 78 71
1 67
3 74 26 39
5 2 56 7 44 19
2 69 45
2 88 53
1 37
1 4
3 40 97 93
3 45 75 86
3 54 19 83
3 11 18 81
1 99
1 75
3 6 67 40
1 92
1 86
2 77 79
2 10 84
1 96
1 56
1 56
1 82
1 48
2 61 74
3 70 46 34
1 33
1 36
2 62 35
5 14 66 85 43 38
1 37
2 10 64
3 2 16 22
5 56 60 80 82 48
3 5 77 88
2 63 37
1 11
3 12 17 91
1 33
1 76
3 72 31 41
1 84
1 94
1 76
1 98
1 13
1 18
1 75
6 11 41 29 85 28 57
3 0 56 90
1 69
1 99
1 41
1 32
2 36 83
3 4 43 89
1 39
2 2 87
2 37 74
3 9 22 94
2 1 99
4 58 12 85 88
2 85 33
1 8
1 48
1 6
4 10 66 98 32
3 55 17 21
3 47 51 85
2 25 42
2 8 86
1 25
2 99 41
1 19
2 41 30
2 62 18
3 3 26 49
5 56 69 70 76 37
3 17 24 78
1 65
4 13 69 42 95
1 63
2 57 96
1 45
2 0 23
1 16
2 67 50
1 88
2 27 90
1 16
2 74 52
4 59 68 20 80
