200
1 175
3 47 148 31
1 195
2 5 45
1 44
1 3
3 192 42 191
2 146 159
1 10
2 169 192
3 8 26 27
1 136
3 199 185 36
1 26
1 44
1 180
4 177 32 18 172
2 41 66
4 16 29 35 131
3 55 101 60
1 157
1 131
2 139 159
2 123 32
4 114 117 145 50
4 116 155 96 144
6 10 13 128 131 38 104
1 10
1 69
2 18 85
2 54 84
1 1
5 16 23 127 164 166
1 105
1 74
2 18 78
2 12 64
1 127
4 115 26 141 158
1 155
3 130 178 49
3 17 125 140
2 6 161
2 190 52
3 4 14 50
3 3 193 94
1 95
3 1 104 153
1 116
2 40 186
3 24 44 81
2 101 102
3 43 170 69
3 145 151 152
1 30
3 19 61 105
1 155
1 148
2 198 98
4 108 146 100 89
3 19 160 167
2 129 55
1 165
1 155
1 36
2 142 199
3 17 131 92
1 164
1 181
3 28 52 182
1 88
1 137
1 198
2 107 123
2 34 190
1 104
4 147 197 194 79
1 170
1 35
1 76
2 130 185
1 50
2 146 83
3 106 82 187
4 109 129 30 191
1 29
2 183 90
2 149 88
2 70 87
3 109 59 185
2 174 86
3 168 183 95
1 66
2 126 139
1 45
2 46 91
2 25 191
2 122 102
2 58 193
1 163
1 59
2 19 51
2 51 97
3 180 183 193
3 26 47 75
2 33 55
2 121 83
1 73
2 59 135
4 128 84 193 89
2 195 116
1 131
1 118
2 192 163
3 24 149 125
1 38
3 110 25 48
1 24
3 112 137 138
1 166
3 157 176 196
1 106
1 97
2 23 73
1 132
2 114 41
2 162 93
2 32 37
2 109 26
2 61 84
2 80 40
6 111 18 21 26 66 181
3 124 195 175
1 146
1 161
1 108
2 11 162
2 118 71
2 118 149
3 22 150 93
3 41 171 157
2 190 38
1 65
1 195
1 25
2 24 53
4 7 133 82 59
2 76 153
3 1 189 57
4 114 138 87 165
1 139
1 53
1 53
2 147 47
1 178
4 25 39 63 56
1 190
3 120 20 140
1 38
2 7 22
1 60
2 134 42
2 126 136
2 113 99
2 32 67
2 149 62
2 119 32
1 60
1 91
1 9
2 52 77
2 140 188
2 16 173
1 172
1 90
2 0 132
1 120
1 16
2 40 154
1 186
2 15 103
2 131 68
1 69
3 91 103 86
1 189
3 12 89 80
2 49 179
1 83
1 171
2 148 184
4 141 43 156 74
3 6 84 96
3 6 113 9
4 109 45 103 98
1 76
4 2 110 132 143
1 120
1 76
2 58 72
2 12 65
