600
2 483 519
5 170 536 506 288 423
3 138 443 87
1 585
2 7 130
1 42
1 122
1 4
1 140
2 272 196
3 578 116 572
1 411
2 435 471
1 25
1 540
1 386
1 99
2 117 286
3 561 534 328
1 254
2 50 438
1 55
2 121 360
1 255
2 489 578
3 13 75 76
1 497
1 401
3 227 414 589
1 561
1 552
1 431
3 597 547 94
1 75
3 159 414 220
3 442 42 202
2 560 43
3 500 122 430
2 133 245
2 508 158
1 530
3 546 78 515
5 5 35 559 574 198
1 36
1 581
4 523 88 51 494
3 285 175 527
2 114 184
3 459 543 576
1 299
3 20 305 126
4 45 81 93 393
3 162 303 173
3 566 479 569
4 221 479 187 382
5 21 203 469 403 333
1 393
1 374
2 537 441
2 408 471
2 88 366
4 339 353 432 145
2 475 386
3 201 270 563
1 482
2 428 127
3 301 511 513
4 467 287 427 346
1 492
1 264
1 587
2 580 232
1 528
2 409 522
1 159
6 25 33 393 384 103 309
1 25
1 197
2 41 104
1 413
1 459
2 51 248
5 424 312 318 462 588
2 156 243
2 392 476
1 224
2 123 522
1 2
5 45 60 480 379 485
1 426
2 311 300
3 195 140 557
1 214
2 51 228
2 32 178
1 498
1 499
2 203 552
3 406 259 568
2 16 531
1 379
1 438
1 528
4 75 470 415 344
1 78
4 166 567 440 376
2 324 136
2 479 419
1 367
2 556 326
1 467
3 341 521 250
1 187
3 526 143 391
3 47 410 375
1 461
2 10 477
2 17 447
1 212
4 262 211 499 541
2 571 153
1 22
3 6 37 145
1 86
2 316 499
4 349 250 590 180
1 50
2 65 183
1 506
2 148 588
3 4 582 283
1 240
1 285
2 38 272
1 452
2 501 404
1 106
2 140 319
3 2 309 464
1 141
3 8 91 137
2 139 226
1 346
2 113 548
2 218 200
3 61 122 235
1 382
1 190
3 129 397 317
3 303 307 512
4 190 302 460 381
1 411
1 263
3 120 490 197
1 332
3 454 432 451
1 83
1 535
1 39
3 34 74 437
1 558
2 561 518
3 52 174 311
1 185
1 467
1 443
2 105 417
2 275 413
2 385 529
5 486 337 482 439 209
2 1 445
2 594 292
4 435 322 298 265
3 52 487 474
2 162 388
3 46 448 508
1 484
1 467
1 94
2 597 416
1 125
1 590
1 484
1 127
3 47 393 276
2 163 224
4 264 294 269 280
3 54 112 258
1 336
2 496 349
4 147 150 458 411
1 480
1 533
1 390
1 242
4 91 580 456 442
1 9
3 77 153 535
1 42
2 273 553
1 144
2 63 404
1 35
5 55 97 475 347 342
1 257
1 394
1 404
3 593 236 551
1 326
1 169
1 594
2 119 422
3 118 366 320
2 216 549
2 92 571
1 230
1 213
1 587
2 144 430
1 309
1 34
1 54
4 436 587 584 231
1 490
4 85 185 466 227
1 489
2 141 449
2 28 224
1 93
2 463 359
2 215 599
1 222
1 71
3 475 538 599
2 547 391
1 145
5 207 351 556 558 537
2 435 238
3 237 550 315
1 274
2 131 241
3 240 351 503
3 194 493 545
4 83 323 388 572
1 475
4 38 302 492 495
1 403
1 583
1 81
1 561
3 111 125 424
2 539 266
1 593
1 387
2 19 379
4 23 291 446 482
3 257 444 583
2 204 256
1 187
1 98
1 588
2 457 555
2 119 390
2 152 456
3 69 186 505
3 172 547 323
2 251 510
3 539 285 488
2 412 598
4 186 544 457 567
1 63
1 575
2 9 133
4 199 395 337 481
2 239 314
1 167
1 184
2 408 378
1 457
1 549
1 186
1 283
2 313 288
3 130 281 286
1 465
3 46 132 267
3 17 283 350
2 67 572
2 1 282
2 363 307
1 417
2 255 310
2 171 582
1 569
4 186 525 431 426
1 551
1 306
1 479
1 172
2 49 479
2 90 554
1 66
3 150 245 394
2 52 149
1 487
2 50 428
2 296 505
2 149 289
3 539 530 582
3 75 138 219
1 291
2 90 162
1 82
3 282 377 336
4 274 332 343 524
2 238 361
1 124
1 148
2 82 536
2 137 577
1 212
1 529
2 172 399
4 243 265 384 582
2 106 439
2 585 346
2 109 208
1 383
1 18
1 393
2 357 498
2 558 373
2 154 314
1 55
1 503
2 453 545
2 188 313
2 169 273
2 578 479
3 61 444 375
1 411
2 111 591
1 203
2 314 583
1 103
2 461 379
3 67 142 325
3 203 452 389
1 445
2 125 189
1 286
3 236 241 446
1 586
1 61
1 551
2 434 448
1 534
3 330 404 406
1 485
4 229 469 520 586
2 22 431
1 315
1 482
2 289 573
1 461
2 584 455
2 60 212
2 108 576
1 540
1 425
1 463
1 386
1 395
1 331
3 57 516 402
2 114 339
1 105
1 313
2 277 478
5 88 100 254 345 517
1 583
1 150
5 54 146 407 473 418
2 327 596
2 75 323
1 168
3 15 62 371
2 253 424
2 174 243
1 347
3 193 262 420
2 113 234
1 84
6 51 56 75 184 329 533
2 205 302
4 273 372 585 519
1 435
2 148 425
1 477
1 322
1 506
2 27 478
1 374
3 55 246 592
4 135 201 206 357
3 589 412 504
4 98 357 515 444
1 382
3 59 277 450
1 73
3 114 491 469
4 11 151 190 340
3 268 405 525
3 79 167 486
2 28 34
2 103 571
1 179
2 166 290
1 382
3 107 476 514
2 390 449
1 531
2 211 585
1 1
3 82 250 387
2 369 397
2 89 294
1 67
4 65 305 596 583
1 515
2 37 218
4 31 294 360 581
2 61 155
1 509
1 355
4 12 172 237 396
2 222 464
1 159
2 20 101
2 169 324
2 105 560
1 58
2 35 195
3 2 165 565
4 256 339 406 484
4 170 348 541 595
2 255 351
1 117
2 175 355
2 226 420
1 408
1 155
2 134 347
2 335 588
1 155
1 365
3 195 263 513
3 261 269 278
1 190
2 48 80
1 150
4 115 345 364 529
1 82
2 229 370
2 138 436
2 284 526
1 224
4 67 110 164 177
1 571
3 55 359 410
1 103
2 12 59
1 556
1 382
1 173
5 62 203 233 244 575
2 84 419
2 116 398
2 378 401
6 53 54 107 297 299 338
2 88 191
1 273
4 64 169 255 362
1 0
3 176 182 444
2 88 358
2 169 413
2 173 304
1 267
2 24 225
2 153 223
2 410 564
2 68 245
1 242
2 45 502
2 245 506
1 189
2 26 529
2 95 330
4 96 119 124 531
1 37
1 135
1 494
2 241 334
1 405
2 264 306
4 1 128 400 495
1 561
2 39 175
2 433 536
1 266
1 66
1 149
2 66 456
1 419
3 41 406 429
2 374 583
1 379
1 161
2 0 395
1 359
1 111
3 73 86 541
1 45
1 314
2 294 412
2 113 465
1 46
3 72 102 548
4 168 321 461 497
2 40 308
4 99 421 499 579
1 544
2 192 393
2 18 356
3 157 197 540
3 1 318 509
2 58 236
1 233
3 251 267 308
3 14 368 535
3 119 445 522
1 565
2 48 557
3 269 532 562
2 242 335
1 41
3 32 234 265
3 143 528 561
3 213 279 552
1 238
3 207 295 354
3 30 97 549
1 199
1 300
1 261
3 109 236 472
3 91 543 581
3 160 236 331
1 42
2 36 440
6 18 29 161 249 507 548
1 544
1 63
1 491
2 443 542
1 53
2 105 269
1 98
2 53 293
1 587
4 120 214 415 468
3 10 243 287
1 363
1 42
2 271 475
2 48 367
1 319
3 10 24 338
2 531 581
2 71 195
4 44 431 557 579
4 130 292 308 323
6 247 256 343 380 428 516
2 222 365
4 3 325 395 422
2 352 359
4 70 217 222 570
4 82 129 260 453
2 28 405
2 125 181
1 341
1 403
2 207 252
2 171 210
1 445
2 383 428
2 32 179
1 268
2 230 233
