1000
3 169 321 506
1 683
1 110
1 892
1 529
2 529 707
1 731
1 966
3 884 75 348
1 443
1 538
1 491
3 483 159 808
2 158 429
2 639 713
2 254 396
1 453
1 393
2 777 613
5 141 735 941 876 90
1 369
1 325
1 426
1 348
1 294
1 666
2 754 178
2 936 264
1 348
1 941
4 105 371 519 236
3 40 751 386
4 671 873 547 951
1 450
2 295 583
1 545
2 404 696
2 724 717
1 884
2 471 996
1 31
2 133 591
2 961 355
2 987 282
2 805 255
1 646
1 379
1 269
1 226
2 690 360
1 406
1 504
2 232 97
3 566 165 628
1 273
3 465 359 481
1 624
1 215
4 141 182 763 194
1 907
2 558 667
3 835 142 344
1 729
2 425 482
1 133
3 600 428 125
1 480
1 239
1 350
2 996 986
2 775 408
2 567 457
1 852
3 265 920 243
4 886 736 207 111
2 8 159
1 921
1 238
1 872
2 647 775
2 456 867
1 267
1 515
2 903 586
1 269
1 376
1 723
1 997
1 333
2 307 619
1 19
2 241 214
2 514 840
1 704
1 316
3 278 688 525
2 234 896
3 52 984 432
6 557 327 382 507 664 898
1 960
4 484 696 522 414
1 449
3 363 570 424
3 279 633 448
2 833 814
1 30
2 169 761
2 473 124
1 144
1 129
2 2 548
1 74
2 776 794
1 247
3 337 890 932
1 317
3 248 434 623
3 934 351 445
1 631
1 441
1 188
2 220 960
1 710
4 812 322 215 931
4 107 180 766 759
2 65 328
2 901 978
2 725 290
1 412
2 109 249
2 723 800
1 380
2 249 379
4 41 64 205 478
2 705 368
1 283
4 381 874 980 790
1 658
2 992 965
2 753 574
2 488 423
4 19 58 715 839
3 61 502 229
1 348
2 108 616
1 946
1 263
2 590 444
1 527
1 229
1 324
1 164
1 718
1 865
1 368
2 498 608
1 950
1 898
3 13 508 386
3 12 75 438
1 838
2 636 225
1 520
1 522
2 151 574
2 53 218
2 575 181
1 505
4 686 783 893 262
3 0 106 659
1 649
1 201
2 270 957
1 957
5 916 984 346 392 334
1 207
4 259 743 801 873
1 584
3 26 734 633
1 186
1 124
2 166 312
3 58 642 199
2 910 983
2 673 780
2 187 619
2 179 187
5 185 186 537 544 589
3 120 831 371
4 305 662 391 323
3 976 342 930
1 280
4 406 728 609 455
2 732 256
2 58 806
2 416 467
1 384
1 748
3 874 401 555
1 182
1 844
2 171 755
2 751 760
1 590
1 258
1 133
2 934 409
2 74 175
2 664 929
2 702 470
1 759
3 588 765 356
1 774
1 454
2 91 965
4 57 123 444 304
3 573 426 841
5 769 728 695 765 631
1 165
2 657 649
3 121 748 466
1 456
1 593
2 320 504
2 608 579
2 161 900
3 48 517 939
1 278
1 755
2 142 149
1 559
1 302
1 52
1 808
4 96 966 238 798
1 488
1 30
1 891
3 77 234 454
3 67 548 488
1 983
3 91 555 449
2 938 698
1 73
1 385
1 417
2 785 585
2 113 621
1 116
5 129 132 542 304 419
1 685
1 936
1 531
2 780 562
2 15 446
1 44
2 193 829
2 839 938
2 204 732
1 176
1 525
1 971
1 168
2 146 336
1 27
1 73
2 770 295
2 81 518
2 505 675
5 47 84 720 281 909
2 172 947
2 815 721
1 791
5 54 538 659 860 892
1 480
1 787
1 873
1 444
5 95 227 922 962 797
1 103
3 191 857 426
2 269 425
1 43
3 135 430 979
1 353
2 877 739
4 493 839 524 811
4 724 776 606 655
2 860 936
1 540
3 127 674 487
2 762 716
1 652
3 410 735 362
2 24 545
4 34 266 972 492
1 427
3 964 703 529
1 309
1 921
1 821
1 600
4 231 938 676 778
2 716 521
3 215 249 719
2 189 383
1 883
1 89
1 400
4 298 592 572 361
2 528 559
3 986 599 711
3 181 948 726
2 867 801
2 383 907
1 873
3 94 329 397
4 115 999 427 869
1 988
3 976 439 543
2 223 959
1 0
3 123 453 803
1 189
2 150 384
2 21 642
1 566
3 98 563 488
3 125 509 752
4 316 706 656 476
2 565 840
3 829 977 944
1 665
5 88 575 652 566 508
1 174
1 378
3 263 746 450
1 114
1 992
1 642
1 880
1 709
1 190
1 636
1 61
2 416 422
2 174 625
1 428
4 8 23 28 143
1 677
3 68 364 570
2 117 523
1 794
2 284 792
2 910 845
3 42 614 446
2 211 591
1 624
2 758 574
3 55 682 720
1 49
3 309 621 627
1 293
3 102 874 645
1 350
1 776
1 456
1 652
2 134 154
3 20 583 788
1 488
2 30 188
1 484
2 777 561
1 433
1 955
2 85 659
1 957
2 335 737
3 46 132 494
4 131 723 900 632
2 136 656
1 98
2 305 314
5 196 324 579 529 604
4 244 741 473 585
2 31 158
1 880
3 989 492 826
2 585 889
1 800
2 189 843
1 174
3 17 663 523
1 979
2 559 749
1 15
2 316 993
1 464
1 490
2 308 696
3 198 705 946
1 673
2 752 504
1 36
1 679
4 50 192 727 686
1 758
2 70 636
1 206
1 293
1 715
2 128 931
1 540
1 100
1 549
3 195 345 677
2 245 522
4 635 718 648 668
2 249 665
2 440 764
2 660 831
3 345 834 955
1 140
1 102
2 63 281
4 22 216 280 842
5 296 317 881 924 565
3 65 347 705
1 13
2 283 558
1 492
2 97 593
2 374 849
2 116 723
1 993
1 712
1 598
2 159 792
2 319 516
2 420 948
3 119 641 614
1 644
2 9 683
8 147 215 277 553 835 639 750 503
3 117 947 496
3 254 355 851
1 692
1 103
3 101 241 995
2 33 336
1 488
1 891
2 16 322
3 213 238 736
1 192
6 80 221 366 942 477 746
2 71 708
3 683 649 824
1 532
1 946
1 545
1 876
2 953 577
2 398 699
1 55
1 220
1 195
1 971
2 776 541
1 209
1 39
1 671
3 107 385 661
1 693
1 590
2 329 904
3 456 749 512
1 133
3 603 932 779
4 66 274 860 818
2 55 853
1 63
2 12 675
3 100 372 640
1 935
2 933 982
3 290 549 687
6 140 235 239 327 370 451
1 745
2 399 800
3 11 887 616
6 295 388 431 549 917 835
2 286 846
1 379
2 750 791
2 445 894
1 865
1 155
3 592 634 987
1 570
3 537 749 809
2 142 723
1 444
4 51 223 403 767
4 167 268 787 994
1 0
2 98 646
3 158 333 789
2 328 823
1 633
1 723
1 477
1 656
1 92
4 82 713 880 981
2 439 678
4 226 847 862 918
2 267 913
2 30 721
2 162 865
2 303 921
5 100 163 417 632 804
2 351 393
3 286 562 812
2 95 260
1 788
2 148 965
2 310 670
4 4 5 297 384
1 798
2 252 604
2 459 995
2 557 861
1 764
1 546
1 693
4 187 501 863 911
3 10 273 906
1 687
3 289 413 838
1 469
1 249
2 319 747
1 187
4 35 294 461 895
3 535 717 681
2 32 666
2 110 239
4 415 487 492 891
1 948
2 882 813
1 979
1 444
2 774 683
2 198 241
1 860
4 98 533 950 560
2 60 430
4 230 310 395 643
2 557 914
1 373
2 253 524
5 327 872 662 874 855
1 572
4 330 427 926 729
7 53 326 333 871 964 841 905
3 71 990 791
1 839
2 571 860
3 102 350 500
1 569
3 309 564 940
1 216
5 139 164 358 897 737
3 166 333 580
1 751
2 463 689
1 812
2 224 384
3 575 781 776
1 629
1 834
3 34 369 602
3 177 675 844
3 246 385 389
3 83 769 881
1 939
1 211
1 187
4 147 203 475 731
3 41 356 913
3 309 499 805
3 222 432 611
2 793 864
1 634
1 746
1 812
2 437 856
2 311 685
4 65 301 739 692
3 658 882 776
1 583
2 479 707
2 384 531
1 891
1 287
1 974
3 155 224 638
1 192
3 715 850 925
1 593
3 639 825 952
1 18
3 355 441 624
1 850
2 144 491
2 880 949
1 968
2 89 185
2 738 966
3 247 361 690
1 724
1 116
3 56 357 614
2 346 933
1 965
1 361
1 53
3 581 925 887
1 972
2 118 217
3 380 522 662
4 103 178 510 998
2 499 595
2 418 682
3 161 343 408
1 819
1 608
3 14 444 612
1 484
2 441 891
3 182 325 339
1 559
3 442 868 736
1 363
2 45 507
1 79
2 418 667
4 170 219 458 754
1 830
2 698 865
4 292 333 367 895
1 928
1 747
1 287
3 329 381 513
2 219 744
2 137 601
5 169 273 376 680 689
2 421 742
1 473
3 189 563 632
1 393
3 98 208 849
2 332 419
2 25 547
2 60 648
1 418
2 783 933
2 528 802
2 32 472
1 777
2 184 402
1 290
4 268 483 584 805
3 302 817 755
2 349 416
1 516
3 405 693 774
1 659
1 546
3 359 635 852
4 1 443 458 554
2 900 852
2 250 599
2 168 406
2 487 539
3 95 983 712
2 577 659
3 49 621 807
2 847 786
4 447 600 963 971
5 474 536 679 908 859
1 924
1 217
4 36 100 400 721
1 965
2 242 651
2 464 814
1 719
1 819
2 209 917
1 297
2 93 978
4 134 401 428 983
1 329
3 5 603 879
1 457
2 341 962
3 122 971 969
1 311
3 436 688 730
2 14 515
1 913
3 141 411 610
3 291 303 944
2 37 546
2 152 418
2 304 700
2 269 359
3 271 519 696
1 941
6 86 130 380 434 502 511
3 37 287 622
1 127
1 312
2 406 767
3 192 217 814
3 62 565 819
1 712
3 6 590 838
3 193 258 745
2 978 832
2 178 885
2 19 293
5 74 454 644 873 782
3 378 574 809
1 620
2 285 600
1 912
1 385
1 660
2 176 948
1 657
2 489 732
3 336 456 596
2 543 654
2 197 220
3 395 477 501
2 444 495
4 31 202 576 883
2 328 403
1 139
2 26 649
4 201 228 676 847
1 775
1 798
2 358 407
3 124 210 858
1 202
1 106
1 291
2 58 848
3 420 534 816
3 211 217 937
2 124 810
2 504 727
1 990
2 217 586
1 266
1 945
1 947
1 949
3 212 554 679
3 70 79 756
7 112 287 365 469 580 601 827
4 18 373 672 935
1 302
1 479
2 184 253
2 580 878
1 736
2 168 669
1 853
1 246
1 691
2 275 505
2 369 526
1 508
1 136
3 272 495 567
2 353 438
2 594 905
2 112 352
1 867
1 933
1 278
3 234 530 757
1 917
4 130 390 490 970
2 176 313
1 670
2 322 944
1 522
3 44 592 675
1 194
1 690
3 12 233 975
2 501 737
2 766 931
2 286 948
4 123 524 578 597
1 551
4 104 699 728 875
1 271
1 764
1 676
4 480 901 988 836
5 637 701 729 923 997
1 849
2 300 992
1 845
1 509
2 458 996
1 612
2 388 834
2 776 947
1 829
3 256 331 828
2 650 960
2 188 421
1 733
1 104
3 422 582 826
3 61 444 492
1 818
1 897
3 160 540 731
5 141 257 286 568 973
2 92 330
2 216 566
1 426
1 391
2 200 584
3 354 822 943
1 493
3 517 691 755
1 763
3 433 664 820
2 610 615
1 446
3 72 682 684
2 481 784
1 890
1 563
4 598 897 899 884
1 280
1 759
1 693
5 273 288 480 556 569
1 533
1 517
1 537
1 594
4 153 497 520 651
1 991
3 80 313 795
1 644
1 317
1 875
1 566
4 78 563 906 960
6 32 176 276 315 736 902
4 136 198 363 563
2 814 870
2 19 462
1 285
1 781
1 707
4 340 387 515 617
2 427 586
2 551 601
2 306 751
3 8 38 856
2 734 967
1 74
2 491 629
1 909
1 389
2 114 854
5 237 452 549 605 641
2 3 273
2 168 928
1 496
2 545 652
1 96
3 574 837 856
2 98 157
1 856
3 225 380 684
2 126 818
1 873
2 83 954
1 476
2 566 793
2 538 872
2 59 314
1 693
2 269 888
2 183 354
1 537
2 740 980
3 518 591 714
1 560
1 916
2 174 915
3 492 702 799
1 517
1 960
2 73 933
3 76 299 521
1 278
2 819 958
2 427 694
3 610 629 968
2 565 985
1 949
2 653 893
2 208 991
2 190 977
3 123 412 810
2 114 479
5 486 625 669 796 920
3 117 206 945
3 485 777 989
3 27 251 288
1 765
3 242 257 302
2 226 587
1 572
3 19 29 722
1 456
1 845
3 331 716 803
2 771 934
3 145 401 460
4 270 445 772 827
6 312 440 550 743 811 974
3 617 773 927
2 156 557
1 32
1 612
1 463
1 903
2 375 422
1 965
3 172 173 377
1 923
1 320
5 99 121 830 872 919
1 42
2 278 709
1 692
2 297 566
6 138 214 527 626 697 956
3 7 234 620
2 885 983
2 618 925
1 710
1 800
4 261 468 692 710
2 295 630
1 839
2 607 948
1 808
2 190 319
2 331 930
3 126 704 733
3 283 394 552
2 136 912
1 515
1 486
5 183 240 688 705 967
2 97 174
1 926
2 69 311
2 43 499
2 318 818
2 388 935
2 567 768
2 866 929
3 138 338 821
2 397 435
1 505
2 449 532
3 39 69 824
2 87 819
1 633
1 317
