600
1 321
2 321 428
1 442
1 589
3 545 43 209
1 327
1 297
3 290 89 495
2 88 261
2 393 430
2 153 241
1 275
1 239
5 76 444 575 539 52
1 222
1 194
1 260
1 209
1 175
1 408
1 209
1 575
3 29 455 233
4 411 537 336 582
1 273
2 176 357
1 334
2 439 433
1 545
1 22
2 587 214
1 228
1 134
3 345 95 386
2 217 289
1 385
1 128
4 76 105 463 114
1 561
3 509 77 207
2 346 278
1 521
4 546 445 124 59
2 4 89
1 565
1 142
1 536
2 277 533
1 311
1 438
1 199
2 184 381
1 13
2 139 554
1 196
4 291 423 316 252
2 285 66
1 79
1 69
1 42
2 471 485
3 202 549 570
3 149 263 384
3 571 211 271
1 268
4 499 191 128 569
4 56 103 465 460
2 440 171
1 250
2 58 150
2 438 489
1 229
2 150 228
1 403
2 456 349
1 294
4 13 37 431 512
3 39 306 136
1 209
2 57 378
1 158
2 361 270
1 136
1 193
1 94
1 434
1 532
2 304 373
3 8 308 233
3 7 43 265
1 511
2 391 133
1 314
1 316
2 84 349
2 33 130
2 350 104
1 119
2 161 585
1 585
1 124
4 157 449 490 537
1 108
1 66
2 96 186
3 37 396 118
2 413 475
2 109 381
2 102 109
5 107 108 326 333 360
4 182 405 238 192
3 595 205 568
1 166
2 443 154
2 37 494
2 254 281
1 231
3 538 243 341
1 105
2 97 457
2 455 461
1 361
1 156
2 571 247
2 42 100
2 426 283
1 460
1 276
4 36 65 270 181
3 348 260 513
1 95
1 277
2 373 353
2 91 557
3 32 313 574
1 457
2 77 82
1 342
1 179
4 53 589 142 487
1 294
1 550
3 45 139 276
1 294
1 341
2 573 424
1 232
1 255
2 478 358
1 62
5 69 72 331 181 257
1 323
2 475 343
2 10 272
2 113 507
2 512 573
2 122 443
1 101
2 80 201
2 467 176
1 436
2 98 579
1 482
3 327 528 551
1 537
1 270
3 112 526 260
1 213
4 299 512 318 498
4 439 471 371 402
1 329
3 67 414 293
2 462 432
1 400
3 248 444 218
2 18 334
4 25 159 592 298
3 588 427 321
1 565
4 138 573 415 473
2 432 315
3 128 150 435
2 110 230
1 544
1 51
2 320 342
3 104 580 441
2 533 490
2 230 561
1 537
3 595 266 332
3 65 275 492
1 110
2 83 231
2 15 396
1 345
3 54 344 294
3 507 596 577
1 407
5 50 350 400 345 308
1 227
3 158 451 273
1 61
1 396
1 542
1 111
1 391
1 39
2 254 259
4 4 17 20 78
1 416
2 63 317
1 485
2 167 483
3 30 376 272
1 385
2 459 349
3 34 419 436
1 174
1 471
1 277
1 400
3 14 357 480
1 294
1 291
1 584
1 585
2 200 446
3 31 72 300
4 71 438 557 389
2 182 188
5 116 193 353 321 369
4 146 448 285 358
2 22 88
1 542
3 598 298 504
2 358 548
1 489
2 110 515
3 12 406 317
2 342 453
1 10
1 296
1 117
1 413
1 459
1 391
1 123
1 174
1 431
2 68 569
1 329
1 55
1 337
3 115 208 416
2 147 316
3 390 434 409
2 150 407
2 267 464
3 208 508 584
4 16 129 166 514
1 8
1 298
2 62 438
1 365
2 89 483
2 190 312
2 258 580
3 64 395 376
1 398
8 81 128 165 340 509 393 454 307
3 63 579 302
3 153 214 520
2 24 201
1 550
2 11 191
3 127 142 445
6 47 131 220 576 287 451
2 40 429
1 334
1 539
1 115
2 471 330
1 125
1 411
3 56 232 404
1 361
3 277 453 310
3 368 570 474
2 34 522
1 7
3 55 224 394
1 572
3 171 337 421
5 75 140 143 196 223
1 450
2 242 489
3 6 547 378
6 176 235 262 337 563 509
2 168 516
1 228
2 454 482
2 271 552
1 532
1 87
3 326 453 496
2 77 438
1 270
3 88 199 481
1 438
1 287
4 48 430 542 597
2 266 417
4 134 517 529 564
2 92 532
2 180 565
5 55 93 255 389 493
2 211 239
3 168 343 499
1 480
2 185 410
4 0 1 177 231
1 487
2 151 369
1 464
1 335
4 109 305 530 562
3 5 163 560
1 421
3 170 251 511
1 282
1 150
2 190 452
1 109
4 26 175 279 553
3 325 433 418
2 23 408
4 253 293 298 550
1 580
2 543 500
1 270
2 117 144
4 137 185 240 397
2 152 318
5 196 536 405 538 524
7 33 195 199 535 588 513 559
3 40 599 482
1 512
1 129
5 74 94 216 555 446
3 96 199 354
1 455
1 499
2 132 231
3 350 476 471
1 387
1 508
3 25 222 367
3 148 232 236
1 574
1 109
4 81 121 286 442
2 484 531
1 451
1 499
2 264 525
3 403 543 471
1 357
2 288 428
2 231 323
1 550
1 169
1 594
3 87 132 392
3 431 519 566
3 393 503 583
3 214 268 385
1 519
2 79 297
2 542 581
1 590
2 51 107
2 447 589
1 439
1 62
3 35 215 376
1 33
3 355 566 547
1 592
3 229 316 405
2 256 419
3 91 206 246
1 373
3 9 270 375
1 291
2 268 550
3 105 194 203
1 342
3 269 534 445
2 424 532
4 173 199 221 553
1 452
1 169
2 73 366
1 285
3 110 344 389
1 239
2 198 257
2 19 336
1 256
2 320 491
2 23 284
1 472
2 106 244
1 171
3 179 502 457
2 210 254
1 312
1 335
3 217 390 521
2 557 521
2 293 328
2 517 479
1 55
2 145 399
1 435
2 125 563
1 177
3 1 368 541
1 278
2 9 311
3 76 249 374
3 172 180 577
2 27 335
2 85 256
2 181 425
2 160 217
1 575
6 49 70 229 263 306 309
3 27 169 383
1 67
1 186
3 2 361 511
3 113 156 450
2 13 174
5 42 276 398 537 477
3 227 349 496
1 382
1 232
2 101 580
2 295 443
3 201 277 363
2 332 401
3 240 287 305
2 270 301
4 22 120 351 544
1 74
4 119 135 415 517
1 487
2 216 245
3 66 126 527
1 120
1 172
2 37 518
3 258 324 501
2 66 497
1 599
1 159
1 578
1 579
1 581
7 60 169 219 282 354 366 505
2 412 572
1 179
1 288
2 106 152
2 354 540
1 445
1 148
1 422
2 222 319
1 308
3 162 301 346
2 213 265
2 362 559
2 60 212
1 533
3 139 322 458
1 563
4 70 237 296 591
2 101 187
1 410
2 191 577
1 316
1 114
1 7
2 305 446
2 465 569
2 168 580
4 65 318 352 364
1 339
1 464
1 415
1 375
2 235 508
2 471 579
1 507
3 154 197 506
3 259 356 504
3 39 270 298
1 555
3 90 329 442
5 76 155 168 347 593
2 129 345
1 260
1 238
1 299
3 313 422 457
1 463
2 374 377
1 272
3 41 419 420
1 289
1 549
1 344
4 365 555 556 545
1 166
1 460
1 163
1 313
1 326
1 362
4 86 303 314 399
3 47 187 486
1 398
1 345
4 46 344 560 586
6 23 101 164 189 445 558
2 117 344
2 13 280
1 476
1 428
4 204 234 311 379
2 339 366
2 183 455
3 4 28 525
1 42
2 297 387
1 236
2 61 523
5 141 274 337 370 395
1 163
1 302
2 334 400
1 53
3 349 510 525
1 525
3 133 229 420
1 537
2 345 484
2 327 536
2 38 188
1 326
3 298 426 488
1 313
3 44 178 315
3 374 387 590
1 581
2 111 596
3 65 250 497
2 61 288
3 63 123 578
3 292 472 598
3 145 155 179
2 134 359
3 13 21 437
1 277
3 197 432 492
2 468 571
4 161 271 469 505
6 186 267 338 449 498 594
3 379 470 567
1 23
1 375
2 225 259
3 98 99 226
1 536
1 30
2 177 345
3 3 139 382
2 380 566
1 489
2 176 388
1 512
2 372 580
2 111 190
2 197 568
1 311
2 235 572
2 346 466
