200
1 142
1 24
2 125 136
1 86
1 179
1 57
1 109
1 73
1 37
3 172 20 70
2 114 87
1 139
2 89 15
1 17
4 167 64 37 188
4 12 28 151 148
1 79
2 13 43
2 43 73
1 174
3 9 97 38
2 120 85
1 38
1 177
3 1 99 75
1 173
2 116 29
4 48 145 163 179
1 15
2 26 61
2 131 157
3 196 69 187
2 143 45
1 120
1 47
1 135
1 148
4 8 14 85 60
2 20 22
1 58
2 133 189
1 74
2 119 159
5 107 17 18 60 80
2 113 157
2 32 171
2 174 189
2 34 143
1 27
2 153 57
1 161
1 85
4 103 93 174 166
3 128 140 155
1 105
2 137 149
1 127
3 5 49 92
3 39 156 189
2 102 137
3 138 37 43
3 29 141 191
2 163 178
3 108 196 83
3 14 164 86
3 171 197 190
1 130
3 116 127 99
1 181
1 31
1 9
1 155
1 127
3 7 18 94
4 119 144 41 89
1 24
1 181
2 119 182
1 131
2 16 188
2 130 43
2 150 84
1 92
2 101 63
2 81 191
8 112 125 21 37 147 51 172 98
2 3 64
1 10
2 106 155
3 12 129 74
1 120
1 146
5 110 57 172 184 82
2 52 175
1 73
2 147 161
1 177
2 20 139
1 85
3 24 160 67
3 136 181 198
2 132 83
2 185 59
3 113 167 52
1 150
2 173 54
1 88
1 43
1 63
2 6 183
1 92
1 191
1 85
2 103 44
3 199 161 10
1 174
3 67 118 26
1 167
3 116 158 155
3 42 77 74
4 33 21 142 90
1 167
1 195
3 125 169 193
2 181 192
3 2 123 85
2 133 177
4 67 183 72 56
1 53
1 89
2 80 66
2 30 78
1 101
2 126 40
1 138
2 35 184
2 100 2
3 59 190 55
2 134 60
2 11 97
1 53
1 61
3 0 120 173
3 32 146 47
1 74
2 27 191
2 143 91
2 95 85
3 15 36 176
1 55
3 104 81 168
2 15 165
1 199
1 49
1 192
4 118 53 71 88
1 58
2 30 44
2 118 180
1 42
1 99
3 114 50 95
1 184
2 27 62
2 64 190
2 151 188
2 52 191
4 103 117 121 14
1 150
1 123
1 171
3 45 170 65
3 9 85 92
3 105 25 142
5 115 19 46 52 194
1 93
1 148
3 126 23 96
1 62
2 4 27
1 158
4 100 124 68 76
1 77
2 109 127
3 135 162 92
1 102
1 192
2 31 197
3 14 165 79
3 40 46 58
3 137 164 65
6 111 145 166 61 84 195
3 124 154 186
1 123
1 174
2 122 191
2 31 63
2 65 187
1 100
2 114 152
