1000
1 900
3 29 271 599
1 714
1 187
2 807 976
2 505 351
2 768 260
1 878
1 454
1 722
1 154
2 35 238
1 471
2 817 424
1 605
3 567 637 673
2 167 649
1 936
2 287 867
1 900
1 733
1 317
1 822
4 211 102 806 779
1 457
3 297 552 164
1 92
1 431
3 372 145 933
1 1
2 273 288
5 256 350 412 437 970
2 129 874
2 609 840
1 793
5 11 978 725 623 74
3 138 58 344
2 913 189
3 262 506 924
4 986 380 756 751
2 222 219
2 113 830
1 515
1 207
1 744
1 514
1 124
2 71 396
2 407 618
2 434 928
2 614 908
1 886
1 213
1 343
3 138 395 203
1 964
1 379
1 78
2 36 652
1 109
1 362
1 647
2 289 615
2 681 787
2 666 332
3 254 364 101
1 724
3 987 776 489
1 415
1 780
1 339
1 47
1 762
1 633
3 35 79 539
2 242 658
2 910 519
2 386 700
3 57 403 721
1 74
3 774 907 175
3 968 288 930
2 726 667
2 195 365
1 856
1 110
2 430 686
4 829 762 161 180
3 124 888 422
4 580 150 544 555
1 660
2 248 438
3 26 339 426
2 605 915
2 935 511
2 119 952
3 872 353 376
2 132 770
2 926 527
2 582 548
3 717 355 338
1 65
3 23 841 725
2 922 174
4 900 963 728 135
3 831 754 795
3 381 457 200
1 774
2 111 689
3 59 872 564
4 85 306 915 451
4 108 856 706 568
1 246
3 41 598 989
3 843 221 808
2 677 767
2 195 811
2 763 898
1 270
1 95
2 884 284
1 856
1 621
1 862
2 46 88
1 606
1 232
1 710
6 988 957 583 177 852 347
1 32
1 684
2 681 621
1 97
3 136 282 356
5 909 631 494 307 431
1 104
2 133 252
2 363 819
4 36 54 613 304
1 178
1 226
3 857 637 929
3 940 998 889
1 682
1 213
1 28
1 468
2 293 853
2 716 821
1 486
3 89 236 372
2 670 949
1 416
3 862 502 180
3 10 713 506
1 304
2 214 999
1 289
2 396 433
1 774
1 493
1 87
2 301 295
2 721 325
2 25 873
2 920 740
1 963
3 16 695 586
2 774 449
3 410 634 880
1 399
2 281 603
3 180 436 812
1 747
3 103 593 952
3 80 828 239
2 644 714
2 128 542
2 139 533
2 886 977
4 87 153 172 336
3 199 903 316
1 645
2 432 835
1 994
3 983 876 266
2 702 837
2 3 951
4 683 237 444 990
1 37
1 506
1 751
1 411
2 458 286
5 968 460 725 999 396
4 83 116 370 258
2 655 965
2 438 482
1 485
2 181 335
1 106
1 330
2 786 789
4 54 674 612 833
1 471
1 978
2 725 478
4 43 515 694 820
1 957
2 665 499
2 651 519
3 23 218 780
2 828 896
3 52 144 412
2 156 348
1 836
3 293 869 411
3 637 462 326
2 211 869
3 40 362 714
3 647 967 321
4 114 903 959 298
1 40
3 233 236 699
4 455 356 404 388
5 748 330 610 559 773
3 140 471 743
2 734 783
1 589
1 253
1 841
1 933
2 126 761
2 223 589
2 915 386
1 728
3 150 223 695
1 188
1 11
2 175 360
1 928
3 897 359 904
4 75 935 551 945
2 722 549
1 681
2 954 793
2 112 787
3 621 754 686
1 91
3 480 354 250
2 249 825
2 997 265
1 136
4 229 754 409 760
1 65
3 937 998 719
4 31 299 759 819
1 807
3 195 995 982
1 333
1 6
2 840 801
1 38
4 894 752 873 313
2 537 655
2 251 906
1 185
1 861
1 756
3 683 281 472
2 118 276
2 1 818
2 757 676
3 30 583 782
2 475 473
1 983
4 270 581 307 406
2 844 510
2 737 698
3 419 651 284
2 934 588
2 171 269
1 133
2 871 350
2 120 279
1 872
2 193 555
3 18 387 296
5 30 81 761 705 912
3 62 157 471
2 835 849
1 795
1 972
4 147 216 662 432
1 737
2 162 985
2 287 991
2 25 459
1 221
1 256
2 771 923
1 162
1 973
2 345 880
3 138 155 410
2 329 397
1 110
4 134 276 470 750
2 741 509
1 666
2 980 742
3 733 423 447
1 936
1 263
1 334
3 390 592 715
1 181
2 21 750
1 851
1 933
3 803 890 627
1 220
1 759
1 963
1 429
2 163 788
1 217
1 795
2 611 928
3 305 933 804
4 201 225 681 497
1 477
2 64 377
3 259 662 874
4 314 758 986 574
2 199 818
1 180
1 546
2 100 392
4 70 92 423 869
1 706
3 809 989 939
1 353
2 53 877
1 36
4 303 378 371 428
2 367 896
1 128
1 214
1 495
2 31 283
3 5 959 543
2 929 948
2 96 342
2 249 628
3 100 701 420
3 133 224 596
1 761
2 836 847
2 241 810
1 239
2 538 901
2 60 219
1 137
2 65 967
1 83
4 613 654 434 530
1 346
1 780
3 996 827 381
2 195 792
1 345
3 28 150 980
3 733 665 448
1 444
1 927
1 96
3 332 825 534
2 345 898
3 56 638 563
2 39 707
2 106 369
2 663 817
2 834 430
2 727 704
1 922
4 77 234 850 418
1 287
1 224
1 506
1 315
2 542 823
1 338
1 945
1 667
1 54
5 47 158 194 399 398
2 305 785
3 396 646 687
4 170 396 571 898
2 412 891
1 661
1 639
2 78 711
2 224 766
2 717 534
1 276
3 48 510 538
2 633 887
1 253
2 169 304
3 192 216 951
6 31 213 400 690 936 484
1 552
1 490
2 68 526
3 152 809 953
1 438
2 386 672
2 279 746
1 355
1 789
2 88 690
3 311 339 591
1 13
1 600
1 92
1 959
3 345 856 468
3 324 875 829
3 86 383 797
3 27 134 979
3 183 293 729
1 158
2 49 366
1 905
2 172 816
3 31 768 744
3 91 197 417
2 783 626
4 494 905 968 805
1 536
1 881
1 507
2 188 374
1 960
1 940
1 311
1 373
1 168
1 481
1 110
1 697
1 986
3 8 741 745
3 224 946 600
1 763
2 24 106
1 193
1 297
2 194 464
2 945 801
1 217
1 776
1 460
2 550 975
1 653
2 619 736
4 146 428 628 975
3 994 723 664
3 307 993 781
4 12 204 226 289
1 269
2 274 998
1 993
2 274 822
2 668 618
2 331 834
1 206
2 911 520
1 249
3 450 778 791
2 197 629
1 934
2 412 523
3 198 546 715
2 149 733
3 995 911 498
1 526
1 67
5 414 936 696 521 704
2 522 909
2 770 846
4 160 565 526 597
3 134 440 814
2 349 744
2 738 796
1 330
1 487
1 209
1 909
1 654
2 153 589
1 662
1 965
3 5 813 570
4 38 154 190 389
2 443 543
2 632 577
1 308
3 277 407 628
1 94
2 799 913
1 898
4 45 643 737 675
3 42 207 737
1 986
2 945 878
1 851
2 76 210
2 479 845
3 490 669 984
2 491 749
1 484
1 831
1 582
4 415 488 493 942
2 98 564
1 663
3 899 606 959
1 366
1 992
1 550
2 178 807
2 377 405
2 765 657
3 441 713 780
1 264
3 361 407 851
1 74
1 846
1 974
2 177 391
3 351 507 830
1 89
1 934
8 337 485 716 709 572 815 947 962
1 725
2 99 770
2 243 965
2 465 532
1 242
3 25 413 955
3 608 632 753
1 659
2 89 286
1 617
1 742
2 657 854
1 225
2 920 911
2 897 937
1 803
1 379
4 109 527 736 917
2 493 959
2 675 630
2 15 895
1 111
1 844
1 505
1 399
3 546 673 607
1 962
1 334
1 686
1 674
3 508 863 739
1 888
1 623
1 89
1 276
3 99 525 836
3 128 273 972
2 793 766
1 769
2 167 995
1 811
1 280
3 228 233 502
1 957
1 423
1 315
1 174
1 619
1 708
1 356
1 493
1 113
2 1 981
2 425 455
1 713
2 772 980
2 171 619
1 957
3 14 93 943
2 125 529
1 572
2 553 950
1 33
1 225
2 328 778
1 203
3 138 366 842
1 50
2 62 813
1 882
3 556 803 644
2 48 476
4 467 594 603 969
1 877
3 122 131 247
1 918
3 35 579 710
1 957
1 915
1 439
2 320 881
3 354 468 510
3 482 671 830
1 566
3 134 955 867
3 508 553 728
3 73 408 737
1 169
1 910
1 769
3 15 141 217
2 379 720
2 402 843
2 846 641
1 640
1 870
2 514 828
2 176 617
3 182 799 918
4 398 697 721 960
4 61 220 957 855
2 993 995
2 16 927
1 708
6 210 279 914 925 843 737
1 58
2 466 964
4 366 501 688 826
3 196 264 864
3 678 866 868
2 535 558
2 75 693
2 554 965
2 90 820
4 401 856 744 943
3 293 333 503
4 382 528 885 731
1 469
3 209 373 718
3 64 309 747
2 82 394
2 476 797
1 521
1 151
1 629
1 418
2 15 572
2 203 576
2 514 566
1 272
1 115
1 656
1 819
2 876 774
5 63 131 244 330 879
2 143 774
3 188 269 992
2 130 890
1 776
4 86 247 575 764
2 398 777
1 654
1 108
4 412 422 946 974
1 987
1 829
1 658
2 207 858
2 167 236
1 490
4 452 646 902 893
1 278
1 223
1 77
1 355
2 186 956
2 829 908
2 384 490
1 288
3 111 340 796
2 380 814
6 595 650 964 880 868 784
2 546 720
2 127 623
1 403
1 870
3 154 536 601
3 2 176 219
2 315 485
2 148 546
3 100 405 790
1 665
1 255
3 638 709 735
3 78 163 646
2 9 243
2 469 814
2 66 861
5 35 102 194 206 547
2 82 861
1 384
3 104 235 632
1 432
1 881
1 663
1 734
4 20 311 373 486
2 227 732
1 720
2 467 564
6 278 294 514 515 633 651
1 496
1 577
1 165
2 308 454
2 310 557
1 226
5 44 437 495 661 827
2 454 748
1 419
2 173 666
2 225 745
2 522 770
2 307 317
2 39 191
1 263
1 553
3 105 247 253
1 815
2 39 268
2 272 790
1 334
3 256 322 771
1 253
3 232 288 357
2 72 87
3 117 456 938
2 686 977
2 535 952
2 404 584
2 115 802
2 6 437
3 585 636 964
4 97 492 548 749
3 300 759 958
1 602
1 225
6 80 107 159 168 680 682
1 854
4 67 463 685 799
2 687 900
2 481 611
1 23
5 69 211 368 536 987
1 470
1 273
3 227 439 894
1 708
1 397
1 202
2 63 246
1 325
3 202 421 880
2 717 757
1 481
1 370
3 34 245 584
1 873
3 105 291 327
2 496 706
3 430 668 837
1 925
3 512 645 776
2 851 916
4 261 461 892 922
2 767 940
4 320 562 617 832
1 329
1 440
1 23
5 4 257 533 915 921
1 114
2 341 416
1 359
3 116 587 870
2 172 932
2 505 615
3 494 707 723
2 546 755
1 436
2 13 382
2 271 335
3 137 256 679
3 207 660 838
1 148
2 22 475
1 391
1 888
3 250 377 906
1 654
2 369 744
3 175 212 643
4 87 429 692 703
4 41 543 629 934
3 105 524 966
1 803
2 203 919
2 383 477
2 183 290
3 215 358 582
3 186 797 859
1 820
1 960
2 33 261
3 102 230 959
1 613
3 114 639 651
2 277 569
1 520
3 492 540 640
1 358
1 855
1 290
1 386
5 318 518 538 800 940
1 128
1 147
2 558 775
3 647 848 952
7 84 111 121 428 661 969 961
1 141
1 694
1 837
1 881
5 267 724 726 985 957
2 123 153
1 577
1 655
1 903
1 656
2 18 631
3 656 708 971
3 216 218 339
3 642 712 811
1 283
3 96 109 285
4 164 263 794 883
2 32 333
1 429
2 185 680
3 343 620 921
2 7 517
1 681
4 169 303 708 789
5 442 627 730 860 922
2 616 905
1 873
1 120
2 663 987
2 51 179
1 408
3 88 578 824
1 142
2 320 684
1 400
1 801
1 697
2 263 783
2 567 960
2 212 346
2 241 561
4 117 378 399 513
1 529
4 0 19 104 777
1 361
1 697
3 181 221 865
1 241
3 435 440 882
2 265 825
1 80
2 50 703
4 134 491 500 949
2 76 635
4 479 487 560 941
1 288
2 37 512
1 651
5 93 110 234 625 807
1 800
1 564
2 622 645
1 833
2 165 560
2 807 877
4 103 385 801 881
1 300
1 38
2 651 798
1 98
2 375 649
3 49 240 328
2 141 352
2 81 965
1 995
1 812
4 28 231 319 329
4 280 483 545 830
2 94 242
4 17 312 412 490
2 255 561
1 763
1 341
4 142 446 802 851
1 911
1 526
2 605 661
1 966
4 242 393 461 517
2 455 690
1 546
1 352
2 151 909
1 608
2 187 411
4 95 174 765 855
1 416
1 245
2 552 631
1 702
7 128 208 590 604 624 647 861
1 771
6 221 351 427 529 565 841
4 445 646 839 895
1 856
2 546 573
3 104 166 323
4 55 653 708 769
5 196 504 549 659 930
2 831 944
2 220 364
3 81 194 440
2 619 856
1 31
1 868
2 292 583
2 302 993
2 541 690
2 465 468
1 4
2 179 764
2 35 205
1 431
3 310 372 602
1 599
1 258
2 185 275
1 521
2 295 861
4 39 334 453 516
4 67 691 780 885
1 128
2 113 341
1 188
1 296
2 531 683
4 470 474 648 973
2 184 469
5 258 487 586 648 931
1 369
1 251
3 142 255 473
2 156 194
