100
2 56 41
1 16
1 84
4 27 12 81 78
1 11
2 14 91
2 94 22
2 33 57
3 99 77 53
1 79
1 40
3 4 40 47
3 3 87 73
2 30 82
1 5
2 36 89
3 1 72 57
1 54
2 25 93
1 67
2 48 86
1 97
1 6
1 57
1 45
2 18 39
2 73 52
3 3 29 79
3 36 90 45
2 27 90
3 13 93 98
1 87
1 38
1 7
1 96
2 86 88
4 15 68 28 48
3 76 46 50
3 68 32 91
1 25
4 10 11 46 90
3 0 62 98
1 79
2 69 84
1 57
3 24 28 97
3 64 37 40
1 11
3 20 74 36
1 61
1 37
1 77
1 26
1 8
2 63 17
1 68
2 0 83
4 7 16 23 44
1 62
2 80 94
1 69
3 72 79 49
3 58 85 41
2 54 98
1 46
1 72
1 95
3 80 95 19
3 38 36 55
4 60 92 75 43
1 77
1 99
3 61 65 16
2 12 26
1 48
1 69
1 37
4 8 70 80 51
1 3
5 61 9 27 99 42
3 59 67 77
1 3
1 13
1 56
2 2 43
2 62 96
2 20 35
3 12 31 98
1 35
1 15
3 28 29 40
2 5 38
2 69 99
2 18 30
2 59 6
2 66 67
2 34 85
2 21 45
4 63 30 87 41
4 8 71 79 92
