1000
3 175 347 3
3 389 407 71
1 835
2 0 636
2 337 887
1 847
2 781 706
1 57
1 780
6 564 467 977 400 768 334
1 373
1 318
2 237 984
1 790
1 430
2 300 529
1 304
1 902
2 101 787
1 20
2 19 442
1 466
1 992
2 55 165
2 372 495
1 303
2 340 959
2 206 805
1 79
2 405 546
1 270
3 859 411 353
3 112 939 170
1 399
1 263
1 732
1 930
2 160 314
2 79 191
2 271 720
1 506
3 873 217 248
3 181 904 731
3 767 346 870
1 605
4 680 538 264 818
2 893 131
3 689 552 187
1 825
2 392 388
3 838 330 836
1 569
1 447
1 502
1 300
2 23 896
2 679 92
3 7 453 230
3 983 809 274
3 382 948 618
2 435 134
1 188
3 374 417 539
1 730
1 535
2 156 571
2 491 391
3 496 242 770
2 405 806
3 263 785 98
1 81
2 1 81
2 678 826
1 854
1 264
1 708
1 774
2 520 558
1 364
4 28 38 582 465
2 215 846
4 70 71 933 189
1 260
1 174
2 799 243
2 847 460
3 823 721 320
2 549 892
2 386 551
1 745
1 866
3 747 327 118
1 56
3 824 483 393
1 535
1 745
2 188 110
1 700
2 69 608
2 418 512
1 797
3 18 486 223
1 571
3 598 525 184
2 991 913
2 960 876
2 406 830
1 313
1 413
1 594
4 96 304 871 113
1 663
3 32 734 179
1 110
1 540
1 397
3 506 159 195
2 341 313
1 91
4 657 378 805 124
1 134
1 966
1 773
1 661
1 119
2 594 536
4 787 927 601 350
3 509 908 287
2 531 305
1 692
1 685
3 46 473 903
1 202
4 172 713 275 976
3 60 120 911
3 356 920 433
3 870 856 646
1 219
1 937
2 525 628
1 888
1 957
1 955
2 190 581
4 851 484 941 755
3 546 792 654
1 232
2 326 414
1 187
2 474 520
1 818
2 256 366
3 511 569 802
2 874 415
1 643
2 979 262
2 65 548
6 615 940 640 224 424 451
1 379
4 116 927 218 826
3 37 253 402
2 563 442
2 326 316
1 867
2 847 632
2 23 871
1 316
2 906 492
2 884 796
1 266
1 32
1 384
1 133
2 926 756
5 83 176 503 876 782
1 0
3 174 387 685
3 589 536 227
3 364 702 630
4 112 510 769 924
2 250 313
1 42
4 543 969 950 192
1 302
2 103 826
2 982 535
2 936 377
5 47 148 410 683 786
5 61 96 566 644 221
1 81
3 143 267 803
2 38 601
1 182
2 853 594
3 211 583 674
3 116 328 554
1 856
3 958 550 452
2 503 420
2 237 979
1 533
3 578 652 524
3 132 427 555
4 868 945 464 240
5 282 944 957 609 770
1 388
2 27 963
1 736
2 946 364
1 435
1 333
3 194 380 312
1 680
1 750
1 935
2 80 579
4 527 372 416 355
2 41 924
3 159 958 472
3 137 913 306
1 549
2 188 257
3 270 528 346
2 101 888
2 157 965
2 359 308
1 394
1 177
1 307
1 666
3 57 591 325
1 970
2 146 583
1 531
1 549
2 687 845
2 597 808
4 12 199 467 602
1 483
1 370
2 203 658
2 580 727
1 67
3 84 954 748
1 435
1 582
1 326
1 901
2 41 759
2 905 858
1 180
3 745 630 883
4 508 639 728 505
2 160 258
5 889 479 367 470 429
3 294 537 996
2 151 986
1 221
3 253 369 803
3 749 763 773
3 82 902 286
2 471 375
1 155
4 34 69 610 418
4 45 74 530 736
2 750 998
2 169 878
1 190
1 521
3 923 641 383
3 30 222 832
1 39
1 993
1 406
1 58
1 133
2 760 535
3 700 294 278
2 277 820
1 434
2 609 313
2 434 923
1 204
1 888
1 624
2 915 933
3 260 988 912
2 127 295
1 880
4 592 661 830 478
1 385
1 706
1 756
2 607 935
2 255 277
1 287
1 647
2 445 807
1 734
2 669 928
4 15 54 987 926
1 612
2 183 969
2 25 385
2 16 110
1 128
1 219
3 228 608 865
4 225 488 827 493
1 769
1 878
1 619
2 211 699
5 107 117 180 280 336
2 37 573
4 851 652 528 441
2 162 166
1 337
3 11 798 743
1 326
1 86
3 541 593 967
1 331
1 503
1 992
3 230 663 523
8 147 162 246 319 571 959 757 532
4 91 738 413 619
1 195
4 730 373 935 648
3 50 355 577
2 322 370
1 725
3 210 889 744
2 9 605
4 383 447 606 360
2 313 374
4 4 317 427 843
2 662 837
1 594
3 26 677 576
3 117 913 778
1 746
2 685 862
1 855
2 656 698
2 43 222
4 0 696 665 668
1 860
2 490 444
3 126 715 744
3 884 976 852
1 786
1 31
1 593
3 216 330 635
2 135 385
1 653
1 459
1 225
1 335
1 944
1 372
3 428 775 850
3 78 178 208
3 369 709 448
1 151
1 254
1 981
2 258 365
3 239 331 661
1 458
3 24 216 362
4 10 329 946 857
3 62 336 559
2 261 655
2 669 548
1 186
3 119 489 678
3 158 758 408
2 211 663
1 890
3 59 443 493
3 269 335 775
2 171 585
5 290 303 356 825 491
2 88 764
3 176 464 829
3 49 205 696
2 1 724
2 949 921
1 66
3 49 471 951
2 93 506
3 226 545 662
1 570
1 757
3 115 839 978
4 585 742 738 450
3 33 934 711
1 9
2 881 946
2 160 602
2 679 878
2 986 810
5 29 68 712 690 739
3 106 273 914
1 1
4 379 611 867 801
1 786
1 187
2 31 546
1 503
5 108 327 735 649 667
1 147
2 153 795
1 216
2 62 937
3 99 263 917
1 889
3 198 522 549
2 566 835
1 544
1 622
2 157 974
2 596 426
1 425
3 202 337 499
3 363 898 993
1 254
2 14 680
2 609 670
3 967 629 718
5 135 732 884 477 751
3 279 281 656
4 60 209 244 729
1 798
3 450 513 962
1 735
2 693 611
1 610
1 315
3 20 161 626
4 382 985 691 596
1 349
4 297 957 600 964
1 937
2 52 335
3 365 985 500
1 490
2 398 437
1 157
1 197
1 57
1 658
1 639
1 587
1 679
4 371 855 821 506
4 358 978 956 877
2 85 591
1 667
1 614
1 855
5 203 387 626 916 683
2 79 612
2 21 994
2 9 237
1 877
1 846
2 254 886
5 261 392 815 741 841
2 218 806
2 131 916
1 149
1 795
1 919
1 433
2 289 557
2 254 777
2 797 926
1 502
2 873 710
3 93 238 754
1 144
2 671 763
1 101
1 598
1 308
1 378
4 349 449 752 775
3 66 385 526
1 167
2 308 382
2 595 778
2 24 666
2 67 634
1 600
2 660 946
3 427 765 812
2 448 603
1 865
3 53 481 742
4 174 198 323 412
1 971
1 252
4 40 116 393 458
2 621 691
2 252 923
2 127 944
1 179
2 152 540
2 99 774
4 437 859 567 831
1 834
1 727
1 609
1 749
1 562
2 968 578
3 77 149 912
2 268 630
1 420
2 325 551
1 201
2 103 139
1 491
2 216 895
3 222 315 804
1 15
2 264 882
3 128 233 992
1 326
2 200 617
1 600
4 64 94 185 276
2 125 177
5 255 556 673 771 973
1 45
1 62
2 114 511
1 321
1 585
1 182
3 422 604 640
3 394 860 901
5 29 145 411 729 885
1 825
2 156 376
4 87 220 234 420
2 197 809
3 88 523 942
2 47 938
1 933
1 195
2 202 627
2 537 639
2 478 935
3 77 599 676
1 374
1 641
1 881
3 518 824 833
1 161
2 9 697
1 988
2 188 421
1 513
2 758 613
2 51 152
3 395 961 934
6 65 102 326 736 891 647
2 715 720
1 314
1 688
2 760 889
1 340
1 330
3 201 519 623
2 215 947
3 241 686 650
1 143
2 79 245
4 194 232 939 740
1 904
3 384 398 542
3 875 701 793
3 456 934 725
1 744
1 177
3 686 780 872
3 230 460 681
1 289
2 321 354
6 109 125 193 339 890 846
1 494
2 425 443
3 236 957 795
2 103 487
1 558
3 445 497 534
2 126 191
2 237 402
1 500
1 544
2 44 334
2 335 758
1 293
2 98 307
4 204 280 431 516
3 263 440 769
2 408 439
2 301 465
1 568
2 462 658
1 157
1 665
3 533 733 687
1 59
2 311 327
1 635
2 507 980
2 423 784
3 578 637 816
3 284 918 834
1 836
2 442 464
1 555
2 139 642
1 432
3 178 251 521
3 855 953 931
1 164
2 651 792
1 496
3 355 620 863
1 3
1 623
2 728 726
3 252 455 556
3 157 544 762
2 269 560
1 628
2 154 923
3 188 967 848
1 657
2 136 784
2 296 571
3 329 692 953
1 413
1 580
1 633
2 201 315
3 357 971 843
2 145 684
1 375
3 345 434 952
2 119 645
4 240 454 614 849
1 681
1 498
3 123 289 370
2 338 394
5 111 325 380 815 997
1 942
2 347 616
2 229 495
2 413 461
1 347
3 299 376 906
1 431
2 485 717
1 879
1 537
1 194
1 780
1 558
4 340 795 896 975
2 72 378
3 56 403 457
3 45 212 430
2 591 659
1 771
2 187 464
1 654
5 130 176 343 864 819
2 580 590
3 235 617 909
2 574 840
1 47
1 405
2 443 507
2 129 648
2 439 999
1 789
1 822
2 347 388
1 564
1 345
1 312
2 97 277
1 586
1 178
1 991
2 929 793
1 795
3 6 291 723
1 755
2 75 977
3 365 927 776
1 482
1 399
1 405
1 133
3 753 760 955
2 350 572
1 888
1 671
1 432
2 954 990
2 39 572
2 86 896
1 733
1 706
1 389
2 332 587
1 638
2 241 515
3 252 638 925
2 435 546
2 63 329
2 42 870
4 35 433 868 788
2 617 722
3 112 298 909
2 413 438
4 207 264 571 936
1 969
2 327 398
1 405
1 583
1 471
2 398 502
1 318
3 333 350 588
3 89 95 251
2 342 754
1 91
1 243
2 259 517
2 213 265
2 433 813
1 490
1 714
3 483 746 986
3 144 707 972
3 173 292 783
2 326 396
3 379 568 606
1 248
3 276 575 714
1 805
2 640 875
3 259 485 817
2 386 981
1 499
1 816
2 43 894
2 9 970
4 179 309 610 910
3 67 204 900
3 537 682 943
1 971
3 122 259 976
3 76 512 897
4 363 383 490 791
1 709
3 479 941 798
2 341 494
1 782
3 8 590 675
2 6 792
2 174 779
2 756 990
2 622 646
1 69
3 187 352 409
2 18 126
1 732
2 694 949
3 13 875 999
1 775
4 145 633 781 988
2 586 704
1 929
6 415 475 597 677 705 945
1 168
4 100 480 989 814
3 318 436 777
1 84
1 943
1 408
2 152 934
2 190 258
1 528
4 27 119 761 880
2 68 472
1 297
2 236 828
3 58 550 840
1 404
1 852
1 499
1 751
1 797
3 471 663 864
2 623 766
1 763
2 45 150
1 685
1 278
1 458
2 695 945
2 86 969
2 93 562
3 48 385 547
3 72 159 184
1 308
1 808
2 387 919
2 106 289
1 513
1 270
2 562 998
2 514 624
2 2 421
2 50 625
1 338
2 50 892
1 397
2 688 809
1 471
1 965
3 337 653 932
1 953
1 235
3 80 469 594
4 5 85 164 992
1 644
1 658
1 363
2 144 315
2 351 811
3 193 948 978
2 73 933
4 344 458 463 631
3 136 196 869
1 373
1 249
3 31 513 933
3 348 545 920
1 946
1 343
1 635
3 685 815 926
2 307 501
2 90 926
2 163 408
2 203 732
1 856
3 43 136 731
2 110 165
2 590 994
2 41 482
1 153
3 586 762 790
2 105 174
2 459 468
4 266 310 403 913
3 672 993 983
2 288 805
2 401 561
1 530
1 251
3 168 351 433
1 546
1 470
1 4
4 140 223 283 716
5 254 333 419 575 994
2 381 594
1 571
2 87 838
1 46
1 767
1 527
3 55 677 721
1 774
1 428
1 910
1 770
2 247 545
2 17 260
1 131
2 42 584
2 249 936
2 167 669
1 908
2 127 907
2 687 734
2 769 899
1 134
2 286 520
5 104 219 341 878 930
1 406
1 285
3 464 473 934
1 418
2 624 964
2 476 829
2 135 860
1 390
1 932
4 269 281 508 643
2 179 217
1 728
6 173 300 480 864 866 995
3 126 159 709
1 299
2 704 794
3 36 913 949
1 631
3 843 922 966
5 81 285 553 854 859
5 399 570 587 802 916
4 214 293 329 557
3 186 736 905
3 138 417 446
1 552
2 32 583
1 157
2 144 777
2 551 664
2 771 800
4 204 361 509 993
4 203 795 822 971
5 208 373 401 498 861
1 579
2 59 853
3 390 789 930
1 182
1 392
1 656
3 631 648 844
2 243 719
2 142 714
1 459
4 141 204 445 597
2 197 218
2 26 326
1 105
1 570
1 437
1 206
2 445 918
2 224 842
2 121 932
3 321 432 644
1 519
4 182 302 737 823
2 231 768
4 504 653 772 945
1 755
1 537
1 424
1 677
3 133 351 773
2 9 708
3 397 459 853
2 155 199
1 621
2 368 764
1 185
2 58 879
1 12
2 443 448
3 256 404 754
1 300
3 286 565 792
1 797
2 719 783
2 104 703
4 22 324 531 847
4 272 428 879 944
3 466 872 889
1 926
1 255
1 663
2 265 833
2 693 790
