100
3 17 34 1
2 0 59
1 6
2 29 52
2 54 19
2 41 40
3 2 44 25
1 16
2 53 38
1 85
1 77
2 94 86
1 61
1 67
1 26
2 89 72
5 7 18 49 86 75
1 0
3 67 16 39
2 4 66
3 55 65 24
2 49 43
1 45
1 40
3 20 37 30
3 6 57 32
2 55 14
2 46 36
1 72
2 3 89
2 69 24
1 49
3 51 61 25
2 67 83
4 0 63 64 68
1 95
2 60 27
2 61 24
2 8 73
3 18 81 45
3 5 68 23
3 5 46 93
1 49
2 50 21
1 6
4 66 22 39 87
5 71 27 79 82 41
1 88
2 77 89
4 16 21 31 42
1 43
2 53 32
1 3
3 51 8 92
1 4
4 91 70 26 20
1 90
1 25
1 63
1 1
1 36
5 12 79 32 37 99
1 92
2 58 34
1 34
1 20
2 45 19
5 13 84 33 80 18
2 40 34
1 30
1 55
1 46
3 15 28 76
2 38 95
1 75
2 16 74
2 72 97
4 10 96 48 78
1 77
3 61 46 84
1 67
2 39 88
1 46
1 33
3 67 79 89
2 9 89
2 11 16
2 45 90
2 81 47
6 15 29 84 85 98 48
2 56 87
1 55
2 53 62
1 41
1 11
2 73 35
1 77
1 76
1 89
1 61
