600
3 107 209 2
1 502
2 0 381
2 203 530
1 509
1 35
1 472
1 262
2 181 318
1 184
2 56 469
1 12
2 11 268
2 33 98
1 183
2 205 574
2 246 330
1 250
3 64 561 103
1 243
1 439
1 555
1 118
2 161 434
4 408 323 157 492
2 533 75
3 414 336 115
1 497
2 239 236
3 505 198 503
1 345
1 273
1 181
2 13 534
2 407 52
3 5 278 139
3 588 485 163
1 116
3 224 254 324
2 90 347
2 297 238
3 300 144 458
2 246 482
2 406 498
1 157
1 106
2 477 145
2 509 283
3 496 435 192
2 333 532
2 234 335
1 518
1 34
2 116 62
1 422
1 476
3 10 294 136
1 347
3 362 315 113
2 593 543
2 575 524
1 188
4 53 184 521 65
1 395
3 18 440 109
1 62
1 325
2 93 121
2 206 188
1 228
1 579
1 461
4 469 553 364 212
3 308 542 172
1 412
3 25 288 538
1 124
4 104 429 164 586
3 217 547 265
1 133
1 559
1 572
2 117 352
1 140
2 196 252
1 115
1 492
3 309 345 480
2 522 253
1 386
2 39 332
6 372 562 384 137 258 276
1 229
4 67 553 132 498
2 151 244
2 342 268
2 196 189
1 519
2 13 521
1 189
2 540 298
2 528 475
1 158
1 18
1 77
2 552 451
5 45 108 304 524 466
1 0
3 106 235 412
1 64
2 149 188
4 327 581 568 119
1 182
2 58 498
2 558 227
5 26 85 249 411 468
5 37 53 343 387 135
3 82 159 481
2 22 364
1 111
3 129 353 404
3 67 197 337
3 573 334 277
2 304 255
3 76 260 338
4 520 566 285 143
5 170 565 572 368 458
1 236
1 441
3 120 230 187
1 408
2 317 216
3 93 573 287
3 79 543 185
1 333
2 116 153
1 56
2 91 578
1 240
3 35 357 195
2 83 353
1 333
2 361 484
2 125 392
1 41
3 46 571 447
1 196
1 537
2 539 514
1 110
4 307 383 438 306
2 94 154
3 175 322 597
1 135
3 151 223 481
3 448 455 461
2 286 225
4 24 44 319 441
2 102 525
1 117
3 550 385 232
1 23
1 595
1 36
1 77
3 422 175 166
2 165 494
1 266
2 368 188
2 266 550
1 126
1 374
2 73 176
1 233
1 451
2 152 165
1 172
1 388
2 271 483
1 440
2 399 554
4 8 32 590 552
2 112 581
2 14 233
2 9 62
1 133
1 525
2 129 421
5 61 68 110 168 202
2 96 99
1 203
1 196
1 48
3 326 358 580
1 304
3 139 395 314
8 84 96 146 191 347 574 452 320
1 121
3 29 216 351
1 436
1 446
4 232 273 367 219
2 188 224
4 3 190 260 508
2 394 504
3 15 405 350
3 68 543 464
2 412 516
2 391 420
4 0 419 397 398
1 515
2 296 270
3 72 430 446
3 528 586 513
1 468
1 358
3 131 198 380
2 78 233
1 389
1 201
1 565
3 261 462 512
3 223 426 274
2 154 222
3 38 202 340
2 156 390
2 399 332
1 114
2 69 406
3 92 453 247
2 129 395
1 269
3 160 201 462
5 173 183 217 497 297
2 50 456
3 108 285 500
3 28 127 419
2 567 548
1 40
3 28 286 569
3 138 329 394
1 346
1 452
3 19 557 427
1 94
2 407 525
5 16 42 428 415 443
4 229 369 519 479
1 468
1 115
2 17 330
1 304
1 84
2 88 474
2 38 559
3 123 313 333
2 343 502
1 328
2 91 584
1 360
3 124 203 302
3 221 535 595
2 7 408
2 368 400
3 580 378 432
5 78 439 528 291 449
3 167 169 391
2 416 369
3 12 95 376
3 231 589 360
1 211
4 178 572 363 577
1 559
2 31 201
3 222 589 303
1 296
1 91
1 122
1 35
1 392
1 383
1 355
1 407
2 47 357
1 371
5 125 235 376 544 411
5 156 239 490 445 507
2 132 482
2 75 544
1 474
1 546
1 265
2 476 552
2 401 455
1 56
1 362
4 211 275 450 462
3 40 233 316
1 100
2 359 464
2 41 379
1 363
3 260 457 487
2 274 365
4 106 123 194 251
1 582
1 150
2 150 550
2 73 565
2 87 325
1 501
1 368
1 448
1 255
2 195 335
1 58
1 297
1 131
1 8
2 157 527
1 196
1 363
5 152 339 403 459 583
1 24
1 38
2 66 309
1 193
1 111
3 257 366 384
3 240 515 537
3 16 250 529
1 497
2 90 226
4 49 134 141 255
2 122 485
3 50 314 563
2 26 560
1 121
2 124 377
2 322 383
1 224
1 385
1 95
2 116 256
2 453 370
2 30 87
3 241 576 557
6 39 57 196 441 531 388
2 430 434
1 413
1 205
1 198
1 82
4 120 140 561 444
2 523 423
3 281 557 436
1 446
3 139 283 409
2 193 215
1 299
2 259 269
3 142 572 474
2 58 295
3 271 301 321
2 72 118
1 303
1 328
2 201 453
4 126 168 263 311
2 247 267
1 344
2 284 392
1 91
1 397
3 171 545 501
1 503
2 268 285
1 338
1 264
1 300
1 216
1 2
2 438 437
3 150 280 339
3 91 328 454
2 160 341
2 89 550
3 116 580 510
2 177 347
3 218 582 508
1 225
3 208 266 570
4 143 279 371 511
1 409
2 204 240
5 63 195 230 490 598
1 563
2 209 373
1 209
3 180 226 540
1 263
2 293 431
1 526
1 322
1 120
4 205 474 534 585
2 43 228
3 34 245 282
3 24 130 262
2 357 393
1 459
2 115 285
5 74 108 207 517 493
2 349 506
1 26
1 246
2 267 599
1 471
1 495
2 209 236
1 208
1 187
2 54 165
1 354
1 593
1 474
3 222 553 463
1 243
1 246
1 77
2 212 348
1 401
1 264
2 571 592
2 23 348
2 48 534
2 199 355
1 382
3 150 382 551
4 20 265 520 470
2 64 179
4 128 157 347 558
1 581
1 246
1 353
1 286
3 200 212 356
1 145
2 155 312
2 265 488
1 296
3 105 174 467
2 196 242
3 229 344 367
2 384 523
3 155 293 491
2 234 587
1 302
3 41 126 536
3 322 410 564
1 582
3 71 155 586
4 221 232 296 473
1 426
2 206 299
1 466
2 106 465
2 451 592
3 115 214 248
2 10 72
1 439
2 417 567
3 6 523 599
1 462
6 253 289 361 405 425 566
1 101
4 55 292 591 489
1 46
1 564
1 247
2 87 557
2 117 154
2 42 287
1 178
2 142 499
3 36 334 506
1 513
1 302
1 449
1 476
3 286 395 517
1 455
2 24 86
1 412
1 166
2 418 566
2 48 581
3 27 233 331
3 43 93 113
1 484
2 235 546
2 310 374
2 1 256
2 29 375
1 204
2 29 532
2 413 485
1 286
3 203 389 556
3 4 47 594
1 387
1 392
1 221
2 213 486
1 148
3 210 329 547
1 207
3 412 490 552
2 51 552
2 97 247
2 125 439
2 62 98
1 88
3 354 454 472
2 60 106
4 158 186 245 543
3 402 595 588
1 319
3 101 213 265
1 330
1 3
1 347
2 49 505
1 25
3 33 405 435
1 261
1 458
2 147 329
1 75
2 148 558
2 100 399
1 542
2 73 541
5 59 133 206 525 555
3 285 288 557
2 374 577
2 290 500
2 78 515
1 237
1 556
4 160 169 307 386
1 438
6 105 181 292 517 518 596
3 72 93 426
1 180
3 21 543 567
3 508 549 579
5 243 346 355 480 544
3 114 441 539
3 80 254 272
1 336
2 18 353
1 91
2 335 396
2 459 478
4 126 220 308 595
4 125 474 495 582
3 237 471 555
1 111
1 239
1 391
2 145 433
4 81 126 271 361
2 122 132
2 15 196
1 60
1 346
2 271 545
1 137
2 70 556
3 193 264 387
4 111 182 442 496
4 305 389 460 566
1 322
1 258
1 405
3 77 213 461
1 456
2 36 526
2 269 274
1 181
1 476
2 433 467
2 59 424
1 509
4 162 261 526 565
1 552
1 152
1 395
2 416 472
