1000
1 978
2 353 706
1 131
1 650
2 116 618
4 393 730 340 13
2 283 633
2 949 644
1 20
1 775
3 451 853 476
1 224
2 253 718
3 5 771 686
2 757 994
3 155 349 351
4 346 489 343 408
2 214 237
1 339
3 119 868 722
2 8 618
1 632
3 279 920 154
1 843
3 696 136 797
1 870
1 335
3 113 809 376
1 909
2 189 635
1 309
3 664 562 650
2 713 124
1 747
2 794 122
1 517
1 815
1 547
2 95 190
3 233 325 899
3 458 531 789
2 646 870
1 568
1 359
4 763 759 498 176
2 248 613
1 907
3 60 598 700
2 134 234
2 767 214
3 562 512 772
3 385 321 852
1 160
3 758 89 674
3 692 122 965
2 274 357
1 892
3 617 860 493
1 144
3 883 111 109
4 47 560 678 348
1 566
1 299
1 862
3 709 942 466
2 406 977
6 85 697 484 453 480 322
1 915
1 688
2 794 325
1 481
3 231 224 425
1 613
3 169 147 106
2 710 216
1 89
3 468 445 659
1 220
2 100 999
1 442
1 883
2 202 706
2 958 550
5 860 663 714 431 517
1 224
2 66 815
4 218 440 773 977
1 769
1 404
3 53 75 102
1 155
1 144
1 275
1 108
2 372 858
5 38 859 955 374 555
2 115 671
1 577
1 672
3 811 578 723
3 78 624 631
2 354 580
4 89 149 932 308
1 320
2 741 292
2 112 574
4 73 993 335 950
1 228
3 93 892 608
2 59 612
1 760
3 59 756 199
3 105 159 876
6 27 610 750 323 553 290
1 918
2 96 622
4 4 733 205 948
1 775
1 192
3 19 575 276
1 267
4 244 225 430 564
2 34 54
4 989 447 508 129
4 32 768 427 231
1 903
2 766 355
1 762
1 960
2 123 529
2 388 433
3 2 491 893
1 261
1 986
2 48 450
1 311
3 24 789 995
1 202
1 825
1 167
2 504 554
2 717 162
1 523
1 976
3 58 91 194
3 201 327 315
1 510
2 73 528
1 930
2 102 602
1 194
3 734 758 910
1 869
2 729 884
1 22
3 15 90 688
1 160
1 462
1 230
3 112 960 389
5 52 156 518 483 742
2 406 587
1 141
2 265 257
1 839
2 397 885
1 417
5 139 804 467 403 839
1 268
1 73
1 816
2 928 498
1 189
2 851 195
5 979 934 531 975 776
2 253 670
1 44
3 993 210 737
2 532 750
3 270 209 668
4 962 220 440 452
1 815
2 436 520
4 242 455 675 231
2 944 537
1 848
1 312
1 283
1 194
2 29 172
2 38 497
1 572
3 118 824 347
2 812 815
4 144 150 188 270
1 173
1 316
1 316
2 956 911
3 111 824 623
1 359
1 145
3 81 137 721
2 207 880
1 543
2 116 586
1 977
1 203
1 644
3 179 450 457
2 177 933
2 246 687
2 359 586
1 682
2 17 49
1 552
1 74
1 754
2 86 226
1 758
4 77 180 469 903
5 478 465 320 951 395
3 429 416 665
1 632
3 11 71 84
1 121
1 218
2 271 647
2 107 249
2 781 358
3 158 674 641
5 71 124 183 632 827
1 313
2 39 689
2 48 295
1 554
1 297
2 17 292
1 332
1 961
1 363
1 792
2 183 651
4 516 877 327 468
3 121 916 945
3 456 775 947
4 211 307 939 757
2 543 526
2 45 777
2 228 535
1 928
2 540 277
1 768
5 12 175 407 835 748
2 463 559
1 557
1 303
2 163 903
1 418
2 868 764
1 748
4 132 967 745 738
2 366 685
1 586
2 973 860
1 163
3 506 386 507
2 120 735
2 168 320
2 513 640
3 179 194 410
1 227
2 450 747
2 737 363
2 55 755
2 92 282
1 119
2 251 817
2 379 491
1 22
1 919
2 843 941
3 275 745 991
2 6 187
1 877
1 586
2 367 592
1 501
3 436 739 441
4 900 946 618 667
2 113 861
1 888
3 104 237 615
4 635 983 914 597
1 416
1 234
1 765
2 236 767
1 462
2 62 870
3 798 876 699
2 983 349
2 313 814
3 256 472 719
2 412 821
2 463 985
1 571
2 246 915
1 102
2 30 605
1 345
3 135 349 765
2 186 688
3 232 302 609
1 589
1 145
3 196 197 469
1 844
2 539 727
1 579
3 103 221 268
1 51
2 66 588
2 113 849
1 521
4 39 69 492 755
1 527
2 145 243
1 933
1 849
2 502 644
2 758 565
2 238 798
1 334
2 333 883
8 26 106 710 511 378 840 594 964
1 601
1 726
1 809
2 18 780
2 5 740
1 679
2 760 394
3 16 700 970
2 413 599
4 310 588 419 909
1 16
1 192
1 60
4 15 301 311 697
3 393 806 743
2 15 620
1 702
1 1
3 101 434 406
2 126 763
1 617
2 55 619
2 229 558
3 43 200 212
4 673 780 981 400
1 877
1 693
5 240 273 478 689 556
2 650 576
2 533 693
4 262 485 930 508
2 286 986
1 764
1 777
1 757
1 997
3 94 927 629
2 779 483
3 95 443 961
1 923
1 27
2 661 459
1 335
2 278 879
1 696
1 490
2 655 451
1 705
1 641
2 51 769
1 266
3 504 929 422
4 130 939 573 547
1 159
1 935
1 840
1 741
2 5 350
1 342
1 221
2 496 867
2 165 498
1 971
1 736
1 360
2 829 719
2 703 793
2 167 607
2 88 837
1 907
3 65 161 354
2 253 968
1 16
2 595 779
3 270 956 938
1 762
1 304
2 344 761
1 868
1 651
3 222 294 614
3 166 818 633
3 258 768 807
2 345 533
1 903
1 682
1 387
1 473
1 623
1 71
1 533
1 124
2 764 691
2 222 960
2 121 790
1 83
1 456
1 130
2 354 716
2 904 467
3 182 288 871
1 994
2 885 561
1 809
3 86 180 787
1 288
2 79 636
2 374 534
2 550 851
1 76
1 995
3 123 748 816
2 815 660
3 541 508 626
4 134 209 272 695
4 10 382 691 860
2 180 756
2 66 613
2 730 841
1 183
3 245 432 728
2 209 653
3 40 630 598
3 377 707 800
1 946
1 931
3 157 298 607
3 254 305 857
2 997 988
1 221
2 64 787
5 167 435 792 582 514
2 76 243
3 220 316 895
1 739
3 931 998 850
4 303 808 974 632
2 423 778
2 754 611
2 822 596
3 10 507 578
1 953
5 221 363 486 802 589
1 652
2 66 881
2 70 815
2 882 641
2 160 373
2 66 701
2 366 940
1 478
2 815 821
1 776
3 16 625 783
2 381 583
2 131 278
2 325 536
1 57
2 563 606
1 848
1 396
1 190
4 44 171 397 886
1 616
1 993
3 287 645 880
4 330 804 530 570
1 801
2 140 387
2 656 905
1 266
2 266 476
4 123 366 449 669
2 719 830
2 146 804
3 335 925 585
1 50
2 269 571
3 467 634 752
1 991
1 243
4 35 83 689 684
1 160
1 805
4 182 991 940 866
2 324 617
1 820
3 142 881 873
1 997
1 708
1 247
2 326 562
1 147
2 129 836
3 502 937 814
4 40 174 836 888
2 178 784
4 365 419 426 805
4 443 648 577 907
2 249 646
2 492 953
1 184
1 818
2 318 638
1 251
3 449 646 592
1 660
3 204 247 678
1 611
1 879
1 981
2 37 388
3 848 834 980
3 769 934 832
3 82 444 642
1 554
2 215 984
1 113
4 140 235 551 935
2 95 647
1 363
2 255 682
1 358
1 254
3 60 875 842
1 438
3 31 50 527
2 494 663
1 121
2 331 833
2 61 630
1 604
3 42 890 982
1 691
1 502
3 306 513 943
2 191 711
1 388
3 105 643 702
1 119
1 364
2 97 534
2 99 476
3 319 704 747
1 101
2 833 929
1 467
3 490 826 733
2 862 942
1 511
4 205 212 263 285
2 161 681
3 322 345 865
2 314 478
3 679 823 896
1 868
4 286 541 971 992
1 664
3 335 628 744
3 409 923 891
2 475 698
1 293
2 47 458
4 344 705 927 788
1 646
3 336 984 882
1 149
1 871
4 567 792 688 711
2 309 815
1 494
2 403 462
1 108
2 313 864
2 113 740
3 474 544 680
2 109 872
4 45 72 453 786
2 416 987
4 292 991 897 969
2 499 746
4 57 356 521 622
4 4 20 289 945
1 357
1 351
1 740
3 115 617 913
3 199 424 778
4 100 946 630 924
2 489 731
1 449
1 958
1 594
1 372
4 458 566 624 923
2 100 844
5 21 223 231 472 770
3 6 417 798
1 514
3 29 293 905
4 442 646 978 918
2 638 750
2 539 637
1 930
2 269 811
3 230 384 482
1 550
1 574
3 7 208 330
1 501
5 41 535 541 600 636
2 227 555
3 534 857 850
1 916
4 3 31 364 801
3 242 415 876
3 479 666 803
3 457 729 944
1 935
1 382
2 505 902
1 985
1 795
3 76 679 915
2 448 542
2 377 725
1 937
3 83 563 847
3 31 593 880
2 222 724
2 652 829
1 289
2 179 859
2 508 817
1 175
1 96
2 98 920
1 360
2 53 230
2 183 848
1 697
1 863
2 60 543
4 341 590 659 688
2 611 694
2 587 926
4 213 421 557 932
1 780
1 517
1 262
2 13 799
1 211
5 68 155 312 604 679
3 233 363 517
1 755
3 428 451 569
2 54 966
2 362 365
2 680 838
1 450
2 24 380
3 66 349 676
2 596 922
1 300
2 47 343
1 484
2 352 574
2 402 712
2 579 878
4 383 599 856 870
2 1 81
1 459
3 525 906 820
1 64
3 74 335 936
2 572 604
2 703 910
2 32 877
1 83
1 728
1 434
2 141 930
1 12
3 303 401 509
1 953
3 202 828 970
1 19
1 99
1 665
3 661 903 769
2 337 862
1 318
2 456 715
3 153 653 952
2 5 454
2 625 917
1 885
2 116 583
2 151 855
2 267 816
2 399 756
3 177 273 837
1 261
2 288 470
3 340 610 621
2 104 392
1 160
1 350
1 594
2 261 282
3 616 927 898
3 33 272 579
3 253 260 447
1 801
3 113 178 637
4 908 957 831 852
1 514
1 859
4 217 474 876 863
3 274 325 690
4 111 452 736 879
4 14 246 370 867
4 53 151 219 331
2 44 760
4 110 342 759 845
1 413
3 127 411 863
2 44 355
5 259 368 428 945 806
2 296 311
2 126 883
2 49 297
4 124 252 418 894
4 87 385 549 725
2 632 906
1 13
1 50
1 86
1 786
4 9 117 245 953
2 174 488
2 248 369
2 473 623
2 373 409
4 339 360 683 856
2 229 890
1 869
1 489
1 532
1 892
2 613 774
2 440 466
1 599
2 40 136
1 430
1 983
3 241 467 604
1 402
2 34 69
2 658 923
1 999
1 24
3 300 332 633
1 686
1 459
3 503 650 749
1 478
1 652
3 167 502 510
2 519 533
2 350 764
1 418
1 472
3 27 338 439
1 927
3 99 640 890
1 193
1 985
2 302 530
8 36 85 181 193 448 481 487 605
3 170 447 735
2 277 669
2 417 538
1 902
2 522 708
2 304 487
2 475 989
1 590
4 192 199 869 959
2 138 962
1 583
1 231
1 721
3 401 666 900
2 509 963
1 751
1 549
2 565 581
1 548
2 253 889
2 529 531
2 404 737
1 694
2 164 167
3 335 391 919
2 454 887
1 560
3 23 281 929
2 317 631
1 760
1 991
1 663
4 185 495 548 675
2 323 329
3 471 648 854
3 173 444 938
2 51 751
1 10
1 850
1 734
2 705 780
2 463 648
1 94
4 95 668 753 982
4 57 83 264 451
2 290 972
3 63 584 726
3 677 754 762
1 609
2 588 901
1 520
2 396 757
5 19 259 414 591 921
3 152 782 824
4 25 41 299 705
2 436 603
1 612
1 523
1 927
3 560 996 892
4 112 300 651 754
4 243 284 361 713
1 704
3 379 545 756
4 203 501 664 894
2 480 523
2 482 601
4 59 80 334 766
1 153
3 165 438 732
1 498
1 841
2 291 531
1 835
3 568 781 811
1 595
4 56 108 785 875
1 131
2 768 880
1 469
1 590
1 615
1 746
1 39
2 289 829
1 865
2 656 819
6 125 220 257 420 725 920
1 435
2 505 635
2 708 770
3 46 405 534
1 751
2 28 345
2 151 712
1 198
1 936
1 622
1 293
3 67 307 659
3 244 649 976
1 731
2 114 636
2 280 840
3 22 672 903
1 868
1 698
4 375 595 630 795
1 624
1 511
1 681
5 372 599 746 810 874
2 171 250
4 387 581 843 993
4 148 366 639 717
2 461 471
2 102 682
2 210 328
2 174 549
3 390 554 654
2 710 912
2 530 662
2 410 851
2 246 388
2 485 520
1 281
2 64 584
1 571
2 184 653
4 244 618 764 988
3 289 460 624
1 245
1 116
1 7
1 106
1 221
1 729
4 477 536 720 775
1 981
1 95
2 198 410
1 751
2 82 627
1 824
3 128 159 429
2 239 374
2 180 825
1 830
1 335
1 54
1 692
1 261
1 407
1 615
2 343 721
2 398 592
1 861
1 264
1 472
1 174
2 143 916
3 65 86 206
2 0 636
1 174
1 548
3 360 546 954
2 568 859
3 293 301 791
2 552 601
4 305 657 813 990
2 133 367
1 614
2 464 945
2 123 822
1 985
5 282 515 520 615 846
1 592
4 106 177 500 929
2 14 437
2 136 446
1 875
3 371 464 524
1 471
2 78 796
