600
1 562
2 467 599
1 207
1 538
1 374
3 401 577 6
2 5 354
4 118 21 82 150
6 169 337 116 237 36 482
2 591 231
2 573 550
4 78 502 152 588
1 309
1 425
1 504
3 368 236 340
2 381 235
3 384 359 460
2 29 543
5 39 250 161 336 262
1 327
5 7 419 156 338 547
3 273 511 453
2 264 535
1 259
1 268
1 475
1 220
1 187
2 18 489
1 311
3 183 337 140
4 161 213 432 101
1 255
2 439 245
1 71
2 8 196
2 339 207
5 594 476 430 539 108
3 19 81 373
7 220 156 277 311 267 253 99
3 506 291 76
1 482
2 207 501
1 159
2 165 85
1 67
3 477 433 436
3 405 557 416
1 292
1 578
2 314 93
2 487 77
4 274 537 155 562
1 252
2 578 60
1 546
3 141 136 513
1 446
1 459
1 55
1 436
5 370 391 393 239 500
1 326
1 162
5 496 336 354 124 524
2 245 238
2 46 321
2 559 314
3 541 115 567
1 532
3 35 454 115
2 196 198
3 553 323 127
1 432
2 426 497
1 41
4 52 336 507 121
4 11 242 480 278
1 562
1 263
5 39 439 231 324 486
1 7
1 432
2 394 459
2 45 261
3 297 281 551
1 228
2 354 540
3 202 590 133
5 484 254 478 507 571
3 437 386 114
3 494 178 365
1 51
5 113 210 189 214 334
1 97
1 208
5 95 561 131 556 276
4 117 402 291 573
1 40
1 360
1 32
2 325 418
1 305
3 302 316 199
3 474 110 291
2 319 225
2 184 371
1 38
1 261
1 105
1 559
2 133 206
4 94 244 226 302
2 91 304
5 69 71 249 292 451
1 8
3 98 363 301
2 7 336
3 292 585 355
1 443
5 77 396 589 347 306
1 502
1 455
1 65
1 199
2 544 276
2 73 293
2 295 511
1 213
3 359 133 490
1 97
1 218
4 89 112 130 137
2 166 196
3 208 159 182
2 57 346
3 133 255 157
2 382 499
1 556
1 31
1 57
2 430 186
2 220 523
2 539 400
1 214
2 599 559
2 241 353
1 521
1 304
1 7
2 550 187
3 11 352 510
2 570 496
1 336
1 53
4 21 40 383 236
4 137 553 481 260
1 307
3 44 135 474
1 574
3 19 32 407
2 64 222
1 508
1 474
2 45 519
1 134
2 459 443
1 397
3 8 272 504
3 393 495 527
1 496
1 182
1 270
1 302
1 581
3 350 471 357
1 542
3 92 225 372
1 327
2 589 426
1 573
3 135 172 558
1 31
3 107 240 317
1 434
1 142
4 28 151 330 256
1 506
2 94 545
2 286 300
1 575
1 310
1 386
4 206 412 364 200
2 277 222
4 36 72 134 411
1 358
2 72 538
3 104 125 219
1 194
1 254
2 89 288
1 452
1 284
1 444
3 112 194 441
4 2 37 43 310
4 96 135 296 377
2 572 377
1 94
2 361 483
1 432
3 32 129 378
2 94 145
1 294
1 341
1 549
3 132 561 427
2 199 440
5 27 40 143 363 528
1 263
3 162 195 593
1 310
1 448
3 106 178 429
1 113
1 368
2 87 336
1 568
1 323
4 9 81 387 343
2 533 553
6 563 541 516 501 463 564
3 341 574 332
2 16 403
2 15 156
1 8
2 66 592
2 62 424
2 184 498
2 147 439
1 78
1 566
2 113 473
2 34 66
1 288
1 448
1 569
1 115
1 19
3 345 512 375
2 54 469
3 40 416 515
3 90 201 266
2 33 137
1 187
1 459
1 472
2 24 598
1 157
2 85 109
2 19 544
3 80 221 444
2 23 392
2 524 367
1 254
1 40
3 25 453 326
1 418
2 173 504
1 581
1 169
2 22 519
3 53 287 373
1 364
3 97 126 560
3 40 195 425
3 78 421 370
1 536
1 363
1 86
1 325
1 563
2 204 479
1 500
3 190 344 534
2 274 304
2 202 246
1 445
1 347
3 41 98 105
4 49 115 119 335
2 127 370
3 215 315 317
1 128
1 208
2 86 316
1 546
1 522
1 190
3 117 578 522
4 104 113 174 392
2 408 556
3 114 149 287
2 103 418
1 121
2 158 452
1 501
3 12 546 392
4 192 207 223 422
2 30 40
1 574
1 491
4 51 68 419 410
1 294
2 104 297
2 184 294
1 582
1 106
2 469 348
2 67 539
2 391 566
4 73 230 541 485
3 81 452 555
4 102 282 549 537
2 63 268
3 20 179 556
2 403 525
1 343
2 187 581
1 336
2 234 390
1 479
1 94
1 292
7 19 65 77 118 154 228 331
3 8 31 448
3 21 476 479
1 37
1 15
3 216 234 378
1 363
4 231 329 521 369
3 286 420 379
1 251
2 136 454
2 121 290
2 320 423
2 510 492
1 176
2 514 531
1 152
1 147
3 6 65 88
1 119
1 486
1 176
2 197 553
3 17 130 509
2 100 498
2 211 421
1 373
4 117 220 280 342
3 194 275 447
3 92 478 542
2 371 440
1 265
2 15 227
1 343
3 62 278 293
2 107 366
1 178
3 39 274 362
2 4 481
2 251 478
1 486
2 208 209
2 213 341
1 344
2 443 545
2 16 580
2 138 545
1 156
2 17 446
1 473
4 91 193 469 399
1 231
1 422
1 475
1 332
2 62 322
4 264 302 309 516
2 62 170
1 84
2 590 598
1 121
2 168 590
2 485 453
1 386
1 144
1 5
2 98 563
3 235 328 482
1 447
1 48
1 538
1 161
2 303 536
1 462
1 314
2 196 503
2 194 526
4 484 462 575 449
2 464 486
1 488
2 48 253
1 473
4 102 269 305 458
2 21 314
3 344 439 466
3 278 361 543
2 310 388
1 348
1 239
2 13 277
2 75 180
1 218
2 471 476
1 225
2 38 142
1 587
4 32 74 83 212
1 47
2 185 462
1 576
4 47 61 556 532
1 91
1 594
5 34 81 241 420 444
2 219 366
1 206
1 466
3 120 167 380
3 205 263 439
2 289 572
2 58 384
3 364 404 455
3 224 247 337
1 413
1 528
1 115
3 203 307 324
3 22 268 398
2 71 346
2 123 447
1 572
1 545
1 418
4 59 84 167 257
1 17
1 563
3 409 413 434
1 233
1 414
1 573
2 420 442
1 1
1 589
5 252 320 386 508 587
1 576
2 176 428
2 258 531
3 244 385 417
4 105 159 164 503
4 26 389 488 526
4 38 338 428 530
1 47
3 90 365 375
3 284 333 338
1 78
2 157 374
3 8 42 403
1 211
2 90 413
2 323 398
4 81 356 376 414
2 52 576
2 415 475
1 29
1 130
2 313 509
2 349 568
2 583 591
1 92
1 170
4 65 153 171 596
2 75 505
2 240 360
2 138 529
2 62 285
3 43 233 308
2 11 122
2 411 474
3 14 169 270
1 497
2 41 188
2 77 90
2 163 469
2 359 491
3 152 349 595
2 22 128
1 251
1 57
1 351
1 253
2 233 392
1 537
1 599
2 165 273
1 538
3 148 343 586
2 299 301
1 143
2 65 265
1 328
3 412 475 597
1 170
2 220 450
1 499
1 476
4 351 472 541 565
2 70 436
1 232
1 286
1 23
2 279 408
4 53 325 517 579
5 3 198 406 520 548
3 38 144 321
1 88
4 69 233 323 531
2 177 365
2 18 421
2 126 262
4 189 380 382 457
3 56 298 309
2 21 552
1 538
2 217 325
2 10 151
1 86
1 547
5 73 157 232 358 582
1 575
1 324
5 97 139 303 327 436
1 48
2 182 569
3 68 111 146
1 276
2 97 218
3 0 53 79
4 233 283 402 461
1 233
1 531
2 243 322
1 69
2 229 492
2 248 558
1 153
1 90
3 209 445 456
4 10 98 181 465
3 160 234 312
3 191 413 554
3 435 470 487
1 5
3 50 55 301
1 537
1 381
3 175 271 330
2 318 553
1 493
1 594
1 119
1 521
2 431 469
1 11
3 121 180 468
3 89 395 397
2 9 493
1 238
1 222
3 38 438 584
1 510
1 496
1 526
2 259 395
3 1 146 518
