1000
1 907
2 430 630
3 642 108 462
2 710 247
1 229
2 492 883
3 552 44 659
2 833 103
2 401 996
1 398
1 787
2 662 710
1 746
1 594
2 768 226
1 71
2 157 170
2 469 220
4 516 787 132 125
2 564 385
1 436
1 575
1 849
2 622 127
1 59
2 393 241
3 287 66 316
1 395
2 557 608
1 441
2 39 894
2 111 522
2 859 664
1 286
3 964 771 521
4 541 225 766 926
2 797 732
1 732
1 200
4 30 424 316 637
3 866 532 868
1 659
2 954 634
3 518 635 902
2 6 181
1 137
1 977
1 962
3 143 676 423
2 825 672
1 679
2 444 330
2 147 241
2 212 689
1 635
1 570
4 541 846 921 164
2 919 311
2 894 364
4 24 536 127 736
2 510 283
2 142 452
1 103
1 296
1 759
1 497
1 26
1 89
1 776
1 521
2 371 248
3 15 722 738
2 795 544
1 631
3 840 489 933
4 260 437 792 979
3 100 730 505
2 963 565
2 145 806
1 147
3 915 102 451
1 328
3 259 858 714
2 347 952
1 691
1 548
2 508 347
2 765 176
1 241
4 67 283 436 744
2 541 847
2 816 105
1 756
3 672 673 828
1 388
1 299
1 157
3 993 849 664
1 569
1 216
2 76 269
4 417 463 783 829
4 80 598 538 530
3 7 62 405
2 917 692
2 91 597
1 691
1 749
2 2 412
3 804 898 848
2 286 876
2 31 736
2 856 960
2 238 394
2 644 924
3 946 904 802
2 945 974
3 893 927 851
2 641 717
1 610
2 844 143
2 888 942
2 954 786
2 993 635
3 685 970 147
2 18 931
1 392
5 23 59 478 635 636
2 575 978
1 585
1 421
2 987 864
3 18 296 229
1 966
2 961 215
1 338
2 866 971
4 45 216 675 569
2 872 748
1 860
1 577
3 304 363 632
3 61 266 335
5 48 120 166 966 947
1 337
2 78 175
2 931 185
4 52 79 124 920
1 440
1 875
1 971
2 818 295
3 178 782 698
1 942
2 263 568
4 172 253 666 205
1 699
3 16 96 854
3 375 948 691
2 783 230
2 438 372
2 769 819
2 457 394
1 935
1 56
3 716 177 534
4 143 603 633 480
2 945 980
1 233
1 664
1 16
1 369
1 155
4 788 547 318 701
3 309 582 650
2 145 207
2 87 413
2 165 453
1 152
3 531 434 716
1 966
1 44
1 502
3 917 957 265
1 749
3 146 826 800
1 300
4 460 482 561 260
1 271
4 446 352 551 631
1 898
1 322
2 391 911
1 963
1 417
2 614 624
1 394
2 942 441
1 664
1 235
3 38 892 862
1 533
1 847
1 737
3 840 972 842
2 155 564
1 436
5 175 792 729 533 209
3 608 473 238
2 207 307
1 941
4 406 975 687 308
3 53 236 370
2 362 386
2 977 321
5 134 543 566 844 387
4 99 137 743 931
2 648 488
4 446 543 619 777
1 996
2 17 827
1 469
1 786
2 252 274
2 889 261
4 35 802 890 472
1 14
2 519 590
1 756
2 4 132
3 159 871 731
1 466
2 827 700
2 168 741
1 811
2 199 866
1 212
2 561 348
3 113 208 643
1 609
1 911
4 25 52 88 707
1 564
3 458 656 538
2 684 995
2 869 558
2 786 559
2 3 663
2 70 668
1 941
5 594 431 351 298 334
3 784 712 625
1 223
2 155 523
1 291
2 273 906
2 462 822
1 526
2 854 637
1 82
4 75 187 505 490
3 224 341 734
1 566
2 154 403
2 407 488
3 183 410 439
2 142 761
1 520
2 351 770
1 100
1 485
3 188 488 292
1 375
1 255
2 223 943
3 461 497 894
2 960 554
1 396
2 743 321
1 908
1 762
1 985
2 840 792
4 60 89 956 968
1 409
2 529 874
5 33 110 316 905 735
2 26 734
4 534 475 402 358
3 403 370 481
2 697 692
2 254 965
3 271 424 935
1 681
2 930 553
5 151 322 945 440 498
2 63 132
1 573
4 250 306 756 740
3 95 421 752
4 186 870 507 346
1 373
1 700
1 411
3 141 485 846
1 965
5 298 324 638 370 801
1 209
1 211
1 174
4 548 373 514 916
2 57 788
1 983
2 449 420
2 751 790
2 495 679
4 26 39 286 666
1 510
1 173
1 463
1 828
2 214 278
3 191 295 394
3 939 809 876
2 306 872
1 908
1 549
1 720
2 81 608
2 602 641
2 51 706
2 641 725
2 670 751
1 965
3 250 788 600
1 142
1 683
3 144 815 417
2 135 593
3 453 661 422
1 843
2 261 684
4 999 923 576 628
1 351
1 953
1 390
1 300
2 83 86
2 237 581
2 813 774
2 556 877
4 250 268 343 850
2 189 574
1 768
1 866
1 704
1 808
2 402 965
3 288 981 562
2 477 768
1 398
1 954
1 213
1 141
1 58
1 798
1 421
1 555
2 845 653
4 171 414 842 655
3 212 289 306
2 70 610
1 160
2 301 310
1 387
4 158 272 600 526
1 456
1 637
1 624
4 792 408 686 589
1 763
2 439 617
1 852
1 384
4 383 996 670 557
1 19
2 213 876
2 215 374
3 94 646 699
1 544
2 345 960
2 192 702
3 126 405 721
3 25 694 843
5 113 162 196 322 669
2 27 549
2 277 745
1 576
3 9 360 628
1 494
1 726
2 8 991
3 288 357 514
2 263 289
2 758 941
3 103 392 773
3 211 835 424
1 264
1 379
3 284 612 543
1 265
3 303 961 976
1 108
3 176 655 977
2 369 506
1 627
1 979
3 101 194 337
1 787
2 987 507
2 313 832
3 130 299 366
2 339 723
1 48
4 39 292 406 934
1 956
1 539
1 723
2 763 821
1 514
1 1
2 250 983
2 623 466
1 839
1 179
2 885 779
3 20 89 206
2 75 666
3 160 786 571
2 265 381
3 148 295 718
2 29 197
1 575
1 618
2 51 839
3 795 613 713
3 189 218 801
1 919
1 752
2 313 876
4 984 643 579 992
1 80
2 61 781
3 177 339 799
1 827
1 945
2 376 810
1 162
2 243 918
2 857 629
2 187 821
3 275 583 885
3 2 256 861
3 101 319 521
1 698
1 748
2 231 432
2 565 796
1 854
2 17 221
1 692
1 597
1 225
2 208 689
2 764 887
1 288
1 903
2 359 836
1 127
2 513 753
1 166
3 289 999 719
1 187
2 931 651
1 668
2 270 304
1 799
2 845 863
3 217 264 271
1 74
1 260
2 563 814
2 5 654
2 634 935
4 399 644 575 629
2 315 774
1 607
2 65 275
1 295
3 853 585 690
2 816 964
1 502
3 182 501 657
1 648
1 782
2 76 260
1 414
4 300 419 769 990
4 86 988 776 749
1 673
2 60 317
2 865 752
1 877
1 479
3 310 402 429
1 845
4 18 709 590 973
3 952 525 912
6 43 712 814 969 673 667
1 227
2 267 582
3 34 69 463
1 31
2 253 665
3 668 964 772
1 517
2 257 375
1 762
1 799
4 285 688 621 811
3 102 613 789
1 179
1 40
2 201 207
3 165 288 982
1 756
2 59 611
1 631
3 102 243 803
3 426 712 960
1 665
3 35 56 90
1 962
5 215 218 409 580 725
2 72 389
1 656
1 920
1 173
2 85 310
3 326 395 662
1 573
2 189 928
3 6 967 810
2 294 901
1 276
2 367 851
1 350
2 28 384
3 245 779 678
1 246
1 664
2 187 237
1 358
1 491
4 19 205 242 944
3 77 467 775
2 215 262
1 927
1 154
2 98 137
3 55 802 893
1 438
1 610
4 297 550 652 690
1 352
4 21 128 442 494
2 342 397
3 140 882 840
1 925
1 450
1 543
2 348 587
3 174 520 786
4 461 606 900 753
1 836
3 129 499 601
1 908
1 581
1 692
1 379
2 227 516
2 695 920
1 995
2 338 884
2 13 250
1 666
1 606
2 105 471
2 102 639
2 964 831
5 334 375 627 958 804
2 585 836
1 329
1 166
1 750
1 645
3 583 596 834
2 496 766
4 28 208 328 955
2 239 839
3 119 371 572
1 536
1 409
3 445 530 674
2 195 876
1 990
1 914
1 381
3 443 654 824
1 218
1 858
1 529
2 23 888
2 432 787
2 195 378
1 251
3 750 671 930
3 415 600 640
3 342 398 671
2 459 494
4 1 792 816 739
3 73 189 537
1 141
1 166
2 42 493
6 43 54 123 127 963 747
1 127
3 39 258 377
1 306
2 598 922
1 627
3 118 329 331
5 2 863 745 980 704
3 238 450 953
3 114 494 938
4 605 837 679 825
1 388
3 872 795 994
3 217 503 693
1 681
1 174
1 483
1 573
1 368
5 492 618 908 707 988
2 369 413
2 243 545
2 502 868
1 748
4 6 41 699 801
1 908
3 339 972 925
3 11 549 952
1 247
5 32 97 169 198 560
2 523 540
5 155 316 437 595 891
2 518 929
3 248 484 524
1 394
2 332 384
2 626 628
4 49 93 862 823
3 93 509 518
1 613
2 137 855
2 48 760
1 923
1 558
3 50 315 645
1 682
4 293 649 753 820
2 680 837
2 336 787
2 244 341
1 124
1 379
1 211
1 529
3 53 473 878
2 499 573
4 84 106 158 808
4 104 290 470 588
1 648
2 393 838
3 591 913 872
1 729
3 290 780 761
2 152 464
3 156 388 659
3 232 302 754
1 173
4 391 733 921 782
1 822
2 355 642
1 878
4 330 959 755 778
3 241 654 909
1 710
1 516
3 3 11 708
1 908
5 251 518 539 865 932
1 445
1 82
1 840
2 165 179
1 118
1 440
3 481 879 807
2 327 884
2 392 999
1 71
2 422 427
1 856
3 331 543 759
2 400 803
1 852
1 761
2 207 696
1 76
1 230
3 36 37 869
1 702
3 261 287 937
1 286
3 59 111 798
3 203 841 918
2 71 741
1 630
1 298
3 233 738 905
1 920
2 216 278
1 89
3 396 642 836
2 12 890
2 635 812
3 138 465 658
3 107 184 508
2 604 626
2 314 332
3 299 448 511
3 479 583 681
1 700
1 706
4 92 228 298 535
1 918
2 404 927
2 64 725
1 676
3 266 697 728
3 280 527 895
2 380 428
2 474 991
1 87
2 35 607
1 968
3 14 353 359
3 161 507 866
1 268
1 34
1 524
2 405 852
3 349 495 951
1 565
2 68 508
1 218
2 706 989
2 435 558
1 697
1 452
3 152 504 702
2 101 159
1 251
2 985 821
5 122 222 246 438 582
5 10 18 418 623 683
3 173 311 334
1 530
1 314
1 812
5 75 207 282 379 630
1 935
1 986
3 72 445 647
1 467
1 36
2 365 736
3 453 486 528
1 185
4 306 446 659 914
4 115 225 570 881
2 538 726
2 109 600
1 947
1 78
1 719
2 356 691
1 323
2 456 552
4 234 529 962 950
3 747 791 886
1 349
2 491 518
2 337 830
3 91 500 630
1 966
1 151
2 161 956
1 681
4 428 460 785 997
2 256 703
1 672
1 618
4 49 645 940 860
1 185
4 220 232 454 832
2 93 320
1 101
1 815
1 599
2 420 827
1 7
1 606
3 406 936 877
4 477 584 601 745
2 645 682
1 694
3 433 444 609
5 74 204 282 577 715
1 737
2 204 369
2 340 393
2 120 215
3 368 487 515
3 56 304 945
2 90 202
1 109
2 22 97
1 351
2 117 555
3 382 727 773
2 499 959
5 157 258 468 867 907
1 675
2 112 724
2 459 895
3 82 620 941
1 32
2 139 825
1 462
2 200 672
2 487 642
1 131
2 511 712
6 40 136 235 354 769 885
1 854
2 40 657
2 245 732
1 300
1 230
5 138 324 647 695 917
1 984
1 285
2 149 998
6 110 323 386 449 614 960
3 350 512 835
3 689 705 884
1 719
1 959
1 802
1 577
1 5
3 593 720 878
3 435 461 866
1 812
1 474
2 121 622
1 224
2 225 746
1 666
1 200
2 117 570
3 30 58 275
3 762 857 964
1 911
1 986
2 109 190
1 962
1 583
1 553
1 43
2 476 914
1 115
2 286 741
2 255 947
2 0 854
6 279 325 586 654 660 711
1 707
1 969
3 192 240 896
1 517
1 695
4 616 801 903 960
1 80
1 310
3 104 183 872
3 458 737 757
2 57 447
4 147 546 591 742
2 56 702
1 639
2 342 677
1 114
3 578 661 949
1 35
3 117 567 758
1 551
1 667
2 294 626
5 125 146 216 483 986
1 712
1 74
1 424
4 163 292 493 793
1 835
1 734
1 644
1 323
1 825
4 210 249 404 858
3 121 153 197
2 274 956
1 564
5 116 167 295 455 846
1 115
3 143 805 906
1 158
1 925
2 811 963
1 774
3 83 517 662
2 344 643
3 42 122 361
1 608
5 283 425 819 943 998
1 183
1 600
3 706 853 880
6 112 276 390 539 876 914
2 134 411
4 47 542 811 899
4 77 193 635 950
5 34 500 524 599 895
4 291 305 333 357
4 133 143 180 817
1 552
2 283 767
2 518 910
1 124
2 136 150
2 204 661
1 516
1 116
1 211
1 411
3 46 214 413
1 128
2 75 416
2 167 642
1 358
1 534
2 312 431
2 450 873
2 281 785
3 794 897 931
2 131 419
2 508 654
1 778
2 507 615
2 401 764
1 450
2 97 123
1 647
2 244 592
3 8 219 384
1 821
2 875 956
3 342 481 721
