600
1 542
3 322 27 391
2 495 63
2 240 598
1 238
1 345
1 44
2 96 106
2 278 135
2 331 228
1 505
2 364 78
1 38
2 235 144
3 171 43 189
2 326 355
1 260
2 22 533
2 68 303
2 510 392
1 170
1 123
4 17 253 189 376
2 514 516
1 391
2 574 373
3 302 374 538
2 1 111
1 580
3 87 402 252
2 491 399
1 405
2 89 144
2 129 413
1 374
4 314 503 552 101
2 550 185
2 533 216
4 12 309 78 441
2 86 268
1 63
1 454
1 295
1 14
3 6 431 443
2 473 317
1 371
3 500 290 559
4 154 257 471 589
2 437 297
2 581 332
1 89
3 547 62 267
1 196
1 144
1 314
1 453
3 399 400 493
1 231
1 179
1 96
3 595 505 392
4 52 348 311 307
3 2 40 242
2 548 415
1 414
3 478 534 504
2 170 521
2 18 441
2 509 578
2 143 236
2 568 586
2 380 426
2 502 87
2 529 566
2 595 374
3 410 585 89
1 234
5 11 38 283 374 375
1 251
1 582
2 579 131
1 202
2 518 448
1 511
1 182
3 39 160 201
5 29 73 102 582 569
1 109
4 32 51 76 551
1 259
2 488 177
1 566
2 157 334
4 107 150 394 125
1 419
3 7 60 508
3 221 570 414
1 458
2 272 236
1 561
1 35
4 87 351 372 285
2 568 590
1 140
1 392
1 7
1 94
4 468 320 190 421
2 88 126
1 582
1 27
3 548 576 159
3 287 329 154
1 162
4 262 212 321 371
1 534
1 192
1 581
2 359 365
1 236
2 566 260
1 392
3 21 532 512
1 500
2 94 331
3 109 471 436
3 355 280 143
4 243 587 411 184
3 33 142 219
2 215 229
5 81 316 333 502 230
2 386 289
4 262 316 362 463
1 598
2 8 492
1 278
2 530 155
1 453
2 492 420
2 104 445
1 483
1 129
3 70 127 382
4 13 32 54 423
3 273 388 311
2 409 597
2 517 327
5 345 255 211 178 200
3 467 424 366
2 94 304
2 164 541
1 305
2 508 376
4 48 113 297 291
3 137 204 439
1 333
2 93 241
2 244 289
3 112 246 258
2 86 456
2 211 459
3 114 289 174
1 221
1 151
3 274 295 533
2 578 324
2 500 471
1 245
2 306 520
5 20 67 189 540 440
2 14 439
3 241 219 286
2 418 415
3 162 253 561
1 407
2 557 323
5 91 192 568 259 296
4 148 183 453 444
3 59 251 450
1 420
1 247
3 85 288 503
5 178 194 377 219 476
1 128
2 36 468
1 591
2 265 250
2 294 405
4 14 22 170 394
1 108
1 493
3 117 177 236
3 564 481 521
2 183 518
1 429
2 53 355
2 350 380
2 380 433
1 397
3 148 468 349
1 86
2 82 344
1 501
2 155 409
4 599 554 336 369
1 211
1 573
1 233
2 485 461
2 325 522
4 148 161 206 506
2 115 335
1 514
1 238
1 130
1 37
1 475
1 251
3 129 172 183
1 230
4 97 163 349 305
1 271
1 376
1 365
2 258 361
1 227
4 226 598 397 326
1 9
2 130 521
2 131 220
3 58 384 419
1 317
2 208 578
3 77 242 430
3 13 416 501
5 70 99 120 192 396
1 336
3 4 214 369
1 434
2 3 593
2 157 172
3 63 234 460
3 128 497 253
1 158
3 168 357 316
1 159
3 181 579 588
1 368
1 589
2 187 494
3 79 179 218
1 29
4 22 174 243 560
1 312
2 148 591
2 526 464
2 48 394
2 159 225
3 90 177 427
2 16 121
3 473 358 425
3 115 133 476
1 550
1 450
2 187 521
4 592 382 338 594
1 52
2 39 466
1 492
1 568
2 222 482
1 99
2 145 549
3 165 340 526
1 448
2 332 474
1 508
2 8 136
1 415
2 127 413
2 457 528
1 539
1 78
2 301 451
1 102
3 172 599 428
1 113
1 182
3 132 158 162
1 47
1 154
2 330 486
2 373 561
2 188 461
2 42 165
1 177
2 49 154
1 400
2 513 450
1 522
1 284
6 26 424 486 584 400 395
1 18
2 150 393
2 152 221
4 169 412 363 483
3 62 358 469
1 453
2 38 356
1 371
3 62 145 477
3 254 424 578
1 393
2 35 55
1 580
5 131 133 245 339 433
2 45 232
1 388
1 551
1 108
2 115 555
3 1 583 482
2 176 537
1 166
1 210
2 15 227
3 147 464 404
1 392
1 113
1 292
3 9 125 567
3 50 276 462
2 131 156
1 93
1 212
2 205 237
1 500
1 266
1 316
4 274 354 536 451
1 415
2 417 551
1 597
2 202 525
2 5 148
1 394
1 354
2 62 378
5 200 221 368 577 478
1 197
1 102
1 449
1 383
3 340 347 496
4 15 127 196 575
1 309
1 245
3 261 307 401
2 119 521
1 546
1 225
1 133
1 306
2 11 529
2 119 224
1 149
3 449 398 557
3 248 349 379
3 205 238 398
1 471
3 46 115 310
1 102
2 25 293
6 26 34 75 78 581 447
1 78
3 22 153 223
1 183
2 348 553
1 368
3 72 197 198
1 590
3 143 266 573
4 353 498 405 491
1 231
3 518 473 596
1 132
1 407
2 145 318
1 516
1 448
4 1 24 419 476
5 19 61 105 122 328
2 304 313
5 94 189 257 346 531
2 302 556
1 236
2 199 227
2 367 369
4 30 57 512 490
3 57 298 302
1 358
2 29 455
1 554
1 327
3 31 188 383
1 408
4 175 387 451 489
2 406 498
2 146 204
1 76
1 128
1 306
3 33 280 523
2 65 97
4 64 173 279 341
2 235 499
3 342 545 518
3 173 465 456
3 95 231 391
3 139 180 452
1 108
1 523
2 144 543
5 149 302 312 513 558
1 261
1 72
1 259
3 286 524 480
2 195 525
2 234 599
1 44
1 509
3 198 316 454
2 239 477
1 456
1 126
1 49
1 517
3 155 171 563
1 170
3 38 68 475
1 549
2 44 445
1 178
3 140 443 540
1 551
2 374 484
3 83 275 390
2 352 367
3 179 264 299
3 284 340 407
1 420
4 56 138 178 308
2 41 433
1 402
3 160 418 435
2 281 593
2 98 514
1 161
2 242 507
3 209 294 572
1 332
1 133
2 256 327
1 418
1 268
1 149
3 108 185 200
1 307
1 484
4 48 126 167 370
1 561
3 45 261 385
1 276
2 217 441
4 183 262 391 546
2 311 434
2 66 349
1 569
1 428
1 193
2 271 322
4 141 306 580 571
3 447 470 527
1 209
2 292 302
1 582
1 91
1 407
1 399
4 30 383 565 511
4 135 139 269 494
2 57 191
2 250 492
1 2
1 354
3 243 562 522
2 383 408
1 416
4 47 124 167 337
2 203 235
2 73 131
3 35 182 568
1 66
2 10 61
1 211
1 460
5 96 153 277 515 542
2 69 432
1 19
2 84 491
2 123 399
2 299 424
4 23 213 458 526
1 508
2 23 389
2 147 438
5 83 194 385 417 548
1 592
1 169
6 67 193 229 265 359 578
3 210 300 497
3 413 422 525
1 428
3 344 429 523
3 256 274 514
1 484
1 281
2 74 364
1 137
1 394
1 123
3 17 37 165
2 66 116
1 580
1 340
1 323
1 26
2 282 546
2 170 445
2 151 569
2 0 508
1 423
1 584
1 417
4 360 476 539 578
1 52
3 64 112 518
2 273 442
2 36 263
4 89 319 342 446
1 35
1 378
2 205 403
1 321
1 395
2 176 367
1 424
1 47
1 253
4 100 174 293 472
1 497
1 439
1 193
1 491
3 74 92 121
1 331
5 71 103 177 270 503
3 87 479 541
1 97
2 483 581
1 461
2 207 382
1 25
1 355
1 112
1 349
6 69 166 233 312 521 546
2 81 247
4 28 315 483 535
4 50 118 374 571
4 80 87 110 487
1 322
2 302 544
1 76
1 71
1 128
1 247
2 48 249
2 103 381
2 186 255
2 266 519
2 240 457
1 266
2 61 75
1 385
2 146 343
3 3 134 227
3 205 286 430
