100
3 68 5 72
5 84 89 81 93 54
1 36
2 57 26
3 79 68 63
2 0 76
2 18 62
1 69
2 66 79
1 88
3 50 21 17
1 16
2 81 80
1 76
4 45 64 69 86
1 19
4 11 36 25 83
1 10
1 6
3 15 37 99
1 33
1 10
2 64 38
1 28
1 29
3 50 67 16
3 3 51 73
4 77 82 84 86
3 53 60 23
2 49 24
3 87 44 33
2 88 44
2 97 94
2 20 30
1 71
1 60
3 2 69 16
2 60 19
1 22
1 80
1 80
1 73
1 97
2 60 70
4 46 48 30 31
1 14
1 44
1 70
4 51 58 44 84
2 29 89
2 10 25
2 48 26
1 96
3 28 62 61
1 1
1 81
1 81
1 3
2 48 95
1 66
4 28 43 37 35
1 53
2 6 53
2 4 91
2 14 22
1 66
3 8 59 65
1 25
2 0 4
3 7 14 36
3 47 81 43
2 34 96
1 0
2 41 26
1 76
2 98 96
3 5 13 74
1 27
1 91
3 4 8 80
4 12 79 40 39
5 1 55 56 12 70
1 27
1 16
4 1 48 27 97
2 90 96
3 14 27 96
1 30
2 9 31
2 1 49
1 85
2 63 78
1 95
1 1
1 32
2 58 92
5 52 71 75 85 86
3 84 32 42
1 75
1 19
