200
5 189 79 11 15 141
3 196 185 165
1 47
3 45 91 53
1 38
1 29
3 24 54 30
1 170
1 83
4 149 28 167 81
4 98 109 89 25
5 0 160 38 62 163
1 72
1 83
2 107 183
4 0 55 172 44
2 104 31
1 42
2 101 23
1 187
3 159 196 195
4 114 198 63 48
4 117 146 37 176
1 18
2 6 172
3 10 67 52
2 99 197
1 67
1 9
3 5 39 49
1 6
4 16 118 87 151
1 82
2 121 45
1 177
1 113
3 173 193 97
1 22
3 4 105 11
1 29
1 83
3 51 165 90
3 17 136 141
3 117 85 94
1 15
3 3 33 83
2 108 51
2 2 78
1 21
2 29 192
3 98 120 61
4 122 41 46 76
1 25
1 3
2 6 111
2 15 116
1 117
2 150 160
3 128 147 158
1 81
3 115 138 84
4 139 50 184 180
2 11 88
1 21
1 110
2 71 74
1 97
3 25 27 179
2 101 95
1 114
2 112 128
4 144 65 171 190
2 12 83
2 101 189
1 65
1 185
2 51 194
1 92
2 136 47
1 0
1 100
4 9 116 59 161
2 32 149
7 106 8 13 124 40 45 72
1 60
1 43
1 140
1 31
1 62
2 10 92
2 41 169
1 3
3 173 77 89
1 111
1 43
1 68
2 140 170
3 36 141 66
2 50 10
1 26
2 80 186
3 68 18 73
3 128 197 131
2 199 110
2 16 182
1 38
2 83 107
4 106 128 199 14
1 46
2 10 142
2 103 64
2 54 93
2 119 70
2 35 116
4 170 21 136 69
2 60 181
3 113 81 55
3 56 43 22
1 31
1 112
2 124 50
1 33
2 144 51
2 136 127
2 120 83
2 157 182
2 178 174
1 123
4 102 107 58 70
1 154
1 148
1 102
3 153 191 134
1 144
1 132
1 181
4 114 123 42 78
2 177 171
1 60
3 61 153 162
2 96 86
3 0 97 42
1 109
1 151
4 122 133 71 154
1 185
1 22
1 58
2 130 150
3 9 82 164
2 148 57
4 31 143 175 176
1 176
2 132 139
3 129 144 166
1 163
1 180
1 125
1 58
1 20
2 11 57
1 81
1 139
2 11 155
1 149
2 1 41
2 154 188
1 9
1 182
1 90
3 7 114 96
2 137 71
3 15 24 176
3 36 92 174
2 126 173
1 151
5 22 151 152 172 192
2 34 137
1 126
1 67
2 156 61
3 115 135 193
3 104 125 168
1 14
1 61
4 1 145 75 189
3 100 199 187
2 19 186
1 166
3 0 73 185
1 71
1 132
2 49 176
2 36 181
1 76
1 20
2 1 20
2 102 26
1 21
3 103 107 186
