200
11 1 2 3 4 6 14 49 113 135 136 179
9 0 8 15 19 23 63 78 82 101
10 0 3 5 11 27 62 93 99 189 196
25 0 2 4 8 9 13 17 18 21 24 26 30 35 40 47 52 61 67 68 73 78 79 80 82 92
24 0 3 5 6 7 10 13 14 16 18 19 29 33 56 87 100 102 109 128 145 165 185 194 198
7 2 4 7 9 61 112 117
11 0 4 11 12 15 25 50 64 85 98 192
10 4 5 10 49 57 67 81 89 92 172
8 1 3 12 31 32 41 86 186
8 3 5 20 22 37 103 118 121
10 4 7 24 33 39 42 44 45 60 177
5 2 6 16 124 175
2 6 8
9 3 4 22 51 52 73 123 149 158
10 0 4 17 20 21 25 72 111 112 181
5 1 6 26 72 155
4 4 11 47 64
8 3 14 28 32 50 89 102 164
2 3 4
2 1 4
11 9 14 27 28 41 54 75 126 163 177 199
2 3 14
5 9 13 139 152 168
3 1 42 54
3 3 10 150
5 6 14 46 119 135
8 3 15 132 29 34 38 141 144
3 2 20 107
6 17 20 31 57 149 184
5 4 26 30 65 116
2 3 29
10 8 28 39 63 88 95 125 143 147 168
3 8 17 65
5 4 10 70 138 173
2 26 91
2 3 114
4 44 55 118 127
2 9 153
3 26 59 180
4 10 31 48 77
5 3 142 53 71 98
4 8 20 58 76
3 10 23 84
1 156
4 10 36 103 157
4 10 99 119 158
10 131 25 76 79 96 110 113 122 150 153
3 3 16 93
1 39
3 0 7 172
5 6 17 161 185 191
3 13 66 170
2 3 13
4 141 40 171 183
3 20 23 56
1 36
3 4 130 54
5 7 28 114 176 195
3 41 152 62
3 38 91 115
2 10 96
3 3 5 196
6 2 58 87 126 167 182
3 1 136 31
2 6 16
2 29 32
4 51 85 115 128
4 3 7 138 95
2 3 182
2 133 74
4 33 163 105 107
2 139 40
3 14 15 195
2 3 13
6 69 169 97 100 104 125
1 20
5 129 41 46 155 188
3 39 171 94
3 1 3 166
3 3 46 197
2 3 184
2 7 101
3 1 3 148
1 86
3 42 109 187
2 6 66
2 8 83
2 4 62
3 31 167 174
3 7 17 133
1 178
5 34 140 142 59 191
3 3 7 124
2 2 47
3 154 77 186
5 31 157 160 67 194
3 46 60 120
2 134 74
2 6 40
4 2 45 154 106
2 4 74
3 1 81 108
2 4 17
3 9 44 151
1 74
2 70 110
2 159 99
2 27 70
2 134 101
3 4 84 183
2 46 105
1 14
2 5 14
2 0 46
3 35 57 162
2 59 66
1 29
2 5 148
4 9 36 170 178
3 25 45 162
2 137 96
1 9
1 46
1 13
3 11 143 92
2 31 74
2 20 62
1 36
2 4 66
2 76 146
2 131 56
4 46 130 151 199
2 26 181
3 69 89 180
2 108 97
2 0 25
2 0 63
1 120
2 33 67
2 22 71
1 91
3 26 53 146
3 91 40 190
2 31 124
1 26
1 4
2 129 141
1 31
2 117 82
3 13 28 176
3 24 46 156
2 131 103
2 22 58
2 37 46
2 99 94
2 15 76
2 43 150
2 44 95
2 13 45
1 106
1 95
1 50
4 114 119 175 179
2 20 70
1 17
1 4
1 78
2 62 88
3 22 31 193
1 74
2 51 118
2 53 77
2 7 49
1 33
1 88
2 11 162
2 149 57
2 10 20
2 90 118
2 0 162
2 133 38
2 14 132
3 62 68 192
2 53 109
2 28 80
2 4 50
2 8 94
1 84
1 76
1 2
2 142 198
2 50 91
2 6 182
1 168
2 4 95
2 57 72
2 2 61
1 79
2 4 190
2 131 20
