600
40 1 2 3 4 5 7 18 21 24 25 28 37 43 52 55 60 65 89 91 93 105 122 138 144 146 163 174 179 184 188 258 329 356 360 363 371 384 421 520 570
29 0 11 41 43 45 46 53 61 63 65 72 83 114 121 123 128 167 205 215 239 262 288 292 353 380 385 437 486 535
49 0 3 5 6 7 8 10 15 19 21 26 27 31 34 36 41 42 47 51 67 70 87 104 110 113 131 153 167 185 200 208 211 242 284 307 315 320 322 335 344 365 367 435 464 499 543 551 567 592
44 0 2 4 8 9 12 13 15 17 22 25 30 35 38 46 56 57 59 80 87 89 103 105 106 111 126 136 139 142 143 151 178 195 204 209 246 285 290 305 468 473 495 500 538
8 0 3 6 10 20 29 125 364
13 0 2 76 93 118 206 221 255 270 381 393 417 502
9 2 4 77 95 129 370 383 453 571
17 0 2 9 12 14 24 45 57 152 203 238 248 331 389 425 436 565
24 2 3 14 16 17 30 56 58 94 101 127 130 134 139 158 180 186 289 438 449 452 568 583 586
26 3 7 11 16 26 27 33 39 40 44 54 64 68 90 96 98 108 137 156 189 247 446 501 526 555 573
6 2 4 55 120 152 590
11 1 9 13 32 62 66 79 83 156 214 436
4 3 7 36 287
24 3 11 18 19 23 28 50 52 86 97 102 107 145 169 202 262 269 279 359 379 395 397 513 588
8 7 8 71 85 86 112 158 220
11 2 3 37 70 78 85 95 228 412 493 546
11 8 9 20 82 88 155 172 175 398 501 534
5 3 8 161 294 510
6 0 13 53 113 166 231
8 2 13 29 209 252 473 511 582
14 4 16 47 51 78 100 124 128 217 298 302 321 413 547
12 0 2 22 32 74 121 170 258 309 348 380 541
10 3 21 33 58 64 108 166 187 274 379
5 13 62 120 154 391
6 0 7 49 107 233 309
7 0 3 44 69 92 101 263
4 2 9 354 395
9 2 9 38 102 134 255 268 492 518
9 0 13 31 39 199 218 314 323 481
6 4 19 159 183 260 300
7 3 8 34 118 291 319 531
3 2 28 35
10 11 21 42 159 208 211 320 388 412 455
5 9 22 241 385 486
9 2 30 135 240 266 271 316 448 504
8 3 31 63 119 157 176 351 402
8 2 12 76 97 136 148 285 344
9 0 15 48 104 115 272 281 396 451
5 3 27 40 81 82
6 9 28 73 202 223 426
8 9 38 49 61 72 184 381 463
12 1 2 54 109 132 189 265 269 359 400 527 566
5 2 32 226 343 536
4 0 1 153 450
8 9 25 135 203 243 296 332 411
13 1 7 66 143 199 264 266 271 419 498 502 567 595
4 1 3 116 254
8 2 20 48 116 161 183 220 505
7 37 47 59 160 194 213 588
3 24 40 75
3 13 162 193
5 2 20 157 219 267
9 0 13 67 74 221 225 409 506 536
3 1 18 88
6 9 41 60 115 289 558
8 0 10 79 188 375 391 511 531
4 3 8 84 193
9 3 7 84 174 177 222 290 293 552
8 8 22 68 75 77 236 336 340
8 3 48 114 169 204 235 242 308
3 0 54 177
6 1 40 219 230 261 376
6 11 23 92 190 354 553
5 1 35 69 91 256
2 9 22
11 0 1 71 80 81 109 147 212 226 317 482
9 11 45 106 181 249 267 276 281 399
15 2 52 73 110 138 146 277 312 348 349 358 373 386 410 466
9 9 58 99 133 162 165 168 182 474
2 25 63
7 2 15 151 257 297 299 577
5 14 65 476 572 594
9 1 40 150 170 403 417 427 526 547
3 39 67 245
3 21 52 429
4 49 58 160 310
14 5 36 100 122 132 137 142 144 178 227 324 346 377 519
8 6 58 99 131 216 251 368 569
8 15 20 94 119 172 251 275 597
5 11 55 148 228 377
4 3 65 253 312
3 38 65 393
8 16 38 124 198 310 387 470 599
8 1 11 111 117 196 353 437 497
2 56 57
6 14 15 238 405 449 457
5 13 14 90 175 522
9 2 3 195 260 272 295 314 334 599
4 16 53 467 592
5 0 3 263 338 553
5 9 86 123 243 366
5 0 63 98 127 247
3 25 62 96
5 0 5 273 401 415
4 8 78 190 234
5 6 15 150 527 583
3 9 92 205
2 13 36
4 9 91 194 494
4 68 77 350 548
9 20 76 216 264 306 316 357 522 596
5 8 25 171 413 524
7 13 27 277 342 358 368 479
7 3 149 191 210 230 276 419
5 2 37 163 338 581
4 0 3 154 465
6 3 66 112 117 335 520
4 13 24 197 364
3 9 22 442
4 41 65 129 521
10 2 67 155 164 168 275 288 324 392 489
7 3 83 130 333 399 459 572
4 14 106 198 304
5 2 18 125 403 420
10 1 59 133 165 173 181 249 369 372 453
2 37 54
5 46 47 351 539 584
3 83 106 222
3 5 30 517
4 35 78 126 292
6 10 23 140 278 302 537
3 1 21 233
6 0 76 185 196 454 458
2 1 90
2 20 82
4 4 113 428 448
3 3 119 197
3 8 91 200
4 1 20 234 286
4 6 109 250 422
3 8 111 400
6 2 77 140 224 475 512
6 41 76 414 464 468 508
4 68 114 149 452
4 8 27 248 461
11 34 44 182 206 298 365 382 394 460 462 586
8 3 36 201 207 212 402 424 597
10 9 76 191 210 213 274 408 414 496 550
2 0 67
4 3 8 147 491
2 120 131
2 250 282
3 3 76 187
11 3 45 179 180 192 225 327 423 554 569 576
5 0 76 145 224 367
2 13 144
4 0 67 378 458
6 65 139 240 407 494 593
3 36 79 301
3 103 133 186
2 72 95
2 3 70
4 7 10 257 315
5 2 43 229 301 342
6 23 105 282 339 421 469
2 16 110
5 9 11 279 442 479
3 35 51 236
3 8 14 283
3 29 32 171
5 48 75 173 360 447
2 17 47
3 50 68 408
7 0 104 374 443 478 549 576
2 110 570
2 68 114
2 18 22
5 1 2 306 334 341
4 68 110 176 244
4 13 59 341 369
2 21 72
4 101 159 270 433
2 16 78
5 114 160 336 401 444
5 0 57 361 383 498
7 16 86 331 404 406 542 556
3 35 168 490
4 57 60 246 432
4 3 76 280 293
3 0 143 330
5 8 143 201 321 488
4 66 114 410 566
5 68 135 280 366 390
4 29 47 435 593
4 0 40 192 362
3 2 122 455
3 8 149 439
3 22 142 297
3 0 55 481
3 9 41 318
5 62 94 300 491 582
4 103 137 318 326
3 143 184 373
2 50 56
4 48 98 215 425
3 3 87 256
2 83 122
2 107 126
6 82 112 375 431 480 563
7 28 45 232 328 409 472 581
2 2 127
3 136 180 438
3 13 39 392
3 7 44 422
11 3 59 223 259 322 339 347 416 532 544 550
3 1 96 487
3 5 135 294
4 136 295 357 450
3 2 32 326
2 3 19
2 103 137
6 2 32 239 245 319 445
2 65 136
5 48 137 244 253 512
2 11 217
4 1 194 328 345
5 77 100 265 361 389
3 20 214 456
3 28 510 558
4 51 61 268 579
3 14 47 227
3 5 52 241
3 57 117 259
3 39 204 323
3 131 144 466
3 52 143 434
3 42 65 332
2 76 220
2 15 79
1 153
3 61 103 546
1 18
2 199 287
6 24 121 291 305 311 317
2 94 128
1 59
3 58 157 252
3 313 352 477
2 7 85
3 1 211 575
3 34 147 443
2 33 221
4 2 59 371 480
5 44 90 286 432 589
3 168 213 325
2 73 211
3 3 177 346
2 9 91
3 7 134 390
2 66 114
2 129 141
2 77 78
2 19 236
5 80 213 382 485 587
3 46 278 521
4 5 27 565 571
4 63 195 405 471
5 70 152 420 463 587
2 0 21
2 204 222
3 29 87 404
3 61 545 591
2 1 13
2 25 89
3 45 100 430
2 41 216
2 34 45
2 51 66
3 27 219 503
2 13 41
4 5 171 284 387
3 34 45 552
2 37 87
1 93
3 22 137 299
3 78 110 460
3 66 103 307
2 67 102
3 120 254 308
2 13 156
4 178 182 461 505
2 37 66
3 141 154 489
2 158 340
4 2 270 349 579
5 3 36 428 439 549
2 128 243
3 12 232 555
3 1 110 577
2 8 54
2 3 57
3 30 233 337
2 1 119
2 57 178
3 17 206 548
3 87 207 397
2 44 591
2 70 187
3 20 135 313
4 70 274 427 551
3 29 190 304
3 148 153 532
2 20 120
2 411 433
2 112 300
3 3 233 469
2 100 167
3 2 276 325
2 59 278
3 21 24 311
2 75 82
3 233 309 329
4 67 80 327 541
2 237 298
4 28 87 355 487
2 2 152
2 34 100
2 65 233
2 189 191
3 30 211 337
2 2 32
2 20 180
2 2 204
2 28 223
6 76 110 330 347 407 543
4 244 307 513 530
4 191 208 475 596
2 143 312
3 199 215 362
2 0 311
2 179 324
3 7 175 490
4 44 226 398 557
1 111
4 87 167 509 568
2 2 106
2 58 173
2 291 319
2 89 104
2 154 204
4 58 283 483 503
5 167 169 345 554 580
4 102 153 524 562
2 42 394
2 2 36
3 215 341 423
2 76 246
2 204 324
2 21 67
2 67 284
2 99 372
2 35 116
2 237 386
2 1 83
6 26 62 356 374 424 444
2 314 482
3 0 354 440
3 100 207 507
3 67 102 559
2 13 41
2 0 160
2 174 216
3 184 328 416
3 0 426 446
3 4 107 477
2 2 135
2 90 182
2 2 144
2 77 102
3 114 169 472
2 6 459
2 0 242
2 114 350
2 67 192
2 163 354
2 55 198
2 61 518
3 76 79 529
1 146
3 13 22 589
2 1 21
3 5 40 406
2 135 253
3 6 174 388
3 0 396 447
2 1 33
2 67 352
2 82 270
2 32 383
2 7 216
2 182 248
4 23 55 516 585
2 110 202
6 5 81 457 478 560 573
3 135 343 500
2 13 26
2 37 384
3 13 295 507
6 16 332 462 508 538 545
2 66 111
2 41 130
2 93 173
2 35 136
2 72 113
2 175 260
5 85 256 440 488 542
2 175 381
4 147 324 451 595
2 137 162
3 52 199 523
5 67 181 456 465 485
3 44 303 483
2 15 32
2 20 101
3 132 137 580
1 93
5 204 362 499 514 574
3 5 72 484
1 434
2 45 103
2 113 257
2 0 154
4 129 203 525 529
2 143 345
2 136 354
4 7 194 474 559
3 39 363 471
2 72 299
2 125 285
1 74
2 264 533
1 198
3 177 243 504
2 171 303
3 225 418 528
3 2 183 495
2 7 11
3 1 83 441
3 8 201 519
3 186 285 535
2 356 405
1 437
2 108 156
3 163 240 484
2 173 354
1 211
4 9 363 537 544
3 160 384 528
2 34 125
2 8 85
2 43 207
2 37 407
4 8 133 454 594
2 6 114
2 122 452
2 32 185
2 217 410
2 85 393
2 122 146
2 111 370
2 135 275
2 134 280
2 135 398
2 40 257
3 2 132 476
2 105 410
2 67 224
1 88
2 3 132
2 154 305
1 82
2 256 426
2 199 369
2 3 19
2 68 425
2 131 326
2 71 464
3 237 364 509
2 163 393
2 102 156
3 198 242 493
3 28 188 578
2 65 355
2 340 411
2 417 443
2 253 410
2 1 33
3 205 314 534
2 180 405
2 110 282
2 176 331
2 139 190
2 27 540
2 15 480
2 98 147
2 3 435
1 137
1 83
2 45 174
2 2 416
2 3 394
3 9 16 574
2 5 45
2 268 340
2 34 432
2 47 280
1 52
3 357 397 517
2 132 398
2 334 477
3 17 218 516
2 19 55
2 131 213
3 13 325 561
1 416
2 530 557
2 391 510
2 118 507
2 27 376
2 76 438
2 0 106
2 109 254
2 86 100
1 409
2 101 342
1 422
2 9 72
2 41 95
2 434 447
2 377 422
2 325 515
2 30 55
2 204 301
1 430
2 16 487
2 1 439
2 42 52
2 120 446
2 3 398
1 116
1 492
2 21 312
2 175 405
2 2 324
2 204 446
3 261 398 598
2 15 230
2 20 72
2 99 294
3 163 285 561
2 137 204
2 2 299
2 57 271
2 62 89
2 143 341
2 9 287
1 175
3 332 515 564
2 54 218
2 358 425
1 393
2 513 549
1 342
1 198
1 557
2 7 255
2 41 181
2 2 45
2 8 334
3 77 143 585
2 0 164
2 6 255
2 71 111
2 9 393
2 416 501
1 239
2 143 163
2 70 288
1 481
2 219 284
2 341 414
2 104 199
2 19 190
2 8 95
1 116
2 391 569
2 8 135
2 253 257
2 13 48
2 243 379
1 10
2 261 296
2 2 88
2 147 183
2 71 452
2 45 407
2 100 326
2 78 136
1 545
2 82 87
