1000
110 1 2 3 4 5 6 8 9 13 14 16 17 20 25 26 29 30 31 34 37 43 66 72 73 78 85 95 106 110 114 121 136 144 151 152 182 186 194 206 228 229 232 240 251 253 279 286 288 291 292 293 294 297 304 315 319 327 338 343 345 351 353 355 358 383 394 403 428 435 439 442 458 468 470 478 490 500 512 514 567 573 588 589 627 634 656 685 690 696 698 699 700 708 739 740 790 793 795 804 805 818 844 846 910 929 941 943 946 965 998
30 0 4 7 14 22 24 40 44 63 86 91 119 122 124 165 281 291 322 339 349 395 418 432 469 569 577 731 865 880 968
57 0 3 19 20 32 38 40 45 54 56 64 68 75 76 77 80 84 128 131 137 138 147 163 211 223 257 269 285 322 324 365 400 405 435 437 465 472 473 493 518 535 546 550 553 560 570 609 650 700 709 750 763 766 799 944 989 993
87 0 2 5 6 8 9 10 12 17 19 21 22 24 27 30 35 37 41 51 53 54 56 60 70 81 82 92 94 100 107 108 116 123 126 149 150 157 162 163 167 168 194 200 206 216 280 283 298 325 326 327 334 360 439 494 503 509 527 540 542 543 544 562 609 610 626 637 674 689 720 735 757 768 801 842 849 851 853 871 884 895 896 902 909 922 962 985
13 0 1 12 23 71 101 133 422 574 658 813 957 979
51 0 3 7 16 33 44 46 65 76 93 107 135 140 142 146 164 172 176 185 205 209 250 251 298 310 346 394 401 443 479 507 515 582 596 628 641 652 695 698 755 820 832 845 883 887 892 897 954 967 972 980
10 0 3 55 90 117 175 340 373 378 873
23 1 5 15 31 42 116 162 193 252 261 380 382 516 559 566 585 613 663 688 751 797 931 981
25 0 3 11 25 48 89 103 105 112 145 188 275 297 314 330 340 422 524 540 591 599 638 692 764 773
18 0 3 10 23 46 190 230 231 270 274 317 373 519 783 796 920 968 978
18 3 9 11 13 21 28 32 52 57 157 290 305 415 448 548 659 670 904
8 8 10 15 18 83 264 431 878
10 3 4 29 35 55 117 184 363 561 746
7 0 10 28 221 272 520 901
17 0 1 61 91 98 198 225 287 366 386 432 478 485 701 718 811 980
3 7 11 135
19 0 5 18 33 36 72 148 204 271 385 389 408 502 521 703 704 714 779 894
6 0 3 138 143 356 626
18 11 16 67 71 82 166 169 217 318 320 333 342 466 515 525 533 936 959
9 2 3 50 57 58 103 161 446 885
13 0 2 26 51 60 149 222 245 246 277 434 682 898
26 3 10 59 70 84 88 89 115 130 211 259 307 359 407 510 622 646 695 728 750 782 802 852 860 901 938
32 1 3 27 34 49 62 86 97 102 126 128 134 158 159 178 218 233 350 379 383 393 434 437 471 560 680 848 890 899 955 974 991
4 4 9 326 336
9 1 3 41 45 48 67 69 120 586
5 0 8 155 278 608
9 0 20 124 221 223 308 353 423 594
7 3 22 79 305 328 482 895
7 10 13 36 159 316 416 899
13 0 12 39 47 75 123 180 256 519 620 638 762 782
3 0 3 148
20 0 7 58 64 106 166 174 242 257 277 304 381 433 455 470 542 572 580 778 813
12 2 10 47 102 104 205 215 351 416 581 763 942
15 5 16 38 53 65 68 73 94 96 181 212 239 311 417 578
15 0 22 39 42 88 120 142 233 332 388 392 438 616 631 940
7 3 12 202 282 438 494 652
7 16 28 52 83 95 203 451
11 0 3 43 99 212 245 440 704 722 824 879
7 2 33 69 125 141 171 747
5 29 34 59 406 734
6 1 2 177 486 569 630
14 3 24 50 81 210 323 447 451 641 648 650 657 671 897
13 7 34 49 74 179 220 390 475 728 819 869 962 996
19 0 37 63 87 93 111 129 153 161 264 293 328 449 730 806 821 880 903 984
13 1 5 132 141 189 263 335 409 702 765 777 934 984
4 2 24 61 74
5 5 9 537 610 982
4 29 32 282 288
6 8 24 207 213 244 354
7 22 42 182 192 324 363 468
2 19 41
3 3 20 667
18 10 36 62 96 127 156 224 226 376 408 487 546 579 604 636 644 844 863
11 3 33 261 344 372 505 508 637 642 655 898
5 2 3 115 389 875
9 6 12 97 119 225 436 447 606 625
8 2 3 100 109 156 289 693 960
7 10 19 241 254 281 640 758
7 19 31 80 366 390 604 852
9 21 39 66 111 200 531 761 801 877
10 3 20 78 90 284 314 385 551 697 718
11 14 45 92 140 246 278 427 490 684 727 933
14 22 52 108 151 155 191 230 346 454 552 562 673 786 882
4 1 43 430 691
10 2 31 391 423 424 517 745 752 865 931
10 5 33 87 296 319 357 362 411 531 670
9 0 59 122 167 498 622 640 977 997
9 18 24 77 99 139 275 287 781 893
12 2 33 110 214 302 337 464 512 590 696 705 809
2 24 38
9 3 21 79 118 130 236 361 364 666
9 4 18 188 193 558 582 584 843 904
4 0 16 253 406
4 0 33 179 294
5 42 45 207 248 571
4 2 29 402 694
9 2 5 104 131 132 172 396 417 835
5 2 67 165 655 854
9 0 60 183 195 292 355 496 505 601
6 27 70 85 511 558 868
7 2 58 203 236 255 429 995
4 3 41 666 889
2 3 18
10 11 36 112 176 345 556 615 703 778 890
7 2 21 129 491 688 741 958
8 0 79 121 196 255 554 613 636
2 1 22
5 43 65 477 481 653
4 21 34 113 201
9 8 21 101 146 147 359 495 680 756
5 6 60 347 421 647
18 1 14 105 109 125 186 234 331 361 371 381 463 520 659 665 705 758 936
10 3 61 114 199 234 243 367 507 716 806
6 5 43 134 137 160 219
11 3 33 98 266 299 354 601 603 726 773 786
2 0 36
8 33 52 127 181 187 262 457 881
3 22 55 969
5 14 94 145 543 849
3 37 67 267
3 3 56 299
6 4 89 118 143 173 662
11 22 32 152 229 321 337 344 538 611 800 887
11 8 19 190 192 325 380 528 592 653 776 983
4 32 76 169 792
3 8 91 975
5 0 31 238 262 593
2 3 5
10 3 62 113 177 204 244 374 579 740 976
2 56 91
5 0 68 136 669 861
3 43 59 484
5 8 83 197 276 966
2 88 108
6 0 92 485 708 785 947
2 21 54
3 3 7 759
8 6 12 168 174 213 227 228 454
2 70 101
9 1 55 158 171 391 431 627 723 905
7 24 34 195 235 413 561 952
14 0 85 144 160 187 197 249 347 547 589 632 744 888 935
6 1 66 150 260 474 565
3 3 29 164
6 1 26 341 348 725 884
3 38 91 455
2 3 22
3 52 96 369
6 2 22 199 509 535 911
13 43 84 170 237 243 271 400 456 480 527 607 761 917
6 21 70 133 313 316 526
14 2 76 153 189 202 208 232 235 240 330 514 783 808 973
5 44 76 139 587 707
2 4 130
4 22 93 218 365
7 5 15 215 301 308 410 686
4 0 110 154 260
5 2 93 191 489 822
5 2 17 300 711 859
2 67 132
12 5 61 220 224 237 258 387 487 545 729 820 894
6 38 44 268 513 537 949
4 5 34 178 307
4 17 101 352 445
5 0 121 227 421 996
6 8 98 196 249 289 593
2 5 89
5 2 89 241 675 805
2 16 30
4 3 20 368 654
13 3 122 154 321 335 397 407 597 683 693 883 921 987
4 0 62 360 450
7 0 102 279 301 443 551 915
7 43 131 180 377 467 491 992
2 136 150
16 25 62 183 209 247 250 306 399 523 584 621 625 651 689 732 848
3 52 56 493
6 3 10 619 699 789 951
5 22 119 217 475 712
2 22 28
6 93 121 170 576 635 909
9 19 43 175 198 272 388 444 654 913
4 3 7 403 521
3 2 3 544
6 5 123 313 343 460 714
9 1 77 259 284 398 488 597 829 955
6 18 31 265 285 453 775
2 3 66
9 3 117 173 370 518 634 775 850 862
2 18 104
5 129 160 184 463 803
10 38 119 248 265 529 548 568 623 681 796
8 5 76 270 311 378 415 743 777
2 101 168
4 31 117 480 660
10 6 161 280 339 424 504 511 528 575 769
13 5 83 201 318 476 553 598 668 686 739 754 856 942
7 40 108 185 349 484 541 664
7 22 142 342 412 460 600 672
3 42 73 759
2 29 153
7 33 96 268 368 409 467 517
6 0 49 411 550 595 889
2 78 155
16 12 170 252 266 295 333 357 371 382 459 461 497 573 620 837 954
4 5 177 906 937
5 0 91 238 523 830
3 96 121 825
5 8 71 379 683 872
2 44 131
3 9 103 691
13 62 137 208 273 306 329 336 472 529 549 711 798 953
4 49 103 606 727
5 7 71 258 425 440
6 0 3 242 303 452 598
2 78 120
6 85 145 492 503 524 948
15 112 121 226 267 317 338 375 404 495 586 632 729 815 867 906
6 14 161 309 329 350 748
3 92 128 614
2 3 59
4 88 176 429 557
4 35 131 486 508
3 36 80 419
8 16 108 216 276 320 737 812 900
4 5 32 710 903
4 0 3 222 746
2 48 74
4 131 191 210 649
2 5 155
6 41 208 231 247 583 760
8 2 21 273 398 602 619 734 776
3 33 37 214
2 48 117
4 68 212 331 642
2 32 135
5 3 204 219 774 845
7 18 158 387 462 469 811 989
4 22 134 539 599
7 93 216 290 530 539 913 940
4 42 140 684 854
6 13 26 239 405 533 994
3 20 206 752
5 2 26 283 393 953
2 52 140
3 14 55 643
4 52 197 303 621
3 117 144 465
6 0 117 483 557 615 738
6 0 102 376 526 677 929
3 9 62 877
3 9 210 836
3 0 131 676
3 22 34 471
6 91 92 315 618 661 830
5 120 131 372 395 926
3 70 80 780
3 129 140 256
5 106 186 254 500 675
7 33 221 348 399 790 816 855
2 0 131
3 57 147 787
10 31 194 425 554 567 592 595 826 847 945
3 92 129 492
2 48 108
3 20 37 915
2 20 61
2 155 210
6 74 171 263 341 418 742
4 121 145 269 410
4 5 155 362 978
3 0 5 312
4 7 184 745 981
2 0 72
3 57 238 678
5 80 85 312 501 665
4 29 237 549 720
2 2 31
3 140 193 563
3 21 165 747
2 122 136
3 7 53 566
4 96 106 419 961
2 44 248
4 11 43 274 436
3 166 171 286
2 94 184
3 99 197 855
8 141 181 332 497 502 690 715 881
2 2 249
3 9 172 629
3 16 129 908
4 13 161 296 446
5 191 211 356 851 988
2 9 264
4 8 67 420 879
10 112 204 369 456 588 603 629 744 756 999
6 20 31 534 570 687 724
4 25 61 295 932
2 0 152
7 3 175 461 473 499 891 956
5 1 57 302 802 982
5 35 47 547 559 803
2 3 223
2 60 165
4 2 166 377 858
3 0 265 735
4 14 67 669 893
3 0 47 364
4 56 145 426 614
4 10 219 498 882
3 0 1 766
4 0 78 445 795
2 0 43
2 0 73
8 184 278 300 334 358 673 838 859
4 65 272 616 617
9 0 8 404 510 522 545 701 799 832
3 3 5 949
2 94 100
4 138 295 779 857
4 135 152 310 375
2 68 281
4 194 226 574 809
3 0 31 679
4 10 27 402 834
3 155 191 441
5 21 142 309 442 864
4 26 135 370 413
6 198 307 506 538 628 902
3 5 301 847
2 33 172
3 251 255 501
2 130 164
2 8 60
5 0 234 386 462 602
8 28 130 323 433 649 810 914 998
3 9 197 384
3 18 176 918
4 0 65 352 772
4 18 204 397 870
3 102 150 677
3 1 2 674
4 41 316 412 556
2 2 49
4 3 103 541 685
3 3 23 780
2 0 3
2 27 43
2 191 198
2 8 131
2 91 214
9 34 268 466 555 617 716 788 793 823
2 18 184
2 3 295
2 44 150
4 23 191 414 721
2 68 102
3 0 197 374
3 1 175 825
2 6 8
2 124 248
2 18 178
2 0 164
8 53 102 396 581 608 658 857 876
2 0 83
3 5 62 821
2 90 121
2 124 239
3 1 177 441
3 22 198 868
2 0 32
4 143 319 481 651
2 0 26
2 48 94
2 0 78
2 17 273
3 65 184 831
3 0 295 840
3 21 89 532
3 3 151 534
2 70 91
2 65 250
2 12 49
3 70 288 522
5 2 134 367 489 525
2 14 58
2 92 365
8 149 181 453 612 645 656 706 886
4 127 276 710 762
6 168 308 384 392 483 578
2 91 184
4 53 235 605 645
7 6 9 401 420 833 874 900
3 108 338 715
5 197 301 630 841 858
3 52 229 681
3 153 285 722
5 6 172 504 552 657
3 22 188 605
2 7 103
3 31 91 867
2 7 184
2 0 22
4 317 370 464 725
3 16 60 709
3 14 315 414
2 140 217
3 34 161 444
5 16 54 647 798 860
5 42 58 530 532 580
6 64 119 644 732 788 943
5 34 370 555 575 781
3 22 223 835
2 0 5
2 1 235
3 76 344 731
5 150 320 428 452 791
2 165 211
4 155 239 660 726
2 2 129
2 5 373
2 75 305
2 0 162
5 197 297 430 719 907
4 2 221 488 864
2 39 72
2 21 150
6 16 52 450 457 712 717
2 44 181
4 135 249 426 458
3 65 182 753
2 178 323
4 120 308 676 866
4 336 386 448 969
3 10 172 459
5 28 32 482 707 772
3 33 76 506
4 1 248 427 961
3 203 262 713
2 275 373
3 90 144 932
2 4 8
2 26 64
2 64 175
2 193 242
2 289 410
2 61 418
2 0 397
2 80 201
2 63 404
2 11 119
2 1 14
2 31 316
2 20 22
3 0 2 912
4 55 264 449 924
4 2 22 846 958
2 34 35
3 0 3 564
2 37 193
3 306 349 723
2 0 307
3 5 152 571
6 161 388 476 496 536 565
4 143 292 499 568
2 19 272
3 41 55 789
2 10 414
8 43 436 516 563 594 717 764 837
2 151 408
2 36 41
2 194 397
2 166 368
4 62 117 668 944
2 31 125
2 129 276
2 96 408
3 0 410 856
2 184 415
2 164 178
4 184 280 800 826
3 217 315 760
2 91 170
7 68 384 474 639 794 925 952
3 2 227 661
4 18 332 477 733
3 153 181 757
3 0 49 941
2 1 217
4 0 31 585 767
2 22 233
2 2 191
2 2 280
3 122 464 479
2 42 158
2 176 444
2 87 466
2 0 14
2 5 474
2 129 174
2 87 352
3 27 416 812
4 228 370 513 694
3 111 177 611
3 14 114 807
2 40 202
3 52 140 834
5 165 405 648 794 937
2 137 365
5 0 61 607 623 817
3 84 153 664
2 196 243
4 2 156 536 872
3 3 35 596
2 89 197
8 78 444 639 784 815 950 957 990
2 184 268
2 66 290
3 280 445 840
2 0 238
2 255 312
3 16 268 577
4 3 196 583 827
6 175 378 587 600 838 874
3 53 78 927
4 309 417 804 926
2 5 92
3 53 202 692
2 3 128
3 21 297 908
2 79 175
4 0 68 767 977
2 141 483
2 0 131
5 5 18 633 721 986
3 7 449 947
3 64 181 624
2 2 168
3 9 29 590
2 13 91
2 16 162
2 297 364
2 155 186
4 8 196 671 919
5 18 365 662 743 774
2 130 229
2 3 129
2 103 175
2 171 191
3 219 390 878
2 59 65
2 359 390
3 18 221 738
3 277 360 748
2 2 128
2 444 493
3 46 141 576
3 102 309 922
2 218 219
3 3 8 993
2 177 325
2 3 31
4 3 98 572 672
2 3 163
2 140 297
2 2 52
6 121 282 591 948 971 972
3 10 171 719
4 191 256 564 667
2 2 182
2 60 152
3 62 378 618
2 2 176
3 85 242 643
3 332 392 994
3 83 323 827
2 201 228
2 71 79
2 7 282
2 2 22
2 12 120
3 3 62 828
2 258 449
3 439 549 816
2 122 444
2 7 261
3 0 242 843
2 171 445
5 1 40 791 808 963
3 2 277 935
2 74 443
2 31 543
5 0 184 635 842 916
2 4 303
2 175 392
3 160 537 905
3 1 502 702
3 33 370 810
3 52 108 730
2 31 390
3 32 344 612
5 5 71 819 960 973
2 210 503
3 71 155 891
2 7 470
3 24 197 663
2 132 504
3 0 276 631
2 0 121
3 68 519 990
2 8 547
3 103 242 741
3 106 145 853
3 26 449 633
3 182 242 892
3 5 494 927
2 150 165
3 176 194 988
2 8 218
2 178 504
2 78 94
2 211 315
2 94 276
2 52 58
4 372 379 873 930
2 55 192
3 129 490 624
3 25 344 706
2 2 3
2 3 46
3 102 484 933
2 368 581
4 7 85 646 997
4 199 289 888 999
2 83 228
2 34 296
4 296 332 870 923
4 234 552 886 959
2 157 211
2 29 184
2 155 226
3 21 66 697
2 171 490
2 517 607
2 55 155
3 3 17 736
2 0 119
6 5 309 771 814 869 975
2 270 276
2 40 375
2 34 588
2 121 197
3 515 594 938
2 0 168
4 160 573 823 967
2 52 85
2 3 53
2 8 29
2 464 496
2 57 66
2 5 41
3 53 214 769
3 225 554 979
3 52 391 679
2 368 372
3 21 613 765
2 90 389
2 41 488
2 208 316
2 2 41
2 155 352
4 5 35 678 928
2 87 103
5 149 161 687 754 807
3 53 77 920
4 0 368 792 964
3 41 378 736
3 4 344 862
2 10 91
2 174 399
2 234 465
2 101 525
3 7 586 966
4 177 491 771 939
3 91 255 910
2 70 81
2 51 549
3 176 454 755
2 110 287
2 10 65
2 41 524
4 178 543 724 925
4 62 295 749 814
3 3 322 682
2 147 238
5 232 413 733 751 841
2 229 321
2 254 652
5 304 644 737 896 918
2 22 89
2 171 376
4 20 674 831 916
4 150 188 836 923
2 61 220
2 0 325
2 135 176
4 277 654 768 974
2 7 84
2 3 155
2 0 268
3 63 190 964
3 8 508 742
3 56 150 753
2 75 483
4 5 21 828 839
2 0 68
4 60 622 822 885
2 0 5
2 0 157
2 0 2
2 14 297
2 44 577
2 16 83
2 16 37
3 68 91 713
2 368 608
2 132 416
3 0 114 863
2 2 385
2 205 369
2 138 191
2 158 408
2 419 705
2 16 164
2 268 374
2 92 332
2 408 449
2 14 60
2 404 548
2 3 256
2 336 515
2 37 377
2 119 441
2 277 672
5 124 384 818 839 871
2 94 399
5 61 192 787 912 971
2 21 42
3 140 197 934
3 43 579 784
3 1 396 829
2 155 391
3 466 676 749
2 39 211
2 3 286
2 626 657
2 204 679
2 228 533
2 0 176
2 0 108
2 84 592
3 248 692 770
3 172 525 907
2 121 276
2 64 252
2 12 206
2 38 259
2 198 534
2 673 733
2 2 21
2 7 676
2 64 222
2 411 693
2 176 654
2 5 668
2 89 276
3 3 467 995
2 57 91
2 116 179
2 210 462
2 59 129
2 29 369
2 2 32
2 8 449
2 44 646
3 2 291 866
2 470 512
4 3 687 833 921
3 175 642 770
2 742 769
2 628 664
3 319 416 876
2 8 94
2 216 525
3 166 168 797
2 103 211
3 44 172 987
2 31 83
2 16 300
3 236 326 785
2 67 392
2 21 29
2 9 131
2 496 730
2 114 780
3 62 94 914
2 241 727
2 332 391
2 157 447
3 0 239 875
2 397 569
2 104 656
2 0 332
2 464 488
3 0 292 924
2 9 171
2 7 775
2 191 389
2 2 297
2 102 461
3 3 59 986
2 21 281
2 170 282
3 0 506 817
2 0 147
3 43 92 824
2 485 654
2 131 569
3 68 303 850
2 316 578
2 14 217
2 204 482
2 4 31
3 628 673 991
2 197 496
2 239 564
2 490 804
2 0 725
2 42 582
2 5 140
2 43 346
2 137 697
2 332 635
2 37 806
3 187 339 946
2 242 461
2 503 556
2 562 695
2 165 731
2 186 234
4 357 682 951 963
2 5 297
3 373 768 911
2 305 487
2 76 393
3 231 683 917
2 184 449
2 295 504
2 695 725
3 358 499 928
2 375 676
2 3 573
2 71 567
3 0 52 861
2 5 216
2 0 437
2 242 310
2 22 155
2 3 98
2 168 809
2 3 273
2 21 58
2 3 593
2 77 220
2 239 267
3 176 458 919
2 300 344
3 285 375 945
2 138 295
2 21 389
2 110 844
2 168 658
2 52 708
2 307 405
2 1 64
2 413 766
2 197 381
2 79 350
2 42 628
2 320 617
2 3 725
2 188 493
2 6 605
2 373 504
2 54 790
2 344 772
2 59 230
2 11 530
2 37 275
2 1 43
2 96 268
2 62 290
2 5 150
2 3 124
2 19 697
2 368 618
2 5 102
2 121 614
2 81 182
2 22 83
2 280 584
2 5 595
2 67 287
2 16 140
2 3 27
2 3 679
2 5 41
3 20 53 939
2 22 28
2 204 373
2 13 21
2 3 309
2 43 205
2 10 71
2 119 576
3 185 197 983
2 404 743
2 271 510
2 3 160
3 0 665 985
2 128 833
2 435 727
2 161 219
3 316 786 970
3 152 245 950
2 573 682
3 129 836 956
2 318 679
2 524 856
2 9 655
2 150 768
3 3 538 976
2 617 683
2 436 795
2 464 672
4 235 506 930 992
2 505 596
2 652 840
3 0 229 970
2 605 926
2 7 64
2 278 421
2 61 611
2 44 729
2 121 570
2 18 91
2 185 488
2 21 633
2 664 898
3 34 219 965
2 0 468
2 32 176
2 0 391
2 2 454
2 242 858
2 0 825
2 114 516
2 196 547
2 141 298
2 496 915
2 157 831
2 120 464
2 191 223
2 5 184
2 22 165
2 280 917
2 4 496
2 84 437
2 18 618
2 56 582
2 262 418
2 3 42
2 569 831
2 656 691
2 0 940
2 112 663
2 5 635
2 1 9
2 97 414
2 914 929
2 547 727
2 5 547
2 131 582
2 22 687
2 105 628
2 108 922
2 66 512
2 9 250
2 4 643
2 5 14
2 7 252
2 46 281
2 103 906
2 43 44
2 3 910
2 515 801
2 150 777
2 273 598
2 2 217
2 496 590
2 22 814
2 153 926
2 2 540
2 221 555
2 80 757
2 42 144
2 66 613
2 0 316
2 276 614
