200
24 1 2 3 4 5 8 9 11 14 18 22 24 43 62 69 93 97 130 143 153 155 156 169 192
9 0 9 16 37 44 56 80 115 183
23 0 3 13 14 29 33 35 36 45 47 50 51 68 74 89 107 108 122 124 132 136 140 156
19 0 2 4 5 6 7 13 15 16 21 22 28 29 31 53 57 81 166 186
3 0 3 165
4 0 3 6 17
12 3 5 8 15 19 27 53 84 112 119 138 148
3 3 21 98
7 0 133 6 19 67 77 189
6 0 1 32 37 66 159
1 49
5 0 12 20 102 157
3 11 135 194
6 2 3 26 55 118 187
7 0 2 18 31 71 72 79
8 3 6 30 86 162 172 180 189
9 1 3 25 41 45 54 96 105 188
2 5 91
9 0 14 44 67 68 87 97 116 144
5 6 8 54 113 188
8 11 28 34 35 39 61 70 114
3 3 7 117
6 0 3 24 40 71 157
2 25 162
8 0 22 38 42 46 52 55 120
6 16 23 62 64 89 98
1 13
4 6 39 101 128
2 3 20
2 2 3
2 15 42
4 3 14 154 159
3 9 72 193
6 2 131 103 116 163 183
4 20 82 109 148
8 2 130 20 83 92 121 153 173
5 2 47 48 114 177
4 1 133 9 194
2 24 50
3 20 27 61
2 22 75
4 16 145 69 92
3 24 30 127
4 0 137 143 65
5 1 18 94 95 186
4 2 16 136 190
3 24 107 125
3 2 36 52
2 142 36
3 10 87 152
4 2 38 63 174
2 2 158
4 24 47 123 198
3 3 6 155
2 16 19
4 13 24 66 77
2 1 129
5 3 132 100 168 179
4 134 138 151 73
1 125
1 127
6 131 20 39 76 99 123
4 0 140 25 109
11 134 139 50 78 85 90 91 124 158 171 195
1 25
3 43 75 93
6 9 55 88 90 96 164
6 8 135 18 70 108 199
5 2 18 81 105 195
5 0 41 150 101 192
6 20 67 95 106 169 181
2 14 22
2 14 32
3 58 94 115
1 2
3 40 65 181
1 61
4 8 55 82 118
1 63
2 14 161
4 1 83 172 197
2 3 68
2 34 77
2 35 80
2 6 176
1 63
3 15 88 182
4 18 49 100 110
2 66 86
2 2 25
2 63 66
3 17 63 111
2 35 41
2 0 65
2 44 73
2 44 70
2 16 66
2 0 18
2 7 25
1 61
4 57 87 104 126
3 27 151 69
2 11 171
1 33
2 141 100
3 16 68 177
1 70
2 2 46
4 2 67 182 129
2 34 62
2 149 87
2 91 119
1 6
2 19 167
2 20 36
2 1 73
2 18 33
1 21
2 13 77
2 6 111
3 24 144 165
2 35 170
1 2
2 52 61
2 2 63
2 46 59
1 100
3 145 42 60
2 27 176
3 56 170 108
3 0 35 196
3 33 61 146
2 2 57
2 37 8
2 58 63
2 12 67
2 2 45
1 43
3 6 58 160
1 63
2 2 62
2 104 199
1 48
2 0 43
3 18 120 147
3 127 41 193
1 131
1 144
2 6 34
2 110 178
1 69
2 101 58
1 49
2 0 35
3 31 174 187
2 0 53
2 0 2
2 11 22
2 51 63
2 9 31
1 138
1 79
2 15 23
1 33
1 66
2 4 120
2 3 175
2 113 185
1 57
3 0 70 184
2 121 129
2 63 102
2 15 80
2 35 179
2 50 154
2 166 190
2 84 128
2 36 105
1 149
2 57 173
1 15
2 70 75
2 86 108
2 1 33
1 169
1 167
2 3 44
2 13 154
2 16 19
2 8 15
2 45 175
1 198
2 0 69
2 32 145
2 12 37
2 63 68
1 130
1 80
2 52 191
2 141 67
