600
62 1 2 3 4 5 6 8 9 13 14 16 19 23 24 27 28 31 34 40 58 63 64 68 73 89 97 113 119 146 154 164 180 215 216 219 220 221 232 234 242 248 267 294 300 322 327 336 341 374 378 414 424 445 450 494 497 502 510 527 559 574 587
23 0 4 7 14 21 22 37 41 55 77 95 98 99 129 211 236 245 288 298 323 375 464 588
31 0 3 18 19 29 35 37 42 56 60 66 67 69 72 101 104 108 116 177 205 214 236 255 277 278 300 302 320 360 376 455
53 0 2 5 6 8 9 10 12 18 20 21 22 25 32 34 38 48 53 61 70 78 80 90 93 117 118 123 131 132 154 159 164 171 210 213 224 252 347 364 365 401 435 444 459 476 480 528 529 538 547 555 558 584
6 0 1 12 62 85 506
28 0 3 7 16 30 41 43 57 66 79 107 110 115 128 136 139 224 328 345 348 384 411 422 448 512 526 549 551
8 0 3 49 94 138 261 264 539
11 1 5 15 28 39 93 153 193 266 443 499
14 0 3 11 23 45 76 86 88 114 148 389 394 447 485
11 0 3 10 43 150 207 233 261 350 498 588
16 3 9 11 13 20 26 29 47 50 123 218 227 285 367 426 557
8 8 10 15 17 71 201 297 544
10 3 4 27 32 49 94 145 253 372 472
6 0 10 26 175 206 554
10 0 1 54 77 83 158 256 298 327 451
3 7 11 107
10 0 5 17 30 33 63 163 280 452 457
11 11 16 59 62 130 133 172 235 348 352 358
7 2 3 50 51 86 127 307
12 0 2 24 53 117 176 188 189 209 299 439 552
16 3 10 52 61 72 75 76 103 198 251 448 490 500 533 554 571
21 1 3 25 31 46 82 101 106 124 125 141 173 246 265 267 273 299 302 438 581 592
8 1 3 38 42 45 59 96 386
4 0 8 121 400
9 0 19 99 175 177 228 248 290 392
4 3 21 227 238
5 10 13 33 125 286
9 0 12 36 44 143 196 350 407 490
14 0 7 51 56 89 130 137 187 209 364 377 382 488 506
7 2 10 44 87 170 286 383
15 5 16 35 48 57 60 64 80 81 144 167 185 230 287 381
12 0 21 36 39 75 96 239 269 272 303 404 573
6 3 12 161 212 303 422
6 16 26 47 71 162 310
9 0 3 40 84 167 188 304 452 545
4 2 30 111 135
4 27 31 52 279
6 1 2 140 332 375 412
10 3 22 70 166 237 308 310 420 425 433
9 7 31 46 65 142 270 325 511 584
14 0 34 55 74 79 91 102 120 127 201 220 238 309 556
8 1 5 105 111 149 200 240 281
4 2 22 54 65
5 5 9 362 401 594
4 27 29 212 216
5 8 22 165 168 249
5 21 39 152 253 322
10 10 33 81 100 122 178 280 333 397 418
8 3 30 243 260 343 346 417 552
8 6 12 82 95 301 308 399 410
7 10 18 186 194 211 416 477
6 18 28 69 256 270 397
7 20 36 58 91 159 356 543
4 3 19 68 449
9 14 42 78 110 189 293 336 463 569
4 1 40 296 446
8 2 28 271 290 291 349 471 474
7 5 30 74 223 234 250 356
6 0 52 98 131 340 416
6 17 22 67 84 109 489
6 2 30 169 226 319 388
6 3 20 103 183 254 432
9 4 17 148 153 371 384 385 525 557
3 0 16 279
4 0 30 142 221
4 39 42 165 191
9 2 5 87 104 105 136 274 287 519
3 2 59 129
6 0 53 155 219 343 395
7 2 51 162 183 195 295 599
3 3 38 432
6 11 33 139 369 403 488
7 2 20 102 337 443 467 582
4 0 97 156 195
3 40 57 329
4 20 31 92 160
8 8 20 85 115 116 251 438 475
9 1 14 88 146 181 318 426 431 477
5 3 54 181 257 345
6 5 40 106 108 126 174
7 3 30 83 249 395 462 485
8 30 47 100 144 147 199 314 546
3 21 49 589
5 14 80 114 365 528
3 34 59 203
4 4 76 112 429
7 8 18 150 152 353 390 595
4 29 66 133 496
3 8 77 593
5 0 28 184 199 391
4 3 92 140 163
3 40 52 331
2 75 90
3 3 7 478
7 6 12 132 137 168 179 180
6 1 49 124 135 271 297
7 22 31 155 182 283 372 579
10 0 73 113 126 147 157 192 366 470 570
5 1 58 118 324 373
6 1 24 241 244 461 547
2 47 81
5 2 21 347 360 560
5 40 72 134 277 313
3 20 61 231
8 2 66 120 149 161 182 504 591
5 41 66 109 387 454
4 21 79 173 255
7 5 15 170 225 228 282 441
5 2 79 151 335 513
2 59 105
5 5 54 197 333 512
5 35 41 204 362 577
3 85 247 306
3 0 97 179
6 8 83 156 192 217 391
2 5 76
4 2 76 186 436
4 3 19 258 423
7 3 98 240 275 440 564 596
2 0 252
7 40 104 143 263 321 337 597
9 23 190 276 385 408 410 421 444 465
1 47
5 3 10 450 493 578
4 21 95 172 325
2 21 26
6 79 97 134 380 415 558
9 18 40 138 158 206 269 305 423 562
5 5 231 242 316 457
6 1 67 198 334 515 581
6 17 28 202 214 312 487
2 3 58
5 3 94 259 414 487
2 17 87
5 102 126 145 318 501
8 35 95 191 202 354 367 409 498
6 5 66 230 264 285 469
3 28 94 427
8 6 127 210 291 342 353 379 481
6 5 71 160 326 441 531
5 37 90 245 331 430
3 21 316 434
3 39 64 478
2 27 120
7 30 81 204 258 281 321 349
11 12 134 193 222 250 266 315 339 378 407 521
4 0 77 184 516
3 81 97 514
4 8 62 265 440
2 41 104
3 9 86 446
3 108 354 580
4 46 86 399 463
5 7 62 197 292 304
4 0 3 187 311
2 68 96
4 73 114 338 576
6 97 178 203 233 262 386
5 14 127 229 246 473
2 3 52
4 75 139 295 370
4 32 104 332 346
3 33 69 289
6 16 90 171 208 235 553
4 0 3 176 472
2 45 65
3 38 190 479
3 30 34 169
2 45 94
3 60 167 417
2 29 107
5 3 163 174 486 526
4 17 124 317 323
4 21 106 363 394
7 79 171 218 355 363 562 573
6 13 24 185 278 358 598
3 19 164 474
5 2 24 213 273 580
3 47 157 408
3 94 113 320
6 0 94 330 370 403 466
6 77 78 232 406 428 516
4 96 104 260 566
2 61 69
5 89 146 194 341 436
7 30 175 244 276 494 508 530
3 50 116 491
7 28 154 292 374 390 393 575
2 19 34
2 19 54
2 121 166
6 65 135 200 241 288 468
4 97 114 205 282
3 7 145 471
2 50 184
3 69 73 431
2 27 459
2 110 153
2 20 129
4 81 89 289 583
2 41 191
4 11 40 207 301
3 130 135 215
3 84 157 530
7 111 144 239 339 445 458 546
2 2 192
4 13 127 223 307
2 9 201
4 163 313 470 475
6 19 28 359 376 442 460
3 3 138 550
5 1 50 226 500 594
4 32 44 366 501
2 3 177
4 2 130 263 532
2 0 202
3 0 44 254
1 114
3 10 174 340
3 0 68 306
2 0 40
2 0 64
2 145 522
4 57 206 404 405
3 3 5 577
2 107 262
2 60 211
2 10 25
4 24 107 259 283
4 158 344 411 555
2 30 136
2 103 128
4 0 181 317 396
3 9 157 268
4 0 57 247 484
4 17 163 275 537
3 1 2 435
2 38 369
2 25 40
6 31 204 368 405 492 497
2 41 118
2 99 191
2 0 128
5 48 274 383 400 542
2 99 185
2 1 140
3 21 158 536
4 112 234 329 421
2 0 24
2 45 80
3 57 145 517
3 20 76 357
3 3 119 359
2 12 46
3 61 216 351
5 2 106 257 335 352
2 14 51
2 78 255
8 117 144 312 402 419 424 453 548
6 132 228 268 272 330 381
4 48 182 398 419
5 6 9 518 540 553
5 157 225 412 524 532
2 120 214
4 6 136 342 425
3 21 148 398
2 7 145
2 0 21
4 233 259 319 461
3 31 127 305
5 39 51 355 357 382
5 56 95 418 465 492
5 31 259 368 379 489
3 21 177 519
3 66 243 464
5 118 235 294 311 495
4 121 185 427 462
2 2 102
4 2 175 334 534
2 36 63
3 16 47 314
2 41 144
2 107 192
4 96 228 437 535
1 589
3 10 136 315
4 26 29 454 484
3 30 66 344
4 1 191 293 583
3 162 199 456
2 24 56
2 56 138
2 153 187
2 54 288
2 0 275
2 69 160
1 55
2 11 95
2 1 14
2 19 21
3 0 2 561
3 49 201 309
4 2 21 527 582
2 31 32
2 34 153
5 127 269 326 361 373
2 112 219
2 18 206
3 38 49 493
4 40 301 392 521
2 33 38
2 154 275
2 130 258
2 102 208
2 81 280
2 145 285
2 128 141
3 172 232 479
2 77 134
4 60 268 324 579
3 2 179 428
3 120 144 476
3 0 46 574
2 1 172
3 98 319 328
2 39 124
2 139 305
2 0 14
2 5 324
2 74 247
2 180 259
2 91 140
2 37 161
2 47 110
3 129 278 420
2 108 255
4 0 54 409 509
3 72 120 430
1 156
2 145 204
2 58 218
2 0 184
5 138 264 387 522 540
3 48 68 567
4 229 287 502 566
2 5 78
3 48 161 447
2 3 101
3 5 17 413
2 56 144
3 9 27 388
1 254
5 17 255 429 469 486
2 86 138
2 135 151
3 174 270 544
2 52 57
2 251 270
3 17 175 466
3 209 252 473
2 2 101
1 305
3 43 111 380
2 173 174
2 3 28
4 3 83 377 434
5 97 212 389 576 590
2 10 135
3 239 272 598
2 71 237
2 160 180
1 62
2 12 96
2 98 305
3 0 187 525
5 1 37 495 504 585
3 2 209 570
2 28 365
4 0 145 415 563
2 138 272
2 126 362
3 30 259 505
2 28 270
3 29 243 402
4 5 62 511 591
3 62 121 550
2 22 157
2 105 342
2 60 350
2 8 366
3 86 187 467
3 89 114 529
3 24 309 413
2 187 551
2 8 173
2 68 80
1 232
2 47 51
4 260 265 539 568
2 49 152
3 23 243 453
2 3 43
2 258 383
2 71 180
2 31 223
4 223 239 537 565
2 181 548
2 27 145
2 121 178
2 135 336
2 49 121
5 5 229 483 507 593
2 37 262
3 348 392 571
2 0 132
2 126 378
2 50 58
3 48 169 481
2 47 271
2 258 260
2 38 334
2 121 247
2 5 32
4 117 127 442 503
4 0 258 496 586
2 38 264
2 10 77
2 137 276
2 181 320
2 85 352
4 140 337 483 572
3 77 195 559
2 61 70
1 38
3 141 365 460
3 3 236 439
2 116 184
2 283 524
2 21 76
4 19 435 517 563
4 118 148 520 565
2 107 139
4 209 423 480 592
2 7 72
2 3 121
2 0 204
3 55 150 586
3 8 346 468
3 5 20 523
2 53 513
2 0 123
1 14
2 16 34
2 258 400
2 105 286
1 2
1 289
2 16 128
1 204
2 3 196
2 209 434
5 99 268 510 523 538
2 80 276
5 54 152 491 561 590
3 1 274 515
2 121 271
2 180 358
2 72 390
3 191 447 482
2 136 352
2 97 208
2 56 193
2 12 164
2 158 359
2 56 176
2 76 208
3 3 321 599
2 50 77
2 93 142
2 166 317
4 3 442 518 564
3 138 417 482
2 468 481
2 411 430
3 234 286 542
2 8 80
2 171 352
3 130 132 499
2 28 71
2 59 272
2 20 27
2 186 463
2 239 271
2 123 308
3 0 185 541
2 275 375
2 87 424
2 0 239
2 9 135
2 7 487
2 20 211
2 134 212
3 0 344 509
1 423
2 104 375
1 381
2 4 28
1 411
1 185
2 336 502
2 0 461
2 39 384
2 5 110
2 108 449
1 147
2 129 464
2 146 181
4 250 439 578 585
3 261 480 560
2 66 273
1 440
2 145 309
2 222 342
2 448 461
2 262 437
2 62 374
2 5 171
2 0 302
2 3 83
2 3 391
2 185 203
1 139
3 214 262 575
1 20
1 278
1 283
1 246
2 235 405
2 3 461
2 6 398
2 261 342
1 494
2 243 484
1 52
2 11 355
1 34
2 81 204
2 3 99
2 258 406
1 5
2 210 385
2 5 393
3 19 48 572
2 163 261
2 13 20
2 3 229
1 40
2 10 62
2 3 126
2 0 431
2 101 518
2 300 463
2 127 174
2 378 439
2 118 480
2 405 440
4 182 344 568 597
1 343
2 398 566
1 54
2 97 376
2 20 413
2 430 552
3 31 174 587
2 0 322
2 187 532
2 156 366
2 111 224
2 123 517
2 96 319
2 151 177
2 21 129
2 72 302
2 199 288
2 3 39
2 375 517
2 424 446
2 0 573
2 1 9
2 82 284
2 366 463
2 104 384
2 21 442
2 88 411
2 43 211
1 86
1 118
2 120 566
2 175 368
2 69 476
