100
12 2 3 4 5 6 17 21 45 65 68 69 97
9 2 5 7 9 16 17 55 82 96
14 0 1 3 10 13 20 22 23 30 32 35 47 86 88
4 0 2 13 51
4 0 11 40 54
6 0 1 27 28 38 54
6 0 7 8 19 61 91
4 1 6 8 33
9 6 7 12 29 30 40 60 61 69
4 1 10 14 18
3 2 9 77
3 4 12 79
8 8 11 14 24 36 42 64 72
3 2 3 98
4 9 12 21 71
1 27
3 1 18 89
3 0 1 25
4 9 16 28 63
3 6 49 62
7 2 68 29 39 44 48 49
2 0 14
3 2 70 24
6 2 25 42 56 77 91
6 12 22 31 34 41 44
4 66 17 23 90
2 86 96
4 5 15 55 75
2 5 18
5 8 20 52 57 99
5 2 8 47 83 87
1 24
3 2 76 81
6 65 7 46 50 92 93
2 24 98
4 2 73 50 51
2 12 99
2 41 58
1 5
1 20
2 4 8
3 24 74 37
4 12 23 43 94
1 42
2 20 24
3 0 71 48
3 67 73 33
3 2 30 79
3 20 80 45
4 19 20 57 58
6 75 33 35 53 63 90
2 3 35
2 29 59
3 76 50 92
4 4 5 84 88
2 1 27
2 23 89
4 29 49 62 64
2 37 49
2 66 52
1 8
2 6 8
2 19 57
3 18 81 50
2 12 57
3 0 33 95
2 25 59
1 46
2 0 20
2 0 8
1 22
2 14 45
1 12
2 35 46
1 41
2 27 50
2 53 32
3 10 23 95
1 82
2 11 47
1 48
2 32 63
2 1 78
1 30
1 54
1 97
2 2 26
1 30
2 2 54
2 16 56
2 25 50
2 6 23
2 33 53
1 33
1 42
2 65 77
2 1 26
2 0 85
2 13 34
2 29 36
