600
18 1 2 3 10 19 25 31 41 53 65 66 96 121 138 156 194 338 348
26 0 3 5 12 18 37 68 69 87 92 140 199 214 225 230 242 249 281 318 330 408 431 440 442 508 555
41 0 4 6 8 9 11 13 17 27 28 29 32 35 38 39 52 54 87 93 102 107 113 118 135 172 257 286 293 304 307 353 375 387 424 435 448 455 463 528 540 541
46 0 1 4 5 6 7 8 12 13 18 21 23 25 30 31 33 36 41 42 45 47 50 86 92 101 104 154 159 211 219 234 274 279 311 320 323 325 362 381 395 433 476 482 496 545 596
13 2 3 9 53 59 82 90 152 196 446 561 571 595
18 1 3 7 14 35 48 71 79 84 98 109 238 264 269 352 364 371 588
25 2 3 10 14 15 20 24 27 38 39 44 62 99 122 140 151 169 182 246 286 287 363 423 437 557
9 3 5 42 191 196 214 228 265 577
9 2 3 16 146 158 230 299 484 572
22 2 4 11 20 54 57 94 109 157 167 201 213 217 282 306 321 335 366 478 479 519 520
12 0 6 17 19 70 78 81 250 273 366 383 394
17 2 9 15 40 47 58 61 73 89 187 195 199 292 417 495 498 577
15 1 3 22 26 32 106 129 177 209 236 340 430 454 470 483
4 2 3 218 553
10 5 6 24 60 128 164 260 284 296 367
13 6 11 16 21 26 80 138 144 149 185 220 314 509
6 8 15 33 46 50 467
10 2 10 28 73 119 168 309 316 377 500
19 1 3 22 29 52 55 97 110 129 133 188 223 302 324 370 387 415 420 502
14 0 10 23 55 62 190 198 204 216 247 363 376 388 454
6 6 9 30 200 278 587
11 3 15 36 58 88 144 207 239 391 468 565
10 12 18 49 94 120 206 293 308 412 428
9 3 19 76 127 143 171 212 242 253
6 6 14 85 170 197 225
14 0 3 34 46 66 153 157 221 252 254 262 336 547 568
5 12 15 61 78 150
15 2 6 70 77 147 155 165 187 236 255 266 346 347 539 584
6 2 17 100 342 451 495
6 2 18 40 43 314 481
5 3 20 37 148 158
14 0 3 34 88 115 163 208 261 399 402 425 446 471 556
13 2 12 45 63 84 217 350 354 436 473 507 581 592
11 3 16 56 75 81 103 283 321 348 444 599
5 25 31 108 231 266
10 2 5 68 102 105 258 438 450 504 596
10 3 21 43 63 77 97 151 326 345 347
7 1 30 123 195 220 423 585
10 2 6 191 194 258 349 414 429 474 502
9 2 6 59 75 91 175 216 407 591
7 11 29 51 113 223 475 508
10 0 3 44 82 114 134 248 334 372 510
9 3 7 48 91 136 210 301 332 425
5 29 36 85 301 433
8 6 41 49 101 180 256 271 389
7 3 32 86 128 193 497 575
9 16 25 184 251 264 313 346 415 564
12 3 11 64 72 74 114 121 160 188 192 355 516
8 5 42 51 161 315 352 379 597
9 22 44 56 185 186 378 530 547 559
8 3 16 98 146 159 161 215 431
5 40 48 79 184 506
8 2 18 96 116 181 312 417 422
6 0 4 182 222 383 488
8 2 9 103 117 170 243 274 474
4 18 19 179 445
6 33 49 155 167 176 355
2 9 111
8 11 21 67 72 213 219 445 456
10 4 39 71 74 76 112 139 154 215 277
7 14 65 166 227 491 505 590
9 11 26 83 163 174 201 289 379 418
7 6 19 64 99 116 384 483
14 32 36 173 177 239 246 250 298 319 344 365 499 528 598
12 47 62 108 112 136 139 141 193 306 336 458 526
8 0 60 104 238 253 360 365 373
5 0 25 178 511 535
7 58 110 241 279 329 413 486
7 1 35 69 123 183 368 514
6 1 68 93 166 303 333
5 10 27 95 310 482
2 5 59
9 47 58 117 124 205 310 343 398 552
7 11 17 105 118 353 382 509
9 47 59 119 131 400 462 527 561 569
8 33 39 115 130 152 224 255 267
10 23 59 80 83 226 241 270 282 475 544
6 27 36 89 95 179 277
7 10 26 131 171 294 350 375
4 5 51 354 516
2 15 76
5 10 33 235 441 498
9 4 41 106 132 183 278 322 439 478
5 61 76 111 153 515
9 5 32 130 142 218 285 318 393 448
3 24 43 392
6 3 45 132 535 566 578
11 1 2 133 178 189 235 267 316 322 396 469
4 21 31 330 529
5 11 77 90 207 526
3 4 89 376
6 39 42 126 148 420 427
2 1 3
3 2 69 122
3 9 22 530
11 70 77 125 149 192 221 232 359 421 494 511
5 0 52 428 477 565
4 18 36 124 312
2 5 50
6 6 62 100 228 305 416
4 28 99 539 551
4 3 44 297 378
2 2 35
5 33 54 404 437 472
10 3 65 143 145 165 208 424 468 485 554
6 35 73 168 211 232 442
7 12 82 134 141 162 284 311
2 2 147
2 34 64
7 5 9 126 287 290 497 523
2 18 67
5 57 83 180 449 494
2 59 64
7 2 40 202 261 328 344 566
4 41 47 137 507
3 31 75 142
3 52 62 181
5 54 72 145 164 175
4 2 73 137 254
3 17 74 320
4 22 125 447 593
3 0 47 150
5 6 93 462 471 543
3 37 68 518
2 72 97
9 95 120 127 229 262 281 357 466 574
5 91 109 209 252 397
3 23 125 389
8 14 45 169 174 203 444 492 571
2 12 18
4 75 84 384 500
5 74 78 226 317 319
4 82 86 357 525
4 18 87 135 272
4 41 106 394 567
2 2 133
4 42 64 189 583
5 114 118 303 515 576
2 0 15
5 59 64 257 308 397
5 1 6 156 341 518
3 64 106 307
2 84 115
5 23 104 224 275 403
2 15 21
3 104 117 276
2 8 50
6 27 107 172 339 493 529
4 30 91 269 492
2 15 95
6 26 121 231 359 419 476
3 6 36 567
3 4 75 512
2 25 83
3 3 59 323
3 27 56 488
3 0 140 212
7 9 25 173 197 272 291 538
2 8 30
5 3 50 206 259 341
4 47 275 408 409
2 48 50
2 106 292
5 31 61 259 369 396
3 14 117 413
4 27 104 388 458
4 60 69 270 373
2 9 56
5 17 105 304 591 594
5 6 128 327 481 556
3 24 54 335
3 23 78 176
5 2 147 229 298 361
5 63 157 190 283 536
10 61 128 186 244 268 381 430 434 537 573
3 39 117 297
6 56 171 203 248 386 533
2 12 63
4 66 87 227 364
3 55 77 505
3 44 111 438
2 52 116
3 6 53 477
3 68 82 337
8 46 51 240 337 391 405 463 512
3 15 49 579
4 49 174 339 390
3 11 27 313
5 18 47 200 202 210
2 87 136
3 19 173 429
2 7 38
4 47 95 358 593
5 45 64 300 385 551
2 0 38
3 11 37 331
3 4 7 234
2 24 157
3 19 332 416
4 1 11 351 449
2 20 188
3 9 61 521
2 113 188
7 128 176 205 237 302 327 560
1 19
3 72 203 325
3 22 159 237
2 21 89
3 31 104 294
2 12 126
5 42 188 268 296 522
2 3 105
4 23 156 245 309
2 9 58
2 1 7
2 50 59
2 19 39
3 9 32 356
5 13 84 251 265 356
3 3 58 361
3 15 37 470
5 25 95 233 288 402
1 53
2 18 40
2 75 143
4 1 24 290 411
2 76 131
5 60 178 244 247 386
2 7 99
3 125 172 233
5 1 8 271 333 410
2 34 150
4 95 105 374 520
3 221 229 328
5 3 196 276 457 570
3 81 87 432
3 12 27 240
2 203 206
3 5 65 295
4 21 63 326 331
3 184 236 377
3 67 76 406
7 1 23 243 256 273 291 343
4 54 242 263 598
3 174 227 491
1 212
6 6 63 263 485 559 576
4 19 227 385 426
2 41 176
4 1 370 407 484
2 10 63
2 46 218
2 25 126
2 23 65
4 25 118 521 580
2 27 75
3 44 242 285
5 2 139 342 406 464
2 35 38
3 159 163 563
2 14 426
2 31 113
2 25 125
3 243 246 456
2 5 46
6 7 218 289 421 422 461
2 27 34
2 75 87
3 174 210 351
2 5 148
2 76 166
2 44 230
4 133 157 499 524
4 10 242 280 496
2 3 54
2 143 160
4 145 234 329 451
3 59 77 522
3 20 82 453
4 3 67 280 374
3 273 279 531
2 1 125
4 9 76 401 440
7 33 173 400 404 418 549 568
2 14 106
2 84 256
2 2 6
4 6 109 480 558
1 221
7 61 265 317 324 367 501 503
2 109 225
4 157 242 427 560
3 11 162 549
2 2 22
2 78 208
1 238
3 14 210 392
2 101 175
2 63 172
1 8
1 193
2 42 43
2 18 203
2 69 137
3 2 168 369
1 99
7 9 64 345 371 419 434 513
2 2 141
3 22 139 340
2 17 212
2 70 72
4 3 106 390 479
5 52 97 315 349 548
2 46 187
4 15 29 338 360
2 48 312
3 17 87 452
3 131 289 362
2 1 84
5 63 131 334 464 467
2 3 119
3 9 33 562
3 82 87 536
3 3 154 432
3 18 289 395
2 3 205
3 36 239 358
3 169 203 414
3 113 233 546
3 67 276 504
2 1 88
2 195 239
3 42 198 439
3 69 230 501
5 41 319 532 541 582
2 9 170
4 25 64 562 582
3 183 184 405
3 0 314 441
2 147 186
2 12 308
3 140 159 465
2 28 257
2 72 242
2 63 113
2 36 306
3 27 46 453
2 27 36
2 0 33
3 38 312 574
4 32 78 510 527
2 199 268
5 5 48 380 410 542
3 2 73 409
2 32 79
2 47 56
2 217 218
2 125 132
4 192 326 459 490
2 95 150
2 65 314
2 172 219
3 3 317 460
3 6 19 513
3 5 178 393
2 63 65
2 9 10
3 14 289 443
1 68
2 163 304
3 18 249 546
2 5 306
2 41 552
2 65 166
3 232 279 532
2 2 78
2 19 90
5 17 240 399 455 534
2 49 101
2 48 61
3 352 514 524
3 3 174 460
1 73
2 10 53
2 62 130
2 193 247
4 176 227 411 586
3 2 18 583
2 19 165
2 44 127
3 186 311 533
2 21 184
2 85 296
3 84 364 398
2 10 134
3 3 324 435
3 87 163 517
3 126 139 436
2 72 393
3 31 377 493
2 74 283
1 282
2 31 221
1 143
2 103 283
4 184 337 459 589
2 241 257
3 39 249 545
4 1 160 450 586
2 160 353
5 230 352 489 534 584
3 225 386 537
1 22
2 67 164
2 38 327
2 18 46
2 99 198
4 11 52 487 592
2 61 283
2 150 306
2 18 91
2 95 265
3 52 265 588
4 6 37 503 590
2 2 104
3 31 42 447
2 247 260
3 91 291 523
2 22 96
3 38 190 443
2 12 174
2 1 50
2 235 323
3 3 43 575
2 174 306
2 2 395
2 32 397
3 6 103 486
2 35 180
2 82 332
3 1 282 490
3 81 338 573
2 1 105
2 367 429
2 33 128
3 55 58 461
2 4 31
2 120 425
3 2 84 581
2 111 199
3 35 408 558
2 28 276
1 316
2 278 346
2 12 19
3 2 377 465
2 58 263
1 234
5 64 165 548 572 587
2 358 405
2 362 381
3 265 445 599
2 74 122
2 2 184
2 257 319
2 341 455
1 125
4 16 319 542 579
2 21 104
1 87
2 12 220
2 31 122
1 103
1 32
2 38 54
2 40 76
2 3 150
2 96 182
3 9 82 585
3 9 311 550
1 287
3 29 169 563
2 3 70
2 12 62
4 8 249 489 580
2 104 246
3 67 437 487
2 417 486
2 53 155
3 410 484 554
2 358 440
2 60 244
2 128 148
3 147 399 597
3 95 111 519
2 11 28
2 3 273
2 45 109
2 11 81
2 63 272
4 17 130 517 555
2 289 333
2 18 38
2 289 423
2 35 329
3 60 179 564
1 51
2 32 114
2 1 40
2 15 73
2 41 350
2 66 95
3 152 184 557
2 306 363
2 68 380
2 83 137
2 47 79
2 396 500
2 123 140
2 9 494
2 9 232
2 201 254
2 210 277
2 109 427
2 272 380
1 132
2 64 89
2 74 350
3 2 63 594
3 88 147 570
2 49 94
1 280
2 334 374
2 176 390
2 377 410
2 66 86
2 173 322
2 174 411
1 157
2 27 100
1 2
2 2 334
2 352 467
1 122
1 76
2 3 407
2 328 370
2 25 49
2 312 458
2 283 292
1 479
2 100 193
2 72 372
1 13
2 104 489
2 1 500
2 31 169
3 6 512 569
2 287 450
2 49 246
2 203 291
2 4 74
2 321 336
2 259 481
2 46 505
2 21 96
2 86 113
2 134 151
2 25 283
2 74 557
2 234 529
2 4 128
2 8 458
2 174 441
2 125 349
2 45 433
2 137 246
2 7 11
1 86
2 185 467
2 254 484
2 32 448
2 334 336
2 136 387
2 27 410
2 37 478
2 386 408
2 20 458
2 5 422
1 405
2 60 423
2 39 168
2 32 417
2 120 192
2 168 528
1 4
2 3 35
2 48 493
2 63 243
2 33 461
