200
7 1 2 3 12 17 73 79
13 0 3 4 13 23 46 81 85 89 95 120 152 159
21 0 5 7 8 9 19 20 22 24 30 57 61 93 104 107 113 122 125 154 181 190
17 0 1 4 5 6 7 13 14 17 21 27 29 44 56 136 137 187
9 1 3 6 12 22 45 53 58 193
10 2 3 10 16 19 24 25 38 54 107
3 3 4 98
5 2 3 11 35 67
9 2 9 32 51 58 100 114 117 175
11 2 8 10 27 33 37 49 85 93 112 145
9 5 9 11 14 18 47 66 78 153
6 7 10 21 26 29 164
4 0 4 32 41
9 1 3 15 20 30 31 59 90 119
5 3 10 33 66 87
7 13 28 51 63 73 97 113
3 5 84 89
7 0 3 26 44 70 92 105
2 10 37
5 2 5 68 72 153
3 2 13 105
5 3 11 42 106 199
3 2 4 155
3 1 100 116
9 2 5 34 46 50 92 108 143 194
4 5 28 56 76
5 11 17 77 114 178
5 3 9 40 82 174
8 15 25 78 80 130 167 177 182
6 3 11 53 67 152 167
7 2 13 42 62 83 145 150
2 13 160
5 8 12 60 94 179
4 9 14 41 160
3 24 43 120
2 7 197
1 142
7 9 18 48 75 96 110 146
7 5 40 54 62 101 142 166
2 172 181
4 27 38 177 180
4 12 33 55 59
5 21 30 63 71 90
3 34 47 48
4 3 17 57 190
3 4 174 189
4 1 24 128 55
2 10 43
8 37 43 60 70 79 86 101 173
3 9 87 180
3 24 99 102
8 8 15 131 133 157 158 168 182
6 124 82 91 148 156 171
2 4 29
3 5 38 115
4 41 46 151 189
4 3 125 25 130
3 2 44 68
3 4 8 111
2 13 41
7 32 48 139 76 161 171 197
2 2 83
2 30 38
6 15 42 96 99 179 195
2 65 118
1 64
2 10 14
2 7 29
4 19 57 102 170
1 135
4 17 48 149 81
4 42 112 121 184
3 19 149 188
3 0 15 121
2 194 196
3 37 80 185
3 25 60 155
3 26 141 103
2 10 28
3 0 129 48
4 28 134 75 109
2 1 70
5 123 27 52 104 195
2 30 61
1 16
3 1 9 161
1 48
3 14 128 49
1 98
5 1 16 144 111 178
2 13 42
1 52
2 17 24
3 2 9 188
2 32 147
2 1 143
3 37 135 63
2 15 139
7 6 148 150 163 88 103 110
2 50 63
2 8 23
3 38 48 137
5 126 131 50 68 108
2 77 98
2 2 82
2 17 20
3 21 140 146
2 2 5
2 24 102
3 129 80 117
4 127 37 98 119
2 58 89
2 9 71
2 2 15
2 8 26
1 54
2 23 118
2 8 109
4 122 126 64 116
3 13 136 110
2 1 34
2 71 73
2 2 118
3 82 162 169
1 52
2 2 56
2 102 118
2 110 151
2 46 87
2 79 109
2 28 56
2 51 102
2 144 192
1 51
2 80 183
3 96 69 138
3 3 119 154
2 3 101
1 135
2 97 60
1 106
3 77 162 165
2 38 36
4 24 95 186 187
3 132 89 185
2 9 30
2 37 106
1 94
2 52 98
2 72 70
3 30 98 193
2 127 55
2 1 29
3 10 19 184
2 2 136
2 22 76
2 52 176
1 51
1 51
2 1 169
3 31 33 163
2 60 85
2 123 141
3 160 98 199
1 11
1 141
1 38
2 28 29
1 51
2 123 159
2 68 198
3 52 60 175
1 39
1 48
2 27 45
2 8 171
1 156
2 28 40
2 26 89
2 32 63
2 40 49
3 2 39 196
2 28 51
1 134
2 153 71
2 144 75
2 143 191
2 3 143
2 72 93
2 45 55
2 2 44
1 186
1 132
2 4 150
2 24 74
2 63 82
2 74 181
2 35 60
1 170
2 21 163
