100
8 2 7 12 17 25 31 51 98
7 9 25 27 28 34 56 57
6 0 3 19 27 61 90
8 2 6 10 20 36 45 59 89
13 5 6 7 8 13 17 18 21 23 28 37 63 80
2 4 31
6 3 4 8 11 15 21
6 0 4 32 46 49 74
9 4 6 18 29 42 53 64 72 78
10 1 67 16 23 26 44 54 78 88 95
3 3 60 76
4 6 12 76 84
3 0 11 36
5 4 19 38 48 63
1 82
2 6 16
2 9 15
3 0 4 33
4 4 8 43 83
5 2 13 22 41 49
3 3 29 55
3 4 6 56
2 19 77
3 4 9 24
3 23 75 99
5 0 1 32 33 40
1 9
3 1 2 91
5 1 4 66 73 47
3 8 20 45
1 42
4 0 5 70 79
6 7 25 37 62 90 96
5 65 17 25 71 85
2 1 48
2 64 80
2 3 12
5 4 73 32 91 92
1 13
1 92
1 25
2 19 46
4 8 70 30 82
2 18 53
1 9
2 3 29
3 7 41 47
3 28 46 84
2 13 34
3 7 19 69
2 68 81
2 0 52
1 51
2 8 43
3 9 60 93
1 20
2 1 21
2 1 86
1 62
1 3
2 10 54
1 2
2 32 58
3 4 13 87
2 8 35
1 33
1 28
2 9 87
2 50 97
1 49
3 31 42 86
1 33
1 8
2 37 28
1 7
2 24 83
2 10 11
2 22 88
2 8 9
1 31
3 4 35 98
2 50 95
3 14 42 99
3 18 75 93
2 11 47
1 33
2 70 57
2 67 63
2 9 77
1 3
2 2 32
2 27 37
2 37 39
3 83 54 94
1 93
2 9 81
1 32
1 68
2 0 80
2 24 82
