1000
53 1 2 3 4 5 10 12 15 18 24 30 51 62 74 91 95 113 117 129 146 158 163 168 174 184 202 228 237 258 273 279 281 283 302 314 364 427 440 470 495 500 516 534 536 572 573 586 614 670 802 813 891 960
55 0 8 9 13 21 25 26 28 29 30 62 63 71 92 96 99 106 115 145 156 168 169 176 182 184 187 198 214 246 345 397 400 414 444 473 523 539 547 566 612 616 620 629 646 671 741 789 845 880 922 950 951 955 966 987
29 0 3 6 10 14 19 61 66 74 135 157 181 348 360 372 398 420 445 483 516 533 573 737 743 773 862 914 929 957
20 0 2 4 5 39 92 125 142 161 198 249 255 277 535 695 775 792 860 923 942
64 0 3 7 8 13 14 16 17 26 34 42 48 54 57 64 80 95 100 101 106 131 133 136 137 140 141 154 167 220 230 284 296 320 324 335 340 365 370 371 385 406 429 448 490 496 543 544 554 594 603 622 652 658 670 675 682 726 750 751 763 770 795 812 856
33 0 3 6 7 16 21 22 23 71 75 89 102 116 118 120 123 178 247 311 331 344 349 363 373 402 519 542 587 590 601 650 678 912
20 2 5 11 27 32 43 45 58 79 83 103 147 159 171 389 520 567 702 875 998
36 4 5 12 39 44 47 55 70 73 79 94 185 217 260 278 327 361 365 397 462 525 537 575 635 644 652 717 743 767 771 774 790 804 960 985 991
26 1 4 9 11 20 34 40 41 45 68 97 108 117 235 241 319 428 436 438 611 630 638 703 781 942 947
8 1 8 44 73 125 210 322 755
15 0 2 17 20 25 50 171 176 219 225 288 564 576 772 857
31 6 8 15 19 22 56 68 96 97 104 182 205 224 227 296 310 465 507 510 538 579 654 663 681 791 800 816 837 876 958 983
9 0 7 18 46 84 195 236 513 858
20 1 4 47 56 59 60 61 76 87 112 148 158 161 223 258 388 395 788 808 865
3 2 4 317
12 0 11 69 155 196 201 375 403 664 669 813 819
12 4 5 23 98 174 393 421 457 503 515 934 947
14 4 10 28 90 150 180 219 275 374 389 453 933 937 974
9 0 12 27 40 151 152 494 506 568
3 2 11 273
27 8 10 31 36 38 41 60 65 86 88 93 101 119 121 261 266 310 381 399 424 451 464 570 599 879 964 976
15 1 5 24 33 52 126 216 239 263 492 568 605 710 900 952
42 5 11 31 35 36 37 53 64 81 98 107 149 202 256 272 293 307 317 321 345 363 375 382 390 394 419 467 469 488 498 563 591 608 623 632 706 784 810 863 900 921 938
13 5 16 111 114 216 218 266 383 401 657 668 919 932
28 0 21 32 46 162 175 178 197 276 292 316 346 349 374 403 446 532 548 552 589 595 604 623 637 661 704 713 874
22 1 10 33 42 67 69 82 94 112 149 194 305 342 426 461 502 507 742 826 905 907 920
18 1 4 51 138 190 214 268 271 315 318 344 354 378 503 508 776 817 917
24 6 18 59 77 90 150 167 172 200 206 254 302 309 369 450 463 472 535 589 627 663 732 815 994
31 1 17 29 38 43 80 122 131 132 153 160 169 193 231 241 247 287 312 326 329 335 377 427 434 443 616 618 627 766 876 910
16 1 28 57 72 75 87 144 207 383 574 594 607 618 642 755 861
12 0 1 72 77 88 107 192 250 290 518 787 940
5 20 22 53 332 600
4 6 24 539 832
9 21 25 35 110 196 279 598 677 838
16 4 8 67 119 240 255 288 289 337 425 504 669 698 720 919 959
7 22 33 217 473 579 853 935
12 20 22 37 48 84 151 159 185 249 306 493 612
9 22 36 52 118 133 188 206 696 849
14 20 28 82 109 116 129 139 200 514 553 576 591 693 700
10 3 7 54 128 143 157 315 381 461 769
4 8 18 180 362
6 8 20 49 89 720 892
9 4 25 127 211 364 502 551 855 964
11 6 28 91 189 232 333 371 716 772 927 972
5 7 9 49 50 757
9 6 8 166 203 222 499 560 696 878
4 12 24 124 701
16 7 13 63 66 81 85 163 213 533 557 596 611 642 715 728 847
4 4 36 313 708
20 41 44 58 154 211 212 284 291 303 323 358 372 567 620 645 672 680 724 817 895
9 10 44 83 134 170 175 440 636 984
9 0 26 55 122 354 501 540 646 779
2 21 37
17 22 31 65 78 137 160 165 270 286 454 460 489 592 597 700 759 882
5 4 39 426 469 836
5 7 51 86 130 244
3 11 13 336
11 4 29 127 148 207 208 707 827 887 932 987
12 6 49 76 146 209 270 320 529 530 689 699 852
7 13 27 324 497 587 606 785
3 13 20 556
11 2 13 78 113 114 199 429 455 482 780 808
3 0 1 384
20 1 47 152 261 281 312 316 326 366 437 513 532 582 636 648 665 745 746 833 933
5 4 22 120 404 418
16 20 53 85 104 110 183 243 259 272 301 343 368 628 686 794 921
9 2 47 100 132 253 386 400 748 841
12 25 34 70 245 269 295 346 496 522 541 740 826
7 8 11 136 499 562 882 989
8 15 25 442 484 504 602 879 984
14 7 67 102 108 228 357 629 780 830 846 884 903 913 937
7 1 5 221 293 735 757 789
4 29 30 351 854
5 7 9 366 454 639
6 0 2 435 528 541 798
4 5 29 142 319
6 13 58 269 378 384 678
2 27 30
13 53 61 135 226 227 314 376 379 523 584 585 735 993
6 6 7 105 204 210 297
2 4 28
13 22 47 240 262 265 353 466 475 549 648 738 806 977
5 25 38 139 186 212
7 6 50 124 267 292 710 770
2 12 36
8 47 65 308 382 610 825 894 945
5 20 55 115 923 944
3 13 29 472
11 20 30 93 105 126 259 274 373 409 672 996
2 5 41
7 17 27 103 177 581 684 914
4 0 43 816 843
10 1 3 253 390 492 508 556 584 677 868
3 20 88 186
6 7 25 144 265 537 655
20 0 4 99 111 140 177 179 193 215 282 301 350 367 557 583 641 667 725 792 906
2 1 11
7 8 11 238 410 413 526 736
2 16 22
3 1 95 109
4 4 66 128 153
2 4 20
8 5 70 145 204 251 614 781 950
5 6 90 237 443 683
3 11 65 577
6 79 88 147 189 257 806
3 1 4 734
3 22 30 946
4 8 70 143 156
3 38 99 121
6 33 65 218 285 360 418
9 23 95 357 639 748 760 869 893 965
11 13 25 123 130 278 304 449 457 546 565 655
3 0 61 435
4 23 61 534 545
7 1 86 229 267 715 884 973
4 5 38 355 408
3 0 8 209
5 5 37 162 172 430
18 20 34 138 164 179 195 232 238 271 327 334 380 412 439 801 920 952 998
2 5 64
6 20 109 155 306 564 957
3 28 51 604
7 5 112 170 289 458 578 608
7 46 83 190 242 497 500 982
8 3 9 224 495 512 649 653 664
13 21 88 252 300 330 339 398 462 482 610 707 777 909
9 42 57 487 521 524 671 899 915 979
10 39 100 134 141 339 728 800 928 931 944
8 0 38 191 213 244 633 797 828
3 55 112 872
9 4 28 165 199 230 248 380 775 951
2 28 66
7 4 37 411 471 481 526 634
10 50 128 222 252 431 551 625 667 704 787
4 2 78 262 547
4 4 68 385 619
7 4 53 356 768 809 814 848
3 26 119 194
3 38 82 647
13 4 95 181 226 260 283 323 422 449 476 631 968 969
8 4 128 233 263 668 719 823 891
5 3 75 197 277 889
7 39 108 173 275 330 637 692
5 29 94 467 823 898
5 1 102 221 311 855
2 0 58
6 6 105 208 287 393 641
2 13 57
6 22 25 362 465 785 790
2 17 27
4 18 36 407 927
4 18 63 183 303
5 28 100 201 396 474
3 4 49 239
7 15 121 173 298 479 524 766
6 1 108 254 325 406 588
5 2 39 192 356 722
6 0 13 243 305 391 688
4 6 36 191 203
12 28 53 223 235 290 377 468 519 558 650 862 936
3 3 13 187
10 24 118 164 166 408 448 699 702 752 791
6 0 47 353 483 935 996
6 119 162 234 285 471 930
4 53 131 245 765
3 45 162 615
8 4 27 215 410 602 684 764 812
7 0 1 236 268 350 665 714
2 1 28
4 50 123 433 940
4 6 10 188 675
2 27 118
3 143 155 934
2 0 16
4 24 50 333 477
8 1 10 246 294 683 691 954 992
4 90 95 328 621
2 5 24
5 95 119 351 746 982
8 17 40 322 445 476 493 550 959
2 2 140
9 1 11 242 318 379 542 632 653 844
4 65 152 336 376
6 0 1 338 581 640 695
8 7 36 231 264 299 325 692 967
7 82 93 225 309 477 694 762
3 1 161 509
2 37 171
4 43 105 681 970
2 26 124
5 129 159 328 361 633
5 30 157 404 415 442
2 28 95
3 25 138 447
2 12 119
3 15 33 899
2 24 142
5 1 3 450 590 662
5 61 131 251 321 783
4 27 38 295 680
2 15 153
7 0 22 205 484 511 890 939
5 45 159 220 517 859
4 79 102 455 886
3 11 202 617
3 27 37 359
2 29 57
5 57 147 313 490 744
2 58 117
6 9 79 264 329 394 697
4 42 49 956 990
4 49 82 347 742
4 47 129 229 613
3 1 26 294
4 95 167 395 459
6 21 23 307 558 666 756
3 7 35 877
5 23 110 286 304 341
2 10 17
5 4 203 274 276 888
2 71 145
3 45 134 248
6 13 160 250 341 347 666
6 11 125 234 280 300 740
3 10 186 698
3 78 140 392
2 11 78
4 0 70 233 883
7 115 213 421 577 786 889 972
2 4 131
5 28 185 563 832 885
2 43 119
7 141 228 585 656 697 717 756
5 164 224 369 451 733
2 8 160
3 12 168 387
4 0 103 733 771
9 97 119 331 340 367 466 491 729 799
5 21 154 342 444 926
2 34 81
3 8 28 414
2 124 182
9 65 158 256 355 721 744 842 911 958
3 55 129 489
3 67 165 280
4 1 176 456 925
3 5 28 753
4 131 222 596 651
2 3 36
3 30 223 391
5 102 199 299 529 561
7 126 134 501 626 821 924 978
2 66 92
7 27 156 452 458 656 676 906
2 3 34
7 22 243 257 282 370 498 505
5 105 256 607 732 848
2 0 13
7 65 88 453 505 601 645 814
2 7 140
2 20 63
2 81 135
2 21 141
4 185 210 778 986
2 81 94
4 20 23 358 902
7 83 115 291 405 456 922 999
2 26 168
2 67 76
2 53 58
6 26 119 297 425 625 966
4 22 65 352 530
4 0 19 598 754
3 88 220 818
2 17 143
4 24 220 422 852
3 3 142 818
2 7 112
2 0 33
4 224 245 405 888
2 0 63
5 95 256 603 709 809
4 0 140 334 868
3 4 49 308
2 110 164
3 53 218 730
2 28 147
10 10 34 332 459 468 561 711 738 747 949
2 34 123
6 30 160 338 413 463 634
3 49 267 835
4 24 83 486 867
2 22 71
4 176 214 298 925
2 67 200
5 4 11 388 420 980
5 79 271 430 527 572
2 155 294
3 185 251 978
2 126 224
2 65 95
2 0 27
4 49 152 452 488
8 112 218 359 434 643 754 768 892
2 25 158
5 36 121 399 659 869
3 22 216 872
4 85 284 901 970
3 27 186 343
2 11 20
3 5 145 402
2 28 63
2 48 208
3 0 78 988
2 26 39
3 24 63 674
3 14 22 417
3 26 182 621
2 8 75
10 4 58 337 441 509 543 554 580 777 831
6 22 199 348 592 739 794
4 9 180 475 774
3 49 140 907
3 4 59 464
4 156 185 352 722
6 28 63 657 761 819 897
7 7 119 387 411 423 597 747
5 177 191 432 436 580
4 28 210 797 968
4 126 143 531 749
5 5 238 368 506 864
2 31 288
4 43 175 417 660
3 119 283 578
4 4 28 432 624
2 56 183
2 34 320
2 184 290
2 126 128
2 4 238
3 218 223 866
2 25 239
2 65 309
3 5 26 649
4 1 22 569 595
3 24 67 419
3 212 223 545
4 2 321 460 980
3 5 24 571
3 95 168 896
4 72 179 518 803
3 272 325 481
4 81 163 396 626
4 26 51 570 599
2 116 243
9 137 157 401 520 583 676 804 880 975
4 70 111 386 643
3 49 266 582
2 206 304
4 2 110 437 778
6 7 191 487 661 706 799
5 40 149 428 485 606
5 5 22 407 527 727
4 0 42 412 416
5 4 7 439 716 731
7 63 73 562 659 660 856 905
4 95 238 540 991
3 65 331 575
3 27 234 719
3 4 256 731
2 4 43
2 2 49
4 5 88 480 834
5 17 24 424 638 705
3 15 22 758
3 78 183 525
2 28 160
3 26 76 485
3 78 182 478
3 119 131 679
5 20 39 415 447 617
2 22 85
5 23 29 446 521 721
2 62 76
7 4 136 392 654 701 709 981
2 66 357
2 236 327
2 13 296
3 6 17 873
2 22 92
3 158 250 531
3 226 385 553
2 16 147
2 22 210
2 13 215
3 153 353 409
3 1 7 600
3 2 126 474
3 20 306 433
4 1 66 431 752
5 23 356 438 544 902
6 5 311 423 528 609 955
4 15 24 798 956
3 64 192 989
2 267 280
3 4 156 870
2 151 363
2 116 162
4 88 396 548 593
2 97 167
2 133 327
2 119 364
3 97 290 416
2 1 241
3 192 381 630
2 364 413
2 317 333
3 64 110 494
2 22 346
3 2 296 860
2 16 229
3 140 276 846
2 327 402
2 20 374
3 34 271 761
3 25 54 491
2 0 28
2 8 362
3 4 61 571
2 118 297
5 134 400 622 705 877
3 328 335 822
2 170 399
3 28 304 725
2 74 113
3 8 328 480
5 63 360 441 522 767
2 8 401
3 119 365 871
2 0 50
2 320 437
3 69 192 805
4 28 103 549 929
2 1 239
3 2 180 686
2 24 383
2 194 381
4 4 162 714 825
3 112 140 726
2 27 198
7 20 234 479 647 713 739 961
4 254 303 782 851
2 17 259
6 53 73 510 640 679 840
3 61 204 574
2 246 267
2 16 112
4 123 254 685 993
2 215 288
2 53 348
8 25 39 470 478 690 815 865 909
2 7 126
5 27 290 515 536 916
2 20 324
2 11 149
3 81 238 839
4 22 144 628 811
4 160 288 831 836
2 22 54
2 0 461
4 133 164 546 552
2 27 87
3 1 35 802
4 153 398 538 753
4 81 322 687 954
4 140 180 793 829
2 175 186
4 379 461 566 773
3 155 451 511
3 373 436 486
3 133 352 839
2 61 126
2 2 163
5 69 202 550 688 962
2 362 378
3 292 480 965
5 127 361 711 730 853
4 22 303 693 734
2 53 244
2 4 208
3 238 426 953
3 21 92 916
2 36 180
2 18 418
4 0 125 662 741
3 4 67 786
3 59 124 895
4 22 256 512 555
4 45 68 796 928
3 0 124 796
3 51 252 829
4 25 42 559 609
2 16 26
4 34 69 517 784
2 256 259
2 18 331
2 11 25
5 26 92 514 827 854
2 187 320
3 11 454 941
2 202 479
3 125 498 586
3 12 63 682
2 38 508
3 16 463 559
2 0 2
3 203 504 764
3 30 351 565
4 5 160 881 949
2 6 356
8 127 383 569 615 703 723 737 870
2 67 437
2 1 78
2 127 155
4 7 376 736 890
4 97 133 878 953
2 297 363
2 74 402
2 58 251
4 58 272 708 835
3 330 391 718
2 24 63
2 2 47
3 0 114 803
2 3 27
2 0 463
2 7 94
3 11 474 788
5 1 32 635 718 820
4 51 367 763 844
3 67 74 687
4 5 182 690 994
2 4 320
2 4 401
4 114 347 631 644
2 112 471
2 1 135
2 24 409
2 81 443
3 180 484 560
3 42 134 588
2 24 471
2 38 392
3 4 320 555
3 498 554 896
3 60 92 981
3 47 95 886
2 160 216
2 502 515
4 45 550 918 971
2 251 288
5 68 366 613 847 969
2 22 231
2 10 121
2 112 518
2 1 478
2 6 49
4 18 21 593 849
3 345 521 924
2 20 354
3 349 429 691
3 0 297 673
2 0 2
3 29 455 820
3 7 368 979
4 10 38 712 762
3 104 229 694
4 123 334 859 908
2 11 35
2 320 328
2 90 184
2 63 358
3 95 356 938
3 78 92 822
2 78 233
6 0 512 723 765 824 997
2 5 59
3 156 551 850
3 24 27 863
3 5 198 904
2 22 38
2 53 321
2 409 568
2 4 29
2 24 345
2 47 248
2 53 327
3 33 273 605
2 20 354
2 31 397
2 5 259
3 69 167 821
2 4 282
2 24 122
2 21 598
2 59 362
2 29 257
2 22 123
3 402 502 624
2 85 126
3 8 47 751
2 1 36
3 213 562 673
7 0 102 619 758 833 843 990
2 166 521
2 1 28
4 205 381 727 850
2 28 29
3 136 614 845
2 1 49
3 177 318 685
2 4 431
2 22 24
2 335 609
3 134 271 874
2 252 353
3 27 28 801
2 65 467
3 1 70 828
2 8 415
3 140 545 674
2 22 182
2 129 191
2 133 290
2 7 539
2 50 63
2 24 143
2 8 374
5 73 111 658 712 776
3 184 454 651
2 95 147
3 29 47 750
3 304 357 858
2 7 545
2 49 259
4 1 51 689 830
2 139 451
2 63 81
2 125 344
3 5 160 931
2 248 640
3 4 7 904
2 125 182
2 11 385
3 94 112 782
2 233 254
2 23 326
2 4 639
3 306 366 974
2 333 366
2 24 361
2 198 495
2 11 27
3 15 125 824
2 63 168
2 216 223
3 95 134 810
3 23 141 995
4 15 34 805 894
2 0 4
2 1 127
6 49 88 759 779 811 851
4 572 613 724 795
2 316 631
2 4 171
2 254 356
3 33 92 963
2 5 76
2 380 454
2 49 200
2 11 189
2 4 513
3 103 176 939
3 90 167 769
2 458 621
2 65 445
2 475 541
3 158 484 948
3 58 646 749
3 461 542 963
3 176 571 945
2 143 185
2 38 488
3 186 577 913
2 3 184
2 37 45
3 210 233 807
2 34 225
3 58 162 866
2 38 53
2 46 385
3 6 162 936
2 8 521
4 24 134 885 973
2 374 431
3 22 361 948
2 57 126
2 48 530
2 282 385
3 21 83 793
3 288 487 875
2 576 639
3 24 451 871
2 168 448
2 47 115
2 43 365
2 7 233
2 531 539
2 141 369
2 34 41
2 243 383
2 157 325
2 521 586
2 49 673
3 95 434 760
4 4 449 729 901
2 363 617
3 47 128 881
4 238 726 745 897
2 286 487
2 365 370
2 27 257
2 234 237
2 106 488
2 71 78
3 97 525 997
2 2 521
2 81 288
2 321 451
4 67 224 864 988
2 1 495
2 25 212
2 2 7
2 208 243
2 63 729
2 63 179
3 288 327 783
2 66 111
2 330 689
3 4 642 975
2 4 611
2 162 400
2 247 474
2 273 304
2 9 29
2 216 233
2 44 71
2 375 614
2 53 672
2 111 725
2 326 425
3 186 576 887
2 4 540
2 167 517
3 165 586 861
3 28 155 912
2 7 437
2 137 304
2 39 684
2 4 83
2 7 237
2 10 43
2 2 478
2 7 322
3 3 131 926
2 26 639
2 126 320
2 264 360
2 51 672
2 61 70
3 8 102 873
2 452 655
2 199 747
2 22 504
2 59 149
2 229 496
2 30 134
3 13 538 857
2 1 71
3 7 149 971
2 11 162
3 3 95 807
2 476 710
3 65 321 999
2 4 673
3 499 500 842
2 129 329
3 74 403 840
2 238 361
2 11 128
2 119 627
2 0 473
2 351 534
2 7 356
2 442 669
2 81 105
2 697 792
2 13 61
2 137 282
2 22 667
2 467 672
3 4 167 838
2 0 15
3 137 259 834
2 27 461
2 11 91
4 26 49 837 883
2 274 277
2 15 326
2 539 574
2 252 602
2 432 584
2 141 144
2 586 664
2 85 448
2 25 67
2 57 508
2 129 629
3 476 501 977
2 70 646
2 320 468
3 32 231 841
2 63 614
2 373 814
2 291 530
3 54 468 903
3 11 817 867
3 33 812 908
2 466 481
2 454 798
2 66 832
2 243 796
3 91 614 961
2 182 540
2 1 619
2 70 422
3 47 562 986
2 137 257
3 37 568 967
2 588 617
2 452 672
2 58 276
2 35 487
2 72 508
2 42 145
3 4 366 917
2 10 788
2 12 643
2 203 578
2 3 420
2 29 765
2 2 160
2 22 589
4 331 740 911 915
4 13 461 941 976
3 341 699 943
2 292 837
2 92 283
2 111 306
2 406 521
3 439 713 983
2 130 307
2 389 781
2 24 625
2 6 711
2 11 28
3 217 431 918
2 45 526
3 20 69 995
2 1 356
2 519 728
2 53 68
2 228 817
2 70 115
3 231 704 930
3 204 557 893
2 57 762
3 220 280 946
2 142 229
3 202 525 910
2 0 141
2 41 304
2 111 886
3 85 669 898
2 49 497
2 350 555
2 326 729
2 144 894
2 127 196
2 21 22
2 308 726
2 266 401
3 70 836 992
2 590 652
2 25 366
2 95 254
2 25 323
2 578 838
2 126 461
2 28 890
2 243 864
2 5 766
2 70 694
2 2 90
2 127 864
2 463 492
2 26 856
2 560 877
2 23 34
2 25 119
2 22 65
2 1 267
2 3 86
2 252 569
2 246 294
2 239 775
2 43 151
2 128 499
2 2 443
2 164 885
2 128 650
3 23 57 943
2 17 63
2 16 173
2 35 163
2 160 702
2 17 70
2 22 583
2 202 683
2 30 170
2 510 865
3 3 8 962
2 866 932
2 86 128
2 85 691
2 107 888
2 8 16
2 688 706
2 288 519
2 1 102
2 1 131
2 21 119
2 491 526
2 176 475
2 1 402
2 211 403
2 2 121
2 11 243
2 34 180
2 0 7
2 451 843
2 484 942
2 677 690
2 20 42
2 111 486
2 1 271
2 185 849
2 140 329
2 140 562
2 189 308
2 560 790
2 43 229
2 115 704
2 17 659
2 356 750
2 20 865
2 81 829
2 252 299
2 127 575
2 296 348
2 385 556
2 124 179
2 11 871
3 50 69 985
2 7 984
2 264 847
2 1 57
2 314 740
2 68 404
2 211 614
2 7 367
2 176 903
2 78 458
2 27 542
2 668 879
2 88 163
2 586 736
2 6 119
2 267 794
