100
8 2 3 5 7 20 26 27 42
6 8 29 30 38 65 67
8 0 3 4 6 12 30 56 74
7 0 2 9 16 26 37 97
7 2 12 13 19 49 79 85
13 0 6 9 14 22 23 48 54 60 68 69 86 93
6 2 5 11 13 15 17
6 0 28 61 80 89 96
2 1 42
4 3 5 38 43
6 22 23 29 45 82 97
2 6 33
6 2 4 58 72 86 99
5 4 6 21 33 40
3 5 15 39
3 6 14 98
5 3 18 36 76 77
2 6 72
1 16
5 4 24 41 91 92
3 0 25 62
3 13 69 31
5 5 10 65 47 83
3 5 10 84
2 19 96
1 20
2 0 3
3 0 64 83
1 7
9 1 10 32 49 51 57 88 95 98
2 1 2
1 21
3 29 51 80
5 11 13 46 48 56
1 81
2 37 79
1 16
3 3 70 35
2 1 9
2 14 91
1 13
2 19 85
4 0 8 59 84
3 9 67 53
2 82 55
3 10 78 59
1 33
3 22 57 60
2 5 33
3 4 68 29
1 87
2 29 32
1 74
1 43
1 5
3 76 44 62
3 2 33 63
3 29 81 47
1 12
2 42 45
3 5 64 47
1 7
2 20 55
2 71 56
3 27 60 90
3 1 22 75
1 87
2 1 43
2 5 49
3 5 21 73
1 37
1 63
2 12 17
1 69
3 2 52 94
1 65
2 16 55
1 16
1 45
2 4 35
2 7 32
2 34 57
2 10 44
2 22 27
2 23 42
2 4 41
2 5 12
3 66 50 92
1 29
1 7
1 64
2 19 39
3 19 87 94
1 5
3 74 92 95
2 29 94
2 7 24
2 3 10
2 15 29
1 12
