1000
46 1 2 3 6 8 9 12 18 26 33 41 43 48 84 89 94 101 105 118 162 222 241 260 320 326 408 410 446 460 474 476 478 510 514 568 572 579 592 607 647 713 759 795 933 939 953
45 0 3 4 5 11 20 21 23 28 36 37 53 58 59 73 82 102 114 138 216 247 263 274 337 387 405 451 457 458 531 535 582 594 605 613 616 714 758 772 775 815 846 881 911 945
47 0 7 12 17 31 35 37 68 99 145 167 171 178 184 187 192 223 231 294 298 309 316 343 405 447 464 476 477 502 512 535 539 559 562 617 639 643 650 694 719 753 841 880 910 926 936 961
113 0 1 4 5 6 7 9 10 15 18 19 21 22 23 24 26 27 29 34 46 49 51 71 91 93 100 101 102 104 120 122 125 129 131 135 140 141 143 144 146 153 158 159 163 165 169 176 183 195 197 205 211 219 221 245 251 254 257 258 262 266 269 270 273 284 305 317 334 338 341 359 380 392 417 422 425 445 453 467 469 480 494 495 508 534 551 552 635 640 673 686 687 717 724 741 747 755 778 794 826 834 844 850 872 906 914 922 946 957 960 969 984 993
8 1 3 44 75 85 95 318 901
44 1 3 8 15 17 32 35 38 62 74 78 88 108 122 124 151 156 195 226 239 289 310 325 329 332 343 368 372 383 423 435 513 530 560 571 583 608 801 863 869 944 950 951 985
16 0 3 10 39 43 139 183 200 355 399 407 577 720 756 799 814
18 2 3 16 24 53 54 55 97 161 181 203 311 322 346 536 620 901 915
8 0 5 14 194 471 553 777 791
31 0 3 11 13 14 25 28 52 56 93 110 148 166 221 233 257 308 338 354 376 500 524 593 597 769 867 874 887 892 979 991
38 3 6 13 47 56 60 61 64 72 78 92 107 109 136 147 190 225 243 261 279 286 351 358 398 447 459 466 548 549 624 656 687 707 711 730 743 750 964
22 1 9 50 57 70 141 143 201 214 264 276 290 295 400 424 438 547 579 672 688 854 987
6 0 2 30 68 69 519
19 9 10 27 42 59 63 103 198 240 265 298 331 373 442 520 556 670 692 861
26 8 9 19 22 60 115 185 224 239 252 361 369 384 422 564 574 583 628 785 796 813 845 862 912 921 992
11 3 5 16 207 300 437 449 474 512 518 772
16 7 15 25 40 66 81 88 164 228 278 283 431 503 661 864 936
9 2 5 20 34 39 114 157 189 360
16 0 3 31 51 77 164 198 268 276 318 334 350 565 582 824 969
10 3 14 44 67 77 121 492 629 667 761
9 1 17 72 134 160 234 237 588 865
10 1 3 32 66 70 146 172 309 802 983
4 3 14 38 890
7 1 3 29 48 81 370 390
11 3 7 45 57 379 463 519 522 646 667 757
13 9 16 46 145 220 222 354 367 401 409 738 788 825
5 0 3 45 965 974
6 3 13 211 245 296 720
6 1 9 63 113 115 588
25 3 23 30 52 119 133 142 223 265 292 321 396 414 478 499 546 636 723 746 773 811 861 885 894 949
14 12 29 36 150 155 161 180 208 307 312 385 430 536 544
19 2 18 33 42 64 76 83 84 97 98 104 321 384 444 470 501 545 558 570
12 5 21 40 116 160 209 294 457 468 619 793 908
12 0 31 41 123 170 301 453 541 585 724 833 847
9 3 17 73 120 194 280 346 409 587
9 2 5 119 297 520 683 766 907 929
8 1 30 202 240 259 403 423 488
11 1 2 62 192 282 411 523 664 691 857 907
6 5 22 135 496 872 911
16 6 17 82 180 225 288 331 344 555 627 728 729 745 814 820 916
8 16 32 47 87 98 175 327 802
8 0 33 49 65 378 545 689 924
9 13 31 55 128 142 436 513 856 899
5 0 6 246 302 954
21 4 19 91 151 214 232 241 262 325 427 452 547 620 650 682 714 852 902 943 968 981
4 24 26 412 581
7 3 25 159 256 269 270 645
8 10 40 154 156 197 289 533 622
23 0 23 69 76 85 89 96 136 173 179 190 275 283 459 546 649 660 726 803 823 899 982 990
13 3 41 50 95 132 277 397 576 593 706 740 744 745
18 11 49 65 67 100 111 116 124 153 167 191 217 231 394 437 507 700 854
5 3 18 58 144 983
5 9 29 106 173 966
28 1 7 54 61 83 163 212 267 268 428 436 472 515 557 561 567 605 627 658 699 841 842 850 883 923 953 988 992
4 7 53 207 849
10 7 42 113 196 297 490 539 607 697 998
11 9 10 109 218 372 375 401 681 715 837 895
6 11 24 506 551 584 668
2 1 51
9 1 13 86 112 126 260 611 712 781
4 10 14 220 336
4 10 53 251 290
4 5 37 206 779
9 13 28 74 201 247 306 557 629 851
18 10 31 71 127 169 193 256 288 371 432 528 674 771 789 832 903 906 972
6 41 50 75 80 271 928
11 16 21 130 149 171 204 326 487 602 829 913
7 19 50 126 356 735 763 995
8 2 12 129 196 407 489 855 916
3 12 48 188
16 11 21 90 132 172 335 497 524 563 594 611 742 753 812 886 989
3 3 64 644
16 10 20 99 108 137 165 179 199 317 327 442 548 614 653 765 792
7 1 34 228 242 248 386 816
8 5 63 147 202 244 320 408 900
12 4 65 103 177 402 429 555 645 943 958 975 991
19 31 48 79 80 105 107 110 117 125 170 272 281 308 328 433 460 632 853 878
10 18 19 79 86 181 210 233 721 749 987
10 5 10 118 127 182 360 511 638 641 818
14 76 77 92 158 184 475 483 578 642 654 663 737 846 891
7 65 76 267 530 651 665 810
10 16 23 87 162 168 296 349 451 464 533
6 1 39 94 277 509 867
7 31 53 90 128 226 286 840
4 0 31 771 920
6 4 48 186 341 388 481
5 59 77 191 458 800
3 40 81 631
9 5 16 209 477 532 542 618 684 925
5 0 48 140 344 781
2 70 83
6 3 44 213 291 791 842
3 10 79 249
2 3 9
12 0 82 96 106 121 311 456 498 516 672 912 994
8 4 49 130 342 603 871 874 883
10 48 94 112 137 224 335 600 673 786 831
14 7 31 111 210 218 362 489 575 685 727 734 758 784 820
2 31 40
5 2 72 152 168 552
6 3 50 443 762 833 934
4 0 3 374 410
3 1 3 528
7 13 75 333 413 704 733 879
4 3 31 387 696
2 0 76
8 52 94 332 370 445 674 768 955
2 10 76
2 5 72
4 10 56 258 612
13 9 76 123 138 274 292 333 515 652 780 839 868 935
6 50 97 361 374 566 689
6 59 96 246 348 599 637
3 28 55 550
8 1 17 131 252 305 443 866 938
6 14 28 117 174 314 709
5 32 50 155 522 640
12 76 115 166 185 188 271 394 431 591 655 811 817
4 0 78 215 748
2 29 35
8 3 34 157 177 182 212 404 941
6 19 94 133 345 838 960
4 3 5 450 959
4 33 110 134 285
4 5 50 390 504
3 3 76 263
4 59 67 230 701
2 64 78
6 42 83 273 291 348 479
6 3 68 213 349 517 866
8 66 95 139 253 279 302 544 574
5 3 114 782 898 979
5 49 70 199 254 366
5 29 121 347 450 540
6 20 123 148 150 415 852
2 3 38
13 10 48 149 154 174 175 217 376 396 466 655 773 886
10 72 96 200 227 255 328 356 420 718 839
3 1 110 418
3 6 130 248
2 3 89
4 3 11 693 988
6 29 42 215 369 662 893
5 3 11 229 234 619
8 3 51 235 238 314 382 430 834
2 2 25
6 3 21 236 310 449 749
10 10 74 176 205 330 392 596 736 779 818
5 9 134 152 908 909
7 66 136 189 419 527 558 857
3 30 134 821
5 5 44 563 581 881
6 99 148 324 368 509 538
4 3 50 414 662
5 47 136 299 462 702
10 30 116 307 381 416 480 561 678 774 840
4 5 47 193 242
8 17 120 187 275 383 402 432 653
3 3 79 203
6 3 46 375 404 568 812
4 20 32 418 824
7 7 30 186 243 339 604 827
2 0 81
7 3 53 227 371 483 790 942
2 16 18
4 3 72 229 740
2 9 117
6 2 50 264 330 365 698
6 81 99 249 559 764 787
6 3 64 178 287 352 784
4 33 76 690 897
4 2 66 823 856
2 21 70
5 48 52 232 313 748
9 115 136 319 329 399 454 554 663 765
5 40 136 208 415 444
2 3 147
2 75 120
4 2 169 351 501
7 48 72 250 266 347 413 927
3 30 39 920
3 7 77 230
3 78 120 615
9 3 6 303 304 666 692 776 903 904
21 2 79 235 255 280 303 322 323 324 388 490 553 597 606 618 678 704 741 815 832 985
2 14 117
4 85 161 261 358
5 2 157 339 364 521
5 69 117 219 237 660
3 17 149 378
6 10 48 238 284 366 849
6 50 86 455 586 598 676
5 2 37 395 420 684
7 64 156 293 362 506 537 913
2 8 34
2 3 5
5 55 68 566 573 869
3 3 47 206
2 13 18
3 72 132 400
4 6 137 412 885
3 11 63 204
4 36 74 446 727
5 7 158 287 633 827
5 66 201 639 862 919
2 3 147
4 62 197 630 776
2 15 54
6 30 175 295 340 496 999
7 32 88 272 406 425 462 463
3 77 97 688
3 3 27 472
2 53 120
4 91 129 391 723
6 11 44 216 711 770 819
4 118 142 357 471
8 1 214 244 250 601 725 844 927
5 50 136 377 892 947
2 56 97
3 3 188 398
6 25 60 465 491 534 571
3 3 9 587
3 0 25 359
2 2 29
2 14 96
2 10 39
5 5 83 253 518 893
2 137 163
2 16 73
4 143 165 709 853
5 126 181 259 281 945
4 2 50 426 657
2 44 173
7 9 77 236 285 686 805 880
3 20 143 830
4 144 184 312 465
4 146 233 363 958
2 20 188
3 144 190 761
2 5 14
2 13 36
3 0 44 455
3 73 156 744
6 10 161 507 859 884 896
4 74 216 780 800
3 3 27 703
2 43 112
2 1 63
3 73 139 694
5 92 168 299 441 590
4 179 216 300 967
2 3 61
4 14 114 304 488
3 130 226 301
3 3 132 728
3 137 184 278
4 46 64 340 342
3 3 9 485
10 3 109 313 428 470 504 508 671 783 963
3 36 230 315
3 0 59 556
5 10 186 319 482 935
6 3 44 521 677 721 799
6 1 125 367 625 801 806
4 11 167 282 973
3 13 29 790
3 3 179 966
5 53 80 353 421 505
6 18 53 448 481 491 816
4 3 46 353 500
2 3 46
2 65 117
4 76 209 643 976
7 3 128 345 440 461 654 934
2 1 110
3 48 157 752
6 11 18 293 350 526 669
4 49 82 701 997
3 16 255 549
5 10 130 484 665 952
3 34 184 621
4 76 230 510 890
3 37 264 429
4 16 48 751 778
3 3 190 797
3 123 233 486
4 10 83 675 755
2 169 203
3 39 64 997
7 5 47 337 379 434 454 733
2 11 61
3 91 128 774
2 29 110
5 193 276 475 495 498
2 2 32
4 11 208 395 484
6 27 81 336 380 417 681
3 35 55 882
2 2 13
8 154 249 306 479 677 713 730 808
5 15 250 516 696 961
3 33 253 323
4 43 130 468 803
2 183 184
4 183 252 389 641
3 3 114 949
3 63 299 562
5 30 155 365 531 769
5 9 76 363 482 486
5 2 21 315 706 715
3 5 146 397
3 7 94 680
3 30 235 578
4 173 258 316 789
3 115 144 421
6 259 309 416 606 679 965
3 2 313 610
4 3 72 596 956
6 4 18 642 838 848 980
3 174 261 541
4 0 74 355 424
7 29 31 352 406 499 712 810
8 7 184 393 575 626 705 783 888
3 184 301 924
2 152 184
4 5 44 502 919
5 0 66 364 441 845
4 40 72 679 782
7 76 137 385 614 719 754 877
2 5 174
2 147 167
3 13 39 946
7 5 106 427 440 467 598 860
4 103 110 433 940
2 3 18
3 70 96 837
5 60 296 426 435 731
2 1 289
3 3 9 590
2 161 187
6 208 256 381 580 624 817
2 3 85
5 95 256 550 589 767
3 2 5 637
4 39 89 377 386
2 121 273
3 7 34 357
2 133 179
2 112 128
5 81 129 393 610 938
2 18 276
2 10 178
3 169 321 768
3 267 269 695
4 9 25 932 978
2 6 320
6 67 137 617 644 848 980
4 215 346 514 570
3 10 186 831
2 3 222
3 17 78 722
2 14 111
4 97 193 373 503
4 236 308 452 604
3 187 326 537
3 167 307 634
2 132 190
3 25 263 391
2 5 152
5 14 142 382 389 695
4 23 106 532 902
2 64 163
2 5 56
2 13 362
6 101 111 403 438 473 962
2 56 159
5 9 136 697 708 725
2 217 344
2 41 189
6 24 289 419 576 729 928
2 3 296
2 155 340
3 144 369 933
3 5 157 525
3 14 31 439
4 30 328 434 710
2 73 344
2 1 104
2 85 184
4 304 369 448 526
5 23 124 493 600 732
2 213 367
4 3 147 859 898
6 322 349 411 602 726 915
2 50 117
4 192 295 543 621
3 29 136 954
2 49 310
2 10 219
2 6 174
2 11 199
2 25 56
6 75 157 540 722 822 870
2 36 374
6 120 159 670 843 877 955
6 1 2 461 485 808 917
4 209 321 806 982
2 6 68
2 0 74
2 25 34
2 0 101
3 37 393 900
3 45 200 439
2 103 179
4 29 153 473 622
3 134 175 904
2 155 315
4 3 296 456 589
7 138 160 494 652 717 910 974
3 149 379 572
3 137 192 809
3 267 314 584
2 3 14
2 5 36
3 11 320 708
3 3 209 592
5 231 336 543 716 884
3 44 332 760
3 53 258 664
2 75 282
3 30 144 855
3 16 117 564
2 64 157
8 76 333 595 630 703 737 836 976
3 289 385 809
3 5 336 693
2 42 53
2 15 50
4 11 374 950 986
3 384 412 634
2 273 332
2 249 326
2 13 72
4 100 114 616 937
6 31 175 511 595 603 794
2 3 106
3 0 202 775
2 2 10
4 268 389 469 542
2 15 146
4 122 133 798 843
3 1 81 580
4 44 363 492 497
2 3 33
6 174 289 569 632 764 828
3 191 241 636
2 94 417
3 1 32 891
3 1 86 538
2 10 48
6 0 76 487 529 658 786
4 273 405 586 882
2 154 209
3 24 209 612
3 2 81 752
5 220 235 613 635 948
4 10 136 716 964
4 3 332 493 646
4 32 302 517 625
2 3 448
7 31 258 529 591 736 905 918
4 8 215 608 638
2 53 211
3 374 414 917
3 0 15 989
4 79 293 554 676
2 0 2
2 2 88
3 0 29 835
2 128 299
2 3 155
2 85 268
3 261 308 671
4 79 163 527 626
2 279 295
2 257 405
3 285 308 851
2 66 460
3 36 252 738
3 68 97 787
2 55 184
2 220 268
2 19 452
2 390 467
3 3 418 523
2 3 293
4 38 208 656 742
3 70 452 763
2 94 293
2 29 321
2 9 269
5 31 178 505 631 925
2 2 325
3 16 362 669
2 124 258
2 267 501
6 57 193 683 759 858 977
3 50 243 996
2 3 258
2 82 152
2 0 281
4 78 444 623 633
4 2 15 822 926
3 5 42 930
2 0 357
2 53 110
2 94 300
4 129 468 793 798
2 15 226
3 12 24 707
3 13 35 698
2 187 262
3 24 116 573
3 37 494 754
5 9 70 525 807 951
2 383 524
3 276 389 623
2 149 483
2 64 102
3 460 470 567
3 5 80 864
2 1 307
3 88 370 887
2 47 81
3 3 220 731
2 1 2
5 7 30 560 609 804
4 193 364 599 990
3 152 458 609
3 2 55 659
2 133 402
2 33 319
3 88 448 879
7 395 426 569 577 718 747 931
2 30 130
4 31 41 601 888
2 29 48
2 11 44
5 10 72 651 702 918
2 10 278
5 113 342 788 795 973
4 3 57 734 821
3 3 99 757
2 8 184
2 174 475
3 39 75 746
2 13 260
4 53 63 762 939
3 31 149 682
2 2 168
5 5 536 565 805 865
2 53 155
3 2 306 668
2 70 151
2 14 431
2 18 560
2 111 196
2 53 529
2 0 159
2 454 543
3 31 357 909
6 5 220 792 835 959 975
2 0 419
2 196 522
3 14 130 751
4 97 322 685 956
3 49 379 585
2 6 543
2 79 312
3 0 11 876
2 340 451
2 45 151
2 1 18
2 5 14
4 57 421 858 894
3 33 576 777
2 191 461
3 34 221 648
2 20 28
2 342 417
2 249 338
2 117 470
2 0 425
2 9 49
4 1 70 666 700
2 433 444
4 147 317 743 836
5 9 184 680 710 995
2 191 332
3 112 537 870
2 96 390
2 216 545
3 66 393 796
2 95 444
2 161 363
3 1 53 648
2 184 315
3 0 55 970
3 5 471 615
2 536 538
3 316 349 649
2 59 70
2 109 463
2 1 465
2 72 328
2 182 608
2 1 443
3 2 356 944
2 88 184
2 32 143
2 7 44
2 280 395
2 47 414
2 511 526
3 10 340 735
2 263 468
3 322 483 947
3 39 53 628
2 14 627
3 19 63 760
2 206 433
2 87 501
3 76 454 657
2 203 511
2 365 439
2 3 465
3 29 455 981
3 112 343 770
2 78 471
2 2 204
2 3 116
4 78 304 675 691
2 79 318
2 2 272
2 71 356
2 46 75
6 24 467 647 699 750 970
3 0 646 739
3 587 605 739
2 48 610
2 2 44
2 80 548
2 110 418
2 72 157
2 79 273
2 117 136
4 10 496 661 690
3 231 632 659
2 53 460
2 539 657
2 48 188
2 16 656
2 142 153
2 79 174
4 37 428 829 873
3 80 279 871
2 183 594
2 19 24
2 57 562
2 276 503
2 13 404
2 258 482
2 11 94
2 3 96
4 64 106 828 962
2 286 641
2 191 475
2 262 299
2 155 184
2 315 327
2 311 597
2 56 296
3 44 558 797
2 35 506
3 88 192 847
2 97 575
2 3 233
2 3 10
2 11 210
2 41 111
3 170 656 705
4 37 641 873 897
3 13 183 963
2 141 435
2 2 248
2 353 369
2 104 300
2 55 376
2 167 520
2 53 646
2 50 594
4 126 277 860 952
4 154 548 785 863
2 245 433
2 103 184
3 322 690 767
2 49 309
2 10 519
2 376 424
3 115 229 905
2 385 597
3 10 214 876
2 59 321
3 0 299 929
2 1 44
2 56 309
3 426 466 766
3 3 418 937
2 137 543
2 2 328
2 6 27
2 77 262
3 360 402 732
2 29 213
2 3 33
3 216 376 971
2 48 393
3 97 202 986
2 39 254
3 39 379 756
2 10 299
2 336 534
3 390 722 819
4 103 289 923 993
2 97 551
2 67 624
3 147 470 999
3 79 433 868
3 25 488 825
2 647 648
2 49 165
2 3 184
2 70 496
2 10 596
2 49 242
2 39 49
2 29 555
2 3 543
2 118 173
2 77 146
2 10 646
2 283 574
2 275 464
2 2 70
3 328 523 896
2 3 286
3 6 729 878
2 24 552
2 1 97
2 0 506
2 427 629
2 19 238
3 100 557 889
2 67 497
2 168 454
2 72 174
2 35 716
2 342 705
2 106 352
3 9 307 830
3 214 637 972
2 64 84
3 1 15 875
2 29 136
2 155 291
2 1 446
2 183 206
2 8 585
3 3 283 942
2 62 147
3 110 244 813
2 59 89
2 131 327
2 258 322
2 97 169
2 14 702
2 96 460
2 168 489
2 25 550
3 64 313 807
2 163 265
3 8 91 922
2 72 571
4 32 517 826 998
2 3 444
3 0 550 804
3 14 602 895
2 284 682
2 450 517
2 6 262
2 86 244
3 5 263 931
3 21 40 932
2 48 302
2 536 795
2 233 560
3 263 406 875
2 524 789
2 299 405
2 420 434
2 80 321
2 29 117
2 70 159
2 14 780
2 6 39
2 1 184
2 73 268
2 117 340
2 78 147
2 214 732
3 39 97 889
2 150 551
3 402 512 921
2 48 171
2 18 160
3 25 738 930
2 3 793
2 161 203
2 454 674
2 66 664
3 234 769 984
2 96 358
2 64 184
2 33 100
2 3 144
2 478 571
2 433 596
2 56 335
2 121 318
2 110 137
2 83 155
2 2 53
2 53 91
2 404 450
2 3 216
2 14 326
2 1 79
2 33 684
2 318 356
3 54 190 948
2 3 53
4 63 486 957 978
2 44 134
2 76 229
2 11 50
2 68 430
2 42 171
2 37 149
3 506 584 967
2 243 392
2 332 701
2 13 29
4 14 204 941 968
2 5 702
2 16 530
2 20 560
2 114 129
2 9 82
2 110 737
2 5 196
3 402 599 996
2 95 665
2 3 38
2 664 691
2 9 95
2 772 806
2 579 711
3 328 404 977
2 76 756
2 103 542
2 2 233
2 1 151
2 297 461
2 53 95
2 243 426
2 29 200
2 70 136
2 9 532
2 322 545
2 762 820
2 22 281
3 79 457 914
2 9 217
2 142 226
2 29 584
2 56 796
2 243 754
3 170 691 994
2 131 392
2 42 48
2 74 411
2 4 7
2 44 370
2 64 183
3 183 415 971
2 470 709
2 3 64
2 35 37
2 32 148
2 148 570
3 2 418 940
2 1 38
2 14 94
2 66 193
2 3 891
2 7 393
2 39 68
2 405 473
2 470 548
2 204 325
2 84 180
2 14 822
2 3 791
2 53 733
2 41 323
2 88 501
2 2 512
2 179 216
2 65 379
2 35 713
2 513 825
2 543 801
2 354 802
2 0 382
2 100 273
2 110 261
2 2 16
2 443 717
2 114 349
2 0 557
2 333 910
2 120 862
2 163 778
2 44 75
2 5 617
2 1 230
2 3 331
2 217 626
2 465 849
2 29 305
2 5 438
2 5 524
2 279 701
2 0 53
2 43 396
2 106 404
2 317 575
2 3 851
2 75 236
2 122 571
2 3 121
2 2 300
2 374 674
2 258 692
2 10 466
2 26 315
2 52 266
2 250 858
2 44 862
2 3 18
2 607 646
2 725 904
2 64 770
2 264 550
2 26 418
2 75 571
2 272 433
2 506 877
2 354 851
2 9 131
2 318 356
2 44 636
2 48 406
2 21 51
2 3 830
2 5 184
2 438 727
2 11 77
2 53 141
2 70 474
2 48 537
2 9 75
2 14 53
2 3 733
2 94 897
2 67 597
2 507 870
2 277 288
2 55 793
2 208 736
