100
9 1 2 3 5 7 9 11 18 73
5 0 3 40 72 87
10 0 4 7 14 30 34 35 75 79 96
15 0 1 4 5 6 9 10 11 12 19 39 46 55 68 91
5 2 3 10 33 94
4 0 3 8 44
6 3 21 24 26 57 85
4 0 2 65 13
2 5 50
10 0 3 14 19 22 42 46 47 72 90
10 3 65 4 66 17 20 59 81 82 86
3 0 3 17
4 3 13 45 51
2 7 12
6 2 9 21 45 50 61
6 16 25 29 37 60 88
2 15 32
4 10 11 53 71
4 0 26 57 98
2 3 9
1 10
2 6 14
2 9 33
3 37 76 83
3 6 74 39
2 66 15
6 6 18 28 31 32 51
3 36 48 92
3 26 58 84
3 15 54 90
2 2 49
2 69 26
2 16 26
3 4 22 38
2 2 76
2 2 83
2 27 53
7 15 23 41 52 55 58 59
1 33
4 3 24 61 63
3 1 77 89
3 79 37 97
3 67 9 47
1 60
1 5
3 12 14 52
2 3 9
2 9 42
3 75 80 27
2 78 30
3 8 14 56
2 12 26
4 37 89 45 98
3 17 36 56
1 29
3 3 73 37
3 78 50 53
2 6 18
2 28 37
3 10 74 37
4 64 15 77 43
2 14 39
1 69
1 39
2 60 88
3 10 7 85
3 10 25 70
1 42
2 3 86
2 62 31
1 66
1 17
2 1 9
2 0 55
2 24 59
3 2 48 95
2 23 34
2 60 40
2 49 56
2 2 41
1 48
1 10
1 10
2 23 35
1 28
2 65 6
2 10 68
2 1 93
4 64 15 91 99
3 40 52 93
2 9 29
2 3 88
1 27
2 87 89
1 4
1 75
1 2
1 41
2 18 52
1 88
