1000
62 1 2 3 4 6 8 11 22 29 32 35 36 41 42 50 56 61 63 69 72 77 104 130 145 152 203 205 208 222 235 242 284 331 343 360 382 384 387 394 398 405 472 478 515 539 559 579 584 610 618 637 642 719 740 755 759 760 765 795 802 825 961
8 0 4 7 123 134 371 747 947
55 0 3 5 8 17 21 33 52 57 65 66 68 91 94 103 131 144 167 173 211 224 253 297 319 324 344 351 388 395 411 431 434 442 445 457 463 542 575 589 616 627 657 708 723 748 792 856 862 870 887 889 901 904 996 997
45 0 2 5 10 11 16 20 23 27 36 37 39 54 59 61 67 81 116 126 162 178 179 183 184 202 263 349 407 416 422 448 465 590 606 610 618 701 705 713 745 761 766 860 864 907
11 0 1 19 115 194 306 338 439 440 548 701
65 2 3 6 7 12 13 14 16 19 24 25 40 55 57 67 75 79 80 82 90 101 113 118 121 137 157 160 168 182 200 206 225 240 249 258 265 266 268 273 277 281 282 290 294 326 356 419 426 483 560 582 597 615 657 725 734 742 751 771 775 830 843 883 911 962
14 0 5 9 96 111 187 339 369 404 440 525 586 621 808
17 1 5 10 24 38 134 277 298 450 471 487 512 547 574 593 794 985
28 0 2 9 20 23 30 41 73 98 103 118 141 148 177 281 283 315 322 510 517 554 562 570 579 795 832 846 979
12 6 8 14 18 33 169 330 351 489 553 875 941
21 3 7 12 13 17 35 51 76 139 147 171 323 483 509 557 573 625 636 845 912 946
5 0 3 174 737 782
9 5 10 68 93 176 181 358 505 683
37 5 10 15 26 28 31 69 70 84 132 151 157 158 195 233 252 261 318 359 402 477 493 535 584 621 625 726 752 786 804 807 857 862 910 964 967 989
30 5 9 15 22 32 38 49 56 89 113 140 172 189 203 226 275 326 376 410 467 502 507 586 626 738 879 884 917 940 951
18 13 14 18 25 63 72 92 108 109 346 430 447 470 507 520 550 777 907
8 3 5 74 151 569 615 891 969
28 2 10 30 39 47 64 65 74 127 201 271 327 426 468 488 533 672 744 755 776 835 900 924 954 958 967 983 990
5 9 15 526 580 813
18 4 5 21 140 149 224 227 364 392 393 479 673 735 781 800 859 874 883
20 3 8 27 34 90 129 155 195 212 215 362 382 411 522 526 644 678 717 762 826
8 2 19 28 92 102 425 658 932
25 0 14 29 43 54 66 75 94 95 117 169 259 352 359 379 381 480 653 747 858 882 886 912 916 960
27 3 8 34 46 50 86 87 99 124 164 180 187 198 219 357 385 396 400 500 638 669 787 808 839 899 934 996
8 5 7 26 79 147 188 214 581
5 5 15 338 587 882
9 13 24 31 42 76 117 128 167 222
7 3 20 52 70 181 417 631
13 13 21 87 112 133 150 199 656 744 783 838 847 888
19 0 22 44 48 71 99 129 133 179 212 267 272 378 495 702 709 733 839 960
5 8 17 60 152 380
24 13 26 43 44 45 58 59 80 105 121 192 210 221 310 330 452 462 515 542 596 624 764 767 921
7 0 14 82 192 275 571 763
14 2 9 64 83 115 213 289 297 318 393 456 487 529 676
9 20 23 107 137 251 307 504 753 910
10 0 10 193 255 365 412 414 492 791 892
13 0 3 37 46 127 141 270 335 482 562 732 803 822
12 3 36 40 47 143 178 207 243 301 589 799 894
12 7 14 45 53 100 106 305 352 354 532 633 797
14 3 17 215 231 328 363 416 427 490 880 905 943 946 958
7 5 37 114 156 279 692 843
11 0 8 126 268 313 342 541 543 549 567 783
5 0 26 49 93 220
18 22 31 48 62 83 185 229 235 253 256 280 296 332 347 423 528 613 619
18 29 31 62 77 86 97 101 110 221 244 317 355 460 497 604 608 628 824
8 31 38 51 55 388 491 619 881
6 23 36 60 156 513 530
8 17 37 120 135 291 292 489 717
3 29 43 493
16 14 42 144 242 287 325 343 401 428 475 611 614 694 785 848 956
10 0 23 53 71 73 148 209 217 464 879
2 10 45
20 2 27 98 120 182 227 251 260 303 308 429 494 522 524 549 604 668 686 693 854
3 38 50 563
8 3 22 308 455 644 681 819 973
4 5 45 88 190
9 0 14 58 78 124 154 552 601 611
7 2 5 244 276 332 432 599
7 31 56 85 266 570 629 868
2 3 31
10 30 46 153 174 262 286 575 605 817 897
5 0 3 267 394 688
7 43 44 95 581 612 666 904
5 0 15 196 197 386
7 17 33 154 406 609 706 710
7 2 17 88 257 525 773 957
4 2 22 78 217
5 3 5 335 424 845
6 2 12 89 375 727 759
23 0 13 81 97 168 198 237 241 274 286 323 325 334 437 512 532 536 601 607 645 833 851 927
3 13 27 128
7 29 50 184 186 568 760 832
2 0 15
5 8 50 149 798 981
8 16 17 96 100 125 488 609 757
21 5 22 85 116 163 228 234 238 239 294 337 422 445 612 628 655 668 670 685 815 820
8 10 26 138 257 290 449 534 930
2 0 44
5 56 66 135 829 870
7 5 24 84 102 459 751 975
6 5 31 197 469 511 784
2 3 69
8 5 32 131 175 367 527 588 875
8 33 43 107 142 161 234 498 730
2 13 79
8 58 75 91 255 372 424 544 816
14 23 44 111 130 165 206 250 292 472 568 583 700 722 804
5 23 28 320 482 877
12 55 65 146 233 254 262 313 446 451 564 566 582
8 14 68 106 544 639 779 787 951
11 5 20 112 142 159 230 314 408 444 567 593
25 2 85 108 138 153 209 245 248 279 397 434 495 500 537 585 634 636 700 731 782 861 949 966 970 976
5 15 21 143 391 878
13 12 42 104 155 218 287 291 301 555 620 632 652 980
5 2 22 447 590 844
5 22 62 119 125 252
2 6 74
12 44 69 105 114 175 232 304 344 540 554 682 890
11 8 52 248 250 433 465 497 637 684 835 861
6 23 29 122 196 403 623
4 38 74 109 356
3 5 44 920
2 21 79
8 2 8 132 246 632 679 708 940
3 0 93 158
4 31 97 360 438
7 38 89 146 204 296 375 439
15 34 83 110 139 160 191 236 441 450 481 559 626 683 739 919
5 15 91 659 664 972
8 15 100 123 170 225 410 595 738
3 44 107 220
8 6 86 202 216 365 431 819 944
4 28 90 374 444
12 5 14 188 223 331 345 630 671 680 798 826 886
5 40 97 473 505 521
6 4 33 122 333 486 997
5 3 75 136 712 975
4 22 26 119 269
13 5 8 136 145 208 288 345 557 661 770 914 968 974
3 95 117 240
7 47 52 171 172 397 583 774
10 5 31 211 259 272 341 415 551 574 793
8 99 115 293 319 391 650 869 913
3 1 109 926
2 23 56
2 74 95
8 3 41 183 201 223 372 603 790
6 17 36 218 350 519 647
6 26 70 247 311 608 703
11 20 29 165 204 456 548 664 703 732 789 974
3 0 86 648
6 2 82 159 199 377 741
5 13 103 232 327 821
4 28 29 494 534
3 1 7 387
4 47 78 314 376
4 116 118 300 401
2 5 34
4 76 91 210 480
10 10 107 150 329 556 651 720 801 957 972
7 14 19 310 373 419 566 939
4 8 36 362 827
5 83 90 464 479 516
5 37 92 161 285 659
7 2 49 166 231 241 737 816
5 0 118 230 560 599
6 88 106 190 260 630 715
5 10 24 164 503 573
4 8 50 219 247
2 19 73
4 28 139 358 712
5 13 16 237 303 855
2 0 30
8 60 91 163 205 216 509 741 930
4 56 64 592 908
6 20 93 166 446 855 896
4 40 46 398 773
5 5 13 324 363 922
16 13 104 170 213 226 229 239 283 348 392 458 640 742 789 865 969
18 90 131 176 258 302 316 334 396 417 428 433 537 651 697 714 784 850 948
10 5 107 162 173 249 298 321 723 961 998
2 83 143
4 3 160 200 709
3 75 153 872
8 23 147 177 674 722 926 935 993
5 86 129 265 654 696
4 144 155 295 853
13 2 26 194 285 383 390 395 399 413 460 880 932 999
8 5 69 180 186 305 605 743 938
6 9 22 312 454 578 716
3 109 158 895
3 10 120 528
5 14 120 355 576 594
4 2 160 288 858
4 11 60 228 295
4 82 97 442 496
5 12 159 193 306 418
5 8 164 339 403 518
4 3 37 189 207
3 3 29 185
5 23 168 373 523 770
6 12 27 284 577 746 990
4 5 52 304 315
4 3 126 311 829
4 3 71 386 463
11 43 179 214 245 246 354 374 654 746 854 965
3 71 168 658
6 6 23 443 466 555 903
4 24 113 191 918
4 14 178 256 481
7 55 146 254 322 357 685 817
7 107 188 243 274 309 457 458
6 31 32 309 370 613 841
6 35 176 238 453 631 945
4 4 167 371 379
5 13 20 280 842 923
4 63 99 885 935
3 63 80 347
2 23 69
4 28 131 421 694
2 5 162
5 17 126 264 329 521
2 3 111
3 0 14 672
8 106 129 282 307 367 502 519 812
2 0 153
4 5 86 420 682
3 37 178 435
2 0 118
3 50 91 978
5 31 138 320 496 640
2 2 121
2 20 29
7 33 158 263 278 677 714 781
2 24 185
4 20 39 468 484
2 111 153
3 50 66 594
4 93 127 641 894
5 23 148 412 693 936
3 42 110 772
2 31 44
3 0 26 485
5 113 126 236 414 955
3 2 19 919
12 5 109 451 453 514 551 663 739 791 900 933 950
2 14 158
6 19 52 378 671 797 811
4 75 174 271 561
6 43 158 328 466 501 660
3 90 145 469
2 39 144
2 97 132
4 13 88 733 983
3 75 83 276
2 0 43
3 107 223 530
3 69 151 891
4 75 193 617 942
8 75 158 264 506 580 620 721 728
3 5 119 485
5 69 144 299 454 802
5 0 49 270 591 666
2 37 191
4 44 57 261 436
6 91 185 317 475 503 878
7 103 185 369 413 455 478 841
2 128 148
2 91 98
2 5 160
5 86 98 293 606 721
3 34 52 299
4 13 95 510 698
4 2 43 353 692
5 88 190 289 602 687
3 35 85 809
5 43 189 484 587 963
9 65 76 269 300 321 547 645 779 945
5 5 159 278 576 688
4 22 121 769 999
3 52 146 302
9 13 244 400 409 435 448 470 643 726
2 60 88
5 3 213 336 409 906
3 201 239 965
6 5 165 342 383 539 836
6 5 58 273 385 405 931
3 29 61 715
8 5 41 437 518 556 600 652 763
2 117 257
3 36 242 989
8 17 228 349 406 689 771 866 928
5 29 121 312 491 921
6 5 266 499 540 778 844
2 69 191
8 14 32 336 340 418 546 947 982
6 57 234 366 423 441 871
3 5 7 892
3 213 258 316
7 40 91 538 572 749 905 944
3 43 195 598
4 5 8 377 679
9 5 204 340 341 531 729 769 834 956
3 8 158 691
3 0 181 987
2 143 167
3 60 69 569
2 49 93
4 118 173 814 949
4 33 254 513 898
4 5 76 449 942
5 47 93 350 863 922
4 47 86 545 713
2 122 250
3 5 75 368
3 166 174 895
2 43 106
6 2 33 430 543 627 764
3 7 160 616
5 241 251 337 473 508
4 136 257 370 794
4 37 93 361 524
2 159 260
2 52 151
5 97 182 477 748 984
7 38 168 459 492 647 869 902
2 4 176
5 34 204 420 643 982
3 52 54 690
2 191 192
2 31 140
4 128 183 523 695
2 169 272
4 41 88 898 986
3 90 135 598
3 8 182 461
5 159 278 333 368 711
3 44 245 516
4 13 33 623 889
5 2 122 443 689 756
4 87 210 348 871
5 160 257 695 823 837
2 8 190
2 10 69
4 2 157 501 840
4 49 69 649 696
3 5 14 966
5 17 132 642 655 857
2 39 229
3 139 201 831
2 9 31
5 0 113 476 681 927
6 43 57 346 364 624 893
6 115 316 380 603 705 968
2 69 159
4 36 67 429 596
7 263 275 353 384 529 667 766
2 75 299
3 4 25 673
3 6 177 650
3 275 282 825
5 121 282 399 704 963
4 41 265 648 937
3 0 49 535
2 2 97
3 113 118 981
4 15 332 366 635
3 43 197 452
5 158 320 361 408 847
4 3 271 381 778
3 127 291 432
3 2 9 404
3 22 38 699
3 253 336 785
2 38 185
2 44 172
2 5 100
5 23 190 467 536 928
3 12 150 415
2 13 22
3 0 105 389
2 301 348
3 20 141 471
5 39 157 740 749 834
3 19 332 877
3 35 111 558
3 276 346 777
5 82 204 427 662 953
3 294 316 752
4 6 246 541 964
3 192 300 677
3 1 194 436
2 85 126
3 140 180 402
2 112 185
4 68 106 646 649
4 14 135 660 856
2 131 281
4 29 227 390 800
3 22 194 389
3 30 333 765
4 22 349 561 823
3 0 20 421
3 167 265 665
3 0 336 885
3 23 266 937
3 63 184 425
2 0 134
3 2 45 909
2 360 379
2 167 378
3 92 122 517
5 19 158 698 710 750
2 19 33
6 0 61 476 550 565 952
4 2 167 461 761
2 23 159
2 91 120
4 0 156 407 917
2 167 341
5 23 261 538 758 943
2 49 136
4 13 373 499 571
3 99 177 821
2 6 351
4 0 266 669 959
3 64 271 676
3 3 398 675
4 90 348 474 719
3 261 263 767
2 14 109
4 2 20 729 818
2 35 219
3 167 246 514
5 35 223 687 859 901
3 121 358 591
4 3 39 667 730
4 27 159 552 638
2 176 275
4 5 140 585 656
2 206 307
3 199 382 906
2 3 75
2 43 276
3 67 85 653
2 21 386
2 5 17
3 39 367 775
4 49 159 498 959
3 52 335 745
2 15 297
2 2 111
2 57 350
3 98 159 865
4 2 91 572 607
2 207 261
4 244 371 438 806
2 69 268
2 105 436
2 4 106
4 4 6 511 830
5 107 276 578 662 998
3 2 175 941
2 187 319
3 90 112 665
3 2 75 699
2 88 155
2 15 94
3 3 261 490
3 76 290 504
3 7 107 758
3 88 225 716
2 31 347
4 193 225 486 531
2 169 241
2 54 246
6 33 129 508 563 799 818
4 2 191 506 876
4 158 191 848 977
2 79 305
7 44 167 462 520 670 925 971
5 315 395 617 646 838
2 31 460
3 2 184 992
3 50 142 533
6 3 98 558 718 735 939
2 187 229
2 14 357
3 17 215 674
3 80 230 812
4 15 261 474 707
2 7 362
4 0 86 553 873
2 114 299
2 408 470
3 49 245 916
2 331 394
5 13 304 577 600 893
3 0 246 850
2 19 142
2 22 138
3 107 189 923
4 36 87 639 707
2 5 10
2 215 256
2 222 240
5 115 453 527 641 754
2 7 33
4 17 74 736 971
2 9 47
3 39 448 976
5 45 272 588 757 908
2 35 305
3 13 48 545
3 52 133 822
3 29 91 680
2 175 210
2 44 98
2 83 428
2 273 402
2 23 91
3 229 324 851
2 14 204
3 147 245 987
2 34 449
2 12 114
2 239 457
6 14 15 661 691 720 837
2 299 456
3 10 153 734
5 8 252 546 849 962
3 80 440 995
2 7 69
4 46 289 565 954
2 225 413
4 0 31 592 991
2 142 317
2 8 391
2 177 268
3 127 204 918
3 15 460 914
3 114 201 634
2 20 52
2 180 311
3 52 301 868
2 6 65
2 18 20
2 82 486
2 43 171
2 33 336
2 46 236
3 282 453 706
2 38 69
2 17 464
2 76 133
2 13 343
5 69 357 788 915 933
2 91 159
3 279 400 873
3 0 265 992
5 97 273 602 633 988
2 41 369
3 2 31 786
3 41 297 635
3 85 89 697
2 292 493
2 275 510
3 7 257 803
3 4 129 899
2 41 52
2 15 394
4 121 225 774 867
2 56 417
2 9 472
2 8 97
3 93 187 724
2 139 268
3 10 118 849
2 365 465
2 0 107
3 5 145 595
2 228 381
4 8 36 564 675
2 53 456
2 88 562
5 394 513 614 820 884
3 88 140 776
3 41 90 815
2 71 86
2 16 286
5 8 58 718 768 924
2 32 402
3 279 434 768
4 10 147 805 985
3 7 121 970
2 2 60
2 172 258
2 181 477
2 169 441
2 0 8
5 18 239 597 622 629
3 24 62 853
3 5 88 994
3 86 120 756
2 0 13
2 91 419
3 6 14 663
3 25 256 753
2 82 491
3 2 37 833
4 3 94 807 867
3 242 415 690
3 154 515 828
3 7 90 887
3 172 217 973
3 109 560 831
2 31 335
2 5 580
2 280 314
4 57 145 622 724
2 268 477
2 56 69
3 254 540 725
2 126 333
3 44 52 736
3 60 168 978
2 3 250
2 69 434
2 44 128
2 64 74
2 0 3
3 49 56 936
2 62 75
3 43 192 796
3 49 565 750
3 5 16 702
2 2 298
4 238 461 727 790
2 0 3
2 43 45
2 93 239
2 6 13
2 580 599
2 99 318
2 31 332
2 10 13
4 14 107 762 827
2 2 297
2 44 75
2 58 580
2 113 146
2 27 193
2 93 103
3 38 540 810
2 91 521
3 346 543 920
2 10 91
4 0 98 977 980
2 23 417
2 89 482
5 158 210 731 793 824
3 218 486 686
2 0 327
2 261 307
3 20 54 780
2 69 257
3 375 461 678
2 127 305
2 130 342
2 325 375
2 122 339
2 139 159
3 93 268 840
2 22 424
2 165 185
2 75 327
2 28 419
2 2 5
4 21 186 806 913
3 108 143 979
2 229 376
2 118 507
2 367 441
2 225 586
2 108 129
2 383 444
2 62 242
2 336 416
2 52 75
3 23 405 684
3 75 460 952
3 113 227 704
2 17 203
3 19 338 938
2 164 468
2 407 562
2 33 406
3 213 370 813
2 20 646
2 103 281
2 113 495
2 54 331
2 97 206
2 12 107
2 98 669
2 75 190
2 52 641
2 254 414
3 61 258 743
2 271 319
3 308 591 754
2 283 507
2 40 253
2 52 219
3 49 199 994
2 311 321
2 165 325
3 159 544 711
3 252 392 805
2 352 445
4 86 91 728 876
3 3 4 872
2 29 615
2 128 129
3 341 671 888
2 3 333
2 64 531
2 470 482
3 2 103 860
2 29 162
2 64 392
2 316 697
2 116 150
2 3 292
2 159 213
2 146 267
2 169 451
2 20 47
2 465 570
2 0 408
3 139 507 993
2 239 250
2 86 164
2 2 160
2 555 599
3 5 602 792
2 13 261
3 68 617 828
3 239 700 902
2 282 411
3 83 416 814
2 91 640
3 36 129 846
2 29 233
3 5 509 874
2 19 465
2 488 604
2 11 144
2 14 109
2 107 225
2 0 363
2 131 153
2 5 158
2 168 688
3 17 28 788
2 3 429
4 181 185 909 950
2 1 22
3 2 304 897
2 279 363
2 392 614
2 5 79
2 13 368
2 34 587
2 486 690
2 0 17
2 319 583
4 74 491 772 801
2 400 450
3 0 68 836
2 0 71
2 3 395
2 20 626
3 32 268 810
2 31 297
3 0 380 863
2 3 336
2 31 409
4 570 572 780 852
2 259 282
2 118 180
2 5 271
2 220 757
2 65 156
2 120 551
3 5 427 796
2 17 566
2 15 366
2 273 349
2 89 257
2 644 768
2 19 213
2 11 91
2 28 41
2 80 159
2 49 353
2 13 542
2 23 89
2 536 744
3 129 158 842
2 126 617
4 35 225 852 890
2 2 725
2 121 640
3 7 300 809
4 0 8 811 984
2 613 775
2 38 227
2 73 113
2 37 456
2 19 378
2 139 757
2 0 241
2 36 547
2 13 86
2 573 698
3 436 658 864
2 13 590
2 6 23
2 255 794
2 633 763
2 227 795
3 204 469 953
2 18 677
2 288 730
2 75 567
2 85 144
2 60 190
2 411 456
3 54 111 915
2 75 565
2 132 403
2 36 494
2 321 381
2 44 640
2 0 340
2 20 113
2 141 626
3 592 727 934
2 78 183
2 5 440
2 329 595
2 8 71
2 69 589
2 282 363
2 17 98
2 265 759
2 321 507
2 28 461
2 23 29
2 324 652
3 192 246 911
2 195 789
2 5 40
2 94 273
2 10 67
2 8 732
2 28 348
3 49 458 866
2 510 557
2 159 478
2 69 501
2 768 791
2 166 581
2 52 185
2 151 155
2 2 376
2 13 327
4 22 173 929 986
2 19 414
2 3 708
2 91 98
2 2 13
3 291 765 896
3 3 806 948
3 158 433 881
2 271 848
3 551 590 988
2 58 524
3 122 305 929
2 2 78
2 276 320
2 163 701
2 472 538
2 19 734
2 9 82
3 457 700 903
2 87 364
2 92 245
2 14 50
2 39 167
2 45 865
2 22 25
2 5 19
2 14 565
3 196 384 925
2 22 113
2 2 593
2 28 704
2 2 318
3 97 791 955
2 16 237
2 35 277
2 332 477
2 37 218
2 170 295
2 155 863
2 60 748
2 289 313
2 23 548
2 17 225
2 2 414
2 305 728
2 187 876
2 2 62
2 39 279
2 263 421
2 3 15
2 154 491
2 388 746
2 13 34
2 5 841
2 10 22
2 122 658
2 118 520
2 536 819
3 22 475 931
2 14 398
2 188 519
2 107 224
3 101 635 991
2 31 272
2 157 291
2 195 481
2 17 570
2 460 885
2 123 164
2 69 331
2 271 357
2 858 869
2 76 153
2 266 916
2 21 167
2 225 536
2 23 828
2 164 196
2 219 611
2 342 385
2 168 673
2 140 465
3 14 103 995
2 9 442
2 238 290
2 39 400
2 111 279
2 193 257
2 10 39
2 1 275
2 159 864
2 91 288
2 225 746
2 14 89
2 394 670
2 367 812
2 17 513
2 223 890
2 49 282
2 65 139
2 17 39
2 405 428
2 22 29
2 0 160
2 5 510
2 256 341
2 13 369
2 185 264
2 91 326
2 13 17
2 118 333
2 16 158
2 91 574
2 460 488
2 108 139
2 54 594
2 118 129
2 79 116
2 91 490
2 458 637
2 209 605
2 8 659
2 93 637
2 73 345
2 275 307
2 17 233
2 304 795
2 7 573
2 313 858
2 284 503
2 540 867
2 13 270
2 17 181
2 515 920
2 463 539
2 164 720
2 582 694
2 511 940
2 2 23
2 2 115
2 160 441
2 167 259
