1000
42 1 2 3 5 16 21 26 32 33 35 36 47 51 81 83 105 114 128 139 248 304 314 348 372 420 421 422 435 451 542 577 619 650 680 689 690 694 773 795 835 855 953
67 0 5 7 9 10 15 16 18 22 33 43 47 54 55 65 71 91 107 134 155 167 171 172 175 177 178 197 209 224 238 243 259 264 278 334 373 386 423 431 433 440 458 463 465 476 525 557 614 685 702 732 737 779 782 785 793 797 817 839 842 854 873 897 912 925 935 953
57 0 3 4 6 11 12 14 18 19 20 24 39 41 72 86 122 132 140 160 162 182 203 215 231 258 261 274 290 315 318 319 323 349 359 408 438 444 497 541 601 640 672 674 704 714 719 722 735 743 787 819 837 873 877 882 940 955
28 0 2 4 8 10 13 19 60 61 105 116 126 153 154 156 196 243 313 357 374 449 542 546 564 623 755 776 804
37 2 3 20 31 43 46 75 77 95 109 119 146 181 211 286 352 388 395 412 415 480 499 522 554 560 584 616 621 624 651 710 772 827 832 922 950 977
49 0 1 6 7 8 9 15 17 21 30 39 42 49 50 52 65 72 76 77 85 87 94 112 117 138 181 182 183 229 239 240 269 322 332 337 342 371 459 499 570 652 668 694 715 796 820 869 947 977
13 2 5 67 70 99 111 407 416 553 696 701 811 996
5 1 5 164 254 343
18 3 5 29 34 63 82 84 175 198 220 260 297 321 341 350 354 504 534
39 1 5 11 13 14 17 22 30 37 38 68 73 93 120 170 199 242 249 252 285 300 303 362 432 473 476 528 534 567 570 579 631 635 661 703 717 784 978 998
7 1 3 12 44 66 335 434
16 2 9 23 27 89 90 94 109 227 246 441 533 731 791 891 971
2 2 10
12 3 9 79 192 212 269 282 445 529 687 858 915
8 2 9 41 80 197 217 301 373
23 1 5 26 54 91 106 117 271 279 305 468 495 502 523 537 559 578 616 678 714 867 893 895
20 0 1 29 68 71 140 143 191 234 306 336 393 429 464 563 621 632 691 782 888
40 5 9 25 49 60 97 104 122 147 154 160 166 188 202 211 240 259 262 265 280 302 383 385 388 398 446 517 552 585 604 636 654 742 847 870 874 943 954 966 969
11 1 2 23 153 208 332 382 822 866 907 941
20 2 3 28 31 36 62 64 87 135 216 238 304 317 367 384 409 565 619 874 933
6 2 4 89 169 402 783
14 0 5 24 25 27 191 283 289 307 389 506 571 643 750
3 1 9 358
25 11 18 40 42 63 67 86 164 186 233 288 301 347 359 389 396 439 464 557 577 591 603 666 849 862
7 2 21 102 344 387 406 415
13 17 21 53 115 121 131 173 200 346 448 479 515 920
5 0 15 44 225 320
17 11 21 28 45 53 125 151 163 165 228 297 433 435 505 633 824 972
5 19 27 198 706 777
34 8 16 34 38 51 56 62 70 88 95 123 157 158 159 163 185 193 204 215 256 258 272 273 380 482 539 550 587 631 713 734 736 842 923
25 5 9 32 35 37 40 115 180 219 232 285 298 310 369 379 383 556 575 646 673 720 748 830 884 913
7 4 19 106 161 190 221 447
9 0 30 79 351 401 602 816 909 931
21 0 1 48 50 61 103 141 184 186 225 361 363 380 395 497 608 715 824 904 925 988
7 8 29 64 90 118 574 761
7 0 30 592 599 618 642 800
3 0 19 513
4 9 30 48 657
3 9 29 604
19 2 5 52 58 69 131 226 230 270 292 295 336 500 549 572 622 828 864 931
6 23 30 130 176 693 832
11 2 14 45 46 73 102 158 298 417 421 495
22 5 23 59 69 124 149 168 189 290 327 385 407 447 511 541 578 627 746 778 786 801 851
3 1 4 150
10 10 26 155 189 254 418 485 508 598 757
24 27 41 55 57 101 119 124 144 193 217 227 249 308 394 397 478 489 503 726 732 764 889 915 996
12 4 41 57 85 312 333 664 766 906 959 971 999
18 0 1 75 84 98 120 170 237 303 472 494 510 537 629 706 736 758 791
5 33 37 148 162 788
13 5 17 142 222 229 404 457 538 550 775 870 937 981
13 5 33 58 59 113 149 201 203 300 405 528 820 844
17 0 29 116 176 187 188 194 236 239 263 483 492 547 623 769 821 848
5 5 39 430 656 815
18 25 27 56 96 113 133 173 195 205 287 411 462 474 506 560 665 762 848
13 1 15 100 167 260 281 328 406 456 486 754 771 905
10 1 45 92 126 132 137 386 726 852 997
2 29 53
4 45 46 145 779
13 39 50 88 127 201 218 307 323 475 697 738 739 907
11 42 50 111 123 169 192 420 507 795 827 886
6 3 17 137 276 532 960
7 3 33 274 276 376 517 643
9 19 29 156 166 179 200 234 417 559
5 8 23 74 80 145
10 19 34 82 233 251 689 709 807 812 882
15 1 5 66 74 76 107 226 299 339 412 574 872 896 945 975
6 10 65 267 291 861 936
12 6 23 118 150 151 251 327 365 573 716 890 982
12 9 16 92 136 142 187 264 356 461 658 680 922
5 39 42 280 524 586
10 6 29 81 208 404 460 471 525 708 904
5 1 16 345 540 831
25 2 5 103 108 110 121 128 138 148 214 308 344 364 481 538 566 637 646 664 673 752 841 857 867 897
6 9 41 78 250 625 952
3 63 65 139
19 4 47 83 93 97 98 212 220 255 268 381 536 555 613 625 634 697 970 976
3 5 65 114
16 4 5 78 104 320 342 361 368 431 442 553 583 611 636 720 981
8 73 77 135 183 228 463 695 972
2 13 32
12 14 63 199 214 255 284 493 586 633 750 856 912
6 0 70 144 324 927 958
2 8 64
2 0 75
12 8 47 133 152 205 353 384 396 419 851 860 985
9 5 46 129 136 218 333 494 753 808
6 2 23 403 581 793 813
2 5 19
4 29 58 635 894
5 11 20 325 472 902
7 11 34 96 437 454 613 995
9 1 15 99 141 221 367 630 884 885
10 55 68 179 207 252 326 453 607 727 829
7 9 75 210 219 310 322 618
5 5 11 296 526 549
4 4 29 242 368
4 53 90 760 990
9 17 75 100 101 112 130 265 445 569
6 47 75 275 483 647 656
6 6 91 134 256 331 967
3 54 97 442
8 45 97 178 338 343 413 666 749
8 24 41 184 223 237 287 403 676
10 33 72 110 168 245 374 425 581 591 698
4 17 77 161 281
7 0 3 108 248 466 645 777
3 15 31 496
3 1 65 381
5 72 105 147 391 926
5 4 11 857 875 886
4 72 103 930 938
2 6 59
12 5 97 174 253 354 468 496 502 649 682 799 800
8 50 53 159 309 569 609 614 707
4 0 76 558 759
2 25 30
8 3 51 459 475 660 895 914 916
7 5 15 171 257 316 887 919
10 34 67 129 247 266 305 347 474 875 891
2 4 45
6 9 47 232 561 825 828
11 25 72 125 127 257 341 353 439 662 845 962
11 2 17 143 157 246 250 432 710 810 837 944
2 29 59
2 42 45
3 27 121 605
9 3 55 146 180 207 309 324 346 956
2 58 121
6 0 72 562 615 632 917
13 85 118 152 299 317 329 349 501 504 682 725 774 989
4 40 97 411 492
9 25 39 165 235 314 370 516 770 928
7 2 55 352 498 611 671 804
5 53 84 224 270 377
8 1 99 357 448 484 556 708 889
3 19 78 426
3 68 85 213
5 55 60 177 467 876
7 5 72 195 345 470 699 759
4 0 74 546 859
4 2 16 312 993
5 33 91 605 792 807
6 49 68 427 692 737 871
4 16 122 823 833
11 45 81 253 397 413 540 552 600 801 836 994
5 57 63 356 515 776
8 4 126 292 363 567 753 831 916
8 17 108 231 266 286 668 730 751
7 48 72 172 378 723 747 888
2 42 50
5 43 67 241 592 681
2 27 67
4 84 129 510 918
4 3 18 206 647
2 3 17
6 1 44 399 462 595 600
6 3 62 174 424 488 564
7 29 122 230 291 629 975 980
2 29 41
4 29 113 667 740
2 2 17
3 31 104 516
5 2 48 436 808 887
8 27 29 261 279 658 678 701 865
6 7 23 284 488 490 939
11 27 131 275 409 584 626 675 751 781 978 991
4 17 62 505 900
4 1 54 282 331
7 42 103 376 414 652 728 816
7 20 59 469 486 630 641 667
3 9 47 416
5 1 117 216 806 879
6 1 148 277 572 830 896
2 25 53
4 112 156 206 454
4 1 8 190 465
11 40 51 213 271 319 507 580 607 670 712 938
2 1 137
3 1 101 992
10 62 92 194 209 262 369 446 451 595 797
4 30 126 539 757
2 4 5
5 2 5 500 522 606
4 5 78 185 244
4 33 102 841 979
5 29 183 754 790 947
2 23 33
7 51 68 204 318 424 628 849
7 17 51 293 294 441 548 677
2 42 44
4 31 175 236 277
3 16 21 942
3 13 59 223
4 29 45 196 705
4 51 179 222 455
2 53 138
3 3 193 987
3 1 14 414
3 8 28 580
2 9 80
7 25 62 202 293 436 469 480
2 50 58
3 17 200 826
4 2 50 210 457
3 29 187 554
4 53 84 348 785
2 153 174
2 92 126
3 18 70 453
4 1 179 429 774
4 93 203 470 698
2 4 17
2 13 75
6 136 176 245 375 391 627
2 72 80
9 2 29 273 430 450 481 603 608 843
2 19 171
3 14 45 272
3 58 85 642
3 30 93 822
6 8 75 530 544 582 721
3 31 91 997
2 49 194
3 102 192 744
2 1 133
6 26 33 302 365 426 675
2 39 65
3 11 45 985
4 27 78 306 418
2 5 49
5 39 157 247 328 734
5 2 147 428 645 789
4 30 120 235 278
4 23 64 892 954
6 16 62 241 268 360 958
7 131 232 244 377 491 551 890
8 51 190 326 427 523 684 723 725
6 47 102 283 296 329 444
2 1 19
6 5 51 295 350 371 588
3 5 17 452
6 150 234 315 355 410 946
4 9 95 479 770
2 1 3
9 183 235 267 358 422 425 587 677 894
4 103 213 440 615
5 11 122 311 362 869
2 118 230
5 0 105 461 653 964
4 9 45 467 657
3 73 122 288
3 64 67 576
2 9 92
2 112 144
3 7 44 519
4 75 80 594 856
2 29 99
7 117 121 263 443 545 724 847
9 2 29 294 512 742 760 764 803 853
4 1 17 366 850
4 8 54 821 909
7 2 163 378 509 676 949 962
4 17 179 659 669
3 51 257 289
3 1 68 792
5 17 97 530 681 934
4 118 147 351 805
2 66 244
3 75 234 593
5 5 13 438 555 756
2 39 133
2 15 176
5 29 217 460 568 727
2 29 215
7 2 61 325 340 491 524 941
3 98 165 455
2 60 61
4 172 190 313 337
2 1 232
4 15 163 655 744
2 17 69
3 54 104 335
3 13 167 789
6 21 237 508 514 609 626
2 80 164
7 9 30 311 316 334 815 984
2 4 147
4 53 102 449 926
3 23 250 531
6 21 263 434 561 745 819
2 2 42
4 66 157 330 364
9 39 146 340 390 648 662 746 923 936
2 188 200
4 188 258 511 597
3 39 239 865
2 94 237
4 8 27 338 783
4 30 41 526 543
6 65 129 355 562 749 758
3 9 50 321
2 14 23
3 17 225 893
3 9 47 466
2 0 19
3 15 118 487
4 16 228 458 927
3 21 58 382
4 45 72 543 908
3 113 126 881
9 30 93 392 428 485 568 589 861 998
2 246 285
2 46 140
2 3 277
5 0 131 747 817 855
2 2 241
3 117 285 638
6 19 129 370 402 661 679
2 2 187
2 2 176
2 26 77
5 8 300 330 838 906
3 5 93 532
4 2 58 487 596
2 81 126
3 89 274 575
11 92 236 339 471 503 531 670 768 798 826 921
4 42 67 372 818
7 54 230 686 692 713 721 778
3 129 237 518
5 291 321 443 514 548
6 99 167 612 836 838 983
2 5 18
4 46 85 571 687
5 1 285 405 521 620
5 10 281 400 628 644
2 16 39
6 5 277 394 400 644 988
2 101 297
3 65 326 755
4 274 292 360 366
4 8 121 379 410
3 5 77 871
4 7 101 868 921
2 24 72
3 71 138 501
5 25 126 784 911 944
2 23 118
2 0 205
4 2 129 493 711
8 8 239 399 423 593 640 719 973
2 32 266
2 4 132
2 84 121
5 8 112 573 589 881
3 241 299 872
3 68 145 655
2 3 134
7 22 244 408 419 702 928 986
2 2 23
4 234 340 634 766
7 33 77 387 535 566 602 846
3 9 246 597
2 33 146
2 72 291
4 67 225 622 853
4 259 340 375 392
2 19 91
2 77 95
3 30 179 490
4 131 317 717 771
5 5 239 700 878 989
2 0 327
4 1 14 478 919
7 3 103 398 588 590 599 610
2 213 366
2 61 168
3 133 235 724
3 148 261 674
2 30 341
5 29 33 393 794 932
4 75 107 518 946
3 18 307 473
4 17 30 852 980
5 19 84 390 512 722
3 17 42 876
2 1 55
2 24 361
4 4 17 401 590
3 21 23 509
5 292 384 452 558 951
3 108 213 999
3 310 366 899
3 16 380 951
2 45 337
4 4 33 743 786
2 23 84
4 45 144 498 711
3 17 374 527
2 155 350
2 335 337
2 32 388
3 20 317 957
2 86 102
3 49 70 551
4 50 334 696 772
2 24 54
2 6 42
2 2 358
3 19 165 903
3 241 341 903
2 53 130
2 4 65
3 101 144 765
5 168 197 450 693 993
3 4 24 741
2 6 170
2 41 62
2 44 228
3 84 358 617
2 0 59
7 0 41 456 482 806 911 942
3 0 244 788
3 1 350 929
2 156 187
4 103 244 533 679
4 135 225 437 699
3 142 236 583
3 231 310 617
2 16 209
2 52 215
4 1 77 624 638
5 9 122 477 484 489
5 1 27 663 688 768
3 10 289 527
3 0 27 963
2 162 200
5 90 426 651 741 866
2 2 269
8 23 121 513 520 579 641 700 937
2 1 245
3 11 188 565
4 77 100 765 798
2 257 330
3 2 237 639
2 13 97
3 17 179 863
2 31 42
3 25 134 477
3 3 287 780
2 215 414
2 0 179
2 240 390
2 92 208
2 90 174
3 194 275 939
2 54 421
4 49 203 544 547
4 1 306 790 799
2 5 116
2 70 272
2 68 248
2 53 155
2 1 78
4 16 23 802 854
4 1 175 596 686
2 105 303
2 137 249
4 15 112 762 809
2 169 200
2 138 210
3 70 326 733
3 47 89 729
2 9 382
2 53 118
4 58 116 536 637
2 1 9
2 432 448
2 45 373
3 25 242 520
2 4 200
2 72 215
4 29 421 775 864
2 51 98
4 134 432 731 917
4 44 310 970 992
2 54 169
3 305 323 529
5 156 164 606 672 845
3 45 432 685
2 164 369
2 235 274
5 51 130 610 932 935
5 80 349 767 814 974
2 47 85
2 15 41
3 106 112 519
3 2 33 763
3 132 397 811
2 4 5
4 39 182 718 846
2 129 345
2 15 112
3 45 326 521
4 8 129 535 545
3 27 166 812
6 21 53 582 905 929 963
2 59 176
2 44 283
2 261 389
2 47 152
2 42 294
2 258 384
3 36 439 780
2 283 330
2 25 145
2 131 161
4 17 61 769 840
4 329 381 796 818
2 254 496
2 439 479
5 334 503 858 959 994
2 4 182
2 15 236
2 69 274
2 1 70
2 94 298
2 398 434
2 9 50
2 13 487
3 220 265 576
2 288 326
4 60 322 654 802
4 11 425 563 659
3 8 9 883
3 361 504 924
3 75 475 901
4 15 47 594 660
2 49 72
3 29 180 843
5 71 144 683 688 982
2 2 42
2 0 3
3 298 308 809
4 220 457 650 729
3 257 504 956
3 3 139 707
2 51 457
2 188 330
2 39 94
2 29 49
4 235 404 716 961
2 17 144
2 6 77
3 4 204 967
2 75 269
2 30 134
5 1 23 601 810 974
2 114 390
4 15 62 585 665
2 4 53
2 120 289
2 128 299
2 16 533
2 3 156
3 19 441 704
2 72 361
3 9 146 979
4 272 310 745 908
4 97 113 612 863
2 5 9
2 21 333
3 39 172 669
3 67 354 653
2 34 65
3 30 325 965
3 251 530 663
6 0 23 671 735 879 952
2 15 42
4 9 439 620 859
3 176 198 740
2 86 103
2 220 506
2 77 427
3 4 165 709
3 17 559 968
3 69 80 695
3 29 244 899
2 239 374
2 310 354
2 374 388
2 23 103
3 35 150 691
2 268 350
5 255 537 598 825 880
2 155 179
3 323 465 898
2 294 362
2 44 594
3 35 374 945
3 144 155 833
3 2 557 948
3 32 361 773
2 23 215
3 17 38 639
2 125 141
2 182 488
2 92 176
2 33 215
2 113 283
3 374 492 733
2 77 132
3 331 569 860
2 75 90
2 1 113
2 128 245
3 4 15 684
2 419 428
2 35 93
2 0 19
2 334 579
3 4 16 968
2 39 365
3 3 51 739
2 4 431
2 73 75
3 165 283 705
2 42 213
2 187 335
2 47 157
2 91 169
2 9 29
2 16 128
2 27 80
2 75 360
3 9 88 964
3 17 77 649
5 72 475 730 748 943
5 316 431 648 690 781
3 444 604 839
3 2 350 813
2 169 439
2 35 218
2 21 61
2 335 337
3 105 231 933
2 30 72
2 98 153
2 292 638
2 112 636
2 0 544
2 4 437
2 5 168
2 248 573
2 17 532
2 279 356
3 52 98 787
2 37 249
2 68 163
3 262 533 803
2 116 537
2 9 317
4 121 292 834 976
2 433 576
3 46 72 995
3 53 559 756
2 23 101
2 159 169
2 5 147
2 262 572
4 176 326 683 829
3 132 577 900
2 2 488
2 30 72
2 2 378
2 165 225
2 102 261
2 188 244
3 15 163 880
3 317 425 805
2 0 68
2 150 265
2 112 129
2 540 670
3 236 616 984
2 1 489
3 328 465 898
2 13 333
2 433 540
2 0 64
2 0 638
2 16 592
2 142 328
3 40 414 987
2 0 5
3 78 586 844
6 6 405 712 718 728 961
3 58 75 918
2 103 210
2 138 426
2 371 439
3 6 163 703
3 1 358 930
3 9 701 878
4 2 565 763 892
2 193 626
2 28 47
4 113 546 738 840
2 70 134
2 64 584
2 4 122
3 349 397 960
2 176 696
2 29 328
3 2 15 814
2 5 33
3 67 551 913
2 9 370
2 500 696
2 2 350
2 30 77
2 220 328
2 2 384
2 148 236
2 257 377
2 129 236
2 45 55
2 92 272
3 168 696 969
2 472 544
2 147 637
2 11 484
2 1 45
2 471 610
2 29 230
2 2 577
2 29 47
3 1 142 877
2 58 707
2 58 623
2 159 580
2 415 437
2 17 258
2 2 395
3 223 279 794
2 289 568
2 42 292
2 148 314
2 30 637
2 101 299
2 21 80
3 147 165 752
2 72 751
2 85 146
3 54 185 991
5 3 339 761 767 966
2 269 665
2 44 180
2 47 299
2 114 138
3 96 258 902
2 34 755
2 53 468
2 497 704
2 45 258
2 413 442
2 46 360
2 493 755
2 326 433
2 51 517
2 131 242
2 54 370
2 4 405
2 0 602
3 129 209 868
2 49 482
2 3 145
4 28 105 910 914
2 42 328
2 1 57
2 449 513
2 165 638
3 1 16 948
2 20 297
3 9 346 910
2 1 205
2 42 395
2 2 656
3 48 422 920
2 231 282
2 185 458
2 11 47
2 141 264
2 1 86
2 380 744
2 0 59
2 5 518
2 1 179
2 326 442
2 112 458
2 35 112
3 42 144 823
2 464 532
2 258 659
2 3 132
2 266 679
2 171 421
3 64 141 835
2 85 162
2 468 543
2 122 557
2 6 498
2 64 505
2 86 640
2 493 714
2 52 285
2 32 168
2 1 314
2 327 518
2 2 289
3 5 50 949
2 51 260
2 18 219
2 143 801
3 27 33 986
2 120 594
2 202 326
2 4 59
5 39 120 834 850 883
2 92 670
2 30 172
2 71 146
2 4 40
2 143 600
2 662 828
2 0 807
2 144 331
3 2 122 862
2 321 331
2 1 639
2 517 707
3 72 184 990
2 1 29
2 215 539
2 50 695
2 121 488
2 361 500
3 17 257 901
2 51 53
2 23 187
2 259 828
2 42 84
2 55 383
2 258 365
2 1 464
2 0 314
2 80 255
3 72 109 924
2 13 521
2 139 579
2 84 612
2 66 310
2 23 837
2 446 569
2 39 482
3 163 295 885
2 18 437
2 15 72
2 343 774
2 5 246
2 17 49
2 142 342
2 65 355
2 1 2
2 17 19
2 109 118
2 137 385
2 2 737
2 371 703
2 171 577
2 594 678
3 309 354 983
2 2 64
2 534 828
3 30 91 965
2 91 865
2 59 109
2 117 162
3 16 148 940
2 45 134
2 67 235
2 11 118
2 233 704
2 15 302
2 88 244
2 15 116
2 65 172
2 1 72
2 596 686
2 392 587
2 166 671
2 536 847
2 89 760
2 409 410
2 33 70
2 54 506
2 46 321
2 18 58
2 308 568
2 32 260
2 777 784
3 346 421 950
2 1 80
2 30 716
2 116 777
2 13 45
2 116 146
2 128 484
2 152 697
3 117 373 955
2 25 788
2 326 343
2 4 68
2 29 292
2 535 857
2 1 33
2 108 287
2 81 306
2 131 358
2 423 506
3 110 702 934
2 32 39
2 380 492
2 19 645
2 265 930
2 1 492
2 66 292
2 49 439
3 110 176 957
2 164 455
2 2 888
2 18 274
2 191 421
2 17 637
2 122 346
2 65 599
2 241 381
2 5 185
2 601 782
2 261 820
2 4 911
2 390 393
2 73 577
2 0 1
2 17 233
2 2 919
2 126 545
2 402 938
2 81 234
2 46 521
2 60 711
2 551 696
2 121 261
2 435 506
2 248 635
2 575 884
2 17 755
2 99 554
2 585 621
2 17 728
2 75 485
2 11 46
3 27 78 973
2 350 972
2 493 557
2 65 157
2 75 662
2 4 5
2 9 165
2 184 567
2 157 383
2 49 77
2 67 540
2 331 881
2 285 684
2 84 227
2 358 824
2 196 693
2 33 337
2 129 371
2 96 841
2 165 754
2 178 485
2 140 414
2 144 521
2 90 664
2 6 45
2 55 221
2 9 310
2 46 391
