100
6 1 2 3 14 28 62
7 0 2 8 11 21 82 85
8 0 1 5 8 32 70 73 77
9 0 4 6 7 13 21 37 44 47
2 3 34
4 2 12 18 54
7 3 16 49 72 85 96 97
7 3 68 13 25 39 53 75
3 1 2 17
4 34 50 61 95
6 14 17 20 33 48 65
2 1 59
2 5 31
9 3 7 69 29 42 58 64 93 98
10 0 10 38 39 40 44 46 77 91 94
3 24 81 94
2 6 92
7 8 10 72 32 36 41 59
1 5
4 23 29 38 80
3 10 58 84
7 1 3 69 26 30 79 96
1 24
3 19 36 87
3 15 22 90
1 7
1 21
1 84
2 0 70
2 13 19
1 21
3 12 76 57
6 2 73 17 35 60 66
3 10 80 49
5 4 9 66 67 99
1 32
6 17 76 23 40 56 62
1 3
5 14 19 78 60 95
4 7 14 83 52
4 14 36 42 63
2 17 52
2 13 40
2 71 45
3 3 14 55
2 83 43
2 14 51
2 3 89
2 10 87
3 6 33 88
1 9
1 46
2 39 41
2 7 97
2 5 78
2 44 57
2 36 67
2 31 55
3 71 13 20
2 11 17
2 32 38
3 9 74 98
2 0 36
2 40 99
1 13
2 10 93
3 32 82 34
2 34 56
2 7 91
2 21 13
2 2 28
3 43 58 86
4 6 17 75 81
2 2 32
1 61
2 7 72
2 36 31
2 2 14
2 38 54
1 21
2 19 33
3 72 15 89
2 1 66
2 39 45
2 20 27
2 1 6
1 71
2 23 48
1 49
2 81 47
1 24
2 68 14
1 16
2 13 65
2 14 15
2 9 38
2 6 21
2 6 53
2 13 61
2 34 63
