200
13 1 2 3 4 43 49 55 89 105 144 153 164 195
15 0 4 7 9 11 22 23 39 66 73 106 119 134 179 195
17 0 3 5 8 11 12 16 46 52 67 82 100 138 162 168 171 196
9 0 2 6 12 26 47 60 61 176
21 0 1 5 6 7 9 10 16 17 19 20 34 40 67 68 78 94 95 126 164 185
8 2 4 28 31 113 114 140 166
6 3 4 15 27 37 66
8 1 4 8 10 29 65 102 117
10 2 7 13 38 40 42 74 80 136 169
8 1 4 22 39 83 120 145 188
10 4 7 131 14 46 61 78 84 88 109
6 1 2 13 60 94 193
4 2 3 110 153
9 8 11 17 27 28 98 100 144 149
8 130 10 21 45 51 71 97 118
8 6 137 31 62 69 167 170 191
13 2 4 139 20 25 30 51 75 85 127 142 154 181
13 4 13 138 30 58 63 70 91 113 128 145 155 173
4 23 24 74 112
4 4 25 58 183
5 4 16 116 160 178
2 14 53
4 1 9 92 123
5 1 18 47 52 54
2 18 57
3 16 19 48
4 3 131 82 158
5 6 13 32 36 57
6 5 13 44 91 103 187
3 7 56 99
5 133 16 17 84 148
3 5 134 15
2 27 55
2 157 197
5 4 140 147 35 152
4 34 68 119 165
3 27 148 125
5 6 53 59 110 199
2 8 90
3 1 9 156
5 4 8 135 139 87
4 146 149 63 79
2 8 186
2 0 141
5 28 50 81 98 186
3 14 48 161
6 2 10 62 80 117 194
3 3 23 97
2 25 45
2 0 189
4 44 59 93 175
4 14 16 76 89
3 2 23 152
4 21 37 73 108
1 23
2 0 32
3 29 115 163
5 130 24 27 99 176
2 17 19
2 37 50
2 3 11
2 3 10
4 15 46 75 198
2 17 41
2 156 123
2 7 114
2 1 6
4 2 4 151 127
3 4 35 69
2 15 68
1 17
1 14
3 155 79 107
2 1 53
3 8 18 199
5 16 62 170 81 92
4 51 108 124 187
2 87 93
2 4 10
2 41 72
4 8 46 102 185
2 44 75
7 2 133 26 90 96 124 193
3 9 159 172
2 10 30
7 16 161 173 96 111 191 192
2 150 128
2 40 77
2 10 188
3 0 51 179
3 143 38 82
4 17 28 180 105
4 22 163 167 75
3 132 50 77
2 4 11
2 4 112
4 82 85 101 104
3 14 47 194
2 13 44
3 29 159 57
2 2 13
2 157 96
3 7 150 80
2 28 154
2 96 107
2 0 91
2 1 190
2 72 104
2 53 76
2 10 198
5 129 12 37 168 111
3 141 85 110
2 18 95
2 5 17
2 5 65
2 147 56
1 20
4 7 46 121 122
2 14 121
2 1 35
2 9 177
2 117 118
3 169 189 117
2 22 64
2 76 82
1 36
1 4
2 16 67
2 17 86
1 110
2 14 57
3 10 26 174
2 93 180
2 82 30
2 1 31
1 40
1 8
1 15
2 2 17
2 40 16
2 5 34
2 43 111
1 16
1 90
3 0 13 171
2 9 17
1 41
2 115 34
3 30 36 165
2 13 41
2 102 86
1 67
2 34 52
2 0 12
2 16 103
2 17 72
2 39 64
2 33 101
1 26
2 99 83
1 20
4 45 85 182 197
1 2
2 56 92
2 0 4
3 148 35 183
1 5
2 15 92
2 2 110
2 8 122
2 15 75
2 2 144
1 83
2 17 85
1 131
1 50
2 3 57
1 120
1 20
2 1 89
2 132 91
3 16 182 184
2 161 181
2 19 165
1 181
2 4 80
2 42 44
2 28 76
2 9 88
2 49 122
2 106 196
2 15 85
1 85
2 11 82
2 46 97
2 0 1
2 2 190
2 33 161
2 62 109
2 37 74
