1000
52 1 2 3 4 13 16 29 38 43 57 71 74 80 91 98 100 102 109 131 139 147 157 168 186 228 244 260 291 334 362 366 373 390 393 397 423 457 568 573 587 605 624 635 657 682 716 744 776 786 805 808 993
90 0 3 4 5 6 7 8 9 10 17 20 25 26 28 31 39 40 42 49 51 61 66 77 81 87 94 101 103 104 105 107 112 129 161 178 180 185 200 243 247 277 287 299 300 305 321 325 351 372 376 378 426 430 432 441 450 453 461 467 474 476 480 495 497 505 506 523 531 547 549 570 597 646 654 660 664 698 712 731 736 740 742 755 764 827 857 874 946 949 965
29 0 6 8 11 13 24 35 37 65 195 244 252 282 283 285 314 322 387 408 411 459 560 615 644 690 699 793 968 975
58 0 1 5 10 12 14 17 20 22 30 36 38 57 95 96 118 132 133 135 150 152 156 161 180 183 190 198 230 234 239 248 271 285 314 332 359 367 396 406 440 465 502 507 508 540 551 560 567 613 705 751 766 771 777 839 840 915 919
20 0 1 36 56 86 90 97 199 241 294 343 398 505 746 762 788 898 908 978 983
25 1 3 18 33 61 99 107 117 167 239 286 322 424 433 513 517 567 578 624 683 709 794 859 906 994
14 1 2 7 9 41 47 50 82 142 145 189 319 691 742
28 1 6 11 12 15 23 34 35 50 78 80 147 172 216 231 370 416 472 497 521 562 588 603 642 656 753 761 770
6 1 2 54 165 308 470
24 1 6 15 16 21 25 70 74 82 116 205 247 254 312 348 354 443 485 553 558 704 843 849 927
28 1 3 14 31 34 45 54 59 63 67 75 99 127 134 174 191 193 268 269 281 302 425 427 434 479 626 669 852
11 2 7 42 148 237 242 260 540 641 723 781
5 3 7 325 572 623
19 0 2 60 68 83 92 100 117 125 200 222 296 360 452 625 713 820 855 920
32 3 10 19 24 27 30 39 41 88 105 124 156 171 173 219 225 397 453 576 584 594 649 675 676 684 687 693 763 814 850 862 989
17 7 9 52 73 114 155 227 291 340 417 504 578 600 749 757 844 885
24 0 9 26 95 96 115 124 140 146 148 227 279 349 375 391 562 607 690 707 721 749 758 902 957
58 1 3 18 19 23 27 28 33 40 43 48 58 64 86 91 92 110 143 144 164 166 176 184 194 196 208 209 236 265 272 311 342 369 377 383 407 455 494 509 539 565 587 598 610 611 615 642 649 658 709 746 873 884 945 947 952 954 968
8 5 17 45 138 250 492 783 897
6 14 17 65 194 205 218
24 1 3 21 29 44 63 85 93 128 163 199 230 233 263 269 281 343 352 511 519 729 808 918 971
3 9 20 22
15 3 21 62 78 101 104 128 137 246 251 261 456 558 599 853
16 7 17 32 55 75 83 122 130 217 288 356 725 745 748 940 972
16 2 14 66 102 150 162 181 183 193 202 328 506 652 769 831 944
2 1 9
2 1 16
4 14 17 330 774
8 1 17 81 309 335 486 495 863
27 0 20 32 59 68 69 87 89 111 113 133 152 182 226 272 292 307 320 491 502 564 573 584 720 731 831 984
5 3 14 331 388 974
13 1 10 47 48 55 72 88 114 120 126 212 372 589
6 23 29 221 360 821 892
8 5 17 51 140 290 468 710 932
3 7 10 67
7 2 7 111 211 412 962 973
6 3 4 37 188 803 969
10 2 36 53 110 211 477 685 733 956 961
18 0 3 58 79 85 119 175 309 389 541 543 581 622 695 773 856 924 987
10 1 14 108 339 368 447 487 499 548 741
6 1 17 374 413 477 719
18 6 14 44 46 60 79 162 174 266 296 375 393 422 442 665 791 832 835
5 1 11 120 123 803
7 0 17 188 250 678 737 781
4 20 41 258 806
7 10 18 46 384 459 664 889
3 41 45 109
17 6 31 49 76 89 93 149 160 166 198 208 278 348 428 717 724 811
19 17 31 52 53 56 121 153 231 264 289 308 357 471 545 575 637 837 902 952
15 1 47 90 130 168 217 274 298 316 385 435 441 529 665 708
3 6 7 798
24 1 33 62 64 69 73 84 116 141 257 292 306 338 350 394 570 574 674 689 745 828 860 875 944
10 15 48 70 159 197 229 237 369 376 457
7 37 48 71 299 374 395 451
6 8 10 97 722 855 991
10 23 31 157 225 261 302 313 633 787 910
11 4 48 76 119 142 421 447 566 577 890 963
4 0 3 522 773
13 17 38 131 169 182 220 336 353 436 501 557 743 861
4 10 29 718 879
2 13 41
6 1 5 84 841 917 945
7 22 51 141 160 202 769 955
5 10 20 125 433 703
13 17 51 108 176 185 220 236 286 367 543 814 869 963
9 2 19 164 190 363 507 593 733 911
4 1 24 214 255
13 10 34 72 106 201 305 352 481 550 622 700 738 979
3 13 29 402
10 29 51 389 412 509 618 701 858 867 991
3 9 52 697
6 0 53 232 252 303 542
4 31 67 154 644
2 15 51
12 0 9 77 158 179 327 365 368 399 554 844 909
5 10 23 439 568 925
4 47 56 94 233
3 1 74 177
2 7 22
3 38 41 797
6 0 7 600 756 785 898
4 1 28 149 212
5 6 9 189 206 713
8 13 23 113 170 195 222 422 761
12 51 61 118 123 151 167 201 206 420 522 534 662
5 20 38 219 271 463
4 4 17 224 284
7 1 29 338 351 443 482 836
2 14 31
3 29 47 129
3 4 49 394
5 0 17 293 313 378
5 13 17 165 563 942
7 20 47 103 126 419 525 616
9 1 76 98 115 136 187 226 361 900
6 3 16 171 223 347 694
5 3 16 179 204 571
5 4 54 445 672 673
5 0 94 245 248 662
2 5 10
4 0 13 215 526
4 1 22 178 974
31 0 24 106 112 121 136 137 153 210 329 363 364 383 408 424 435 440 487 515 535 565 610 661 666 677 697 762 801 811 818 863
4 1 93 155 705
13 1 22 283 334 452 464 473 486 518 802 887 892 988
5 1 14 294 361 561
5 67 102 426 480 633
11 1 5 122 132 159 213 240 339 531 616 921
8 39 64 146 407 471 657 812 935
3 0 46 317
6 17 37 377 446 939 942
10 29 35 187 266 347 401 405 500 864 880
16 1 102 134 209 213 253 324 381 613 621 627 790 830 847 872 961
10 29 83 144 175 184 243 262 344 481 926
2 15 31
2 16 94
17 9 51 143 145 151 197 228 404 409 418 620 681 704 825 854 909 934
3 5 13 936
6 3 84 276 511 681 730
2 38 56
2 31 42
10 48 102 249 254 312 326 575 696 728 792
3 23 107 138
2 42 84
5 14 16 127 192 967
12 13 63 181 240 392 437 532 552 556 592 678 989
2 31 93
8 10 124 300 330 403 414 472 580
4 20 22 249 571
4 1 89 355 905
6 23 49 135 251 449 841
4 0 58 593 878
4 3 107 275 670
4 3 29 229 614
6 10 112 218 317 735 838
11 3 130 224 276 341 400 559 604 890 904 982
10 94 102 170 214 215 328 617 722 869 970
2 22 102
5 18 122 139 514 594
3 0 138 444
4 16 33 303 643
3 51 62 448
8 6 56 158 318 417 466 740 823
2 17 116
7 17 113 204 545 583 770 785
4 6 116 154 931
3 16 108 701
4 0 7 263 659
5 11 16 386 795 826
2 47 81
4 3 24 776 866
2 84 116
2 3 29
14 48 102 169 172 246 258 341 362 364 463 592 635 711 875
6 72 145 301 597 819 965
4 15 103 163 583
4 3 14 680 846
3 0 55 446
6 74 142 173 434 605 857
6 52 107 256 350 544 631
3 47 62 992
3 1 3 238
11 24 41 186 192 253 274 335 527 549 708 829
7 20 155 232 366 586 653 992
10 17 65 210 444 462 564 609 640 865 876
11 8 92 235 311 346 390 460 485 528 628 891
12 17 47 297 387 411 427 634 741 809 828 959 983
4 5 84 203 847
3 0 49 384
11 58 153 177 196 234 357 451 796 862 935 995
5 83 136 191 223 439
2 14 95
4 7 153 238 931
7 14 158 385 430 437 516 579
2 10 41
2 38 113
2 17 64
4 77 169 520 608
6 1 101 256 327 547 619
7 74 96 304 388 805 826 891
11 1 3 221 242 428 680 721 754 856 881 964
4 24 125 566 894
3 29 58 658
4 3 24 614 714
9 17 113 323 381 401 438 582 692 752
3 1 64 402
13 0 162 216 255 403 469 498 508 579 620 632 668 806
10 94 111 270 373 395 630 661 748 809 922
4 36 43 326 333
14 6 82 273 409 482 514 536 538 555 674 687 754 929 943
4 3 65 465 682
5 10 170 241 282 519
4 124 162 290 295
4 10 24 634 732
2 17 19
2 2 83
7 17 169 329 651 851 865 921
3 52 116 345
6 3 47 203 345 414 604
5 4 20 259 346 524
2 1 13
9 67 84 307 320 380 496 526 656 688
7 24 62 207 235 380 410 716
6 167 198 207 399 775 929
4 96 144 275 431
4 9 19 606 907
2 82 84
3 202 203 670
3 17 47 960
2 17 112
3 102 164 431
2 35 37
7 31 81 539 588 623 876 998
3 107 112 768
5 66 136 264 416 771
2 100 136
3 7 186 611
3 23 49 950
2 19 134
7 14 85 259 316 355 518 569
2 58 64
3 32 180 425
5 13 83 475 596 727
3 95 170 295
6 86 135 304 591 660 751
10 14 55 245 262 288 410 419 612 755 954
3 29 94 515
5 15 16 301 493 795
4 0 116 265 277
3 52 133 601
3 3 20 784
7 7 48 257 315 901 930 933
5 71 163 287 445 479
2 20 76
3 3 169 466
5 165 202 279 370 432
7 17 64 386 396 767 820 893
2 11 52
5 161 172 501 525 601
2 3 5
4 107 125 647 655
3 4 191 491
4 11 180 280 535
3 1 113 675
5 0 2 268 278 706
3 98 225 913
10 22 153 267 298 323 337 405 454 630 889
3 1 9 297
2 3 98
2 121 128
3 18 43 478
5 22 130 648 650 753
2 2 71
3 112 162 794
3 9 121 273
3 66 186 557
7 159 178 293 356 358 555 603
12 51 231 315 332 429 602 619 648 718 853 918 950
7 44 153 280 318 406 596 747
3 199 219 468
3 0 11 340
3 22 55 840
6 113 225 504 529 643 845
4 20 147 284 807
8 48 214 267 270 336 512 595 822
5 17 228 289 628 641
10 41 111 306 354 400 756 779 804 934 986
3 246 264 958
3 10 244 928
3 10 20 342
4 187 264 887 933
2 3 85
3 17 29 448
5 189 254 503 599 689
3 49 162 382
3 132 204 476
2 118 135
4 1 228 636 877
4 47 244 358 365
2 16 235
5 242 258 333 752 958
3 10 20 537
2 2 191
4 2 104 470 484
5 86 263 492 653 702
2 2 3
3 5 64 914
2 1 232
9 23 225 331 460 533 719 849 851 873
4 48 265 337 473
2 33 192
3 0 15 310
4 29 51 321 816
5 91 256 423 696 715
3 4 105 763
3 192 223 391
2 13 41
2 166 247
3 49 246 310
3 1 53 379
7 1 127 496 510 513 598 839
2 154 227
3 10 55 957
2 71 140
4 179 224 319 758
2 1 67
6 51 266 353 469 528 819
4 29 201 344 726
6 8 48 371 474 759 980
4 28 38 489 774
2 291 298
3 17 165 638
2 9 121
3 55 91 484
4 2 3 552 969
7 231 257 421 490 744 775 986
2 49 219
4 109 134 702 897
5 142 258 379 717 896
3 6 304 392
4 29 201 324 639
3 1 292 629
3 2 5 349
3 184 246 595
4 112 320 896 920
2 1 12
2 121 188
3 74 178 602
2 24 136
2 102 196
5 27 127 533 639 714
4 30 288 686 815
4 3 257 715 880
3 188 280 654
4 0 104 398 589
2 28 162
4 58 264 488 585
2 246 289
3 51 87 912
7 39 107 645 663 878 879 907
3 15 260 750
4 135 153 382 799
2 17 269
3 4 20 516
3 113 307 726
3 197 198 842
3 165 199 652
5 95 111 371 413 782
4 9 47 436 990
4 16 322 671 790
2 51 159
3 1 87 550
4 20 67 700 867
8 58 306 359 429 456 467 536 569
3 9 266 792
3 129 219 647
6 23 256 418 461 734 996
2 48 169
3 256 278 985
2 3 353
2 13 32
5 94 105 590 825 868
3 0 153 415
3 65 102 807
3 102 153 903
2 74 278
2 0 163
2 3 64
5 39 74 462 537 972
3 17 52 475
6 7 235 586 703 838 913
2 308 347
2 1 31
3 0 187 454
3 40 53 900
3 16 41 483
2 1 52
5 17 110 521 646 926
3 1 91 973
4 299 318 607 953
3 201 202 415
3 112 184 580
6 274 341 609 692 766 789
3 17 102 458
2 45 168
7 49 173 546 699 724 936 996
2 148 236
3 2 166 939
3 30 179 510
4 38 69 625 779
2 0 165
2 16 295
3 125 319 782
2 0 41
3 51 90 577
3 53 187 812
2 3 236
2 0 14
2 4 334
9 74 203 512 530 686 850 870 981 997
6 135 266 490 548 706 899
4 111 184 824 955
5 68 185 404 561 576
2 127 186
4 116 402 500 734
2 111 246
3 3 258 520
3 17 108 530
3 2 102 627
5 116 189 723 810 999
2 202 225
4 2 166 930 995
2 35 69
2 40 347
6 127 198 458 636 912 947
2 362 380
4 7 214 442 835
2 15 142
4 116 356 688 882
3 93 225 420
4 84 419 455 720
3 56 315 668
3 41 83 503
2 0 293
5 5 102 559 802 967
2 10 221
2 1 106
7 10 166 493 772 915 941 994
4 47 180 582 982
3 257 353 498
3 1 173 659
4 204 210 450 978
3 1 235 764
3 5 63 438
2 10 158
2 49 102
3 58 348 729
4 125 173 483 780
2 184 433
3 75 170 637
2 3 102
4 1 49 449 499
3 41 416 671
2 9 87
2 139 164
2 97 232
6 110 157 667 698 860 979
2 39 56
5 141 272 494 612 629
5 130 441 691 793 813
6 1 431 572 574 778 859
3 53 169 556
2 13 104
4 1 14 757 810
5 246 373 532 846 870
2 17 420
4 22 353 464 946
3 0 52 760
4 383 414 791 923
2 2 45
5 165 288 524 542 546
3 1 356 710
2 164 368
3 85 153 937
2 104 456
3 3 190 798
3 142 234 478
4 1 353 581 765
4 33 259 489 527
3 186 306 837
2 8 283
3 48 108 523
2 7 127
3 104 289 993
2 1 308
2 222 369
3 1 275 816
2 37 40
6 250 466 551 786 787 948
2 10 232
3 1 106 804
2 67 113
3 87 189 488
4 375 437 538 663
3 283 313 964
3 9 165 563
4 28 104 517 534
2 39 102
2 336 482
4 309 468 813 843
2 315 400
2 29 241
4 18 284 553 725
3 227 427 679
2 17 448
3 1 28 673
2 201 300
3 1 7 738
2 186 429
3 39 441 679
4 111 404 800 818
2 58 238
2 3 29
2 273 422
3 15 262 871
2 1 4
2 1 24
2 3 65
2 3 186
6 17 69 544 617 693 908
2 300 388
2 20 118
2 264 399
2 5 300
2 138 189
4 102 226 822 932
3 173 343 711
2 5 486
2 104 219
2 20 191
2 177 406
3 7 377 739
2 57 84
2 1 471
3 199 460 638
4 93 238 541 585
4 100 201 833 905
4 162 468 767 884
3 165 306 800
3 49 262 730
2 399 407
2 1 107
4 125 454 645 768
4 288 330 966 988
3 84 486 987
2 102 242
2 189 353
2 281 368
3 189 483 871
2 17 212
4 3 11 707 899
2 38 525
2 71 460
4 38 64 727 914
4 159 509 608 739
3 48 144 854
2 385 460
2 1 178
4 39 400 651 666
3 1 162 928
3 67 351 640
3 3 478 684
6 125 314 554 632 772 796
3 9 492 667
3 74 552 903
2 189 256
2 125 451
2 58 255
2 9 22
3 135 424 712
2 2 3
2 105 402
2 7 16
2 92 485
2 29 164
2 17 102
2 56 181
2 3 5
2 0 75
2 219 353
2 1 51
3 96 128 970
2 12 450
3 0 29 621
2 51 450
2 48 121
3 14 402 829
2 56 394
5 5 15 590 591 676
2 173 186
2 127 381
3 38 467 834
2 184 428
3 144 155 815
2 14 29
2 336 525
5 163 370 683 736 937
2 0 17
3 7 212 894
2 31 334
2 361 578
2 224 578
4 125 153 618 823
2 65 131
5 14 138 606 626 760
4 264 323 655 817
3 222 258 923
2 1 154
2 17 300
3 22 273 885
3 15 80 842
2 229 238
3 257 327 789
3 7 256 949
2 135 198
2 0 158
4 205 594 821 868
2 16 379
2 177 544
2 164 382
2 17 102
5 17 216 650 669 971
2 225 448
2 3 112
3 133 183 941
2 2 17
2 93 107
3 136 509 685
5 69 592 631 824 948
2 178 257
5 116 186 677 911 984
3 112 573 848
2 38 67
6 12 212 694 743 886 940
2 0 5
2 13 389
3 10 594 827
2 112 408
2 165 265
2 321 448
2 187 246
2 159 618
2 186 552
2 55 106
2 166 193
2 0 153
2 277 414
2 48 439
2 311 524
2 320 330
2 164 550
3 11 265 788
2 7 17
3 140 262 925
2 2 72
4 339 532 759 922
2 1 377
2 240 355
2 251 257
2 14 17
2 251 611
3 196 548 861
2 24 346
3 163 284 864
3 1 333 830
4 240 595 728 834
2 7 201
2 0 108
2 17 182
2 147 430
6 1 224 732 750 901 906
3 102 187 672
2 84 98
2 339 483
3 1 45 886
2 41 49
2 102 548
3 446 553 797
3 186 421 951
2 10 611
2 132 207
2 349 442
3 97 661 883
2 97 495
2 51 189
3 14 243 916
2 14 578
2 102 620
2 43 125
4 493 499 845 852
4 156 180 881 888
2 116 118
2 0 190
2 5 586
2 14 551
3 37 617 695
2 331 399
3 14 189 765
2 201 418
2 51 273
2 2 16
3 6 449 977
3 184 382 801
2 14 509
2 95 623
3 38 685 917
2 121 293
2 70 102
2 1 446
3 2 385 938
2 67 352
3 69 146 895
2 284 317
2 63 370
2 9 116
2 3 103
2 244 400
2 16 540
2 49 162
2 5 17
4 33 461 737 817
2 153 516
2 1 559
4 13 82 927 962
4 183 330 747 866
2 293 332
2 0 202
2 47 318
3 59 257 999
2 40 288
2 29 420
2 16 180
2 54 136
2 11 409
2 47 385
4 23 492 777 874
2 307 344
2 222 543
3 121 655 735
2 20 436
3 118 529 916
2 1 29
3 193 660 953
2 37 65
2 356 404
2 134 728
4 1 586 924 980
2 43 710
2 67 497
2 521 544
4 1 142 858 872
2 39 166
2 1 6
2 58 623
2 0 315
3 23 51 943
2 4 17
3 258 714 848
3 23 187 783
2 15 16
3 340 660 778
2 3 224
3 184 280 833
2 7 251
2 180 189
3 1 225 966
3 80 266 956
2 15 453
2 16 304
3 308 645 976
2 457 594
2 7 83
3 4 102 960
2 14 294
2 1 432
2 467 687
3 3 382 919
2 236 527
2 213 532
3 24 62 784
3 7 144 882
2 3 214
2 427 552
2 38 57
3 27 309 780
2 203 315
2 0 150
2 3 725
2 450 750
2 266 389
2 437 774
2 11 43
3 347 392 832
2 18 748
2 230 769
2 80 144
2 0 478
2 55 478
3 4 641 883
3 382 602 959
2 112 349
2 41 458
2 121 354
3 2 449 799
2 5 253
2 148 227
4 169 552 985 990
3 79 667 895
2 50 465
2 341 793
2 500 528
2 102 692
2 104 424
2 36 42
2 266 480
3 0 179 877
2 44 186
2 263 363
2 0 20
2 166 187
2 409 453
2 47 102
2 108 395
4 449 489 836 893
2 14 64
2 331 583
2 292 476
2 595 710
2 102 500
2 154 306
2 13 236
2 32 606
2 264 515
2 142 592
2 401 618
2 116 361
2 148 179
2 1 626
2 51 166
2 162 576
2 112 654
2 24 29
2 41 782
3 526 752 904
2 581 655
2 41 416
2 87 813
2 48 469
3 134 370 888
2 3 300
2 3 261
2 61 130
2 345 600
2 9 489
2 15 74
2 262 679
2 156 454
2 112 167
2 621 747
3 9 288 976
2 14 399
2 196 288
2 10 679
2 22 257
2 116 545
2 13 54
2 38 180
2 1 158
2 69 740
2 5 450
2 51 446
2 58 651
2 14 169
2 28 102
2 111 653
2 164 196
2 150 714
2 69 352
2 361 606
2 64 136
2 399 454
3 504 538 997
2 112 740
2 17 288
3 1 725 910
2 51 153
2 164 212
2 277 805
2 131 339
2 59 339
2 111 332
2 180 680
2 418 770
2 672 788
2 17 527
2 15 599
2 623 664
2 104 270
2 680 838
2 45 246
2 56 135
2 165 179
2 32 104
2 236 813
2 181 588
2 701 797
2 318 324
2 18 317
2 4 80
2 400 540
2 94 374
2 231 660
2 16 48
2 364 554
2 135 833
2 129 526
2 5 660
3 205 339 938
2 4 509
2 74 116
2 55 874
2 65 620
2 338 414
2 245 370
2 286 543
2 3 427
2 675 730
2 61 695
2 20 257
2 3 766
2 13 324
2 107 196
2 187 645
2 458 596
2 38 736
2 75 643
2 113 377
2 9 713
2 268 549
2 189 203
2 231 411
2 145 172
2 33 515
2 231 270
2 116 266
2 108 169
2 117 385
3 463 586 951
3 699 907 977
2 110 387
2 23 623
2 427 614
2 92 110
2 189 745
2 24 51
2 17 61
2 1 456
3 17 414 981
2 478 618
2 1 603
2 217 257
2 668 937
2 17 48
2 379 732
2 17 225
2 62 401
2 37 756
2 16 302
2 267 280
2 166 789
2 208 762
2 37 112
2 35 713
2 56 64
2 180 484
2 1 154
2 533 755
2 124 424
2 2 17
2 36 314
2 136 571
3 20 611 998
2 23 368
2 35 378
3 30 101 975
2 2 974
2 759 849
2 691 938
2 4 431
2 67 446
2 308 736
2 399 947
2 135 428
2 4 166
2 29 620
2 358 796
2 266 315
2 38 534
2 104 533
2 14 125
2 348 796
2 54 69
2 160 163
2 0 473
2 5 427
2 169 411
2 356 385
2 399 871
2 212 971
2 409 718
