1000
96 1 2 3 4 6 8 9 12 13 16 19 25 26 28 29 36 37 39 42 43 45 47 67 72 73 81 85 89 96 102 108 118 130 135 142 146 151 164 179 184 190 204 223 234 236 237 239 240 242 249 273 288 298 324 342 374 378 391 421 428 436 452 468 471 472 474 481 527 537 595 596 602 604 625 649 689 702 734 738 762 779 784 824 847 850 866 869 876 888 899 936 947 970 973 983 986
4 0 4 387 644
68 0 3 5 10 11 14 17 18 19 20 21 23 24 25 32 45 46 49 58 60 69 87 97 101 113 119 131 141 159 161 170 194 215 216 224 253 343 351 363 374 377 384 431 487 516 554 556 576 599 620 636 679 735 737 740 766 811 812 830 832 879 889 896 924 939 984 990 995
61 0 2 5 7 11 37 38 40 56 61 73 80 98 110 149 154 155 173 174 176 182 188 228 235 243 255 261 288 290 295 340 362 365 414 438 446 466 477 478 480 527 533 534 536 563 594 634 642 657 664 696 729 840 892 903 906 911 918 933 953 969
71 0 1 6 7 8 9 10 12 14 16 20 22 31 33 35 51 57 81 88 95 103 105 118 120 121 162 178 183 193 248 274 275 279 302 304 309 315 319 332 344 359 394 395 439 491 503 521 543 558 609 612 637 670 679 721 731 746 763 774 777 783 820 864 868 882 912 929 931 950 951 965
16 2 3 13 15 72 82 109 139 153 167 250 581 606 617 861 936
6 0 4 18 402 716 949
17 3 4 15 38 57 68 156 175 220 235 329 354 395 401 435 481 792
3 0 4 695
9 0 4 21 100 156 215 428 492 954
7 2 4 44 223 260 528 641
8 2 3 53 206 366 531 539 761
59 0 4 27 33 36 39 40 41 49 54 63 76 104 113 117 124 183 191 197 206 214 219 246 250 261 283 289 306 320 323 335 338 352 353 370 425 440 447 465 473 479 525 545 559 605 614 654 692 771 798 805 835 865 941 960 974 985 989 991
15 0 5 30 99 241 303 348 453 456 661 722 758 887 930 958
18 2 4 27 56 66 157 266 282 293 304 363 382 432 462 693 724 787 969
39 5 7 17 28 34 44 48 54 60 64 79 83 109 127 129 133 136 144 192 210 233 264 280 327 348 381 417 423 455 510 661 713 750 799 848 868 934 975 993
32 0 4 55 58 68 78 87 90 94 153 231 239 281 298 316 367 397 403 424 448 453 483 513 530 568 631 635 644 731 747 970 979
5 2 15 230 565 931
5 2 6 548 680 847
19 0 2 47 97 106 228 251 278 297 314 333 355 382 393 493 580 766 882 958
28 2 4 22 23 31 69 95 136 172 209 243 267 268 300 338 400 405 474 501 615 619 629 770 789 839 899 945 985
7 2 9 26 141 514 588 633
19 4 20 24 34 62 93 107 119 145 207 254 311 383 458 461 484 858 879 996
27 2 20 35 42 52 91 93 96 133 168 211 217 222 247 263 276 292 316 328 337 342 362 412 495 683 789 916
8 2 22 30 32 128 161 434 990
15 0 2 29 70 126 285 294 371 495 581 596 600 627 791 808
4 0 21 65 512
16 12 14 59 67 84 88 92 144 383 392 482 493 523 684 718 948
12 0 15 91 98 198 260 265 317 372 418 513 701
5 0 25 63 703 767
5 13 24 52 130 365
24 4 20 74 75 77 100 176 181 184 199 204 208 212 246 318 361 375 376 379 450 585 602 981 999
15 2 24 50 89 94 148 196 255 447 454 560 590 684 688 826
9 4 12 46 51 659 723 754 817 932
9 15 22 41 48 50 167 401 411 580
2 4 23
10 0 12 213 224 232 327 448 764 902 986
4 0 3 185 758
17 3 7 70 142 152 233 373 465 475 623 640 651 672 691 842 907 946
4 0 12 254 752
5 3 12 53 588 940
3 12 34 627
10 0 23 43 55 66 334 645 763 782 959
6 0 42 166 297 608 656
13 10 15 71 86 101 129 202 218 414 672 792 814 938
9 0 2 220 277 329 357 460 476 719
14 2 33 59 132 134 137 187 217 650 669 718 725 769 844
7 0 19 82 114 135 157 286
3 15 34 438
9 2 12 78 192 386 540 555 564 964
20 32 34 65 77 86 111 139 145 147 154 195 247 446 466 552 557 570 593 651 715
21 4 33 62 127 138 140 186 203 314 321 499 504 520 613 652 658 697 801 802 922 929
8 23 30 202 296 385 573 819 992
14 11 40 108 179 285 286 299 301 427 485 858 925 940 961
12 12 15 64 269 271 312 426 561 760 764 774 976
6 16 42 325 390 529 733
19 3 14 99 122 182 197 201 244 283 324 344 369 507 567 592 681 860 911 997
14 4 7 61 85 102 114 317 506 551 635 740 778 897 964
5 2 16 110 160 449
8 27 46 103 105 116 125 264 685
6 2 15 80 83 780 923
7 3 57 75 90 134 221 799
10 22 51 71 92 163 199 319 459 476 497
13 12 29 74 111 164 256 393 408 521 579 707 786 924
9 15 54 115 122 300 434 656 759 843
2 26 50
11 14 42 79 84 166 251 322 420 498 762 894
4 0 27 172 918
14 7 16 112 257 305 372 399 541 592 595 688 854 878 954
3 2 20 150
8 25 38 116 120 533 647 663 673
3 44 62 351
2 0 5
6 0 3 175 582 832 836
6 31 63 151 341 520 892
23 31 61 76 104 123 140 152 253 277 284 312 336 346 349 410 413 433 610 621 662 782 871 955
6 12 75 147 248 385 424
6 31 50 148 570 863 956
17 16 49 173 229 258 280 291 328 349 368 430 443 489 504 571 625 816
2 15 66
2 3 60
5 0 4 340 416 676
7 5 47 169 185 662 674 730
2 15 60
2 27 66
5 0 57 216 290 564
3 44 50 358
11 2 16 190 218 404 497 638 822 898 921 987
6 4 27 107 132 296 974
7 0 32 126 200 256 574 820
6 16 61 415 614 653 700
12 23 28 131 169 408 423 443 526 613 784 810 871
2 27 62
5 22 23 293 907 934
7 16 32 186 500 511 639 793
4 4 20 757 813
3 0 23 396
3 2 19 205
4 3 28 158 923
6 13 56 268 309 526 655
2 9 31
3 2 44 302
5 0 57 106 237 315
4 4 59 841 901
5 12 75 287 609 937
4 4 59 121 123
3 19 102 112
8 22 88 117 249 522 712 736 831
5 0 53 168 657 796
7 5 15 115 257 425 776 915
3 3 58 380
5 50 63 603 666 850
4 68 106 234 819
2 2 12
5 47 57 125 508 647
3 64 109 379
3 59 70 889
3 12 107 632
9 0 4 155 271 375 460 890 919 927
2 2 22
3 4 70 295
5 4 105 272 392 400
5 56 64 124 921 957
5 75 105 337 541 611
6 12 122 170 308 502 748
8 59 114 171 214 262 575 753 987
2 25 89
3 15 51 128
4 24 127 398 841
5 15 44 150 346 433
7 0 30 138 665 811 870 944
13 2 91 143 174 180 205 209 275 430 467 537 552 624
6 46 88 163 279 512 617
4 15 23 323 593
5 46 61 188 189 568
6 0 47 137 143 208 739
11 15 20 213 222 238 381 426 478 488 665 849
8 46 135 232 299 471 616 741 785
9 51 130 146 194 240 252 287 494 511
9 5 50 236 601 622 654 714 728 913
8 51 75 160 221 398 576 845 856
7 2 21 165 311 431 534 710
3 0 38 535
9 131 135 158 333 429 600 793 959 982
9 15 27 159 189 210 458 886 941 994
4 22 50 149 536
14 0 138 178 180 195 198 225 245 335 347 403 444 708 806
5 50 76 165 193 270
4 32 77 483 853
8 3 145 177 196 227 252 589 683
6 69 129 788 803 825 881
3 0 74 387
2 38 75
3 5 16 479
9 3 50 162 270 358 376 603 725 815
3 3 118 900
10 7 9 241 242 313 420 451 461 544 641
4 14 47 583 925
3 98 143 353
5 2 144 569 903 904
8 58 140 177 282 305 350 463 893
8 2 24 259 332 452 587 675 935
6 4 154 354 741 798 971
6 62 132 269 415 778 909
3 0 63 630
4 141 147 171 849
5 43 66 207 245 650
7 5 34 203 310 457 643 809
11 23 108 181 187 211 294 515 547 794 967 977
3 82 91 728
5 2 124 201 229 291
3 125 165 915
8 20 67 347 409 507 531 562 578
5 3 78 200 370 573
5 3 131 336 622 816
6 7 73 330 345 378 791
7 3 31 212 357 455 864 966
3 149 160 558
3 4 146 583
8 0 53 191 274 545 587 708 749
3 131 146 265
2 31 168
3 3 56 591
2 4 12
7 0 31 407 422 607 626 633
4 37 82 380 524
3 51 94 709
4 46 168 226 244
3 3 134 258
3 134 144 350
3 0 87 721
3 12 179 307
4 15 49 281 477
8 4 147 231 345 388 467 517 775
5 2 138 226 301 339
10 50 146 273 292 325 405 407 445 648 988
2 32 149
2 12 56
3 28 146 219
7 31 62 389 501 584 660 732
2 89 173
6 56 170 341 419 706 755
4 44 52 444 875
4 51 167 284 577
5 0 31 373 519 530
2 97 131
6 11 12 394 397 454 739
2 22 166
2 31 135
4 20 131 463 750
8 15 144 366 436 631 748 756 874
3 23 168 371
4 31 176 330 998
2 36 136
5 12 125 406 502 997
4 2 9 566 886
8 2 85 355 421 435 686 950 962
4 23 46 272 652
7 44 87 669 797 804 835 982
2 12 198
10 7 45 227 307 356 364 794 800 873 894
2 61 140
3 23 136 238
4 0 10 695 845
3 2 36 225
3 146 224 790
3 187 194 486
3 149 220 230
2 3 19
4 78 170 262 589
5 17 227 410 432 709
6 16 193 413 735 747 834
2 36 137
3 15 38 646
3 0 112 733
2 3 7
3 0 139 386
4 0 102 796 822
3 136 222 939
3 0 16 893
3 0 138 384
7 13 156 259 331 668 895 927
3 0 156 671
2 3 20
2 56 187
3 146 166 445
2 12 31
5 23 50 470 727 897
2 4 76
3 0 107 802
9 5 12 263 490 516 590 744 838 880
5 19 66 326 389 759
3 138 149 278
3 2 75 991
3 22 39 267
4 3 32 276 668
2 63 89
5 68 109 441 496 549
6 78 188 496 599 720 755
5 161 241 343 535 910
3 10 28 667
10 3 12 322 468 500 556 621 682 874 972
5 125 229 266 409 480
3 23 250 308
4 15 59 607 980
3 28 180 884
3 14 262 555
2 20 254
4 20 99 418 753
4 54 163 419 724
2 147 154
3 54 118 711
4 121 217 303 472
4 0 195 532 846
2 4 179
5 4 131 326 491 966
7 23 255 334 548 591 619 852
5 45 75 594 690 729
2 19 252
3 4 132 711
2 15 78
3 16 192 321
3 14 160 992
8 12 56 306 310 396 416 640 727
5 75 203 320 440 492
2 25 53
7 47 53 289 514 757 823 829
2 104 138
3 0 3 780
3 12 286 666
3 3 85 499
4 78 170 517 812
2 23 195
6 14 93 364 486 691 722
6 25 168 360 703 706 875
2 3 120
3 52 88 937
3 19 43 339
3 0 16 687
4 53 137 313 505
3 20 64 331
8 53 194 427 437 671 751 898 984
4 4 101 565 693
5 13 272 469 705 815
7 4 14 367 464 818 904 988
3 68 160 601
5 12 283 399 489 626
2 191 220
2 124 263
5 4 99 356 540 719
3 167 283 318
3 22 141 732
2 54 75
3 156 299 919
5 19 51 368 404 586
3 4 102 944
2 16 23
6 28 57 402 598 743 862
3 31 310 865
5 4 62 390 813 818
3 12 284 360
2 51 281
8 66 261 361 469 806 828 870 965
4 12 133 567 714
3 0 56 550
5 55 195 646 860 963
2 251 275
2 15 36
2 23 78
7 7 45 369 508 618 663 785
3 175 212 523
5 241 300 697 704 994
2 4 161
2 19 143
7 42 276 449 582 585 888 896
5 12 146 801 828 883
2 75 174
3 23 123 933
6 12 20 538 542 551 877
9 194 297 359 457 475 634 649 659 707
2 3 81
2 74 201
3 0 23 837
2 2 259
3 4 56 761
2 175 193
5 75 129 352 519 681
7 146 172 522 528 560 773 952
4 13 15 629 682
6 75 78 388 441 673 938
3 160 189 928
8 2 71 529 553 717 855 945 955
2 12 346
4 12 158 411 767
2 7 162
3 19 216 653
3 220 309 554
9 45 176 412 506 563 771 831 833 917
4 86 154 509 574
5 4 339 628 922 973
5 294 320 422 490 586
2 31 322
3 3 23 723
3 2 14 451
2 220 293
2 3 30
2 11 210
3 16 304 920
3 78 314 437
3 56 329 562
4 12 173 377 584
2 25 211
4 28 68 482 913
4 38 204 505 795
2 0 2
2 31 118
2 31 154
4 2 370 549 906
2 0 175
4 31 115 561 678
3 110 185 912
3 15 136 488
3 14 19 391
6 22 27 417 632 694 844
2 2 240
5 52 76 406 450 956
2 49 236
2 1 151
4 193 349 510 667
2 199 251
3 55 319 439
2 0 382
6 27 121 546 572 696 840
2 19 63
2 4 206
5 4 7 575 698 770
2 96 283
2 16 206
4 128 140 532 636
2 68 306
5 20 121 686 698 867
2 7 34
3 6 317 781
2 16 146
3 87 314 572
4 20 195 518 942
2 214 385
3 184 195 979
2 63 91
2 172 262
2 75 230
2 34 353
4 23 357 429 745
2 75 231
3 3 44 620
2 90 163
6 81 283 470 674 960 996
4 15 383 498 571
2 28 268
5 201 269 616 645 677
3 66 156 689
3 0 216 628
2 184 360
3 15 91 515
3 16 76 487
2 12 109
2 54 136
3 53 301 833
3 0 9 749
2 143 412
3 78 131 566
2 2 141
2 14 230
5 75 129 685 821 963
7 24 64 442 473 569 677 804
4 7 216 442 742
5 0 210 459 639 680
2 301 368
4 3 48 518 877
2 4 390
2 12 284
2 257 349
2 434 435
2 78 91
4 146 202 456 869
2 195 245
5 3 50 618 765 883
2 12 32
5 16 36 578 648 880
2 58 334
2 31 385
2 156 363
3 0 161 783
3 13 16 853
3 32 206 539
2 15 176
3 13 444 494
4 167 339 462 485
4 22 144 484 720
5 62 436 464 687 760
2 45 118
2 22 156
3 14 457 605
3 160 209 597
3 304 459 738
3 12 38 525
2 3 50
2 131 193
2 0 261
3 303 322 577
2 247 416
5 0 137 546 624 765
2 0 272
2 12 434
3 0 20 615
3 38 339 744
2 45 62
3 3 192 503
3 3 136 542
3 12 153 800
3 3 262 524
2 0 7
4 27 372 777 905
2 16 148
4 22 458 705 947
5 53 457 745 852 953
2 226 293
2 2 424
4 136 381 550 717
4 78 306 543 885
4 250 360 788 803
3 4 275 509
2 9 284
3 19 27 817
2 138 456
2 23 25
2 257 258
2 62 87
2 66 417
3 51 290 878
2 94 261
3 20 199 553
2 124 214
2 4 477
3 51 78 579
2 299 373
4 57 357 658 972
2 56 172
2 114 329
3 358 491 699
4 15 388 559 743
2 94 138
3 26 132 772
4 16 28 876 908
5 21 286 701 769 900
2 168 423
2 2 250
4 193 291 891 910
2 405 438
5 204 346 610 637 872
2 51 74
2 4 63
2 107 347
2 27 330
2 185 480
3 12 465 598
2 91 99
2 0 3
3 10 347 538
5 55 351 604 611 857
3 16 204 814
2 11 172
2 273 398
2 3 70
4 3 141 606 951
4 142 259 630 916
3 3 145 957
2 0 131
2 338 528
2 11 454
2 49 309
5 68 123 544 557 917
3 338 478 547
3 4 489 914
3 156 541 692
3 12 179 851
2 392 471
3 168 542 675
3 18 276 926
2 257 377
3 324 488 734
2 57 338
2 50 131
5 351 501 752 829 873
2 2 356
4 49 266 612 825
2 2 261
3 50 541 716
2 4 177
2 12 510
4 32 347 704 726
5 54 379 623 851 859
2 172 369
3 3 357 961
2 49 85
2 17 302
3 215 430 737
2 56 323
2 16 134
3 159 434 638
2 50 77
2 78 417
4 392 404 597 779
3 52 173 660
4 89 358 975 978
4 125 395 642 773
5 2 140 855 861 968
2 203 469
3 172 448 702
2 63 504
2 19 34
2 5 25
3 73 334 826
3 157 178 608
3 199 370 694
2 31 334
2 314 360
2 161 179
2 21 40
5 149 229 670 676 881
2 32 250
3 182 276 846
2 56 68
2 50 133
2 3 277
3 0 68 807
3 0 25 787
2 463 572
2 317 525
2 2 258
3 25 143 948
3 139 305 952
2 0 31
2 111 154
5 0 529 678 772 848
2 12 462
2 5 534
2 184 264
3 43 583 655
2 4 104
3 75 519 863
2 123 529
4 4 555 690 781
3 51 91 862
4 12 90 751 981
2 20 474
2 137 419
2 5 132
2 329 446
3 20 276 891
2 2 414
2 75 261
2 139 174
3 38 561 756
2 131 471
3 0 78 699
6 184 306 643 742 827 854
2 25 41
3 359 421 932
2 20 348
2 164 535
2 16 210
3 117 383 805
2 21 184
2 3 339
2 16 57
2 2 398
3 4 519 821
2 87 569
2 94 436
2 38 283
3 10 156 786
2 3 575
3 167 626 809
2 1 16
2 42 419
2 233 325
2 70 114
3 195 448 664
2 0 339
2 46 166
2 38 50
2 51 217
3 90 355 712
2 12 139
2 99 608
2 43 64
3 3 108 995
2 51 506
2 33 339
2 199 573
2 13 15
2 75 82
2 70 329
2 3 648
3 130 136 710
2 111 289
2 260 388
3 241 255 713
2 46 218
2 4 589
2 242 301
2 38 44
3 70 349 746
2 82 416
3 161 547 902
3 81 589 768
3 419 434 824
3 379 604 715
2 2 4
2 18 436
2 56 346
4 261 348 795 976
2 23 149
4 27 32 730 808
2 59 433
3 216 400 856
2 298 459
2 32 68
2 0 420
4 277 612 726 977
2 38 293
4 12 544 838 843
2 14 302
2 383 584
2 8 223
2 3 392
2 51 331
4 395 400 700 807
3 509 625 949
3 90 698 978
2 28 514
5 0 578 736 839 908
3 29 294 754
3 331 560 823
2 303 484
2 201 294
3 63 339 768
2 146 179
2 186 230
2 141 665
2 271 279
2 107 653
2 15 668
2 139 323
2 50 678
2 6 557
2 351 488
2 27 46
2 45 309
3 258 458 867
3 4 190 797
3 13 293 775
2 33 362
2 14 269
2 46 154
2 560 690
2 247 283
2 139 169
2 3 277
2 82 684
2 4 16
2 199 311
3 55 234 901
2 0 550
2 2 231
2 107 702
2 2 566
2 0 464
2 135 206
3 2 57 928
2 137 162
2 435 626
2 317 510
2 250 475
2 412 485
2 4 673
2 16 231
2 124 210
2 179 428
2 15 209
2 301 614
2 39 553
2 125 268
2 33 703
3 201 258 930
2 210 623
3 95 286 842
2 13 37
2 64 251
4 54 459 983 999
2 11 344
2 0 66
3 4 42 887
2 36 54
2 446 471
2 2 19
3 29 353 790
2 676 707
2 46 514
3 20 395 776
2 12 357
2 512 604
2 347 575
2 4 54
2 193 722
2 109 770
2 4 482
4 57 163 830 836
2 0 572
2 60 288
3 402 612 872
2 42 75
2 4 452
2 0 91
2 137 329
2 63 641
2 14 596
2 150 490
2 20 23
3 225 767 895
2 25 175
2 7 44
4 94 143 810 837
2 168 220
2 373 682
2 108 237
2 218 721
3 12 162 968
2 15 61
2 220 479
4 51 335 834 884
2 51 249
2 150 490
2 218 434
2 12 632
2 146 322
2 595 698
2 25 684
2 167 643
2 91 793
2 2 130
2 2 291
2 95 319
2 44 530
2 154 303
2 78 174
2 33 493
4 304 319 859 971
2 52 112
3 4 89 909
3 433 637 827
3 87 237 905
2 286 704
2 0 677
2 150 555
2 32 582
2 626 821
3 322 335 857
2 286 553
3 2 778 946
2 107 357
2 2 73
2 357 427
2 231 801
3 12 218 885
2 73 778
2 342 793
3 250 692 998
2 20 702
3 3 392 943
2 103 128
2 38 757
2 64 692
2 46 383
2 140 223
2 273 591
3 0 18 962
2 15 604
2 136 165
2 0 111
2 545 561
2 276 485
2 148 453
2 68 626
2 351 576
2 140 686
2 529 828
2 22 53
2 561 818
3 56 325 866
2 5 576
2 317 613
2 77 610
2 4 176
2 12 318
2 0 860
2 400 720
2 4 15
2 0 444
2 130 322
2 75 91
2 519 781
2 220 553
2 210 261
3 202 294 890
2 0 513
2 338 438
2 68 499
2 2 22
2 250 448
2 150 589
3 4 19 943
2 335 446
2 265 801
2 489 835
2 144 215
2 13 763
3 0 334 926
2 2 116
2 118 875
2 517 619
3 3 74 914
2 160 239
2 66 220
2 241 790
2 2 334
3 57 247 920
2 87 301
3 0 20 967
2 155 514
2 103 733
4 36 675 935 942
2 3 159
2 159 304
2 482 822
2 3 377
2 38 93
2 513 702
2 163 820
2 259 517
2 3 56
2 4 380
2 139 372
2 543 892
2 109 171
2 23 535
2 357 541
2 3 67
2 118 313
2 367 897
2 87 122
2 51 359
2 60 98
2 2 63
2 53 157
2 548 888
2 118 241
2 350 740
2 4 51
2 13 755
2 4 17
2 33 628
3 3 337 980
2 15 93
2 161 902
2 0 5
2 104 296
2 44 349
2 2 238
2 40 53
2 12 144
2 405 902
2 840 882
2 130 315
2 20 351
2 38 830
2 0 484
2 27 600
2 6 699
2 4 216
2 4 534
2 347 601
2 3 485
2 9 68
3 75 351 993
2 77 385
2 122 536
2 13 19
2 42 143
2 12 416
2 53 563
2 216 847
2 325 433
2 49 57
2 4 322
2 176 275
2 168 899
2 576 798
2 3 14
2 0 16
2 162 818
2 261 506
2 0 359
2 12 88
2 15 574
2 54 682
2 168 690
2 574 700
3 16 407 989
2 264 933
2 31 614
2 143 218
2 0 760
2 2 301
2 12 20
2 0 36
2 87 125
2 195 304
2 12 979
2 2 24
2 12 253
2 52 282
2 15 955
2 144 331
2 2 657
2 22 416
2 56 214
2 212 838
2 31 760
