100
18 1 2 3 5 6 8 9 12 15 21 24 26 29 35 57 63 64 65
9 0 2 7 8 15 37 67 70 96
9 0 1 4 13 14 18 30 45 77
10 0 4 5 7 10 11 16 24 58 75
5 2 3 13 31 65
10 0 3 11 12 14 19 43 45 52 98
4 0 23 41 95
7 1 3 10 27 46 64 73
7 0 1 9 20 49 55 89
5 0 8 19 80 86
5 3 7 22 34 35
4 3 5 16 84
4 0 5 37 39
3 2 4 20
5 2 5 17 72 97
4 0 1 62 82
3 3 11 51
4 14 48 66 97
4 2 23 36 54
3 5 9 22
3 8 13 76
1 0
2 10 19
3 6 18 46
6 0 3 30 62 93 94
2 71 83
2 0 78
3 7 40 78
1 39
3 0 38 42
3 2 24 92
3 4 41 50
1 42
3 34 49 99
2 10 33
5 0 10 74 59 61
3 18 81 85
3 1 12 38
3 29 37 88
2 12 28
2 27 96
6 6 79 31 44 91 94
2 29 32
2 5 68
1 41
4 2 5 70 63
3 7 23 83
1 51
2 69 17
5 8 33 80 81 53
2 31 93
2 16 47
3 5 86 60
3 49 61 68
1 18
1 8
1 57
2 0 56
1 3
1 35
1 52
2 35 53
2 15 24
2 0 45
3 0 7 73
2 0 4
1 17
1 1
4 43 87 90 53
2 48 92
2 1 45
1 25
1 14
2 7 64
1 35
1 3
1 20
1 2
2 26 27
1 41
3 9 49 84
2 36 49
1 15
2 25 46
2 11 80
2 36 95
3 9 52 88
1 68
3 38 86 91
1 8
1 68
2 41 88
2 69 30
2 24 50
2 24 41
2 6 85
2 1 40
2 14 17
1 5
1 33
