600
48 1 2 3 5 7 8 11 14 20 22 27 28 30 31 33 35 57 63 74 79 91 102 105 114 137 150 166 168 169 188 201 220 232 251 283 293 305 311 380 383 384 435 472 480 484 535 536 591
43 0 2 4 9 12 13 14 15 16 18 19 20 25 33 34 37 45 47 54 66 75 78 87 92 103 110 121 123 156 238 245 315 336 371 395 456 457 501 502 516 517 546 595
37 0 1 4 6 28 29 43 48 57 62 76 85 117 119 135 139 167 170 178 199 231 273 285 308 310 345 346 347 364 402 414 452 522 547 558 567 583
46 0 5 6 7 9 11 15 17 24 39 44 63 67 73 80 82 91 93 94 124 136 142 172 189 203 205 209 214 218 226 261 286 319 324 352 359 388 391 445 462 477 483 559 566 575 581
10 1 2 8 10 64 84 108 127 173 386
4 0 3 13 266
15 2 3 10 29 44 53 132 160 167 223 240 261 282 311 488
33 0 3 21 27 30 37 41 60 81 87 97 136 151 155 159 173 178 193 196 207 229 239 304 309 360 385 393 475 493 518 578 592 594
9 0 4 23 77 204 295 412 446 469
15 1 3 21 43 52 120 182 192 205 245 298 431 447 485 583
25 4 6 12 22 26 32 36 41 47 50 84 99 101 112 141 153 165 181 278 330 412 464 494 585 597
22 0 3 42 45 53 61 66 68 72 169 201 215 246 263 267 279 290 313 333 343 366 588
3 1 10 164
3 1 5 424
8 0 1 35 75 83 174 213 260
21 1 3 17 18 24 54 73 131 152 170 183 184 229 269 305 322 394 486 521 573 592
4 1 110 334 398
13 3 15 19 26 49 71 92 113 176 211 296 314 598
21 1 15 31 40 69 71 74 128 154 157 171 180 190 198 215 222 228 232 272 426 486
8 1 17 23 25 100 123 281 595
7 0 1 55 249 380 487 498
9 7 9 46 65 67 70 112 259 312
9 0 10 69 76 145 216 275 333 434
4 8 19 40 102
14 3 15 58 59 134 137 146 150 217 244 252 292 383 599
11 1 19 38 72 116 144 294 361 378 428 512
5 10 17 36 38 127
4 0 7 290 552
4 0 2 138 469
12 2 6 55 165 250 306 401 408 430 524 555 574
4 0 7 176 465
7 0 18 42 52 227 404 482
9 10 56 78 101 148 158 273 488 504
8 0 1 160 191 223 242 307 443
8 1 46 104 106 157 418 448 474
7 0 14 64 88 105 120 194
3 10 26 285
8 1 7 61 141 255 349 358 580
11 25 26 51 108 113 115 119 143 171 408 441
11 3 49 99 107 109 149 213 325 392 409 566
7 18 23 148 200 254 507 596
8 7 10 50 185 362 471 477 586
6 11 31 221 258 342 455
13 2 9 77 95 135 147 193 220 248 327 365 533 558
11 3 6 48 79 88 216 356 457 479 549 580
5 1 11 85 122 291
7 21 34 80 82 90 98 181
4 1 10 62 564
7 2 44 59 68 104 161 494
9 17 39 56 70 146 218 297 307 321
6 10 41 89 95 281 470
1 38
7 9 31 65 126 174 219 472
8 6 11 86 206 265 350 428 529
3 1 15 118
7 20 29 90 93 345 406 419
3 32 49 238
6 0 2 132 374 517 519
2 24 547
15 24 48 60 81 96 109 191 234 236 280 389 396 413 482 576
6 7 59 115 172 254 279
10 11 37 163 197 222 236 247 288 317 325
2 2 47
5 0 3 231 274 422
7 4 35 129 138 413 420 453
2 21 52
8 1 11 158 268 321 399 509 563
3 3 21 200
3 11 48 393
10 18 22 103 129 278 288 341 392 484 500
2 21 49
3 17 18 555
5 11 25 331 400 489
4 3 15 468 503
3 0 18 262
2 1 14
3 2 22 564
6 8 43 184 209 341 410
3 1 32 203
4 0 44 83 214
4 3 46 523 551
5 7 59 195 388 569
4 3 46 94 96
3 14 79 86
3 4 10 89
3 2 45 253
4 53 83 166 507
2 1 7
5 35 44 98 328 406
3 50 84 252
3 46 55 546
3 0 3 561
2 1 17
3 3 55 199
4 3 82 187 259
5 43 50 97 563 577
5 59 82 228 350 390
5 7 95 208 323 463
7 46 88 130 155 179 370 466
3 10 39 100
4 19 99 264 523
5 10 32 118 234 280
7 0 23 107 415 501 537 572
6 1 69 111 152 189 301
5 34 48 139 140 366
4 0 35 106 111
4 34 105 202 458
7 39 102 114 175 195 320 331
5 4 38 168 382 451
7 39 59 122 161 264 371 525
6 1 16 125 211 346 440
4 103 105 489 590
7 10 21 121 140 153 296 545
4 17 38 117 347
7 0 107 143 145 235 267 289
5 38 60 125 142 186
2 25 313
8 2 113 133 144 162 175 377 426
5 54 101 496 511 543
7 2 38 124 186 243 448 505
2 9 35
4 1 112 367 553
8 45 109 133 192 206 237 299 548
7 1 19 177 226 293 421 568
6 3 119 240 458 493 584
4 110 115 130 527
1 52
6 4 26 149 210 403 499
7 18 134 154 335 354 490 587
3 64 69 451
2 98 125
4 15 235 327 363
6 6 57 224 233 251 487
3 117 122 359
2 24 128
3 2 43 379
2 3 7
7 0 24 271 277 387 397 398
4 28 64 253 340
2 2 104
3 104 112 237
3 10 37 308
7 3 115 233 256 301 337 478
9 38 114 188 198 221 269 271 407 593
2 25 117
3 22 114 159
7 24 49 257 322 375 411 454
4 43 276 438 467
4 32 40 289 540
3 39 127 372
5 0 24 250 339 343
3 7 263 294
4 15 103 299 464
4 10 112 283 463
3 18 128 249
4 7 98 270 323
2 1 282
4 18 34 187 409
7 32 66 418 492 497 518 590
2 7 145
7 6 33 162 241 490 495 539
2 48 109
3 117 160 164
3 61 179 377
2 12 162
3 10 29 405
3 0 86 455
2 2 6
3 0 108 255
3 0 11 548
2 2 15
5 18 38 303 450 549
2 3 60
8 4 7 180 318 336 378 461 542
4 14 52 257 470
2 107 117
3 17 30 183
2 123 557
5 2 7 219 396 425
4 98 163 182 310
3 18 173 208
4 10 46 387 589
3 9 179 358
2 15 176
4 15 77 275 466
3 41 276 447
2 115 119
3 94 157 204
4 0 143 344 526
3 3 103 319
3 18 227 379
4 33 59 429 452
3 9 122 596
8 7 43 207 210 262 274 401 450
6 35 196 334 468 510 515
2 81 107
3 7 194 416
3 61 337 502
2 18 143
2 2 93
3 40 67 569
3 0 11 427
3 106 212 326
3 3 78 431
5 8 187 302 437 505
7 3 9 246 300 506 553 593
3 53 122 382
5 7 193 265 317 397
2 97 180
5 3 77 241 349 443
3 127 193 217
3 17 110 454
2 202 561
5 14 39 247 268 376
3 3 79 572
2 11 18
5 22 44 266 460 534
2 24 210
5 3 49 258 503 506
7 52 178 244 302 514 537 581
3 0 43 355
5 42 143 405 533 579
2 18 61
4 6 33 248 328
1 132
1 436
2 3 123
4 31 190 291 374
3 18 96 567
5 7 15 351 356 541
2 306 439
2 2 63
3 0 18 520
2 132 142
4 59 101 239 339
3 114 131 361
4 59 61 256 419
3 122 140 565
8 1 56 342 357 442 530 573 576
2 7 234
2 6 124
2 160 209
4 33 272 364 475
3 119 329 369
2 24 219
2 1 9
3 11 205 562
3 61 213 284
3 43 223 363
2 20 154
4 29 150 326 491
2 0 132
4 24 89 362 423
3 85 138 559
4 40 60 270 292
2 37 168
4 142 236 330 417
2 146 174
3 42 218 286
4 21 94 368 522
1 14
3 3 6 370
2 74 193
2 11 151
3 100 109 344
2 53 207
3 5 216 481
2 11 114
3 66 213 368
4 15 143 338 570
2 155 254
3 137 143 588
2 18 242
3 2 32 395
6 63 193 303 420 578 598
2 22 184
3 147 185 404
1 137
3 10 69 335
3 11 60 315
4 59 101 508 579
6 19 50 287 304 367 497
4 6 156 287 459
5 0 153 297 400 424
1 247
4 2 36 338 541
2 3 258
2 281 282
2 61 69
4 114 148 295 536
4 11 27 407 542
2 45 227
2 24 254
3 0 123 483
3 25 151 348
3 8 289 320
4 17 112 314 444
5 49 283 300 427 471
2 9 385
3 122 152 381
2 205 297
2 103 142
3 204 219 372
2 171 274
2 7 281
3 0 15 394
3 29 230 461
2 33 49
3 2 141 324
2 7 495
3 2 179 340
2 0 6
2 21 554
2 11 116
3 17 296 437
2 1 279
2 355 442
4 61 207 352 544
2 173 496
3 3 189 329
2 107 295
2 49 66
3 15 146 357
2 97 155
2 3 308
3 39 61 373
2 202 250
2 43 131
2 88 223
3 243 319 433
4 10 256 360 460
2 72 107
1 476
3 11 22 556
5 16 194 434 474 550
2 128 278
2 1 173
3 142 197 557
2 269 285
4 150 234 389 538
2 138 310
2 69 77
5 42 238 384 390 531
3 11 150 504
2 188 264
2 2 55
4 2 110 386 575
3 2 113 577
1 294
2 37 209
3 53 96 353
2 229 354
3 3 317 560
1 350
3 128 351 421
2 220 316
2 44 229
5 238 322 465 515 539
4 37 182 391 511
2 3 133
2 7 330
4 25 235 436 449
4 41 252 528 532
2 131 248
2 2 242
1 43
2 11 104
3 121 281 399
4 259 268 381 480
2 243 585
3 98 261 402
4 1 109 530 582
2 149 302
1 325
3 57 227 512
2 146 432
1 213
4 117 163 422 543
2 25 173
3 135 190 526
3 0 20 485
2 299 368
2 108 206
2 0 24
4 0 342 423 476
2 7 298
2 4 346
2 137 181
2 3 81
2 59 339
2 96 342
4 3 358 429 481
3 39 69 534
2 7 68
2 15 305
2 1 273
2 59 178
6 137 207 403 459 513 529
2 16 137
2 66 367
2 72 283
2 29 193
2 2 370
3 127 397 499
2 31 276
2 165 221
2 55 88
3 143 290 414
2 29 38
2 39 157
1 77
1 146
2 8 10
2 59 64
2 2 407
2 102 440
1 196
1 256
2 34 158
3 55 236 462
2 64 274
3 123 354 552
3 63 377 473
3 252 384 441
2 13 283
3 178 491 586
2 18 117
2 201 297
2 25 53
4 191 391 449 587
1 29
2 9 203
1 375
1 329
2 22 334
3 0 521 556
3 225 361 510
2 204 314
1 147
2 230 473
2 110 415
2 38 423
2 238 316
2 33 209
1 296
2 3 492
2 8 478
2 9 185
2 34 119
2 361 429
2 171 193
2 108 129
2 2 191
1 64
2 146 211
3 42 166 551
1 1
3 1 44 565
2 106 124
2 282 397
2 216 330
2 173 306
2 3 419
2 97 153
2 10 152
2 30 357
2 98 184
1 147
3 73 194 524
2 8 28
2 50 174
4 41 297 591 599
2 0 52
2 422 439
2 34 334
2 7 242
2 332 384
2 3 41
2 142 446
3 44 516 519
2 0 368
3 266 391 538
2 31 59
2 3 293
2 0 69
2 9 380
2 15 18
2 20 132
2 6 32
4 72 111 500 520
2 128 160
2 250 425
2 158 445
3 7 124 582
2 10 48
2 160 309
2 118 318
2 158 281
1 20
2 127 403
2 69 489
2 1 102
2 1 197
2 73 218
2 32 343
2 119 204
4 205 218 532 584
2 40 86
2 280 513
2 66 554
2 194 436
2 118 358
2 25 374
2 397 508
2 219 531
2 194 357
3 1 479 574
2 1 57
3 7 158 544
2 57 479
2 232 489
2 15 435
3 2 259 571
2 80 100
2 29 468
1 109
2 188 379
1 125
1 362
2 53 397
2 238 371
2 342 514
2 362 506
3 43 221 535
2 216 392
2 0 533
2 0 289
2 102 219
2 339 481
2 160 357
1 148
2 229 285
2 173 290
2 118 377
2 317 518
1 112
2 1 90
3 2 58 560
2 122 169
3 44 171 562
1 334
2 80 455
4 27 421 568 570
2 121 205
2 312 509
2 29 71
2 333 435
2 177 337
2 2 43
2 3 253
2 352 547
2 91 212
2 246 549
2 66 95
2 47 76
2 237 457
2 3 39
3 2 228 589
2 123 552
2 81 200
2 269 552
1 522
2 102 214
2 15 238
2 29 516
2 3 346
3 59 238 597
2 95 347
2 7 274
2 221 280
2 37 44
2 3 219
2 371 493
2 2 9
2 124 506
2 10 369
2 41 425
2 128 429
3 11 271 594
2 181 567
2 111 158
2 0 471
2 7 15
2 143 205
2 7 588
2 1 19
2 40 192
2 10 576
2 17 274
2 24 471
