200
28 1 2 3 4 5 8 10 11 13 20 22 24 29 32 36 40 45 49 66 85 106 112 120 129 136 160 168 193
15 0 3 7 9 14 16 54 56 64 78 109 121 124 129 150
4 0 12 26 61
13 0 1 4 6 9 5 50 87 141 148 161 171 172
10 0 3 6 34 57 63 70 71 138 146
10 0 10 3 12 28 34 44 50 113 169
8 4 3 7 8 11 30 74 159
7 1 6 15 25 45 131 192
4 0 6 18 155
8 1 3 13 16 30 58 62 81
9 0 5 14 15 18 19 24 55 72
4 0 6 31 89
6 2 5 17 39 59 107
6 0 9 21 22 35 97
9 1 10 19 23 40 42 48 77 181
5 7 10 17 38 96
11 1 127 9 28 68 71 78 138 140 174 182
9 12 15 38 46 64 69 149 162 182
3 10 8 85
7 10 14 21 25 44 63 193
4 0 23 37 52
3 13 19 108
5 0 125 128 13 29
5 14 20 27 47 84
5 0 10 103 142 184
3 7 19 31
6 2 51 67 153 186 190
8 23 67 89 111 115 142 176 189
8 126 5 16 39 56 96 101 107
5 0 128 22 132 57
4 6 9 139 163
6 11 25 41 52 183 185
6 0 60 66 84 115 154
3 53 61 191
4 4 127 5 92
2 13 166
6 0 137 48 83 105 148
3 20 46 149
2 15 17
7 12 28 59 81 109 143 179
7 0 14 134 54 79 147 171
1 31
2 14 43
2 42 93
2 5 19
2 0 7
3 17 37 86
2 23 55
2 14 36
4 0 68 91 99
4 3 5 134 74
2 26 116
4 20 31 139 69
4 33 79 114 162
5 1 40 65 105 151
5 10 47 58 73 118
4 1 28 76 158
2 4 29
6 9 55 75 93 102 172
3 12 39 106
1 32
3 2 33 76
1 9
5 4 19 80 82 99
2 1 17
1 54
3 0 32 136
4 26 27 100 173
6 16 49 70 92 165 167
3 17 52 180
3 4 68 190
4 4 16 88 124
3 10 101 163
1 55
5 6 50 119 156 197
1 58
4 56 61 94 184
1 14
4 1 16 170 197
3 40 53 113
3 63 154 87
3 9 39 98
2 145 63
2 36 180
4 23 32 122 186
8 0 18 157 86 100 102 177 187
4 133 46 85 195
2 3 80
1 71
3 11 27 121
1 175
3 49 112 119
2 34 68
2 43 58
1 76
1 108
6 15 28 104 110 176 188
2 13 170
1 81
2 49 63
3 67 160 85
3 28 72 122
3 133 58 85
1 24
1 96
2 36 54
2 0 59
2 12 28
4 21 95 117 199
4 1 39 147 123
2 96 195
1 27
2 0 91
3 5 144 79
2 53 116
3 125 27 32
7 131 51 153 185 114 192 120
1 108
1 55
2 74 91
2 0 116
4 1 137 159 89
2 84 101
1 109
3 1 71 181
5 115 22 187 194 196
2 28 178
2 34 16
3 29 22 135
3 0 1 152
3 144 152 168
3 7 116 157
1 29
2 86 102
2 50 40
1 128
2 0 66
2 36 121
2 4 16
2 30 52
3 16 165 175
2 3 183
2 24 27
1 39
2 130 113
1 82
1 4
2 40 109
3 3 36 164
3 17 37 169
1 1
1 54
2 129 130
3 26 116 173
3 32 80 167
1 8
1 74
2 131 85
1 56
2 6 121
2 0 100
2 3 199
3 17 53 194
2 30 72
1 148
2 140 68
2 35 174
2 68 154
3 0 130 196
3 5 149 178
2 78 97
2 3 40
3 3 58 198
2 153 67
2 16 166
3 140 90 177
2 27 96
2 85 175
2 126 169
1 39
2 69 83
2 14 124
2 16 17
2 31 141
2 24 76
2 31 116
2 26 84
2 125 85
1 96
1 27
2 26 70
1 33
2 7 116
2 0 19
2 125 162
2 86 110
2 125 168
2 74 78
1 172
2 161 108
