600
53 1 2 3 4 5 6 9 11 12 14 15 17 22 23 27 29 33 35 45 46 52 54 59 61 73 75 86 91 93 95 105 106 107 147 148 153 222 225 229 240 259 268 275 292 301 324 326 377 384 422 476 527 583
23 0 3 8 10 16 20 62 122 123 126 149 198 282 299 329 344 358 384 392 426 436 521 581
9 0 13 40 138 147 413 416 420 498
19 0 1 4 6 7 10 51 218 370 375 394 402 405 443 479 497 507 508 518
13 0 3 5 7 67 108 128 140 145 152 163 175 187
4 0 4 50 186
17 0 3 11 13 25 26 34 53 67 107 110 155 156 189 245 504 585
19 3 4 8 9 12 49 55 89 105 110 190 199 323 382 467 566 570 580 592
5 1 7 19 56 364
6 0 7 63 209 220 237
19 1 3 15 18 20 30 44 47 55 65 129 135 144 193 212 257 276 373 526
37 0 6 16 18 19 31 32 33 35 38 41 56 88 125 146 166 177 187 188 227 252 272 283 359 370 382 385 399 419 429 438 500 516 518 525 555 593
15 0 7 29 41 46 57 85 174 224 315 366 447 455 515 564
16 2 6 14 21 37 75 77 83 96 130 134 181 194 295 297 555
8 0 13 17 25 69 78 154 395
10 0 10 24 27 68 80 101 236 359 593
27 1 11 28 30 49 51 66 86 90 92 104 143 151 156 192 203 275 288 290 335 339 379 381 457 461 554 588
18 0 14 26 39 40 58 71 79 98 99 135 183 270 291 428 486 564 582
15 10 11 22 36 37 42 68 71 93 124 204 283 298 418 497
13 8 11 21 31 39 65 82 122 169 235 243 277 323
9 1 10 34 53 159 198 256 351 524
18 13 19 82 94 103 119 141 149 160 162 205 229 239 255 293 376 425 481
15 0 18 23 32 58 59 102 113 209 327 376 398 545 567 575
5 0 22 28 76 115
3 15 131 280
9 6 14 48 109 226 385 517 520 595
8 6 17 127 168 260 377 391 399
6 0 15 54 114 348 354
9 16 23 42 97 146 217 251 308 325
5 0 12 66 208 486
12 10 16 74 112 137 168 230 281 286 311 328 435
3 11 19 148
7 11 22 176 219 294 320 363
7 0 11 36 262 408 434 557
6 6 20 90 121 336 536
5 0 11 100 222 448
15 18 33 80 95 118 136 158 213 216 233 278 438 469 562 567
6 13 18 38 121 211 466
2 11 37
15 17 19 43 72 73 214 228 296 304 314 331 349 372 421 453
17 2 17 45 48 50 52 60 63 98 111 157 195 284 431 444 574 583
6 11 12 250 254 479 532
20 18 28 43 84 157 201 224 234 287 305 331 367 378 386 408 488 538 548 572 586
6 39 42 109 294 315 553
8 10 72 77 81 236 237 312 472
6 0 40 62 89 197 274
12 0 12 47 165 221 258 292 353 412 513 523 528
11 10 46 61 132 154 199 210 422 510 551 597
2 25 40
10 7 16 64 131 161 309 337 341 347 450
5 5 40 60 194 267
9 3 16 81 87 284 365 427 445 534
6 0 40 64 79 176 182
11 6 20 70 83 126 151 235 248 349 368 516
7 0 27 128 171 354 365 543
7 7 10 74 117 333 482 582
3 8 11 569
10 12 87 115 118 424 451 460 531 556 578
7 17 22 132 464 514 576 598
8 0 22 137 153 217 305 398 452
3 40 50 204
19 0 47 84 85 88 133 165 178 241 242 253 262 263 268 278 293 302 330 415
6 1 45 78 238 254 535
3 9 40 388
9 49 52 108 120 138 250 308 477 577
7 10 19 97 225 416 451 563
5 16 29 178 387 568
10 4 6 69 101 119 220 319 351 403 522
5 15 18 70 316 493
3 14 67 167
10 53 68 76 111 179 197 290 299 313 523
3 17 18 175
3 39 44 202
15 0 39 91 104 127 216 241 245 269 345 389 390 464 529 549
9 30 55 100 117 185 319 341 493 503
5 0 13 116 134 285
8 23 70 94 203 306 425 485 545
5 13 44 432 542 586
4 14 62 171 223
3 17 52 112
7 15 36 92 120 401 492 595
2 44 51
3 19 21 332
7 13 53 130 212 282 409 547
6 42 61 113 186 281 514
2 12 61
12 0 16 123 136 172 183 193 206 371 423 507 590
5 51 57 251 337 537
4 11 61 261 271
5 7 45 103 177 253
5 16 34 99 243 378
3 0 73 357
3 16 80 133
4 0 18 182 227
6 21 76 142 263 332 411
9 0 36 96 102 114 124 144 318 480
6 13 95 205 265 338 565
3 28 65 125
6 17 40 166 207 413 537
3 17 90 361
6 35 74 170 173 185 202
6 15 67 221 289 373 463
2 22 95
4 21 89 215 492
3 16 73 298
4 0 7 139 353
3 0 159 372
5 0 6 407 552 560
2 4 64
2 25 43
2 6 7
6 40 70 233 310 396 466
2 30 79
4 22 84 173 430
4 27 95 368 379
7 23 57 162 231 322 361 599
3 75 247 596
5 55 74 184 215 535
2 36 57
6 21 67 139 152 170 563
5 64 80 206 304 481
6 34 37 142 316 321 598
3 1 19 409
5 1 86 150 269 356
8 18 95 141 195 200 252 519 561
6 11 97 129 167 321 489
8 1 53 179 191 228 234 303 465
5 26 73 143 272 469
6 4 54 158 309 330 544
5 10 125 160 180 508
2 13 83
6 24 49 140 164 246 579
3 47 58 214
4 61 92 242 540
3 13 75 446
5 10 17 161 190 484
4 36 86 322 526
6 30 59 302 358 406 575
6 2 64 191 230 440 520
2 105 119
5 4 131 172 189 255
6 21 124 257 333 540 580
7 94 121 169 210 266 340 457
3 16 127 155
6 10 95 239 267 442 517
3 4 211 213
2 11 28
3 0 2 261
2 0 31
4 1 21 339 470
2 123 164
4 16 53 196 352
3 4 119 449
5 0 59 200 266 552
2 14 47
3 6 143 424
3 6 16 325
3 40 42 509
3 36 128 510
9 20 106 163 244 265 279 483 494 548
3 21 129 463
4 49 135 174 180
3 21 115 550
4 4 159 259 574
4 131 150 247 458
2 46 61
5 11 98 248 446 482
2 69 125
4 26 30 374 380
3 19 142 396
3 100 119 454
4 54 78 470 569
2 86 140
2 100 113
3 12 161 369
3 4 71 577
2 32 52
3 11 89 558
3 61 66 478
8 70 126 279 287 342 362 374 533
2 129 161
3 13 231 297
4 52 93 196 240
2 17 86
3 117 311 475
2 74 100
4 5 84 207 511
9 4 11 188 270 314 414 442 456 531
3 11 187 410
7 6 140 192 346 393 549 576
4 7 135 335 506
5 126 138 226 232 557
4 16 189 352 596
2 10 86
6 13 50 404 417 445 456
3 40 124 346
5 151 182 232 320 403
2 45 70
3 1 20 505
4 7 47 419 437
2 124 153
4 42 334 397 434
2 72 100
3 16 76 389
4 18 60 208 441
2 21 96
2 86 120
2 98 186
2 29 204
5 9 22 260 307 591
4 47 142 387 437
5 37 145 218 452 475
3 10 83 238
3 36 145 415
6 39 132 277 391 460 539
7 103 117 327 441 534 571 581
5 36 73 301 336 550
4 28 59 288 289
3 3 211 273
2 32 291
3 9 67 506
2 46 101
2 0 35
1 78
3 12 42 329
4 0 65 350 417
2 25 191
3 11 93 562
2 39 126
2 0 21
3 30 138 405
4 115 181 256 502
3 191 196 271
5 36 111 249 360 498
2 42 126
6 19 53 264 286 538 568
5 15 44 363 495 505
2 9 44
2 62 212
4 21 144 285 465
4 0 182 439 500
3 61 73 454
3 61 133 317
2 19 90
2 159 594
2 6 73
1 131
2 116 164
2 53 166
3 233 306 558
5 41 64 343 512 599
2 28 87
7 11 124 355 401 406 407 597
5 61 89 347 350 380
3 41 62 527
2 21 140
4 20 231 258 572
2 10 141
3 46 256 502
6 0 163 264 274 303 432
4 26 209 367 375
7 88 147 324 428 430 458 461
2 33 61
2 61 94
4 235 259 411 471
3 96 159 393
2 142 153
2 50 144
2 0 61
3 73 123 496
2 17 187
6 88 232 273 295 300 394
2 11 127
2 218 271
3 45 259 366
2 0 16
2 10 560
2 19 214
2 36 61
2 159 179
3 24 313 400
2 30 84
6 1 83 334 343 423 491
2 11 18
2 40 51
2 75 239
2 30 235
2 42 179
5 16 217 312 381 571
3 101 217 433
2 16 70
7 17 219 383 501 541 544 566
3 0 46 491
2 21 61
2 32 43
4 13 271 472 529
2 39 570
3 13 181 328
4 18 104 447 579
4 1 70 326 392
1 271
3 0 216 338
2 61 137
2 126 259
4 39 120 310 490
3 42 59 348
2 76 249
2 209 340
3 28 64 450
2 49 128
4 111 304 364 444
5 30 184 440 528 559
3 44 288 553
2 70 280
2 39 187
2 12 43
5 68 121 317 431 532
2 242 316
1 95
2 67 74
3 32 196 488
5 121 125 345 467 476
2 115 136
4 7 19 462 499
3 0 261 429
3 28 156 443
3 0 299 484
3 22 215 541
3 30 297 357
3 1 224 390
4 61 128 468 530
2 39 42
2 82 94
2 55 141
2 201 282
2 16 190
3 34 216 474
4 49 87 468 588
2 96 301
4 16 149 515 573
2 142 307
2 49 74
2 179 487
2 250 282
2 1 554
2 73 321
2 189 195
3 49 253 455
4 27 305 584 587
3 39 53 546
4 225 253 355 592
2 20 67
2 151 192
2 46 105
3 27 54 383
2 252 350
1 123
2 91 328
2 1 137
3 11 15 369
1 233
4 99 115 499 525
1 179
2 32 236
2 8 310
2 51 54
2 12 274
2 42 260
3 53 114 480
2 174 359
3 3 11 414
1 86
3 39 106 402
2 10 101
2 168 179
2 3 260
3 21 22 397
2 0 26
4 42 90 418 433
2 16 114
2 168 253
2 16 288
2 7 11
2 291 354
2 0 1
3 11 25 453
2 42 388
2 66 210
2 63 386
2 73 203
3 73 329 522
2 26 214
2 1 299
3 189 265 412
2 3 271
5 14 448 459 521 594
2 111 169
2 201 376
2 22 59
4 11 26 439 473
2 280 513
3 80 252 573
3 3 372 556
3 67 196 474
1 194
2 3 230
2 137 252
2 107 252
2 33 42
2 83 122
3 188 426 489
2 94 264
4 46 393 478 511
2 2 98
4 187 370 547 578
2 61 213
4 2 65 487 496
3 194 225 449
2 18 378
2 11 199
1 2
1 39
2 0 47
2 86 282
2 57 155
3 21 76 504
2 1 410
1 51
2 17 261
2 11 324
2 113 261
2 40 316
3 77 259 462
2 289 378
2 33 201
1 30
2 1 512
2 199 210
2 11 36
2 240 399
2 138 311
2 204 215
3 144 187 533
2 3 325
3 40 310 509
2 51 194
2 134 166
3 12 298 590
2 35 395
2 152 417
2 49 308
2 57 65
3 59 211 494
2 39 385
2 170 241
2 12 347
2 187 194
2 16 142
4 164 261 530 561
2 395 543
2 57 214
2 16 261
2 323 432
2 101 160
2 58 73
2 126 239
2 37 111
2 7 321
2 330 337
3 36 127 551
4 149 171 471 585
3 264 470 477
2 44 295
1 399
2 336 403
2 184 211
3 0 321 503
2 64 471
2 178 412
2 3 41
2 95 368
3 21 120 584
2 55 166
1 159
2 135 326
2 76 519
2 17 29
2 342 416
2 42 320
3 125 410 565
1 304
2 282 292
2 80 103
3 68 74 524
2 159 452
1 236
2 269 416
2 3 18
2 2 233
2 323 361
2 11 240
1 291
2 231 258
2 74 476
4 6 425 542 546
2 198 236
2 190 220
2 3 86
3 3 129 536
2 157 444
2 47 158
3 186 412 559
2 250 436
2 46 400
2 58 84
2 12 339
2 11 53
2 25 144
2 3 11
2 124 485
2 25 138
2 1 395
2 67 390
2 46 70
2 20 493
2 11 361
3 10 136 589
2 0 254
2 46 311
2 73 295
2 330 458
2 57 187
2 41 316
2 179 442
2 51 215
2 62 117
2 34 508
2 87 98
2 42 235
1 214
2 133 141
2 291 327
2 77 504
2 54 459
2 128 291
2 22 76
2 349 504
2 83 414
2 42 159
2 73 189
2 162 216
2 47 469
2 107 153
2 43 312
2 16 344
2 11 13
2 57 402
2 33 191
2 177 249
2 311 511
2 107 276
2 124 458
2 36 227
2 65 119
2 12 17
2 96 489
2 7 291
2 22 36
2 66 235
2 56 171
2 7 296
2 215 288
2 42 256
2 339 401
2 40 163
2 22 137
2 58 189
2 64 175
2 57 414
2 131 298
2 7 141
2 1 215
2 17 55
2 0 40
2 348 481
2 6 470
2 42 77
1 348
2 16 337
1 526
2 86 447
1 209
2 7 350
2 11 15
2 244 395
2 25 80
2 116 192
2 47 252
2 58 121
2 115 250
