1000
17 1 2 3 4 6 11 35 36 41 97 134 149 314 315 384 491 527
62 0 3 5 6 8 9 12 14 16 18 20 27 44 47 56 62 68 74 76 80 93 105 109 116 125 129 158 165 173 198 207 226 238 239 274 297 306 316 346 360 361 366 367 376 395 416 424 465 470 522 554 568 606 647 722 768 805 817 848 867 909 996
13 0 135 137 146 177 225 234 250 294 525 611 749 770
41 0 1 4 10 21 29 55 67 74 76 96 97 118 141 151 155 157 171 172 177 196 203 239 245 257 376 428 435 451 456 554 639 677 679 786 799 841 861 946 975 978
62 0 3 5 7 11 12 14 17 21 22 24 26 39 43 46 47 49 52 59 61 80 106 108 126 128 166 181 184 187 204 231 236 252 258 262 272 284 301 325 331 333 336 339 385 396 436 444 481 508 517 598 627 729 740 751 768 779 787 797 897 919 966
10 1 4 31 43 117 176 251 400 508 672
59 0 1 7 9 13 15 19 22 26 28 50 58 66 85 87 89 96 105 119 126 127 139 151 153 163 172 202 224 253 260 278 402 412 415 417 463 476 480 484 496 528 545 592 593 602 624 631 676 685 687 730 763 803 822 887 905 946 983 987
20 4 6 8 10 15 25 33 131 155 265 269 308 320 387 441 586 610 842 852 981
10 1 7 29 59 107 189 241 444 447 816
13 1 6 19 41 54 81 267 307 313 406 559 877 949
13 3 7 28 34 53 68 248 293 371 516 737 830 984
21 0 4 24 33 57 78 82 179 186 245 261 318 335 336 503 558 607 697 717 737 994
15 1 4 13 40 65 197 206 370 434 570 623 653 706 851 955
10 6 12 16 61 122 255 636 749 893 945
24 1 4 18 30 40 44 46 91 142 220 277 392 512 536 578 658 663 666 671 734 765 936 949 973
16 6 7 27 50 71 77 95 103 129 153 165 287 356 374 648 756
11 1 13 17 37 52 77 317 355 358 676 874
29 4 16 20 38 100 117 121 156 243 290 300 320 396 411 431 488 532 569 625 645 692 693 709 756 782 803 859 889 942
17 1 14 23 38 51 62 110 124 138 158 200 229 592 596 675 902 973
5 6 9 30 240 740
13 1 17 92 103 174 348 355 552 621 674 692 752 764
7 3 4 23 88 95 398 489
11 4 6 31 94 146 215 295 351 399 708 870
18 18 21 42 56 66 70 94 138 249 422 439 450 459 479 591 739 809 901
47 4 11 25 49 51 54 60 102 104 111 119 127 128 166 175 178 202 218 249 263 302 309 319 375 385 391 415 422 442 469 513 532 544 561 617 624 638 696 698 767 772 802 833 866 886 904 966
7 7 24 34 108 471 529 937
8 4 6 35 53 256 546 581 684
18 1 15 48 114 145 352 372 428 432 443 476 614 739 814 857 862 876 922
5 6 10 32 191 531
19 3 8 89 99 101 162 223 281 297 332 340 364 487 553 688 752 798 897 907
6 14 19 190 467 509 879
39 5 22 32 60 63 69 81 83 110 116 130 148 168 170 180 201 203 222 261 304 305 504 562 566 581 634 661 711 727 742 743 789 812 818 877 918 928 952 980
10 28 31 71 164 198 330 414 785 849 927
18 7 11 42 63 82 160 174 221 482 506 511 519 584 608 629 900 963 999
23 10 25 36 37 39 45 55 73 114 160 189 298 337 390 538 582 629 664 804 823 828 919 928
14 0 26 48 64 73 100 115 164 170 176 327 372 555 929
6 0 34 182 220 326 363
24 16 34 86 109 111 122 133 192 204 209 226 233 318 475 494 495 560 640 725 732 812 837 951 965
7 17 18 64 101 212 694 845
19 4 34 93 102 161 162 167 186 192 199 342 461 506 589 667 728 769 780 835
14 12 14 45 78 79 90 187 256 295 382 477 500 601 710
10 0 9 88 228 247 321 490 820 833 990
9 23 33 92 112 242 346 535 875 959
4 4 5 169 882
6 1 14 58 179 284 723
15 34 40 70 144 200 225 244 329 388 407 482 568 722 952 995
2 4 14
17 1 4 79 124 142 205 233 265 325 328 381 408 455 474 789 887 997
12 27 35 85 98 135 140 141 154 191 213 393 974
13 4 24 84 194 341 356 379 574 653 687 705 758 832
10 6 15 123 237 317 326 412 512 565 884
5 18 24 99 698 762
11 4 16 87 90 130 254 269 276 351 548 649
6 10 26 169 236 590 792
12 9 24 57 65 72 75 180 260 268 518 615 853
8 3 34 369 433 566 719 743 770
9 1 23 113 232 237 470 793 843 864
10 11 54 75 106 161 218 250 259 286 288
10 6 44 232 379 502 597 727 798 839 876
8 4 8 188 259 271 371 393 703
7 24 31 84 178 302 735 865
3 4 13 289
3 1 18 123
15 31 33 67 69 72 167 209 243 288 331 342 387 564 586 776
5 35 38 892 903 996
24 12 54 154 183 194 219 257 283 289 290 299 353 445 448 474 492 551 666 766 775 896 898 938 977
23 6 23 83 112 133 143 163 199 207 262 278 310 322 402 497 503 516 636 838 853 869 878 981
4 3 63 334 869
21 1 10 86 134 152 181 210 223 230 252 281 296 410 421 449 450 471 505 628 774 978
9 31 63 125 185 309 535 577 699 927
5 23 45 205 922 935
9 15 32 231 328 464 495 540 860 862
4 54 63 729 880
7 34 35 273 277 367 384 924
7 1 3 229 315 354 513 573
5 54 57 292 294 595
5 1 3 149 228 300
14 15 16 107 115 217 270 359 416 487 540 713 738 795 972
2 11 40
8 40 47 91 137 208 264 699 920
3 1 4 774
5 9 31 594 950 951
14 11 33 140 147 195 299 360 368 394 427 605 619 635 695
6 31 66 397 458 525 656
2 49 60
5 6 48 152 389 983
9 37 68 120 132 266 488 573 886 982
5 6 52 195 264 811
8 21 41 185 395 750 782 825 915
7 6 29 121 175 222 522 759
9 40 52 139 437 518 668 708 871 992
2 14 79
7 20 42 157 208 622 726 732
7 1 39 118 206 350 358 509
2 22 23
3 15 21 113
6 3 6 98 136 348 652
2 0 3
4 48 96 104 235
5 29 51 240 632 649
4 17 35 263 523
5 29 38 197 530 885
5 24 39 159 171 216
4 15 20 324 930
7 24 98 120 475 645 672 914
7 1 6 131 132 301 417 453
8 4 57 156 183 587 604 609 976
4 8 77 451 821
4 4 25 340 790
3 1 37 268
6 18 31 159 241 350 702
6 24 37 736 882 935 950
6 42 66 253 365 469 490
3 56 95 214
7 27 34 227 370 421 608 792
7 35 77 150 454 618 677 986
4 1 31 689 913
3 5 17 349
3 3 93 976
6 6 24 374 403 406 557
4 86 104 547 854
6 17 89 501 640 757 975
3 13 37 797
12 50 62 182 188 234 242 401 408 446 498 605 894
2 18 47
3 1 69 147
9 4 6 136 190 321 457 533 567 607
7 6 24 316 347 418 690 793
3 4 24 571
2 1 15
6 31 52 630 642 898 998
8 7 105 574 610 633 651 659 883
2 86 105
6 37 66 144 247 254 619
10 0 68 212 407 491 514 527 721 826 985
2 2 48
2 96 126
3 2 79 485
4 18 23 682 961
2 6 90
5 48 82 211 235 944
3 3 48 145
5 14 47 143 280 781
5 66 142 168 447 665
7 45 133 150 435 536 602 673
2 27 141
6 2 22 148 193 211 266
3 82 125 931
9 31 146 193 291 410 439 655 870 993
4 0 76 345 448
2 115 144
7 3 6 306 364 637 670 804
3 68 85 580
3 6 15 173
5 48 65 246 267 438
2 3 7
3 17 106 980
4 3 92 214 381
5 1 18 576 600 641
3 102 110 463
4 33 34 335 546
4 39 57 679 888
7 29 39 213 217 339 411 960
4 6 66 468 967
5 32 35 383 526 593
4 1 15 330 600
3 4 24 530
3 39 63 354
6 31 143 361 576 760 783
2 43 53
7 31 35 324 426 438 510 865
4 3 102 332 941
3 3 6 456
2 1 153
2 20 33
2 24 89
4 5 35 215 303
5 2 3 184 311 587
2 24 60
4 11 44 529 851
7 31 54 196 420 567 616 766
5 4 68 496 595 644
3 36 123 493
4 65 106 860 991
7 4 177 221 275 500 763 915
2 69 88
8 11 39 210 409 563 637 719 965
2 4 40
3 59 123 771
5 8 34 580 632 707
3 30 126 454
4 28 48 230 322
2 37 39
6 146 148 219 505 523 859
5 49 65 201 319 477
3 82 87 787
12 3 180 224 255 285 311 366 399 409 467 501 558
9 12 101 307 337 344 656 686 720 972
5 1 32 280 427 711
2 39 66
2 18 45
6 31 194 238 258 433 548
3 6 24 216
3 3 31 414
3 4 37 293
4 47 70 786 848
3 12 93 436
4 1 66 855 911
3 79 92 353
3 37 63 670
3 68 186 713
7 140 146 344 473 615 715 801
3 38 134 939
4 48 162 251 805
2 113 157
3 22 176 341
2 102 202
4 77 162 271 818
3 24 57 639
4 65 193 863 964
8 14 36 246 286 304 310 357 830
6 33 184 227 270 308 347
2 31 89
4 29 68 274 343
3 6 196 386
3 2 45 588
7 1 37 349 654 694 712 908
6 114 221 327 478 674 893
5 41 76 285 312 646
12 18 74 279 303 425 489 520 542 590 724 807 879
5 68 191 248 461 761
8 4 71 282 296 425 538 564 847
3 56 58 866
7 37 47 298 377 550 779 810
4 2 123 736 811
6 98 140 492 589 839 964
3 4 53 874
7 50 56 291 388 390 449 569
5 1 201 276 824 844
8 1 3 305 312 499 555 626 888
3 19 99 669
4 8 110 244 794
5 42 123 445 484 738
2 17 63
3 45 241 650
6 3 11 273 383 534 549
2 154 220
3 41 133 283
2 10 230
2 23 24
6 2 57 272 282 440 572
3 5 213 517
4 4 68 279 802
4 6 112 584 783
2 52 133
6 13 196 359 521 603 673
5 26 40 287 375 681
7 3 65 606 644 700 741 745
5 4 201 378 464 924
5 57 59 394 405 604
5 6 54 759 788 845
9 11 31 275 338 386 612 702 755 778
2 4 66
3 24 100 968
3 79 87 836
3 7 47 659
3 86 146 541
4 9 154 481 650
2 54 109
2 7 52
4 77 221 696 714
2 59 217
2 4 250
6 73 245 547 735 799 808
3 1 223 373
2 184 261
2 52 238
8 14 73 377 431 462 557 579 773
3 6 66 380
4 229 252 362 380
3 142 198 579
4 29 68 378 871
2 231 250
2 65 247
3 4 44 499
3 196 228 934
6 57 220 485 556 663 689
8 15 256 292 392 515 539 701 979
3 57 63 334
8 61 65 389 426 452 533 716 925
4 17 65 333 373
5 148 237 424 507 528
2 75 287
4 10 204 524 544
2 2 75
7 22 40 323 460 681 825 974
2 68 231
3 1 29 936
5 34 233 561 750 969
5 65 82 314 446 695
3 17 76 507
4 4 105 369 995
7 24 60 313 521 571 715 923
7 176 229 405 539 550 796 921
3 31 220 352
5 31 239 531 895 907
2 1 151
4 9 197 733 746
6 7 221 329 413 418 827
2 24 69
4 66 220 323 577
4 177 196 515 788
3 228 239 633
8 9 302 338 362 466 542 707 748
2 0 299
4 0 74 345 434
2 1 127
2 16 50
3 11 37 613
5 24 194 478 647 861
2 7 17
2 41 126
3 66 191 680
6 295 310 397 442 498 940
4 103 170 622 625
6 4 47 502 582 643 710
4 36 50 460 934
4 35 227 420 661
3 47 71 959
4 45 308 404 601
5 32 165 480 575 585
2 4 63
2 29 171
2 4 290
2 67 288
3 11 160 343
4 4 11 746 855
6 34 197 398 443 829 957
2 261 313
2 4 162
4 29 108 468 905
2 49 215
5 39 63 585 621 899
3 223 335 858
3 197 211 662
7 149 315 452 472 497 504 960
14 1 42 437 473 493 549 556 654 688 747 781 784 791 891
3 127 221 993
6 20 96 368 423 441 457
2 117 226
6 93 110 357 419 731 875
6 22 52 400 462 575 992
3 27 304 562
3 65 208 591
3 74 167 806
2 16 20
3 15 49 906
2 220 350
6 16 93 413 620 680 831
4 77 255 363 929
3 1 82 552
5 1 168 403 537 856
4 279 313 365 429
4 36 359 767 932
2 29 151
2 112 362
5 1 196 429 618 716
7 1 73 440 551 664 728 937
2 82 348
11 55 301 430 541 545 563 638 844 901 938 940
5 12 114 391 510 970
4 10 59 404 423
2 27 35
2 274 290
4 15 119 382 909
2 24 256
3 1 3 718
2 233 277
2 258 281
3 49 58 483
3 278 279 560
3 47 157 758
6 40 374 430 570 948 991
4 164 245 401 486
6 0 73 466 842 872 904
4 4 24 748 913
7 224 261 559 700 813 962 979
5 7 63 453 524 836
5 45 237 472 892 999
3 85 289 597
2 34 237
4 24 370 815 817
2 14 287
4 48 59 631 795
2 82 259
3 1 88 660
4 4 17 543 856
3 83 323 588
2 21 337
4 22 196 617 954
4 5 351 494 655
4 123 383 704 744
6 6 66 465 723 840 868
2 119 361
2 329 371
2 259 303
4 9 119 643 777
3 45 134 458
3 47 123 944
3 186 196 820
3 68 148 603
3 17 162 642
2 6 50
3 308 358 534
3 32 203 628
3 6 24 730
2 1 77
2 6 105
6 127 308 419 486 665 796
5 350 418 432 599 832
3 180 327 594
3 68 114 957
2 23 24
2 348 371
4 1 291 483 609
2 229 231
4 170 289 455 662
2 82 198
2 3 27
3 362 366 784
2 369 382
3 17 277 747
5 27 419 459 526 543
2 55 201
2 12 315
2 3 144
4 4 206 658 900
2 90 346
2 154 170
2 23 148
4 250 367 520 819
4 7 348 623 814
5 24 323 822 926 997
4 27 337 954 967
2 4 8
2 65 242
3 123 299 709
4 8 143 511 837
2 65 149
2 68 237
6 23 68 705 714 914 990
2 3 107
4 289 345 553 807
3 105 387 755
4 115 190 867 970
2 47 426
2 3 172
5 126 348 479 616 854
2 83 407
2 23 432
2 295 326
2 39 230
4 277 351 765 846
2 6 159
3 71 258 572
2 1 402
3 313 384 641
2 30 196
2 163 340
6 24 112 598 850 916 998
2 1 56
2 25 68
3 345 388 652
2 211 346
3 47 65 986
2 37 104
2 6 27
3 40 194 627
2 227 319
4 23 457 634 824
2 6 330
3 4 267 731
3 33 45 733
3 379 424 857
2 6 242
2 137 286
2 383 418
4 29 77 939 941
2 17 86
2 21 229
2 41 112
2 0 134
2 65 235
2 182 346
3 37 400 614
2 37 71
4 6 181 910 917
4 66 345 651 945
2 123 323
3 239 284 819
4 40 184 583 816
2 121 196
2 58 325
3 11 66 721
3 31 345 612
3 68 193 775
2 33 39
2 291 300
4 4 5 769 829
2 30 93
7 170 370 514 519 686 813 868
2 33 447
2 14 50
2 24 74
3 134 510 613
6 287 311 630 648 827 878
3 10 66 537
3 4 251 969
2 54 90
4 33 510 683 947
3 229 440 953
4 255 302 754 800
2 1 89
2 100 193
3 293 387 669
2 2 83
2 164 432
4 0 134 578 691
2 6 291
3 25 179 858
4 101 166 635 987
2 28 305
2 17 24
3 126 289 985
3 245 413 682
3 42 69 910
2 14 144
2 361 516
2 34 231
3 287 303 880
2 71 77
4 266 369 565 780
3 229 313 718
2 396 432
3 24 293 977
2 6 369
2 26 160
2 120 273
3 52 201 596
2 245 346
4 233 303 943 961
2 65 367
3 20 360 693
4 29 452 678 895
3 1 3 971
3 35 239 745
4 286 346 667 684
2 119 277
3 11 196 599
4 9 386 838 847
3 37 380 942
2 24 298
2 31 352
4 186 369 794 982
4 63 231 583 626
3 50 541 933
3 31 55 646
2 126 180
2 1 45
3 17 237 697
2 12 382
2 128 302
2 250 464
2 74 86
3 49 131 916
2 330 351
2 158 168
4 69 310 712 932
3 14 527 675
2 277 280
2 152 189
2 26 31
2 34 325
5 500 564 685 776 806
2 33 253
2 330 342
3 7 63 899
2 106 177
2 225 397
3 39 235 657
3 53 229 926
2 23 353
2 6 18
2 6 164
2 81 420
2 75 181
3 18 548 703
2 58 389
3 4 469 894
3 419 558 704
4 158 165 611 754
2 40 329
2 6 144
4 255 410 741 896
2 106 259
2 82 123
2 1 257
2 11 126
3 33 114 660
2 106 424
2 7 131
3 2 600 762
2 261 504
2 318 514
5 27 494 620 790 948
3 54 211 885
2 180 457
3 24 399 690
3 115 366 657
2 82 133
2 358 614
2 20 342
2 92 324
2 12 441
5 6 24 668 683 930
2 17 324
2 239 564
2 4 477
2 68 414
4 33 34 918 989
2 130 515
3 6 393 815
3 99 189 701
3 131 312 984
3 31 479 889
2 82 530
2 13 66
2 151 186
2 24 369
5 3 218 809 852 931
2 37 121
2 158 466
3 130 411 724
2 325 406
2 181 257
3 17 104 933
2 228 566
2 1 319
2 15 515
2 52 99
3 244 267 717
4 131 497 678 834
2 96 472
6 12 49 671 725 883 955
3 226 346 691
2 148 400
2 83 197
2 589 618
4 14 436 840 902
2 131 265
3 395 608 850
2 31 327
2 344 426
2 14 286
2 34 367
5 143 418 742 791 943
2 14 65
2 39 556
3 90 624 761
2 240 524
2 151 209
2 14 653
2 5 104
2 144 255
6 20 227 706 720 785 873
2 18 578
3 6 16 757
2 3 115
2 553 651
2 3 161
2 322 358
2 256 295
3 138 534 800
3 519 624 920
2 26 556
3 6 583 828
4 197 510 835 968
4 6 49 753 843
2 29 346
2 116 286
4 127 617 744 834
3 527 654 849
2 17 20
2 17 552
2 38 226
3 82 299 846
2 24 270
2 11 569
3 24 51 921
3 69 79 810
2 257 386
2 287 632
2 110 261
2 59 596
3 401 599 903
2 49 450
2 12 674
2 189 313
2 22 90
3 17 446 912
2 40 325
3 31 198 760
2 226 577
2 77 210
2 270 450
4 211 302 823 890
2 289 366
3 11 650 734
2 376 542
2 55 186
2 197 674
3 134 503 963
2 1 45
3 44 402 808
3 229 642 801
3 37 653 726
2 92 725
3 31 58 994
2 39 367
2 4 72
3 6 415 751
2 350 481
2 37 92
4 307 482 764 864
4 14 717 753 956
3 60 273 773
2 111 234
2 10 11
2 77 242
4 23 27 841 958
2 4 19
2 257 603
3 31 665 906
2 31 55
3 401 690 772
2 257 555
2 307 336
2 346 431
2 313 385
2 2 13
2 88 298
4 4 730 771 989
2 20 29
2 687 734
2 521 600
2 261 453
2 15 17
2 121 676
2 49 381
2 89 260
2 168 711
4 230 668 777 962
2 51 611
2 6 184
2 20 733
2 14 462
2 65 180
2 24 363
2 1 4
2 39 508
2 2 55
2 188 751
3 24 744 778
2 277 735
2 68 80
4 65 505 821 988
2 63 583
2 406 761
2 261 772
3 4 233 911
2 39 541
2 142 346
3 17 88 826
2 168 253
3 346 429 917
2 32 674
2 3 205
2 4 195
2 260 311
2 31 47
2 108 614
2 346 665
2 53 114
2 56 127
2 241 563
2 77 393
2 303 418
2 4 122
2 29 58
2 3 273
2 521 682
3 211 724 988
2 24 252
2 6 17
2 34 151
2 1 213
3 354 583 831
2 229 452
2 273 723
3 23 639 881
2 233 699
2 87 234
2 31 37
3 386 510 925
2 27 441
2 391 631
2 8 500
2 1 391
2 31 217
2 440 499
2 41 409
2 107 775
2 6 442
2 34 715
2 238 479
2 88 295
2 134 782
2 308 515
2 34 685
3 337 508 890
2 10 220
3 358 806 872
2 49 419
2 24 41
2 651 690
3 39 686 881
2 264 387
2 37 447
2 66 559
3 58 235 912
4 402 658 863 923
2 3 739
2 7 384
3 56 687 891
2 238 369
2 38 260
2 462 695
2 231 559
3 1 205 884
2 32 691
2 469 660
2 12 179
2 7 639
2 54 66
3 120 457 953
2 207 336
3 361 396 873
2 27 483
2 343 529
2 17 193
2 71 183
2 3 319
2 27 71
2 219 840
2 56 733
2 60 170
2 24 232
3 1 454 956
3 402 510 947
2 66 67
2 22 148
2 90 281
3 384 831 958
2 674 856
2 16 236
2 42 350
2 27 58
2 9 31
2 66 515
2 30 229
2 72 539
2 809 835
2 43 111
2 131 653
2 50 848
2 101 615
2 24 86
2 6 47
2 161 239
2 17 634
2 715 829
2 346 843
2 64 388
2 13 227
2 123 598
2 305 553
2 65 603
2 4 29
2 65 130
2 342 586
2 33 436
2 23 369
2 18 658
3 64 704 908
2 24 384
2 6 340
2 356 742
2 29 305
2 226 903
2 1 374
2 496 535
3 207 779 971
2 709 839
2 116 385
2 104 450
2 88 184
2 469 574
2 496 784
2 31 629
2 4 34
2 79 683
2 303 698
2 27 70
2 302 840
2 73 258
2 289 813
2 442 590
2 32 69
2 31 34
2 35 359
2 103 624
2 147 639
2 363 577
2 565 645
2 285 326
2 70 111
2 14 297
2 25 367
2 65 369
2 212 487
2 323 369
2 171 487
2 17 560
2 550 665
2 140 408
2 13 497
2 3 6
2 519 868
2 382 614
2 9 14
2 81 111
2 37 81
2 31 45
2 520 854
2 399 443
2 12 653
2 734 867
2 337 421
2 739 872
2 42 328
2 162 345
2 138 550
2 386 761
2 33 721
2 219 235
2 37 186
2 4 24
2 163 443
2 263 686
2 298 517
2 370 454
2 554 911
2 77 197
2 14 18
2 48 295
2 3 121
2 106 118
2 65 544
2 3 68
2 287 386
2 31 156
2 7 66
2 86 563
2 6 85
2 10 633
2 134 533
2 115 474
2 6 530
2 775 801
2 629 751
2 41 450
2 183 382
2 90 351
2 148 347
2 11 727
2 45 301
2 1 64
2 47 442
2 130 469
2 33 388
