100
12 1 3 7 8 14 36 37 49 54 57 59 66
9 0 2 32 35 38 55 56 66 94
10 1 4 5 7 17 18 22 44 85 87
8 0 4 6 16 19 21 32 52
4 2 3 42 90
5 2 33 34 38 81
5 3 18 25 41 73
8 0 2 8 14 64 68 76 99
7 0 7 9 23 27 78 99
3 8 19 27
4 11 20 23 89
3 10 31 91
2 24 31
4 25 26 37 89
5 0 7 33 44 82
1 28
1 3
4 2 40 42 74
3 2 6 46
7 3 9 20 26 36 52 73
2 10 19
2 3 59
4 2 69 71 30
2 8 10
2 12 29
3 6 13 87
6 13 19 72 28 39 40
2 8 9
6 64 15 26 29 55 77
2 24 28
1 22
3 11 12 51
3 1 3 56
4 5 61 14 92
2 5 53
3 1 41 53
4 0 19 93 96
5 0 13 75 80 50
6 1 5 63 65 43 51
1 26
2 17 26
4 6 70 77 35
2 4 17
3 83 38 88
2 2 14
1 76
2 62 18
1 54
1 94
5 0 65 75 84 86
1 37
2 31 38
5 3 19 82 95 57
2 34 35
3 0 71 47
2 1 28
2 1 32
2 0 52
1 97
2 0 21
2 68 79
1 33
1 46
1 38
2 7 28
2 49 38
3 0 1 98
1 80
3 7 60 78
1 22
1 41
2 54 22
1 26
2 6 19
1 17
3 37 49 79
2 7 45
2 28 41
2 8 68
3 60 75 91
2 67 37
1 5
3 14 52 88
1 43
1 49
2 2 96
1 49
2 2 25
2 82 43
2 10 13
1 4
2 11 79
1 33
1 36
2 1 48
2 52 97
3 36 85 98
2 58 95
2 66 96
2 7 8
