200
11 1 2 3 4 6 9 21 22 49 55 92
18 0 3 5 6 7 11 13 26 27 35 43 47 69 75 100 104 105 198
1 0
13 0 1 4 8 14 17 35 51 57 58 67 70 81
14 0 3 5 9 11 12 14 15 16 27 60 94 176 189
5 1 4 18 61 113
13 0 1 7 10 15 29 32 43 45 57 127 145 180
5 1 6 36 91 115
3 3 133 20
7 0 4 16 37 81 98 132
2 6 82
7 1 4 13 26 74 83 170
7 4 24 40 85 119 153 162
3 1 11 24
2 3 4
5 4 6 18 38 102
8 4 9 42 45 60 88 120 172
7 3 39 41 107 158 178 189
9 5 15 19 33 36 54 62 70 177
3 18 59 69
7 8 22 23 34 86 144 181
9 0 28 30 34 40 44 59 61 96
6 0 20 63 74 95 106
5 20 48 75 78 130
7 12 13 30 41 72 159 183
4 137 80 100 185
3 1 11 29
10 1 4 78 94 97 110 116 126 177 199
3 21 50 51
4 6 26 178 182
5 21 24 188 190 198
10 65 73 85 87 121 123 126 128 171 174
4 133 6 48 132
3 137 18 142
3 20 21 83
4 1 3 55 77
2 7 18
13 9 50 53 66 87 104 108 112 117 147 151 152 160
1 15
1 17
3 135 12 21
5 136 17 24 68 186
2 16 153
2 1 6
4 21 150 56 197
4 6 16 139 115
7 147 63 80 114 116 122 131
1 1
4 23 32 151 52
3 0 72 167
5 28 37 71 79 196
2 3 28
3 48 56 156
1 37
3 18 155 64
4 0 35 99 123
2 44 52
3 3 6 107
2 3 110
4 19 21 145 111
3 4 136 16
3 5 21 89
4 18 149 67 171
3 22 46 129
3 135 54 73
1 31
2 37 176
4 3 62 82 84
2 41 166
3 1 19 117
2 3 18
4 148 50 165 179
2 24 49
2 31 64
2 11 22
6 1 23 154 159 164 191
2 157 96
3 35 84 90
4 23 27 86 109
3 50 128 182
5 25 46 169 121 127
3 3 9 111
5 134 10 156 67 103
8 11 139 143 34 173 109 119 125
3 67 77 195
2 12 31
2 20 78
5 31 37 160 92 122
5 134 16 140 165 91
1 61
1 77
2 7 88
2 0 87
2 120 131
4 4 27 144 163
3 22 124 195
2 21 76
1 27
1 9
1 55
6 1 25 154 158 175 129
1 108
4 15 141 113 125
2 82 106
2 1 37
2 1 138
4 22 172 103 193
2 17 57
2 37 101
2 78 83
2 27 58
3 59 81 114
1 37
4 5 155 102 130
3 46 161 111
2 7 45
3 27 46 196
2 37 69
1 175
2 12 83
4 16 180 93 199
2 31 80
3 46 162 87
2 31 55
1 95
4 170 83 184 102
3 27 31 197
2 6 80
2 31 79
2 63 100
2 23 113
2 46 93
3 9 32 167
3 8 32 138
2 88 82
2 64 40
3 41 60 152
2 25 33
2 133 105
2 83 45
1 88
1 102
3 33 164 193
1 83
2 20 94
2 6 59
1 161
2 37 46
2 71 186
1 62
1 44
2 37 48
2 136 37
3 12 42 194
2 75 100
2 113 54
2 52 82
2 76 166
2 17 100
2 24 75
3 37 87 184
3 146 114 190
3 12 122 192
1 94
2 142 75
4 71 88 181 187
2 157 68
2 49 132
1 173
1 80
2 11 125
2 31 62
2 16 106
2 168 83
1 31
2 100 118
2 4 66
2 18 27
2 17 29
1 71
2 6 120
2 20 165
3 29 79 192
1 24
2 160 125
1 25
2 41 148
1 165
1 30
2 4 17
3 30 161 191
2 75 190
2 162 182
2 142 106
1 153
2 84 95
2 50 116
2 44 126
2 1 30
2 27 120
