1000
50 1 2 4 6 7 8 9 13 16 24 27 33 41 56 63 65 70 101 103 105 109 130 142 158 171 184 226 233 240 271 288 326 327 330 403 498 509 549 554 590 596 657 692 742 787 826 859 867 926 941
40 0 3 5 12 13 17 19 22 28 51 63 80 87 106 136 189 216 230 254 266 359 371 393 438 466 467 661 668 714 716 755 761 781 842 894 950 954 990 991 992
42 0 3 6 9 10 14 22 29 34 37 89 128 146 164 191 219 223 237 241 250 267 293 327 332 345 377 378 382 396 462 501 511 529 635 694 730 731 757 774 825 962 994
45 1 2 4 5 10 28 35 45 54 58 60 68 84 85 114 222 289 294 298 306 318 375 382 432 440 477 530 538 540 560 624 628 666 672 676 701 720 741 769 777 796 801 831 952 983
59 0 3 7 11 15 16 23 31 32 47 50 68 72 73 74 85 102 112 131 149 156 195 205 231 243 246 248 251 254 266 268 303 344 345 374 385 397 402 465 467 474 535 541 553 568 580 581 587 594 641 654 689 727 738 800 929 964 965 966
6 1 3 190 207 608 656
35 0 2 8 11 30 96 112 141 153 159 167 175 181 197 227 241 280 317 340 360 420 450 485 487 491 515 623 668 671 701 709 711 804 837 962
21 0 4 21 59 92 165 194 276 286 412 451 479 516 562 647 794 826 860 865 893 951
17 0 6 39 50 66 129 198 238 267 312 323 510 515 520 534 690 710
5 0 2 29 341 625
24 2 3 12 14 21 36 69 82 83 98 125 134 144 328 343 347 376 400 420 487 585 612 764 917
18 4 6 18 47 113 136 330 360 389 406 425 427 498 505 523 770 876 888
28 1 10 20 55 102 115 122 142 169 182 188 190 311 393 398 406 410 448 508 579 592 609 610 782 849 866 930 975
36 0 1 18 20 26 37 53 61 66 70 83 86 88 94 150 151 155 216 300 413 489 490 493 506 616 623 635 640 655 709 734 751 822 884 928 958
45 2 10 15 19 25 40 43 51 57 65 69 76 77 126 192 225 239 262 274 278 282 296 336 378 398 407 412 422 424 468 531 566 604 631 642 687 743 756 763 799 848 922 956 967 985
27 4 14 17 40 41 44 46 60 67 71 98 103 107 138 174 215 230 335 347 407 460 463 575 579 648 868 978
28 0 4 24 26 74 78 106 107 111 125 134 167 191 229 239 245 309 320 321 324 461 465 533 584 632 684 830 997
6 1 15 231 433 574 803
8 11 13 36 49 58 67 179 869
3 1 14 143
14 12 13 23 43 104 110 133 173 204 212 377 380 595 988
3 7 10 619
9 1 2 96 138 262 268 313 399 835
35 4 20 25 31 42 53 55 64 79 114 123 133 137 252 257 278 284 286 369 385 421 435 444 565 577 654 661 693 708 718 845 921 931 943 952
28 0 16 27 30 32 34 38 62 75 84 88 97 118 200 236 273 326 337 387 423 437 514 602 800 806 824 831 905
9 14 23 46 75 170 245 539 848 977
24 13 16 35 48 56 71 72 77 109 128 145 177 236 260 272 304 325 353 452 456 688 728 802 805
8 0 24 52 152 355 781 885 957
11 1 3 33 116 144 147 309 351 373 613 680
20 2 9 44 48 81 90 92 137 161 196 203 243 301 318 514 551 670 677 785 813
16 6 24 118 121 123 131 156 213 408 419 457 602 639 653 746 956
2 4 23
9 4 24 52 132 200 334 474 636 776
20 0 28 39 81 86 117 120 139 180 188 193 195 224 265 379 472 476 556 683 863
6 2 24 482 488 729 960
11 3 26 183 189 255 264 303 333 626 666 818
12 10 18 38 93 150 204 206 225 488 520 691 859
14 2 13 42 45 91 94 129 166 235 335 466 544 617 622
14 24 36 49 274 279 346 366 404 418 478 522 567 804 812
9 8 33 100 202 242 421 543 562 627
3 14 15 57
9 0 15 223 227 469 690 698 788 793
13 23 37 115 121 185 218 293 333 396 430 510 546 898
10 14 20 73 82 101 299 439 758 852 973
5 15 29 97 569 910
15 3 37 105 108 220 264 315 325 331 387 531 715 744 923 984
3 15 25 153
7 4 11 372 422 453 497 979
11 26 29 177 205 221 493 586 648 792 850 983
7 18 38 158 334 686 705 870
8 4 8 64 165 307 458 652 669
13 1 14 62 79 149 151 317 424 455 502 512 724 727
4 27 32 311 417
16 13 23 54 78 148 152 256 296 300 354 569 641 677 705 862 890
5 3 53 61 248 694
17 12 23 59 132 178 180 220 263 381 490 545 611 843 948 963 968 986
6 0 26 126 237 638 790
8 14 40 441 472 576 754 964 989
8 3 18 238 402 476 518 810 834
20 7 55 89 113 116 199 209 253 314 359 372 480 634 655 713 723 729 815 911 940
4 3 15 737 815
8 13 54 87 211 331 542 543 784
4 24 51 828 836
4 0 1 100 122
10 23 50 111 203 247 483 576 686 883 913
10 0 14 119 160 213 246 357 460 583 601
4 8 13 257 454
6 15 18 145 464 772 813
16 3 4 95 154 172 273 312 389 442 642 643 650 706 755 764 852
8 10 14 164 217 310 409 573 665
2 0 13
8 15 26 93 244 375 383 552 987
6 4 26 171 242 356 828
8 4 43 80 168 201 265 394 439
10 4 16 411 459 525 588 594 786 835 997
9 24 25 76 90 95 146 450 644 808
8 14 75 135 193 428 692 708 975
4 14 26 681 717
6 16 53 99 251 499 861
4 23 51 160 721
5 1 73 208 305 339
4 29 33 141 885
14 10 43 91 147 269 322 328 477 509 717 732 750 762 938
8 10 13 99 127 218 228 433 501
4 3 24 104 391
6 3 4 258 712 760 960
4 13 33 644 794
8 1 61 108 159 163 580 696 905
7 13 24 184 202 291 745 823
3 2 59 292
5 29 75 443 954 957
6 37 82 434 627 909 927
4 7 29 232 492
6 36 71 139 352 361 844
9 13 37 135 176 536 645 751 768 842
11 68 75 110 210 287 297 417 446 621 671 746
6 6 22 482 526 613 626
3 24 44 124
6 10 15 207 649 784 838
2 78 83
8 39 63 140 154 234 470 814 841
4 0 43 233 738
6 4 12 384 500 937 979
6 0 15 162 336 604 827
2 20 84
7 0 45 148 290 368 496 882
7 1 16 192 287 313 687 818
10 15 16 174 381 423 426 459 528 597 871
6 45 87 117 179 181 211
3 0 26 124
5 20 95 120 526 588
2 16 64
6 4 6 163 319 358 924
5 11 59 157 232 871
2 3 23
6 12 42 127 616 722 864
3 28 59 228
10 33 108 119 284 513 537 571 674 699 833
3 24 30 574
4 65 117 130 414
7 33 110 294 322 365 491 947
4 30 42 673 861
5 12 63 143 341 537
7 23 30 183 221 590 684 720
3 97 109 178
3 10 16 429
9 14 56 210 275 297 373 408 582 606
12 83 115 187 275 298 338 483 638 656 817 958 992
3 2 26 182
4 8 37 280 440
5 0 119 277 314 911
7 4 30 194 226 454 536 593
5 32 55 353 485 711
5 20 23 140 386 513
2 10 16
9 76 94 162 426 471 504 532 752 942
6 1 11 392 518 780 858
2 23 29
4 15 22 157 570
7 33 93 166 308 437 463 734
2 100 133
4 6 81 172 365
2 0 12
14 19 122 197 198 222 281 415 469 494 595 600 640 643 718
3 10 28 187
3 26 67 256
5 2 75 155 170 229
2 28 82
6 53 105 169 175 276 304
4 4 51 185 435
6 13 36 161 370 893 899
2 13 51
10 27 53 329 449 521 551 573 857 869 972
13 6 46 168 173 201 212 214 343 458 719 748 917 936
5 68 100 499 558 748
6 13 146 219 302 766 838
8 4 30 176 356 462 652 985 994
7 113 138 206 253 295 307 788
4 0 49 283 285
2 6 87
10 65 79 259 277 368 431 455 519 610 961
5 29 150 214 527 949
6 103 135 208 224 817 891
2 87 112
3 2 69 321
3 7 50 614
4 37 139 186 953
2 6 16
4 73 153 295 995
4 12 148 244 881
3 25 146 310
5 0 72 292 302 461
3 68 141 370
9 20 153 247 249 291 448 649 675 821
2 15 107
2 6 148
5 94 156 342 404 914
5 26 48 603 697 912
12 55 124 186 209 282 350 374 527 554 667 765 854
5 18 108 773 901 981
3 33 55 301
4 6 108 682 892
7 12 128 479 512 598 617 747
2 35 123
4 0 88 639 950
4 42 149 445 651
4 166 178 400 770
3 127 144 258
4 12 33 342 805
8 1 35 346 394 503 688 715 906
2 5 12
4 2 16 289 664
4 14 106 217 432
3 33 76 355
9 7 131 199 215 362 388 685 757 932
12 4 33 196 240 338 340 431 496 503 703 735 919
4 29 195 591 834
2 6 143
5 8 143 367 907 978
3 59 194 505
2 24 32
4 73 153 299 349
5 39 88 344 672 863
3 29 64 234
2 20 36
7 4 48 361 464 693 747 772
7 36 157 486 495 659 811 940
4 5 98 544 607
5 80 162 260 315 320
3 59 178 332
3 95 126 846
6 61 108 250 561 816 955
6 20 153 271 348 473 500
3 30 65 634
2 153 161
6 15 194 371 524 702 867
2 1 13
2 69 192
9 42 83 235 270 272 451 560 612 920
2 2 155
2 45 55
3 48 123 316
3 3 143 607
2 2 41
3 33 162 742
7 14 36 249 263 395 832 909
3 0 131 366
5 6 41 434 468 530
6 83 116 457 637 904 945
3 16 146 337
4 1 15 288 456
4 4 17 414 682
3 92 113 261
4 0 101 252 384
6 100 203 269 270 379 445
4 37 218 605 736
4 24 26 357 645
4 2 56 548 599
3 8 58 674
6 14 16 516 583 785 877
4 0 195 285 563
3 2 6 486
2 39 72
4 4 29 305 939
11 71 169 255 259 323 349 447 541 561 581 823
2 16 25
2 4 65
8 64 173 367 698 807 829 847 942
5 4 54 557 565 953
5 173 225 678 787 896
2 2 211
6 4 78 411 517 570 802
2 23 233
5 59 157 261 564 874
2 1 4
2 35 244
3 53 145 399
9 23 66 390 446 532 547 563 773 946
2 85 187
3 160 244 726
9 26 208 279 351 401 436 484 494 941
4 232 253 557 737
3 14 22 410
4 55 225 629 866
4 35 45 430 559
3 33 73 281
4 1 4 725 990
2 2 8
2 4 22
8 82 234 290 306 405 484 584 820
2 218 234
6 0 212 362 416 478 780
2 26 218
4 24 68 354 906
4 14 38 548 814
3 126 127 949
4 7 148 470 625
2 130 160
5 14 23 545 571 675
8 38 260 662 795 797 875 926 999
4 6 129 283 636
3 143 265 350
6 14 178 388 390 403 585
4 158 280 621 879
4 23 117 582 676
5 158 240 547 567 807
3 7 23 695
4 95 106 416 475
3 0 230 546
3 3 191 523
3 105 269 564
7 88 173 319 507 723 724 928
2 89 171
6 2 42 348 471 618 916
2 3 120
2 157 168
3 14 53 868
4 95 126 329 521
6 3 127 363 409 670 792
7 43 201 425 597 614 759 796
4 13 53 695 847
4 29 180 732 878
4 155 171 736 872
4 4 35 308 833
2 26 148
6 80 243 392 528 986 993
7 3 269 415 508 566 816 864
2 50 157
4 139 303 713 783
4 16 28 316 418
3 69 170 606
4 12 52 436 538
7 8 68 507 586 663 775 840
2 22 106
5 59 130 324 383 829
3 45 208 624
3 221 309 629
3 6 51 603
3 3 29 481
4 112 291 339 707
3 16 208 902
8 16 164 376 700 811 840 846 931
2 82 120
2 8 244
2 16 314
3 26 45 441
4 0 24 380 651
5 0 2 395 443 744
2 10 82
3 152 297 706
3 0 11 572
4 45 61 386 702
3 2 209 669
2 35 42
6 32 49 620 653 874 984
2 15 37
6 14 103 352 578 726 873
6 24 229 363 391 444 900
7 127 195 405 637 810 896 968
3 80 319 730
2 6 195
3 9 122 575
3 176 188 889
4 10 153 504 760
4 4 202 447 797
3 2 4 739
2 38 189
3 10 15 473
3 212 293 364
2 201 244
5 178 281 364 553 719
3 28 260 358
3 93 336 453
2 26 132
3 53 273 967
3 27 193 704
2 72 156
3 65 236 963
3 112 351 882
4 1 59 419 442
2 6 11
2 93 205
6 194 271 449 506 689 691
2 298 337
5 348 350 369 821 897
5 120 141 758 798 880
5 38 226 492 789 841
3 198 247 615
5 105 160 480 633 925
2 23 364
3 150 172 428
7 1 215 429 824 862 900 998
2 47 59
2 28 126
3 4 178 759
3 3 71 858
3 10 321 662
2 2 20
3 2 14 996
3 33 234 524
3 20 326 556
2 55 107
2 2 3
3 71 314 397
2 102 233
3 4 23 427
2 133 331
4 24 45 769 839
2 194 282
5 11 68 401 529 783
2 257 282
4 84 337 539 825
4 136 305 540 555
3 1 12 970
6 73 189 779 827 915 969
2 225 327
5 2 42 413 572 592
5 4 383 633 891 935
2 12 14
4 22 256 658 895
3 10 186 704
5 260 389 511 679 793
2 4 58
2 0 282
2 38 176
3 269 338 647
3 11 12 771
3 14 15 632
2 30 126
3 69 298 754
2 12 262
4 74 251 522 591
2 7 14
3 13 396 600
2 119 231
4 143 306 615 806
6 271 287 475 608 611 630
2 52 95
3 38 309 559
4 30 359 663 716
2 6 10
3 23 39 657
3 14 47 593
2 24 107
3 14 51 832
2 11 299
2 107 135
3 11 385 555
2 76 370
7 125 371 452 519 598 714 849
3 42 264 808
3 160 195 497
5 3 192 502 667 809
7 17 83 438 517 568 646 855
2 91 227
2 23 149
2 260 311
4 24 139 856 925
2 1 433
2 43 73
2 3 129
2 57 325
3 68 359 767
2 90 327
3 23 337 795
2 185 234
5 95 257 533 628 887
3 244 344 934
3 12 173 495
2 152 362
2 6 75
5 7 218 550 605 980
2 26 429
4 47 352 618 658
3 66 131 939
2 51 160
4 26 230 697 974
4 30 228 685 903
2 50 153
5 74 107 678 721 947
2 15 65
3 16 171 589
7 2 156 489 525 578 660 778
2 15 139
3 67 205 819
2 4 16
2 1 37
3 1 4 741
2 14 227
3 41 143 596
4 100 276 601 913
4 135 293 664 919
2 33 57
4 212 347 481 880
2 4 32
2 287 416
3 33 58 786
4 3 82 646 756
3 38 271 707
2 7 182
3 59 368 619
3 318 473 851
2 34 96
3 64 127 558
4 260 269 851 904
3 6 132 934
2 206 241
4 6 10 599 951
4 34 36 549 762
2 13 462
3 13 55 791
3 6 120 903
3 92 366 943
2 13 48
3 143 260 801
2 206 448
2 105 195
2 47 431
5 0 11 534 791 998
2 78 154
3 102 212 542
2 2 83
3 51 432 552
3 189 195 650
2 135 343
2 11 199
2 13 362
2 291 312
2 12 306
4 0 82 799 870
3 8 42 749
3 2 401 933
2 51 182
2 117 133
2 24 29
2 6 8
3 7 239 856
3 251 433 809
2 58 136
3 160 429 550
4 8 36 959 993
2 152 297
4 38 411 589 803
2 11 289
2 215 379
2 74 462
2 96 110
2 161 178
2 107 305
2 2 389
3 3 227 938
2 14 45
4 135 257 535 966
2 16 446
2 8 498
3 4 532 745
2 94 131
2 117 122
3 3 311 932
3 25 391 609
2 3 392
2 4 244
3 61 500 936
2 39 61
2 37 207
3 55 278 774
2 42 288
2 257 285
2 237 274
2 0 488
3 451 519 916
2 29 152
4 71 502 660 857
2 4 350
5 0 178 577 731 865
2 392 427
3 33 380 908
2 248 261
5 154 483 812 843 889
2 264 418
2 3 218
2 211 244
2 7 39
3 240 257 733
3 253 290 890
2 23 248
4 14 306 728 883
2 38 285
2 4 433
3 44 53 790
2 138 251
4 117 278 763 944
2 330 396
3 69 152 820
3 17 118 989
2 15 341
3 57 64 620
2 23 554
2 336 462
3 12 15 853
3 4 87 622
3 4 244 970
2 126 284
3 65 239 587
2 16 269
2 10 282
2 48 312
2 4 583
2 74 110
4 461 522 700 922
4 0 123 740 901
2 196 411
2 12 396
2 131 422
2 4 74
4 20 143 703 735
2 0 469
2 107 299
3 182 429 680
3 237 487 710
2 143 413
2 65 470
2 24 30
2 177 317
2 14 103
4 235 451 765 855
2 126 310
4 207 222 630 771
2 5 416
2 12 539
3 12 160 845
3 55 416 860
3 10 218 696
2 28 96
3 165 299 681
2 367 415
3 13 115 733
2 37 182
2 293 453
3 21 480 631
2 334 576
4 95 283 665 921
2 37 580
4 6 13 659 927
3 3 315 930
2 9 276
2 35 96
2 39 91
4 3 446 881 894
5 263 316 750 836 910
5 416 607 712 897 902
3 14 619 898
3 16 407 776
3 368 397 779
2 59 213
2 2 13
2 32 280
2 228 338
4 56 127 673 971
4 30 184 725 971
2 13 143
3 4 53 854
3 14 68 969
2 68 143
2 75 86
4 94 236 853 878
6 433 477 739 753 761 877
3 7 405 976
4 15 48 789 972
2 98 173
2 68 503
2 185 326
4 50 156 749 876
2 30 334
3 4 23 944
2 13 59
4 5 127 752 937
2 0 421
2 399 453
3 206 623 961
2 462 552
2 1 23
2 279 376
2 312 419
3 191 471 945
2 69 621
3 3 35 722
2 178 432
3 1 6 884
2 50 332
2 29 298
3 6 95 699
4 3 202 679 918
3 121 638 777
4 117 238 683 892
2 173 278
2 3 284
2 29 53
2 249 459
2 401 672
2 28 598
2 77 614
4 181 231 887 935
2 33 674
2 16 123
2 194 457
2 49 64
4 14 106 778 976
2 26 189
2 4 362
3 8 41 830
3 36 362 974
3 0 76 996
3 23 205 888
2 2 54
3 286 300 798
4 87 612 740 782
3 177 456 768
2 41 247
3 117 671 819
2 321 589
2 3 6
3 215 331 929
2 195 595
2 355 400
3 49 53 850
2 68 329
3 319 478 766
2 23 76
2 6 13
2 8 599
2 6 132
2 85 630
2 59 308
3 1 429 908
3 45 189 767
2 1 419
3 77 82 914
2 23 143
3 153 350 743
3 3 123 977
2 79 459
2 115 666
3 59 291 837
3 51 291 999
3 266 639 959
3 259 336 886
2 4 51
2 26 566
2 34 59
2 2 339
2 2 554
3 82 301 991
3 563 616 923
3 13 139 875
2 195 595
2 235 302
4 60 261 844 918
2 4 101
2 345 646
2 590 696
2 3 467
2 0 224
3 14 719 753
2 45 327
2 88 535
2 30 95
2 182 205
3 153 154 912
2 510 652
2 82 629
3 13 94 775
2 135 656
2 646 743
3 57 409 955
3 1 68 973
3 14 477 915
2 2 194
2 43 365
2 299 374
2 85 343
3 1 646 822
2 82 488
2 14 571
2 10 68
2 178 605
2 155 707
2 442 715
2 94 697
2 3 387
2 11 186
2 406 607
2 67 205
2 179 257
2 2 545
2 312 751
2 32 632
3 3 673 988
2 462 687
2 394 633
2 136 271
2 1 27
3 12 696 946
2 308 389
2 61 98
2 29 239
3 74 476 886
2 0 249
2 41 157
2 366 648
2 56 569
2 490 498
2 48 298
2 41 401
3 7 86 907
3 279 444 873
2 3 299
2 279 344
2 365 695
2 14 509
2 4 24
2 3 494
2 26 251
2 17 522
2 6 38
2 26 188
3 24 415 879
2 247 285
2 75 430
2 432 517
2 58 338
2 206 321
2 38 558
2 29 67
2 100 274
2 59 60
2 211 306
2 127 162
2 35 106
2 464 699
3 269 573 899
2 173 364
2 13 761
2 88 244
3 24 371 933
2 2 391
2 0 7
3 103 394 839
2 62 72
2 247 314
2 16 690
2 3 24
3 225 424 920
2 117 303
2 58 196
2 22 74
2 62 629
2 6 723
2 98 155
2 387 827
2 312 321
2 100 366
2 1 94
2 55 558
2 93 737
2 23 610
2 210 321
2 247 300
2 14 25
2 12 429
3 48 705 924
2 481 484
3 43 68 982
2 579 645
2 178 641
2 433 605
2 437 516
2 152 552
2 136 375
2 0 36
2 7 611
3 78 121 895
2 53 371
2 33 202
2 115 306
2 7 554
2 12 263
2 0 215
2 15 296
3 18 152 872
2 49 509
2 107 113
2 302 869
2 336 795
2 253 334
2 279 734
2 11 652
2 239 646
2 301 645
2 283 806
3 365 473 980
2 169 628
2 105 358
2 64 566
2 13 668
2 27 81
2 726 786
2 446 682
2 11 693
2 342 558
2 53 564
2 162 397
2 181 674
2 7 150
2 1 628
2 399 861
2 249 338
2 364 630
2 42 631
2 150 820
2 337 371
2 179 590
2 320 630
2 457 491
2 228 484
2 24 87
2 189 273
2 198 794
2 556 714
2 91 225
2 44 629
3 59 130 948
2 177 748
2 64 470
2 176 717
2 394 756
2 293 550
2 10 153
2 672 737
3 195 471 995
2 218 832
2 23 621
2 14 589
2 45 733
2 112 850
2 368 437
3 0 279 987
2 91 623
2 13 291
2 4 702
2 12 624
2 23 321
2 194 538
2 511 824
2 447 485
2 397 682
2 153 542
2 102 656
2 82 530
2 243 454
2 59 206
2 0 260
2 135 247
2 23 492
3 571 654 982
2 228 664
2 257 782
3 120 459 981
2 55 911
2 161 275
2 1 184
2 7 487
2 3 23
2 166 248
2 1 90
2 211 754
2 14 30
2 27 90
2 13 127
2 520 725
3 34 85 965
2 160 659
2 2 6
2 55 357
2 4 57
2 4 960
2 4 532
2 14 354
2 55 338
2 394 642
2 393 581
2 638 639
2 152 648
2 43 755
2 456 691
2 12 76
2 647 687
2 25 720
2 15 198
2 47 102
2 451 880
2 179 947
2 852 944
2 3 48
2 45 334
2 14 156
2 55 305
2 71 926
2 20 777
2 57 574
2 1 266
2 1 732
2 1 127
2 305 520
2 2 156
2 168 919
2 378 692
2 16 74
2 371 498
2 279 724
