100
10 1 2 4 5 6 8 11 38 54 70
7 0 3 6 39 44 46 95
7 0 3 4 7 12 54 86
5 1 2 20 21 99
6 0 2 13 31 79 85
5 0 40 48 49 90
9 0 1 9 17 22 35 44 52 69
3 2 51 96
3 0 11 26
4 6 16 19 36
6 17 18 28 49 65 74
8 0 8 13 14 21 22 47 55
3 2 15 42
5 4 11 28 66 72
3 11 16 85
5 12 43 69 88 99
3 9 14 78
8 6 10 34 51 52 57 73 78
6 10 26 42 45 68 89
4 9 33 67 83
2 3 47
4 3 11 24 63
4 6 11 38 50
3 30 56 58
1 21
1 27
2 8 18
3 25 60 94
4 10 13 70 37
1 79
1 23
2 4 60
2 41 64
1 19
2 17 48
2 6 90
3 9 91 98
1 28
4 0 22 72 95
2 1 92
4 5 75 59 62
2 32 61
2 12 18
4 15 58 67 83
2 1 6
4 18 77 61 87
1 1
4 11 20 57 92
2 5 34
3 5 10 76
2 22 53
2 7 17
4 6 17 76 87
1 50
3 0 2 81
2 11 63
1 23
3 17 47 96
2 23 43
1 40
4 27 31 82 84
3 71 41 45
1 40
3 21 86 55
2 71 32
1 10
2 13 75
2 19 43
1 18
2 6 15
4 0 28 80 91
2 61 64
3 13 38 97
1 17
2 10 93
2 66 40
3 52 49 84
1 45
3 16 17 88
2 4 29
1 70
1 54
1 60
2 19 43
2 76 60
2 4 14
2 2 63
2 45 52
2 15 78
1 18
2 5 35
2 70 36
2 39 47
1 74
2 27 98
2 1 38
2 7 57
1 72
2 36 94
2 3 15
