600
31 1 2 4 5 6 7 11 14 21 24 28 35 49 54 56 84 86 88 92 113 165 172 177 197 230 233 337 363 392 442 539
30 0 3 10 11 15 17 19 25 44 54 67 73 89 109 140 159 169 248 257 271 295 311 456 458 478 482 494 527 596 597
26 0 3 5 8 12 19 26 29 31 105 117 141 175 193 211 234 240 260 261 309 332 339 354 480 489 518
24 1 2 4 8 25 39 47 51 58 70 71 208 213 218 226 259 291 317 355 359 371 407 447 595
34 0 3 6 9 13 14 20 40 43 58 61 62 71 85 106 118 124 144 150 170 178 180 182 183 194 239 240 266 366 376 383 384 389 470
13 0 2 7 9 27 112 122 166 225 238 301 325 447
16 0 4 50 77 128 143 200 206 302 319 342 373 417 502 540 559
9 0 5 33 43 146 193 222 338 453
12 2 3 10 12 30 59 68 69 115 231 242 485
14 4 5 16 40 95 109 233 268 285 286 335 348 550 557
13 1 8 18 48 85 96 113 136 271 278 300 399 400
21 0 1 16 18 23 31 46 52 69 72 74 79 119 120 159 215 324 403 475 516 574
31 2 8 13 17 22 34 37 44 56 59 64 103 142 164 176 190 202 212 235 261 284 312 356 374 412 440 472 479 484 572 586
18 4 12 15 34 35 38 51 57 60 86 90 110 158 169 242 308 418 544
17 0 4 21 23 62 65 89 90 94 141 168 176 221 228 229 387 437
6 1 13 170 292 382 506
5 9 11 30 42 57
3 1 12 114
12 10 11 20 37 87 93 107 131 155 260 263 394
8 1 2 110 190 194 223 273 522
21 4 18 22 36 46 48 55 66 101 107 184 202 205 206 266 293 298 443 452 530 580
20 0 14 24 27 29 32 53 63 70 74 81 174 198 230 236 283 294 341 507 517
4 12 20 63 358
14 11 14 41 49 60 92 105 116 133 174 188 441 464 505
7 0 21 45 121 246 494 556
6 1 3 28 97 115 221
15 2 38 41 75 77 127 145 149 178 216 226 341 429 433 496
9 5 21 100 101 106 124 156 282 305
14 0 25 33 72 98 99 111 135 144 192 262 316 368 436
4 2 21 323 465
9 8 16 32 78 119 151 164 323 539
9 2 11 36 39 76 79 311 404 406
10 21 30 42 203 241 253 275 318 347 375
6 7 28 83 148 373 408
2 12 13
6 0 13 166 445 497 501
9 20 31 96 100 137 161 211 289 338
10 12 18 61 68 84 214 296 481 535 591
4 13 26 81 377
9 3 31 88 91 162 191 224 356 457
5 4 9 258 329 593
10 23 26 133 150 163 388 418 500 533 595
5 16 32 439 449 545
8 4 7 55 128 219 306 422 428
11 1 12 53 66 118 120 225 284 304 333 463
1 24
13 11 20 47 65 121 186 212 215 245 377 433 449 542
4 3 46 52 182
9 10 20 50 134 135 162 361 528 585
6 0 23 103 175 411 499
15 6 48 95 97 147 153 185 248 258 320 455 462 465 511 578
4 3 13 469 511
5 11 47 73 154 360
4 21 44 520 523
3 0 1 83
8 20 43 94 149 181 322 439 555
8 0 12 126 156 180 247 308 386
5 13 16 116 310 488
16 3 4 80 123 130 198 222 268 297 412 413 420 450 478 485 535
5 8 12 160 277 381
7 13 23 78 179 259 264 365
7 4 37 67 129 192 272 296
7 4 14 279 307 350 390 522
9 21 22 64 75 80 117 301 414 509
6 12 63 108 287 442 452
6 14 46 82 183 330 541
4 20 44 126 460
4 1 61 152 217
10 8 37 76 195 231 317 337 466 483 576
8 8 11 82 104 161 167 292 332
4 3 21 87 269
3 3 4 454
4 11 28 414 502
4 1 52 91 383
4 11 21 148 210
2 26 63
3 31 68 408
4 6 26 171 326
5 30 60 111 249 529
8 11 31 108 132 357 415 475 527
4 58 63 93 207
3 21 38 102
2 65 69
6 33 54 123 173 313 526
4 0 37 172 470
5 4 10 265 331 593
4 0 13 235 519
2 18 70
6 0 39 209 255 328 554
6 1 14 142 207 223 440
6 13 14 283 307 353 546
4 39 73 98 154
3 0 23 102
5 18 80 99 351 390
2 14 55
5 9 50 125 171 546
6 10 36 104 403 461 543
3 25 50 167
6 28 91 205 340 379 431
5 28 93 252 325 582
4 27 36 430 541
5 20 27 163 392 437
3 81 92 134
4 12 49 199 385
10 69 96 139 199 213 237 322 411 423 597
3 2 23 136
6 4 27 143 165 303 357
3 18 20 340
4 64 79 314 579
6 1 9 270 344 493 538
4 13 19 125 378
4 28 78 220 294
3 5 130 252
2 0 10
6 17 146 204 281 394 413
3 8 25 139
3 23 57 186
3 2 63 168
4 4 44 137 293
6 11 30 127 256 559 562
2 11 44
6 24 46 232 346 381 590
7 5 129 131 155 157 306 459
4 58 83 330 370
5 4 27 132 309 422
6 95 110 151 185 219 497
10 56 66 187 201 255 290 304 345 400 584
5 26 119 157 352 583
3 6 43 401
2 61 122
3 58 112 256
8 18 122 181 210 300 419 432 515
3 79 124 275
3 23 41 396
8 48 102 138 153 244 352 427 486
3 28 48 216
5 10 105 319 404 473
4 36 118 299 421
1 134
2 104 115
7 1 241 272 334 441 457 566
4 2 14 208 426
4 12 89 160 291
7 6 106 147 158 267 438 480
12 4 28 145 177 237 238 290 328 334 448 468 570
3 26 144 393
3 7 114 254
3 50 143 335
3 33 74 239
3 26 55 173
7 4 41 249 310 443 473 488
4 30 125 327 578
4 67 188 224 228
3 50 134 234
4 52 91 372 512
6 18 122 197 243 315 331
2 27 56
2 122 127
4 13 143 257 349
2 1 11
2 59 142
6 36 69 196 302 371 571
2 39 48
2 41 101
3 12 30 521
3 0 106 253
4 5 35 312 355
4 69 97 305 581
3 14 117 236
2 1 13
3 4 15 280
3 77 95 189
4 0 84 184 265
6 83 149 195 196 262 299
4 21 23 247 415
4 2 49 362 395
6 12 14 342 386 496 551
2 0 144
4 4 26 217 577
4 60 187 372 384
2 4 56
7 55 131 254 445 508 532 579
3 4 47 369
6 4 65 279 343 378 505
2 20 172
4 50 125 189 548
3 46 116 273
2 126 179
4 23 152 203 274
4 171 185 369 469
3 12 19 278
2 39 289
3 28 61 204
2 2 7
2 4 19
7 68 173 209 218 276 387 514
2 161 173
4 0 155 318 493
4 21 58 245 566
3 103 104 583
2 6 313
1 126
5 12 20 361 379 432
5 32 188 503 549 599
3 114 192 244
3 20 98 385
3 6 20 444
2 80 89
3 3 141 348
2 88 195
7 74 131 227 336 462 463 574
5 2 36 243 314 569
3 12 46 544
6 3 104 250 277 429 500
3 37 285 401
4 11 46 444 532
4 26 135 466 552
4 67 178 270 353
6 3 195 281 374 512 543
2 43 125
3 111 455 495
2 14 25
7 7 58 336 388 425 490 525
2 19 89
3 39 152 407
3 5 44 396
3 3 26 321
2 210 451
3 14 152 564
4 14 446 525 531
4 0 21 263 421
2 8 68
2 121 450
3 0 9 380
3 2 153 428
3 12 86 547
6 21 168 250 269 298 563
3 104 144 276
2 5 144
2 4 148
3 2 4 471
2 32 140
3 8 13 315
3 155 211 251
5 134 204 251 366 459
3 46 198 586
1 24
3 56 174 585
4 1 50 282 297
2 78 150
2 213 236
4 243 244 515 561
5 99 112 481 504 553
5 32 165 326 498 526
3 146 181 402
5 88 126 320 410 573
3 119 130 287
6 1 158 288 517 542 563
2 40 50
3 3 60 538
2 2 18
3 2 12 598
3 28 173 349
3 18 230 368
1 60
2 85 172
3 4 20 286
1 143
5 9 58 274 354 495
4 70 236 358 518
4 109 217 359 367
3 1 10 588
6 61 140 492 519 568 587
3 19 186 560
5 188 268 339 434 501
2 32 132
3 195 237 417
3 59 213 477
2 10 190
4 62 183 347 393
1 170
4 114 218 402 507
4 27 248 425 458
2 21 90
3 12 44 521
2 9 214
3 9 266 367
2 64 256
3 257 345 456
3 36 191 509
3 126 144 329
5 3 142 333 427 510
7 15 69 295 343 376 416 536
2 20 118
4 21 111 537 573
2 1 292
2 37 61
3 58 248 487
3 20 236 503
2 137 173
3 10 131 327
2 5 63
5 6 161 364 397 594
2 106 577
2 44 126
4 27 167 438 565
2 43 122
4 62 90 460 582
2 13 56
6 2 124 324 350 424 491
3 57 150 513
2 1 31
2 12 166
2 83 200
4 108 211 426 570
4 155 242 321 553
1 28
4 3 68 416 479
3 32 197 451
2 6 136
3 50 255 405
3 226 315 534
3 55 104 370
4 29 30 363 483
2 11 309
3 5 99 565
3 77 253 580
2 151 300
2 88 144
2 40 290
2 65 123
3 85 155 360
2 2 69
3 44 291 365
3 140 144 420
2 9 147
2 210 222
3 0 68 545
3 7 36 474
3 2 274 575
2 98 107
2 21 26
3 6 176 537
3 183 292 510
1 109
3 126 288 364
1 121
4 32 279 391 506
2 9 208
2 158 262
2 62 309
1 93
2 127 134
2 90 217
2 2 268
3 3 166 576
2 12 39
2 79 106
3 22 269 399
2 3 270
2 52 331
3 48 202 489
1 175
2 0 323
3 302 345 569
3 60 333 424
2 4 244
2 270 286
3 28 263 567
2 182 189
3 123 322 528
2 3 161
2 154 179
2 6 33
4 12 218 464 555
1 32
2 4 292
3 38 46 499
2 110 183
3 98 202 484
1 233
3 59 121 514
1 15
3 4 73 406
3 4 179 588
2 103 205
3 56 176 389
2 14 195
2 41 222
2 4 386
2 62 93
3 347 446 572
2 0 101
2 145 279
4 18 114 448 468
2 175 453
2 133 225
3 302 486 536
1 409
2 10 358
3 10 126 530
3 128 214 435
2 254 281
3 11 96 467
2 31 136
1 320
2 31 383
2 3 224
2 33 76
4 398 454 561 564
2 255 492
4 49 104 430 589
3 12 58 587
2 58 114
2 63 72
3 79 174 552
6 292 317 471 476 482 551
3 6 276 592
4 13 41 498 590
1 131
2 58 334
2 137 230
4 43 124 474 550
1 104
2 309 365
2 222 282
3 141 314 581
2 134 291
2 43 234
2 26 213
2 100 411
3 98 436 558
2 131 202
2 26 46
1 274
1 401
2 28 431
2 14 101
2 143 305
2 42 55
4 12 89 491 592
2 23 140
3 0 64 598
3 20 150 557
3 206 215 504
2 35 181
2 229 391
2 3 5
2 144 394
3 42 46 533
2 58 232
2 227 318
2 20 64
2 7 395
2 71 409
2 50 220
3 1 288 567
3 39 140 487
2 1 282
3 122 244 472
2 66 307
1 96
2 50 210
3 44 210 599
2 23 374
2 29 50
3 68 216 596
1 403
2 144 394
3 51 189 529
2 4 84
2 240 416
3 12 459 476
2 136 150
2 338 422
3 11 79 490
2 416 472
1 277
3 1 58 591
3 12 317 568
2 2 143
2 37 252
3 1 416 516
2 68 323
2 12 379
2 8 58
2 134 397
2 297 457
2 57 150
2 2 361
2 222 475
2 309 440
2 272 410
2 109 197
2 1 24
2 220 268
2 26 176
2 35 125
2 253 418
2 49 377
2 41 213
2 35 274
2 6 72
3 203 298 547
2 252 444
2 23 183
2 15 347
2 21 281
1 181
2 63 289
2 291 343
2 50 51
2 154 218
1 310
3 195 381 562
2 131 251
2 11 482
3 21 257 575
2 2 269
3 86 272 524
1 53
3 164 284 571
2 19 62
1 53
1 519
2 222 229
2 83 253
2 1 79
2 48 370
2 78 469
2 20 400
1 229
2 181 215
2 41 449
1 321
2 37 58
2 292 397
2 294 342
2 109 259
2 0 30
1 6
3 65 100 560
2 46 257
2 96 218
2 13 212
2 42 337
2 90 95
2 235 503
1 185
1 203
2 9 422
2 176 416
2 216 415
3 252 315 594
1 88
2 55 374
1 24
2 9 443
1 431
2 6 119
2 273 541
2 251 409
2 119 514
2 236 257
2 228 409
2 305 325
2 140 198
2 368 456
2 272 479
2 211 364
2 144 314
2 161 521
2 12 391
2 255 294
2 11 210
2 339 517
2 68 355
2 178 303
2 50 151
2 108 181
2 20 326
2 167 426
2 99 307
2 127 199
1 126
2 48 247
2 12 245
2 272 412
2 271 384
1 411
2 121 418
2 37 478
2 417 440
2 40 85
2 302 553
2 3 41
2 1 466
2 1 104
2 261 442
2 203 463
