200
14 1 2 4 6 7 11 14 18 19 23 41 42 51 73
12 0 3 5 10 11 15 26 34 71 110 119 178
9 0 3 6 8 12 50 69 74 89
9 1 2 4 5 8 31 68 90 93
15 0 3 9 13 14 17 25 31 32 76 109 112 133 141 171
5 1 3 65 145 154
11 0 2 7 9 55 70 74 125 127 148 157
7 0 6 21 25 62 130 132
11 2 3 10 12 20 35 40 98 100 101 189
4 4 6 16 45
8 1 8 27 61 110 114 120 140
8 0 1 16 36 39 148 157 161
12 2 8 13 22 24 26 28 33 86 99 113 138
13 4 12 15 22 23 40 42 71 101 113 140 181 199
5 0 4 18 44 97
2 1 13
4 9 11 20 60
8 4 27 30 79 81 86 109 137
6 0 14 36 171 172 187
6 0 21 46 48 84 123
3 8 16 64
3 7 19 149
3 12 13 28
6 0 13 69 70 156 169
5 12 32 35 41 91
6 4 7 30 58 94 121
2 1 12
6 10 17 134 29 52 197
4 12 22 123 163
4 27 45 80 95
5 17 25 44 77 184
3 3 4 152
6 4 24 34 63 84 111
2 12 53
4 1 32 66 92
6 8 24 37 85 96 98
4 11 18 88 159
4 35 118 149 191
1 72
4 11 53 161 178
5 8 13 65 153 168
3 0 24 73
4 0 13 57 99
2 46 60
2 14 30
4 9 29 56 72
4 19 139 43 47
2 46 51
6 19 90 96 104 127 196
3 151 154 175
2 2 61
3 0 47 95
2 27 125
9 131 33 39 57 117 122 129 162 193
5 143 152 62 68 115
7 6 59 63 67 100 121 189
5 45 64 80 94 169
5 42 53 66 175 185
2 25 146
8 153 55 155 77 78 88 120 176
3 16 43 166
2 10 50
5 7 54 105 188 199
4 32 55 91 102
4 20 56 126 128
3 5 144 40
3 34 57 82
2 55 124
3 3 144 54
2 2 23
3 6 23 118
2 1 13
3 38 45 83
4 0 41 79 108
3 2 6 126
2 141 102
1 4
8 30 59 156 105 173 177 179 193
1 59
2 17 73
3 29 56 83
5 131 17 135 166 195
1 66
4 136 158 72 80
2 19 32
2 35 93
5 12 17 134 139 155
2 135 173
2 36 59
2 2 122
2 3 48
5 24 142 146 63 164
1 34
5 3 138 85 174 115
2 25 56
5 29 51 97 107 177
2 35 48
2 14 95
2 8 35
2 12 42
3 8 55 129
3 8 13 124
2 63 75
1 176
2 48 183
3 147 62 77
2 150 190
2 95 112
1 73
2 4 17
3 1 10 198
2 32 167
4 4 150 185 107
2 12 13
1 10
4 147 54 172 93
1 145
1 53
2 37 70
1 1
3 10 59 128
2 25 55
2 53 89
2 19 28
3 67 101 183
2 6 52
2 64 74
3 6 48 186
2 64 120
2 53 100
2 7 160
3 81 53 133
1 7
3 4 131 159
2 86 27
2 81 87
1 83
1 17
3 12 93 184
3 46 86 194
3 10 13 180
3 4 75 198
1 91
1 54
3 68 65 165
2 5 116
2 91 58
2 105 115
3 6 11 191
2 21 37
3 106 112 167
1 49
2 31 54
2 40 59
4 5 49 162 192
2 59 86
2 23 77
2 6 11
1 83
2 133 36
1 130
2 11 39
2 53 154
1 28
1 91
1 144
2 60 81
2 150 111
1 40
2 23 56
1 188
2 4 18
3 18 115 182
2 77 87
1 93
2 49 57
2 59 103
2 77 95
2 1 39
1 77
1 140
1 13
1 172
2 104 124
2 138 30
2 57 112
1 127
1 18
2 62 170
2 8 55
1 106
2 37 148
1 154
2 53 77
1 139
1 81
1 48
1 27
2 141 110
2 13 62
