200
18 4 6 10 11 13 25 43 62 64 74 80 89 128 133 137 162 165 191
8 2 12 14 17 30 42 48 151
9 1 3 4 26 57 58 69 81 127
13 2 5 7 8 9 11 13 15 46 95 100 173 175
13 0 2 16 20 26 56 76 83 87 113 130 184 193
5 3 7 22 61 70
3 0 70 150
10 3 5 14 18 19 55 139 156 185 191
11 3 12 47 48 50 66 88 94 108 115 199
2 3 90
3 0 166 178
5 0 3 130 23 117
8 1 8 19 24 36 43 49 157
2 0 3
10 1 7 30 36 38 53 73 75 104 122
12 3 20 40 58 71 84 92 98 125 145 161 192
9 4 32 34 64 77 152 164 190 197
4 1 45 154 184
5 7 41 61 134 198
4 7 12 54 137
5 4 15 21 37 102
1 20
6 129 5 23 29 31 93
5 11 22 34 47 81
7 12 28 33 39 68 106 174
6 0 38 120 149 168 172
7 2 4 32 39 53 118 187
2 51 112
4 24 68 158 172
3 22 35 85
3 1 14 31
4 22 30 67 114
3 16 26 159
1 24
7 16 23 35 49 52 59 119
3 29 34 44
5 12 14 65 103 196
4 20 124 125 169
5 14 25 54 69 182
6 129 24 26 55 78 80
5 15 136 123 160 180
6 132 18 60 66 77 177
3 1 94 109
4 0 12 92 167
5 35 56 63 155 175
2 17 138
4 3 50 87 107
3 8 23 128
2 1 8
8 12 141 34 144 75 84 86 185
6 8 141 146 46 51 83
6 27 50 99 121 188 194
1 34
4 14 26 78 178
3 19 136 38
3 7 39 149
2 4 44
3 2 73 86
3 2 15 108
1 34
4 41 152 91 101
5 5 18 65 104 124
2 0 67
1 44
4 0 16 147 186
3 36 61 72
2 8 41
3 31 62 103
4 24 28 95 98
4 2 135 38 90
4 5 6 153 161
1 15
2 65 101
3 14 57 112
2 0 96
4 14 147 49 173
4 4 153 158 181
2 16 41
3 39 151 53
1 170
2 0 39
2 2 23
1 123
2 4 50
3 15 49 111
2 29 195
4 143 49 57 107
5 4 132 46 118 126
3 8 154 189
2 0 197
5 9 150 156 69 165
1 60
2 15 43
2 22 96
2 8 42
3 3 68 114
4 74 176 93 120
1 160
2 15 68
1 51
2 3 111
2 60 72
2 20 192
3 36 67 115
5 14 61 171 186 105
1 104
1 24
2 46 86
2 8 58
1 42
1 127
3 148 84 100
2 27 73
2 4 131
3 31 163 95
2 8 103
2 179 183
1 11
2 26 87
2 34 148
2 25 96
1 51
2 14 190
4 138 40 82 179
2 37 61
4 15 37 188 189
3 142 87 181
2 2 110
3 0 47 162
4 22 39 131 168
3 4 11 196
2 129 113
2 87 41
1 0
1 18
1 69
2 40 54
2 0 19
2 123 45
2 7 198
1 145
3 49 50 182
1 126
1 86
3 49 159 170
2 15 140
1 50
2 75 64
3 119 111 169
3 25 55 171
2 6 90
2 1 78
2 16 60
2 70 76
2 17 88
1 44
2 7 90
1 12
2 28 76
2 32 144
2 40 97
2 15 70
2 0 128
1 114
2 16 167
2 0 90
1 10
3 43 164 180
2 129 25
2 37 148
2 144 79
2 149 104
2 25 28
2 3 75
1 24
3 3 44 199
1 96
1 41
2 10 53
3 123 116 193
2 40 167
2 76 126
2 141 38
1 116
2 4 17
2 7 49
2 64 104
1 26
2 51 125
2 88 125
2 16 122
2 0 7
2 15 102
2 4 179
1 51
1 85
2 130 36
2 16 89
2 18 139
2 8 175
