200
18 1 2 3 5 6 7 8 13 14 16 20 34 53 66 76 92 113 153
5 0 4 29 39 133
16 0 3 5 6 19 26 32 35 84 104 105 117 119 123 164 187
21 0 2 4 9 10 11 12 13 29 40 52 64 69 78 84 128 133 169 185 194 199
7 1 3 7 33 44 95 114
6 0 2 8 23 93 116
14 0 2 9 10 22 28 40 62 65 103 129 142 156 191
10 0 4 22 27 32 33 41 46 81 182
4 0 5 106 108
10 3 6 11 17 24 37 42 45 58 152
9 3 6 17 25 31 47 48 54 62
5 3 9 35 130 163
8 3 31 34 42 91 113 147 151
10 0 3 15 26 30 55 73 139 144 171
4 0 25 36 43
1 13
4 0 20 57 82
7 9 10 54 78 86 122 174
1 19
4 2 18 152 157
9 0 16 60 63 68 75 110 120 140
3 45 56 121
4 6 7 43 80
2 5 57
4 9 131 28 97
8 10 14 47 70 81 108 135 193
6 2 13 39 74 97 177
3 7 48 171
3 6 24 89
4 1 3 141 161
5 13 69 88 99 146
6 10 12 41 86 93 165
3 2 7 60
5 4 7 36 55 67
9 0 12 59 122 143 150 154 188 198
4 2 11 53 178
6 125 14 33 123 161 184
2 9 101
3 50 89 92
5 1 26 66 71 87
4 3 6 106 120
5 7 31 115 189 191
3 9 12 158
8 14 22 46 109 112 142 151 158
1 4
3 9 21 145
5 7 43 49 51 61
4 10 25 72 116
3 124 10 27
2 46 184
2 38 159
2 46 52
6 3 51 64 65 79 181
4 0 35 138 159
8 124 125 10 17 130 94 98 154
2 13 33
2 21 90
3 16 23 139
2 9 77
3 34 172 192
3 20 32 94
3 46 80 169
3 6 10 134
1 20
4 3 52 176 188
4 6 52 74 90
4 0 39 72 103
2 33 76
1 20
3 3 30 77
2 25 112
3 39 109 192
4 47 148 66 162
2 13 110
3 26 144 65
2 20 146
2 0 67
3 58 69 82
4 3 17 107 173
1 52
3 22 61 107
2 7 25
3 16 149 77
2 132 85
3 2 3 137
2 136 83
2 17 31
1 39
4 30 138 177 186
3 28 38 102
4 56 65 160 180
1 12
3 0 38 195
5 5 31 166 172 176
4 54 149 60 114
2 4 100
1 127
6 126 24 26 136 118 121
1 54
1 30
1 95
2 37 118
8 126 147 150 89 174 104 105 111
2 6 66
5 2 140 170 102 119
3 2 156 102
2 8 40
5 141 148 78 80 170
2 8 25
2 43 71
3 20 73 183
1 102
3 43 70 168
2 0 12
2 4 94
2 41 117
2 5 47
2 2 115
6 155 97 101 185 195 199
2 2 104
2 20 40
2 21 97
5 17 34 135 163 164
2 2 36
3 54 48 168
2 54 36
3 97 102 134
2 96 182
1 3
1 6
3 11 54 167
3 24 160 197
1 83
4 1 3 143 145
3 126 62 153
2 25 122
2 97 85
1 84
4 88 53 157 190
3 13 57 196
2 20 104
2 29 107
2 6 43
2 133 34
2 13 74
2 133 45
2 30 75
2 12 102
2 72 107
2 94 82
3 34 102 190
2 12 43
2 9 19
3 0 134 189
2 34 54
2 118 175
2 6 105
2 19 138
2 42 43
2 50 53
2 131 90
2 29 36
1 72
2 11 122
2 2 122
1 31
1 93
1 130
2 124 112
2 3 61
3 107 104 194
2 13 27
2 59 93
1 78
2 17 102
1 155
2 64 93
2 26 88
1 35
1 180
2 90 179
1 52
2 7 127
1 110
2 36 49
2 3 118
1 88
1 2
2 34 64
2 41 153
2 138 150
2 6 41
2 59 71
1 25
2 3 170
2 92 118
1 139
1 131
1 34
2 3 118
