1000
43 1 2 3 12 13 30 56 64 66 73 75 138 147 154 196 210 215 255 263 328 363 370 444 467 472 490 508 549 580 661 681 704 760 766 771 829 834 849 853 882 914 925 996
6 0 29 79 152 494 714
66 0 3 4 5 6 7 8 11 13 14 15 16 19 21 26 27 31 36 41 46 60 63 89 93 101 114 123 140 180 206 231 236 257 261 271 273 316 324 326 353 364 367 390 395 440 464 480 482 490 495 524 556 587 597 644 660 687 691 744 854 876 904 929 961 969 987
59 0 2 4 5 7 31 37 47 50 51 53 59 62 67 94 96 99 105 113 148 169 221 240 250 264 274 346 358 359 396 399 426 431 447 454 481 497 516 520 528 536 537 539 543 569 570 589 619 622 682 758 768 770 804 832 837 855 870 981
59 2 3 6 9 11 12 15 17 24 38 43 47 49 67 80 81 97 111 126 153 158 162 164 166 181 184 187 192 212 217 230 232 238 294 309 320 321 325 338 340 391 428 443 469 489 574 587 613 622 671 731 738 739 821 863 915 955 989 992
9 2 3 8 19 108 119 132 843 844
16 2 4 14 18 23 24 54 89 117 131 169 578 642 649 819 977
30 2 3 9 10 22 32 35 48 135 146 156 166 179 198 236 365 373 411 456 478 506 518 531 557 604 687 695 749 782 825
9 2 5 16 62 563 629 677 706 741
19 4 7 10 26 28 44 71 195 207 357 435 530 561 673 715 820 889 907 928
7 7 9 29 87 314 481 972
30 2 4 28 53 74 79 108 120 157 182 223 257 271 354 385 424 425 479 509 528 532 534 541 562 575 599 607 773 976 980
13 0 4 25 33 39 71 73 94 107 139 260 559 862
37 0 2 20 21 27 32 44 50 87 107 139 141 170 185 254 298 300 304 322 363 427 449 499 591 595 621 645 650 675 731 801 814 824 827 886 944 962
17 2 6 20 37 93 165 197 234 268 382 433 456 496 602 703 733 852
14 2 4 38 145 170 171 221 392 444 618 756 763 880 889
24 2 8 17 18 23 25 46 57 74 83 96 161 207 220 222 371 416 419 422 451 470 592 617 686
9 4 16 40 59 194 239 299 324 394
3 6 16 923
9 2 5 22 34 126 332 582 616 913
22 13 14 35 64 65 101 172 226 245 246 259 374 411 436 459 460 555 607 647 655 750 787
19 2 13 33 58 78 122 129 225 290 530 545 554 596 628 673 730 808 988 999
20 7 19 30 39 66 68 91 116 149 186 217 272 312 401 428 585 643 705 822 840
7 6 16 293 340 420 529 711
11 4 6 70 102 143 183 201 261 515 669 692
16 12 16 43 58 173 190 265 368 394 421 512 564 573 609 681 745
5 2 9 34 45 330
5 2 13 54 405 409
20 9 11 52 90 124 130 165 178 222 269 288 303 315 482 485 708 746 813 835 925
19 1 10 69 90 104 115 121 171 179 195 199 235 244 256 448 600 764 860 942
17 0 22 42 91 103 142 191 197 369 406 419 504 547 606 614 809 811
3 2 3 134
14 7 13 72 112 245 307 427 498 595 676 719 742 869 884
19 12 21 40 52 75 76 82 100 114 127 128 292 413 430 493 750 888 904 957
6 19 26 85 244 297 402
18 7 20 36 51 102 111 118 160 183 344 361 457 544 560 586 705 875 973
15 2 35 42 78 106 109 181 352 403 417 546 599 775 930 982
14 3 14 82 98 100 122 124 142 146 295 501 720 852 893
9 4 15 41 167 283 349 389 412 486
19 12 22 55 86 121 141 158 164 188 191 246 361 439 601 658 707 726 796 933
9 17 33 286 389 570 768 812 829 931
24 2 38 163 203 204 208 209 213 214 237 239 243 438 474 478 538 576 670 677 706 717 725 817 826
21 30 36 55 56 63 72 83 143 155 228 262 278 309 452 462 487 522 533 827 857 888
17 4 25 48 57 60 85 200 227 233 269 435 453 477 526 626 722 794
19 9 13 45 149 151 160 175 211 287 338 407 410 416 425 571 612 766 783 853
4 26 44 49 790
3 2 16 438
6 3 4 68 92 99 979
6 7 43 97 278 412 803
5 4 45 252 619 998
7 3 13 98 370 421 514 826
10 3 35 106 162 362 436 488 686 715 720
5 28 33 123 226 526
2 3 11
3 6 27 402
11 39 42 154 233 270 296 382 409 719 924 940
11 0 42 167 203 347 401 515 606 694 897 918
11 16 43 69 187 322 331 426 623 699 815 881
7 21 25 70 362 390 535 799
11 3 17 61 65 134 251 318 384 680 816 937
11 2 43 61 125 147 301 333 462 503 513 727
7 59 60 178 364 441 628 732
7 3 8 77 501 557 567 668
20 2 42 84 109 133 137 168 199 205 229 291 461 718 804 844 871 920 945 983 989
12 0 20 180 219 258 266 281 295 605 704 786 800
11 20 59 76 215 293 355 388 473 550 661 767
6 0 22 150 306 429 667
7 3 4 88 92 314 618 894
10 22 47 110 161 286 334 455 598 698 712
10 29 57 86 104 272 299 333 565 582 895
10 24 58 88 103 224 282 332 383 791 795
13 9 12 116 486 683 724 845 847 890 926 934 935 960
16 32 42 95 133 194 247 277 350 447 577 653 691 723 762 841 850
11 0 12 77 80 120 140 385 472 629 913 934
4 11 16 81 732
4 0 33 344 713
5 33 65 119 306 499
6 62 73 276 347 378 624
6 21 36 216 379 407 420
9 1 11 115 155 282 581 597 671 890
15 4 73 84 127 128 213 277 280 296 308 336 497 627 654 802
8 4 74 113 290 529 589 669 792
6 33 37 163 356 405 894
9 16 42 95 110 112 284 339 567 922
9 63 80 105 125 148 317 350 698 984
2 34 43
7 39 69 136 186 253 410 959
7 10 13 159 273 359 464 983
5 67 70 550 702 748
4 2 6 553 753
12 28 29 317 431 646 716 785 836 839 936 968 990
6 22 30 144 145 242 384
3 47 67 974
11 2 14 117 153 172 188 268 337 413 800 878
8 3 12 211 393 480 491 514 830
2 72 83
3 3 16 917
4 4 48 883 906
8 37 50 137 144 626 640 784 874
8 3 47 177 305 373 666 667 918
4 33 37 352 521
8 2 20 175 241 336 400 624 998
2 24 35
3 30 70 285
4 29 69 505 639
2 3 84
17 36 51 138 189 242 284 287 311 315 418 531 534 583 584 651 930 995
5 12 13 129 345 963
9 5 11 130 173 234 298 692 842 946
4 36 63 218 736
6 68 83 118 184 214 915
14 4 35 193 225 249 262 342 445 590 593 646 696 723 960
4 32 83 238 493
4 3 81 202 448
4 2 33 168 275
6 29 79 135 300 346 617
3 22 71 325
4 6 93 240 761
6 35 110 193 230 258 400
7 5 76 329 343 676 711 820
5 11 73 376 483 992
3 29 39 434
9 21 37 190 289 334 518 662 907 967
5 2 52 176 320 511
12 28 37 136 177 185 209 279 323 339 357 776 792
8 60 84 132 157 305 330 455 577
6 4 19 196 248 252 418
6 33 80 176 200 264 329
7 33 80 131 182 366 591 757
3 21 107 319
4 28 108 662 697
3 6 128 349
5 5 125 228 517 521
3 63 72 546
6 31 59 292 585 631 842
2 7 115
4 86 124 152 303
4 63 98 331 902
3 0 106 341
7 12 13 156 189 251 484 743
5 2 73 392 797 892
3 13 39 229
7 30 37 206 259 777 781 910
2 24 42
7 91 98 151 274 348 417 770
4 15 91 159 201
10 7 37 266 378 446 670 728 771 862 922
9 0 60 150 241 424 527 598 858 975
6 3 84 174 342 625 693
8 22 44 174 276 463 469 594 611
6 66 147 235 267 294 608
6 44 144 237 313 779 967
2 1 136
6 4 93 253 318 466 938
4 0 55 231 283
6 42 79 366 388 630 867
2 7 139
3 11 125 572
5 4 39 321 449 459
4 87 145 811 982
3 35 44 398
5 16 68 429 772 874
4 4 51 674 741
2 41 82
7 4 39 198 701 828 865 985
5 14 28 408 694 966
2 4 7
9 38 56 381 446 523 588 866 877 905
6 63 114 232 247 280 451
8 3 6 297 399 509 708 763 887
3 13 15 450
5 15 29 224 311 442
2 20 93
3 25 108 884
7 148 149 319 345 716 740 781
4 44 101 423 832
10 123 127 216 288 463 520 609 783 859 969
4 99 124 204 645
4 28 61 496 637
12 7 29 227 254 372 377 555 586 737 740 834 883
6 2 64 327 351 457 512
3 4 36 192
4 11 128 642 733
4 24 35 442 939
4 4 110 248 919
4 13 124 519 564
7 22 86 316 375 408 739 980
2 4 57
3 39 93 202
6 106 139 219 685 835 997
5 25 122 208 658 831
9 30 39 205 210 386 450 757 858 951
2 4 181
6 111 118 223 267 780 911
3 17 72 218
4 9 29 348 690
3 0 126 360
4 14 30 243 433
2 7 164
3 29 63 809
6 43 127 220 313 396 460
3 24 145 722
2 113 188
2 41 56
11 41 177 326 343 360 543 556 754 762 882 886
3 63 191 337
5 2 142 304 685 780
5 9 16 212 381 847
5 41 190 387 437 440
3 41 124 404
3 0 191 263
2 44 94
5 4 207 255 351 654
5 41 80 536 593 796
2 41 110
3 0 65 502
5 78 176 638 656 836
3 4 22 312
4 109 194 291 524
2 64 189
7 16 200 371 397 508 566 855
3 3 15 754
4 16 28 489 554
3 11 193 799
4 70 171 471 513
2 21 111
3 20 52 688
2 43 179
3 42 132 335
4 63 141 393 851
3 4 118 541
5 2 154 580 697 727
6 4 168 310 356 517 920
6 43 55 632 633 702 856
11 14 108 249 250 256 279 672 752 810 863 939
2 29 150
5 2 7 365 871 879
6 41 151 260 387 483 627
8 4 112 289 473 680 864 937 958
7 17 41 281 372 465 471 778
5 3 117 341 519 885
4 101 147 308 583
7 91 106 265 307 468 765 851
5 41 197 500 805 814
4 29 34 551 639
7 20 32 275 285 745 815 823
4 20 39 678 695
2 72 168
2 126 184
3 111 234 507
4 3 234 441 616
2 59 139
5 49 126 302 445 571
4 86 153 641 703
3 13 179 270
2 0 212
3 29 234 506
5 2 11 615 831 846
2 64 118
4 20 142 368 540
2 12 237
2 2 24
7 42 111 353 476 553 743 927
6 0 210 415 776 921 971
2 3 127
4 25 242 379 656
2 64 146
3 150 193 502
3 14 93 777
6 28 43 406 453 840 865
2 55 254
3 2 11 386
2 22 69
5 2 87 651 952 986
5 3 144 476 663 761
2 114 245
3 77 149 475
4 72 80 724 877
4 42 48 488 861
4 124 234 415 729
2 80 168
2 64 239
4 70 79 403 810
2 38 154
6 83 106 605 700 896 933
3 103 245 668
2 40 68
2 44 106
7 28 176 354 367 573 709 833
5 122 238 475 560 779
4 21 81 375 603
4 63 218 495 632
4 33 134 310 838
4 23 65 301 525
4 4 150 439 549
6 37 64 414 568 635 693
2 55 80
3 34 169 374
2 13 108
4 17 69 369 466
3 13 115 302
5 60 293 664 764 941
2 252 300
3 28 136 928
3 13 206 500
5 99 125 458 505 868
5 66 76 327 532 540
4 32 242 648 712
4 80 241 383 434
2 4 42
6 232 292 323 730 735 798
2 106 171
5 22 217 773 857 867
4 151 200 422 516
2 10 67
3 28 106 936
2 2 186
2 84 90
4 59 153 522 881
6 129 174 397 432 562 891
3 4 123 566
3 4 158 380
4 13 57 537 943
6 124 310 355 391 458 901
3 2 17 744
4 4 116 610 975
3 2 204 717
5 180 306 328 414 794
5 0 327 751 760 805
3 119 127 498
2 26 125
6 57 137 465 758 808 942
3 19 70 657
6 60 69 376 548 675 848
4 68 122 335 358
4 228 334 559 807
3 80 101 700
2 93 205
3 4 44 631
7 83 124 377 395 608 644 873
4 4 23 380 968
2 138 240
2 111 148
3 119 204 423
3 35 75 899
2 107 174
2 3 115
3 56 77 633
5 144 195 487 924 965
3 38 131 492
2 72 84
6 180 212 484 542 551 660
2 36 100
4 2 262 494 981
2 11 288
3 65 323 748
3 82 232 468
6 9 124 470 545 678 978
3 3 334 454
2 3 87
2 196 204
2 35 39
2 51 58
3 0 13 398
3 2 61 452
3 7 236 665
3 128 155 902
2 2 288
4 25 259 637 898
3 30 299 437
3 0 50 954
2 16 220
3 179 239 503
2 7 99
2 20 297
4 186 290 592 759
4 120 333 430 785
4 179 339 604 861
3 77 146 492
2 78 265
2 321 340
6 167 207 563 738 916 979
2 14 55
3 70 308 973
3 59 91 538
2 11 73
5 191 271 404 791 824
3 208 237 638
2 65 155
3 38 40 579
2 2 58
5 4 323 479 752 798
2 15 140
5 94 229 603 784 817
3 17 25 822
3 2 339 946
2 3 200
2 220 319
4 160 363 610 774
3 3 169 683
2 101 118
2 22 56
4 34 54 755 944
8 36 282 461 525 552 558 803 910
2 209 386
6 27 82 443 491 729 751
3 30 269 594
4 44 78 707 860
4 165 186 523 601
2 27 55
3 44 86 838
2 7 20
3 38 48 432
2 33 93
2 295 327
4 263 279 568 579
4 16 44 806 909
3 36 144 572
2 106 126
3 16 30 467
2 23 78
5 25 50 477 788 897
2 16 313
2 175 343
3 11 147 511
4 11 44 527 547
4 3 57 872 994
2 13 32
2 4 22
7 66 161 510 623 652 775 916
6 33 376 611 742 812 978
3 3 90 769
2 319 412
2 14 197
2 121 308
2 9 43
2 20 51
3 208 369 615
2 41 46
2 39 294
4 2 208 578 634
5 61 250 507 672 746
4 171 183 653 995
3 4 405 659
2 0 15
2 111 252
2 146 167
2 3 72
4 29 113 565 953
4 13 158 474 828
3 170 191 552
2 16 168
3 42 364 823
5 43 269 548 620 949
2 3 358
5 68 125 539 868 903
3 7 14 696
3 35 180 948
3 305 323 663
2 20 158
2 20 200
2 63 403
4 42 60 574 625
2 149 176
4 2 87 542 737
2 239 331
3 153 299 659
4 0 419 636 718
3 242 356 699
2 4 149
4 16 357 682 996
6 224 239 485 558 575 640
4 0 73 600 789
2 65 238
4 41 449 533 721
2 276 289
2 262 274
2 43 421
2 7 41
2 11 391
3 2 94 602
2 3 10
2 2 28
2 120 237
4 139 351 504 759
7 28 471 510 576 584 905 964
4 38 71 701 941
2 42 348
3 51 278 544
5 4 222 649 714 789
7 0 2 620 674 679 735 912
2 94 405
3 349 378 899
2 33 112
2 1 353
2 2 291
2 14 178
2 3 80
3 32 329 988
2 13 76
3 243 304 756
3 37 62 778
3 215 267 788
4 60 372 747 772
2 30 484
2 104 305
4 7 256 843 954
4 249 441 535 634
4 0 220 635 971
2 11 169
4 429 485 664 807
3 123 424 684
4 25 180 652 952
5 60 224 590 684 909
2 50 94
2 24 56
2 3 313
2 132 232
2 7 122
2 185 240
4 3 176 561 951
2 100 132
3 42 318 596
2 167 408
2 2 218
2 293 403
6 43 52 588 749 866 994
3 147 425 790
2 3 11
2 23 81
2 9 21
2 7 106
2 11 306
2 42 474
3 11 106 813
2 58 507
4 3 213 689 830
3 3 322 650
2 41 384
3 3 455 870
2 259 306
2 11 230
2 351 464
2 3 204
3 35 488 710
3 21 357 825
3 36 133 636
3 30 425 657
2 333 453
2 0 294
6 65 88 612 630 787 872
3 244 351 569
3 403 450 614
3 89 262 613
2 21 222
2 20 179
3 2 204 974
2 7 62
3 403 471 581
3 12 335 818
3 35 289 869
2 9 520
3 11 319 893
4 8 381 947 970
2 25 185
2 69 448
2 220 320
2 62 83
2 295 415
2 3 551
3 3 40 767
2 44 252
2 157 417
2 25 288
2 4 462
3 11 471 854
2 41 485
2 72 125
2 6 440
3 389 415 927
3 0 231 782
2 79 558
2 19 69
2 106 241
3 106 485 643
2 22 134
3 35 179 688
3 2 4 993
3 167 526 964
2 3 81
2 111 513
3 13 128 955
2 16 375
3 111 213 892
3 149 406 734
3 13 32 666
4 21 522 721 962
2 2 79
2 68 147
2 11 36
4 29 472 690 985
3 39 408 878
2 14 480
2 290 393
2 7 377
3 64 284 986
3 30 56 816
2 11 20
4 150 339 901 999
6 25 176 647 709 900 984
3 325 398 621
2 149 430
3 44 550 736
2 4 553
3 30 552 950
2 257 437
3 19 250 786
3 16 115 885
2 15 67
3 3 49 665
2 453 490
3 13 610 947
2 3 4
2 57 429
2 77 101
3 148 462 972
2 43 98
3 80 237 908
6 21 61 648 848 990 991
2 8 73
2 155 550
2 134 338
2 233 291
2 233 347
4 440 507 641 726
2 295 508
2 467 546
3 178 368 689
2 216 387
3 104 244 912
3 98 471 793
2 253 634
3 6 182 940
3 22 584 833
2 2 339
3 13 177 679
2 90 111
2 20 609
3 307 628 887
2 6 489
3 13 537 655
2 106 273
2 429 512
2 72 442
2 80 212
2 20 650
3 216 265 948
3 332 547 908
2 39 190
2 443 466
2 2 351
2 0 65
2 122 130
2 274 458
5 301 510 725 859 959
3 365 619 806
2 99 595
2 66 99
2 62 285
2 24 81
2 41 146
2 4 79
3 234 441 774
2 9 21
3 162 490 950
4 13 333 747 795
2 32 119
2 8 41
3 246 357 845
3 490 645 713
2 59 238
2 0 25
3 3 470 841
2 71 399
3 511 513 837
3 189 206 797
2 16 51
2 2 7
2 226 586
3 536 637 900
2 195 600
3 2 72 819
2 24 108
3 148 295 993
2 56 165
2 7 246
3 111 456 917
3 130 231 728
2 68 84
2 57 468
2 284 336
2 164 486
2 88 233
2 14 253
2 0 64
5 22 35 710 914 957
2 8 41
2 39 407
2 28 169
2 288 609
2 544 705
3 23 119 755
2 68 307
2 75 679
2 1 489
3 9 51 734
2 90 174
2 41 326
3 63 467 802
4 32 55 765 769
2 37 51
2 474 596
2 43 201
2 72 111
2 71 277
4 41 664 931 932
2 39 634
2 60 231
2 146 697
2 279 405
4 21 310 846 864
2 4 13
2 61 74
2 14 182
4 594 715 879 949
2 310 490
2 109 612
2 179 464
2 4 381
2 4 186
5 174 179 753 849 876
2 8 162
2 32 430
3 139 262 977
2 2 324
2 25 245
4 28 441 818 935
2 503 675
3 88 355 898
3 7 526 956
2 20 33
2 328 405
2 234 391
2 89 740
2 204 221
2 402 711
2 15 500
2 128 191
3 3 331 850
2 375 484
2 0 328
2 117 274
3 72 204 801
2 15 169
2 29 301
2 242 719
2 0 44
2 65 570
2 3 40
3 431 719 880
2 3 144
2 0 146
2 161 503
3 11 312 821
2 398 672
2 36 429
3 124 263 963
2 142 268
2 239 501
2 151 289
2 193 206
2 142 174
2 7 580
2 44 176
2 98 393
2 90 376
2 64 616
3 20 550 839
2 421 502
3 472 489 793
2 45 527
3 70 386 923
2 81 124
2 640 789
2 43 327
2 70 675
2 39 213
2 140 685
2 310 391
2 58 223
2 64 93
2 13 762
2 80 718
2 48 403
2 3 63
2 243 328
2 416 665
2 335 510
2 21 331
2 30 199
4 234 282 873 938
3 30 159 926
3 40 430 965
2 28 534
2 13 243
3 57 245 945
2 59 606
2 41 393
2 559 746
2 6 691
2 9 119
2 4 773
2 22 394
3 245 452 921
4 13 386 896 906
2 7 545
2 41 50
2 13 42
3 164 449 919
3 0 40 976
2 94 536
3 190 257 875
2 3 175
2 288 643
2 0 179
2 28 189
2 90 216
2 3 684
3 292 410 856
2 90 787
2 22 269
2 72 682
4 108 134 966 987
2 5 506
2 5 63
2 71 678
2 257 730
2 71 207
2 333 628
2 0 740
2 72 758
2 229 242
2 14 37
2 0 44
2 2 575
2 3 220
2 233 838
2 42 312
2 147 191
2 176 664
2 29 407
2 278 377
2 12 146
2 4 234
2 238 730
2 164 269
2 167 526
2 155 312
2 305 455
2 32 560
2 3 539
2 63 236
2 426 550
2 339 810
2 98 161
2 35 831
2 2 740
3 167 277 891
2 93 601
3 236 734 911
2 15 769
2 57 318
2 0 204
3 97 179 970
2 32 173
2 240 617
2 13 204
2 169 648
3 33 42 903
2 9 15
2 71 79
3 319 877 895
2 140 593
2 37 562
2 67 82
2 69 891
3 284 824 943
2 56 421
2 368 748
2 344 492
2 609 689
2 323 608
2 137 366
2 455 888
2 2 33
3 167 485 932
2 97 824
2 9 122
2 627 657
2 416 513
2 142 403
2 193 879
2 490 639
2 19 73
2 0 705
2 4 110
2 381 429
2 96 696
2 56 99
2 184 828
3 63 232 956
4 263 823 929 958
2 83 146
2 18 791
2 55 348
2 0 28
2 71 811
2 262 579
2 9 303
3 2 921 997
2 36 106
2 40 725
2 725 905
2 39 284
2 71 73
2 71 746
2 90 315
2 59 238
2 153 810
3 183 234 953
2 55 642
2 301 486
2 29 331
2 322 896
2 13 402
2 63 815
2 108 395
2 563 621
2 457 656
2 453 734
2 614 674
2 191 520
2 273 512
2 448 939
2 370 506
3 4 591 961
2 749 920
2 33 705
3 238 921 991
2 86 664
2 71 111
2 2 955
2 13 596
2 107 776
2 485 588
2 348 812
2 165 842
2 122 151
2 90 340
2 2 176
2 563 883
2 263 508
2 10 625
2 35 383
2 92 556
2 147 325
2 11 829
2 6 743
2 357 430
2 47 381
2 11 186
2 3 353
2 36 159
2 63 87
2 84 609
2 164 600
2 273 605
2 2 842
2 21 498
2 4 63
2 90 628
2 628 958
2 4 120
2 587 693
2 426 526
2 106 442
2 0 470
2 189 929
2 49 101
2 21 608
