600
23 1 2 3 12 13 28 50 58 60 67 114 119 145 152 181 186 231 450 475 481 518 520 527
5 0 27 72 324 454
42 0 3 4 5 6 7 8 11 13 14 15 16 18 20 25 29 34 39 44 54 57 81 83 89 97 103 115 136 150 170 185 193 222 250 259 262 277 310 325 427 442 561
34 0 2 4 5 7 29 35 47 53 56 61 84 91 96 120 130 173 187 194 255 256 293 305 351 352 371 372 386 403 404 473 521 530 591
31 2 3 6 9 11 12 15 17 23 36 41 46 61 73 74 86 94 106 124 127 153 165 166 172 226 229 275 322 404 435 464
7 2 3 8 18 100 110 525
8 2 4 14 22 23 81 130 417
18 2 3 9 10 21 30 33 45 118 135 146 170 260 317 340 348 363 516
6 2 5 16 56 367 451
10 4 7 10 25 26 42 65 254 436 553
5 7 9 27 79 220
14 2 4 26 68 72 137 160 251 292 333 349 376 589 590
12 0 4 24 31 37 65 67 84 93 184 365 534
21 0 2 19 20 30 42 47 79 93 131 139 213 227 328 388 391 420 437 511 515 582
11 2 6 19 35 83 168 191 326 449 461 529
8 2 4 36 131 132 402 472 476
14 2 8 17 22 24 44 51 68 75 126 158 159 265 389
5 4 16 38 53 211
7 2 5 21 32 106 235 557
14 13 14 33 58 59 89 162 178 183 267 309 418 423 470
16 2 13 31 52 71 102 109 205 355 362 392 407 436 459 506 599
10 7 18 28 37 60 62 98 121 140 383
4 6 16 208 347
7 4 6 64 138 185 338 434
12 12 16 41 52 142 188 263 291 336 375 399 466
5 2 9 32 43 233
13 9 11 48 104 134 159 192 203 221 319 452 467 510
10 1 10 63 101 132 135 169 177 477 572
13 0 21 40 90 116 143 264 281 331 357 397 507 509
3 2 3 112
11 7 13 66 95 178 216 327 391 455 537 542
15 12 20 38 48 69 88 97 107 108 207 286 323 470 544 578
6 18 25 77 177 210 279
12 7 19 34 94 99 138 244 258 307 366 384 587
11 2 33 40 71 92 249 280 289 356 483 562
10 3 14 87 88 102 104 116 118 209 529
8 4 15 39 128 246 274 285 320
13 12 21 49 78 101 127 143 258 394 426 458 497 565
6 17 31 274 372 518 563
14 2 36 148 149 151 154 171 176 298 317 377 451 457 517
13 28 34 49 50 57 66 75 125 164 304 321 343 544
14 4 24 45 51 54 77 147 163 167 192 316 346 406 495
11 9 13 43 121 123 202 282 284 373 401 488
3 25 42 46
3 2 16 298
5 7 41 86 285 503
5 4 43 179 403 598
5 3 13 87 291 517
5 26 31 103 162 346
6 37 40 167 455 560 570
6 0 40 128 148 338 397
9 16 41 63 227 234 293 405 445 512
5 20 24 64 350 500
7 3 17 55 59 112 224 568
9 2 41 55 105 119 212 236 330 337
7 53 54 134 259 299 407 460
6 3 8 70 363 369 433
9 2 40 76 111 129 206 525 574 592
12 0 19 136 157 182 189 198 209 396 450 490 501
9 19 53 69 208 252 273 314 359 479
6 0 21 122 215 294 432
7 3 4 80 82 220 402 545
7 21 126 237 306 393 444 453
5 27 51 78 211 236
10 23 52 80 90 161 199 235 272 492 496
7 9 12 98 320 456 566 581
10 30 40 85 111 197 247 378 442 523 528
6 0 12 70 73 115 557
4 11 16 74 460
5 31 59 100 215 328
3 56 67 196
5 20 34 155 270 282
6 1 11 125 199 380 435
10 4 67 76 107 108 154 197 217 239 502
8 4 68 96 205 347 386 434 493
7 16 40 85 95 200 241 369
9 57 73 91 105 120 223 247 444 593
2 32 41
7 37 63 113 140 180 284 580
6 10 13 193 256 310 592
5 61 64 359 448 469
2 2 6
1 61
8 2 14 124 191 240 286 501 540
3 3 12 276
2 66 75
3 4 45 552
7 35 47 117 406 415 489 538
4 31 35 249 342
5 2 19 174 239 598
3 28 64 201
2 3 76
13 34 114 141 175 200 202 221 290 348 381 382 421 562
4 12 13 109 583
8 4 33 144 243 301 387 390 581
4 30 75 172 323
2 3 74
4 2 31 129 195
3 21 65 229
4 33 144 165 182
3 5 69 232
3 27 37 296
9 20 35 142 204 237 340 428 553 585
5 2 48 133 226 335
9 26 35 113 139 228 241 254 484 493
7 54 76 110 214 233 306 378
5 4 18 145 179 290
6 31 73 133 147 187 232
5 31 73 137 261 388
3 20 93 225
5 5 105 164 339 342
3 57 66 356
6 29 53 207 383 409 524
2 78 104
3 0 92 242
3 2 67 498
7 28 35 150 183 485 487 555
5 87 123 194 245 289
6 7 35 189 302 481 534
8 0 54 122 174 292 393 532 588
4 3 76 243 443
3 21 42 196
5 60 119 169 190 398
5 42 117 171 219 585
6 4 83 180 224 311 569
5 40 72 261 273 408
5 16 62 294 482 538
4 4 37 146 447
8 36 50 271 302 344 385 539 551
3 57 97 166
7 3 6 210 333 452 476 543
3 13 15 303
4 15 27 161 300
7 103 107 155 203 399 488 533
4 26 55 326 413
8 7 27 163 266 384 463 465 520
6 2 58 230 248 307 336
4 11 108 417 461
3 23 33 300
3 13 104 341
7 21 78 222 268 283 464 590
4 92 157 439 597
5 24 102 151 426 519
5 28 37 152 303 532
5 94 99 160 190 486
3 0 106 257
2 7 127
5 41 107 158 219 309
2 39 50
2 39 257
5 2 116 213 439 486
3 39 142 297
3 0 143 186
3 4 181 248
5 39 73 351 390 497
3 71 133 424
1 206
2 58 141
5 16 147 265 368 530
4 16 26 322 362
3 11 144 500
4 64 132 313 337
3 19 48 440
2 41 135
3 40 110 238
2 4 99
5 4 129 218 253 339
5 41 49 410 448 531
2 14 508
2 27 122
4 2 7 260 541
3 39 123 184
7 4 95 204 314 535 568 579
3 3 242 341
4 89 119 217 381
5 92 188 216 312 478
4 39 329 504 511
4 27 32 360 414
7 19 30 195 201 466 512 514
4 46 106 301 373
4 78 124 416 449
2 0 153
2 58 99
4 19 116 263 353
2 12 171
2 2 23
6 0 152 288 484 559 586
2 3 107
4 24 175 270 424
2 58 118
2 122 144
3 14 83 485
3 26 41 281
5 2 79 421 577 594
2 3 117
2 97 178
3 70 121 315
4 66 73 456 539
1 58
4 64 72 280 508
6 75 92 396 446 546 565
3 90 178 433
2 42 92
5 26 133 251 262 375
4 102 172 315 366
4 20 74 268 395
4 57 156 325 410
4 31 112 218 522
4 22 59 212 345
5 35 58 287 370 443
3 32 130 267
4 17 63 264 311
5 54 208 429 477 571
3 13 150 329
3 105 308 536
5 60 69 230 349 353
4 30 175 419 453
4 73 174 272 296
6 166 207 228 459 462 499
2 123 147
2 10 61
3 26 92 567
2 2 140
1 76
3 53 124 343
2 109 295
3 4 103 368
4 13 51 352 573
6 104 218 252 275 308 549
4 4 98 400 588
5 136 215 231 287 495
5 0 230 471 475 504
3 100 107 327
2 25 105
4 51 473 506 572
3 18 64 425
6 54 63 269 358 437 526
4 62 102 238 255
4 164 237 365 505
3 73 89 446
1 83
4 75 104 277 398
2 114 173
2 94 120
1 33
3 117 321 560
1 36
2 66 76
6 136 153 318 354 360 427
2 34 88
3 2 324 591
2 11 203
3 59 228 469
2 166 312
3 9 104 355
3 3 237 305
2 3 79
2 145 149
2 33 37
3 2 55 304
3 7 170 430
3 108 125 550
2 2 203
4 24 183 413 547
3 28 211 297
2 16 158
2 135 330
2 19 210
4 140 205 389 474
1 236
2 71 188
3 128 367 558
3 64 217 587
2 59 125
3 36 38 379
3 4 228 499
3 84 395 489
3 2 241 575
1 400
1 32
7 34 199 345 361 364 503 555
2 28 192
2 42 71
3 140 344 394
3 42 78 522
3 36 45 295
2 31 83
2 209 230
3 186 370 379
3 34 117 374
2 92 106
4 24 47 316 491
3 11 119 335
3 3 51 596
7 60 126 334 405 422 483 558
2 225 285
2 101 217
2 151 264
2 39 44
3 55 332 467
2 132 138
2 94 179
2 118 128
3 131 143 361
3 40 259 514
2 3 255
3 62 105 536
3 33 136 576
2 214 228
2 19 147
4 2 79 354 463
2 124 211
3 175 253 445
5 161 319 364 376 415
2 59 172
2 196 204
2 41 291
2 7 39
3 248 331 474
7 26 313 334 377 382 551 584
4 36 65 447 571
2 40 245
3 4 159 454
2 31 95
2 1 250
2 2 206
2 14 134
2 30 232
2 13 69
3 176 213 472
4 54 266 468 482
2 28 318
3 299 350 411
2 11 130
4 294 319 429 505
3 103 292 438
4 24 136 422 577
5 54 161 387 438 554
2 23 50
2 110 166
2 7 102
2 139 173
2 88 110
3 40 224 392
2 128 283
2 208 280
4 41 48 385 596
2 22 74
2 7 92
2 11 215
2 52 332
3 3 154 441
3 3 227 420
2 183 215
2 248 310
3 20 254 516
3 34 111 412
2 28 425
1 236
4 59 80 401 408
3 177 248 371
2 280 303
2 20 159
2 7 56
3 280 313 380
3 12 238 513
3 33 204 537
2 8 271
2 158 226
2 56 75
2 209 288
2 3 360
3 3 38 479
2 42 179
1 289
2 24 203
2 11 313
2 39 319
2 66 105
2 274 288
2 72 364
2 92 174
2 92 319
2 21 112
3 33 135 440
3 128 346 584
2 3 74
2 94 337
2 13 108
2 16 268
2 94 154
3 13 30 431
3 20 343 582
2 62 119
3 37 283 540
2 205 276
3 58 200 594
2 28 50
4 122 241 549 599
5 24 133 418 548 593
2 229 278
2 42 359
2 15 61
3 3 46 430
2 3 4
2 51 294
2 41 87
5 20 55 419 526 595
2 125 359
1 112
2 167 206
3 332 416 458
1 356
3 134 263 441
2 177 556
3 87 313 494
2 180 411
3 6 137 570
2 19 399
3 216 407 543
3 13 352 423
2 92 193
2 294 336
2 19 420
3 155 188 576
2 235 357
2 37 142
2 2 248
1 102
5 212 334 457 533 580
2 260 403
1 391
1 60
2 56 201
2 23 74
2 4 72
2 9 20
4 13 236 468 496
3 335 337 521
3 141 150 498
2 162 384
3 351 413 548
2 2 66
2 120 209
2 62 76
2 51 312
2 200 239
2 127 320
2 80 167
2 14 180
2 0 58
2 8 39
2 26 130
2 62 216
2 1 322
4 30 49 478 480
2 65 197
4 39 429 563 564
2 37 411
3 20 218 535
2 55 68
2 14 137
1 218
2 135 310
2 4 140
2 135 527
2 24 178
4 26 299 513 566
2 330 437
3 80 252 547
2 19 31
1 231
2 15 329
3 3 234 528
2 268 318
2 0 231
2 15 130
2 27 212
2 175 455
2 59 372
1 455
2 0 118
2 126 330
2 34 294
3 104 186 583
2 116 191
2 144 150
1 116
2 42 133
2 87 276
1 58
1 291
1 64
2 74 104
1 415
2 41 230
2 64 437
2 37 154
2 115 439
2 218 275
2 52 160
2 58 83
1 73
2 45 280
2 176 231
2 238 334
2 20 234
1 28
3 168 199 569
1 28
1 26
2 13 176
3 51 178 574
2 365 467
3 178 304 559
3 13 546 552
2 7 355
2 39 47
3 0 38 589
1 142
2 0 135
2 3 438
3 207 284 531
1 66
1 112
2 5 57
2 236 407
2 0 465
2 66 473
2 14 35
2 3 158
2 167 522
2 119 143
2 133 429
2 12 118
2 172 459
2 214 306
2 30 366
2 87 126
2 128 197
2 83 394
1 170
1 30
2 130 419
2 31 40
1 61
3 200 515 573
2 263 469
2 399 441
2 228 398
1 261
3 128 319 564
2 86 515
2 9 102
1 337
2 116 280
1 414
2 18 67
2 271 294
4 186 514 561 579
2 49 245
3 2 559 597
2 34 92
2 38 457
2 457 551
2 37 200
2 65 467
1 221
2 53 172
2 124 508
2 49 417
2 212 320
2 27 234
2 227 546
2 57 512
1 277
2 307 424
2 193 336
1 31
3 172 559 595
2 78 429
2 65 94
2 13 392
2 93 484
2 319 385
2 102 123
1 186
2 33 272
2 119 229
2 11 518
2 11 140
2 3 250
2 57 79
2 76 399
2 193 396
2 407 579
2 293 346
2 141 561
2 46 89
2 20 398
