1000
74 1 2 3 4 6 7 8 10 11 14 16 17 23 24 33 37 40 43 52 53 65 85 87 93 102 103 108 141 148 159 168 197 203 211 214 216 222 225 226 238 249 261 269 282 328 331 341 350 369 397 406 428 486 522 543 560 577 583 594 595 624 654 676 696 729 761 787 802 871 872 908 963 965 992
36 0 4 5 19 21 23 36 80 106 114 127 136 137 164 165 168 173 191 208 342 347 357 363 412 420 460 482 580 589 630 678 701 813 858 873 972
54 0 3 5 11 18 20 26 28 32 38 39 58 60 63 84 85 98 104 115 121 151 157 161 182 184 186 188 192 196 228 233 253 320 330 351 377 410 422 514 556 573 576 607 618 641 646 753 779 784 816 824 833 928 995
32 0 2 9 13 20 25 35 50 72 111 158 213 260 261 264 287 296 313 338 470 525 589 608 652 674 692 705 749 791 920 924 951
56 0 1 6 7 8 10 12 14 19 32 34 41 46 55 76 101 106 128 130 152 153 163 209 220 221 241 262 286 308 309 376 382 392 423 438 459 490 538 570 578 587 591 604 620 653 693 699 738 777 795 808 833 880 944 945 952
14 1 2 17 136 150 184 218 343 349 450 484 673 746 868
45 0 4 9 12 13 15 22 27 33 61 64 69 117 134 179 183 230 238 243 253 280 304 344 402 412 431 440 504 528 550 646 668 673 678 688 721 736 752 753 762 800 804 821 838 915
21 0 4 31 35 52 66 75 79 146 156 177 227 280 498 513 556 588 628 629 679 733
14 0 4 22 45 64 82 95 105 287 468 512 671 691 890
24 3 6 44 49 56 61 86 108 116 144 182 229 250 276 408 436 472 602 699 719 723 785 853 930
12 0 4 68 110 117 296 326 362 364 635 784 921
39 0 2 16 18 29 56 57 71 78 89 99 115 119 125 162 163 180 201 222 290 339 362 368 390 391 432 450 454 464 709 783 790 837 844 855 949 975 991 999
39 4 6 24 27 37 47 57 62 69 73 91 92 100 104 129 147 149 175 189 229 341 438 456 524 542 546 575 577 667 682 715 745 803 805 834 916 960 966 993
6 3 6 48 414 446 655
13 0 4 15 86 93 178 180 262 345 458 478 616 665
11 6 14 21 29 51 81 358 501 506 519 822
3 0 11 49
5 0 5 42 278 704
12 2 11 31 82 121 329 361 443 620 836 853 922
16 1 4 40 47 74 90 123 185 201 312 444 489 547 739 758 828
3 2 3 601
16 1 15 42 54 94 164 187 230 237 304 346 533 636 672 747 879
9 6 8 231 354 388 471 568 708 946
17 0 1 26 51 79 243 244 279 602 702 748 774 788 870 878 896 949
19 0 12 25 70 83 97 237 246 268 276 316 484 503 537 539 696 815 817 885
5 3 24 28 45 935
19 2 23 34 39 107 139 228 350 467 488 544 574 585 590 612 628 697 793 983
30 6 12 30 44 59 67 73 113 158 178 186 198 217 225 314 398 402 479 483 535 643 705 726 746 773 894 957 964 972 978
7 2 25 143 155 491 622 959
23 11 15 30 63 90 101 138 140 165 197 256 343 349 380 462 473 486 487 512 553 789 922 962
10 27 29 76 172 196 295 424 601 674 935
6 7 18 198 302 648 910
16 2 4 36 38 120 134 293 311 408 446 479 524 639 677 683 856
21 0 6 41 43 105 109 194 205 234 271 431 463 480 489 559 595 606 614 651 700 796
3 4 26 506
3 3 7 212
6 1 32 96 333 460 989
3 0 12 135
16 2 32 53 80 258 309 355 370 392 471 475 509 529 703 812 953
2 2 26
16 0 19 60 84 97 161 251 259 324 617 624 647 685 687 814 823
20 4 33 50 54 58 72 89 139 155 174 187 205 220 232 300 332 407 442 466 493
10 17 21 226 370 623 745 763 770 799 989
16 0 33 77 98 133 297 464 501 508 510 529 541 592 737 862 867
35 9 27 46 48 59 66 103 109 112 116 148 151 166 208 247 290 293 336 359 397 454 456 552 588 600 643 685 713 732 741 751 810 896 955 976
8 8 25 55 88 260 305 447 558
10 4 44 124 213 470 485 507 526 695 942
9 12 19 75 100 415 714 881 928 956
8 13 44 190 255 283 565 676 737
4 9 16 95 146
6 3 41 365 661 775 981
11 15 23 154 252 271 279 357 395 611 687 806
8 0 7 120 245 457 475 679 958
21 0 38 68 71 99 110 140 156 160 174 200 219 274 291 406 611 626 779 809 848 923
6 21 41 65 453 498 865
11 4 45 87 107 171 347 513 532 547 758 930
11 9 11 118 204 206 249 504 660 810 821 881
15 11 12 62 67 111 113 145 160 452 603 627 782 875 882 954
6 2 41 92 657 743 986
4 27 44 583 764
12 2 40 126 129 149 207 314 318 403 448 644 664
9 6 9 83 132 150 221 361 539 854
4 12 57 152 321
4 2 29 346 609
16 6 8 74 77 127 128 171 200 217 299 379 605 686 788 897 983
4 0 54 385 964
8 7 44 81 159 167 189 517 909
12 27 57 70 162 179 219 363 373 451 695 752 996
10 10 53 88 96 122 142 143 268 326 424
4 6 12 102 188
7 24 67 167 275 391 515 572
3 11 53 892
6 3 41 272 465 476 815
5 12 27 114 218 312
4 19 64 742 806
17 7 47 91 204 212 248 277 283 285 303 425 493 566 649 663 811 978
14 4 30 78 170 209 210 380 429 447 477 669 711 759 984
3 43 64 242
6 11 76 183 246 306 780
10 7 23 94 137 145 248 416 466 720 778
5 1 38 518 613 694
3 15 66 812
6 8 18 202 481 633 640
10 24 61 199 250 254 269 308 625 722 994
7 2 40 175 266 526 615 850
15 0 2 166 193 319 378 420 452 462 485 716 733 827 863 937
4 9 14 135 675
6 0 55 125 195 206 469
5 45 68 490 870 960
2 11 41
6 19 29 124 270 548 820
9 12 75 119 191 345 517 621 649 717
9 12 58 316 337 430 657 724 768 847
9 0 14 194 263 461 613 664 819 866
5 21 79 131 142 515
10 8 49 138 141 169 224 411 537 731 840
2 36 68
7 24 40 131 245 322 381 545
3 2 43 393
15 11 53 112 181 323 367 394 423 492 523 652 707 771 869 975
7 12 47 130 235 335 467 663
4 4 29 147 651
3 0 69 703
11 0 44 133 144 154 275 292 561 691 794 988
8 2 12 549 636 732 816 874 974
2 8 33
4 1 4 328 554
6 26 55 562 800 889 919
11 0 9 272 288 332 335 518 637 670 898 919
9 33 44 252 284 404 409 510 576 630
7 10 53 256 604 713 803 908
7 3 57 118 126 396 605 873
2 44 99
7 27 57 263 305 425 469 901
5 1 73 418 564 917
2 2 11
3 9 44 311
7 6 10 236 295 417 558 899
6 56 111 286 383 538 711
5 11 91 123 550 903
4 32 52 285 851
7 2 18 122 236 299 593 637
4 68 121 185 277
2 19 119
4 46 90 176 887
12 11 87 132 173 176 211 227 310 317 405 555 594
3 60 111 360
2 1 64
5 4 64 560 596 818
4 12 60 289 418
5 4 100 232 633 718
4 94 97 214 966
5 61 125 627 634 791
3 43 103 632
2 6 32
5 37 86 413 586 668
5 1 5 278 500 793
10 1 79 153 202 333 772 933 934 942 970
5 29 95 233 888 991
5 26 41 203 356 840
5 29 53 266 478 918
6 0 95 195 348 358 400
3 68 94 502
2 28 68
5 9 103 223 352 948
4 57 79 334 371
5 7 49 172 437 533
6 12 101 338 340 536 598
3 0 44 631
3 12 60 193
4 5 61 157 302
4 2 44 409 534
5 4 62 282 342 887
8 4 137 216 234 303 383 449 777
4 51 103 403 587
3 28 41 231
2 7 53
7 2 150 169 199 426 662 979
9 3 27 294 336 386 419 610 662 857
3 0 66 348
9 53 57 235 247 428 434 639 735 988
10 2 40 240 258 307 327 339 514 536 716
8 11 67 210 223 717 761 880 883
4 4 11 557 707
2 1 21
4 1 29 264 693
6 44 85 257 373 608 974
2 66 70
5 0 1 170 575 899
4 95 157 509 990
2 76 168
4 55 64 177 388
4 30 146 190 324
2 1 125
5 41 53 255 376 905
6 12 84 181 274 766 947
5 124 125 369 591 875
3 7 171 866
11 14 27 315 351 385 522 554 590 659 719 861
4 6 67 215 433
13 11 14 224 239 273 329 434 642 650 740 792 854 927
4 99 175 531 830
2 2 9
5 6 78 192 578 913
4 2 5 889 969
3 19 122 783
5 2 27 289 366 769
3 21 41 918
3 2 69 929
3 12 66 400
2 48 172
5 1 91 393 750 767
2 2 183
4 85 149 291 496
2 33 93
9 87 141 241 353 390 483 622 950 959
2 2 30
3 0 29 401
9 27 31 298 453 568 754 891 893 943
8 83 157 207 257 344 433 570 749
4 53 64 541 686
2 11 19
2 82 137
2 0 139
9 56 75 270 407 417 474 497 760 876
4 33 41 215 677
2 56 87
5 60 199 487 619 841
2 1 44
5 4 76 654 688 886
4 76 162 448 567
3 0 125 239
3 35 75 288
7 3 46 399 441 712 807 811
4 0 131 242 839
7 179 205 294 367 500 680 940
4 0 153 645 916
4 27 64 267 998
3 5 73 911
4 53 67 301 666
2 4 41
2 4 61
2 0 11
4 144 162 443 549
10 95 180 325 421 422 565 597 638 859 951
8 0 27 313 401 415 427 614 709
7 0 42 273 284 292 530 968
6 7 125 310 442 579 834
2 2 26
3 9 12 563
3 6 21 948
3 22 155 563
2 41 130
4 2 138 322 553
3 33 153 381
6 100 160 240 413 544 970
5 117 121 244 439 572
5 21 24 325 330 365
6 0 6 366 496 756 929
4 180 211 384 566
4 161 235 340 531
9 4 195 259 317 410 461 465 569 650
2 77 214
10 6 23 251 254 319 323 379 557 672 924
2 23 236
9 52 97 334 697 714 785 825 832 862
2 24 78
5 44 160 281 320 499
10 75 79 265 301 368 511 642 683 830 977
2 0 56
2 9 83
4 40 243 265 861
8 51 109 267 375 546 599 879 933
2 2 6
2 83 243
3 48 174 725
4 29 110 681 731
8 166 199 298 372 444 481 520 997
6 38 161 281 327 398 842
3 40 241 404
6 3 45 451 543 813 907
7 0 3 297 503 580 724 776
4 4 14 352 364
7 93 113 389 432 441 644 954
2 3 165
4 248 251 472 962
4 84 140 315 766
2 217 252
2 24 68
2 0 83
2 90 204
4 33 51 386 992
6 72 108 395 505 808 938
2 180 226
2 53 175
2 70 103
4 9 24 701 907
4 75 122 455 780
7 17 136 353 638 702 843 903
6 23 51 337 542 612 841
9 6 7 437 527 634 656 856 904 980
4 247 258 300 857
4 0 152 355 798
3 48 75 414
3 109 226 321
2 75 120
5 4 118 574 665 947
5 3 8 421 468 690
6 108 212 445 653 770 773
4 129 186 307 900
4 11 44 360 559
5 53 193 389 488 584
2 103 226
3 32 44 839
3 158 215 755
3 30 117 530
8 3 10 331 457 548 610 754 973
7 43 261 306 439 445 741 836
2 198 257
2 64 121
3 41 281 936
3 219 248 387
2 31 150
6 75 153 318 374 384 932
2 6 21
3 45 113 824
3 78 297 436
3 161 289 727
4 4 83 405 864
4 4 38 561 618
2 125 227
3 32 116 374
5 19 73 427 822 981
2 3 225
2 27 60
2 178 266
3 24 92 820
4 125 241 459 920
2 60 303
3 85 243 844
3 2 247 495
3 62 284 600
2 97 233
2 99 243
3 40 172 371
3 224 237 626
3 10 68 801
5 161 258 359 419 750
4 0 106 497 532
4 18 180 795 890
5 2 237 375 535 902
10 0 296 354 372 463 520 708 751 874 939
3 41 108 505
2 36 137
2 145 245
2 100 108
3 44 158 987
3 92 279 499
4 3 147 356 818
2 11 161
3 147 240 525
2 0 12
2 1 152
4 5 29 648 937
3 6 199 623
2 14 91
2 21 63
2 1 55
4 141 159 396 616
5 5 29 377 684 997
2 0 26
4 2 178 399 528
2 144 262
2 195 278
3 22 331 426
2 38 282
2 139 338
3 1 51 871
2 15 141
3 44 327 502
4 126 290 482 704
2 18 61
2 10 11
6 1 67 718 826 869 941
2 10 262
7 50 237 378 645 680 846 939
2 186 238
2 99 215
3 11 248 508
3 0 176 440
5 38 42 458 598 829
3 145 324 781
2 257 331
3 67 166 511
2 303 311
3 252 330 545
3 4 174 585
2 2 349
2 85 365
2 64 243
6 29 76 387 728 786 814
5 97 234 382 474 900
7 4 381 571 671 698 723 787
5 118 153 429 551 778
3 239 303 495
3 65 178 656
3 158 271 435
5 301 380 640 647 789
3 22 171 757
7 263 291 435 477 868 926 998
4 11 195 394 480
2 11 70
4 4 38 521 534
3 98 191 411
3 99 390 882
2 51 272
5 111 348 527 730 956
3 0 44 892
2 27 258
2 213 351
3 141 189 863
4 197 225 491 721
4 6 27 552 769
3 60 154 805
2 109 259
5 125 308 416 819 934
2 0 53
3 41 204 689
4 9 32 846 898
2 109 151
2 2 241
4 95 393 449 936
4 1 6 516 675
2 135 235
2 13 283
3 47 225 728
4 79 405 852 888
3 117 204 831
3 114 129 914
2 158 327
2 1 85
4 224 287 430 666
5 2 224 632 961 971
2 4 99
2 30 68
3 75 113 762
3 157 354 984
3 225 312 977
2 0 160
3 76 383 492
2 92 421
2 6 33
2 11 263
2 179 199
3 160 180 963
4 386 389 494 877
2 9 306
3 146 280 571
5 4 12 540 712 851
2 236 297
2 6 369
2 213 263
2 41 227
4 18 223 895 967
6 19 257 476 494 739 765
2 288 297
2 13 32
2 45 76
4 60 210 455 885
2 153 411
2 5 11
2 67 260
3 57 85 621
2 54 198
5 11 44 592 625 742
3 277 448 831
2 12 44
3 52 296 867
3 14 370 551
2 4 317
2 1 36
2 93 241
2 29 85
2 33 331
3 11 43 473
2 72 241
2 41 79
3 26 100 660
4 8 287 706 835
2 87 113
2 3 46
2 22 38
3 9 265 564
3 29 464 667
2 204 381
3 38 52 895
2 72 444
3 76 389 720
3 14 140 931
2 27 32
4 33 390 523 968
2 82 257
5 1 360 579 581 775
2 27 195
9 5 24 507 582 606 658 670 698 804
2 46 85
2 0 29
4 29 207 631 799
4 26 291 573 593
2 19 33
3 4 88 921
3 28 401 852
3 99 429 730
4 41 75 596 659
3 435 444 826
2 320 384
7 193 238 516 586 661 765 967
3 204 328 945
3 7 54 776
2 247 337
3 136 215 562
5 15 43 607 669 774
2 142 359
4 24 261 599 715
2 6 56
5 272 332 629 850 860
2 15 34
4 46 484 735 982
3 43 368 706
3 38 169 902
3 43 109 540
3 248 373 835
3 8 29 519
5 7 55 609 655 790
2 2 161
4 70 94 521 617
3 412 496 555
2 66 91
3 80 108 736
2 15 512
3 257 331 744
3 392 515 872
2 0 178
4 99 480 849 985
2 12 32
3 3 340 690
3 46 84 995
2 280 396
3 6 351 985
4 38 43 802 917
2 226 295
2 181 240
4 55 328 582 744
3 21 146 843
3 151 392 832
3 27 330 635
3 147 161 567
2 24 95
2 4 118
2 24 61
3 438 510 837
4 43 200 755 760
6 12 279 710 807 855 943
3 0 260 952
2 26 235
2 97 375
3 12 252 877
2 19 55
5 90 296 603 658 969
4 104 223 684 710
3 6 119 757
2 383 458
3 44 402 641
2 29 233
4 106 178 569 845
4 125 516 581 797
2 2 7
2 163 243
4 45 117 729 828
4 33 290 615 722
2 0 128
3 103 309 689
3 107 500 692
3 229 231 842
3 114 472 794
2 48 224
3 75 239 584
2 210 536
3 22 198 767
2 241 554
3 4 199 858
2 382 437
2 70 236
2 2 488
4 26 286 619 932
2 12 168
3 2 109 597
3 0 12 681
2 4 183
2 227 482
2 1 261
2 482 555
3 484 532 911
2 0 59
3 291 566 827
3 26 376 950
2 135 496
3 4 154 925
2 7 44
3 1 3 734
2 26 178
2 4 176
4 43 454 734 817
3 121 488 926
2 0 125
2 0 33
2 128 493
2 224 576
2 147 370
2 252 503
5 44 321 738 884 906
2 20 30
2 9 23
2 57 548
2 4 110
2 64 111
2 33 484
2 2 501
4 3 166 927 938
3 63 513 946
5 158 296 829 894 953
2 51 53
2 26 279
2 80 93
2 33 225
2 84 559
2 14 348
2 40 515
2 2 309
2 207 574
2 4 18
2 91 452
3 28 195 990
2 42 344
2 0 40
3 83 454 725
2 53 325
4 57 132 768 897
2 7 26
3 7 505 994
2 1 109
2 148 487
4 133 422 748 904
2 82 130
3 132 280 825
4 10 535 763 993
3 21 104 925
2 108 121
2 224 278
3 32 160 740
2 82 387
4 2 552 838 913
2 180 248
2 27 44
2 60 263
2 216 365
2 2 6
2 40 387
3 31 343 726
2 75 91
2 180 241
2 33 101
4 3 99 694 893
3 4 288 727
2 0 209
3 13 513 980
2 280 385
3 58 92 848
5 484 548 797 886 931
2 178 493
3 56 467 682
2 50 496
2 157 158
2 75 100
2 60 93
4 14 286 876 891
3 219 421 965
2 12 473
2 6 135
2 76 501
2 108 484
2 8 382
2 21 243
2 5 6
2 3 30
2 86 412
2 0 48
2 32 205
2 1 6
2 7 52
3 215 365 700
2 256 577
2 12 660
2 32 248
2 349 549
2 40 44
2 64 200
2 40 51
3 6 209 743
2 407 561
2 287 525
2 8 103
2 3 562
3 4 165 865
2 80 652
2 46 67
2 0 24
2 26 245
2 382 484
2 4 9
2 33 680
3 1 276 801
3 23 278 883
3 38 102 772
2 17 360
2 3 27
3 468 508 986
2 99 163
2 22 331
2 11 225
3 542 549 909
2 76 118
2 213 438
2 44 110
2 47 245
2 12 503
3 85 161 781
2 91 162
3 130 363 971
2 9 178
2 79 477
2 6 401
2 83 559
2 9 382
4 92 261 759 798
2 255 625
3 27 648 796
2 307 653
2 380 415
2 0 558
2 396 492
3 95 256 941
2 44 104
2 7 85
3 589 592 878
2 160 507
3 6 518 747
3 43 48 771
2 4 600
2 19 444
4 180 639 756 782
5 44 297 910 973 982
2 74 454
2 58 688
2 520 532
2 12 42
2 5 27
2 21 736
2 23 632
2 3 199
2 191 327
2 44 331
2 6 67
2 2 6
2 198 296
2 294 541
2 238 740
2 388 550
4 19 55 764 786
2 76 724
2 204 541
2 0 162
2 6 425
2 42 635
3 59 758 860
2 444 496
2 175 266
2 191 568
2 92 627
2 186 402
2 42 288
3 99 737 923
3 137 703 915
3 27 288 884
2 23 501
2 50 482
3 261 498 961
2 4 153
2 79 383
2 2 53
3 78 277 940
2 371 716
2 57 740
2 11 185
3 2 10 792
2 9 245
2 380 758
3 0 382 912
2 23 64
2 29 387
2 11 513
2 3 132
2 180 784
2 26 136
3 103 564 809
2 4 329
2 33 726
3 555 658 976
2 282 724
2 42 487
3 6 107 914
2 326 701
3 0 529 823
2 12 110
2 6 484
2 12 403
2 51 74
2 213 542
2 4 272
2 53 794
2 44 56
3 75 213 845
3 38 81 944
2 1 260
2 40 380
2 24 72
2 2 104
2 24 592
2 128 338
2 93 405
2 90 316
2 6 56
2 15 312
2 40 802
2 2 305
2 245 634
2 363 494
2 85 584
3 19 558 859
3 370 610 864
2 181 248
2 417 455
2 245 534
2 2 4
3 12 227 849
2 468 511
2 18 297
2 11 540
2 6 641
2 214 293
2 95 139
2 207 279
2 258 563
2 278 533
2 11 319
2 554 811
4 365 408 847 955
3 92 846 906
2 53 657
2 523 834
2 84 505
3 120 438 912
2 416 491
2 9 18
2 61 180
2 11 542
2 32 280
2 158 281
2 1 570
3 224 828 957
2 505 764
2 178 251
2 43 245
2 85 400
2 308 829
2 54 693
2 93 177
2 43 457
2 5 389
2 99 363
2 23 88
2 0 357
2 0 521
2 1 111
2 104 331
2 57 176
2 204 665
2 435 546
2 23 734
2 21 252
3 4 162 901
2 47 56
2 57 394
2 162 702
2 600 773
2 24 448
2 209 658
2 124 152
2 138 416
2 107 184
3 8 329 905
2 198 665
2 71 397
2 198 652
2 27 610
2 443 475
2 23 44
2 64 627
2 108 408
2 117 168
2 289 381
2 113 880
2 330 509
2 119 278
2 280 632
2 174 890
2 600 847
2 260 276
2 0 110
2 66 710
2 31 741
2 218 582
2 787 851
2 183 641
2 418 800
2 6 772
2 12 216
2 114 529
2 140 187
2 107 108
2 3 317
3 10 490 987
2 18 29
3 53 771 958
2 3 243
2 587 636
2 389 593
2 180 608
2 2 47
2 188 238
2 9 55
2 478 658
2 303 574
2 137 252
2 137 405
2 25 30
2 300 411
2 85 343
2 272 608
2 331 365
2 215 780
2 363 731
2 46 137
2 198 542
2 4 812
2 4 497
2 22 609
2 175 286
2 144 230
2 11 23
2 195 585
2 3 224
2 4 543
2 38 610
2 57 263
2 44 846
2 47 396
2 27 859
2 52 923
2 28 195
2 12 88
3 422 776 999
2 29 265
2 0 434
2 27 65
2 0 666
2 12 131
3 443 496 996
2 226 480
2 184 548
3 137 235 979
2 422 718
2 1 27
2 296 741
2 104 166
2 11 99
2 44 797
2 248 427
2 27 75
2 157 970
2 280 655
2 50 312
2 507 741
2 26 64
2 76 426
2 523 528
2 58 706
2 336 921
2 103 160
2 36 42
2 169 622
2 11 138
2 0 271
2 12 635
2 83 629
2 2 526
2 67 967
2 257 349
2 217 389
2 11 961
