600
42 1 2 3 4 6 7 8 10 11 14 16 21 22 31 37 40 49 50 59 71 76 84 85 88 116 155 159 170 172 175 176 198 366 388 411 442 454 471 486 537 556 597
30 0 4 5 18 19 21 34 69 93 105 112 113 134 135 142 150 164 253 260 264 294 300 320 330 389 395 457 509 538 587
35 0 3 5 11 17 24 26 30 35 36 55 56 70 71 81 86 94 99 123 129 132 147 154 177 181 235 242 256 273 301 349 385 387 403 423
24 0 2 9 13 23 33 47 91 130 168 197 198 201 217 225 231 247 356 395 426 440 452 461 564
30 0 1 6 7 8 10 12 14 18 30 32 38 43 52 66 107 124 125 165 188 199 216 283 319 335 393 427 453 495 577
12 1 2 16 112 147 171 250 255 312 331 439 534
28 0 4 9 12 13 15 20 25 31 58 95 110 145 179 189 212 228 251 294 346 357 370 423 439 468 474 503 506
15 0 4 29 33 49 60 65 68 121 128 143 212 394 413 414
8 0 4 20 42 58 78 217 438
10 3 6 41 46 53 88 119 178 208 292
11 0 4 62 90 95 225 240 263 265 417 565
24 0 2 17 27 53 54 82 94 97 103 133 146 172 220 248 263 268 282 312 322 462 526 588 596
26 4 6 22 25 44 54 57 64 74 75 83 86 106 122 178 355 365 388 446 478 505 507 561 580 582 598
5 3 6 45 308 428
10 0 4 15 76 144 146 199 252 318 327
6 6 14 19 27 48 344
5 0 5 39 210 460
5 2 11 29 99 307
10 1 4 37 44 73 101 148 230 334 515
12 1 15 39 51 77 134 179 185 228 418 479 542
6 6 8 180 280 324 382
11 0 1 24 48 68 189 211 458 480 493 536
13 0 12 23 63 80 185 203 208 233 331 363 454 546
5 3 22 26 42 570
14 2 21 32 36 87 115 177 323 333 367 386 406 413 500
19 6 12 28 41 61 64 92 130 144 156 175 287 328 362 461 469 492 581 587
6 2 23 118 127 336 579
13 11 15 28 73 114 135 155 194 250 255 321 332 372
10 25 27 66 141 154 224 302 399 440 570
5 7 17 156 424 558
15 2 4 34 35 98 110 229 292 308 328 355 420 443 447 527
14 0 6 38 40 89 152 161 182 205 329 334 375 402 456
2 4 24
3 3 7 167
5 1 30 79 320 594
12 2 30 50 69 195 269 283 324 325 348 358 459
2 2 24
13 0 18 56 70 80 132 192 196 238 408 411 450 510
10 4 31 47 51 55 115 127 161 227 338
10 16 19 176 269 410 478 487 489 502 594
11 0 31 67 81 109 322 344 358 364 475 533
16 9 25 43 45 60 85 89 123 136 164 190 220 245 261 394 477
7 8 23 52 72 197 309 374
6 4 41 102 168 347 574
5 12 18 65 83 296
7 13 41 149 214 379 442 475
3 9 78 121
6 3 38 266 433 494 590
9 15 21 126 193 205 211 260 405 450
6 0 7 98 317 325 578
13 0 35 62 82 90 128 131 158 221 405 412 523 566
5 19 38 59 315 532
5 4 42 87 140 253
7 9 11 96 160 162 346 432
12 11 12 57 61 91 92 120 131 314 400 499 543
4 2 38 75 429
8 2 37 104 106 122 163 310 435
4 12 54 124 236
8 6 8 67 105 140 158 401 449
4 0 51 278 581
5 7 41 137 352 557
8 25 54 63 133 145 264 271 313
10 10 50 72 79 100 117 118 203 240 302
7 22 61 137 207 282 350 384
5 12 25 93 171 230
12 7 44 74 160 167 191 209 214 215 338 380 425
9 4 28 139 165 166 303 309 326 436
2 40 58
8 7 21 77 113 120 191 467 496
4 1 35 353 407
2 2 37
12 0 2 136 151 274 300 314 321 464 514 531 572
5 42 62 335 536 580
6 18 27 102 204 368 512
9 12 65 97 150 252 352 409 425 465
6 12 55 233 246 429 522
7 0 14 152 200 407 435 511
5 19 68 108 117 350
10 8 46 114 116 138 174 293 363 472 517
2 34 62
5 22 37 108 237 275
3 2 40 284
9 11 50 267 285 337 426 490 535 588
6 12 44 107 183 244 323
2 0 459
8 0 41 109 119 126 207 222 376
5 2 12 369 418 539
6 24 52 377 503 548 563
8 0 9 218 244 353 437 550 563
5 31 41 193 290 387
5 10 50 194 505 556
7 3 54 96 104 286 401 538
3 25 54 200
4 1 64 298 562
2 2 11
7 6 10 184 224 297 374 551
4 53 91 216 276
5 11 74 101 370 553
4 30 49 215 524
5 2 17 100 184 396
4 62 99 148 209
2 18 97
2 43 73
5 11 142 234 291 373
3 56 91 262
2 1 58
4 12 56 219 298
3 4 83 466
3 77 80 582
3 40 85 416
2 6 30
2 295 392
5 1 5 210 343 500
6 1 68 125 491 574 585
4 27 78 181 596
5 24 38 159 259 517
5 0 78 153 254 288
3 62 77 345
2 26 62
5 9 85 173 257 576
4 54 68 243 270
4 7 46 141 306
3 12 56 151
3 2 41 361
2 4 57
7 4 113 170 182 276 311 495
3 48 85 393
3 26 38 180
2 7 50
5 2 138 157 434 589
9 3 25 223 245 279 299 404 434 528
6 50 54 183 190 420 473
8 2 37 187 195 241 248 349 464
7 11 61 166 173 465 486 544
2 1 19
4 1 27 201 453
3 41 71 271
2 60 63
4 78 129 348 595
1 66
4 52 58 143 280
4 28 121 149 238
2 1 103
2 7 140
7 14 25 232 256 278 431 530
4 6 61 169 304
7 11 14 174 186 206 421 476
3 2 5 548
2 18 100
2 45 141
5 1 74 284 481 488
4 71 122 221 341
2 31 76
4 116 188 258 579
2 2 28
3 0 27 289
8 25 29 226 315 382 482 549 575
4 129 163 251 304
4 50 58 364 449
2 0 115
6 53 65 204 297 485 540
4 31 38 169 443
1 53
4 56 157 332 518
2 1 41
3 4 66 547
4 66 133 310 381
3 33 65 218
3 3 43 508
6 145 161 223 267 343 444
4 0 125 422 561
3 5 64 559
2 0 11
4 119 133 307 369
8 78 146 239 301 379 398 419 529
6 0 25 231 289 296 462
6 0 39 206 222 359 584
2 2 24
3 9 12 378
3 6 19 576
3 20 127 378
4 2 114 237 372
3 31 125 275
6 83 131 187 295 367 585
3 95 99 384
5 19 22 239 242 266
3 146 277 380
4 132 183 249 360
5 4 153 196 234 383
3 6 21 192
5 41 131 213 235 342
6 65 68 202 268 421 447
4 37 189 202 530
4 48 89 272 542
4 27 90 445 472
6 35 132 213 241 287 519
3 37 188 290
6 3 42 313 366 509 555
3 0 3 389
4 4 14 257 265
3 76 92 281
2 3 135
2 191 192
2 22 62
2 73 160
4 31 48 279 597
2 146 176
2 63 85
4 9 22 457 555
4 65 100 316 497
7 16 112 258 419 458 520 553
6 21 48 246 365 406 518
5 6 7 306 527 554
4 190 195 227 528
2 45 65
2 65 98
3 4 96 386
3 3 8 451
5 88 167 427 489 492
1 106
4 11 41 262 375
5 50 151 281 333 391
2 85 176
3 130 169 483
3 28 95 359
6 3 10 317 368 404 482
1 156
3 38 213 571
2 6 19
1 30
3 18 64 590
2 3 175
1 144
3 22 75 512
4 103 188 319 564
3 2 190 340
1 57
2 80 181
3 37 141 270
3 174 185 412
3 10 62 504
5 132 195 261 299 481
5 2 185 272 362 552
1 120
2 83 88
3 41 130 593
3 75 211 342
2 3 259
2 11 132
2 187 356
4 5 27 424 572
3 6 157 410
2 14 74
2 1 52
2 116 286
5 5 27 273 448 599
3 2 144 357
2 119 199
2 153 210
2 115 247
3 1 48 537
3 41 241 345
4 104 220 330 460
2 10 11
6 1 61 466 513 535 573
2 10 199
6 47 185 274 422 444 521
2 82 169
2 11 191
3 35 39 318
3 120 238 498
2 61 136
2 193 242
2 2 255
2 71 266
2 80 182
5 96 125 303 371 496
2 186 340
2 59 144
3 130 205 305
3 20 140 484
6 200 221 305 326 534 568
2 11 63
4 4 35 354 361
3 81 150 293
2 82 543
2 91 254
2 25 195
2 116 531
4 155 175 336 468
2 89 196
2 103 511
4 9 30 521 550
4 78 284 311 571
4 1 6 351 441
2 111 183
2 44 175
3 95 160 516
3 93 106 560
2 130 241
2 1 71
4 2 174 416 586
2 28 62
3 66 276 337
2 145 157
4 279 281 339 541
2 121 212
3 17 173 583
2 13 30
2 42 66
4 56 166 316 546
2 125 293
2 5 11
2 61 197
3 54 71 409
2 51 156
3 209 310 516
3 49 225 533
3 14 269 371
2 4 234
2 1 34
2 27 71
2 11 40
3 24 83 432
2 20 35
2 35 49
3 66 281 467
2 14 569
2 25 30
2 31 584
3 1 262 494
9 5 22 347 390 402 430 437 455 506
4 27 163 415 502
4 24 221 385 396
2 18 31
3 4 72 565
3 26 289 525
2 82 303
4 38 65 397 431
2 305 513
2 235 277
5 151 351 392 433 583
2 190 246
3 112 169 377
5 15 40 403 436 493
2 117 261
2 6 53
4 43 331 473 591
3 35 138 552
2 2 132
4 63 77 354 408
3 294 341 373
2 60 74
3 69 88 474
2 283 350
2 12 30
3 3 249 451
3 6 256 592
3 35 40 562
2 176 224
1 187
2 123 283
3 25 242 417
2 22 78
4 40 158 483 485
6 12 211 463 508 526 575
3 0 197 577
2 24 183
4 73 225 400 430
4 86 173 448 463
3 6 97 484
2 276 318
2 27 181
3 103 351 501
4 42 95 471 515
2 31 220
1 85
3 87 343 452
3 178 180 519
2 45 174
3 65 186 391
1 166
3 20 156 488
1 188
2 63 184
2 2 333
2 24 216
3 2 89 398
3 0 12 445
2 1 198
2 331 559
3 221 380 514
2 111 341
3 4 126 567
2 7 41
2 1 3
3 99 333 568
1 338
2 174 387
1 28
2 54 368
2 58 91
2 31 331
2 2 344
2 130 225
2 48 50
2 24 211
2 69 76
2 37 350
2 74 314
2 39 251
2 0 37
2 50 239
2 7 24
1 7
1 332
4 109 301 480 554
4 10 362 487 598
3 19 86 567
2 174 210
3 30 131 476
2 146 191
2 170 266
2 2 6
3 29 250 469
2 65 74
3 3 82 549
3 4 218 470
1 13
3 55 75 523
5 331 368 501 547 569
2 144 338
3 53 323 446
2 47 341
2 129 130
2 56 76
2 66 344
2 88 331
1 8
2 5 6
2 3 28
1 294
2 0 45
2 30 161
3 169 266 456
2 194 388
2 12 432
2 30 191
2 255 369
2 58 158
2 37 48
2 217 356
2 3 377
3 4 135 532
2 0 22
1 331
2 31 444
3 1 208 504
3 21 210 544
3 35 84 491
2 16 262
2 3 25
2 11 175
3 365 369 557
3 71 132 498
2 74 133
3 107 264 586
2 68 326
2 6 289
2 25 424
1 427
2 0 374
3 78 194 573
2 131 347
3 6 353 479
3 40 45 490
3 146 420 499
3 41 558 591
2 12 39
2 19 474
2 21 416
2 150 241
2 156 225
2 223 364
2 280 370
2 160 364
2 0 133
2 39 417
2 150 382
2 39 218
3 82 475 566
2 113 459
3 25 218 545
2 21 344
2 47 330
2 4 125
2 68 276
1 209
2 270 464
2 54 476
2 24 112
2 373 430
2 39 332
3 6 87 560
2 240 457
2 12 90
2 6 331
1 12
2 168 365
2 1 197
1 37
2 76 291
2 73 233
2 264 339
2 71 391
3 18 374 529
2 297 316
2 78 115
2 163 211
2 195 378
1 210
3 266 292 522
2 75 521
2 50 429
1 98
1 336
2 11 365
2 30 212
2 130 213
2 174 515
2 144 192
2 71 288
2 51 453
2 40 317
2 5 281
2 82 264
2 21 72
2 0 260
2 1 91
1 86
1 160
1 305
2 19 193
2 54 285
2 133 458
1 492
2 22 310
2 165 430
2 87 147
2 156 426
2 88 292
1 95
2 242 348
2 97 210
2 212 416
2 197 208
2 0 90
2 60 463
2 29 477
2 171 390
2 298 503
2 12 170
2 93 358
2 87 88
2 3 234
3 10 335 593
3 50 490 578
2 393 418
2 281 396
2 327 430
2 23 28
2 227 293
2 71 250
2 264 472
2 43 113
2 156 365
2 119 179
2 4 366
2 49 566
2 26 153
2 12 72
2 25 59
2 12 108
2 307 341
2 176 329
3 113 183 589
2 301 466
2 1 25
2 11 82
2 129 585
2 47 230
2 347 477
1 357
2 245 565
2 34 39
1 138
2 11 114
2 0 205
2 12 417
1 255
