1000
90 1 2 3 4 12 15 16 17 18 21 22 24 27 30 32 35 36 52 75 80 88 91 94 96 98 102 106 117 120 122 125 135 152 159 163 168 169 177 182 193 204 205 212 217 222 227 241 250 252 282 307 331 344 350 374 379 389 391 403 410 411 415 416 424 433 441 449 454 455 469 476 516 535 584 586 607 610 628 698 760 777 810 821 863 918 922 944 945 946 968
5 0 41 58 148 299
66 0 3 4 5 6 7 8 9 11 12 13 31 32 34 39 44 49 50 92 107 113 127 128 130 138 141 142 151 157 162 177 196 215 223 232 260 266 268 272 281 335 345 380 381 415 432 448 463 465 468 480 489 495 499 516 650 660 675 700 706 723 760 765 808 827 831
64 0 2 5 6 8 9 10 14 17 28 35 55 56 58 62 63 64 65 72 78 84 89 93 118 120 142 164 170 176 178 184 214 226 257 277 295 316 326 350 361 404 417 472 479 484 493 500 522 542 569 570 608 653 677 693 762 783 847 858 866 871 906 956 973
22 0 2 7 13 22 25 31 34 40 46 178 225 230 259 270 292 429 546 574 655 824 981
49 2 3 14 15 24 29 30 54 68 71 73 74 79 86 93 123 129 136 137 140 184 189 200 204 225 243 250 254 260 278 346 347 374 448 457 477 485 532 711 764 780 790 824 826 844 873 890 932 939
12 2 3 16 41 110 116 179 206 234 621 746 785
36 2 4 10 18 19 29 40 43 45 75 85 87 111 139 160 176 192 211 251 285 319 334 354 365 417 452 456 475 525 559 616 786 812 815 849 888
14 2 3 11 26 61 145 163 258 339 671 749 774 802 921
20 2 3 20 21 110 116 152 208 237 257 305 435 480 505 626 676 752 783 804 861
22 3 7 23 65 66 70 86 129 131 170 186 195 303 310 356 396 423 443 612 702 714 850
5 2 8 73 459 772
17 0 2 28 53 60 63 123 221 229 245 255 397 526 815 852 943 984
14 2 4 37 194 197 273 575 598 717 732 752 763 779 897
30 3 5 19 92 108 109 143 185 194 205 233 268 276 279 309 351 461 478 497 507 534 538 626 667 721 731 745 754 764 777
12 0 5 20 26 33 53 68 82 240 484 508 964
16 0 6 57 67 84 113 118 167 207 284 316 392 401 437 485 935
14 0 3 23 45 150 158 188 231 488 573 713 908 909 982
22 0 7 27 48 64 111 121 122 195 218 322 427 433 450 534 555 560 709 805 873 915 924
11 7 14 42 46 138 199 201 382 434 554 805
4 9 15 392 531
15 0 9 38 71 74 135 147 183 248 360 536 589 729 916 974
12 0 4 44 47 77 109 251 280 284 472 653 876
5 10 17 25 617 654
15 0 5 57 79 90 132 271 406 594 719 728 734 744 788 919
8 4 23 100 104 595 642 762 781
13 8 15 95 166 243 279 340 537 544 632 661 926 981
18 0 18 51 134 141 208 221 238 332 338 431 449 479 556 582 697 900 934
4 3 12 315 837
12 5 7 55 128 158 186 214 355 444 822 892 993
14 0 5 33 39 59 66 124 173 183 293 398 406 422 548
7 2 4 161 219 333 740 986
19 0 2 99 114 139 155 172 249 302 309 317 396 473 596 741 816 831 841 872
25 15 30 36 42 52 60 100 124 193 202 226 228 245 351 377 398 436 442 482 487 554 691 792 854 902
7 2 4 37 47 69 342 907
14 0 3 48 54 90 146 263 304 355 369 381 419 513 891
21 0 33 38 91 95 103 108 126 159 191 220 314 320 336 425 457 461 520 713 799 942
12 13 34 43 101 115 145 149 155 223 294 308 321
6 21 36 62 308 454 587
7 2 30 106 188 297 517 565
22 4 7 50 81 82 103 151 185 212 237 269 364 386 409 412 452 496 517 616 850 900 990
3 1 6 778
8 19 33 297 363 387 447 635 872
14 7 37 49 61 69 197 206 393 481 490 524 596 634 968
4 2 22 530 622
4 7 17 76 758
14 4 19 98 164 390 394 595 640 683 692 726 736 934 959
4 22 34 353 500
7 18 35 89 220 286 509 750
5 2 43 451 796 897
10 2 40 51 115 133 149 376 380 564 763
18 27 50 56 59 70 104 162 175 300 312 323 325 483 497 518 695 755 757
6 0 33 552 638 655 693
5 12 15 99 133 648
2 5 35
8 3 29 78 132 249 262 343 999
5 3 51 80 81 883
8 16 24 94 179 544 682 797 939
13 1 3 67 88 105 455 620 631 633 644 738 911 950
6 30 51 117 180 209 877
7 12 33 87 341 543 652 791
10 8 43 77 83 181 599 652 784 933 943
20 3 38 72 105 136 153 168 218 246 267 325 400 453 496 498 510 515 563 788 942
12 3 12 97 112 121 154 165 169 450 469 674 755
7 3 18 301 460 678 727 834
14 3 10 85 107 156 189 301 373 458 688 720 793 817 940
9 10 30 296 348 393 405 416 702 725
13 16 58 219 246 313 371 587 617 649 654 662 733 789
3 5 15 365
8 34 43 167 300 311 367 445 695
6 10 51 83 166 180 565
16 5 21 144 174 248 253 258 274 275 349 370 560 572 601 790 801
7 3 62 76 606 613 685 818
6 5 11 96 241 298 989
15 5 21 112 161 207 209 244 265 292 453 710 722 860 930 988
16 0 7 102 125 156 256 263 348 404 562 579 592 635 646 802 857
11 45 72 101 174 181 244 478 584 672 703 814
8 22 61 210 228 401 590 639 684
5 3 55 97 143 192
4 5 24 680 826
3 0 56 148
5 40 56 200 217 441
4 15 40 611 997
8 61 70 126 216 420 501 905 997
9 3 16 119 354 502 571 576 769 933
5 7 65 521 724 920
12 5 10 130 270 366 373 462 494 561 578 607 977
3 7 60 645
3 0 58 825
6 3 48 291 334 340 556
6 24 35 364 505 568 707
5 0 36 537 590 759
11 2 14 119 198 203 269 276 451 704 719 898
9 3 5 306 550 630 647 649 660 990
8 0 57 240 369 384 522 549 707
3 26 36 735
2 0 73
6 63 78 477 545 741 922
8 0 46 236 361 506 613 730 917
4 32 53 315 800
2 25 33
10 37 76 439 523 612 680 694 769 832 843
13 0 75 235 265 509 524 555 571 602 605 668 926 987
3 36 40 339
2 25 51
5 58 62 131 137 776
4 0 39 576 960
2 2 65
6 14 36 114 202 247 885
3 14 22 634
4 6 9 592 688
4 7 18 259 819
4 63 74 154 399
4 2 16 298 467
4 32 108 362 508
5 37 50 341 389 899
4 6 9 291 886
9 0 59 146 287 558 609 748 749 848
9 3 16 140 216 294 372 409 414 845
7 84 92 147 286 460 865 921
5 0 3 187 342 363
5 18 63 127 261 533
4 0 18 820 959
2 5 12
7 30 33 232 333 368 651 753
10 0 75 157 255 358 376 473 539 637 643
2 36 83
7 2 121 171 262 283 673 932
4 2 29 173 419
2 5 10
5 2 86 165 187 864
3 10 105 289
7 24 55 134 495 778 803 929
2 50 53
5 27 132 160 203 880
2 0 21
7 5 62 318 679 851 854 947
4 5 105 288 402
2 2 19
5 7 32 458 541 894
2 5 118
5 2 27 231 481 622
6 2 3 153 344 818 980
3 14 78 144
4 71 143 829 924
5 8 37 175 299 659
4 35 117 150 425
5 21 119 211 558 910
11 1 80 182 190 201 272 385 557 578 691 842
4 37 50 283 705
6 17 146 375 383 623 827
9 2 40 290 388 499 518 665 813 894
8 0 9 191 285 520 553 747 962
3 62 142 408
4 63 112 641 798
2 32 37
3 65 75 322
5 2 125 391 618 697
3 17 29 821
4 0 36 242 608
5 7 134 723 937 945
17 31 74 242 277 320 321 331 418 428 447 491 531 550 638 817 912 914
5 2 51 213 430 952
3 0 8 281
7 3 46 282 489 640 775 931
4 63 130 171 399
5 26 70 319 733 936
2 16 69
2 0 62
11 0 63 236 238 324 410 486 498 848 884 953
5 3 10 382 674 836
4 127 165 172 628
4 32 171 199 275
2 30 128
4 71 76 224 786
6 51 145 256 329 349 823
3 3 7 264
4 0 2 280 463
4 3 4 667 955
4 6 57 227 253
4 59 70 443 861
3 61 76 591
5 0 148 357 511 843
5 21 30 288 303 390
3 3 5 190
7 14 40 532 549 588 751 770
5 10 29 324 526 675
9 120 130 293 538 567 618 631 955 985
10 17 39 356 359 438 445 502 656 858 876
4 5 65 196 976
7 148 184 198 614 629 745 956
3 36 152 561
3 7 78 768
3 0 33 739
5 13 14 215 527 844
4 10 18 706 811
3 2 189 938
2 13 43
3 92 190 379
2 19 172
5 5 81 273 588 880
2 19 148
8 33 108 210 314 424 440 506 604
6 92 134 311 327 885 995
4 0 5 504 602
5 0 14 224 367 548
5 6 43 528 666 970
6 16 74 213 302 819 859
4 9 27 290 909
6 59 74 305 446 954 967
10 77 202 239 346 352 386 411 606 687 747
4 7 147 222 515
9 0 40 234 261 487 657 708 895 952
5 162 207 229 615 803
6 3 29 542 582 774 929
2 2 194
7 83 118 271 407 528 599 830
2 0 81
5 18 62 650 842 856
3 31 67 562
7 36 48 304 328 568 838 998
4 12 27 335 337
9 0 211 254 372 420 429 521 720 809
6 2 37 332 345 698 948
4 174 205 287 980
4 4 5 540 580
4 3 33 264 504
4 0 179 235 511
7 33 77 230 233 395 659 812
2 12 213
4 4 228 627 927
5 17 141 313 366 729
4 2 124 397 513
3 14 228 642
2 6 212
4 102 227 329 965
9 98 169 307 421 439 456 577 625 784
10 9 40 239 247 347 407 573 632 718 989
4 27 169 829 992
5 210 237 306 338 954
5 15 94 395 689 728
5 0 73 252 413 581
5 159 161 423 715 856
4 5 26 337 776
2 74 76
2 12 33
4 62 67 421 673
2 108 237
3 21 71 793
2 32 55
5 0 5 519 670 947
2 7 22
2 0 241
11 71 179 274 385 400 437 494 690 704 888 953
4 5 222 295 370
2 12 125
8 75 175 266 572 738 740 841 883
2 3 9
2 8 71
3 4 111 593
3 2 5 743
2 121 212
3 55 127 566
2 35 75
5 176 226 267 470 914
4 74 102 289 462
3 2 256 627
5 62 264 371 434 833
2 2 14
8 40 92 278 312 503 647 714 847
2 4 86
3 24 216 352
4 2 148 408 781
3 13 200 966
4 71 253 551 983
6 71 172 336 388 681 751
5 14 92 510 610 913
3 3 161 353
2 5 269
2 14 26
5 22 177 403 488 744
5 2 163 402 619 716
6 0 164 327 357 466 983
3 127 149 547
2 16 22
7 7 152 310 442 648 807 863
2 48 119
3 117 224 362
4 137 183 432 598
9 131 265 296 330 358 682 711 874 882
3 151 208 492
3 89 116 892
7 4 74 491 591 875 887 913
5 30 187 328 614 957
10 37 118 343 375 378 566 684 727 737 739
3 3 254 813
4 66 289 394 742
4 39 42 318 383
2 73 113
4 1 145 428 482
3 51 69 446
2 64 65
3 32 207 886
3 10 183 877
5 35 220 384 703 771
3 9 209 435
2 93 239
4 0 236 663 935
5 37 38 323 360 414
4 14 32 619 965
5 10 285 326 387 995
8 69 203 317 623 656 699 869 975
3 51 269 998
2 67 231
5 36 202 418 658 853
5 28 99 593 735 767
2 3 16
3 32 311 822
4 136 297 756 839
3 7 166 748
5 36 161 444 523 646
4 37 161 468 611
3 18 156 330
4 51 308 378 514
3 169 186 625
2 51 62
3 3 310 686
2 203 282
3 220 293 574
3 175 235 951
3 289 322 969
2 0 161
2 27 223
5 31 124 426 600 810
5 7 89 412 438 507
2 2 221
4 36 275 661 692
2 221 243
3 27 239 940
2 8 103
4 26 89 368 671
2 60 115
5 34 120 690 896 950
4 55 294 725 996
2 0 142
6 2 223 512 547 712 949
2 5 210
3 5 237 664
5 66 75 359 644 881
6 71 175 405 724 773 794
3 0 3 377
2 14 33
2 210 271
3 47 277 775
6 7 84 459 705 961 996
2 29 35
6 10 188 530 699 700 785
2 182 282
4 125 289 637 663
4 188 348 440 896
4 21 308 615 765
2 3 98
2 114 287
5 42 120 470 486 962
2 40 90
2 7 68
2 86 231
2 69 205
5 124 340 427 871 908
2 35 94
2 71 254
3 67 267 670
4 118 222 535 944
3 65 86 758
2 0 5
2 150 294
7 50 125 701 722 761 911 963
4 33 350 426 681
4 294 323 553 689
3 0 198 946
4 2 50 431 475
7 2 35 464 519 676 846 992
2 19 170
4 150 297 541 585
3 94 304 985
2 148 253
3 40 210 471
2 42 310
5 151 275 529 641 905
2 0 115
3 46 183 539
4 0 157 422 600
3 16 20 834
6 43 66 467 471 718 849
4 46 296 665 870
7 228 240 527 579 712 743 958
3 10 32 501
4 12 232 476 594
2 30 33
4 112 165 512 971
2 62 253
2 16 77
5 137 281 581 975 991
2 0 280
4 3 75 430 569
3 66 349 643
4 24 30 464 687
2 216 237
4 153 272 465 780
3 40 118 742
5 0 169 436 782 875
2 0 210
8 40 334 413 474 525 540 930 936
2 241 412
3 118 308 603
2 0 2
2 0 66
2 3 7
3 161 314 514
6 35 128 543 557 679 855
3 83 222 808
3 236 246 845
9 30 391 536 583 677 696 708 731 840
3 10 242 666
2 0 202
3 36 146 466
4 333 377 878 879
5 18 368 503 605 657
4 161 299 533 977
3 4 222 890
4 162 404 483 889
2 27 380
3 2 288 867
2 0 18
2 19 267
3 9 305 586
5 33 410 559 662 787
3 16 253 797
5 188 334 490 757 976
2 101 236
3 202 359 853
2 0 81
2 33 285
2 10 180
2 29 320
4 69 188 609 903
2 209 300
3 42 161 567
3 2 5 795
2 0 27
2 18 63
2 49 92
3 7 40 901
4 62 74 809 958
2 0 38
5 0 58 474 493 668
3 7 236 552
2 5 36
4 65 139 734 772
2 11 354
3 64 119 889
5 14 36 730 860 874
2 86 265
3 2 177 492
3 381 406 597
2 2 408
2 282 425
2 113 393
3 2 321 529
5 0 63 754 882 986
3 264 363 937
5 386 393 669 683 750
3 3 22 938
2 32 125
2 412 455
3 7 380 916
6 0 397 636 651 716 766
2 5 97
2 14 76
2 3 27
2 2 9
2 43 141
2 33 299
2 51 430
3 3 15 794
3 5 16 685
4 169 363 639 645
3 33 212 970
2 17 280
4 2 164 787 851
2 43 438
4 161 292 624 966
2 290 463
4 3 455 836 862
4 86 253 686 984
2 2 132
2 40 62
2 14 51
5 62 169 583 601 855
2 2 151
2 3 47
3 83 396 925
2 84 188
2 269 427
2 204 226
2 9 90
2 98 202
3 14 334 577
3 15 114 828
2 48 102
2 62 276
2 182 227
3 345 399 604
2 35 232
4 323 418 620 967
4 62 211 546 931
3 0 2 879
2 39 40
3 51 151 891
3 250 381 988
3 36 152 869
2 85 222
2 3 94
2 101 320
3 43 102 904
3 7 412 624
4 12 186 570 759
3 194 395 589
3 206 216 545
4 388 468 895 974
2 44 356
4 20 161 551 564
2 5 185
2 121 428
2 14 18
2 0 372
2 21 422
2 26 91
2 14 187
4 125 390 621 795
2 225 412
2 139 383
2 3 214
3 60 419 563
3 26 57 575
2 97 528
2 4 515
2 283 345
2 30 205
2 94 185
2 93 161
2 274 531
4 52 456 792 904
2 152 378
2 19 33
2 18 102
2 27 89
2 148 419
6 117 147 585 770 857 917
2 7 436
2 18 71
2 86 191
2 75 219
3 62 543 717
2 50 531
5 39 70 899 941 972
3 262 294 603
3 187 447 597
2 90 220
5 3 404 710 866 910
2 3 526
5 84 102 580 696 963
3 71 256 828
2 17 237
2 4 328
2 13 544
3 84 106 630
2 236 507
4 86 148 768 833
2 75 395
2 225 571
2 241 402
2 27 214
2 422 498
2 0 76
4 383 558 791 864
2 0 435
2 38 67
3 185 200 746
3 21 527 796
2 77 91
2 181 292
3 75 110 636
4 259 315 901 920
3 24 397 633
2 25 46
4 32 43 658 835
3 464 567 767
2 13 288
2 61 216
2 333 391
3 71 498 816
3 102 204 737
2 414 566
2 202 512
3 102 427 726
3 72 210 629
2 0 86
4 3 159 715 801
2 117 445
4 0 276 664 789
2 82 321
3 10 101 669
3 72 98 709
2 190 293
2 213 360
4 7 40 761 840
2 23 67
2 157 187
2 281 309
2 58 514
2 6 539
3 44 141 779
2 150 311
2 491 525
2 236 324
3 9 14 960
2 230 266
2 0 171
2 190 606
3 93 576 672
2 58 187
2 26 237
3 58 594 832
2 43 109
2 42 75
2 476 592
2 125 358
2 52 161
2 77 486
3 46 164 807
2 154 388
2 25 233
4 125 405 694 798
2 58 348
4 87 486 782 806
3 75 320 918
2 93 269
2 53 285
3 67 93 881
2 2 218
2 124 476
2 60 61
3 3 22 678
3 23 67 766
2 4 52
2 188 311
2 212 427
2 314 596
4 145 228 837 867
2 2 93
2 26 336
3 67 436 839
2 307 358
3 347 610 865
2 151 394
2 206 423
2 14 178
2 102 455
2 471 612
3 250 371 804
4 8 340 903 912
2 76 630
3 127 246 868
2 63 170
4 2 186 814 878
4 9 381 721 736
2 3 422
2 64 653
5 136 419 732 846 902
2 79 101
2 275 377
2 57 289
2 46 471
2 77 294
3 72 485 979
2 326 494
4 210 406 756 823
2 65 110
3 240 378 927
3 253 342 830
2 33 148
3 46 336 949
3 3 52 701
2 101 643
3 51 69 773
2 422 571
2 27 157
2 0 223
2 311 356
2 2 356
2 376 693
2 10 66
3 76 304 964
2 92 253
2 149 354
2 2 195
2 90 94
2 212 422
2 18 613
2 74 569
2 5 289
2 345 395
2 17 36
3 10 269 753
2 242 608
2 281 476
2 13 563
2 237 393
2 24 92
2 65 222
2 14 676
3 74 376 951
2 2 160
3 85 349 825
2 66 343
3 46 605 887
2 64 294
2 24 240
2 21 231
3 98 461 971
3 14 422 870
3 13 679 907
2 67 166
2 24 458
2 95 315
3 46 676 982
2 294 602
2 58 256
2 193 294
2 31 256
2 32 97
2 296 409
3 260 395 852
3 24 280 928
3 14 190 838
2 6 588
2 152 210
2 117 319
3 8 117 806
2 48 471
2 185 275
2 9 13
2 124 714
2 14 469
3 51 63 771
2 318 687
3 51 438 799
2 45 373
3 91 526 969
2 0 2
2 376 616
2 3 25
2 13 50
2 5 14
3 2 360 811
2 476 654
2 315 597
2 192 578
2 84 101
2 185 558
2 304 755
3 11 458 893
2 349 695
2 8 214
2 164 353
5 105 243 835 868 923
3 0 14 991
3 41 132 800
2 13 622
2 5 408
2 25 272
2 410 645
2 3 9
2 61 236
2 6 356
2 7 174
3 436 489 862
2 24 62
2 67 610
2 5 71
2 60 585
2 33 552
3 65 248 820
2 349 484
2 448 539
2 49 589
2 57 437
2 154 643
2 36 757
2 99 778
2 71 608
2 8 75
2 132 213
2 9 670
2 18 19
2 645 749
2 285 640
2 2 420
2 222 453
2 0 333
2 195 765
2 7 228
2 151 295
2 76 675
2 7 12
2 32 601
2 65 161
2 72 142
3 111 207 859
2 122 793
3 0 158 928
3 29 317 893
2 175 687
2 4 5
2 88 724
3 5 79 978
2 2 150
2 508 572
2 144 238
2 216 690
2 2 32
2 101 633
2 267 578
2 64 392
2 596 776
2 170 493
2 28 659
2 220 745
2 318 662
2 422 616
2 32 256
2 148 218
2 101 182
2 5 194
3 118 421 987
2 381 679
3 3 269 884
2 117 169
2 7 393
3 10 40 923
2 136 489
2 12 743
2 314 440
2 33 136
2 419 498
2 218 242
2 75 558
2 3 188
2 207 819
2 74 461
2 9 180
2 493 787
2 0 285
3 130 585 925
2 119 664
2 3 569
2 432 659
2 673 776
3 311 520 898
2 394 731
2 3 368
2 32 42
2 5 18
2 289 461
2 292 410
2 22 188
2 59 303
2 426 675
2 426 516
2 134 200
3 348 649 915
2 289 469
2 56 256
2 169 847
2 108 203
2 116 302
2 292 726
2 7 253
3 430 460 957
2 5 429
2 35 518
2 29 291
2 772 822
2 139 151
2 212 529
2 342 359
3 13 49 919
2 92 869
2 115 565
2 27 40
2 452 593
2 33 679
3 445 671 973
2 524 552
3 83 388 906
2 3 905
2 34 732
3 17 368 993
2 17 208
2 147 569
2 58 376
2 161 671
2 276 292
2 161 264
2 18 881
2 21 475
3 98 558 979
2 0 646
2 24 897
2 85 593
3 8 119 978
2 0 97
2 776 850
2 18 144
2 501 864
2 26 102
2 230 689
2 744 821
2 132 214
2 74 412
2 164 515
3 5 127 961
3 61 84 941
3 27 46 948
2 16 307
2 166 412
2 160 470
2 196 472
2 5 57
2 65 338
2 565 933
2 36 62
2 12 61
2 0 372
2 0 160
2 0 379
2 136 250
2 223 934
2 345 692
2 58 342
2 329 722
2 162 212
2 169 253
2 209 239
2 178 187
3 3 190 972
2 293 889
2 395 453
2 46 122
2 106 626
2 354 932
2 152 363
2 376 571
2 15 703
3 235 309 994
2 273 491
2 209 514
2 0 43
2 330 759
2 206 487
2 399 730
2 565 956
2 3 903
2 21 529
2 311 402
2 189 438
2 86 428
2 826 921
2 685 917
2 142 224
2 4 26
2 17 736
2 274 282
2 12 494
2 187 384
2 31 469
2 102 845
2 74 519
2 73 237
2 40 93
3 402 777 994
2 238 381
2 29 908
2 965 991
2 203 310
3 343 354 999
2 82 83
2 220 312
2 55 996
