100
3 23 37 50
17 2 3 4 5 6 7 9 10 20 22 34 35 39 47 66 83 94
15 1 4 5 6 7 8 11 23 25 35 40 41 46 54 67
5 1 10 14 17 21
7 1 2 16 26 32 33 88
5 1 2 29 78 90
2 1 2
8 1 2 13 29 46 66 68 85
7 2 15 25 32 41 52 55
3 1 24 45
6 1 3 42 85 87 96
3 2 15 38
5 21 34 43 57 93
2 7 75
2 3 20
3 8 11 17
4 4 26 60 99
5 3 15 28 77 89
6 19 24 28 44 45 64
2 18 63
4 1 70 14 79
4 3 12 40 77
3 1 92 96
4 0 2 84 97
3 9 18 91
6 2 8 27 51 56 82
2 4 16
1 25
2 17 18
4 5 7 76 82
2 73 36
1 39
2 4 8
2 4 53
2 1 12
2 1 2
3 30 38 63
4 0 72 43 47
4 11 36 58 94
2 1 31
2 2 21
3 2 8 57
2 10 69
2 12 37
2 18 59
2 9 18
2 2 7
4 1 37 89 61
1 52
2 53 58
1 0
1 25
3 8 48 54
4 33 86 49 95
3 2 81 52
4 8 70 83 90
1 25
2 12 41
4 71 74 38 49
2 69 44
1 16
2 88 47
1 72
3 19 36 65
2 18 80
1 63
2 1 7
1 2
1 7
3 42 59 75
2 55 20
1 58
2 62 37
3 30 74 98
3 73 58 91
3 69 13 92
1 29
2 17 21
1 5
2 20 87
2 64 95
1 54
2 25 29
2 1 55
1 23
2 7 10
1 53
2 10 79
2 4 61
2 17 47
2 5 55
2 24 74
2 22 75
1 12
2 1 38
2 80 53
3 10 22 99
1 23
1 73
2 16 96
