600
57 1 2 3 4 12 15 16 17 18 21 22 23 25 28 30 33 34 49 69 81 83 85 89 91 98 101 103 105 113 126 131 134 142 163 170 173 184 188 189 208 225 241 255 272 280 288 291 308 311 312 398 439 490 494 517 551 577
4 0 54 122 222
40 0 3 4 5 6 7 8 9 11 12 13 29 30 32 37 41 46 47 82 95 106 107 108 116 125 128 153 165 171 177 198 201 207 245 252 273 274 330 425 443
42 0 2 5 6 8 9 10 14 17 26 33 52 54 58 59 60 72 77 80 99 101 132 164 193 206 218 230 237 255 323 324 328 332 352 369 388 435 507 513 544 570 581
14 0 2 7 13 22 29 32 38 43 172 175 194 355 413
26 2 3 14 15 23 27 28 51 63 66 67 68 73 79 114 115 147 156 172 185 188 191 253 314 496 504
8 2 3 16 94 97 139 159 476
23 2 4 10 18 19 27 38 40 42 69 78 117 150 211 244 258 264 310 313 322 477 491 493
9 2 3 11 24 57 120 131 422 472
15 2 3 20 21 94 97 126 160 181 193 396 426 459 486 515
15 3 7 60 61 65 79 109 144 152 227 259 294 304 391 508
5 2 8 67 316 470
13 0 2 26 50 56 59 169 186 344 493 510 563 587
9 2 4 35 151 202 372 459 464 537
18 3 5 19 82 92 93 118 143 151 178 205 256 318 334 349 396 450 457
10 0 5 20 24 31 50 63 75 324 575
12 0 6 53 62 77 95 99 210 230 285 300 559
10 0 3 42 124 129 146 176 371 545 546
13 0 7 25 45 102 103 152 166 235 297 349 361 553
7 7 14 39 43 116 155 157
3 9 15 347
10 0 9 36 66 68 113 381 448 548 582
8 0 4 41 44 71 93 210 523
7 0 5 53 73 110 452 549
11 8 15 84 133 185 248 350 354 400 417 554
16 0 18 48 112 160 169 182 242 299 308 323 358 379 438 540 558
4 3 12 229 499
11 5 7 52 107 129 144 164 305 495 532 595
8 0 5 31 37 55 61 104 216
7 2 4 130 167 243 454 589
7 0 2 87 117 136 231 501
16 15 28 34 39 49 56 104 174 186 256 271 303 326 434 479 511
6 2 4 35 44 64 250
10 0 3 45 51 121 224 267 274 292 531
16 0 31 36 81 84 92 149 168 233 246 295 314 318 341 483 562
11 13 32 40 88 96 120 123 171 217 226 234
5 21 34 58 226 311
7 2 28 91 146 220 338 366
16 4 7 47 74 75 125 143 163 181 200 289 310 338 508 540 593
6 19 31 220 263 278 307
10 7 35 46 57 64 159 281 327 401 577
3 2 22 394
4 7 17 70 462
6 4 19 132 282 405 558
4 22 32 257 332
5 18 33 80 168 212
5 2 40 309 481 537
9 2 38 48 96 111 123 273 365 464
10 25 47 55 65 138 223 339 437 460 461
6 0 31 357 403 413 435
5 12 15 87 111 410
2 5 33
6 3 27 72 110 196 251
6 16 23 83 139 354 430
6 1 3 62 90 312 565
5 28 48 98 140 161
6 12 31 249 353 411 478
9 8 40 71 76 141 411 475 557 563
13 3 36 90 114 166 187 199 284 331 335 337 364 562
6 3 12 86 102 134 460
9 3 10 78 127 147 270 315 432 447
6 10 28 219 281 287 291
7 16 54 167 187 269 412 451
3 5 15 264
6 32 40 223 228 306 437
6 10 48 76 133 140 366
11 5 21 119 137 190 203 204 254 268 361 485
6 5 11 85 184 221 592
7 5 21 130 161 197 514 591
8 0 7 89 105 127 192 363 376
7 42 88 137 141 423 441 492
7 22 57 162 174 285 382 404
5 3 52 86 118 150
4 5 23 428 496
2 38 156
4 15 38 390 598
4 57 65 543 598
8 3 16 100 258 370 373 467 557
4 7 60 342 550
10 5 10 108 265 270 319 329 362 375 585
6 3 45 215 244 248 358
5 0 34 350 382 463
9 2 14 100 154 158 200 205 309 538
4 0 53 267 276
3 24 34 453
2 0 67
3 59 72 551
4 30 50 229 484
9 35 70 302 343 391 428 436 467 503
9 0 69 179 197 370 387 419 554 590
5 54 58 109 115 474
4 0 37 373 572
3 14 34 528
3 14 22 401
3 6 9 432
3 2 16 221
4 35 47 249 539
4 6 9 215 529
5 0 55 121 360 389
4 3 16 217 505
5 77 82 212 317 518
5 0 3 145 250 263
5 18 59 106 195 348
2 0 18
5 28 31 177 243 266
6 0 69 128 261 402 408
6 2 102 135 196 209 424
3 2 27 292
3 2 79 145
3 10 90 213
4 23 52 112 330
2 47 50
4 25 110 158 525
2 0 21
7 5 58 232 427 509 511 564
3 5 90 286
2 2 19
4 7 30 315 534
3 14 72 119
4 66 118 497 553
5 8 35 138 222 416
4 33 98 124 295
10 1 142 148 157 201 277 359 375 434 502
4 35 47 209 442
3 17 121 275
6 2 38 214 279 339 534
6 0 9 149 211 341 574
3 60 69 235
5 2 105 280 393 438
3 17 27 494
11 29 68 206 233 234 241 298 307 347 403 547
3 0 8 207
5 3 43 208 405 473
3 24 65 451
10 0 59 180 182 236 288 325 331 527 567
3 106 136 398
4 30 135 155 204
3 66 70 477
4 48 120 192 254
4 6 53 173 190
4 55 65 304 515
3 57 70 383
5 0 122 260 336 503
4 14 38 458 468
5 10 27 236 344 425
7 101 108 216 368 393 569 588
9 17 37 259 262 301 306 414 513 523
4 5 60 153 584
5 122 154 392 457 570
3 34 126 362
3 7 72 466
5 13 14 165 345 504
3 10 18 443
3 2 147 560
3 82 148 272
2 19 136
4 5 74 202 525
2 19 122
6 82 112 228 238 528 596
3 6 40 579
4 9 25 214 546
4 55 68 568 576
3 71 183 253
7 0 38 195 326 415 535 566
5 3 27 352 379 472
2 2 151
3 18 58 502
3 29 62 363
6 34 45 224 239 500 599
4 12 25 245 247
5 0 191 342 447 489
5 2 35 242 252 439
4 4 5 351 377
4 0 139 179 336
7 31 71 175 178 283 416 491
4 4 174 397 555
3 17 265 448
2 2 104
3 14 174 407
2 89 173
8 134 225 293 302 313 374 395 475
7 9 38 183 371 400 446 592
4 25 134 497 594
3 162 181 568
5 0 67 189 290 378
4 5 24 247 474
2 12 31
4 58 62 293 424
5 0 5 340 421 564
2 0 184
9 66 139 203 277 284 300 329 433 567
4 5 170 218 268
5 69 138 198 454 501
2 3 9
2 4 384
2 102 163
3 52 106 367
4 68 89 213 319
3 2 192 397
3 58 269 498
4 38 82 333 507
2 2 122
2 13 156
4 66 190 356 586
6 66 136 246 279 429 458
3 14 82 335
3 3 130 257
4 2 131 286 445
6 0 132 238 260 320 586
2 106 123
2 16 22
7 7 126 227 303 410 488 517
2 45 100
8 109 197 219 240 261 430 522 526
2 125 160
3 80 97 532
5 28 145 239 392 571
4 35 99 251 367
2 3 191
4 61 213 282 455
4 37 39 232 275
2 67 95
3 1 120 298
2 48 64
5 33 168 276 441 469
4 0 180 418 559
2 35 36
5 10 211 237 278 596
7 64 158 231 414 440 520 583
5 26 87 384 453 465
2 3 16
3 30 228 495
2 114 220
4 34 130 305 343
3 35 130 390
3 18 127 240
3 134 144 395
3 3 227 431
2 158 208
2 168 216
3 213 235 578
2 0 130
2 25 171
5 29 104 296 386 490
5 7 80 289 301 334
2 2 169
3 34 204 417
2 169 185
4 24 80 266 422
2 56 96
5 32 101 433 536 565
3 52 217 597
3 2 171 444
2 5 162
5 66 138 287 471 480
3 0 3 271
2 14 31
3 44 206 473
6 7 77 316 442 573 597
4 10 146 440 476
2 142 208
4 105 213 402 418
2 146 536
4 39 101 325 574
2 7 63
2 79 176
4 104 248 297 545
2 33 83
2 66 191
3 62 199 421
3 60 79 462
4 31 255 296 429
2 0 154
4 2 47 299 322
6 2 33 340 426 506 594
3 124 220 380
3 83 224 588
2 122 190
2 39 227
5 125 204 346 406 543
3 0 128 386
4 40 61 321 446
3 43 219 521
5 174 345 376 444 456
2 58 190
2 16 71
4 115 207 378 583
3 61 254 408
2 0 134
4 38 244 290 351
2 184 289
2 0 61
6 33 107 353 359 427 512
3 180 187 505
1 10
3 34 121 320
3 243 271 524
5 18 266 333 387 415
4 130 222 348 585
2 25 273
2 16 190
5 146 244 327 461 584
2 88 180
2 31 211
2 10 140
2 27 233
4 64 146 389 542
3 39 130 368
2 0 25
2 46 82
3 7 38 541
2 0 36
4 0 54 328 419
3 7 180 357
2 5 34
4 60 117 452 470
2 11 258
2 100 530
5 14 34 449 514 522
2 79 197
2 208 295
2 281 420
3 7 273 548
2 3 25
3 3 15 480
4 134 263 404 409
3 31 163 579
2 40 301
3 3 312 516
4 79 190 431 587
2 2 110
3 58 134 512
2 3 44
2 200 297
3 14 244 374
2 58 205
2 142 173
2 58 355
2 37 38
3 48 125 531
3 188 274 591
3 34 126 520
2 78 170
2 88 233
4 12 144 369 463
3 151 283 381
3 279 535 582
4 20 130 356 365
2 102 298
2 14 18
2 24 81
2 172 289
2 3 164
3 56 292 364
3 24 53 372
2 4 337
2 203 347
3 49 313 479
2 25 80
2 122 292
3 98 380 468
2 18 66
2 79 149
2 69 167
2 58 353
2 47 347
5 37 65 539 561 580
2 196 217
3 145 307 385
2 3 344
3 77 89 377
2 17 181
2 13 354
3 77 91 399
2 180 334
4 79 122 466 498
2 69 283
2 172 370
2 184 286
2 25 164
3 275 360 478
3 21 345 481
2 71 81
1 141
4 194 229 541 550
2 368 465
2 243 280
2 89 297
2 3 485
2 98 306
2 75 234
3 10 88 420
2 148 216
2 128 145
1 41
2 180 236
3 9 14 572
2 175 198
2 0 135
2 373 423
2 24 181
2 40 93
2 105 261
2 49 130
2 71 325
3 43 132 488
1 279
1 178
4 105 287 436 482
2 325 487
2 50 211
2 56 57
1 62
2 4 49
2 146 228
2 163 297
3 120 174 499
2 24 246
2 225 261
2 89 312
2 321 391
3 188 269 486
4 8 248 542 547
2 70 399
3 106 187 519
4 2 144 492 524
2 9 274
3 114 292 506
2 73 88
2 204 271
2 53 213
2 237 329
2 60 94
2 190 250
2 31 122
2 3 49
2 88 408
3 48 64 471
2 25 128
2 0 171
2 228 259
3 70 224 575
2 123 258
2 2 152
2 252 283
1 207
2 181 281
2 60 170
2 21 176
1 318
2 14 521
2 62 133
2 23 315
2 84 229
2 29 192
1 219
2 283 510
3 14 148 500
2 143 204
2 9 13
3 48 59 469
3 48 301 483
2 42 270
3 81 344 578
2 13 47
2 229 385
2 150 375
2 77 88
2 143 360
2 224 460
3 11 315 533
2 254 437
2 8 164
2 132 257
4 90 185 519 552
2 57 180
2 6 259
2 7 137
2 56 380
2 31 357
2 254 324
2 46 381
1 408
2 34 461
1 87
2 66 388
2 9 421
1 409
2 211 405
1 170
2 0 243
2 7 174
2 70 425
2 7 12
3 0 129 556
3 27 231 533
2 5 73
2 119 182
2 199 375
2 26 416
2 168 457
2 30 192
2 122 166
2 88 142
2 5 151
3 99 293 590
2 274 427
3 3 200 527
3 10 38 552
1 114
2 12 456
2 31 114
2 292 331
2 3 146
2 68 318
2 9 140
1 328
2 0 211
1 100
2 424 474
3 228 341 538
2 282 450
2 213 318
2 22 146
2 296 425
2 112 156
1 213
2 134 507
2 92 158
1 97
2 317 571
2 33 339
2 27 215
2 470 495
2 117 125
2 163 346
2 250 262
3 13 46 549
2 82 520
2 96 366
2 25 38
2 310 384
3 306 422 581
3 76 279 544
2 3 543
3 17 266 595
2 17 160
2 130 422
2 21 322
2 23 537
2 78 384
2 0 86
2 474 508
2 18 119
2 24 89
1 175
1 494
3 57 77 561
2 25 43
2 16 225
1 153
2 366 557
2 34 58
2 12 57
2 114 188
2 54 250
1 163
2 134 190
2 161 183
1 145
3 3 148 580
2 216 530
2 91 396
1 258
2 126 263
2 15 441
1 161
2 0 40
2 240 463
2 159 326
2 366 570
2 3 542
2 21 346
2 228 286
2 147 301
2 79 298
2 203 208
2 12 329
2 145 276
1 29
2 89 505
2 68 340
2 67 181
1 38
2 182 274
2 27 545
2 158 227
2 251 258
2 75 76
1 168
