200
10 1 2 6 7 8 9 11 55 67 183
23 0 2 3 5 13 21 22 23 25 27 28 35 41 52 79 85 93 104 111 121 129 155 168
16 0 1 3 4 10 14 17 18 19 33 72 87 113 124 147 184
10 1 2 5 6 7 13 15 63 141 146
11 2 8 12 20 21 25 35 38 80 159 178
16 1 3 12 16 26 31 41 42 49 59 61 66 67 109 138 189
8 0 3 11 19 22 62 139 149
13 0 3 14 15 23 32 38 44 54 57 63 71 74
7 0 4 20 46 134 169 175
10 0 10 30 47 85 93 108 114 140 189
4 2 9 60 166
5 0 6 70 78 191
4 4 5 37 141
4 1 3 157 159
11 2 7 26 29 34 69 77 96 110 117 166
6 3 7 49 66 90 153
2 5 92
2 119 2
5 2 122 29 50 175
9 2 6 36 42 88 100 131 171 180
6 4 8 40 92 94 103
8 1 4 24 51 58 118 126 148
8 1 6 33 39 48 54 65 81
10 1 7 24 45 65 75 118 134 142 170
2 21 23
5 1 4 37 72 74
4 5 14 173 181
3 1 112 172
3 1 70 114
4 14 18 40 86
2 9 105
4 5 36 89 102
1 7
7 2 22 39 61 87 130 163
3 14 43 96
4 1 4 58 176
3 19 31 157
3 12 25 73
7 4 7 120 126 86 164 168
4 125 22 33 69
3 20 29 185
4 1 5 45 150
4 5 19 103 185
6 34 48 94 97 110 138
10 7 129 50 59 91 109 113 136 143 180
6 23 41 133 47 53 68
8 119 8 122 64 78 98 106 198
4 9 45 62 73
3 22 43 75
2 5 15
4 18 44 101 104
1 21
4 1 76 156 198
5 135 45 83 101 163
3 7 22 55
2 0 54
1 97
2 7 116
4 21 35 108 152
4 5 44 115 194
5 10 154 167 169 191
3 5 33 140
2 6 47
2 3 7
1 46
2 22 23
2 5 15
5 0 5 68 89 171
4 45 67 115 173
3 14 39 82
2 11 28
2 7 102
2 2 25
2 37 47
2 7 25
5 23 48 142 90 194
1 52
2 120 14
2 11 46
1 1
1 4
1 22
3 69 83 91
2 53 82
1 137
2 1 9
3 29 38 190
2 2 33
3 19 143 100
3 31 145 67
2 15 75
4 123 132 44 82
3 16 20 99
4 1 9 161 95
2 20 43
1 93
2 14 34
3 43 56 188
1 46
3 127 164 92
3 19 88 105
2 50 53
2 31 71
6 20 42 135 153 182 195
3 1 50 156
2 30 100
2 46 197
1 186
2 9 58
4 5 44 146 154
6 14 128 43 137 151 165
1 1
1 27
2 2 44
4 9 28 131 147
2 59 68
2 128 57
1 14
2 21 23
4 17 46 136 161
2 38 77
2 1 139
2 18 46
2 91 187
2 2 186
2 39 199
3 21 38 160
1 99
2 110 116
2 1 44
1 33
3 19 114 174
1 91
1 45
2 8 23
3 53 103 184
3 119 44 149
2 84 110
2 5 43
2 6 121
2 9 61
3 3 12 195
2 23 75
2 44 88
1 170
1 89
2 3 109
3 2 114 172
1 21
4 6 136 160 192
1 41
2 110 158
1 58
2 15 103
3 60 109 158
1 1
2 52 104
3 13 36 182
3 151 154 183
3 4 13 181
3 126 149 199
2 119 93
1 193
2 33 53
2 38 99
1 110
3 10 14 179
1 60
2 1 38
2 8 60
2 23 144
3 19 67 178
3 27 147 177
3 26 68 193
1 131
2 8 18
1 35
1 172
3 4 171 196
1 166
3 19 44 190
2 26 159
2 157 103
2 0 158
2 2 135
2 40 42
2 124 107
1 123
1 97
2 5 9
2 86 180
2 11 60
1 149
2 162 173
3 59 75 197
2 141 103
1 178
2 106 194
2 46 52
2 125 160
