600
46 1 2 5 9 11 12 14 21 22 27 33 34 35 39 41 45 59 72 85 104 107 109 115 123 137 172 215 219 233 242 270 274 283 295 315 350 389 396 421 422 436 447 487 497 505 513
17 0 3 4 9 16 23 33 61 81 127 184 213 238 266 305 308 386
17 0 3 6 7 13 18 19 22 49 64 92 150 224 239 449 485 558
33 1 2 4 8 11 12 37 40 45 48 50 54 79 86 97 104 108 117 131 135 146 150 157 190 204 296 323 346 354 434 498 541 556
21 1 3 5 26 29 39 53 77 90 93 101 119 218 255 286 326 331 333 363 445 599
21 0 4 6 8 10 17 28 49 134 214 231 252 317 364 418 424 457 475 530 567 584
8 2 5 7 25 61 80 133 556
39 2 6 15 16 20 27 28 32 36 42 43 44 46 65 66 100 124 143 148 155 163 180 187 188 190 232 242 243 269 275 349 356 386 412 435 450 452 477 504
14 3 5 10 19 30 31 34 47 72 91 94 237 416 474
3 0 1 170
10 5 8 18 75 99 128 322 374 485 494
3 0 3 144
10 0 3 13 63 64 68 213 281 316 530
12 2 12 14 21 24 129 173 225 280 351 564 580
23 0 13 15 24 31 50 52 53 58 65 66 122 138 167 176 178 264 279 332 456 472 513 595
15 7 14 43 47 106 165 192 223 228 248 380 439 484 522 534
6 1 7 194 246 460 577
25 5 20 25 38 55 56 59 63 86 88 90 105 126 156 157 158 178 221 224 301 340 348 368 378 399
3 2 10 96
8 2 8 35 132 260 291 499 552
6 7 17 32 38 293 365
10 0 13 23 26 153 207 288 343 373 554
2 0 2
8 1 21 29 70 76 101 270 311
7 13 14 57 216 268 281 491
9 6 17 79 125 177 208 244 294 403
11 4 21 30 41 215 271 300 303 338 469 569
13 0 7 54 55 94 106 149 189 276 332 334 429 520
22 5 7 46 67 81 96 103 105 110 111 167 188 221 302 316 333 342 355 374 445 464 521
6 4 23 69 175 180 387
5 8 26 113 259 262
6 8 14 36 92 288 596
4 7 20 58 113
6 0 1 87 118 247 336
12 0 8 89 122 126 165 265 287 357 448 545 577
8 0 19 37 52 112 331 340 593
15 7 31 40 68 70 83 112 115 143 164 230 262 301 328 557
5 3 35 42 151 263
5 17 20 51 406 560
7 0 4 102 114 148 152 290
4 3 36 71 184
11 0 26 48 78 95 154 209 214 307 508 524
16 7 37 44 83 109 116 144 272 382 391 393 423 437 503 589 590
4 7 15 171 325
8 7 42 98 162 171 227 313 378
8 0 3 60 78 121 240 373 410
8 7 28 100 111 183 576 580 590
6 8 15 139 209 220 561
7 3 41 51 84 401 446 501
16 2 5 56 80 91 137 282 306 315 358 369 385 425 433 438 510
11 3 14 75 130 174 205 236 256 261 297 521
10 38 48 85 193 309 344 350 352 586 598
5 14 35 62 69 253
7 4 14 57 138 170 203 244
5 3 27 76 99 127
4 17 27 84 276
7 17 49 114 120 142 149 166
2 24 53
16 14 32 62 73 87 121 134 135 161 164 206 208 232 240 327 465
6 0 17 67 118 405 576
3 45 497 545
10 1 6 123 160 181 211 250 275 440 555
7 52 58 140 210 379 506 548
5 12 17 95 145 186
4 2 12 77 120
8 7 14 107 197 307 338 369 407
3 7 14 247
7 28 59 73 130 131 140 187
6 12 36 98 220 222 383
7 29 52 74 125 145 166 248
5 23 36 162 413 542
1 40
11 0 8 74 179 182 191 218 251 414 473 481
6 58 67 147 195 216 406
8 69 72 139 152 205 207 239 312
5 10 50 196 353 358
3 23 54 82
3 4 64 151
4 41 45 88 198
7 3 25 116 199 254 277 439
5 6 49 351 430 596
5 1 28 117 306 345
8 76 159 212 234 298 329 562 587
6 36 42 93 280 355 376
4 48 55 102 498
4 0 51 89 222
8 3 17 97 141 203 339 360 432
2 33 58
5 17 78 103 277 518
4 34 85 132 169
3 4 17 136
5 8 49 133 136 528
3 2 31 243
5 4 83 181 427 573
6 8 27 108 154 295 337
4 41 63 311 581
3 18 28 317
3 3 86 493
3 44 68 141
6 10 54 168 380 412 598
6 7 46 334 462 482 488
8 4 23 156 198 200 202 330 466
6 39 84 160 225 289 397
4 28 88 493 587
4 0 3 155 477
11 17 28 129 147 168 169 310 314 326 418 421
2 15 27
3 0 65 511
5 3 94 124 211 395
6 0 42 128 359 471 562
2 28 324
6 28 46 158 212 330 368
5 35 36 237 319 437
4 30 32 196 471
2 39 56
5 0 36 202 460 535
5 42 79 161 371 414
2 3 81
3 33 59 229
3 4 309 575
2 56 64
6 45 58 146 294 323 339
3 14 34 365
15 0 61 163 185 230 245 261 337 349 364 408 415 416 540 588
3 7 108 557
2 25 69
4 17 34 359 558
2 1 54
7 10 109 194 257 324 539 583
6 13 105 236 327 377 486
3 50 67 179
4 3 67 299 347
3 19 89 249
3 6 91 565
4 5 58 177 265
6 3 58 193 303 429 588
3 90 91 447
6 0 49 217 287 318 420
2 14 53
4 47 74 251 582
3 62 67 341
3 86 98 176
3 56 173 235
3 7 36 400
5 11 42 174 200 231
4 63 69 175 320
7 3 121 204 352 361 543 592
3 73 105 282
3 7 39 398
5 27 56 201 210 474
6 2 3 219 371 468 519
5 37 77 206 452 483
4 39 74 257 455
3 21 172 426
2 41 94
6 7 104 238 254 321 594
3 17 101 554
3 3 17 564
4 17 111 252 403
3 82 392 541
2 61 102
5 58 116 241 375 466
3 44 70 253
7 7 123 192 229 264 459 516
4 36 58 246 293
5 15 34 291 389 578
4 56 69 520 529
3 14 28 360
2 99 105
3 89 105 544
4 9 53 443 528
7 43 44 296 409 433 524 563
5 0 153 335 456 496
7 13 142 363 397 479 518 553
4 50 144 197 533
3 29 145 572
7 14 141 185 217 488 510 575
3 25 134 305
5 14 17 233 335 388
4 72 130 408 431
5 7 29 328 393 461
3 61 93 345
2 72 463
2 46 321
7 1 40 186 267 411 444 560
4 123 176 191 508
2 63 184
3 7 67 467
5 7 28 377 434 492
1 27
5 3 7 201 255 544
2 72 185
9 15 163 199 260 268 402 409 467 599
4 51 135 325 523
2 16 128
2 73 484
2 75 113
2 65 174
3 78 101 390
4 79 192 376 516
4 101 144 258 283
3 149 190 512
5 101 115 297 300 354
3 53 86 245
2 3 146
2 50 74
2 58 151
3 21 74 304
5 25 58 226 227 381
2 41 47
3 62 149 514
2 61 108
3 82 111 223
2 1 12
3 5 41 226
4 0 26 241 542
2 24 73
3 137 176 228
4 4 72 298 553
2 0 150
4 47 68 312 341
2 17 28
2 68 85
4 15 212 361 546
3 2 17 391
3 13 102 400
2 208 214
7 44 208 256 302 419 519 543
5 15 217 348 442 540
5 118 163 271 299 453
4 36 123 266 273
3 5 144 527
3 7 58 273
4 0 178 249 372
7 82 292 379 413 511 515 591
2 142 322
2 50 129
3 8 112 578
2 1 155
3 2 74 574
5 45 58 259 304 320
2 161 215
3 0 7 465
2 7 92
4 25 53 319 366
2 123 203
2 16 164
2 33 66
4 15 69 284 440
3 132 233 454
2 61 314
3 72 139 362
3 5 158 263
3 52 162 509
3 79 155 398
2 4 190
5 50 227 342 475 499
2 128 152
3 200 366 367
5 30 240 336 370 579
4 19 192 405 441
2 50 123
5 30 36 272 274 468
3 37 252 571
2 14 163
2 34 134
2 1 230
2 184 522
4 24 192 407 419
3 7 279 517
4 0 23 396 552
5 26 229 285 392 404
3 42 262 547
2 230 232
3 0 262 597
3 7 61 343
4 27 55 318 585
2 79 88
1 382
3 14 269 356
3 13 83 425
3 12 24 537
4 49 147 290 370
3 0 200 329
2 248 310
1 271
2 4 289
2 34 137
2 21 31
2 102 286
4 39 282 420 517
2 19 165
2 234 567
2 20 164
3 25 121 432
2 0 94
2 3 171
3 50 202 381
3 82 218 502
2 131 229
4 26 202 490 500
3 17 36 344
4 28 227 372 579
3 26 135 586
3 207 240 313
3 1 177 537
3 49 81 496
7 41 65 308 399 444 490 589
2 1 307
5 51 119 375 489 549
2 105 284
2 23 95
2 74 220
2 44 304
2 105 250
3 0 49 559
2 12 28
3 5 96 483
3 137 276 595
2 112 244
5 145 240 367 478 584
4 155 183 436 458
5 10 235 384 451 470
2 3 121
2 110 128
4 43 193 457 464
3 4 105 423
2 58 129
3 36 180 532
3 82 283 383
3 101 111 347
4 4 35 472 526
3 14 27 417
3 4 28 526
2 27 100
4 172 178 346 402
2 33 259
5 94 123 410 479 501
4 26 65 415 551
2 86 121
2 17 35
2 140 220
3 28 256 430
3 21 275 455
3 51 301 502
3 81 181 478
3 3 335 449
3 131 330 411
2 17 228
3 7 123 441
2 0 51
5 13 80 362 422 451
3 51 146 492
2 75 536
2 3 202
2 28 83
4 7 279 387 404
1 34
2 49 75
3 109 126 453
2 86 167
2 146 223
2 251 351
2 4 173
2 5 123
2 20 122
2 244 258
2 258 320
2 17 111
3 49 65 525
2 259 282
3 116 150 473
2 233 302
5 21 45 394 428 550
2 10 28
3 161 309 395
2 83 199
5 129 188 384 458 514
3 17 44 527
3 62 234 495
2 15 99
2 208 297
2 42 278
3 68 329 388
2 322 377
1 49
4 1 7 462 551
2 29 356
2 178 383
2 0 165
3 198 509 591
2 42 224
3 159 271 566
2 42 180
1 373
3 108 375 507
2 0 270
5 102 173 431 491 515
2 148 254
2 17 307
2 143 225
4 48 417 505 538
3 192 335 463
2 25 158
3 271 356 450
2 59 260
2 38 73
3 65 268 424
4 123 179 480 549
2 171 192
2 45 337
2 184 347
2 7 99
3 70 234 572
2 72 116
2 123 338
3 8 123 481
2 332 401
2 5 105
2 227 268
2 137 290
3 0 105 500
3 0 351 534
4 42 326 494 533
4 5 407 443 538
2 49 280
1 153
1 93
1 373
2 27 135
2 80 342
2 179 397
5 86 294 442 476 574
2 49 171
2 3 188
2 7 482
3 0 321 539
3 42 112 525
1 49
3 15 79 489
3 61 248 536
3 260 349 570
3 228 432 446
4 170 424 569 583
2 184 307
2 4 28
2 48 442
2 0 136
1 34
2 2 346
3 7 404 487
2 322 351
3 7 151 565
2 229 359
1 249
2 152 343
2 14 172
2 5 325
2 321 377
1 163
3 16 115 585
1 180
2 100 386
2 182 402
2 28 325
3 58 242 504
2 101 161
2 187 192
2 150 262
2 26 503
1 322
2 109 113
3 14 331 555
2 72 371
2 8 149
3 5 256 495
1 432
2 7 104
3 320 345 529
3 173 337 571
1 408
2 72 416
2 100 435
2 151 317
2 15 195
3 2 10 486
2 129 485
2 0 450
3 100 176 535
2 309 439
2 300 307
2 24 397
3 188 352 563
2 97 103
3 10 423 507
2 379 475
2 172 306
2 0 60
2 3 84
2 19 256
2 300 421
2 48 337
2 298 344
2 42 469
2 7 465
2 0 401
1 62
2 395 494
2 41 185
3 253 390 532
2 49 176
3 107 234 559
2 201 592
2 0 14
2 210 377
2 234 397
2 163 199
2 269 290
2 88 173
2 150 227
2 27 166
2 28 50
2 15 267
1 193
3 41 171 566
2 369 437
2 331 333
2 231 378
2 91 170
3 166 478 531
2 5 12
1 529
2 328 509
2 174 423
2 15 422
2 115 488
2 353 440
2 281 305
2 401 424
2 128 436
2 123 228
2 3 159
2 70 215
2 146 227
2 169 190
3 34 60 568
1 223
1 272
2 62 550
2 309 408
2 373 548
2 338 386
2 19 270
2 173 218
2 21 156
2 61 472
2 3 6
2 36 124
2 2 126
2 315 511
2 38 184
1 47
2 82 109
2 171 492
2 13 157
2 133 452
2 392 524
2 5 292
1 545
2 26 443
1 441
2 263 479
2 175 413
1 93
2 239 432
2 119 176
2 46 59
2 16 34
2 165 237
2 259 302
2 13 46
1 95
1 139
2 128 443
2 5 320
2 276 460
2 51 303
2 82 103
2 123 135
2 42 307
2 42 46
2 234 390
2 146 512
1 35
1 155
2 14 318
2 31 80
1 274
2 51 99
2 4 192
