100
13 1 2 3 4 5 6 11 14 66 85 94 98 99
13 0 4 5 7 8 9 12 13 15 17 22 39 56
5 0 3 6 24 40
6 0 2 12 27 48 71
6 0 1 8 11 49 91
12 0 1 13 23 25 33 35 42 72 77 78 99
8 0 2 7 15 18 34 37 86
7 1 6 16 28 36 63 75
8 1 4 9 19 25 26 35 50
4 1 8 65 93
1 73
6 0 4 18 21 23 51
4 1 3 20 79
5 1 5 28 32 49
3 0 22 31
5 1 6 41 44 54
4 7 17 34 88
2 1 16
6 6 11 37 56 60 85
7 8 69 29 32 41 46 53
2 12 55
2 11 36
4 1 14 57 74
5 5 11 38 51 76
6 2 40 47 48 65 78
4 5 8 39 86
2 8 83
2 3 64
2 7 13
3 19 30 90
3 29 38 58
2 14 92
2 13 19
2 5 81
3 6 16 70
4 5 8 73 55
4 7 21 66 94
2 6 18
5 23 30 81 42 93
2 1 25
3 2 24 83
3 15 19 89
2 5 38
1 84
1 15
1 69
4 19 57 63 90
1 24
2 3 24
3 4 13 53
2 8 61
3 11 23 87
1 96
3 19 76 49
2 15 67
3 20 35 61
2 1 18
2 22 46
2 30 67
1 82
4 18 82 95 64
2 50 55
2 80 96
2 7 46
2 27 60
2 9 24
2 0 36
2 54 58
1 75
2 19 45
1 34
3 3 84 97
2 5 74
2 10 35
3 22 72 91
2 7 68
3 23 53 80
1 5
2 5 24
1 12
3 76 62 92
2 33 38
3 60 59 97
2 26 40
3 71 43 89
2 0 18
2 6 25
1 51
1 16
2 84 41
2 29 46
2 4 74
3 31 80 98
2 9 38
2 0 36
1 60
2 52 62
2 71 82
2 0 92
2 0 5
