200
25 1 2 3 4 5 6 8 10 12 15 16 23 24 37 40 46 52 64 68 91 146 153 166 191 196
6 0 13 89 99 143 195
15 0 5 6 7 9 11 17 29 33 55 56 98 104 145 170
8 0 4 8 42 61 62 80 114
6 0 3 17 55 94 103
13 0 2 11 15 16 20 21 29 60 77 103 130 187
9 0 2 7 10 18 26 30 43 45
10 2 6 49 84 92 109 133 165 181 192
15 0 3 14 22 25 28 35 36 63 64 65 79 147 159 163
2 2 95
4 0 6 13 176
20 2 5 19 32 35 37 38 39 44 45 49 50 58 59 82 84 93 105 124 177
3 0 30 165
4 1 10 14 44
6 8 13 31 151 160 190
7 0 5 18 23 28 31 41
2 0 5
5 2 4 125 20 138
3 6 15 19
5 11 18 54 70 74
3 5 17 99
4 5 24 26 40
11 8 32 42 51 59 69 94 95 137 156 192
5 0 15 27 87 111
10 0 21 25 33 43 53 56 65 117 121
5 8 24 85 101 143
3 6 21 39
3 23 81 149
6 8 15 63 98 109 146
6 2 5 57 78 129 136
6 6 12 54 74 119 174
6 14 15 34 48 100 179
10 11 22 34 38 60 88 105 139 162 178
2 2 24
4 31 32 101 111
4 8 11 61 107
4 8 76 77 112
5 0 11 126 57 167
7 11 32 69 81 107 164 180
4 11 26 50 186
3 0 21 41
5 15 40 92 100 118
3 3 22 198
5 6 24 66 82 120
2 11 13
8 6 11 129 46 96 144 147 185
4 0 45 67 170
1 175
7 31 66 70 86 89 104 141
7 7 11 51 62 86 91 152
3 11 39 112
3 22 49 154
4 0 148 169 178
2 24 168
2 19 30
3 2 4 127
4 2 24 158 159
2 29 37
3 11 135 189
3 11 22 97
4 5 32 182 195
5 3 127 35 115 156
4 3 49 73 119
2 8 28
4 0 8 73 150
4 8 24 68 149
7 43 48 78 155 166 176 198
1 46
4 0 131 65 174
5 22 38 108 163 167
2 19 48
1 115
1 124
5 128 62 64 83 110
3 19 30 140
1 155
1 36
3 5 36 102
4 29 66 108 185
4 8 130 142 153
2 3 87
2 27 38
3 11 43 150
5 136 148 73 113 169
2 7 11
2 25 157
3 48 49 190
4 23 134 80 88
2 32 87
2 1 48
2 160 196
3 0 49 172
2 7 41
1 11
3 4 22 121
5 122 9 22 132 182
3 45 171 175
1 59
2 2 28
2 1 20
2 31 41
4 25 34 102 199
3 77 157 101
3 4 5 164
2 2 48
2 11 32
3 154 116 194
4 35 131 38 120
2 69 78
2 7 28
1 73
3 23 34 114
2 36 50
2 83 117
2 3 111
2 61 71
1 106
2 24 113
1 41
2 30 62
5 128 43 139 145 107
2 24 94
3 95 126 141
1 132
3 11 72 197
2 17 184
2 122 37
3 55 61 158
2 73 120
2 29 45
3 5 79 179
2 107 68
3 123 95 187
1 7
1 87
2 58 138
2 29 83
1 22
2 17 135
2 32 120
1 74
2 122 48
2 79 161
2 1 25
1 45
3 2 120 173
2 0 28
2 8 45
2 52 83
2 27 65
2 64 82
2 14 180
1 49
2 0 79
2 51 106
3 66 75 186
3 22 61 193
2 102 85
3 127 56 188
2 8 56
2 14 90
1 142
1 32
2 8 69
2 38 103
2 7 12
2 0 66
2 37 69
2 53 191
2 52 83
3 2 46 194
1 96
1 91
1 145
2 30 68
3 47 96 199
2 10 66
1 11
2 32 52
2 31 130
2 38 151
1 7
2 60 95
1 193
1 125
2 45 78
2 39 155
2 5 132
1 158
1 58
2 14 86
2 0 168
2 7 22
2 156 183
2 170 106
2 1 60
2 0 90
1 124
2 42 66
2 175 101
