1000
95 1 2 3 4 5 7 8 9 11 12 14 15 17 19 20 21 26 29 30 31 32 33 41 59 60 61 64 69 72 85 92 98 102 109 115 121 137 138 140 142 153 156 161 165 190 192 227 234 244 250 272 280 290 296 297 325 342 356 364 382 383 408 409 416 459 463 469 486 519 526 532 556 599 610 641 647 654 656 659 663 667 677 685 698 725 739 755 761 767 852 855 865 913 944 976
15 0 10 31 44 127 175 218 255 298 407 592 729 829 838 924
19 0 3 7 37 50 95 166 270 338 346 361 388 406 464 680 799 957 961 973
86 0 2 4 5 6 8 9 13 14 18 19 21 22 24 26 30 39 40 42 43 48 51 57 64 67 78 89 100 101 122 130 135 136 145 153 159 169 173 174 177 200 205 235 236 239 255 269 273 299 307 322 340 345 365 382 394 402 403 418 432 438 457 485 496 506 522 525 548 555 613 626 627 650 687 715 727 741 779 781 785 813 881 889 895 925 964
5 0 3 13 102 184
50 0 3 6 12 15 17 20 23 25 39 69 76 80 83 90 94 104 115 117 156 162 163 225 235 237 242 264 279 381 387 425 460 468 492 512 516 523 532 547 609 633 646 691 692 720 737 758 764 768 830
31 3 5 16 18 27 41 43 45 58 73 91 93 106 123 185 210 246 270 283 311 332 354 393 436 509 549 636 648 717 737 856
13 0 2 10 73 94 183 187 276 648 700 724 752 918
47 0 3 24 32 35 49 52 62 75 78 84 85 110 133 141 143 154 176 182 186 190 279 288 295 330 333 376 377 378 383 385 494 518 521 579 607 704 705 771 792 823 858 885 896 904 930 938
18 0 3 11 28 36 88 160 222 321 341 349 434 437 483 566 666 687 847
4 1 7 90 103
20 0 9 40 66 67 83 199 246 399 401 690 715 732 784 816 836 879 940 941 959
18 0 5 35 49 82 116 148 170 336 420 445 472 495 630 667 801 806 810
23 3 4 16 22 33 61 68 80 107 199 340 350 369 372 376 392 429 447 484 530 564 834 919
15 0 3 34 47 59 66 113 233 237 252 254 263 359 498 504
15 0 5 23 76 121 160 170 223 328 381 386 557 621 693 933
11 6 13 27 28 92 93 124 396 571 872 907
12 0 5 119 163 301 330 359 416 421 668 796 923
4 3 6 128 433
15 0 3 37 42 47 50 125 129 158 289 322 415 743 833 834
23 0 5 46 74 75 149 151 272 327 393 440 445 448 478 575 618 620 714 733 880 926 931 983
11 0 3 25 134 173 266 285 347 514 645 649
29 3 13 38 51 62 63 70 86 97 105 194 232 293 306 333 353 377 436 463 490 491 714 735 748 827 832 920 931 977
35 5 15 38 53 65 77 81 97 98 186 228 240 245 262 293 313 323 326 375 431 456 469 542 553 576 586 604 641 700 702 773 799 876 905 999
19 3 8 29 68 81 107 118 171 243 309 363 375 400 428 432 605 615 666 849
21 5 21 48 87 109 129 139 233 261 268 336 475 489 554 635 681 710 788 814 887 935
6 0 3 58 119 181 942
16 6 16 45 96 122 126 191 194 318 513 563 607 769 906 945 989
10 9 16 120 291 338 501 572 581 733 914
7 0 24 46 53 60 148 844
6 0 3 34 434 584 802
9 0 1 150 318 365 501 800 938 952
5 0 8 749 827 927
19 0 13 44 54 79 100 112 161 179 192 201 203 248 304 305 467 563 600 886
3 14 30 215
12 8 12 36 99 162 215 309 405 419 466 535 820
14 9 35 82 209 265 366 468 482 517 638 695 785 891 977
11 2 19 70 403 428 465 533 559 561 590 872
10 22 23 135 367 413 612 734 762 763 864
20 3 5 52 55 112 149 220 223 241 248 275 294 295 499 500 539 544 556 971 993
9 3 11 96 132 164 166 281 335 561
5 0 6 104 220 773
11 3 19 63 131 213 218 440 562 580 751 972
11 3 6 108 142 207 281 401 536 655 731 907
25 1 33 56 65 123 169 226 249 290 400 438 454 553 555 614 669 695 730 786 808 819 820 822 837 970
3 6 27 108
8 20 29 72 105 374 565 569 743
11 14 19 56 74 79 126 328 398 670 740 753
4 3 25 54 256
14 8 12 130 167 259 334 414 550 592 630 717 765 812 912
16 2 19 57 150 167 225 227 286 325 362 412 486 570 643 744 939
8 3 22 86 213 216 249 394 583
5 8 39 55 71 571
4 23 29 196 914
2 33 48
24 39 52 77 84 103 110 117 125 137 168 179 277 310 332 366 495 504 626 655 662 828 839 917 929
5 44 47 91 292 352
3 3 50 193
8 6 26 71 95 312 337 458 639
8 0 14 144 303 343 661 825 970
13 0 29 168 195 339 353 410 421 439 444 539 651 859
9 0 13 88 134 172 202 304 718 883
8 8 22 276 294 390 511 696 746
4 22 42 164 329
2 0 3
10 23 44 198 362 573 578 619 637 725 998
4 11 14 379 606
4 3 11 748 915
3 13 24 520
10 0 5 147 178 197 206 316 488 587 911
4 22 37 87 465
11 52 58 147 177 307 387 423 425 466 505 576
2 0 46
6 6 7 89 334 776 924
10 20 47 230 300 429 455 703 860 867 898
4 8 20 152 581
3 5 15 390
6 23 55 226 265 513 623
12 3 8 183 253 259 268 356 408 487 584 780 818
8 33 47 106 158 191 195 510 781
5 5 13 406 678 815
2 23 24
6 12 36 187 348 441 653
8 5 11 443 574 660 689 706 848
10 8 55 113 116 132 217 537 588 699 948
9 0 8 152 175 253 531 575 709 998
6 22 51 127 131 189 804
3 25 70 597
4 9 61 141 206
3 3 73 136
5 5 10 275 657 759
5 6 56 114 315 590
21 0 16 99 118 140 159 171 236 247 278 313 368 373 529 579 593 643 728 780 831 946
4 6 16 193 878
4 5 7 282 921
3 2 58 503
13 27 40 111 221 284 357 370 502 637 665 826 884 982
6 22 23 274 500 649 851
2 0 23
11 35 92 101 165 201 230 324 614 768 798 934
4 3 33 154 902
7 3 99 155 214 228 286 662
8 0 4 120 241 384 543 847 903
10 10 55 138 146 176 264 441 558 878 992
4 5 41 204 692
6 22 46 114 229 271 481
3 6 79 964
5 13 24 157 251 636
9 43 45 202 452 471 534 723 734 835
5 0 25 244 271 551
6 8 55 111 157 182 846
4 96 110 212 472
3 33 39 316
4 14 84 302 989
3 91 105 791
3 0 5 755
16 12 84 128 197 216 222 232 331 349 373 399 535 582 798 818 996
5 5 55 185 453 947
10 24 92 278 289 320 339 355 372 617 882
13 17 26 262 455 493 594 603 786 797 815 848 909 932
3 28 102 415
14 0 15 144 221 301 308 344 433 498 517 756 829 892 997
5 3 27 124 280 462
7 6 44 139 151 371 505 507
6 16 122 208 341 531 782
6 19 55 133 474 477 901
5 27 47 143 347 822
5 1 86 210 239 790
4 18 116 708 784
3 19 25 754
4 3 49 358 525
3 42 86 319
5 40 84 450 461 718
11 8 125 146 203 277 351 708 745 824 832 963
9 21 61 181 238 266 346 496 710 770
8 3 38 184 208 656 683 712 852
2 3 89
2 0 55
3 0 103 315
3 25 123 411
9 0 92 145 155 354 549 578 871 962
9 8 88 211 317 357 705 763 767 957
10 0 43 245 258 285 308 475 702 894 983
5 8 126 323 380 670
4 59 121 247 414
9 3 140 188 238 367 507 540 775 855
6 103 133 311 548 604 843
4 69 71 273 916
2 12 29
3 20 39 747
3 31 50 378
2 20 123
2 75 85
2 0 3
5 8 100 391 462 675
6 101 140 397 530 569 905
10 0 5 174 589 635 639 661 753 839 993
6 107 110 198 443 473 622
6 19 79 180 451 523 790
5 3 92 296 613 742
3 9 15 497
3 0 33 602
4 5 35 224 451
2 5 17
4 40 63 450 632
4 0 99 219 550
7 2 40 178 324 417 644 698
3 49 50 274
3 55 60 188
5 3 44 742 851 987
12 12 15 172 260 263 457 481 490 537 544 756 951
8 24 92 196 231 267 395 572 760
15 61 170 214 219 251 303 503 512 566 585 596 657 772 814 982
6 3 21 478 595 828 854
5 3 156 402 611 632
6 1 85 180 229 720 992
3 8 103 979
5 3 71 217 676 811
3 69 166 608
6 33 55 234 506 528 652
8 158 175 243 254 538 807 950 985
4 26 134 189 966
2 8 110
3 7 78 841
4 4 135 936 963
2 6 117
4 8 23 260 312
8 7 82 257 508 722 830 876 881
8 145 168 209 300 327 331 598 672
2 86 181
16 0 8 204 205 292 329 351 488 565 596 650 669 701 910 949 968
8 27 79 252 310 405 833 913 975
7 0 33 207 302 558 608 679
2 57 93
4 22 27 519 633
3 60 79 288
5 53 171 360 688 896
5 69 116 200 211 326
3 65 157 396
3 11 13 794
4 3 197 257 932
4 33 99 335 823
2 61 108
5 33 133 258 287 897
5 104 190 282 521 526
4 3 190 269 337
3 69 88 922
4 43 192 212 862
6 124 135 250 284 423 882
4 36 188 291 672
4 6 127 594 727
5 141 197 256 446 485
2 111 207
6 42 51 231 502 552 969
2 101 172
3 34 35 772
4 51 116 395 744
12 84 177 242 283 418 442 515 540 591 674 749 917
4 1 42 480 654
4 165 172 663 884
4 39 41 489 900
10 96 121 404 624 634 738 842 864 942 995
7 9 116 224 449 623 811 981
2 15 39
3 162 222 536
4 5 50 560 925
2 44 77
2 0 50
4 23 101 456 797
5 105 175 240 314 625
3 74 99 587
2 171 213
4 22 116 621 888
2 14 25
9 0 179 299 305 412 665 694 709 857
4 3 5 355 803
6 3 92 453 542 682 787
2 5 14
2 134 145
2 3 127
4 23 229 368 678
3 39 102 317
2 5 217
8 24 180 298 363 437 497 777 985
8 0 109 391 560 599 741 874 883
9 23 142 267 541 568 588 617 850 915
6 6 11 686 825 929 996
4 92 144 598 928
4 33 39 602 752
6 44 51 261 541 644 958
6 0 208 444 470 928 947
5 107 172 658 738 909
8 14 191 345 435 567 693 845 900
3 78 85 435
2 14 180
3 1 3 389
3 48 211 314
4 187 200 658 706
3 142 203 897
5 49 78 379 524 796
3 170 186 640
3 25 249 464
7 23 119 564 603 642 646 800
3 14 170 348
7 5 103 344 585 609 792 926
9 36 77 385 476 616 683 701 806 850
2 21 134
2 171 245
3 25 78 916
2 3 205
6 2 6 306 422 449 729
5 105 109 413 442 616
3 0 20 871
4 3 147 358 778
4 97 167 627 967
4 39 90 424 866
2 7 62
2 55 133
7 92 118 287 461 567 783 843
7 5 8 360 384 422 577 600
7 0 122 342 388 487 703 713
3 40 43 766
6 94 204 297 319 352 849
4 6 217 479 574
2 96 208
6 21 142 430 629 659 972
2 50 101
2 203 278
3 8 195 923
5 19 118 554 615 691
3 0 44 967
4 28 209 371 409
2 56 190
2 22 23
2 39 62
6 8 39 511 528 873 991
3 0 159 321
4 0 282 629 787
2 1 243
3 3 234 861
8 74 188 361 411 660 757 922 994
5 17 121 551 874 887
5 113 192 343 392 533
5 59 172 320 674 817
2 33 61
7 33 234 364 369 529 671 911
7 22 270 514 538 664 807 901
3 3 71 410
5 121 142 460 527 620
2 24 35
4 55 191 793 841
2 6 146
4 58 186 508 943
3 23 92 454
4 229 256 619 726
3 91 138 407
4 69 112 374 802
3 141 241 552
3 27 31 452
2 131 282
3 118 303 350
7 9 296 398 404 420 559 826
4 3 19 516 795
4 23 143 492 950
3 99 166 877
4 0 50 499 937
5 23 197 447 459 816
7 20 188 397 831 886 954 971
3 15 47 524
4 63 190 712 821
2 8 17
2 116 188
3 6 55 869
5 8 22 470 476 675
4 49 73 527 694
4 40 201 424 458
2 12 25
6 58 205 534 606 728 867
4 2 28 419 769
2 60 118
2 3 13
2 9 124
5 0 280 448 730 809
4 59 302 471 577
2 121 264
2 3 252
2 2 134
6 21 126 386 389 483 981
2 82 263
3 9 116 934
2 13 320
3 133 190 762
2 56 282
2 22 60
4 6 140 509 640
2 118 235
2 0 78
2 96 141
4 130 273 482 546
2 14 17
2 196 279
4 2 300 380 704
6 50 65 370 647 783 918
2 24 243
2 0 305
5 3 31 426 427 711
3 36 55 431
2 38 145
4 92 240 754 853
4 13 305 597 686
3 96 362 776
5 123 291 676 782 908
2 13 118
3 92 116 520
4 46 316 605 973
2 23 24
2 8 13
5 8 22 417 645 777
2 8 150
2 66 259
6 143 361 439 446 638 845
6 5 15 484 684 870 873
2 0 3
3 0 8 805
3 102 279 888
2 8 265
3 15 347 591
2 5 71
2 2 280
2 255 347
2 62 76
3 154 244 570
2 13 302
2 6 20
2 3 51
3 171 216 426
3 16 198 761
7 155 327 430 474 480 750 959
2 47 321
2 11 116
3 24 44 968
2 11 43
2 3 174
5 3 37 580 965 997
4 221 321 543 837
2 35 191
2 2 80
3 1 315 937
6 0 78 582 801 866 902
2 0 291
3 60 307 593
2 139 300
2 50 234
3 38 271 628
3 49 144 696
2 19 120
4 0 17 651 875
3 166 377 936
3 3 217 628
3 35 338 522
2 12 321
2 17 60
3 270 279 427
2 71 208
4 275 335 473 611
2 5 71
2 365 395
6 365 422 510 547 562 988
4 24 37 493 857
3 13 74 819
2 285 397
3 23 366 518
2 3 24
2 18 121
3 9 30 935
2 252 253
3 6 22 721
3 9 243 491
2 3 44
3 60 380 479
2 20 42
2 82 103
2 217 271
2 83 157
4 60 250 751 908
3 12 20 477
3 211 380 568
2 13 326
3 20 342 860
2 222 270
3 132 164 885
2 158 162
2 108 318
5 117 236 735 939 958
3 44 313 467
2 74 119
2 23 228
2 3 170
2 58 335
3 0 326 804
2 5 308
2 132 278
3 122 154 903
2 0 22
3 2 261 618
2 37 70
3 35 71 697
3 33 454 979
2 5 36
2 0 23
2 250 333
7 108 343 545 631 750 774 775
3 12 111 893
3 157 424 976
2 125 397
3 25 142 984
2 265 333
2 125 445
2 20 173
3 283 439 557
2 218 397
3 105 170 586
3 36 358 724
2 9 347
4 13 381 757 895
3 3 211 494
2 0 50
4 78 280 583 910
3 69 190 573
4 25 220 601 880
3 22 170 716
2 22 437
3 5 323 595
2 119 428
2 8 485
5 12 55 671 681 746
2 3 134
5 160 243 515 545 759
3 14 121 862
2 39 325
3 39 97 652
3 28 31 770
3 96 213 680
2 95 172
2 14 55
2 71 123
2 3 179
6 123 145 589 707 891 978
3 187 312 642
2 6 354
2 79 427
4 62 295 653 726
2 5 172
2 27 77
2 21 306
2 217 497
4 5 322 664 719
3 36 121 736
2 8 431
2 0 194
3 68 373 975
2 8 204
2 3 419
3 5 158 688
2 259 328
2 3 130
2 0 204
2 308 334
2 179 295
4 92 305 812 868
3 13 155 546
3 85 124 836
3 0 5 859
2 37 302
3 108 337 956
2 35 116
2 43 224
2 84 170
3 180 306 945
2 39 60
3 145 217 912
2 245 249
3 23 236 943
4 102 404 791 863
4 39 170 699 988
3 471 497 808
2 358 530
3 5 427 953
3 3 146 810
2 6 140
3 49 165 919
2 109 301
4 213 317 677 707
3 23 44 622
2 25 289
2 3 44
3 0 39 927
2 15 479
2 103 192
3 37 321 601
2 225 244
3 37 40 969
2 42 427
2 27 33
2 13 262
3 46 190 817
2 9 172
2 252 278
4 245 446 634 788
2 46 155
2 50 391
2 16 52
3 28 171 721
2 65 488
4 83 283 711 854
2 20 85
2 23 71
3 279 343 980
3 65 140 673
5 8 92 610 624 697
2 42 403
3 28 75 625
2 116 408
3 51 487 758
3 30 78 921
2 172 264
2 23 481
4 69 230 682 894
3 84 245 868
3 156 507 684
2 37 91
3 217 386 679
2 1 49
2 92 410
2 119 210
3 173 492 869
4 172 190 612 789
2 87 369
4 188 247 689 778
5 0 244 716 858 995
3 33 279 835
4 489 559 809 842
2 161 248
2 119 262
4 23 146 774 803
2 24 374
4 66 337 668 999
2 8 27
2 178 192
2 5 264
2 0 579
2 174 424
2 38 596
2 3 159
2 44 99
3 24 289 978
3 265 271 690
3 118 245 713
3 20 464 731
3 65 314 631
3 20 308 877
2 15 232
3 157 553 723
2 77 222
3 221 579 844
2 229 581
2 3 55
2 3 274
3 413 418 892
2 285 297
3 12 49 722
3 471 619 732
2 164 174
2 5 194
2 221 568
3 25 156 771
2 6 107
5 65 96 853 974 986
2 36 380
2 58 156
2 260 354
6 0 23 719 861 944 984
2 262 508
2 50 92
2 166 249
2 21 377
3 5 262 840
2 0 362
5 6 7 856 930 962
2 21 97
2 3 190
2 60 416
2 179 500
3 82 511 760
2 0 218
2 43 55
2 0 135
3 90 172 906
2 251 257
2 0 285
2 83 300
2 59 156
3 55 101 736
2 0 219
2 306 516
3 96 234 898
4 9 24 673 953
4 0 12 685 893
2 17 606
2 44 190
2 47 143
2 305 495
2 188 209
2 578 666
2 217 303
2 154 333
2 177 371
2 0 552
2 80 240
2 192 591
2 2 502
2 25 495
2 236 587
4 135 265 779 933
2 381 589
2 0 667
2 246 369
2 3 9
2 196 523
2 83 598
3 11 616 838
2 5 289
2 5 104
3 15 252 987
2 234 334
2 36 44
2 62 414
2 466 579
2 0 166
2 84 544
2 7 23
3 190 265 846
3 23 142 990
2 74 280
3 8 361 840
2 8 141
2 83 257
2 507 552
6 128 133 745 747 764 952
4 85 234 789 865
3 25 134 813
2 365 574
2 135 329
2 280 617
2 20 22
2 3 11
2 490 599
3 6 49 739
2 61 132
2 516 641
2 5 175
4 436 572 949 960
2 187 630
2 108 622
3 7 482 740
3 0 65 794
3 314 511 766
2 3 210
3 92 337 955
2 1 270
2 44 342
2 43 618
2 11 631
3 20 28 824
2 38 108
2 22 453
2 517 662
2 5 6
2 221 251
2 0 717
2 47 724
2 3 244
2 159 169
3 19 46 960
2 50 216
2 133 708
2 62 495
2 149 708
2 22 67
2 32 217
3 397 471 805
3 42 444 904
2 7 248
2 47 156
2 129 368
2 0 115
3 121 170 765
2 300 484
2 5 583
2 90 497
2 171 653
4 0 396 899 980
2 38 351
2 38 141
2 5 708
2 49 756
4 281 726 793 940
3 0 141 795
2 5 99
2 27 338
2 134 501
2 8 635
3 172 215 821
2 23 41
2 471 604
2 145 471
2 73 370
2 243 377
2 273 598
2 3 683
2 78 92
2 3 79
2 124 371
2 278 362
2 11 128
2 3 36
2 44 119
2 236 297
2 25 568
2 596 709
3 127 158 961
2 114 543
2 8 264
2 310 766
2 199 725
2 322 767
2 17 259
3 119 228 994
2 99 116
2 2 23
2 31 262
2 12 408
2 30 316
2 235 604
2 86 459
3 383 750 956
2 12 265
2 180 306
2 44 545
2 342 601
2 12 548
2 177 222
2 49 529
2 3 710
3 25 172 920
2 80 119
2 11 326
2 303 565
2 78 116
2 44 429
2 35 44
2 329 772
2 44 126
2 8 201
2 133 733
2 59 246
2 96 321
3 22 32 948
2 55 173
4 1 121 890 990
2 5 187
2 92 327
2 22 133
2 19 191
2 13 19
2 108 600
2 11 531
2 44 404
2 1 690
2 55 156
3 646 704 954
3 183 310 870
2 221 601
4 146 278 899 965
3 29 624 966
3 252 380 955
2 110 701
2 9 102
3 83 119 946
2 24 282
2 245 265
4 97 169 879 889
2 0 135
2 368 637
2 173 574
3 0 145 863
2 6 648
2 234 428
2 8 599
2 60 532
2 74 448
2 299 641
2 207 498
2 543 855
2 38 221
2 0 709
2 275 408
2 74 337
2 529 588
2 332 595
2 381 841
2 140 272
3 16 37 875
2 295 381
3 244 301 991
2 416 872
2 23 187
2 324 620
2 93 103
2 11 851
2 20 489
2 3 187
2 118 208
3 61 244 941
3 96 219 951
3 8 450 890
2 33 327
2 25 301
2 232 384
2 3 851
2 829 885
2 36 507
2 121 628
2 472 667
2 142 587
2 3 484
2 8 196
2 203 258
2 74 665
2 761 843
2 220 252
2 125 306
2 100 408
2 102 462
2 8 751
2 23 155
2 27 657
2 16 43
2 371 444
2 119 251
2 190 487
2 69 305
2 49 540
2 0 191
2 28 53
2 67 245
2 147 268
2 55 217
2 7 362
2 13 550
2 22 814
2 94 584
2 206 300
2 17 288
2 1 73
2 3 225
2 20 264
2 32 556
2 247 250
2 55 246
2 8 648
2 20 22
2 119 200
2 15 683
2 99 349
2 25 434
2 184 417
2 325 407
2 8 31
2 50 453
2 11 766
2 11 883
2 26 221
2 312 542
3 0 641 986
3 27 538 974
2 92 848
2 117 250
2 84 827
2 190 721
2 180 323
2 170 884
2 31 708
2 547 666
2 327 840
2 728 845
2 534 805
2 2 141
2 249 453
2 11 397
2 721 743
2 2 790
2 140 648
2 133 184
2 3 106
2 403 843
2 181 844
2 274 290
2 190 400
2 213 561
2 44 59
2 39 327
2 42 285
2 2 374
2 637 945
2 191 520
2 0 473
2 22 36
2 507 615
2 176 467
2 577 761
2 222 347
2 96 172
2 20 142
2 475 641
2 180 243
2 637 944
2 169 693
2 427 544
2 27 113
2 702 829
2 295 874
2 103 175
2 39 156
2 300 797
2 221 599
2 116 246
2 121 403
2 65 85
2 23 606
