1000
82 1 2 3 4 7 9 12 17 19 24 25 45 46 60 62 66 71 72 73 76 77 79 80 81 106 108 117 125 128 129 131 150 152 159 171 172 182 192 194 238 247 252 261 269 290 292 304 310 328 331 358 361 397 399 425 432 438 441 463 465 474 481 515 539 574 585 595 624 666 756 759 794 850 861 863 899 929 932 937 942 948 975
63 0 3 4 5 6 8 9 10 16 18 24 27 34 37 46 52 63 84 86 91 104 107 110 111 113 117 119 131 147 162 204 207 218 223 255 305 359 360 388 413 471 480 539 540 579 585 635 646 662 673 703 717 740 743 791 812 869 887 893 904 913 930 999
40 0 7 10 13 26 36 47 49 67 80 102 130 137 154 161 176 209 211 214 258 272 290 374 458 478 479 521 564 567 618 740 784 790 823 840 871 885 901 914 957
15 0 1 38 166 215 227 256 369 429 511 628 679 693 865 963
41 0 1 5 6 14 21 28 29 31 51 77 78 94 95 102 105 132 135 160 178 196 260 291 299 383 398 406 441 443 493 562 582 623 662 688 770 790 811 815 854 903
38 1 4 8 11 12 18 21 27 30 33 41 48 67 70 78 88 92 98 106 109 133 185 199 212 268 341 343 427 482 513 564 573 643 877 884 888 961 993
15 1 4 65 93 132 139 172 249 312 688 750 837 843 864 879
33 0 2 15 30 37 42 129 141 161 163 197 210 211 306 353 407 420 430 444 487 503 523 525 557 627 633 746 748 767 796 811 931 955
49 1 5 14 20 32 35 39 45 47 49 54 56 61 63 68 93 98 112 115 142 146 167 176 193 248 255 260 261 262 336 350 383 397 425 434 472 473 485 494 544 556 598 620 652 690 830 870 892 911
14 0 1 16 23 34 55 73 101 136 153 301 311 804 898
27 1 2 11 13 22 42 48 66 69 94 144 198 318 330 351 392 418 434 437 461 621 680 712 734 764 794 923
16 5 10 29 100 120 202 367 389 391 637 768 782 803 818 883 948
19 0 5 57 59 121 123 148 173 206 269 270 304 314 459 465 505 559 747 825
35 2 10 15 17 19 22 25 31 39 51 57 141 175 252 254 437 462 511 550 602 647 674 686 702 755 769 816 837 854 873 886 900 922 931 987
11 4 8 59 65 68 81 177 194 350 458 469
7 7 13 177 180 410 753 868
8 1 9 352 477 508 555 710 879
6 0 13 43 149 184 805
9 1 5 55 158 188 469 619 713 720
50 0 13 20 23 26 36 40 44 64 75 83 107 139 168 169 210 218 221 231 236 279 288 320 323 328 417 421 422 455 464 470 486 502 514 517 560 575 593 693 703 708 741 757 781 835 843 873 876 912 938
9 8 19 60 198 250 412 468 683 722
5 4 5 116 672 872
19 10 13 33 74 140 183 357 395 427 491 545 621 630 706 721 744 896 938 983
12 9 19 44 133 302 322 440 457 601 746 836 959
3 0 1 587
3 0 13 43
20 2 19 28 32 35 83 96 150 154 155 200 213 229 313 343 371 388 392 658 719
10 1 5 202 217 303 671 728 915 917 919
13 4 26 53 58 72 120 183 225 380 590 681 825 925
10 4 11 50 272 492 574 593 608 757 772
6 5 7 187 462 551 737
8 4 13 84 114 338 378 528 968
5 8 26 86 528 770
12 5 22 38 70 201 364 365 537 567 663 788 863
11 1 9 54 64 263 308 339 495 566 572 642
6 8 26 53 846 913 935
4 2 19 546 953
16 1 7 40 71 92 122 124 147 219 232 280 323 353 532 644 783
5 3 33 41 281 664
7 8 13 82 382 436 597 936
3 19 37 105
10 5 38 137 145 286 442 508 522 609 714
19 7 10 52 56 97 171 204 226 308 315 428 446 520 525 572 664 700 912 994
6 17 25 103 119 298 779
7 19 23 69 253 315 316 765
5 0 8 89 311 416
7 0 1 50 95 532 834 977
4 2 8 324 597
9 5 10 89 216 529 542 561 759 765
8 2 8 58 235 271 401 464 777
3 29 46 500
6 4 13 182 224 792 888
17 1 42 85 91 121 128 188 239 294 327 364 369 381 530 777 780 936
11 28 35 138 144 298 330 354 448 466 622 921
23 8 34 75 87 97 118 179 195 212 316 363 384 524 577 649 651 690 859 891 899 951 960 985
16 9 18 109 191 195 258 291 293 334 373 678 758 842 896 897 934
14 8 42 61 62 88 140 142 205 234 245 285 296 414 902
5 12 13 149 497 510
4 28 49 136 409
3 12 14 496
12 0 20 85 100 125 164 192 358 375 446 474 576
12 8 56 127 163 237 246 257 265 421 501 604 772
12 0 56 74 118 157 240 360 612 682 736 841 882
26 1 8 115 116 134 207 225 227 267 274 396 423 439 535 601 615 656 749 761 775 799 801 846 882 945 946
7 19 34 196 200 439 496 594
13 6 14 158 217 264 301 337 450 547 637 650 921 926
12 0 10 90 99 103 189 216 334 396 513 733 997
9 2 5 112 174 187 435 490 507 543
6 8 14 205 327 640 997
13 10 44 222 306 332 339 461 573 620 725 827 845 995
9 5 33 151 178 245 376 518 599 648
2 0 37
18 0 28 76 104 135 181 203 208 222 228 276 283 411 443 586 771 802 926
8 0 9 87 278 280 366 862 976
12 22 62 90 153 321 368 394 485 517 519 607 653
6 19 54 96 230 438 762
8 0 72 127 186 346 591 779 799
4 0 4 79 520
11 4 5 181 190 399 806 819 836 870 959 978
13 0 77 82 126 159 223 233 241 402 730 743 805 818
9 0 2 99 110 287 387 568 581 742
5 0 14 148 251 386
9 39 79 237 344 362 471 698 722 954
8 19 26 165 242 292 629 669 707
7 1 31 332 416 534 687 900
4 52 60 522 541
6 1 32 108 380 803 905
13 54 73 130 241 273 454 475 476 506 527 643 724 981
3 5 56 549
9 45 48 124 134 138 275 276 560 606
6 66 74 111 152 233 484
8 1 52 145 248 455 881 891 945
3 5 37 156
5 6 8 340 721 916
7 4 10 229 468 631 641 969
7 4 46 239 266 341 495 555
10 26 75 157 170 180 206 362 675 839 866
7 42 54 165 409 729 800 910
3 5 8 101
7 66 80 170 220 307 317 697
4 11 60 263 282
4 9 98 566 786
11 2 4 190 259 277 287 472 700 714 814 995
3 43 66 781
5 1 72 342 372 800
4 4 40 114 657
10 0 5 113 160 203 451 603 650 723 782
8 1 19 167 236 494 697 705 817
6 0 86 122 243 289 989
9 5 55 257 295 457 552 939 979 986
8 1 80 213 338 466 475 698 986
4 1 90 193 329
6 8 67 126 401 417 952
2 1 106
6 31 105 240 415 444 832
2 8 63
3 21 63 588
9 0 1 169 293 428 507 518 533 571
5 54 62 326 826 918
6 1 43 460 550 789 916
2 11 28
7 12 52 123 162 372 580 708
2 37 108
6 12 121 143 186 389 976
10 37 89 155 168 231 448 580 622 834 951
14 0 60 230 297 456 498 606 644 654 658 814 826 924 971
4 79 112 215 322
6 61 76 266 594 904 961
5 0 52 164 166 845
2 0 7
8 2 87 184 191 326 422 625 647
5 0 1 143 591 919
7 4 6 224 271 278 384 393
6 5 23 208 501 667 940
4 63 89 146 277
8 4 72 363 395 424 565 603 678
3 9 58 483
2 2 41
5 53 89 151 156 987
6 6 19 274 489 780 943
4 22 56 249 356
3 7 13 340
3 8 56 808
3 123 131 404
2 10 53
8 41 91 219 373 569 649 956 978
4 8 134 440 735
6 1 37 310 333 377 957
3 12 81 504
10 17 57 321 356 558 736 752 820 892 973
4 0 26 403 558
6 70 138 279 319 346 371
4 0 90 299 890
7 9 74 309 467 592 626 981
7 2 26 185 367 453 695 872
5 26 124 226 509 521
4 92 138 286 939
3 62 96 234
3 18 65 385
5 0 79 199 251 998
7 4 106 179 390 414 613 735
3 2 7 197
3 1 121 246
4 7 61 174 189
3 60 128 366
2 83 97
8 3 128 470 499 627 634 639 972
4 8 107 262 282
5 19 124 264 284 288
4 19 117 243 426
4 96 99 268 793
9 0 42 175 297 411 683 749 848 965
4 0 6 173 357
4 12 172 447 482
5 67 163 712 804 909
2 13 171
6 2 8 645 666 813 944
3 14 15 950
6 4 70 244 250 584 745
4 54 160 259 536
3 15 96 256
3 72 78 345
2 0 51
5 22 28 379 608 748
6 17 130 235 344 370 374
2 5 154
4 76 123 407 865
5 30 67 273 499 595
10 18 52 303 305 345 349 450 548 741 949
14 66 163 244 445 454 506 543 570 632 641 674 684 756 771
7 78 102 201 398 498 676 728
4 55 130 548 632
2 0 60
2 8 111
4 0 14 681 732
2 54 55
6 4 64 387 694 861 954
4 7 161 214 406
3 10 20 849
4 5 159 283 778
4 26 64 459 924
6 33 190 312 526 628 967
2 11 27
8 72 106 265 514 544 553 568 792
2 1 42
11 56 68 209 232 275 335 337 402 451 526 956
4 12 96 309 523
3 1 63 751
5 72 133 347 538 958
5 2 205 247 423 542
2 7 19
3 2 7 378
4 5 54 755 847
6 26 110 359 726 795 974
5 2 197 220 254 379
4 3 126 473 709
4 48 66 405 918
12 27 65 221 329 351 432 449 589 665 750 849 875
3 1 19 331
8 37 145 452 648 817 874 923 933
6 99 214 228 696 848 850
2 19 217
5 69 72 294 348 815
6 1 79 238 318 852 858
5 51 132 253 313 408
3 28 63 737
3 42 155 787
2 3 63
3 72 220 300
3 26 94 516
3 75 125 296
4 19 124 413 670
3 37 205 361
3 79 90 907
4 56 157 408 619
3 49 184 512
3 19 107 928
4 61 82 716 851
5 0 223 355 505 831
2 52 95
6 62 114 242 325 349 589
3 79 87 964
7 83 240 354 385 430 487 570
4 108 169 285 447
3 178 189 934
8 56 70 300 433 453 467 486 851
4 61 162 267 914
2 0 209
3 8 91 638
5 6 140 582 704 964
5 20 178 295 352 645
3 81 159 979
4 0 13 390 768
3 44 224 676
4 13 214 718 828
4 1 8 530 699
2 3 180
3 61 109 531
4 2 55 342 695
2 102 179
3 4 8 962
4 0 8 435 663
3 8 167 270
4 34 100 477 821
8 65 168 336 587 615 783 787 929
2 61 203
2 95 127
3 63 246 537
2 5 170
2 0 12
3 12 262 651
2 49 132
3 2 29 335
4 87 187 729 970
5 63 139 317 431 943
3 89 205 400
6 72 89 281 705 838 869
8 102 134 355 429 509 554 633 660
8 73 132 404 610 679 724 738 786
5 19 151 324 325 636
4 37 73 284 348
4 38 276 415 665
10 100 167 289 656 731 775 793 862 984 992
2 72 199
2 168 280
7 56 243 631 667 797 798 930
10 41 156 302 319 460 611 707 709 844 927
6 80 102 493 669 677 820
3 19 168 512
3 108 282 546
3 0 2 307
3 4 55 320
5 0 83 400 875 889
4 55 117 654 833
3 52 222 691
4 109 250 742 889
4 56 230 586 689
5 125 171 403 488 616
5 43 53 314 844 999
3 4 152 483
3 228 245 885
6 9 65 720 738 753 809
3 23 286 761
4 27 188 706 758
5 0 12 412 510 584
3 1 188 982
2 7 69
2 99 290
2 34 42
2 153 206
2 0 147
8 9 45 424 476 642 796 802 974
3 6 201 576
2 26 224
3 12 298 809
2 42 44
5 44 54 716 766 969
4 99 274 405 932
8 10 223 333 442 629 652 732 812
3 151 286 822
3 19 291 527
2 74 149
6 23 126 431 515 702 767
2 19 37
4 47 279 565 949
2 240 279
3 118 130 375
2 52 68
2 0 19
4 111 217 347 877
2 10 53
2 0 218
3 69 84 920
4 147 318 419 855
4 55 66 559 762
3 205 272 910
2 8 264
3 65 205 569
5 31 110 640 810 823
6 34 69 489 551 561 590
4 93 141 701 828
3 5 95 370
3 104 258 376
5 5 26 479 751 842
4 82 184 634 691
2 181 188
4 76 151 365 418
4 208 329 623 991
2 222 280
3 188 240 711
3 8 14 686
4 10 217 547 689
7 16 250 382 420 500 670 860
6 7 37 368 488 609 798
3 53 242 394
3 238 277 673
2 140 149
2 22 172
4 0 60 600 747
5 1 213 540 607 635
2 1 62
2 0 232
3 82 96 490
3 54 135 614
3 33 52 391
3 33 346 393
4 73 164 377 827
2 11 154
6 74 353 381 481 744 813
2 3 52
3 184 341 386
2 26 151
4 104 121 524 610
2 55 145
2 2 184
3 60 326 715
5 70 342 624 801 806
2 147 366
2 31 211
3 183 214 538
7 28 86 452 596 713 717 853
3 52 368 659
2 39 352
3 4 8 754
3 54 132 675
3 158 242 874
4 81 370 824 853
3 80 196 516
2 1 26
2 11 123
6 160 252 410 497 785 941
5 11 364 478 531 599
3 10 26 480
2 132 365
5 74 354 504 563 980
4 22 135 419 878
5 63 66 503 672 739
4 0 8 519 852
4 4 190 529 655
3 0 78 911
4 275 292 733 883
6 49 112 433 636 829 993
3 79 205 549
3 150 297 484
2 143 278
2 216 317
2 4 197
4 7 186 552 898
5 224 234 562 832 859
2 58 97
2 15 390
2 72 171
4 20 304 605 660
3 1 231 545
2 56 160
3 114 281 456
3 45 84 725
3 19 112 982
3 10 346 902
2 333 395
5 7 352 554 797 967
3 19 61 492
4 19 130 426 602
5 63 209 734 971 989
3 135 311 596
3 0 8 588
3 169 422 807
3 5 22 436
2 42 117
3 3 277 731
2 7 242
4 274 322 618 895
3 0 217 630
2 245 401
3 8 10 445
2 67 261
3 39 427 685
3 10 13 449
2 0 75
2 63 64
2 23 146
2 0 4
2 41 318
4 4 72 463 694
2 7 114
2 189 434
3 42 60 579
2 173 243
3 53 124 578
3 217 437 752
4 65 188 502 685
4 106 205 541 556
2 219 380
5 154 245 701 769 880
3 87 189 639
2 19 91
5 125 415 625 704 915
2 23 109
2 2 14
4 12 200 646 677
2 119 286
2 10 69
3 13 30 984
2 0 443
2 19 49
2 0 12
4 53 110 723 864
3 153 245 942
3 20 94 638
4 14 18 616 727
4 19 166 491 991
2 1 82
2 8 102
2 8 215
2 0 60
2 87 110
3 87 311 715
3 16 263 659
2 2 391
2 2 343
4 1 392 553 617
3 0 368 925
2 5 173
2 136 299
2 90 403
2 8 74
4 19 245 536 668
2 7 242
2 297 353
2 139 339
2 67 362
4 22 470 575 598
3 29 421 534
2 4 287
4 8 107 557 687
2 34 95
2 59 64
6 57 390 535 612 810 960
2 125 190
3 166 187 764
3 50 352 776
3 61 133 773
3 19 450 583
2 7 396
2 148 394
2 12 238
2 87 189
3 67 117 975
2 16 41
2 155 277
2 57 304
2 3 13
2 235 288
2 5 66
3 19 203 763
2 0 322
2 229 387
2 19 74
2 70 117
3 74 397 533
2 42 77
5 2 155 563 927 988
2 41 85
4 7 206 867 955
2 54 372
3 7 42 774
2 201 205
3 87 320 710
2 31 32
2 48 398
5 52 255 661 760 922
3 257 391 577
3 37 46 972
4 117 519 571 992
2 84 492
3 63 497 614
2 179 486
2 33 267
2 208 379
3 0 1 600
2 1 359
3 85 451 613
4 48 209 581 754
3 67 189 778
3 8 203 791
2 22 413
4 36 289 671 819
4 65 351 578 884
2 188 191
2 88 402
3 13 119 592
2 30 339
3 109 407 857
2 203 480
3 277 420 692
2 16 95
3 8 451 583
3 7 494 831
2 149 150
2 12 334
4 19 89 653 906
3 48 339 730
3 4 408 605
2 394 521
2 2 5
3 135 324 604
3 34 101 839
2 2 33
3 80 203 821
2 145 337
3 189 242 878
2 117 533
4 34 42 668 774
2 5 69
2 0 29
3 19 491 881
4 60 312 617 682
2 54 531
3 448 547 906
5 1 446 807 858 998
5 121 124 657 901 966
6 80 542 655 745 824 835
3 4 249 894
3 502 556 990
2 178 304
3 0 1 784
2 72 296
2 24 264
2 116 425
3 217 240 661
5 28 339 841 886 980
2 76 131
2 153 550
2 19 29
2 64 127
4 0 187 816 838
3 380 424 611
2 39 47
2 8 491
2 70 391
2 358 539
2 23 63
2 13 422
2 106 135
2 61 565
2 412 562
2 89 125
2 74 359
3 29 183 893
3 41 353 719
2 278 372
2 286 596
2 62 497
2 160 541
3 363 535 868
3 63 264 985
2 297 469
2 480 576
2 2 431
2 18 234
2 8 69
2 10 22
2 53 124
3 4 347 626
3 0 376 890
2 130 456
2 153 623
3 7 166 718
2 3 201
2 83 318
2 22 432
2 94 285
2 189 191
2 7 277
2 166 344
2 1 359
3 279 401 766
2 11 65
3 248 468 680
4 166 454 789 857
2 68 338
2 94 189
3 34 311 692
2 5 87
2 37 125
2 176 250
2 1 459
2 13 130
2 70 219
2 54 145
2 65 106
2 54 270
2 8 318
2 74 560
2 125 293
2 398 581
2 63 282
3 105 580 711
3 26 125 909
2 381 477
2 277 412
2 530 589
3 1 4 696
2 33 261
2 38 42
2 217 281
3 0 176 684
2 133 285
2 486 572
3 83 287 917
2 231 352
2 27 546
2 21 396
2 1 355
2 13 189
2 96 384
2 190 253
6 287 459 776 795 965 988
4 55 135 763 840
2 3 278
2 10 638
2 28 194
2 62 576
2 20 171
2 189 666
2 436 450
3 13 350 739
3 84 494 963
2 4 6
2 296 351
3 8 54 996
2 294 344
3 554 642 726
3 3 19 983
4 196 443 856 905
3 154 258 822
3 220 662 699
2 99 107
2 82 110
2 255 696
2 42 102
3 340 453 897
2 13 322
2 1 19
3 249 456 855
2 107 276
2 22 303
2 83 286
3 19 121 866
3 215 286 829
2 16 527
3 349 657 808
2 10 174
2 18 380
3 41 102 876
2 375 476
2 237 316
2 1 380
2 254 627
4 26 609 773 847
2 18 301
2 22 93
3 20 82 727
2 106 466
2 87 278
2 69 416
2 213 692
2 469 722
2 27 190
3 97 273 871
2 79 561
2 282 429
2 194 318
2 66 400
2 10 423
2 146 160
2 62 149
2 30 225
2 278 301
3 396 686 760
2 1 2
2 19 188
2 80 295
3 1 79 867
2 22 368
2 178 581
2 7 23
2 12 358
2 7 183
2 63 171
2 6 217
2 207 343
3 149 449 962
2 15 301
2 383 542
2 13 212
4 0 189 894 933
2 19 29
2 55 303
2 0 48
3 530 739 785
2 63 302
2 75 334
2 514 678
2 10 499
2 44 48
2 316 636
2 7 322
2 11 252
2 13 453
2 4 32
3 72 189 928
2 29 61
2 501 719
2 525 572
2 63 282
3 500 677 907
2 49 52
2 199 543
3 43 76 788
2 52 139
2 19 103
3 11 106 830
2 37 264
2 2 585
2 390 760
2 101 278
2 226 264
2 33 779
2 119 639
4 2 4 833 860
2 1 544
3 51 203 958
2 170 282
2 0 10
2 213 677
4 7 311 940 973
2 285 420
2 285 353
2 63 76
3 97 104 887
2 63 376
2 72 311
2 11 86
2 9 174
2 17 79
2 78 376
2 426 579
2 142 711
3 301 314 920
2 338 497
2 4 7
2 1 318
2 176 368
2 102 125
2 4 222
2 13 595
3 107 219 937
2 11 79
2 78 546
2 149 287
2 263 568
2 319 695
2 2 338
2 386 581
2 12 28
3 118 125 994
3 69 366 941
3 254 340 880
2 401 709
2 8 782
2 238 557
2 114 408
2 293 790
2 46 124
2 19 581
2 23 78
2 6 13
2 276 595
2 96 566
2 2 678
2 62 590
2 55 343
2 6 19
2 286 298
2 69 128
2 35 63
2 212 719
2 171 220
2 198 217
2 0 220
2 237 245
4 223 397 895 996
3 380 386 856
2 4 13
2 333 704
2 694 853
2 552 639
3 223 579 908
2 54 408
2 352 790
2 0 196
2 73 282
3 0 33 903
3 6 466 947
2 3 186
2 96 708
2 523 743
2 15 614
2 1 276
3 8 78 966
2 2 729
2 21 154
4 13 19 953 968
2 219 385
2 217 292
2 19 714
2 5 329
2 395 570
2 6 16
3 453 828 952
2 91 575
2 62 63
2 11 400
2 5 547
2 2 300
2 13 590
2 1 800
2 5 51
2 292 295
3 152 624 908
2 54 91
2 8 149
2 1 608
2 582 756
2 431 852
3 22 55 946
2 55 701
2 9 407
2 0 54
2 13 84
2 2 580
2 56 418
2 4 863
2 1 127
2 86 694
2 560 578
2 233 776
2 858 890
5 174 658 935 950 970
2 97 335
2 8 399
2 19 42
2 1 35
2 2 246
2 27 456
2 93 119
2 27 669
2 118 216
2 27 131
2 332 809
2 53 65
2 13 530
2 10 219
2 125 200
2 28 481
2 65 72
2 286 521
2 236 771
2 0 264
2 1 285
3 7 13 944
2 0 317
3 219 756 947
2 55 244
2 35 909
2 39 52
2 0 817
2 19 22
2 109 156
2 133 796
2 390 827
2 0 467
2 139 274
2 176 931
2 63 91
2 63 896
2 864 933
2 0 11
2 188 324
2 177 909
2 54 124
2 112 880
2 36 873
3 82 196 990
2 7 523
2 145 205
2 2 147
2 208 792
3 23 78 977
2 54 497
2 5 127
2 260 752
2 3 687
2 241 249
2 171 677
2 580 870
2 201 420
2 31 873
2 94 316
2 273 909
2 125 423
2 166 532
2 149 796
2 213 311
2 0 507
2 73 123
2 46 959
2 78 145
2 109 251
2 394 590
2 87 153
2 305 417
2 22 693
2 282 462
2 54 615
2 109 110
2 13 138
2 521 677
2 108 423
2 583 954
2 347 470
2 282 533
2 5 401
2 42 826
2 69 102
2 690 852
2 66 68
2 159 579
2 1 298
