200
15 1 2 6 11 12 19 28 49 55 76 91 94 129 164 171
13 0 3 4 5 6 8 14 15 31 35 44 77 101
19 0 3 5 10 21 27 31 36 37 74 79 110 120 122 130 138 143 163 195
14 1 2 4 11 12 13 14 17 20 24 42 70 89 98
9 1 3 8 7 24 29 51 64 193
10 1 2 9 10 22 64 68 117 121 196
9 0 1 7 17 22 112 125 169 191
10 6 9 4 21 26 54 72 98 104 194
5 1 4 18 36 108
9 5 7 29 39 65 106 110 169 186
13 2 5 20 23 25 28 58 61 73 82 116 138 196
4 0 3 49 140
4 0 3 30 99
5 3 16 26 27 51
13 1 3 15 16 34 41 50 60 67 71 85 119 199
10 1 14 18 39 48 61 88 105 143 168
5 13 14 67 69 135
14 128 6 3 37 56 58 72 83 85 100 107 131 142 156
6 8 15 19 25 66 84
6 0 18 33 40 66 109
4 3 10 81 198
3 2 7 32
5 5 6 87 97 115
2 10 160
10 3 4 46 48 52 71 93 133 137 153
6 10 18 102 114 125 185
5 7 13 41 145 172
4 2 13 43 88
5 0 10 97 102 195
6 9 4 32 42 62 103
5 12 33 57 80 173
3 1 2 123
3 21 29 99
8 19 30 43 50 111 116 177 193
4 14 93 95 168
3 1 183 191
3 2 8 132
4 2 17 78 111
3 136 121 158
2 9 15
2 19 44
4 14 26 69 75
4 3 29 89 113
3 27 33 159
4 1 40 46 53
4 63 82 84 161
4 24 44 57 119
1 77
2 15 24
4 0 130 11 87
3 14 33 92
8 13 4 132 52 63 108 118 189
4 24 51 112 172
3 44 145 147
2 7 55
3 0 54 56
2 17 55
6 136 30 141 46 79 95
3 10 17 62
2 160 165
5 14 74 107 113 192
6 10 15 139 149 68 109
4 29 58 78 181
3 45 51 114
3 5 4 104
2 9 75
2 18 19
3 14 16 106
3 5 151 61
3 16 41 70
3 3 69 197
4 14 24 127 197
4 7 17 92 127
1 10
3 2 60 100
3 41 65 86
3 0 155 184
7 1 47 144 150 152 123 198
3 37 62 190
4 2 57 155 157
1 30
1 20
2 10 45
1 17
4 18 45 162 171
2 14 17
1 75
5 129 22 49 90 101
3 15 27 174
2 3 42
2 163 87
2 0 185
3 50 165 72
2 24 34
1 0
4 34 57 182 189
2 148 118
3 22 28 154
4 3 7 166 182
7 12 32 139 158 159 167 170
2 17 74
3 1 87 124
2 25 28
2 29 146
3 128 7 64
2 15 133
4 9 131 67 122
2 17 60
2 8 51
3 19 61 194
2 2 9
2 33 37
2 6 52
3 42 60 173
2 25 63
2 22 164
2 10 33
1 5
2 51 96
2 14 46
2 2 167
4 5 134 38 188
4 2 175 106 126
2 31 77
1 101
2 6 25
2 154 122
2 71 72
2 104 17
3 0 87 175
3 2 49 162
3 17 106 141
2 36 51
4 24 105 135 187
2 121 179
2 16 133
4 38 57 150 180
3 24 161 190
3 2 10 156
2 99 61
2 11 142
2 131 57
3 17 140 174
3 2 15 186
1 77
3 26 53 146
2 145 103
1 53
2 96 178
1 61
2 136 77
1 68
1 77
1 24
2 126 97
2 79 76
2 17 138
1 79
2 38 99
2 43 99
2 23 59
2 137 45
2 130 84
5 2 90 180 187 199
2 0 115
2 59 92
1 98
2 120 99
2 15 34
2 6 9
2 99 176
2 0 84
2 26 52
2 30 113
2 142 88
2 129 122
1 170
1 33
1 148
1 134
2 136 163
1 62
2 95 98
1 35
1 76
2 25 91
2 9 143
2 133 163
1 121
2 51 95
2 137 78
2 6 35
1 60
2 4 33
2 7 109
2 2 28
2 5 10
2 70 71
2 20 77
2 14 163
