1000
93 1 2 3 4 5 10 11 12 13 14 23 24 25 26 30 34 37 47 48 57 62 65 68 76 98 107 110 117 124 126 131 137 138 141 147 148 150 158 164 167 169 177 185 213 222 228 241 245 259 272 278 306 314 368 387 393 396 400 405 406 407 412 413 431 455 498 514 527 534 548 558 614 628 641 643 664 668 680 692 694 722 723 728 730 783 797 804 856 875 928 937 959 987
46 0 3 4 6 7 8 10 16 18 23 28 42 83 92 108 135 158 196 215 216 250 274 311 329 331 339 348 386 398 421 424 443 447 459 492 508 530 554 557 561 661 672 712 731 737 858
61 0 6 9 15 17 18 20 36 37 40 43 45 60 62 67 73 81 82 89 93 100 103 124 162 178 181 182 202 226 253 262 275 285 301 317 323 374 383 424 433 439 475 507 518 538 543 575 625 635 709 714 732 749 762 764 804 877 928 953 960 990
46 0 1 7 9 11 12 27 33 72 73 80 90 102 119 139 143 154 204 223 230 233 279 332 355 358 371 411 473 581 590 605 610 643 656 686 796 820 843 846 860 861 873 879 909 935 992
43 0 1 5 16 19 26 36 43 49 50 57 59 67 77 97 114 143 149 164 165 172 182 208 221 235 293 300 320 431 468 472 474 500 543 597 636 648 679 732 766 796 866 916
41 0 4 8 15 17 25 56 86 99 113 120 130 176 179 224 255 257 296 318 343 366 375 388 429 438 456 461 538 557 559 564 620 642 685 688 698 720 771 801 817 876
27 1 2 14 21 52 61 69 100 109 113 118 172 177 218 252 361 372 394 403 409 550 597 599 627 652 803 901
27 1 3 20 24 27 28 39 79 83 91 99 101 106 192 219 248 322 333 414 491 525 573 581 684 738 970 983
8 1 5 41 64 630 745 859 890
20 2 3 32 104 105 168 231 243 256 365 499 580 622 669 719 729 739 813 854 875
6 0 1 13 186 835 957
12 0 3 41 48 94 110 263 284 384 404 930 948
9 0 3 22 29 72 78 168 544 946
10 0 10 47 197 209 210 435 751 838 900
15 0 6 61 80 85 86 134 379 480 676 719 753 845 876 903
18 2 5 21 38 45 87 128 201 210 226 331 446 460 768 802 816 985 997
31 1 4 19 53 55 63 81 96 138 141 160 181 206 250 251 257 369 428 442 503 520 537 552 584 696 750 754 778 800 851 874
17 2 5 22 35 52 118 121 133 240 254 309 355 359 475 486 556 790
12 1 2 35 70 127 136 163 180 253 319 326 680
8 4 16 313 426 522 577 902 919
6 2 7 280 490 588 705
24 6 15 29 31 54 97 98 102 104 122 213 241 327 350 364 386 483 489 520 648 780 862 897 978
14 12 17 40 46 49 51 66 129 211 228 229 239 883 904
8 0 1 31 64 88 126 132 434
29 0 7 30 34 54 74 84 92 95 96 108 155 156 157 161 198 208 244 248 321 350 417 445 478 483 517 714 806 847
15 0 5 44 162 219 303 311 438 458 512 595 626 649 807 945
4 0 4 59 792
4 3 7 77 341
10 1 7 44 66 147 423 468 540 579 602
23 12 21 32 33 58 220 234 246 251 306 353 394 397 439 449 616 656 698 836 880 955 959 962
2 0 24
4 21 23 65 558
10 9 29 68 115 129 134 377 379 481 814
36 3 29 38 60 71 75 94 112 151 166 174 199 217 249 259 282 298 313 419 454 529 608 667 691 705 711 779 790 797 809 873 894 905 906 910 998
5 0 24 146 422 672
5 17 18 578 912 918
10 2 4 123 145 192 265 342 345 347 997
9 0 2 42 55 76 139 280 452 940
21 15 33 39 46 50 161 200 258 263 271 281 285 402 417 474 658 793 811 982 987 991
14 7 38 111 117 220 261 266 289 447 613 654 697 752 915
3 2 22 458
13 8 11 267 323 406 528 625 677 730 775 782 890 943
10 1 37 89 136 140 222 225 234 288 378
12 2 4 93 232 337 506 655 704 710 886 923 958
9 25 28 63 84 155 646 765 767 821
15 2 15 74 111 114 183 235 238 324 381 464 531 682 830 866
9 22 38 260 359 360 465 637 707 720
17 0 13 51 53 85 173 175 240 247 399 403 422 465 481 546 574 772
7 0 11 71 183 485 621 718
10 4 22 69 145 343 441 505 681 701 993
9 4 38 87 199 215 243 290 325 387
11 22 47 56 135 191 194 296 333 582 616 885
6 6 17 105 153 232 282
11 16 47 101 122 174 255 435 444 491 499 551
5 21 24 119 763 924
16 16 37 58 79 125 142 163 260 363 398 459 461 479 555 721 943
3 5 51 171
2 0 4
17 29 55 103 152 233 267 310 380 440 540 587 716 746 758 811 895 931
10 4 26 82 90 205 229 318 352 385 633
10 2 33 70 166 493 525 658 659 753 839
5 6 14 206 344 596
17 0 2 78 176 230 273 297 390 396 451 460 523 604 615 769 822 932
10 16 44 106 142 188 252 264 413 539 852
15 8 23 130 154 184 187 195 212 308 364 402 428 467 742 845
6 0 31 224 375 526 635
12 22 28 116 125 149 227 321 415 450 457 519 733
7 2 4 75 179 237 334 784
5 0 32 107 180 244
8 6 49 123 303 325 631 682 771
2 18 60
5 33 48 286 687 952
10 3 12 120 127 150 193 425 569 695 751
2 2 3
5 24 45 146 569 576
6 33 67 277 381 544 561
9 0 37 389 420 457 566 579 609 977
8 4 27 109 175 254 340 984 988
2 12 62
6 7 55 91 651 846 966
12 3 14 121 196 207 212 432 451 498 526 678 788
4 2 16 216 279
5 2 59 299 484 858
10 1 7 95 173 408 584 693 821 850 973
3 24 44 563
2 14 47
10 5 14 88 178 492 541 713 763 960 965
2 15 50
5 23 86 249 261 469
5 2 42 443 517 831
8 3 59 302 345 378 645 661 822
4 7 79 132 921
8 1 24 115 128 160 190 268 908
4 2 43 144 573
3 11 33 536
5 24 83 346 632 683
11 16 24 112 151 170 198 368 510 737 839 990
3 4 21 186
4 0 21 360 405
14 5 7 156 310 371 454 462 482 583 687 746 899 941 947
4 2 6 201 291
4 7 53 330 619
2 3 21
3 2 58 187
5 9 21 639 815 840
4 9 52 116 391
4 7 63 214 956
5 0 68 674 699 965
9 1 24 184 326 336 351 430 496 607
6 6 77 236 334 801 899
6 0 11 291 304 810 945
14 39 45 170 207 295 427 455 462 469 471 565 784 812 865
7 33 96 189 203 764 878 972
6 5 6 204 356 436 452
5 4 45 140 358 842
2 32 92
3 66 105 287
6 0 39 193 227 844 863
2 6 17
3 3 54 769
15 5 72 131 133 185 203 221 239 271 287 315 644 847 939 949
12 17 80 144 159 472 484 510 563 692 768 820 884
7 21 53 273 281 373 411 516
5 36 69 188 415 555
2 0 2
4 55 66 195 731
2 0 23
3 18 72 357
4 15 92 301 655
8 22 32 153 202 218 489 527 775
3 5 64 592
15 0 120 137 269 274 353 467 564 603 617 638 870 882 896 910
5 23 91 276 851 883
7 17 120 223 477 534 855 983
5 14 32 444 611 998
3 1 51 802
7 18 42 340 640 726 914 919
4 0 131 297 647
5 0 16 476 524 549
5 3 37 231 309 445
5 42 114 217 521 724
11 0 16 157 194 209 265 266 336 478 740 848
4 55 63 148 347
2 3 4
2 93 121
7 36 49 412 485 535 600 675
7 34 74 165 605 743 809 931
2 0 28
2 0 142
4 4 66 152 989
6 0 72 169 370 482 537
7 33 96 205 434 645 826 871
2 58 149
8 52 129 159 245 392 473 513 615
2 3 64
2 24 44
6 24 99 190 262 500 969
5 24 141 283 607 717
15 0 1 214 246 258 269 320 388 400 503 542 551 654 814 901
7 121 153 191 200 288 449 601
4 16 92 270 986
6 24 38 284 382 523 704
4 2 25 504 911
8 18 55 171 237 268 292 382 582
8 0 4 167 197 604 629 913 948
2 4 146
3 33 60 706
6 0 164 391 437 532 724
5 9 12 463 577 798
6 0 150 330 401 425 618
2 96 111
3 56 163 703
2 4 6
3 47 83 572
7 33 53 392 547 689 832 982
5 47 77 289 399 486
3 5 62 272
5 0 6 329 450 853
7 2 86 189 841 857 964 979
2 5 67
3 18 68 264
3 2 16 242
3 2 4 810
3 45 48 211
8 64 108 308 477 600 776 787 971
4 0 120 395 907
4 10 97 594 819
4 64 103 718 913
2 63 123
6 112 178 349 446 533 779
3 92 156 416
3 51 159 981
3 7 36 518
5 72 117 312 363 522
2 51 141
2 64 125
4 1 80 377 898
4 13 164 339 367
7 24 96 225 348 588 630 869
4 33 50 756 799
2 38 159
6 15 100 322 707 857 961
3 2 129 667
6 112 120 276 488 850 877
2 3 113
3 59 151 286
8 16 61 342 369 380 420 442 614
3 80 111 725
7 4 24 307 496 824 848 902
10 13 141 328 338 354 612 622 652 777 815
4 13 15 628 967
3 22 183 466
6 64 80 494 585 664 870
3 0 21 511
4 106 158 546 567
5 1 50 312 629 671
3 1 81 738
6 33 140 356 427 598 842
12 6 129 247 298 319 433 548 608 617 747 789 885
8 7 25 236 302 453 501 833 954
9 29 39 541 665 674 702 819 835 889
4 4 120 335 712
3 0 42 238
9 3 133 278 292 317 385 432 487 920
2 5 65
5 42 198 315 346 586
2 2 15
4 66 117 585 818
2 0 22
2 22 59
4 3 62 256 968
3 9 139 494
4 43 52 479 553
3 3 58 464
3 29 42 984
4 4 45 362 384
12 109 219 327 341 361 367 393 408 519 542 702 780
6 67 163 242 710 789 893
4 45 222 659 745
2 22 120
2 17 47
5 0 21 305 535 863
3 181 237 640
3 9 50 550
4 24 68 414 549
5 0 153 332 421 800
2 29 158
5 47 218 376 418 972
3 7 24 792
3 33 88 328
8 1 16 283 295 373 508 708 995
6 16 29 299 351 390 996
3 6 63 529
4 2 18 357 923
4 17 77 509 942
6 5 53 270 277 404 995
5 9 230 293 300 869
2 5 16
4 38 158 362 938
4 0 33 521 598
5 46 55 515 734 795
6 39 88 673 694 740 793
2 2 156
5 11 38 376 410 969
3 63 180 592
3 36 141 722
6 39 141 532 586 750 911
4 41 58 275 488
7 92 163 316 562 685 748 888
3 131 158 410
3 160 255 665
2 38 120
2 0 176
5 62 122 294 314 609
2 1 131
4 2 267 545 603
3 132 203 304
7 75 255 290 337 352 504 559
3 0 223 956
7 3 81 409 426 448 657 760
2 20 37
7 38 122 294 324 560 690 938
2 33 52
4 157 250 571 612
4 11 161 580 701
8 2 38 305 344 448 453 829 856
3 71 205 466
2 116 120
2 42 159
2 39 175
3 50 277 516
2 100 110
6 163 223 335 463 495 872
6 4 256 497 528 533 726
4 273 281 366 791
4 111 250 389 778
3 5 51 374
2 62 137
5 33 218 307 791 862
2 82 251
2 4 256
4 2 128 898 929
2 90 219
3 25 69 502
2 110 276
4 241 285 354 401
3 0 29 879
3 208 298 813
3 64 184 973
5 17 139 349 418 562
2 58 99
6 1 25 316 338 430 744
3 193 215 572
8 19 33 441 493 511 749 782 927
2 0 273
4 120 225 416 852
7 268 311 507 715 736 887 926
2 2 223
4 5 59 697 825
2 18 218
3 4 158 741
3 24 66 759
3 7 201 395
3 2 41 909
4 45 281 933 936
2 50 69
4 18 108 589 675
6 21 236 423 556 623 787
3 209 249 383
2 1 177
2 101 169
3 1 15 536
2 3 245
3 7 51 727
2 67 109
2 221 292
3 108 141 939
10 43 277 553 570 591 631 632 634 641 944
3 209 311 743
2 1 197
4 77 136 437 495
3 27 236 590
4 36 206 595 653
3 5 49 490
3 61 285 365
5 36 90 679 927 934
2 95 225
3 36 142 795
5 1 198 436 818 944
5 189 309 638 706 841
6 21 24 647 683 817 922
2 108 251
2 59 277
2 29 131
2 209 305
2 3 17
3 113 217 993
7 127 253 620 735 752 864 954
3 3 114 618
2 17 46
2 46 98
8 6 236 372 429 440 670 765 865
2 235 258
3 55 193 646
6 21 64 370 501 566 759
2 9 344
4 5 294 803 989
2 197 236
4 0 96 471 681
3 16 206 407
3 150 364 668
3 3 99 593
2 6 361
4 122 250 929 958
2 2 296
2 5 65
3 247 263 634
4 32 196 397 776
2 42 90
3 14 32 922
5 58 206 554 596 871
3 45 75 642
3 161 163 560
2 2 328
6 11 235 574 766 805 827
2 59 223
3 1 21 610
3 0 50 859
3 5 158 624
6 76 295 524 576 696 806
4 62 251 570 774
2 105 167
4 153 174 539 940
2 0 236
3 6 29 777
3 185 322 509
4 0 62 619 884
4 29 377 514 515
2 1 55
2 47 175
3 0 158 487
3 169 305 772
5 38 64 470 624 728
5 6 47 547 713 952
2 11 255
2 0 98
2 0 41
6 0 369 505 545 626 971
4 83 236 733 907
4 6 279 660 717
2 263 269
2 3 122
3 0 145 946
2 0 63
3 7 244 662
4 66 123 419 611
5 190 315 530 914 918
3 24 38 653
2 247 309
3 33 415 690
3 76 206 937
3 1 245 953
5 34 47 456 872 889
4 28 327 660 867
3 1 2 602
3 72 169 754
4 19 279 637 941
2 111 217
2 16 64
3 5 361 930
2 108 311
3 0 4 881
2 80 223
2 2 218
5 23 151 476 908 970
2 13 53
4 113 348 497 663
6 167 340 506 623 663 896
2 5 25
5 2 29 470 742 823
3 58 361 781
2 49 313
2 16 206
4 1 89 531 904
3 53 134 480
5 24 139 591 762 942
3 15 189 513
2 1 39
5 279 285 565 621 849
2 29 159
3 66 177 633
2 62 80
2 37 113
3 219 285 594
2 33 99
5 0 111 758 816 861
3 5 422 756
3 66 76 649
4 25 40 627 735
2 1 55
6 15 62 606 636 895 926
3 5 55 770
4 99 111 677 891
3 168 292 949
2 45 233
2 46 47
3 211 286 826
2 64 131
2 4 28
4 88 111 639 688
3 402 439 578
6 111 368 502 567 650 825
2 4 121
2 3 153
2 4 38
4 2 17 785 967
2 138 434
2 133 184
2 24 141
2 55 232
3 14 444 670
2 32 47
5 99 150 587 686 786
2 21 24
2 82 121
4 48 145 568 981
3 17 175 925
2 223 400
4 203 267 666 684
2 21 129
2 20 343
2 7 53
2 1 86
2 60 313
4 212 231 703 840
3 292 340 805
4 108 208 512 951
2 293 436
2 0 80
2 9 53
2 4 156
2 219 364
3 303 471 709
2 16 158
3 162 277 662
2 49 407
3 43 437 601
2 2 316
3 1 250 760
2 254 395
3 96 121 568
3 213 313 932
2 25 496
2 153 446
2 0 397
3 260 397 589
2 122 290
2 24 89
3 2 192 700
2 66 236
2 16 21
2 140 259
2 19 193
4 62 161 729 844
3 138 389 757
2 7 60
4 65 80 824 891
5 0 129 739 799 976
2 41 293
2 33 252
2 1 416
2 45 443
3 167 266 920
2 189 293
3 0 133 552
2 145 241
2 94 331
2 16 150
3 2 5 571
2 63 392
4 28 58 606 666
2 86 220
2 158 236
2 2 4
2 12 75
3 275 407 788
2 47 214
2 174 403
3 0 218 671
2 138 244
5 6 243 575 715 808
3 53 158 947
2 16 534
2 232 337
2 1 380
3 55 123 734
2 17 327
4 1 5 867 917
2 0 31
2 5 277
2 281 382
4 1 75 770 957
3 268 309 613
2 84 121
3 5 131 794
2 111 448
2 76 364
4 214 471 757 853
5 485 510 583 593 657
2 72 74
5 337 390 741 794 917
3 283 538 893
5 173 312 673 747 882
2 7 93
3 47 384 963
2 2 550
2 74 389
3 19 168 599
2 35 470
2 28 76
2 9 284
4 3 7 736 755
4 51 163 700 978
2 99 568
4 16 83 708 892
3 212 227 651
2 225 266
3 58 482 695
2 20 198
2 326 515
6 3 341 650 773 887 999
2 337 445
2 130 264
2 371 568
2 186 453
2 25 342
2 61 380
2 4 6
4 217 259 975 977
4 6 577 798 832
2 145 184
3 159 506 669
2 28 424
2 131 275
3 62 164 644
2 3 146
2 460 540
2 108 157
3 33 218 868
2 76 273
5 3 386 727 828 912
2 134 415
2 209 283
2 39 562
2 0 206
2 62 153
3 29 51 808
3 131 218 723
3 169 358 678
2 101 396
3 5 357 711
3 48 448 689
2 9 209
2 327 437
2 388 402
2 2 41
2 25 407
2 6 458
3 0 210 761
3 164 215 881
2 8 198
2 69 337
2 95 337
3 59 450 916
2 337 376
3 2 65 961
2 4 460
3 46 426 924
2 131 349
3 104 469 915
2 136 242
2 0 337
2 5 381
3 0 3 974
3 120 604 676
2 90 151
2 44 363
3 137 350 963
3 4 21 854
2 25 457
3 471 590 716
3 79 585 699
2 6 209
2 342 417
2 39 158
2 43 128
2 3 29
2 279 568
3 38 60 767
4 60 238 905 935
2 409 423
3 1 90 964
2 414 504
2 436 437
2 0 212
3 220 270 761
3 488 540 834
2 33 202
2 0 370
2 9 601
3 361 480 992
3 215 548 950
3 1 34 691
3 261 572 783
2 107 220
3 145 326 781
2 14 644
2 41 462
2 80 618
2 4 345
2 0 18
2 49 368
3 45 69 725
2 95 350
2 7 488
2 5 268
2 3 482
6 71 99 693 755 843 874
3 5 469 785
2 174 621
2 281 419
2 33 672
2 0 121
2 83 687
4 0 261 748 934
3 72 587 991
3 16 389 849
2 39 318
2 5 29
3 107 651 834
2 518 582
3 49 284 721
2 220 236
2 171 494
2 43 161
2 20 33
2 166 349
2 46 201
2 250 584
2 2 502
2 43 237
2 33 620
2 1 221
2 86 403
2 2 24
3 316 550 975
3 58 650 773
2 157 409
2 48 187
3 9 14 744
2 5 46
2 55 701
2 0 265
2 0 617
3 140 167 980
2 207 682
2 136 293
2 333 610
2 0 402
2 9 523
2 0 41
2 1 125
3 2 4 830
2 66 408
3 260 555 823
2 357 458
2 316 581
2 1 96
2 7 216
2 9 527
2 141 261
2 320 570
2 64 439
2 146 338
3 311 719 974
2 8 238
2 58 99
2 218 572
3 268 694 836
2 2 313
2 16 266
2 13 72
2 39 357
2 14 60
3 16 425 906
2 581 687
2 199 456
2 524 567
5 58 455 786 886 966
2 321 364
2 279 508
2 628 665
3 2 445 878
2 54 86
2 2 112
2 44 361
3 4 384 828
2 44 658
3 15 121 897
3 62 119 996
3 461 561 831
2 5 69
2 47 401
3 590 716 774
2 390 773
2 41 129
4 184 377 833 988
3 209 394 838
3 16 295 829
2 33 189
3 21 236 827
2 440 675
2 41 313
2 0 673
3 67 111 955
4 475 688 807 968
2 482 758
2 184 327
2 80 545
2 218 237
3 17 33 979
2 294 298
3 26 248 812
4 38 261 837 880
3 564 570 903
2 260 347
2 3 4
3 0 33 925
2 168 599
2 199 527
2 16 245
2 5 109
2 15 135
2 6 366
2 0 2
2 384 495
2 24 389
3 25 785 864
2 550 616
2 33 146
2 110 182
2 38 58
2 111 792
2 9 307
2 32 158
2 104 209
2 15 455
4 5 350 837 868
3 227 348 860
3 186 220 900
2 3 121
2 44 83
2 62 90
2 439 734
3 208 526 855
2 318 471
2 151 466
2 384 780
2 610 766
2 285 778
2 45 732
2 89 770
2 174 599
2 219 776
2 666 699
3 10 220 933
2 29 748
2 793 817
2 13 777
2 60 96
2 104 494
2 178 349
2 114 217
2 3 687
2 117 523
2 14 64
2 3 79
2 24 120
2 141 208
3 448 696 985
2 83 203
2 16 132
2 63 315
2 177 567
2 9 648
2 133 824
2 0 285
2 178 201
3 1 82 921
2 8 387
2 3 818
2 3 455
3 21 298 894
2 117 241
2 357 807
2 111 361
2 4 45
2 423 557
2 608 817
3 198 256 892
2 131 212
2 151 380
2 292 422
2 3 33
2 16 687
3 0 9 994
2 5 14
3 2 203 962
2 112 762
2 3 306
2 29 793
4 431 629 888 999
2 131 572
2 22 132
2 121 396
2 51 218
2 43 758
2 316 590
2 268 881
2 220 422
2 8 41
2 462 526
2 584 869
2 237 571
2 33 862
2 58 460
2 131 437
2 21 768
2 196 301
2 99 109
2 13 819
2 6 158
2 19 208
2 14 794
2 22 443
2 33 659
3 33 754 936
2 185 408
2 92 434
2 3 323
2 33 131
2 162 266
2 35 610
2 164 187
2 136 416
2 39 639
2 4 633
2 557 570
2 35 416
2 19 136
2 223 532
2 91 858
2 350 379
2 43 253
2 54 637
3 486 797 951
3 316 460 986
2 313 345
2 0 2
2 301 373
2 11 429
2 58 146
2 62 511
2 324 835
2 345 694
2 3 659
2 324 906
2 0 420
2 258 281
2 120 336
2 37 392
2 99 426
3 254 445 994
2 41 55
2 337 348
2 25 110
2 12 412
2 99 551
2 11 164
3 120 463 950
2 671 949
2 496 925
2 71 403
2 2 421
3 219 357 976
2 29 784
2 106 278
2 10 561
2 43 373
2 0 29
2 2 86
2 201 635
3 29 877 980
2 574 647
2 178 661
2 86 107
2 79 758
2 210 475
2 230 785
2 156 263
2 7 434
2 184 407
2 112 247
2 83 308
2 643 744
2 598 715
2 527 954
2 76 598
2 21 582
2 178 790
2 724 962
2 191 485
2 38 174
2 7 133
2 77 234
2 15 849
2 160 926
2 0 38
2 77 776
2 149 366
2 2 96
2 38 695
2 3 670
2 49 356
2 875 942
2 250 255
2 251 769
2 15 36
2 33 134
2 590 881
