100
16 1 2 3 4 5 6 10 20 22 27 32 33 43 57 59 63
8 0 3 4 12 24 32 61 64
4 0 7 67 95
8 0 1 5 11 15 50 73 88
3 0 1 87
4 0 3 9 13
4 0 25 26 30
4 2 9 44 67
3 13 49 83
7 5 7 17 18 19 36 42
3 0 47 77
2 3 52
5 1 19 62 66 71
6 5 8 14 15 39 58
3 13 20 30
4 3 13 38 91
2 39 64
1 9
4 9 21 68 98
7 69 9 12 29 40 60 65
4 0 14 27 34
4 18 28 47 76
3 0 71 65
1 78
1 1
1 6
4 6 70 95 96
5 0 20 80 81 96
2 21 60
1 19
3 6 14 74
1 43
4 0 1 45 56
2 0 75
1 20
1 97
1 9
1 72
2 15 53
8 13 70 16 79 80 82 85 87
2 19 72
8 69 82 49 52 54 55 57 83
1 9
5 0 31 50 61 84
1 7
2 32 94
2 48 94
2 10 21
3 46 92 93
3 8 41 62
2 3 43
1 76
3 11 73 41
2 38 98
1 41
1 41
1 32
2 0 41
1 13
2 0 68
3 19 74 28
2 1 43
2 12 49
2 0 89
2 1 16
3 19 22 77
1 12
3 2 7 97
2 18 59
2 19 41
2 39 26
2 12 22
3 40 37 78
3 3 52 99
2 30 60
2 33 89
2 21 51
2 10 65
3 72 23 81
1 39
2 27 39
3 27 78 86
2 39 41
2 8 41
1 43
1 39
1 81
3 4 39 92
1 3
4 75 63 90 99
1 89
2 15 93
2 87 48
2 48 91
2 45 46
2 2 26
2 26 27
2 35 67
2 18 53
2 73 89
