1000
111 1 2 3 5 7 9 10 13 15 16 17 18 19 21 27 28 37 38 45 53 56 61 64 66 68 71 72 73 77 79 80 84 86 90 96 106 110 114 129 130 132 135 138 143 152 161 166 174 176 179 190 194 195 197 205 212 216 218 220 230 240 243 246 259 265 271 273 287 290 300 309 314 321 332 375 376 387 390 391 394 398 416 422 429 452 454 489 497 507 528 534 547 577 578 584 595 625 665 687 692 703 722 727 788 807 866 876 890 945 970 990
39 0 3 4 7 8 10 11 16 36 58 82 85 94 98 109 116 157 209 221 237 247 264 280 298 361 377 449 450 476 508 514 543 571 699 703 719 745 896 946
7 0 4 8 18 27 28 505
22 0 1 6 14 24 33 48 57 72 97 125 146 151 168 192 257 472 689 766 868 891 987
26 1 2 5 6 9 13 24 40 43 70 88 101 125 208 304 311 316 413 423 506 608 666 674 724 757 797
13 0 4 12 15 25 138 144 375 397 401 672 806 864
39 3 4 23 29 30 32 38 49 60 62 76 78 115 133 146 186 268 277 321 329 364 430 445 459 462 518 556 670 687 698 728 793 834 857 868 871 908 975 985
29 0 1 11 31 35 55 107 167 168 191 192 200 228 245 266 276 280 345 350 370 374 487 527 613 696 717 772 785 964
3 1 2 665
35 0 4 23 33 51 57 68 69 109 115 116 141 148 174 234 239 254 273 335 349 384 422 424 489 499 538 546 622 678 712 713 902 966 973 980
37 0 1 21 22 25 34 37 41 47 50 54 55 56 63 108 154 165 177 180 223 267 352 407 465 544 555 593 610 653 667 671 684 774 886 910 952 958
10 1 7 12 102 282 419 442 514 685 921
38 5 11 14 30 42 91 99 118 124 127 132 140 150 154 176 188 224 287 296 305 306 337 351 352 365 382 409 421 436 437 439 471 500 561 690 798 815 992
49 0 4 17 20 36 53 61 74 75 80 81 89 105 120 136 140 172 185 189 196 206 217 252 279 322 336 378 391 408 410 417 441 494 502 523 554 578 632 654 686 757 814 829 839 847 905 915 981 984
17 3 12 19 20 34 42 47 246 257 272 285 328 355 421 477 480 828
7 0 5 82 147 599 647 704
5 0 1 81 372 493
30 0 13 22 29 32 44 46 62 77 120 122 139 152 156 164 173 208 243 284 316 418 531 546 568 645 730 837 846 953 955
10 0 2 39 73 93 145 284 559 700 803
11 0 14 51 128 163 170 209 306 601 813 894
16 13 14 26 40 123 175 199 223 229 269 289 503 627 707 773 884
6 0 10 118 295 600 615
3 10 17 41
12 6 9 26 45 87 88 199 320 334 461 587 790
28 3 4 31 44 71 93 97 113 126 160 211 240 256 301 318 335 338 362 369 442 502 542 549 552 585 593 862 942
15 5 10 48 50 121 124 231 235 399 513 709 789 792 869 989
10 20 23 52 65 130 178 238 288 458 628
2 0 2
6 0 2 291 414 433 441
4 6 17 255 308
20 6 12 58 60 65 83 207 227 263 286 404 446 456 488 636 742 744 909 911 922
4 7 24 83 235
10 6 17 78 165 187 281 366 381 545 581
3 3 9 338
34 10 14 35 43 67 69 74 105 150 179 187 198 228 230 271 275 283 297 312 350 556 592 612 689 701 728 766 825 856 881 914 924 974 988
9 7 34 135 155 289 508 532 607 873
4 1 13 89 159
5 0 10 54 158 594
18 0 6 39 49 70 75 113 121 182 189 245 253 536 600 618 834 888 903
10 18 38 103 117 119 193 379 539 867 937
4 4 20 241 457
2 10 22
12 12 14 52 85 128 143 242 529 623 755 816 898
35 4 34 46 59 64 87 92 99 104 134 153 162 178 181 190 194 196 227 250 361 368 369 419 439 526 532 570 580 606 648 731 768 891 895 964
8 17 24 59 91 384 412 535 879
6 0 23 84 164 710 762
9 17 43 198 210 221 440 463 730 878
6 10 14 112 423 888 931
16 3 25 66 95 249 267 286 363 411 427 511 529 630 740 747 833
7 6 38 360 621 742 845 979
8 10 25 76 342 481 487 646 753
7 9 19 292 293 562 808 831
7 26 42 183 188 274 520 919
4 0 13 450 605
14 10 37 123 126 175 191 206 480 516 541 659 676 809 951
10 7 10 63 163 417 431 504 619 739 882
10 0 10 79 92 101 157 455 498 699 993
4 3 9 241 779
2 1 30
13 43 44 67 201 259 313 405 609 770 794 884 927 934
11 6 30 86 94 149 219 330 363 521 563 698
7 0 13 214 251 416 609 725
5 6 17 278 341 513
8 10 55 285 288 468 494 563 811
7 0 43 247 304 341 843 930
7 26 30 136 393 436 596 803
3 0 48 106
5 34 59 215 818 872
6 0 9 340 400 552 835
3 9 34 585
4 4 38 244 475
8 0 24 110 119 388 642 664 795
3 0 3 565
12 0 18 96 98 100 134 177 205 222 339 515 744
9 13 34 114 144 310 443 509 729 741
7 13 38 395 497 540 709 889
8 6 50 95 111 377 437 443 932
4 0 17 290 959
4 6 32 712 713
10 0 56 162 180 248 354 380 619 778 852
5 0 13 102 161 219
4 13 16 222 485
3 1 15 431
9 30 31 90 297 373 376 411 814 978
4 0 45 615 897
8 1 42 108 207 213 636 658 943
5 0 60 217 272 702
4 23 43 279 517
5 4 23 117 688 865
6 13 36 224 397 747 908
14 0 83 100 104 145 156 262 314 418 461 561 617 695 697
5 12 44 129 226 424
4 43 56 390 482
5 18 24 312 510 861
16 1 60 103 169 232 261 263 334 354 512 521 640 645 657 871 907
3 48 76 769
8 0 73 133 139 466 525 691 740
15 3 24 137 171 185 203 305 464 482 637 776 780 782 897 933
23 1 73 112 169 184 229 264 281 294 300 326 327 346 401 428 474 499 639 644 656 865 935 967
4 12 43 153 479
17 73 90 107 151 256 291 293 319 345 365 366 399 469 568 638 718 824
8 4 56 325 425 474 930 941 953
4 11 80 469 952
6 39 94 253 412 485 784
12 43 90 159 170 202 214 355 646 670 738 823 860
12 13 34 111 182 359 562 579 605 696 833 880 899
4 0 66 255 534
2 7 100
5 10 85 127 324 895
5 1 9 216 449 756
3 0 71 627
3 76 105 261
11 47 98 122 149 296 317 385 460 555 683 718
5 24 38 147 457 566
7 0 74 173 302 389 796 973
6 6 9 278 517 618 801
9 1 9 172 268 322 372 515 655 817
5 39 88 201 633 942
12 12 21 131 204 244 303 343 344 445 577 786 976
5 39 71 571 588 726
10 13 17 155 171 254 277 406 435 478 544
2 25 38
4 17 112 141 827
3 20 54 402
4 12 25 328 629
4 3 4 137 946
5 24 54 266 941 991
2 12 108
7 19 42 142 158 231 298 405
5 0 91 131 344 694
4 0 26 734 779
4 118 129 393 720
2 0 12
6 6 96 491 504 569 693
7 43 73 200 242 311 315 937
5 0 35 524 590 639
2 13 65
7 97 125 142 195 274 302 708
6 0 5 167 270 429 447
6 17 96 212 420 710 984
9 12 13 148 295 371 583 805 877 916
2 9 122
5 128 137 211 387 629
3 0 42 748
7 5 74 160 323 540 885 988
5 18 90 359 925 954
7 3 6 252 258 319 551 812
3 15 113 404
2 9 140
4 60 112 452 931
7 12 34 183 598 603 677 971
4 3 100 166 832
5 0 17 197 680 829
8 43 99 275 353 434 507 625 986
8 10 12 225 234 325 383 533 650
3 35 120 535
4 17 90 226 977
5 1 56 565 702 840
2 37 128
3 36 104 453
5 24 144 663 690 948
8 0 80 339 353 408 569 751 924
2 43 79
2 19 55
2 17 45
5 10 32 340 688 723
4 0 151 181 970
8 7 138 210 213 282 576 969 985
9 3 7 378 433 470 530 652 782 960
5 94 98 309 403 994
9 19 104 232 236 331 360 379 394 471
5 97 120 557 655 950
3 13 116 727
3 17 114 788
2 0 9
3 20 54 886
4 0 12 184 204
4 10 73 371 564
7 26 43 455 536 564 576 611
5 0 34 251 626 838
3 10 79 623
3 43 166 982
8 38 105 186 262 356 386 403 995
2 52 150
8 98 176 320 356 395 503 621 775
6 13 97 248 385 611 878
2 6 182
3 32 34 407
2 12 52
8 13 38 225 323 607 715 769 929
17 0 43 193 203 249 310 318 337 370 414 495 519 567 642 733 737 743
3 7 54 715
2 3 7
5 39 190 347 542 595
2 0 43
5 0 137 601 631 927
7 13 43 308 653 675 802 997
6 0 152 220 233 333 526
14 34 46 202 218 236 260 484 486 488 525 660 668 705 842
2 20 23
5 7 134 258 451 705
5 59 117 484 786 994
5 104 198 812 855 913
3 97 190 530
4 118 176 425 717
5 0 73 523 584 983
3 13 54 467
3 30 85 958
4 4 17 567 830
11 1 19 357 415 432 477 490 590 722 804 909
11 46 167 239 276 292 426 492 558 603 660 848
2 24 142
6 0 139 551 679 761 821
4 85 167 283 315
9 61 104 215 327 374 380 383 386 531
7 67 214 233 398 598 753 773
2 0 109
4 13 86 260 265
3 0 198 367
5 60 80 509 893 974
7 0 197 635 682 684 746 975
3 1 46 918
4 73 81 313 763
2 10 20
7 12 89 237 396 549 841 852
4 154 189 454 880
7 91 156 465 486 682 815 905
6 30 43 358 644 752 906
3 7 34 336
7 20 98 238 506 560 634 866
2 0 34
2 25 128
5 94 170 326 396 810
5 197 215 332 906 961
6 9 154 602 802 976 991
4 25 31 250 929
2 170 198
3 1 224 493
8 26 229 299 498 572 656 907 945
5 9 210 347 388 818
5 0 24 294 420 853
5 40 57 516 774 900
2 42 134
3 0 17 415
2 70 118
6 7 38 357 400 447 912
3 0 14 329
2 1 64
2 79 185
2 48 190
4 43 235 413 830
10 61 179 331 382 451 597 628 771 794 797
3 13 146 483
2 38 103
6 9 120 389 444 616 940
5 29 106 463 553 784
5 24 100 307 349 472
3 3 14 714
5 146 200 303 427 875
2 0 59
6 198 217 269 426 651 948
5 94 111 470 855 971
4 90 182 270 460
2 30 94
3 1 98 475
4 0 217 453 527
4 7 126 324 606
4 10 48 686 761
5 6 116 317 739 749
2 20 260
2 138 262
3 0 34 560
2 14 86
4 0 9 299 669
6 52 137 351 368 785 999
2 34 153
6 7 210 348 392 677 765
2 6 120
7 62 115 490 575 620 777 858
2 13 87
5 1 7 604 711 791
3 32 98 580
2 11 167
2 34 213
2 17 18
3 14 63 630
5 30 48 448 923 992
2 0 12
3 26 63 867
2 20 35
3 0 77 343
5 28 100 496 657 842
3 51 210 610
5 51 100 362 440 795
2 98 240
8 21 140 512 647 661 700 826 955
4 12 112 596 604
6 34 83 301 307 800 956
2 1 128
6 238 273 333 528 538 978
4 0 98 806 849
3 24 297 894
2 114 137
2 118 258
6 4 64 432 650 776 936
6 12 97 367 573 674 821
3 12 19 824
2 256 297
6 29 196 346 614 732 828
3 0 169 348
4 74 190 358 491
2 4 134
2 34 93
2 59 222
7 0 90 446 468 539 613 792
2 134 213
2 4 17
4 112 268 849 881
2 24 190
5 100 146 330 438 557
2 23 184
3 0 6 342
5 13 116 558 634 957
5 144 189 481 877 913
2 108 266
2 101 154
3 98 232 496
3 98 214 910
2 14 124
4 6 246 392 995
2 60 319
2 170 251
2 0 233
2 197 299
3 23 94 402
5 9 24 752 827 859
2 13 228
2 12 190
2 24 33
2 73 161
3 68 165 863
5 62 64 760 928 947
4 50 321 459 796
2 118 290
5 118 129 410 473 743
2 7 100
4 98 308 373 822
2 193 239
3 276 309 658
3 9 256 364
2 7 34
2 12 274
3 10 12 748
3 153 161 893
5 79 94 543 589 892
2 14 104
3 182 184 570
5 209 245 448 614 692
4 227 310 381 466
6 105 145 640 678 720 835
2 49 170
3 1 43 716
5 24 293 673 736 801
6 48 60 574 737 746 983
4 6 349 456 637
2 12 100
6 32 100 505 547 582 587
6 218 305 467 582 745 816
2 43 274
2 24 43
4 7 190 533 732
3 140 177 979
3 16 116 666
2 83 346
5 7 214 406 428 680
2 0 5
2 0 83
3 1 76 980
2 13 168
4 39 170 762 966
8 79 214 438 537 624 643 764 996
2 32 358
2 12 251
3 154 214 572
4 9 44 458 566
2 112 185
4 182 214 664 917
2 0 142
2 71 239
6 114 254 434 511 672 987
2 0 92
2 0 13
2 276 329
4 65 131 586 707
4 0 170 430 654
2 75 184
3 224 232 409
4 5 89 464 922
3 0 215 573
4 25 100 462 928
2 68 245
6 5 98 559 681 760 804
2 123 334
4 169 182 483 957
2 30 147
2 59 128
3 120 374 968
4 10 187 583 836
2 13 161
3 12 396 591
2 13 344
3 48 83 765
3 44 103 671
2 4 250
2 28 190
3 209 243 599
2 0 61
2 13 55
4 17 90 708 839
4 11 43 716 889
6 139 240 616 669 725 734
3 12 14 787
4 0 9 550 938
4 4 47 435 501
3 9 91 501
7 101 204 545 550 632 781 809
3 210 260 519
2 48 258
3 98 374 588
4 0 138 767 807
3 6 394 495
4 55 82 787 811
2 209 304
8 28 168 473 548 553 706 758 870
3 153 389 951
6 120 423 622 685 841 968
2 12 65
2 12 76
3 319 380 944
3 12 43 444
3 46 293 733
3 13 28 602
3 11 24 775
2 74 76
3 254 439 977
2 6 118
2 30 314
2 138 245
4 286 357 476 478
5 1 109 597 667 840
2 1 53
2 200 251
4 0 149 520 697
4 159 265 479 819
2 0 225
2 56 178
3 30 364 916
3 40 113 673
2 26 384
4 6 342 681 923
3 112 262 939
2 23 90
3 6 399 846
3 46 255 608
6 97 397 537 845 863 989
2 10 226
2 96 358
2 206 367
2 63 314
4 100 102 864 962
5 168 261 626 853 900
4 12 170 500 548
2 3 256
4 344 433 522 998
5 98 101 510 870 890
2 70 264
2 1 448
4 14 209 579 706
4 120 448 694 936
2 99 453
3 14 54 915
3 50 323 778
4 92 97 751 918
3 252 403 659
2 198 201
2 81 103
2 198 226
5 7 50 541 638 695
2 30 198
3 0 9 648
5 209 278 719 799 808
4 133 310 492 887
5 210 491 768 939 944
2 16 237
2 13 63
2 190 430
2 291 326
3 0 75 848
4 56 238 759 810
3 9 98 704
5 12 471 873 926 940
2 423 424
4 13 24 518 729
3 20 184 883
3 55 133 750
2 2 366
2 4 229
5 0 153 589 691 825
3 1 35 783
3 74 219 738
2 93 474
2 48 389
4 94 295 586 617
3 25 62 524
4 1 11 592 676
2 73 116
3 54 241 963
3 87 115 581
2 6 502
2 190 426
2 52 452
6 60 94 522 554 624 736
2 473 521
2 13 205
2 135 513
3 96 198 661
5 43 197 620 904 935
4 7 265 641 800
4 0 299 799 826
3 42 48 960
2 168 203
2 17 214
3 35 43 574
2 154 370
2 0 106
2 44 155
3 38 178 663
2 380 464
2 9 299
4 39 314 641 883
5 75 144 649 662 831
2 54 487
3 24 193 777
3 1 354 858
2 10 120
4 32 425 805 862
2 9 17
3 0 366 982
3 433 471 735
2 24 224
4 422 425 721 735
3 146 212 874
3 24 68 934
2 255 433
2 13 521
2 10 112
2 6 34
2 171 319
2 210 322
3 18 401 575
4 229 271 823 926
2 12 90
2 51 105
2 60 63
2 177 178
2 72 157
2 113 384
3 190 208 749
3 17 100 947
3 133 161 754
2 43 356
3 1 119 741
3 238 383 594
2 305 398
2 363 532
5 278 559 649 767 885
2 167 178
3 0 118 633
2 0 13
2 105 477
2 43 281
2 32 517
3 366 367 836
3 140 407 711
2 0 205
2 24 69
3 393 512 714
6 23 366 591 679 856 993
4 119 428 651 869
2 354 507
2 135 209
4 409 587 879 999
3 34 514 844
3 10 24 901
3 37 572 675
5 0 193 643 793 819
2 65 296
2 251 449
4 150 215 723 798
2 15 415
2 21 38
4 19 195 612 938
2 234 441
3 150 210 668
2 280 296
2 53 105
4 43 266 763 919
2 35 189
2 4 463
3 59 61 662
3 10 292 843
3 178 185 921
2 34 601
2 7 314
2 308 357
3 21 84 920
5 254 420 683 750 781
3 90 512 822
3 38 115 986
2 55 79
3 278 526 764
4 49 184 726 731
5 9 435 820 860 972
3 42 180 756
3 380 521 770
2 0 153
2 179 470
2 20 110
3 26 251 631
2 124 142
3 48 285 652
2 195 628
2 13 425
2 117 577
3 229 322 635
2 220 634
2 30 85
2 97 364
2 100 487
2 98 135
2 94 359
3 527 539 956
2 71 190
2 380 595
2 98 227
2 17 94
3 50 104 701
3 15 295 758
2 43 489
3 540 575 832
2 154 304
3 260 588 898
2 168 630
7 10 196 693 724 754 911 949
2 13 394
2 116 171
2 98 238
2 94 291
2 85 348
2 54 483
2 198 210
2 295 525
2 540 609
2 160 536
2 71 386
2 0 8
2 4 372
2 10 449
2 198 603
2 273 420
2 6 104
2 10 412
2 5 389
2 362 457
2 4 305
3 196 594 771
2 54 514
3 150 276 872
2 9 359
2 212 587
3 152 374 861
2 401 459
2 220 226
2 112 616
2 10 220
2 11 435
2 13 267
2 0 6
2 88 165
2 3 34
2 12 160
3 96 507 996
2 0 357
2 133 653
2 129 478
2 90 487
2 7 105
3 90 452 917
2 6 60
2 1 56
2 18 295
2 34 646
2 86 157
3 0 1 981
3 15 499 772
2 198 200
2 433 477
2 20 393
2 137 418
2 25 75
2 45 139
2 280 583
2 9 78
2 9 78
2 257 586
2 189 191
2 361 419
3 7 204 789
3 100 112 876
3 1 490 721
2 131 359
2 550 719
2 0 209
2 165 598
2 4 653
2 61 420
2 119 621
2 0 172
2 6 34
3 74 502 961
4 17 46 854 901
3 43 621 914
2 308 370
3 190 440 943
2 130 420
2 548 550
2 362 521
2 190 363
3 104 509 896
2 55 268
4 48 96 780 967
2 74 571
2 30 49
2 190 344
2 30 73
4 1 367 813 850
2 220 363
2 48 89
3 143 352 755
3 268 567 817
2 504 616
2 161 482
2 227 335
3 50 215 851
2 569 653
2 42 748
2 109 623
2 4 13
3 433 647 759
2 498 758
2 341 401
3 212 267 783
2 45 379
2 222 606
2 380 620
4 276 411 857 972
2 3 34
2 429 575
2 43 492
2 95 189
2 59 624
2 251 675
2 7 704
2 20 215
2 10 241
2 184 442
2 97 304
2 278 542
2 79 481
3 57 130 790
2 97 740
2 425 616
3 97 168 949
3 508 761 954
2 103 255
3 7 274 851
2 118 201
2 421 431
3 0 173 791
2 25 717
2 23 779
2 280 788
2 25 314
2 6 595
2 59 251
2 71 293
2 114 342
3 4 251 859
2 12 598
2 490 528
2 297 527
3 115 362 965
2 196 234
3 18 65 963
2 209 401
2 140 545
3 5 300 874
3 0 429 820
2 51 490
2 54 425
2 232 498
2 63 431
3 146 202 969
4 19 745 850 920
3 13 83 882
3 12 226 837
2 42 367
2 116 749
3 67 239 838
2 453 595
3 622 807 892
2 212 305
2 346 617
3 104 560 903
2 100 306
2 34 507
2 295 528
5 122 335 844 847 998
2 14 308
2 13 152
2 208 250
2 51 540
2 151 649
2 48 105
3 6 38 997
2 68 359
2 407 582
2 17 815
2 179 818
3 13 418 854
3 157 449 875
3 224 435 904
2 198 291
2 64 610
3 592 827 932
2 49 464
2 17 462
2 13 827
2 210 497
2 300 317
2 745 813
2 753 785
2 79 224
2 240 470
2 730 839
2 202 261
4 34 587 887 965
3 6 765 990
3 278 543 925
2 335 797
2 104 622
2 93 680
2 24 545
2 340 464
2 5 469
2 88 98
2 0 229
2 39 288
2 3 6
3 25 588 902
2 433 474
2 6 94
2 67 677
2 35 500
2 551 806
2 258 840
2 0 718
2 140 323
2 46 185
2 44 591
2 105 225
2 34 317
3 55 814 912
2 503 539
2 20 59
2 144 575
2 10 175
3 491 856 933
2 38 47
2 75 419
2 0 474
2 3 43
2 354 820
2 219 353
3 19 301 950
2 43 108
2 1 738
2 84 97
3 42 651 899
2 105 898
2 241 470
2 593 730
2 9 869
2 38 823
2 526 841
2 13 226
2 227 233
2 94 238
2 6 89
2 30 209
2 10 327
2 30 653
2 245 882
2 202 323
2 34 731
2 13 480
2 140 456
2 386 697
2 221 482
2 52 606
2 615 813
3 11 611 962
2 30 397
2 286 459
2 34 161
2 145 858
2 500 560
2 59 195
2 341 399
2 189 235
2 64 101
2 47 149
2 76 844
2 97 887
2 59 552
2 98 526
2 304 478
2 39 134
2 422 601
2 460 492
2 254 500
2 101 126
2 24 117
2 85 733
2 438 492
2 0 238
2 1 125
2 341 568
2 160 260
2 653 782
2 171 894
2 54 434
2 10 102
2 17 101
3 145 783 959
2 17 295
2 297 641
2 322 403
2 10 207
2 77 954
2 168 529
2 233 729
2 469 921
2 516 803
2 7 43
2 801 856
2 9 379
2 98 740
2 406 435
2 167 812
2 0 166
2 150 261
2 622 765
2 9 114
2 34 219
2 6 220
2 118 234
2 156 444
2 83 299
2 49 371
2 9 377
2 13 703
2 181 547
2 205 363
2 13 139
2 6 167
2 153 618
2 3 389
2 34 144
2 25 464
2 0 857
2 126 234
2 12 286
2 56 587
2 169 201
2 182 329
2 380 691
2 196 834
2 473 827
2 274 591
