1000
70 1 2 3 4 5 9 10 12 16 17 20 23 28 34 38 44 55 60 72 93 107 108 117 122 168 191 200 208 233 234 240 257 282 301 317 322 333 348 350 407 411 416 434 445 452 455 462 471 588 591 598 638 646 656 671 674 681 692 696 738 740 755 791 803 812 851 898 925 968 995
3 0 311 816
19 0 3 13 18 116 146 223 224 239 245 303 372 435 448 551 576 702 894 917
77 0 2 4 5 6 7 8 9 10 11 13 17 25 28 29 43 47 59 62 69 76 93 104 110 128 133 138 146 147 148 159 161 166 181 202 203 226 228 236 245 272 288 329 335 363 365 367 370 378 391 397 415 436 439 440 461 466 480 504 562 632 640 655 674 675 757 761 780 797 798 836 844 852 862 871 909 977
22 0 3 6 7 15 18 20 26 27 59 70 87 174 205 216 233 309 313 365 379 648 658
18 0 3 16 24 33 37 47 177 246 268 270 384 479 500 601 604 838 881
22 3 4 8 15 63 73 97 112 132 160 304 330 356 487 607 673 743 769 853 861 975 987
24 3 4 11 12 22 44 54 66 79 140 219 234 288 316 347 361 399 491 503 604 619 646 688 710
18 3 6 19 57 87 97 188 214 215 221 241 337 401 559 677 877 878 914
19 0 3 30 35 40 89 132 163 282 319 347 472 487 523 606 635 906 921 955
14 0 3 126 229 363 422 502 522 580 609 814 820 872 903
34 3 7 14 26 31 51 52 53 56 83 91 92 111 177 226 259 361 382 402 458 462 480 593 614 682 684 723 754 796 797 800 805 965 990
38 0 7 14 19 31 40 49 55 57 73 81 84 158 180 232 243 247 248 283 299 313 336 341 371 388 446 453 469 472 493 602 652 694 857 863 906 953 985
7 2 3 41 220 225 789 804
23 11 12 29 33 35 36 37 56 60 96 111 118 137 150 454 521 559 568 586 705 825 841 891
3 4 6 689
8 0 5 22 45 84 473 713 924
16 0 3 21 36 58 68 78 183 188 193 343 350 392 624 885 957
21 2 4 46 49 58 72 79 94 103 190 272 293 304 376 389 520 574 586 647 782 876
45 8 12 21 32 34 39 42 43 65 77 78 82 113 123 127 140 145 151 152 167 192 194 206 257 271 287 314 323 324 369 418 488 493 500 512 575 596 644 649 681 711 782 895 919 929
11 0 4 32 76 195 335 540 650 686 732 746
8 17 19 23 39 102 144 430 876
4 7 16 25 162
9 0 21 24 81 201 414 451 708 904
49 5 23 27 30 51 52 65 66 68 75 105 113 130 154 171 174 190 192 194 198 202 242 260 285 302 306 310 394 458 459 485 527 578 608 649 666 669 700 708 717 720 736 748 776 786 793 804 864 967
18 3 22 80 134 184 263 334 349 359 390 408 427 591 640 726 749 794 823
14 4 11 62 85 172 173 274 474 485 533 643 765 778 934
29 4 24 42 48 61 118 121 124 141 175 185 186 232 244 293 366 420 425 431 432 447 494 581 739 818 831 892 979 999
11 0 3 99 130 154 210 227 513 565 632 721
5 3 14 324 351 575
6 9 24 46 218 344 720
11 11 12 69 109 115 123 129 164 268 506 528
6 19 20 50 106 546 603
5 5 14 94 167 963
3 0 19 496
13 9 14 38 121 181 421 478 492 551 706 765 821 972
5 14 17 88 627 821
25 5 14 45 48 85 86 98 107 112 161 183 195 209 210 254 258 275 279 404 579 621 625 680 761 980
4 0 35 630 665
15 19 21 41 110 117 120 138 176 340 400 410 457 501 779 916
29 9 12 64 88 102 106 114 163 212 227 236 247 249 280 308 315 318 320 353 411 426 434 439 699 703 709 768 791 830
4 13 39 276 684
9 19 27 71 128 143 382 423 629 989
8 3 19 50 75 122 131 134 535
17 0 7 53 83 127 322 339 397 511 662 689 698 737 811 843 901 981
11 16 37 61 74 142 302 460 517 616 744 747
4 18 30 70 937
17 3 5 64 135 170 187 276 287 301 385 450 492 518 605 753 823 913
8 27 37 95 327 367 639 687 943
11 12 18 101 412 426 445 489 531 577 766 854
10 32 43 54 74 77 104 124 334 476 788
8 11 24 209 213 217 330 501 773
3 11 24 346
4 11 44 95 116
9 7 50 67 89 164 231 468 538 902
9 0 12 139 241 246 529 847 856 890
13 11 14 96 108 125 176 283 374 384 442 694 725 920
15 8 12 150 184 217 278 396 420 425 600 659 725 774 798 990
3 17 18 916
2 3 4
24 0 14 63 80 86 99 148 162 230 237 278 329 409 465 486 534 537 676 710 712 822 935 944 948
3 27 45 342
11 3 26 71 101 129 139 207 490 738 745 882
6 6 60 67 250 265 290
5 40 47 133 251 841
2 19 24
10 7 24 82 103 115 160 318 386 672 959
6 54 63 114 119 171 270
2 17 24
2 3 31
5 4 46 366 370 375
7 42 62 204 295 409 662 787
4 0 18 105 359
18 6 12 100 135 142 179 196 292 332 345 433 451 571 615 691 699 807 839
7 45 50 201 478 481 705 768
6 24 43 235 275 369 729
4 3 20 91 214
2 19 50
10 17 19 125 126 137 254 421 424 529 534
5 7 18 620 742 810
7 25 60 92 165 168 305 344
10 12 23 90 119 153 336 387 405 606 937
10 19 66 120 149 170 339 401 840 899 944
3 11 44 98
18 12 16 90 200 289 319 353 398 455 457 504 527 615 657 781 805 872 993
4 26 37 396 537
21 37 60 143 156 182 204 220 255 295 358 372 404 495 516 532 544 600 613 623 752 921
9 4 8 331 386 594 692 763 792 936
3 36 40 141
2 9 54
7 81 84 100 383 572 885 948
5 11 76 536 874 894
8 11 80 186 265 428 610 634 942
9 0 3 147 310 433 550 612 631 958
4 18 33 357 577
2 48 53
4 14 56 145 307
3 6 8 109
9 37 83 189 237 509 626 715 897 925
3 28 60 423
10 73 90 189 460 476 564 665 713 883 907
2 49 62
13 21 40 136 152 159 187 212 223 317 465 652 741 942
4 18 66 415 933
12 3 50 131 205 235 348 375 399 431 448 587 588
4 24 72 598 730
4 32 40 144 256
2 0 37
14 0 56 156 285 342 514 517 530 661 736 833 931 932 992
10 31 97 169 211 225 264 482 593 801 928
7 3 39 436 750 759 971 997
5 11 14 238 572 757
3 6 37 206
3 19 24 917
8 40 67 289 360 368 539 545 905
2 31 66
4 2 53 249 587
5 0 39 157 173 483
3 14 27 503
6 67 81 261 273 470 792
6 39 82 256 567 582 583
2 27 35
5 0 43 228 739 862
4 19 31 338 531
3 27 50 180
8 56 78 178 291 466 639 686 706
9 10 78 165 239 467 483 656 886 933
20 19 44 166 197 199 267 346 422 494 495 546 597 634 654 704 753 870 896 910 930
3 3 42 592
5 31 62 242 248 955
3 24 28 321
6 43 104 155 157 377 877
7 6 9 136 203 510 884 903
6 3 64 258 308 711 796
8 25 43 151 191 263 557 771 884
2 47 73
7 102 132 290 540 579 758 799
12 14 78 149 280 294 298 323 560 633 650 801 802
4 3 39 222 892
10 55 62 215 222 325 589 680 701 793 889
3 7 19 475
6 27 88 198 596 875 982
3 45 73 789
5 42 86 240 542 718
8 21 106 172 471 511 513 561 976
5 19 96 179 292 605
3 2 3 428
4 3 93 354 506
6 3 60 196 218 306 775
2 82 137
6 14 57 273 311 373 807
8 19 134 178 266 277 388 949 977
9 19 102 153 269 441 461 498 590 900
3 81 152 398
3 24 28 155
6 131 154 274 312 595 775
3 86 108 368
5 117 131 158 355 430
9 12 157 169 207 286 469 663 685 832
13 3 102 197 216 358 385 417 438 566 749 777 855 962
5 6 66 303 413 607
11 3 37 262 279 338 349 658 688 767 774 873
2 22 60
9 9 40 250 408 562 627 671 806 887
3 31 54 267
10 80 126 229 300 413 497 553 645 682 803
4 3 127 332 987
4 19 33 193 543
5 0 80 390 584 932
8 109 158 211 424 524 629 849 850
4 47 82 499 687
8 24 67 182 213 621 819 870 970
12 26 144 175 231 264 525 554 601 717 818 830 831
5 26 117 281 463 707
12 4 24 185 221 253 281 343 444 558 590 690 724
5 27 172 312 379 637
2 39 56
5 5 11 262 620 628
2 125 151
4 73 145 484 973
15 12 124 244 259 260 286 341 612 679 701 718 769 829 842 843
4 3 35 284 691
10 86 171 238 296 307 631 633 788 850 941
2 17 37
10 25 57 208 393 582 625 660 927 938 995
4 27 174 635 851
7 27 92 383 444 558 896 926
6 47 102 199 443 828 874
6 8 17 320 524 727 746
8 98 100 380 395 468 549 669 839
3 18 24 251
3 0 134 728
3 19 24 496
4 17 167 541 813
4 19 24 802 871
3 20 37 253
2 73 148
4 127 159 271 866
6 24 141 374 520 564 771
5 127 187 261 499 817
6 0 84 456 690 808 922
7 23 74 452 745 756 886 928
3 3 24 927
3 3 132 555
3 71 86 968
3 4 104 759
2 19 112
5 62 158 351 393 438
3 0 184 525
5 37 51 296 491 986
3 28 37 360
3 109 169 252
4 40 102 255 857
3 51 171 243
6 8 76 219 284 545 790
3 8 139 978
7 4 159 230 446 473 751 826
6 51 57 224 391 406 911
3 30 148 405
2 7 214
4 13 86 298 427
2 8 174
6 138 139 269 371 919 994
3 2 102 441
2 2 217
2 13 109
2 3 11
6 28 40 266 508 547 842
6 3 122 357 429 435 602
4 10 165 403 570
5 60 216 617 672 772
6 54 172 299 315 786 913
2 12 27
5 0 4 297 305 321
5 0 7 297 354 829
6 75 104 328 389 447 799
2 3 40
2 60 98
5 111 182 362 735 750
3 2 126 417
5 0 143 252 618 869
2 8 55
4 24 129 352 395
6 12 213 364 416 474 530
5 27 180 653 848 914
3 2 3 696
5 5 55 567 654 911
2 12 40
2 12 129
4 40 116 470 974
2 63 163
2 64 190
5 211 240 328 376 508
9 174 195 414 507 651 715 865 880 907
3 37 78 979
2 86 212
3 106 120 733
2 0 19
3 37 133 939
2 11 180
3 24 180 594
7 119 199 437 481 581 592 599
3 161 177 569
5 25 134 326 858 992
2 109 172
5 63 92 731 766 904
6 151 227 300 345 403 547
2 127 164
3 5 31 309
7 152 222 277 497 514 536 668
2 5 67
5 19 197 337 873 893
3 3 18 507
3 119 150 636
8 26 155 467 535 576 683 772 824
5 37 75 744 936 969
4 41 47 552 930
3 151 269 900
2 57 60
2 37 161
5 40 137 392 563 954
3 173 174 377
4 0 9 429 583
6 12 56 291 364 675 755
6 181 214 294 560 636 898
3 24 108 542
3 158 180 743
4 19 47 381 667
4 3 7 314 331
5 84 114 333 400 940
4 63 136 327 412
2 125 283
3 73 145 822
2 18 27
6 137 284 498 505 666 814
5 71 86 340 380 456
2 182 209
5 233 234 695 849 994
5 137 220 638 641 825
5 12 231 325 432 488
4 165 266 454 846
3 0 47 966
3 24 45 767
2 2 160
4 6 18 316 967
4 80 233 571 856
3 24 148 381
2 96 182
6 40 133 378 477 845 879
4 4 268 355 373
8 24 93 394 449 515 580 611 865
3 1 150 949
4 155 175 902 964
2 4 12
2 19 288
9 40 231 356 505 657 808 939 954 980
3 7 304 707
4 0 102 326 518
3 40 66 685
3 9 84 653
3 40 188 758
3 130 233 407
5 0 44 563 573 811
3 19 137 879
5 19 29 561 599 719
3 139 299 721
4 263 317 516 731
4 48 290 459 956
2 235 252
2 3 60
2 6 51
5 87 288 402 406 477
3 73 166 352
3 0 289 664
4 25 50 549 643
5 3 20 676 756 778
3 12 81 795
2 8 271
5 123 161 362 642 764
3 44 82 608
5 39 295 453 510 526
2 12 180
3 61 108 410
3 17 174 734
6 30 80 419 490 776 993
2 73 266
2 52 127
3 7 9 677
5 0 104 449 660 835
2 25 161
5 0 17 538 723 741
2 29 207
3 242 332 387
2 40 84
3 147 234 555
7 157 309 482 509 655 794 958
3 6 315 450
2 94 228
3 86 159 464
2 25 72
2 114 210
3 7 11 973
3 238 338 869
3 3 10 557
2 243 283
4 3 4 912 915
3 27 70 419
3 3 48 867
4 114 156 622 963
2 19 75
4 3 70 724 747
2 12 222
3 2 86 526
4 150 309 697 815
7 56 198 519 566 626 628 988
2 70 104
3 18 252 550
2 131 281
2 3 308
6 4 175 645 785 846 952
2 189 295
2 287 306
3 11 42 735
2 90 186
2 5 56
3 47 159 418
2 66 87
5 81 352 479 693 783
3 12 151 762
3 18 235 683
3 25 168 440
5 3 217 437 613 732
3 17 280 443
3 184 207 532
2 24 310
2 189 242
3 57 85 881
2 3 44
2 84 153
5 7 104 463 475 734
2 39 289
2 8 82
5 11 331 578 642 737
2 229 266
3 37 86 489
3 81 218 880
5 217 331 589 663 950
5 0 321 464 709 835
2 25 163
3 60 71 840
3 39 342 726
4 0 40 544 878
2 49 290
2 160 165
2 23 253
3 3 103 523
3 0 243 752
4 159 239 442 554
5 19 385 502 679 960
4 344 366 522 836
2 27 57
2 35 78
4 10 127 521 784
2 42 99
2 78 169
2 27 57
2 40 49
2 25 220
2 92 146
2 228 282
5 21 157 556 573 947
2 27 104
2 27 299
2 73 93
4 0 40 548 813
4 2 228 543 616
2 3 110
2 261 391
2 159 207
3 3 40 484
2 3 390
3 152 223 824
3 56 417 512
2 187 392
3 174 186 570
3 0 49 762
3 12 216 597
6 27 235 528 548 964 972
3 2 104 827
5 310 348 552 667 998
3 47 356 969
3 23 73 971
2 0 201
4 12 340 617 781
3 14 300 860
2 0 84
2 200 295
3 39 84 610
2 11 24
2 24 327
2 45 100
3 3 152 787
4 0 11 574 934
2 173 399
2 358 407
2 60 102
5 3 125 712 940 970
3 126 274 486
5 54 189 659 891 929
2 12 158
2 119 249
3 0 144 947
2 9 12
4 16 216 854 996
2 26 243
4 140 399 714 809
4 50 100 623 624
2 308 331
3 35 74 595
2 5 387
2 3 11
3 74 261 986
3 109 355 951
2 117 126
2 179 439
2 24 26
2 60 467
3 6 9 883
4 19 299 533 773
2 49 404
3 62 344 553
3 7 209 515
2 35 47
3 12 19 748
2 27 127
2 86 127
3 34 192 806
3 165 269 539
4 152 294 519 585
2 170 199
2 5 19
2 39 51
2 10 418
2 7 118
2 3 84
2 294 315
2 31 147
3 253 272 810
2 227 252
2 98 355
3 132 340 568
2 44 144
3 19 442 569
5 28 144 641 838 845
2 108 269
3 310 491 989
3 86 326 887
2 45 108
3 47 317 754
4 374 498 622 693
2 18 198
2 14 422
2 10 419
4 9 415 541 565
2 169 188
2 172 208
3 340 372 961
2 24 84
4 31 447 611 619
3 55 78 946
3 108 243 861
2 49 123
2 86 393
3 26 488 853
2 60 78
3 43 274 855
3 91 269 868
3 60 85 996
2 54 350
2 114 497
2 20 136
2 193 523
2 143 285
2 167 435
2 86 411
2 114 214
3 32 127 704
3 227 266 556
2 434 447
2 189 334
3 93 376 760
2 2 35
3 276 449 800
2 165 490
4 172 417 609 926
3 203 354 763
4 430 547 817 858
2 134 363
2 174 186
2 8 14
2 137 284
2 144 324
2 3 163
3 280 322 637
3 100 198 943
2 28 523
2 159 374
2 120 246
3 14 510 618
2 262 512
3 229 444 722
6 73 305 664 790 910 941
4 90 111 661 901
3 322 430 584
3 18 462 727
2 19 29
3 2 274 668
5 49 94 630 784 812
2 24 402
2 37 136
2 10 310
3 27 261 740
3 120 184 833
5 120 282 585 966 997
4 168 573 603 984
2 498 583
2 14 18
3 104 116 670
5 0 104 695 923 974
2 139 406
2 152 174
2 0 25
3 128 261 867
4 11 109 866 924
4 87 260 700 719
5 155 478 670 703 860
5 19 141 614 678 780
2 127 446
2 0 105
3 261 324 809
4 57 86 816 961
3 5 172 859
2 12 228
3 32 584 795
3 5 7 716
2 47 145
3 9 81 647
2 6 160
2 24 339
4 10 554 733 826
2 92 457
2 310 528
3 93 180 888
3 86 391 651
2 11 596
2 73 84
3 45 435 785
2 230 453
2 240 568
3 7 528 648
3 79 177 844
4 37 171 644 764
2 368 519
2 86 476
2 17 476
2 37 184
2 98 374
3 36 163 935
2 177 374
2 42 169
3 38 577 819
2 93 182
2 3 28
3 137 182 698
2 92 127
2 9 185
3 273 284 815
2 175 563
2 0 298
2 48 125
3 3 25 965
2 298 513
2 338 402
2 26 334
2 19 621
2 165 379
2 0 7
3 18 606 770
4 4 619 673 945
2 19 24
2 20 137
2 253 613
3 12 102 960
4 244 319 678 882
4 127 246 714 946
2 3 355
2 0 126
2 84 315
2 4 161
2 57 468
2 184 348
2 108 572
3 44 71 697
2 158 406
6 333 571 722 751 783 983
2 38 100
2 24 294
2 287 449
2 269 576
2 24 189
2 587 595
2 0 163
3 66 230 742
2 6 648
2 0 3
2 3 283
2 60 335
2 8 347
2 596 653
2 180 418
2 37 139
3 0 19 702
3 11 165 729
2 274 389
2 11 41
2 158 318
2 20 125
2 48 170
2 7 161
3 15 44 770
2 174 200
2 73 181
2 0 87
3 387 519 920
2 12 56
4 297 588 779 890
2 0 245
2 373 662
2 44 633
3 40 73 848
3 24 594 716
3 139 180 760
2 2 681
2 40 595
2 127 546
2 14 74
2 35 125
2 173 316
2 23 24
2 40 407
2 7 60
2 19 133
2 60 466
2 16 100
2 475 654
2 98 253
2 604 700
2 24 172
2 143 180
2 324 594
2 24 30
3 28 325 834
2 570 664
2 11 350
3 174 370 728
3 56 57 875
3 25 410 730
2 188 574
3 191 724 827
2 75 682
2 105 726
2 265 326
2 20 391
2 256 609
3 343 399 918
2 238 382
2 24 108
2 44 402
2 0 62
2 27 122
2 0 581
3 102 350 978
3 79 672 915
2 6 286
2 45 275
2 62 201
2 20 188
2 45 370
5 24 493 777 820 832
2 25 159
2 110 238
2 216 664
2 86 416
2 47 127
4 11 518 899 982
2 0 283
4 201 335 828 864
3 3 111 837
2 136 320
2 110 205
3 550 701 859
2 3 37
2 388 445
2 87 555
3 338 621 988
2 26 35
4 49 265 837 959
2 161 302
2 40 74
2 6 180
2 647 689
3 134 198 889
2 230 274
2 51 488
2 57 161
2 148 155
2 24 344
2 159 748
2 26 335
3 39 695 912
2 3 596
2 84 453
3 18 19 918
4 387 664 852 962
2 422 577
3 379 616 834
2 24 231
2 71 461
2 50 182
2 13 142
4 214 571 868 909
2 0 40
2 87 119
2 24 139
2 25 355
3 336 603 956
2 11 133
3 3 11 923
3 3 57 983
2 136 235
2 11 552
2 109 137
2 137 194
2 0 165
3 13 24 847
2 11 84
2 163 496
2 73 150
2 200 315
2 475 599
3 79 507 953
2 44 322
2 0 577
3 193 434 863
3 10 294 908
2 373 636
2 1 600
2 199 556
2 27 172
2 171 630
3 10 748 908
2 35 36
2 60 292
2 25 47
2 274 441
2 14 298
3 216 609 984
2 448 728
2 187 756
3 180 234 950
2 40 172
2 27 172
2 158 748
2 108 582
2 721 785
2 348 407
2 3 419
2 757 766
4 5 513 895 975
2 73 189
2 82 409
3 14 64 957
2 180 227
2 44 180
2 3 620
2 308 513
2 300 379
2 55 804
2 244 699
2 169 297
2 169 182
2 0 185
2 3 783
2 6 533
2 49 473
2 159 535
3 55 305 905
2 12 212
5 263 556 888 985 999
2 601 760
2 454 595
2 6 530
2 3 122
2 12 813
2 24 756
2 253 310
2 197 593
2 367 592
2 536 790
2 240 362
3 127 171 897
3 3 194 998
2 10 84
2 161 271
2 91 187
2 141 725
2 18 21
2 8 131
3 8 411 893
2 308 323
2 253 405
2 5 396
2 62 653
3 100 487 945
2 132 134
2 17 90
2 126 201
2 163 516
2 612 858
3 139 771 931
2 55 695
2 14 468
2 27 138
2 271 878
2 2 91
2 19 838
2 127 186
2 98 870
2 0 284
2 82 754
2 152 277
2 44 572
2 54 312
2 10 132
2 23 265
2 114 856
2 9 12
2 100 253
4 814 820 952 981
2 3 790
3 127 571 938
2 217 246
2 365 779
2 47 231
2 8 244
2 365 742
2 39 58
3 2 113 922
2 734 782
2 19 222
2 56 693
2 9 86
2 200 917
2 588 797
2 16 593
2 0 98
2 186 554
2 184 202
2 109 201
2 19 468
2 127 276
2 108 889
2 108 168
2 103 126
3 26 462 951
2 60 627
2 87 275
2 46 81
2 184 910
2 258 315
2 289 466
2 182 571
2 92 102
2 48 564
2 60 82
2 648 883
2 529 654
2 430 471
2 60 90
2 151 311
2 406 829
2 482 934
2 379 908
2 12 810
2 280 315
2 9 129
2 327 795
2 17 841
2 93 355
2 66 766
2 418 652
2 526 600
2 159 783
2 33 368
2 312 447
2 11 640
2 301 583
2 24 304
2 0 204
2 275 450
3 171 466 991
2 110 451
3 35 447 976
2 179 361
2 249 588
2 6 838
2 144 972
2 3 151
2 215 741
2 27 254
2 37 315
2 44 908
2 141 754
2 664 798
3 584 826 991
2 12 858
2 209 481
2 6 166
2 374 764
2 42 515
2 11 57
2 970 984
2 108 263
2 84 344
2 222 297
2 0 184
2 473 537
2 110 583
2 449 871
2 27 858
