1000
47 1 2 3 6 8 10 12 18 45 47 60 62 64 91 95 100 120 143 150 156 161 178 203 207 218 260 279 302 328 349 350 424 434 484 502 538 565 580 639 719 780 788 804 837 847 889 927
38 0 3 4 7 14 21 24 26 27 31 34 35 36 48 52 67 69 108 152 153 263 361 366 404 446 459 641 670 677 704 770 806 826 873 917 935 974 986
23 0 4 6 11 20 27 44 66 70 127 162 186 206 213 261 381 580 618 629 640 657 704 742
78 0 1 5 7 13 16 18 19 20 22 28 29 33 39 40 41 43 49 65 75 77 78 83 88 94 102 113 125 135 155 160 162 191 193 198 206 211 253 267 281 292 297 318 324 326 337 339 340 348 352 363 371 410 440 454 471 490 497 500 509 552 561 614 632 659 693 697 717 725 760 763 805 811 842 859 922 966 977
56 1 2 5 8 9 11 13 16 21 24 39 42 49 63 71 82 84 103 113 114 141 164 168 176 184 196 209 223 238 254 269 278 281 309 312 337 365 403 407 423 435 449 451 470 546 554 568 579 596 619 763 817 852 964 978 998
29 3 4 9 10 12 25 50 53 68 80 111 112 126 157 171 190 256 306 353 374 412 495 545 578 604 606 652 665 895
8 0 2 61 73 356 427 510 680
10 1 3 17 40 119 168 221 487 730 896
34 0 4 14 15 23 29 31 92 130 134 139 177 215 217 252 268 295 311 315 338 348 361 419 441 467 508 635 660 669 692 860 892 926 984
16 4 5 32 59 76 97 275 316 473 592 810 858 894 905 908 960
6 0 5 102 121 289 840
20 2 4 33 37 43 45 86 93 169 207 241 266 297 362 373 460 535 567 601 975
19 0 5 17 26 28 60 65 124 154 180 246 262 526 611 625 646 703 775 971
8 3 4 15 30 46 116 415 516
19 1 8 72 87 183 185 274 302 331 408 489 521 609 708 755 864 874 961 972
5 8 13 47 158 323
25 3 4 22 74 92 97 105 109 112 166 174 179 186 197 200 202 234 344 356 377 396 403 425 453 665
4 7 12 34 339
8 0 3 19 52 131 181 835 875
13 3 18 38 132 254 255 442 511 537 780 890 916 993
20 2 3 30 57 98 105 128 218 233 401 476 536 557 587 590 591 624 647 757 935
21 1 4 23 25 35 51 154 290 311 318 364 445 518 550 571 609 615 723 762 845 870
6 3 16 50 161 636 679
6 8 21 138 251 353 884
11 1 4 96 151 171 359 383 764 776 832 841
23 5 21 56 57 91 140 208 216 277 284 304 382 405 406 460 574 575 629 675 751 847 989 995
9 1 12 120 308 322 354 465 668 808
6 1 2 88 194 237 470
19 3 12 32 36 38 44 53 61 131 138 142 217 304 443 730 785 856 938 944
15 3 8 67 123 129 159 177 258 263 275 290 412 522 713 959
12 13 20 99 115 314 376 499 709 724 743 915 991
16 1 8 99 140 226 233 249 264 312 373 543 739 760 834 850 853
8 9 28 48 136 264 621 691 705
18 3 11 37 41 63 71 100 114 199 234 240 359 431 509 674 761 919 990
5 1 17 452 547 591
7 1 21 165 371 683 700 941
16 1 28 56 69 86 87 145 182 248 284 402 654 699 710 747 882
23 11 33 42 54 55 89 93 98 119 178 195 237 249 269 291 333 477 478 607 620 694 749 833
11 19 28 77 106 147 204 595 696 698 812 952
7 3 4 46 59 123 414 494
6 3 7 64 74 79 426
11 3 33 51 58 66 205 267 402 452 564 647
17 4 37 62 73 84 142 231 262 397 416 623 728 745 769 844 870 963
10 3 11 68 70 461 465 539 589 653 840
5 2 28 195 562 626
9 0 11 54 110 118 197 506 759 997
2 13 39
4 0 15 55 599
10 1 32 135 220 243 261 434 436 926 949
5 3 4 279 365 369
3 5 22 735
13 21 41 79 124 198 286 379 556 890 908 932 955 987
4 1 18 342 901
13 5 28 83 85 341 351 375 612 639 717 727 741 818
6 37 45 133 357 428 883
7 37 47 58 90 117 125 329
13 25 36 94 110 122 128 129 301 372 386 581 636 722
6 20 25 85 122 637 853
6 41 55 260 392 512 797
8 9 39 167 229 631 669 856 868
10 0 12 101 241 378 527 718 720 742 925
5 6 28 147 303 397
4 0 42 268 473
9 4 33 81 101 298 299 342 740 864
14 0 40 126 137 157 193 219 221 244 421 582 654 906 954
12 3 12 72 89 90 210 391 438 458 472 800 974
9 2 41 104 208 250 387 472 727 771
5 1 29 155 189 999
11 5 43 117 173 192 240 332 673 697 709 747
8 1 36 159 175 252 282 372 380
3 2 43 245
20 4 33 76 78 80 82 118 170 173 222 229 285 357 360 389 450 456 488 605 659
9 14 65 95 169 235 346 729 817 909
19 6 42 75 81 146 180 182 184 238 323 336 393 416 479 485 507 563 585 815
2 16 40
8 3 73 144 172 201 202 384 786
11 9 71 151 165 277 320 347 457 542 602 690
8 3 38 300 497 536 621 821 980
7 3 71 139 213 236 531 649
5 40 51 106 956 959
4 5 71 547 902
14 63 73 141 148 179 181 220 391 432 437 768 861 966 996
20 4 71 137 145 149 153 172 245 257 265 301 324 430 445 505 578 596 839 911 919
6 3 53 127 188 330 548
8 4 42 103 360 368 468 555 995
9 53 57 192 235 303 390 663 756 930
5 11 36 282 634 900
14 14 36 136 216 230 294 295 327 358 420 424 474 594 914
3 3 27 984
9 37 65 108 146 383 385 435 517 538
5 55 65 270 570 952
8 0 25 188 280 305 418 888 898
5 8 16 227 447 642
9 11 37 116 164 215 386 478 823 953
16 3 56 96 107 109 228 259 280 369 417 450 507 519 624 656 738
2 0 72
7 24 94 107 273 341 597 663
6 9 16 194 288 317 887
3 20 37 617
5 30 31 646 831 851
11 0 33 104 149 271 482 584 695 720 721 862
8 60 63 170 222 283 334 863 967
10 3 10 344 381 431 443 559 561 761 767
5 4 84 398 433 904
9 66 100 132 189 285 368 552 726 835
6 16 20 158 204 355 635
3 38 79 444
2 94 96
2 1 89
2 16 94
12 45 56 111 115 174 187 364 411 456 458 682 748
3 5 110 514
7 5 16 209 332 346 429 724
5 3 4 156 191 789
5 4 33 175 327 404
2 30 110
10 13 93 121 134 288 321 575 698 729 961
5 55 68 242 265 307
3 45 71 841
4 7 37 627 689
8 0 26 187 201 451 462 701 702
3 10 116 133
3 56 57 314
4 29 39 232 286
2 12 51
3 3 55 801
3 5 64 843
17 2 83 130 163 185 224 246 255 459 487 494 517 787 824 863 920 942
2 20 56
10 29 56 148 205 278 336 557 567 655 671
4 8 127 783 994
7 18 28 486 495 643 809 824
9 19 104 176 225 309 326 423 576 588
17 54 121 143 150 152 160 228 242 244 276 287 553 711 778 825 923 969
12 8 116 296 328 370 405 490 571 582 678 820 997
7 3 48 203 529 558 601 667
5 32 87 225 239 610
4 64 82 354 384
2 23 28
4 8 78 183 319
3 25 31 325
3 4 81 836
7 28 42 144 271 526 566 842
2 0 133
3 75 142 644
7 36 82 628 715 733 872 912
6 73 89 393 600 611 943
8 38 61 166 212 539 638 771 811
4 81 129 426 796
3 82 100 210
7 0 133 214 482 496 667 793
3 24 76 521
5 1 133 196 523 651
2 1 82
7 12 21 248 343 385 392 642
6 3 67 224 272 436 746
4 0 113 292 315
3 5 64 940
5 15 105 190 398 421
6 29 69 199 287 524 559
9 3 133 163 211 447 501 537 589 965
7 0 22 212 335 501 694 745
6 2 3 251 775 958 972
10 127 160 167 214 453 630 827 886 894 927
2 4 93
4 35 76 296 440
2 16 147
4 59 163 335 499
2 4 7
4 11 72 253 310
3 71 101 839
7 5 24 541 608 666 737 878
3 75 82 692
6 68 71 618 707 716 795
2 16 110
3 69 114 843
9 4 132 306 325 633 768 784 793 797
10 8 29 291 375 376 429 516 678 900 921
4 0 37 614 735
6 16 81 407 524 540 881
4 12 73 294 903
5 18 81 283 480 560
3 36 73 514
6 14 139 505 680 701 998
5 4 73 362 525 681
2 14 127
3 2 16 587
5 110 120 329 389 418
7 83 91 200 239 461 726 956
5 67 104 553 644 754
6 5 158 247 250 289 662
4 3 113 259 657
3 68 85 693
8 3 64 401 422 448 464 831 930
17 27 97 232 236 293 395 415 457 479 597 603 606 755 794 820 883 973
4 37 44 243 791
4 4 152 231 493
3 16 45 770
4 3 51 395 468
4 33 159 331 604
4 16 188 343 367
7 75 120 409 551 560 948 992
2 16 75
6 0 135 227 274 594 664
2 38 105
2 41 129
8 2 3 219 226 230 409 933 934
2 0 11
6 25 66 305 378 400 772
4 4 112 334 581
3 65 149 388
2 3 160
4 147 161 545 822
7 2 78 358 480 714 807 829
8 150 163 313 664 779 807 885 914
5 8 93 759 896 994
3 25 87 474
2 8 28
2 0 20
5 64 206 223 414 752
6 48 81 366 744 753 912
2 7 64
5 71 101 313 406 617
3 4 219 877
6 127 155 258 734 749 933
5 132 136 413 430 655
5 31 206 270 316 374
3 92 203 947
4 94 133 352 619
5 59 71 338 394 528
8 87 206 400 476 555 610 758 816
3 42 196 276
4 123 194 439 789
8 20 31 419 486 520 612 861 962
2 16 33
3 72 85 272
3 78 194 345
3 27 37 662
4 4 73 572 681
3 136 188 432
3 33 68 616
7 11 60 266 444 586 848 920
9 117 133 319 321 330 488 504 758 964
2 48 195
3 64 133 466
3 70 82 652
3 12 127 247
4 190 246 363 905
9 36 154 317 347 464 543 668 716 810
2 31 37
6 66 190 256 394 467 661
3 23 162 310
2 8 69
3 3 169 475
2 4 19
5 19 127 257 503 572
2 5 250
7 82 255 533 640 687 818 945
4 29 224 477 993
4 94 191 345 525
2 0 58
3 2 48 522
4 12 42 687 792
4 1 29 469 483
2 31 32
2 82 117
7 11 241 399 410 740 752 865
9 3 41 273 320 377 388 957 978 979
4 8 62 298 349
5 4 37 293 300 849
10 90 226 340 492 500 677 714 776 813 897
4 100 142 380 455
2 155 235
3 96 267 307
3 14 203 462
2 9 29
2 133 231
2 25 76
4 4 129 741 783
3 0 49 437
2 91 94
4 3 4 813 903
10 69 86 308 351 390 449 608 653 946 982
3 101 181 475
4 25 36 892 907
2 71 104
3 51 123 746
3 133 159 496
3 97 116 333
4 10 190 299 540
2 21 29
4 37 177 682 951
3 3 156 370
2 194 269
2 87 180
3 8 87 962
2 134 165
5 3 11 350 872 948
5 63 268 367 762 862
3 63 289 417
3 77 269 577
3 56 82 379
5 0 14 515 661 708
4 61 85 711 977
6 25 28 550 651 826 988
3 91 208 433
7 5 176 448 513 603 867 881
3 117 273 574
4 26 282 481 764
2 4 132
2 169 251
2 8 21
2 4 31
3 214 222 511
2 30 122
2 8 156
6 9 226 355 455 585 649
5 97 248 784 871 884
4 3 21 679 800
5 139 242 322 683 798
2 76 267
4 116 242 532 918
4 26 319 542 846
4 15 73 710 924
2 3 82
3 140 176 584
7 3 132 544 723 850 857 911
4 87 114 446 593
4 0 134 702 712
4 55 187 645 796
2 83 242
2 14 199
2 68 112
3 37 288 976
2 101 209
2 161 167
2 73 129
2 3 4
2 8 229
3 3 17 387
2 3 270
2 53 96
7 52 63 438 527 534 558 999
2 154 200
4 16 102 399 854
4 236 259 498 838
5 72 112 382 534 549
2 76 248
4 3 8 428 893
2 0 268
2 0 297
5 53 282 686 858 929
3 3 228 648
3 5 23 774
3 26 137 743
2 105 316
4 6 16 425 549
2 54 71
5 87 213 569 622 779
2 24 33
2 71 84
4 1 8 408 684
7 11 184 441 739 814 936 989
3 3 247 420
2 21 110
4 4 49 530 551
5 1 220 484 565 690
4 200 298 463 471
2 84 104
2 49 94
2 134 292
6 3 35 463 734 812 878
3 56 69 913
2 11 31
2 5 226
6 53 177 469 627 829 836
3 30 177 411
3 16 267 442
2 60 208
2 51 301
2 69 271
3 2 102 688
2 25 346
3 24 89 660
7 75 137 396 530 782 932 950
5 89 154 782 928 991
4 56 93 491 519
2 66 339
2 210 267
2 71 187
2 85 282
3 65 81 544
4 58 154 923 979
6 73 146 590 787 814 867
5 229 250 703 953 967
2 194 198
2 16 384
2 42 61
4 103 158 725 804
3 266 344 515
3 208 230 728
4 20 193 413 427
4 36 41 485 658
3 4 16 921
2 1 114
2 25 134
3 25 222 422
3 4 179 732
3 14 361 513
7 201 206 613 674 722 781 788
5 3 266 556 802 963
4 110 376 520 563
6 5 29 622 777 809 823
3 225 401 454
5 39 219 569 570 672
4 13 194 481 825
2 42 73
3 94 299 910
2 91 187
4 8 233 785 790
4 87 363 502 955
3 64 158 715
2 193 406
2 4 132
4 0 87 439 503
5 16 356 566 579 772
4 40 148 508 893
2 6 401
3 54 348 518
6 112 177 506 554 643 906
3 82 225 700
5 33 102 504 685 699
2 81 239
8 103 305 483 531 613 748 889 950
3 0 48 616
10 4 89 599 631 695 706 765 845 855 939
2 48 155
2 81 279
2 65 342
3 232 424 934
3 3 165 958
6 8 362 605 615 658 777
4 19 377 562 987
2 28 102
2 106 241
2 21 82
3 1 327 532
2 92 160
3 193 306 466
3 4 282 981
2 71 94
2 4 120
2 34 41
7 16 163 489 541 625 719 917
4 3 413 546 573
2 271 316
2 71 110
2 76 194
2 65 110
5 1 127 492 696 915
3 11 25 593
2 43 188
2 120 274
4 367 371 564 731
2 193 248
2 26 43
3 244 448 691
2 8 250
4 84 198 493 913
4 263 375 713 736
5 4 27 498 688 992
2 3 367
2 65 66
3 9 62 822
6 87 216 586 626 676 712
2 253 283
5 20 230 535 577 645
3 37 258 996
4 37 93 592 859
3 73 194 865
2 181 213
2 308 415
3 100 150 769
9 263 433 568 573 675 801 828 891 954
2 0 366
3 73 402 880
5 131 233 607 751 938
2 7 127
4 71 242 491 648
4 14 453 510 598
4 3 134 598 980
3 386 488 583
2 270 459
4 196 468 830 846
2 39 127
3 5 131 528
2 150 287
5 3 77 689 792 874
2 345 470
4 30 167 942 975
2 3 270
2 160 161
3 0 420 971
2 255 424
3 242 431 951
4 82 183 600 936
4 45 429 533 706
2 73 94
3 8 426 620
2 3 33
4 6 489 512 737
2 19 313
2 58 510
4 306 408 523 819
3 111 182 849
2 302 399
2 13 177
2 89 127
2 21 428
5 94 386 548 576 854
4 233 411 637 937
2 14 151
4 29 261 588 670
3 152 513 707
2 159 179
5 184 259 632 744 757
3 12 142 774
3 60 342 529
2 229 495
2 135 527
3 365 384 583
2 78 433
2 321 446
2 257 506
2 342 346
3 11 476 786
2 20 77
2 19 160
2 0 89
2 43 147
4 179 289 634 969
3 171 453 766
2 76 322
3 31 248 673
2 326 391
2 5 212
2 4 454
3 34 80 869
2 83 519
3 346 356 887
2 21 304
2 201 365
3 3 104 750
3 133 189 806
3 4 429 773
2 84 230
2 51 410
3 20 129 795
2 135 342
3 102 159 602
2 181 201
2 3 102
2 44 442
2 73 411
3 41 463 666
4 0 366 650 876
2 142 425
2 11 129
4 4 483 595 957
2 358 414
3 90 414 684
2 21 134
2 238 255
2 454 483
2 25 307
3 25 116 733
2 132 519
4 300 476 623 638
2 5 82
2 4 425
2 0 2
2 56 209
2 64 134
3 491 530 790
2 100 325
3 73 316 732
7 241 474 671 705 754 799 873
2 20 186
3 132 522 876
3 43 160 633
4 20 393 794 886
4 20 34 686 855
2 9 478
2 327 460
4 87 203 860 877
2 38 568
2 4 82
2 96 194
2 489 490
3 47 435 904
3 146 505 844
2 11 135
3 76 559 628
3 194 306 630
2 5 199
3 71 441 885
3 5 194 866
4 37 486 718 879
2 171 282
2 14 21
2 136 230
3 12 146 803
2 53 233
2 409 433
2 3 178
4 21 441 875 924
4 240 434 650 970
3 98 222 685
2 2 173
2 4 228
2 37 508
2 32 77
2 358 412
2 42 577
4 20 94 656 721
2 12 453
2 44 474
2 119 375
3 145 602 805
2 2 25
3 163 603 852
3 59 435 827
3 3 525 925
2 176 589
2 86 540
3 8 105 815
2 22 56
2 57 520
3 147 577 753
3 0 53 641
2 2 257
2 1 639
2 92 154
2 131 429
3 144 189 830
2 329 476
2 12 99
2 20 41
2 352 488
2 78 316
2 565 616
4 152 304 791 816
2 5 245
2 43 282
2 36 64
2 129 225
5 94 624 736 851 983
4 2 191 672 766
2 402 441
2 3 71
2 8 383
2 250 302
2 190 237
3 85 96 767
2 203 214
2 5 16
3 171 564 778
3 135 150 944
3 26 248 781
2 8 59
3 1 522 880
3 129 586 922
2 414 657
2 68 543
3 33 409 895
3 25 483 676
3 474 675 981
4 1 270 834 868
3 134 177 798
2 22 318
2 6 183
2 184 238
3 110 291 738
2 35 319
2 361 570
2 431 617
4 351 591 765 819
3 257 262 937
2 381 470
2 119 497
2 76 366
2 32 466
2 8 172
2 3 192
2 37 161
3 100 435 832
3 38 459 833
3 3 68 756
2 38 116
2 36 431
2 35 430
2 120 183
2 120 328
2 12 394
2 1 2
2 32 586
3 435 506 821
2 173 523
2 14 302
2 30 68
3 36 323 976
2 133 303
3 328 474 945
3 29 469 731
2 213 270
4 145 421 837 931
2 173 248
2 3 53
2 60 607
2 0 453
4 60 100 947 985
2 100 624
2 56 409
2 21 326
3 30 112 939
3 3 398 808
2 104 188
2 53 66
2 42 400
3 72 116 891
2 7 28
2 463 713
2 407 585
2 145 575
2 224 371
2 50 178
2 469 656
4 171 510 897 909
2 94 682
2 31 362
2 63 266
2 53 278
2 2 60
2 30 354
2 220 525
2 42 161
2 155 286
2 36 68
3 110 433 750
2 37 224
2 552 748
2 25 486
2 219 266
4 220 638 838 918
3 189 586 929
2 14 194
3 85 697 901
2 20 525
2 230 242
2 45 215
2 3 31
2 33 102
2 21 298
2 3 4
2 24 308
2 435 686
2 541 657
2 102 663
2 81 176
2 42 482
3 1 197 773
3 66 147 803
2 208 425
2 554 770
2 353 526
2 12 162
2 24 270
3 412 441 973
2 133 666
2 214 358
2 0 19
2 409 668
2 384 385
2 130 278
3 176 317 802
2 28 419
3 75 535 866
2 127 393
2 0 409
2 113 232
3 419 583 898
3 195 651 828
2 262 497
2 150 176
3 194 590 799
2 173 557
3 148 329 928
2 58 176
3 319 678 871
2 586 794
3 65 318 879
3 125 483 983
2 410 784
2 611 771
2 0 398
2 3 628
2 1 553
2 213 214
2 26 725
2 131 412
2 9 248
3 3 147 848
2 38 371
2 270 281
2 362 393
2 73 635
2 230 651
2 4 72
2 53 257
2 513 686
2 134 194
2 77 706
2 212 473
2 93 412
2 127 131
2 133 415
2 1 304
2 163 631
2 483 791
2 213 375
2 493 644
4 99 193 888 910
4 24 695 960 970
2 37 696
3 31 677 857
2 18 104
2 141 375
2 0 715
3 345 753 902
2 82 170
2 10 43
2 24 118
2 3 142
2 126 175
3 42 600 882
2 21 435
2 322 493
2 0 25
2 241 811
2 269 514
2 31 326
2 99 656
2 4 630
2 31 57
2 344 519
2 435 591
2 28 59
3 326 834 931
2 9 351
2 3 478
2 8 594
2 81 233
2 100 298
2 101 127
2 14 63
2 266 479
3 606 786 869
2 306 393
2 59 677
3 547 866 986
2 21 42
2 317 798
2 145 297
2 1 586
2 14 497
2 18 615
3 565 588 899
2 223 594
2 171 371
2 607 800
2 485 670
2 179 306
2 36 844
2 54 194
3 23 317 985
2 214 605
2 163 590
4 97 549 907 940
3 91 831 965
2 0 433
2 19 51
2 483 729
3 8 284 899
2 348 426
2 9 163
2 5 674
2 7 215
2 270 737
2 91 790
2 876 892
2 86 177
2 52 756
3 80 838 916
3 180 281 949
2 103 599
2 9 247
2 64 429
2 284 887
2 9 51
3 72 737 990
2 417 831
3 82 326 968
3 145 220 946
2 372 468
2 87 214
2 30 459
2 19 902
2 1 453
2 321 753
2 33 82
2 127 241
2 177 403
2 3 671
2 133 392
3 323 615 943
2 60 632
2 8 48
2 0 163
2 385 796
2 351 754
2 85 193
2 715 857
2 51 384
2 206 224
2 206 439
2 1 20
2 362 505
2 520 687
2 28 486
3 435 724 941
3 157 887 968
2 35 939
2 127 499
2 146 924
2 28 667
2 257 712
2 282 912
2 227 720
2 201 297
2 48 903
2 384 433
2 291 504
2 38 90
2 93 394
2 64 483
2 51 420
2 79 188
2 267 568
2 162 440
2 29 79
2 9 832
2 14 116
2 233 295
2 42 410
2 4 242
2 160 888
2 3 81
2 101 394
2 911 940
2 133 540
2 616 832
2 12 502
2 14 162
2 194 777
2 1 65
2 11 499
2 333 710
3 3 303 982
2 4 267
2 267 392
2 77 490
2 449 676
2 282 977
2 656 801
2 8 88
2 720 884
2 1 869
3 51 442 988
2 304 987
2 25 362
2 33 909
2 30 385
2 201 470
2 19 258
2 130 215
2 25 84
2 81 477
2 45 134
2 4 183
2 67 342
