600
25 1 2 3 6 8 10 12 17 42 53 54 79 83 88 104 128 134 146 165 224 240 299 371 381 501
24 0 3 4 7 20 24 25 29 32 33 44 47 57 59 129 204 259 284 311 430 437 455 491 515
21 0 4 6 11 19 25 41 56 60 111 135 151 167 170 203 269 381 404 409 423 455
48 0 1 5 7 13 15 17 18 19 21 26 27 31 36 37 38 40 55 66 67 72 77 82 89 98 109 116 131 133 135 156 158 161 167 198 207 212 235 245 261 301 341 400 425 447 450 527 589
34 1 2 5 8 9 11 13 15 20 36 39 61 71 73 90 98 99 121 138 144 150 169 176 189 208 212 229 283 300 319 364 372 380 584
26 3 4 9 10 12 23 45 48 58 69 96 97 110 140 155 200 226 252 263 289 334 359 379 394 428 546
5 0 2 63 255 342
9 1 3 16 37 103 138 330 466 547
19 0 4 14 22 27 29 80 113 115 119 145 221 244 302 316 340 412 532 565
10 4 5 30 52 65 85 211 233 545 581
6 0 5 89 105 217 525
15 2 4 31 34 40 42 75 81 139 192 206 258 262 312 392
14 0 5 16 24 26 53 55 108 130 351 398 418 454 496
7 3 4 14 28 43 100 346
3 8 13 238
19 3 4 21 64 80 85 92 97 142 151 160 163 186 255 266 283 294 308 428
2 7 12
6 0 3 18 47 147 522
8 3 17 35 114 199 303 343 559
13 2 3 28 50 86 92 185 281 323 355 386 407 487
11 1 4 22 23 32 46 130 218 235 363 401
6 3 15 45 134 413 439
6 8 20 118 197 252 541
21 5 20 49 50 79 120 168 172 215 225 270 285 286 312 376 377 409 435 483 594 598
6 1 12 104 228 253 315
6 1 2 77 159 188 319
13 3 12 30 33 35 41 48 118 122 225 466 531 572
15 3 8 57 107 112 132 145 201 204 211 218 289 349 457 580
9 13 19 87 232 265 462 477 558 596
12 1 8 87 120 179 185 195 262 358 475 521 530
3 9 26 44
15 3 11 34 38 61 88 99 162 186 191 297 341 434 561 595
5 1 20 137 261 442
13 1 26 49 59 75 76 124 148 194 215 282 452 479
17 11 31 39 81 86 103 146 188 195 208 219 324 396 405 448 481 520
11 18 26 66 93 126 166 390 449 451 511 575
7 3 4 43 52 107 291 333
6 3 7 54 64 68 295
8 3 31 46 51 56 207 282 370
6 4 34 63 73 122 490
10 3 11 58 60 313 315 356 388 421 525
3 2 26 368
6 0 11 95 102 160 339
2 13 36
8 1 30 116 174 203 299 565 573
3 5 21 471
8 20 38 68 108 161 268 567 592
4 1 17 247 550
8 5 26 72 74 246 264 399 464
11 23 33 82 95 106 112 223 272 382 413 461
6 19 23 74 106 414 530
3 38 344 505
6 9 36 182 410 531 536
5 0 12 192 267 460
7 0 37 110 117 158 173 554
8 3 12 62 78 275 310 320 507
8 2 38 91 168 196 320 464 492
5 1 27 131 154 599
9 5 40 101 141 157 191 433 450 479
5 1 33 132 143 213
2 2 40
17 4 31 65 67 69 71 102 141 175 182 216 257 273 307 309 395 425
6 55 83 139 250 465 556
12 6 39 70 125 148 150 189 238 276 325 369 384
2 15 37
6 9 61 137 237 251 393
5 3 35 222 355 514
7 3 61 119 170 187 353 419
5 37 46 93 577 580
4 5 61 360 551
7 63 121 127 147 174 275 533
10 4 61 117 124 129 205 223 338 379 561
6 3 48 111 153 242 361
7 4 39 90 257 317 365 598
5 48 50 157 274 486
4 11 33 213 549
8 33 172 183 221 256 321 389 557
2 3 25
4 55 209 374 575
5 0 23 153 292 544
5 8 15 180 305 416
5 11 34 100 272 576
11 3 49 84 94 181 202 307 347 407 422 474
2 0 62
3 82 94 246
5 9 15 159 234 543
3 19 34 403
5 28 29 418 518 529
6 0 31 91 210 327 383
6 3 10 269 297 366 489
5 4 73 279 298 553
7 56 88 114 154 216 463 522
5 15 19 166 254 412
3 35 68 304
2 82 84
10 42 49 96 142 152 288 309 310 441 480
3 5 95 345
6 5 15 169 250 296 462
4 3 4 156 502
4 4 31 143 284
8 13 81 105 115 377 451 465 582
4 58 193 205 227
3 42 61 526
4 7 34 408 446
5 0 24 152 164 453
2 10 100
3 49 50 232
3 27 36 184
2 12 46
2 3 508
2 5 54
10 2 72 113 136 177 199 311 330 333 562
4 27 49 127 431
3 8 111 499
6 18 91 144 178 229 387
5 8 100 240 285 438
6 3 44 165 352 392 429
3 54 71 253
2 22 26
4 8 67 149 236
3 23 29 239
3 4 70 523
6 26 39 123 210 351 527
1 122
4 33 71 459 469
5 63 276 391 398 571
4 35 356 415 492
4 70 112 295 504
5 0 171 327 429 503
2 1 71
6 12 20 194 248 271 416
3 3 57 177
4 27 59 162 366
6 3 136 305 336 388 585
4 0 21 336 448
5 2 3 197 496 579
6 111 133 171 308 516 545
3 32 65 301
2 4 7
4 11 62 198 230
4 5 397 473 539
3 58 61 404
2 15 95
2 59 99
8 4 114 226 239 411 500 503 505
10 8 27 219 264 265 296 346 438 549 563
4 0 34 400 471
5 17 70 214 326 367
3 33 63 345
3 119 338 453
5 4 63 258 350 440
3 2 15 386
5 95 104 241 273 292
7 72 79 163 190 313 463 577
2 57 91
3 5 196 217
4 3 98 202 423
3 58 74 447
6 3 54 281 293 306 518
8 25 85 184 187 220 278 325 588
3 15 42 491
4 3 46 278 317
4 31 132 243 394
4 15 153 248 260
4 104 287 367 597
5 0 116 180 389 427
2 35 92
7 2 3 173 179 183 287 568
4 23 56 267 493
3 4 97 382
7 2 67 256 326 458 510 517
8 128 136 231 427 498 510 542 557
3 23 76 321
5 54 167 176 291 484
5 44 70 259 478 485
4 61 231 286 403
3 4 173 538
6 111 131 201 470 481 568
2 114 290
5 29 167 209 233 263
2 80 165
1 82
4 52 61 244 277
5 76 167 323 365 488
3 107 159 502
7 19 29 329 348 399 533 583
2 15 31
3 67 159 249
2 25 34
4 4 63 375 440
1 153
3 31 58 402
6 11 53 206 304 385 562
6 101 236 242 337 488 584
5 33 130 234 251 358
2 29 34
6 56 155 200 277 316 426
3 22 135 230
3 3 139 322
3 18 111 375
2 5 196
3 27 177 324
4 82 156 249 350
3 2 44 349
4 1 27 318 328
2 71 101
6 11 192 280 476 484 534
5 3 38 237 266 578
5 4 34 220 222 528
8 78 179 245 332 437 458 512 548
2 88 122
2 9 27
4 3 4 512 552
7 59 75 228 274 397 421 590
2 147 322
3 23 33 555
2 61 91
3 10 155 357
2 20 27
4 34 145 441 574
2 159 208
3 8 76 583
3 66 208 378
3 49 71 268
2 0 426
5 23 26 363 515 593
4 5 144 306 535
2 101 376
2 24 213
2 4 114
2 139 197
3 171 175 343
2 28 106
5 9 179 254 384 419
5 85 194 500 537 541
4 3 20 439 507
4 119 193 442 506
2 65 207
3 14 63 564
3 120 144 383
2 0 115
2 152 504
2 72 193
1 162
2 8 182
2 3 209
2 48 84
3 47 354 599
2 130 163
4 187 202 335 524
5 62 97 270 354 362
2 65 194
3 5 22 495
3 24 117 477
2 92 233
4 6 15 294 362
5 76 170 373 406 498
2 61 73
7 11 150 302 475 513 569 594
3 1 174 371
2 163 314
6 3 32 314 470 511 539
2 11 29
2 5 179
6 48 145 318 408 517 523
3 28 145 288
3 15 207 303
2 53 168
2 46 223
3 2 89 445
2 23 250
3 130 566 596
3 49 81 347
2 61 152
2 74 213
2 55 70
4 63 125 513 535
5 182 196 454 576 586
2 159 161
1 90
1 206
3 19 158 290
3 33 38 424
3 4 15 563
2 1 99
2 23 115
3 23 175 293
5 164 167 434 461 501
4 95 265 348 369
4 5 27 406 497
2 178 281
5 36 173 373 374 432
2 79 152
2 158 286
4 15 255 380 493
3 37 127 340
6 97 145 339 364 417 554
5 31 89 337 443 452
4 90 328 353 480
3 0 44 402
3 4 410 456
3 3 137 579
6 8 258 395 401 424 497
4 18 266 368 592
2 93 192
2 80 133
2 158 226
2 61 82
3 15 136 331
2 61 95
2 55 95
5 1 111 332 449 558
2 11 23
2 40 153
4 260 261 370 467
2 24 40
2 8 196
2 73 161
4 204 264 457 472
5 4 25 335 445 597
2 55 56
4 76 172 385 436
2 198 214
3 19 183 378
2 34 201
3 63 159 534
2 147 170
3 88 128 490
5 204 298 372 435 508
3 185 396 483
2 7 111
2 308 342
2 209 311
2 36 111
1 5
2 249 319
2 133 134
3 193 297 574
4 71 149 391 569
3 42 296 456
3 8 295 405
2 3 31
4 6 331 344 473
2 18 231
2 51 342
3 96 148 528
2 13 145
3 82 272 361
4 185 288 414 570
4 27 203 387 430
4 150 202 478 487
3 12 122 495
1 116
2 67 298
2 247 250
2 19 66
2 40 126
1 217
3 29 194 433
1 5
1 69
2 72 347
3 250 255 543
2 20 225
3 4 296 494
2 73 183
3 89 132 393
2 147 164
2 41 303
2 63 288
2 38 314
3 0 259 420
4 4 328 390 578
2 256 291
2 78 291
2 189 199
2 23 227
3 23 100 469
3 222 323 415
2 5 71
2 4 294
2 0 2
2 49 169
2 88 239
3 63 233 468
3 192 321 431
2 19 151
2 114 349
3 40 133 411
4 76 165 532 538
2 35 372
2 125 338
2 11 116
2 65 366
2 5 162
3 61 302 542
4 34 329 460 540
2 140 213
3 12 125 509
2 48 185
2 3 146
3 20 302 564
4 191 299 420 587
3 86 175 443
2 2 141
2 34 340
2 256 289
3 19 82 422
2 103 264
2 2 23
3 52 300 516
2 144 388
2 8 92
2 21 49
2 50 348
3 126 378 485
2 80 130
1 296
2 12 87
2 67 233
2 371 402
2 40 213
5 82 407 472 529 591
3 2 156 432
2 282 302
2 3 61
2 196 224
2 165 171
2 5 15
3 116 128 572
2 1 349
2 112 385
2 291 423
2 58 358
3 31 287 546
3 23 328 436
2 321 435
4 1 209 521 536
3 115 145 506
2 21 235
2 150 189
3 95 219 474
2 32 236
2 297 403
1 570
2 269 319
1 103
2 3 157
2 34 134
3 35 311 520
3 3 58 486
2 35 100
2 33 297
2 104 149
2 12 277
2 1 2
3 300 339 514
3 27 318 467
2 170 209
1 124
2 53 396
2 49 287
2 28 97
2 91 153
2 48 56
2 62 100
2 7 26
2 314 457
1 384
2 124 377
2 177 261
2 45 146
2 318 422
4 140 342 548 556
2 82 441
2 29 258
1 206
2 28 253
2 174 350
2 33 58
3 95 298 482
2 34 177
1 480
2 23 329
2 173 206
4 174 415 524 560
3 74 450 550
2 19 350
2 183 193
1 89
2 39 327
3 1 160 494
3 56 126 509
2 168 294
2 364 491
2 252 351
2 12 135
3 289 302 588
2 171 256
1 113
2 144 234
2 0 287
2 98 184
2 128 144
3 127 241 566
2 51 144
3 236 438 537
3 55 235 540
3 109 328 591
2 398 492
2 170 171
2 35 261
2 209 212
2 258 276
2 66 456
2 1 225
2 136 410
2 170 264
3 87 158 544
2 581 587
2 34 449
2 29 437
2 17 91
2 121 264
3 249 485 551
2 10 40
1 102
2 3 122
2 208 345
2 87 422
2 29 50
2 26 52
2 8 389
2 70 185
2 206 325
2 226 276
2 52 437
2 234 506
2 176 389
2 140 261
2 396 507
2 22 234
2 171 395
3 85 362 555
3 79 518 585
2 9 136
2 5 434
1 7
2 209 473
2 75 145
2 47 486
3 69 524 559
2 212 573
1 90
2 54 296
2 215 543
3 62 473 595
2 76 171
2 28 311
2 18 551
1 485
2 31 71
2 111 192
2 145 283
3 238 401 571
2 8 44
2 271 504
1 46
2 167 177
2 258 338
2 348 444
2 125 564
2 26 429
2 44 552
2 219 337
2 35 78
2 81 277
2 68 153
2 207 372
2 135 301
2 27 68
2 9 519
1 100
2 185 221
2 4 193
2 133 544
1 277
2 402 519
2 159 497
2 3 590
2 213 589
2 422 508
3 46 303 593
2 225 592
2 23 258
2 31 556
2 28 271
2 164 319
2 23 73
2 57 247
