200
17 1 2 4 6 17 18 21 24 55 67 76 79 83 148 154 157 164
14 0 2 3 5 7 9 13 38 44 45 46 57 71 139
19 0 1 6 7 8 10 11 33 38 48 49 59 60 73 83 91 109 123 126
5 1 4 5 30 32
17 0 3 9 22 26 28 63 66 85 107 111 116 118 163 172 191 197
14 1 3 8 11 16 22 35 47 57 72 94 103 141 196
10 0 2 14 34 40 68 121 133 192 194
6 1 2 16 46 125 144
9 2 5 29 31 36 54 56 108 129
6 1 4 90 144 176 182
6 2 13 15 35 48 55
9 2 5 12 43 84 89 114 137 189
4 11 32 145 187
9 1 10 18 19 34 85 103 147 156
2 6 133
8 10 31 44 56 74 170 171 177
6 5 7 17 39 104 119
5 0 16 25 66 115
3 0 13 100
4 13 23 33 175
7 37 41 117 134 163 173 188
3 0 150 184
5 4 5 28 188 194
2 19 25
4 0 75 77 180
7 17 23 50 74 99 105 186
3 4 40 73
1 93
3 4 22 77
3 8 39 190
4 3 54 75 110
4 8 15 71 152
2 3 12
6 2 129 19 102 113 187
9 6 13 41 42 61 84 86 153 193
5 5 10 43 184 195
2 8 78
4 130 20 68 82
5 1 2 132 64 100
3 16 29 158
4 6 26 51 52
5 20 34 113 118 171
1 34
5 11 35 47 63 122
5 1 15 81 92 185
2 1 69
3 1 7 150
5 127 5 43 53 122
2 2 10
6 2 50 51 154 155 199
4 25 139 49 52
4 40 140 49 147
8 40 50 80 91 92 97 149 156
4 47 60 61 199
4 8 30 70 172
2 0 10
4 8 15 95 166
5 1 5 65 124 162
3 69 79 98
2 2 80
3 2 53 107
5 34 143 53 145 101
1 143
2 4 43
3 38 96 183
3 132 57 116
5 4 17 142 157 160
2 0 87
2 6 37
4 45 58 106 185
1 54
6 1 128 31 86 160 169
3 5 99 168
3 2 26 141
4 15 25 78 152
2 24 30
2 0 197
6 24 28 97 119 120 123
4 36 74 170 195
4 0 58 81 159
3 52 59 181
2 44 79
3 131 37 88
3 0 2 176
3 11 34 87
2 4 13
3 34 151 71
3 67 84 94
3 82 109 193
2 11 125
1 9
6 2 52 93 105 174 190
2 44 52
2 27 91
2 5 87
1 56
2 64 115
2 52 77
2 58 180
3 25 138 72
4 18 136 38 111
2 140 61
2 33 124
4 127 5 13 114
1 16
3 25 135 91
1 69
3 4 60 179
1 8
3 2 153 88
3 30 162 117
2 4 100
2 182 192
3 33 41 166
3 11 142 103
2 17 96
2 4 65
2 20 110
4 4 138 41 169
2 16 77
2 77 165
2 6 130
3 43 47 168
2 2 77
3 57 102 126
3 7 146 89
3 2 178 124
4 103 47 173 198
1 71
3 8 33 149
2 121 37
1 82
2 38 65
2 6 14
2 20 148
1 105
1 100
1 11
2 99 118
2 1 50
2 51 101
2 5 73
2 114 66
2 62 61
2 7 9
2 12 61
1 125
2 13 51
3 0 134 155
2 129 52
2 21 46
1 86
2 31 74
2 34 109
2 0 49
2 49 148
2 13 52
2 0 66
2 39 161
1 79
2 66 71
2 158 165
2 57 110
2 4 20
1 0
2 161 120
2 56 113
1 186
2 72 122
3 71 118 178
3 15 78 189
2 15 41
2 4 54
2 127 20
1 91
1 19
2 9 83
1 15
2 169 126
1 107
2 24 98
1 80
2 9 112
1 64
3 21 35 191
2 44 69
2 25 167
2 12 33
2 20 22
2 11 170
2 29 91
2 4 184
2 6 112
2 34 88
2 6 22
2 35 78
1 5
2 4 76
1 127
2 49 53
