600
47 1 2 3 5 7 17 22 26 27 29 31 32 36 41 53 75 86 88 93 98 115 125 138 152 160 174 180 201 203 210 220 236 247 248 262 270 293 317 324 354 472 475 491 499 505 554 581
12 0 4 47 136 193 223 295 370 428 457 557 595
33 0 3 4 6 8 12 20 24 27 48 70 74 78 85 90 91 114 121 228 249 250 253 277 281 320 338 414 415 423 430 437 490 567
31 0 2 7 8 9 13 14 15 54 68 70 87 89 96 103 110 117 124 128 148 174 189 195 223 294 310 342 383 485 510 592
13 1 2 5 6 37 52 62 103 158 163 204 255 348
25 0 4 10 12 14 39 45 49 55 86 110 132 137 147 205 282 296 306 311 333 357 410 489 566 572
24 2 4 9 10 11 15 22 25 28 39 44 60 64 121 153 198 220 315 321 363 422 476 587 590
17 0 3 16 17 19 21 63 76 139 146 309 320 326 379 383 575 580
11 2 3 25 33 91 127 147 232 328 352 453
22 3 6 11 16 29 38 50 59 67 82 118 134 169 221 233 266 291 367 391 421 481 569
10 5 6 18 51 75 89 104 242 365 570
12 6 9 13 32 40 118 162 252 264 337 375 407
7 2 5 93 98 99 188 323
12 3 11 20 23 28 42 60 64 100 153 355 451
21 3 5 23 24 38 41 45 46 61 123 124 179 186 192 218 292 353 382 436 448 486
20 3 6 18 19 30 37 58 65 73 79 123 127 150 170 178 186 224 239 257 401
14 7 9 21 61 73 92 95 99 245 278 281 285 366 388
6 0 7 36 138 508 543
6 10 15 62 80 438 555
6 7 15 57 181 267 272
14 2 13 31 34 63 78 128 166 231 315 365 430 449 450
6 7 16 44 112 397 584
8 0 6 159 211 316 341 386 395
17 13 14 48 56 59 84 94 97 101 109 204 244 254 329 404 522 531
4 2 14 35 155
9 6 8 26 72 126 155 235 313 323
13 0 25 33 43 137 229 304 373 378 404 408 409 445
7 0 2 97 227 245 417 561
16 6 13 30 47 51 55 80 81 95 113 152 209 274 429 494 594
7 0 9 241 257 374 446 570
5 15 28 168 574 598
7 0 20 42 66 172 225 312
8 0 11 50 94 162 215 263 348
5 8 26 35 200 398
10 20 40 46 54 101 161 183 339 485 492
18 24 33 69 77 85 145 264 299 307 343 345 387 475 479 489 556 560 573
7 0 17 158 330 458 461 551
5 4 15 324 402 571
5 9 14 69 386 400
6 5 6 49 346 556 580
8 11 34 43 53 57 197 286 548
11 0 14 151 156 173 179 182 234 273 403 541
3 13 31 140
4 26 40 102 372
4 6 21 261 286
8 5 14 76 134 148 237 344 546
11 14 34 67 83 108 303 329 347 508 583 589
3 1 28 549
4 2 23 144 461
10 5 39 74 156 226 270 374 405 502 528
8 9 32 72 169 182 191 504 564
9 10 28 52 56 82 122 135 384 596
20 4 51 58 83 87 88 109 119 126 142 149 151 203 224 262 275 325 364 371 481
5 0 40 143 183 318
2 3 34
4 5 28 172 343
2 23 51
6 19 40 71 163 283 395
6 15 52 120 439 512 554
6 9 23 104 300 389 559
3 6 13 116
2 14 16
4 4 18 116 567
9 7 20 77 81 130 178 434 503 576
8 6 13 106 187 233 547 551 585
2 15 214
3 31 432 497
3 9 46 157
6 3 129 131 237 377 393
10 35 38 71 139 171 207 244 325 363 568
11 2 3 84 112 113 133 149 225 280 381 440
2 57 69
5 25 50 389 477 562
7 15 16 166 188 212 238 252
4 2 49 290 495
8 0 10 79 140 235 356 369 406
5 7 45 105 111 512
5 35 63 298 311 522
7 2 20 108 200 217 545 590
6 15 75 231 305 385 516
4 18 28 92 159
6 28 63 115 206 471 532
6 9 51 246 301 460 533
3 46 52 145
3 23 70 297
4 2 35 271 468
6 0 5 199 201 319 502
12 3 52 221 314 350 380 405 427 428 496 529 579
5 0 52 114 334 501
8 3 10 90 100 119 347 425 571
4 2 89 141 284
4 2 8 458 470
2 16 80
7 0 12 170 208 368 536 581
3 23 32 96
5 16 28 242 336 426
6 3 94 102 105 107 507
4 23 27 249 589
2 0 12
4 12 16 195 417
5 13 89 106 483 531
5 23 34 248 435 500
4 43 96 111 414
4 3 4 107 534
3 10 59 425
5 76 96 419 431 450
3 64 100 216
9 96 103 117 122 206 226 258 267 434
3 46 78 202
5 23 52 133 173 176
6 3 5 240 303 308 353
9 76 102 164 189 190 222 321 455 487
3 21 70 459
3 28 70 120
4 2 88 199 525
2 0 81
6 60 62 196 279 294 446
7 3 107 161 272 273 550 577
3 9 11 154
3 52 89 125
2 58 113
4 2 6 136 488
5 51 107 141 160 330
5 14 15 341 371 593
8 3 14 135 146 164 217 287 596
5 0 119 202 379 537
2 25 52
3 8 15 276
6 3 20 131 251 358 460
4 68 142 269 441
4 63 227 433 438
8 68 128 191 192 366 433 447 593
5 5 256 259 360 444
6 70 109 219 260 345 429
5 9 45 150 210 293
4 51 124 529 577
4 1 121 306 381
6 5 26 154 271 472 482
6 0 17 184 215 524 583
2 7 69
5 42 75 175 180 356
3 90 122 241
3 52 129 308
2 53 297
3 48 165 517
5 35 83 194 454 569
2 7 124
5 5 8 196 299 511
4 3 45 349 422
2 52 70
2 15 134
6 41 52 318 373 416 484
6 0 28 214 238 332 464
3 6 13 176
5 118 137 236 437 562
3 24 25 194
6 41 49 222 313 314 342
6 67 177 253 269 319 585
4 4 36 171 290
7 22 80 168 277 378 394 413
4 0 122 167 478
6 34 117 177 239 275 335
4 11 32 185 332
2 4 57
4 111 124 283 542
2 144 338
3 20 73 390
1 160
4 30 159 423 506
3 9 50 213
5 15 93 209 265 328
8 69 158 185 243 380 506 520 595
4 31 55 205 514
5 41 109 229 234 340
3 0 3 469
3 140 219 525
2 109 153
6 157 161 246 504 527 549
3 15 63 184
3 14 41 451
8 0 140 187 278 280 340 462 586
1 19
4 41 50 376 548
3 34 53 228
4 138 178 198 276
8 162 171 243 288 471 513 558 576
5 14 15 208 352 440
3 64 180 521
4 12 73 284 334
4 3 111 523 564
1 111
3 50 131 399
5 14 131 193 211 408
4 1 192 287 578
2 145 155
2 3 99
7 116 147 350 518 526 528 537
3 40 331 513
7 6 184 251 463 473 518 532
5 86 114 259 335 411
4 33 78 279 289
2 0 86
2 108 125
2 0 52
3 4 23 375
2 5 172
3 81 107 232
2 69 302
2 93 186
3 28 170 377
4 0 134 454 521
7 22 192 254 385 391 484 520
2 73 517
3 169 263 412
3 65 152 483
4 32 138 247 295
2 106 274
3 78 124 411
1 14
3 133 175 304
4 0 6 258 364
7 9 87 420 432 462 535 540
2 111 156
3 1 3 336
2 15 52
4 31 70 282 400
4 49 107 396 457
3 27 130 419
3 2 183 362
2 26 173
2 515 588
7 20 79 368 376 384 480 597
2 8 206
2 9 64
3 41 173 331
2 25 75
3 0 154 326
4 45 68 349 415
5 73 152 327 333 436
2 15 161
3 110 296 399
2 29 141
2 10 95
2 171 185
3 23 69 289
2 16 27
3 82 177 424
4 0 215 300 358
4 0 101 250 266
8 2 97 291 312 351 421 465 480
2 2 248
2 128 198
2 11 73
2 2 157
3 23 211 412
2 4 431
4 132 406 435 560
4 15 29 420 456
4 107 220 507 573
3 132 199 424
1 133
1 44
2 0 52
3 32 213 268
5 11 35 362 370 563
1 170
2 9 248
4 19 107 539 546
1 263
2 129 157
2 0 49
4 85 137 441 503
4 19 117 439 469
2 41 117
2 28 216
5 52 161 307 322 488
3 127 184 339
2 2 159
2 16 180
3 116 200 292
5 70 180 382 479 526
3 2 16 478
2 5 225
3 57 164 547
3 90 188 302
2 16 418
3 40 44 491
3 124 193 444
3 185 448 536
2 200 244
4 74 158 473 575
4 9 249 310 322
3 14 279 497
2 0 134
2 3 116
3 1 215 538
2 5 240
2 84 143
1 77
2 35 147
4 59 247 354 447
1 82
2 207 284
3 46 110 344
2 26 219
2 79 584
2 5 136
5 35 275 316 351 418
2 110 142
3 7 426 574
3 3 291 443
2 5 77
3 31 249 387
2 25 156
3 87 156 493
3 6 20 409
3 22 307 505
2 0 407
2 53 151
2 86 157
2 2 7
6 6 111 369 474 494 542
2 275 291
2 12 25
2 0 37
3 52 69 394
3 7 236 397
1 238
2 8 170
2 23 46
2 36 122
4 197 234 337 392
3 152 162 498
2 5 238
2 88 188
3 161 199 453
3 95 223 552
2 11 331
3 2 165 463
2 34 276
5 173 180 413 427 519
3 22 123 357
6 3 156 466 516 539 582
3 35 55 523
4 45 303 449 524
2 35 133
1 39
2 46 89
4 4 32 403 452
3 148 237 445
2 87 196
2 249 307
4 8 186 442 544
3 14 110 416
2 0 300
1 13
3 75 140 467
2 5 341
2 128 247
1 597
2 132 476
2 388 398
2 228 264
2 6 69
2 52 220
2 10 20
2 16 131
2 9 455
2 93 231
2 75 321
2 1 264
2 52 123
3 43 393 530
2 26 151
3 29 49 401
2 11 204
2 182 231
3 68 209 500
2 26 159
2 7 125
3 87 171 487
2 70 136
2 14 280
3 3 7 594
2 51 231
2 79 211
2 22 38
3 35 312 591
2 16 361
2 59 72
1 166
2 9 211
1 331
2 68 372
2 159 325
2 22 57
1 226
2 21 326
4 33 361 464 540
2 191 240
2 38 225
2 15 374
1 37
2 41 348
3 23 26 579
2 49 87
3 75 256 474
2 11 317
2 26 192
2 26 315
2 5 550
2 199 217
2 213 254
2 159 340
2 2 102
2 2 237
2 151 353
2 27 99
4 285 307 498 592
3 105 227 553
3 221 257 456
2 9 249
2 6 148
2 2 168
3 246 259 598
2 89 104
2 95 309
2 87 340
2 1 87
2 28 133
2 2 20
2 105 255
2 66 221
2 130 131
2 63 107
2 101 256
3 14 238 509
3 2 154 470
2 18 130
2 58 272
2 70 186
2 129 271
1 352
1 310
3 132 287 501
3 26 349 465
2 29 116
2 131 300
2 14 288
2 20 344
2 20 105
3 13 179 459
1 348
2 8 335
2 145 210
2 111 367
3 257 420 477
2 1 226
2 36 91
2 112 451
2 82 128
2 36 48
4 180 221 510 559
2 198 338
3 152 398 514
2 249 445
1 342
1 356
1 85
2 174 272
2 91 437
3 81 185 499
2 0 137
2 198 290
2 321 406
2 0 35
2 6 360
3 72 456 486
3 160 281 496
4 35 280 557 572
2 231 249
3 9 52 495
1 137
2 100 214
2 151 211
3 3 34 561
3 14 477 493
2 111 380
2 121 275
2 5 35
2 2 535
3 0 286 586
2 34 519
2 314 486
2 28 321
2 74 481
2 87 478
2 66 292
3 332 418 558
2 0 471
3 101 377 599
2 88 444
3 49 86 545
2 63 271
3 50 177 563
2 0 316
2 168 171
2 96 258
2 17 46
1 436
2 3 462
2 147 565
2 58 76
2 185 197
2 172 464
2 230 544
2 79 342
3 144 212 543
3 196 198 553
2 340 492
2 171 211
2 187 210
2 23 77
2 189 343
2 138 344
2 114 175
2 196 280
1 177
2 49 196
3 87 135 568
1 372
2 23 100
2 81 198
1 82
1 103
2 221 490
3 93 288 587
2 125 196
1 295
2 267 342
2 221 398
1 41
2 164 321
2 17 517
2 352 515
2 78 502
2 45 267
2 64 283
2 40 182
2 47 177
2 117 410
3 36 64 566
1 336
2 419 518
2 0 58
1 18
2 35 39
2 1 479
3 185 498 582
2 59 462
2 35 256
2 27 485
2 72 154
2 264 504
2 50 189
1 511
2 5 551
2 2 62
2 69 529
2 9 145
2 10 29
2 37 89
2 5 479
3 35 258 588
2 30 309
2 7 290
2 63 185
2 117 135
1 193
2 87 404
2 7 39
2 0 93
2 342 558
2 46 138
2 21 305
2 64 157
2 180 491
2 6 536
2 230 573
2 46 97
2 6 78
1 387
2 3 418
2 123 131
2 28 383
2 1 171
2 51 124
2 231 359
2 30 424
1 500
