1000
62 1 2 3 4 5 6 7 9 12 13 17 18 20 24 31 41 50 53 57 67 90 92 107 124 141 151 171 201 210 234 257 274 298 317 323 332 343 377 384 414 439 486 492 494 497 502 510 513 538 565 568 699 788 813 846 857 869 885 891 988 990 993
31 0 8 13 14 16 23 25 34 62 71 103 134 139 153 157 181 335 348 355 379 450 454 468 469 484 498 622 664 674 844 940
25 0 3 9 19 22 40 72 79 107 108 155 177 183 191 277 297 326 465 688 707 724 747 753 790 801
50 0 2 4 5 10 15 32 43 44 52 56 64 83 106 137 144 154 160 161 177 248 251 292 304 311 321 372 420 430 502 509 510 539 597 609 631 675 745 751 763 790 800 835 842 849 905 913 963 972 992
52 0 3 6 8 10 12 21 24 29 30 44 51 58 63 68 73 78 97 99 114 135 149 153 159 171 194 219 252 269 290 322 360 365 415 421 430 488 497 521 545 577 610 638 649 659 686 735 740 752 761 897 938
82 0 3 7 14 16 20 23 28 35 36 37 41 65 66 67 84 92 93 95 99 102 103 109 115 118 135 149 157 163 174 176 183 184 211 224 227 236 244 284 308 311 345 353 369 393 396 399 405 415 416 432 436 461 471 481 547 551 557 578 597 612 629 639 663 673 703 706 714 724 762 763 764 791 821 854 882 886 893 928 955 983 997
23 0 4 11 25 30 31 38 43 84 291 328 427 550 601 630 636 658 663 676 789 822 825 935
20 0 5 27 52 76 127 133 146 154 245 312 349 435 540 605 651 792 829 945 954
17 1 4 11 28 39 69 95 242 254 263 288 294 350 452 499 528 535
20 0 2 15 17 60 213 252 256 260 300 318 338 369 706 722 770 784 826 885 979
11 3 4 54 60 73 325 366 680 687 812 827
15 6 8 58 61 80 120 125 138 235 272 330 594 695 861 949
12 0 4 54 65 214 300 473 531 721 744 878 915
18 0 1 48 71 88 89 98 102 112 184 284 467 573 576 726 843 871 907
25 1 5 18 42 101 124 140 223 225 261 266 268 306 351 445 463 529 579 761 768 818 830 831 908 953
15 3 9 32 110 114 148 187 196 211 243 465 608 659 717 892
6 1 5 19 51 105 282
18 0 9 21 33 78 86 89 106 205 207 239 254 315 504 561 647 682 903
14 0 14 49 72 260 544 581 595 608 655 796 803 916 925
17 2 16 22 34 37 42 150 230 345 364 448 524 572 585 590 747 757
3 0 5 781
16 4 17 26 27 29 48 193 216 267 270 410 411 588 844 849 850
8 2 19 278 402 406 476 546 766
6 1 5 26 57 131 511
18 0 4 39 74 75 147 156 165 232 385 386 419 438 584 592 732 866 892
8 1 6 50 402 464 601 617 884
3 21 23 196
11 7 21 47 53 59 76 123 137 281 370 694
2 5 8
2 4 21
11 4 6 35 40 45 61 190 331 341 380 522
10 0 6 33 93 104 371 484 544 777 897
19 3 15 38 66 145 160 178 212 261 277 290 422 450 463 464 677 806 957 984
12 17 31 45 136 175 189 308 337 453 546 615 784
20 1 19 49 87 172 195 206 366 423 538 542 585 632 735 839 853 883 904 909 926
4 5 30 36 142
9 5 35 97 113 132 215 780 868 967
33 5 19 74 86 129 155 158 213 234 247 253 282 293 333 334 354 367 407 444 462 491 514 515 677 682 701 749 752 754 852 883 900 974
10 6 32 98 126 168 200 566 639 807 859
3 8 24 434
15 2 30 59 152 172 231 249 285 291 295 437 483 650 817 910
8 0 5 563 622 654 678 795 820
22 14 19 46 55 81 85 91 118 131 186 255 314 353 417 424 478 623 645 649 685 743 845
12 3 6 56 63 122 294 316 705 748 931 946 950
13 3 4 46 64 164 200 249 256 336 387 535 643 645
9 30 33 47 140 233 286 356 523 573
14 42 44 85 136 147 152 180 202 208 328 444 701 968 990
12 27 45 70 122 128 190 233 361 513 552 774 936
27 13 21 55 62 70 82 91 96 119 188 258 265 323 343 367 371 374 411 534 589 624 630 634 806 914 923 933
9 18 34 251 326 383 457 564 578 708
5 0 25 322 363 515
7 4 16 205 206 376 850 953
5 3 7 90 614 929
6 0 27 226 445 505 859
5 10 12 88 156 548
5 42 48 223 327 607
15 3 43 77 115 162 179 264 273 329 363 561 564 713 909 931
14 0 23 80 111 169 170 349 435 455 481 567 600 653 949
13 4 11 130 138 241 390 409 425 575 651 658 890 906
10 27 40 111 112 117 242 264 321 446 560
3 9 10 104
14 11 30 79 96 197 217 327 499 555 599 624 635 686 738
7 1 48 81 129 434 575 723
10 4 43 83 388 472 477 720 832 838 882
4 3 44 244 420
6 5 12 125 305 493 942
9 5 32 68 69 77 116 185 477 605
10 0 5 94 173 199 217 426 495 559 749
9 4 66 182 238 279 342 360 518 893
7 8 66 191 237 395 769 917
9 47 48 128 410 593 612 788 862 926
8 1 13 82 281 687 823 971 985
4 2 18 451 491
4 4 10 87 301
8 24 37 75 94 388 669 827 848
6 24 74 180 307 672 746
4 7 27 920 987
9 56 66 150 170 214 470 800 902 904
17 4 17 109 197 232 339 375 382 460 480 503 537 660 769 830 878 932
8 2 61 265 267 370 407 479 617
8 11 57 123 199 656 666 709 728
11 42 62 134 227 273 480 489 711 834 983 994
5 48 71 100 453 621
4 3 63 309 648
7 5 6 208 280 286 309 750
8 42 46 142 148 167 330 379 536
2 17 37
5 34 73 145 588 657
5 13 54 325 557 887
12 13 17 101 130 186 215 221 238 283 352 632 838
3 0 52 372
7 42 48 272 352 398 870 995
5 0 5 105 250 846
5 5 31 262 263 814
13 67 74 100 119 133 163 237 248 262 332 412 623 811
3 5 8 225
7 48 61 271 287 302 429 440
2 4 36
5 13 38 139 204 306
5 4 5 110 127 168
15 82 94 117 194 240 479 488 576 580 607 660 662 689 718 810
5 14 89 389 414 754
12 5 13 116 126 187 204 257 313 320 668 791 825
4 1 5 181 358
8 31 60 108 159 182 341 494 680
7 16 92 121 175 283 525 756
12 3 17 113 144 151 166 174 304 337 664 951 975
5 0 2 132 198 549
2 2 104
3 5 78 347
4 15 99 121 560
14 57 59 188 334 342 348 373 440 559 600 606 744 895 960
5 13 59 120 739 822
6 36 106 486 836 933 952
5 4 15 275 302 476
7 5 56 143 339 606 819 977
3 66 102 604
5 59 100 314 540 861
3 5 42 203
3 48 94 166
6 11 112 185 221 903 964
2 105 110
13 43 47 143 236 250 344 358 392 428 562 824 895 923
2 27 80
2 0 14
5 11 65 203 259 375
8 38 102 222 296 616 633 856 977
2 7 99
4 47 70 209 381
7 37 62 222 271 312 742 860
8 58 89 141 173 176 377 618 688
12 23 42 212 324 338 344 346 534 554 644 710 876
12 36 107 389 398 483 500 528 671 889 890 968 974
6 7 94 161 229 579 817
2 1 81
3 4 5 864
5 33 46 192 245 609
7 3 27 165 235 289 469 837
5 11 58 406 462 693
5 1 98 448 599 943
6 14 45 431 514 577 862
13 0 130 146 162 202 301 362 457 587 619 698 872 943
3 35 85 685
6 115 122 218 228 274 393
2 3 106
4 32 87 293 672
2 7 141
4 24 46 229 716
6 15 85 178 303 401 823
5 4 5 158 461 725
2 19 77
4 0 106 485 731
3 40 46 198
8 1 4 164 169 210 646 674 981
2 3 7
9 2 37 189 220 299 385 519 633 881
14 24 54 167 276 387 543 584 758 767 874 894 911 936 942
4 1 5 771 967
3 37 149 195
5 4 104 193 319 783
2 3 32
4 3 133 661 964
2 56 141
4 5 94 431 567
2 44 153
5 24 137 224 455 867
5 106 119 179 192 239
2 85 156
6 38 99 228 333 589 814
5 57 153 331 653 775
5 57 77 201 433 582
2 0 4
3 34 40 324
6 67 130 218 456 553 924
2 5 106
2 33 105
4 5 130 266 475
4 2 3 285 985
4 32 148 845 888
4 56 166 482 610
8 46 75 207 460 665 745 782 934
4 1 103 279 520
4 68 104 305 743
6 2 5 446 620 655 727
13 5 13 220 362 365 403 417 458 590 731 805 868 898
4 66 120 505 984
3 42 89 357
5 15 102 429 733 916
7 48 111 246 378 719 978 998
7 33 155 246 318 340 507 621
4 30 47 458 896
2 2 69
2 136 166
12 21 159 240 315 489 509 539 545 786 794 842 880
3 4 100 563
6 34 158 216 230 278 840
5 15 26 558 642 732
2 61 78
7 107 152 269 280 473 627 908
4 67 80 496 697
3 38 44 316
5 0 170 219 536 720
4 46 141 421 526
5 118 125 320 551 973
5 98 102 400 700 939
9 17 51 209 307 422 493 531 718 776
7 34 51 413 474 611 640 989
11 17 180 226 243 391 504 569 582 679 740 863
2 46 84
3 128 205 447
3 0 153 437
7 5 15 400 408 595 604 957
10 32 131 270 364 386 532 533 666 781 815
2 9 37
4 12 77 313 451
2 36 89
3 21 195 503
6 61 67 258 368 708 765
8 143 173 276 409 426 467 900 969
2 4 201
2 155 184
4 89 120 383 574
4 126 129 357 779
2 14 55
3 5 165 259
6 14 95 231 298 419 519
4 53 207 442 899
7 5 81 275 289 413 443 466
5 143 168 433 452 471
3 133 147 296
3 19 195 241
3 40 225 378
8 24 78 432 438 487 802 851 891
3 45 47 317
4 0 37 602 694
3 11 137 833
2 5 122
2 69 94
3 68 89 329
3 17 166 253
4 100 193 571 813
2 58 230
2 8 59
2 15 207
4 5 64 295 404
3 7 136 247
5 188 189 673 712 797
3 37 245 490
4 3 94 392 976
2 40 44
3 92 122 847
12 3 49 255 268 297 336 351 355 439 449 865 935
5 4 9 346 401 518
2 37 239
5 8 17 556 696 919
3 42 251 803
3 9 44 368
7 0 102 390 683 684 770 940
2 48 217
6 125 224 310 347 391 516
4 9 18 638 667
3 14 32 637
4 93 94 737 755
4 8 93 418 625
6 56 59 498 780 810 963
9 48 79 299 459 525 565 676 729 816
3 14 176 773
3 21 79 441
2 14 251
4 4 198 787 997
10 21 212 287 397 447 524 530 619 647 980
2 96 129
3 11 91 741
4 56 81 474 508
2 0 143
4 114 227 902 986
2 156 218
4 2 32 568 915
2 22 195
5 68 181 303 693 937
2 84 198
4 27 71 288 937
4 16 37 571 778
5 89 105 292 496 748
2 5 13
4 40 177 751 995
7 45 84 423 501 516 652 914
3 96 270 730
4 8 281 335 924
2 137 227
4 4 32 779 865
3 6 40 485
6 3 283 319 381 711 976
2 37 145
6 8 43 356 542 799 966
3 40 244 665
4 126 229 412 681
3 2 251 760
4 0 225 441 620
3 155 265 691
5 9 12 487 562 671
2 73 141
3 96 114 772
3 148 279 374
4 3 106 384 834
4 65 182 428 802
3 14 98 805
2 75 205
3 5 33 408
5 83 84 310 506 728
2 259 309
2 3 5
4 7 129 403 796
5 102 214 405 508 856
4 42 117 443 506
2 17 193
3 43 200 361
3 0 233 554
3 9 189 459
3 159 292 648
2 102 203
5 3 59 350 394 530
2 4 50
2 0 48
4 131 172 782 999
2 10 88
3 2 49 881
5 55 61 399 472 699
4 6 46 359 541
8 56 238 500 628 742 809 873 901
3 11 85 628
2 30 169
5 0 94 418 548 641
5 37 168 340 395 520
3 37 111 917
3 1 288 558
2 44 251
3 33 106 766
3 9 131 373
4 78 115 667 799
5 189 333 354 470 690
7 30 104 522 586 777 840 872
4 68 111 583 922
4 0 48 517 662
3 122 131 566
5 5 19 591 736 759
2 131 252
2 109 259
3 1 111 756
6 7 57 425 527 705 775
2 8 321
2 14 251
6 89 91 359 537 583 654
3 5 42 640
3 37 340 681
3 1 251 533
5 45 294 404 454 722
2 186 222
6 103 122 382 396 939 948
3 328 352 442
2 4 68
3 47 316 394
6 141 184 517 523 715 772
4 50 56 495 910
6 19 212 376 613 627 961
2 4 184
5 10 34 795 855 998
2 37 48
3 217 256 593
4 5 9 635 764
5 27 79 380 424 912
2 31 48
2 3 90
2 111 338
2 48 303
2 78 125
2 51 364
3 0 130 634
3 188 231 570
2 1 85
2 30 370
3 128 292 729
2 78 358
5 49 221 550 636 787
4 0 304 466 759
2 24 155
2 24 212
6 44 156 574 797 835 841
3 63 74 874
3 101 132 801
2 58 257
3 207 259 989
2 122 248
4 5 143 541 695
2 321 361
3 69 333 753
5 5 358 397 555 851
3 270 396 958
2 91 132
8 5 327 449 456 587 646 675 824
3 204 211 811
2 148 252
3 22 25 697
2 184 312
5 244 356 547 793 819
3 5 313 586
5 22 138 468 527 581
3 37 79 927
2 211 308
2 58 218
4 21 70 739 854
2 21 48
3 94 296 569
3 206 227 543
8 0 101 416 512 717 758 947 958
2 4 5
2 5 414
2 42 184
5 263 332 475 714 757
4 24 225 552 831
2 3 64
6 4 202 707 712 762 767
3 32 205 427
3 34 286 760
2 42 370
2 58 349
2 67 218
3 6 422 482
3 122 305 436
2 96 187
6 3 4 553 626 736 858
3 140 163 875
4 5 232 501 657
2 170 228
2 39 62
4 7 57 532 855
3 5 428 889
2 40 210
2 24 232
3 0 251 901
2 96 111
2 267 298
2 226 359
3 227 314 478
3 37 46 733
3 14 53 741
2 59 183
2 209 270
2 19 139
2 251 399
3 1 32 934
2 72 214
2 8 228
2 33 82
5 1 356 490 507 918
2 57 165
3 173 399 876
4 49 141 572 750
2 184 190
3 265 318 549
3 78 180 973
2 5 149
2 37 138
4 14 32 734 852
2 25 32
3 2 15 580
5 227 384 511 529 625
3 13 218 492
2 1 406
2 1 137
4 77 340 512 776
2 5 228
2 63 327
3 12 198 670
2 206 273
3 176 418 594
2 22 114
3 63 66 598
2 42 443
8 79 100 526 661 679 807 833 948
2 78 81
2 5 57
2 179 427
3 40 132 986
3 1 31 668
3 151 291 521
3 0 113 804
5 232 300 808 941 951
3 4 100 618
3 81 193 704
3 247 454 702
3 37 72 920
3 0 467 768
3 65 205 629
2 0 104
2 67 363
3 199 283 703
2 0 4
3 1 264 652
3 8 61 921
4 132 329 596 911
4 286 432 656 959
2 0 3
2 78 216
3 17 207 556
2 53 185
2 309 314
2 189 454
2 273 313
2 3 193
2 0 3
4 23 466 678 898
4 414 470 828 841
2 0 47
3 37 140 771
2 37 50
2 259 286
2 343 362
2 68 252
2 155 225
5 181 333 684 848 877
2 4 485
2 30 341
2 45 362
3 19 270 919
2 105 265
2 202 479
5 349 406 614 888 922
2 8 132
2 14 466
2 270 321
5 12 205 637 690 982
2 212 435
5 212 355 596 727 884
2 48 131
2 8 44
2 85 201
2 78 352
2 0 34
2 3 193
2 7 117
2 328 393
6 34 294 774 867 899 946
2 156 413
4 18 31 734 879
2 4 193
5 22 33 603 710 959
2 5 404
2 54 332
3 107 459 591
3 6 383 738
3 5 203 993
2 47 419
2 173 430
3 131 317 611
2 61 396
2 254 504
3 5 88 641
3 196 335 650
3 67 111 570
3 59 110 996
2 17 56
5 122 300 598 696 907
3 41 194 785
2 49 56
6 0 265 631 643 723 725
3 38 344 925
2 57 163
2 0 277
3 207 412 702
3 378 559 950
3 240 282 746
3 19 457 691
2 13 45
2 221 387
4 58 62 615 979
2 13 100
2 4 140
3 5 49 839
4 14 133 602 603
2 100 465
2 18 406
2 170 207
2 342 352
2 24 156
2 19 34
2 341 405
2 141 399
4 21 87 871 962
2 48 168
3 19 184 992
5 345 549 592 616 704
3 24 591 789
2 70 368
4 11 475 944 982
5 18 211 613 887 994
2 500 533
3 3 5 826
3 477 562 815
2 61 139
2 57 111
3 6 25 864
2 234 579
2 546 579
2 116 211
2 7 66
2 111 115
2 55 100
2 15 18
2 3 136
2 4 179
2 206 554
3 5 70 719
3 364 595 873
3 52 527 730
4 33 575 626 832
3 126 591 869
3 25 79 698
3 130 488 905
2 141 270
4 183 298 644 700
3 82 189 969
2 1 41
4 42 94 642 820
5 48 61 773 816 821
3 263 466 853
2 430 615
2 198 364
3 329 330 783
3 5 493 828
2 6 48
2 3 565
3 34 89 689
2 126 155
2 48 377
4 61 369 683 755
2 6 383
3 261 531 692
4 4 260 715 956
2 5 38
2 206 353
2 332 557
3 196 623 930
2 44 565
4 131 620 670 955
4 42 44 669 913
2 153 399
2 17 270
2 83 319
3 4 42 952
2 40 558
2 7 58
3 286 498 880
2 57 169
3 41 352 972
3 18 183 962
2 80 501
2 87 432
2 6 58
2 4 15
4 78 100 804 812
3 161 479 906
2 100 343
2 5 6
2 1 106
2 180 295
3 80 212 785
2 260 339
3 102 484 858
2 74 645
2 473 644
4 132 300 792 875
2 75 145
3 5 246 709
3 1 153 863
2 3 399
2 6 265
3 32 37 921
2 41 511
2 207 479
2 10 104
3 296 354 692
3 17 37 794
3 257 635 944
2 257 520
2 42 142
4 4 61 737 870
2 10 71
2 2 130
2 100 632
2 340 531
2 299 572
2 637 681
3 138 279 929
2 27 234
4 11 393 786 808
3 254 562 928
2 199 402
2 141 617
2 0 327
2 204 620
3 37 46 713
3 490 569 860
2 5 496
4 489 591 809 877
2 43 349
2 5 9
2 2 421
2 49 217
2 80 673
3 131 546 716
2 81 292
2 246 421
2 56 701
4 5 418 726 896
2 362 638
2 147 710
3 15 414 798
2 100 205
5 188 612 721 866 941
2 63 201
2 12 719
2 9 356
2 62 565
3 2 5 765
2 149 565
3 13 714 778
2 183 533
5 80 309 857 965 970
2 265 381
3 287 614 965
2 151 184
2 24 196
2 187 444
2 463 544
4 4 34 818 912
2 345 430
2 262 686
3 61 550 843
2 112 410
2 4 207
2 272 445
2 129 329
2 42 182
3 12 111 798
2 3 180
2 75 571
2 2 19
3 43 283 793
2 37 67
3 84 457 970
2 3 285
2 4 37
2 2 395
2 37 101
2 262 635
2 105 348
2 19 418
3 156 414 847
2 345 384
2 297 423
2 4 14
2 5 421
2 3 5
2 5 369
2 217 724
2 22 337
2 156 421
3 14 492 886
2 69 78
2 9 257
2 157 514
2 302 362
2 266 624
2 47 542
3 169 349 932
2 205 470
2 31 341
2 282 726
2 222 290
2 36 264
2 20 212
2 180 324
3 159 628 930
2 9 33
2 563 666
2 193 695
2 269 383
2 0 70
2 6 592
2 2 3
2 5 102
3 7 671 991
3 404 748 829
2 193 682
2 41 366
3 18 312 954
3 246 387 879
2 717 744
2 294 339
2 3 77
2 2 389
2 232 305
2 18 255
2 486 660
2 184 306
2 32 48
2 38 479
3 487 695 945
2 329 704
2 100 264
2 94 400
2 10 660
2 0 240
2 93 168
2 212 598
2 265 624
2 40 133
2 14 735
2 115 404
2 41 623
2 5 624
2 6 112
3 71 148 836
2 122 399
2 6 102
2 9 597
2 10 74
3 512 629 975
2 7 793
2 14 78
2 14 419
2 63 615
3 235 479 960
4 81 304 837 918
2 3 387
2 113 823
2 137 834
2 63 89
2 34 578
4 195 341 894 938
3 387 512 971
2 3 193
2 13 738
2 1 21
2 42 178
3 0 92 981
2 250 758
2 74 520
3 3 21 927
2 21 51
2 232 396
2 37 463
2 34 625
2 5 410
2 366 435
2 126 313
2 0 728
2 430 668
2 38 53
2 129 702
2 11 117
2 70 140
2 207 674
2 135 601
2 251 290
2 24 719
2 165 542
2 36 184
3 0 616 947
2 91 686
2 13 588
2 141 341
2 329 613
2 156 388
2 431 671
2 131 456
2 520 704
2 12 78
2 544 797
2 193 652
2 155 326
2 5 63
3 34 37 966
2 25 533
3 0 9 987
3 5 768 988
3 88 595 991
2 178 527
2 132 436
2 58 132
2 0 232
2 15 24
2 5 68
2 156 840
3 111 122 978
2 190 714
2 4 31
2 184 511
2 226 542
2 37 218
2 329 439
2 77 275
3 17 120 980
2 34 77
2 3 618
2 58 661
4 13 562 956 961
2 14 198
2 34 56
2 40 363
2 156 500
2 370 735
2 3 645
2 48 286
2 12 277
2 18 187
2 69 334
2 454 834
2 254 524
2 76 491
2 499 677
2 342 527
2 48 122
2 173 288
2 18 566
2 34 70
2 407 849
2 5 696
2 52 693
2 642 783
2 43 56
2 78 775
2 48 113
2 180 450
2 6 251
2 47 156
2 279 281
2 4 840
2 204 358
2 1 257
2 487 719
2 65 156
2 139 141
2 594 683
2 7 808
2 43 542
2 414 869
2 358 479
2 11 57
2 43 570
2 106 487
2 113 649
2 14 51
2 7 796
2 5 644
2 638 907
2 32 211
2 397 414
2 501 546
2 111 833
2 364 907
2 588 655
2 3 264
2 120 161
2 728 730
2 294 883
3 36 157 996
2 46 132
2 218 621
2 728 750
2 71 841
2 3 654
2 203 460
2 37 132
2 106 828
2 248 292
2 115 126
2 188 895
2 9 575
2 270 903
3 153 846 999
2 531 594
2 5 81
2 32 185
2 71 177
2 275 483
2 76 885
2 0 886
2 206 391
2 0 46
2 792 887
2 3 590
2 0 551
2 81 595
2 91 285
2 560 967
2 5 269
2 188 366
2 324 981
