200
17 1 2 3 4 5 6 8 10 16 20 29 58 69 73 98 119 136
7 0 7 11 17 59 101 108
12 0 3 8 13 15 24 37 63 65 86 129 177
20 0 2 4 5 12 21 26 32 55 56 63 80 93 96 123 172 177 178 183 195
25 0 3 6 7 10 14 16 19 26 30 31 34 47 54 59 67 76 81 97 123 136 139 162 170 187
17 0 3 11 22 33 38 42 43 45 49 54 62 93 114 117 120 165
17 0 4 9 17 19 20 23 38 91 153 158 159 165 176 179 180 192
8 1 4 9 35 43 90 105 142
5 0 2 12 81 181
6 6 7 30 77 84 152
4 0 4 75 140
8 1 5 25 83 106 125 127 194
7 3 8 21 47 68 79 129
6 2 15 25 57 151 173
6 4 18 28 66 118 183
4 2 13 116 132
3 0 4 168
7 1 6 29 116 128 153 155
2 14 68
5 4 6 24 27 110
6 0 6 42 46 144 187
8 3 12 23 33 74 86 127 128
3 5 53 174
3 6 21 149
9 2 19 61 87 91 124 134 163 190
7 11 13 39 41 49 52 162
5 3 4 142 32 102
2 19 88
8 14 41 44 82 98 118 158 191
4 0 17 97 109
4 4 9 51 150
2 4 133
2 3 26
7 5 21 34 35 36 48 133
5 4 138 33 64 78
4 7 33 65 112
8 33 57 60 75 130 178 188 189
3 2 82 155
3 5 6 88
2 143 25
3 51 78 107
6 25 28 84 107 113 199
2 5 20
2 5 7
4 28 89 92 122
4 5 48 94 180
2 20 64
5 4 12 85 92 132
2 33 45
3 5 25 70
2 148 103
3 30 40 62
7 25 146 74 99 103 104 167
3 22 113 134
3 4 5 184
2 3 77
1 3
2 13 36
2 0 135
3 1 4 73
2 36 69
2 24 99
3 5 51 131
4 2 3 87 197
2 34 46
2 2 35
3 14 95 186
1 4
5 12 18 147 161 168
4 0 143 60 76
1 49
1 140
2 79 170
3 0 59 124
3 141 21 52
3 10 36 94
2 4 69
3 9 55 182
3 34 40 100
2 12 72
7 3 83 102 106 108 126 192
5 4 138 8 104 115
2 28 37
2 11 80
3 9 41 171
3 47 188 198
2 2 21
4 24 63 172 199
5 27 38 164 137 191
1 44
2 7 101
3 6 24 135
2 44 47
2 3 5
3 45 75 117
1 66
2 3 105
2 4 29
2 0 28
2 52 61
2 157 78
3 1 147 90
2 26 80
3 149 50 52
2 52 81
2 7 96
2 11 80
2 40 41
3 1 141 80
2 29 190
1 19
2 159 175
1 35
2 41 53
2 5 126
1 81
2 17 15
2 5 94
2 14 28
2 0 120
2 5 119
2 173 131
1 44
4 3 4 145 156
2 24 73
2 11 171
2 80 114
3 11 21 169
2 17 21
2 2 12
1 36
3 152 62 121
2 15 47
2 31 33
3 24 53 198
3 139 58 91
2 0 4
1 88
2 34 81
2 4 135
5 10 71 160 166 196
2 108 74
2 7 26
2 69 39
3 20 169 185
1 123
1 52
3 68 101 163
1 50
2 23 103
2 30 154
1 13
4 9 131 193 196
3 6 17 184
2 150 156
2 17 37
2 154 123
1 100
2 6 28
2 6 111
1 140
1 68
2 4 25
2 24 147
2 88 186
2 5 6
1 140
1 52
2 16 68
2 144 127
2 4 72
2 84 125
2 3 87
2 13 121
1 22
1 111
1 6
2 2 3
2 3 36
1 6
2 6 45
1 8
1 77
2 3 14
2 153 54
1 144
2 164 66
2 4 20
2 36 85
1 36
2 24 109
2 28 88
2 6 80
1 152
1 11
1 3
2 140 152
1 63
2 85 134
2 41 87
