600
40 1 2 3 4 8 13 19 24 25 26 27 29 31 41 59 87 95 100 104 115 127 139 148 167 181 211 221 234 245 256 284 296 324 375 379 426 436 454 491 568
17 0 3 4 16 20 23 25 30 35 46 74 75 162 288 320 398 460
26 0 6 8 12 15 27 36 99 107 115 125 143 147 148 154 155 165 194 216 228 254 315 354 414 479 535
24 0 1 5 28 39 45 57 71 81 85 103 113 152 153 234 238 248 249 271 290 298 566 576 580
28 0 1 5 6 9 13 22 38 40 43 53 56 80 108 124 128 130 189 208 225 270 300 330 391 441 448 456 521
38 3 4 7 10 11 18 37 70 84 97 159 199 207 212 215 225 231 269 295 304 307 318 333 341 389 390 408 412 413 420 437 443 448 456 485 504 549 599
28 2 4 7 10 11 16 20 23 26 35 51 55 68 82 94 118 129 175 232 254 383 393 412 438 467 468 474 575
13 5 6 48 51 125 143 174 176 187 367 429 445 465
13 0 2 9 12 15 17 24 91 96 129 184 434 471
11 4 8 19 68 78 134 214 278 319 445 472
15 5 6 14 21 28 66 103 189 193 215 236 364 459 508 509
14 5 6 36 63 79 98 108 159 210 281 310 444 447 538
7 2 8 14 18 64 102 124
4 0 4 212 485
6 10 12 62 82 314 316
6 2 8 50 69 279 349
13 1 6 17 21 30 32 58 100 123 138 219 256 460
22 8 16 32 33 59 64 65 69 81 89 96 101 136 145 165 269 354 408 411 444 498 529
7 5 12 22 44 52 150 206
7 0 9 42 173 274 393 575
21 1 6 29 34 38 42 44 53 60 78 133 188 252 273 287 322 373 446 551 563 595
17 10 16 31 66 70 177 210 223 306 308 326 351 367 402 424 550 579
7 4 18 101 155 200 275 509
11 1 6 33 56 87 120 162 179 180 194 374
10 0 8 92 111 126 130 277 285 426 477
9 0 1 55 62 72 201 362 440 589
16 0 6 39 63 67 83 90 114 128 160 164 316 352 404 443 487
12 0 2 98 151 163 261 301 507 510 520 545 593
6 3 10 73 131 174 403
11 0 20 37 61 102 132 150 163 176 449 475
5 1 16 34 230 252
8 0 21 40 109 111 184 186 531
10 16 17 60 80 158 244 280 315 394 534
6 17 23 88 349 357 513
6 20 30 83 293 307 377
6 1 6 92 144 239 293
14 2 11 46 50 86 138 156 201 205 218 433 452 502 590
9 5 29 43 58 72 185 251 511 585
5 4 20 47 167 370
12 3 26 41 49 61 65 121 142 286 336 350 378
9 4 31 45 347 372 487 493 518 599
12 0 39 73 76 90 93 160 325 359 492 536 546
3 19 20 48
16 4 37 47 141 151 222 247 251 284 297 309 381 421 496 580 594
6 18 20 49 67 178 516
8 3 40 57 84 209 255 423 512
7 1 36 77 113 245 299 500
7 38 43 122 353 380 411 506
6 7 42 157 161 396 476
6 39 44 93 231 279 394
17 15 36 114 117 139 157 229 264 265 296 301 320 346 369 382 442 501
2 6 7
5 18 122 153 203 360
14 4 20 54 147 204 227 276 283 308 327 370 388 520 533
1 53
7 6 25 172 185 218 246 502
5 4 23 71 76 415
5 3 45 99 353 495
9 16 37 112 149 152 196 222 434 525
7 0 17 77 141 173 479 537
3 20 32 104
6 29 39 118 220 419 557
15 14 25 74 116 119 146 249 259 262 268 311 494 500 531 563
7 11 26 75 107 198 202 512
6 12 17 94 343 439 541
5 17 39 275 276 478
6 10 21 294 365 473 585
5 26 44 134 470 513
8 6 9 182 202 247 375 501 565
8 15 17 170 177 346 358 363 383
4 5 21 384 559
6 3 56 178 227 376 547
11 25 37 105 133 186 188 224 313 430 452 594
7 28 41 223 272 328 402 561
4 1 62 89 259
3 1 63 135
3 41 56 309
10 46 59 79 121 145 255 271 313 395 422
8 9 20 91 117 226 304 318 483
6 11 77 131 183 342 567
9 4 32 95 127 169 289 384 467 572
7 3 17 126 154 226 397 401
4 6 14 85 204
2 26 34
5 5 45 106 261 418
10 3 82 86 144 149 240 352 369 416 451
5 36 85 120 199 381
4 0 23 266 332
5 33 97 105 192 273
2 17 74
4 26 41 172 193
4 8 78 156 208
7 24 35 142 491 515 528 562
3 41 49 270
4 6 64 136 489
5 0 80 228 292 335
4 8 17 233 458
4 5 88 224 295
3 11 27 206
3 2 57 357
5 0 16 110 220 565
4 17 22 132 166
2 12 29
6 3 10 217 253 355 397
4 0 60 248 330
5 72 88 232 241 400
3 84 466 556
6 2 63 110 112 267 539
7 4 11 109 116 146 517 539
7 31 108 238 242 424 438 484
7 100 107 229 342 368 431 569
6 24 31 168 179 257 258
3 58 107 168
8 3 46 140 200 207 356 505 511
4 26 50 239 571
6 0 2 170 230 371 380
5 62 108 182 430 523
2 50 78
5 6 61 119 337 339
4 62 118 135 464
6 23 86 137 345 366 515
5 39 77 123 338 355
4 47 52 339 483
7 16 121 158 219 263 267 409
4 4 12 540 564
3 2 7 480
2 24 81
6 0 80 258 303 435 559
4 4 26 203 344
4 6 8 180 190
2 4 24
4 28 79 198 546
4 29 101 181 187
2 20 72
6 9 67 302 379 454 560
2 75 119
2 17 94
6 120 140 216 373 477 533
9 16 36 169 175 191 240 312 410 428
3 0 50 471
3 113 137 196
4 43 59 300 450
5 39 92 195 197 564
3 2 7 171
2 35 85
2 17 77
2 62 108
2 2 53
2 0 2
4 58 85 348 549
2 18 29
3 27 43 338
2 3 58
2 3 52
6 2 81 242 274 335 359
2 2 22
4 36 91 371 476
4 48 50 382 416
3 32 123 552
5 5 11 253 323 435
4 26 41 161 579
5 48 160 317 363 519
2 1 23
5 27 29 164 268 282
4 26 163 328 551
5 2 17 195 197 522
9 101 192 213 345 361 431 503 542 544
2 0 38
3 111 112 486
6 80 138 209 306 433 583
3 69 115 578
1 143
2 55 90
4 19 59 442 569
6 7 28 233 250 289 527
4 6 138 281 578
4 7 29 312 584
3 21 69 190
2 44 71
3 23 111 348
4 23 129 260 366
6 0 132 400 406 428 469
3 68 116 263
4 79 297 376 457
2 8 31
2 37 55
3 31 72 489
4 7 132 365 550
5 20 72 211 286 298
5 4 10 191 385 571
2 129 177
4 138 189 341 510
6 88 166 221 407 432 488
4 10 90 530 583
3 2 23 235
5 142 165 329 540 587
3 58 140 243
2 142 165
4 63 131 423 495
2 5 86
2 22 113
6 25 36 246 277 417 504
6 63 68 214 264 390 449
3 52 128 432
3 53 82 336
5 36 266 278 314 321
3 18 98 283
2 5 113
3 4 91 398
4 45 169 405 523
7 11 21 329 334 385 407 532
2 0 188
4 5 13 285 557
2 166 244
6 9 202 260 265 272 415
3 5 10 317
2 2 137
4 103 243 516 553
2 36 55
2 16 123
3 61 100 577
4 0 192 250 591
4 43 58 236 343
3 21 73 469
4 72 97 387 562
2 4 5
4 78 81 414 474
2 53 71
3 2 95 326
2 50 110
5 30 115 280 333 440
5 5 49 262 310 548
4 6 105 237 311
3 96 174 427
4 0 3 319 388
2 194 421
4 10 222 241 327
4 232 291 325 364
2 3 109
2 35 114
2 85 138
2 105 236
4 109 154 257 473
2 196 217
3 32 213 586
3 0 46 584
2 55 201
3 43 68 586
3 3 104 555
2 3 62
3 174 221 413
3 37 43 453
2 20 30
2 103 159
3 2 6 392
2 45 77
3 0 16 554
5 111 242 468 481 596
3 111 127 577
4 62 74 282 591
2 180 214
4 27 84 302 303
5 62 231 294 331 542
2 123 182
5 50 202 499 518 587
6 50 214 292 334 451 588
3 87 205 459
6 107 123 362 497 558 570
3 62 163 299
3 5 17 484
3 4 93 525
3 3 77 453
5 73 214 321 429 544
4 20 88 572 573
2 19 154
2 22 65
4 53 65 290 475
3 24 201 323
3 9 205 522
2 15 49
5 32 230 392 458 537
2 11 175
2 163 259
4 53 206 378 521
2 0 43
3 24 212 427
3 39 188 360
3 20 305 387
2 1 404
7 80 174 322 344 356 437 514
2 3 276
2 237 351
2 95 265
3 34 35 598
5 66 262 374 417 507
3 5 97 372
2 0 50
3 43 183 396
2 3 188
3 46 268 332
3 4 141 548
2 27 50
4 134 261 337 470
5 127 261 389 490 592
2 5 78
2 287 361
2 21 169
3 5 34 480
3 21 53 386
2 43 76
4 11 231 462 526
2 62 232
6 138 176 340 478 561 592
2 72 77
2 14 205
3 2 32 324
2 14 26
3 161 215 395
4 5 78 350 595
4 9 234 498 568
2 1 50
2 205 272
3 20 289 482
2 159 277
2 0 315
2 41 237
2 21 228
3 53 236 419
3 73 164 596
2 195 210
2 4 104
1 262
3 87 299 401
4 5 230 409 581
4 210 265 472 528
2 95 154
2 39 204
4 118 302 420 481
2 121 151
3 118 122 556
1 312
3 5 191 566
3 79 110 494
3 64 222 543
2 128 289
2 120 166
2 50 69
2 40 446
2 149 179
2 15 33
2 39 318
2 21 291
2 26 85
3 47 57 418
2 2 17
2 103 121
2 113 289
9 33 99 358 377 422 425 464 553 570
2 69 357
2 41 154
2 52 286
2 166 305
3 25 267 582
2 69 161
2 10 237
2 66 187
2 120 180
2 7 21
2 110 391
8 50 85 406 436 441 462 490 524
2 38 53
2 115 156
2 40 295
2 20 137
2 23 294
4 0 68 457 573
2 71 183
3 34 357 447
2 39 283
2 0 134
2 47 115
2 43 86
2 50 157
4 6 69 517 581
2 70 80
4 189 210 461 486
1 308
2 224 287
2 53 234
3 5 303 555
2 5 202
3 4 368 598
2 254 280
2 6 19
3 32 49 463
6 77 317 450 514 530 535
2 48 297
3 81 103 455
2 1 208
1 574
2 105 181
2 81 332
3 21 73 492
3 28 558 567
2 26 288
1 209
2 181 369
2 192 210
2 5 17
2 123 333
1 138
2 17 47
2 5 6
2 5 250
3 2 226 588
2 56 214
2 85 157
2 201 294
2 84 353
3 61 327 519
2 5 337
2 43 235
2 77 357
2 45 198
2 21 109
2 357 493
2 0 24
2 233 285
2 138 181
2 7 272
2 72 116
2 110 166
2 192 203
2 36 169
3 8 58 529
2 127 159
2 0 369
2 5 289
2 6 109
1 64
2 25 230
2 4 369
2 50 173
2 5 26
3 11 17 497
3 7 9 536
2 20 347
2 11 377
3 4 5 455
6 29 202 482 488 534 545
2 141 395
2 85 265
2 36 72
2 251 271
2 0 134
3 397 448 505
3 4 5 526
2 183 375
2 96 280
2 10 266
2 1 16
1 385
3 310 369 576
1 394
2 119 357
2 7 506
1 106
2 6 80
2 6 257
2 181 223
2 67 302
2 8 139
2 9 334
2 66 242
3 6 226 597
2 29 276
2 48 156
2 24 137
4 65 312 496 593
3 2 59 524
2 125 307
2 257 337
2 322 449
2 78 122
2 109 269
2 5 13
3 168 385 574
2 26 40
2 192 449
2 94 186
2 303 369
3 0 92 597
3 41 402 499
2 40 425
2 62 342
2 57 198
2 43 478
2 267 444
2 17 319
3 264 492 508
2 46 62
2 50 68
2 36 55
1 166
2 5 201
2 113 455
2 47 465
3 27 294 552
2 10 499
2 10 22
2 27 191
2 37 113
2 45 63
2 33 67
2 289 395
2 92 120
2 44 217
2 108 383
2 40 264
2 161 419
2 27 53
2 4 283
2 165 278
2 116 209
2 369 479
2 58 270
2 310 456
1 174
2 92 334
2 17 434
2 193 395
2 31 62
1 210
2 53 137
2 32 449
2 2 395
3 41 445 543
2 59 280
1 11
2 107 108
2 124 195
1 64
2 166 262
2 343 536
2 166 272
2 27 449
2 41 131
1 71
2 231 300
3 5 149 554
2 21 187
2 20 164
2 158 507
2 217 357
2 256 549
2 248 389
2 106 339
2 61 212
2 267 403
2 70 127
1 134
2 73 312
2 92 224
2 20 62
2 124 142
2 68 100
2 3 341
2 79 403
2 0 319
2 110 173
2 267 357
2 114 189
2 80 273
2 273 375
2 399 486
2 6 19
2 3 462
2 220 258
2 170 175
2 21 160
2 3 43
2 333 383
1 362
2 169 193
2 176 245
2 37 66
3 244 247 589
2 195 264
2 265 414
2 25 586
1 36
2 221 259
2 303 312
2 27 478
2 43 72
2 20 318
2 257 328
2 474 491
2 293 391
2 5 40
