200
17 1 2 10 14 16 17 18 19 26 59 64 80 99 114 117 147 193
10 0 3 23 30 42 46 49 68 94 197
11 0 3 4 6 22 24 28 36 44 58 189
16 1 2 5 7 8 15 20 41 44 72 90 95 106 108 119 154
13 2 5 7 8 11 13 16 34 56 60 64 78 194
9 3 4 31 34 83 142 145 163 169
8 2 10 25 89 93 168 169 173
5 3 4 12 49 90
10 3 4 21 39 45 57 72 88 134 190
3 40 108 141
5 0 6 27 111 194
8 4 15 18 22 27 29 57 115
8 7 19 41 88 91 117 142 186
4 4 25 36 77
3 0 55 112
2 3 11
10 0 4 23 39 47 73 75 85 127 137
2 0 67
5 0 11 38 62 121
6 0 12 24 54 55 82
4 3 35 37 52
5 8 33 63 70 86
5 2 11 65 110 122
5 1 16 26 32 38
5 2 19 30 48 143
4 6 13 37 87
7 0 23 43 47 73 178 185
3 10 11 31
8 2 67 114 120 123 126 177 197
4 11 32 76 158
4 1 24 50 159
6 5 27 71 74 149 174
2 23 29
7 21 71 79 98 101 107 146
2 4 5
4 20 65 187 189
5 2 13 42 43 155
2 20 25
6 18 138 23 56 157 180
4 8 16 53 84
2 9 139
4 3 12 126 132
5 1 36 144 76 92
5 26 36 123 178 199
4 2 3 75 184
8 8 134 135 61 79 81 164 192
6 1 137 66 96 156 170
2 16 26
1 24
6 1 7 150 50 102 161
2 30 49
1 151
1 20
2 39 162
5 19 87 94 165 176
4 14 19 77 103
2 4 38
3 8 11 167
1 2
3 0 103 166
1 4
4 45 84 185 199
3 18 80 83
4 21 160 96 124
4 0 4 113 121
2 22 35
2 136 46
2 17 28
2 1 78
2 111 195
3 21 99 174
4 31 33 146 156
5 3 8 166 102 129
3 16 26 74
5 139 31 73 128 183
5 16 147 44 81 85
2 29 42
3 13 136 55
3 4 68 110
3 33 45 198
5 0 151 160 62 172
5 144 45 171 75 120
1 19
3 5 62 186
4 39 159 61 95
3 16 152 75
4 21 97 101 112
2 25 54
8 133 8 12 145 93 105 181 184
5 6 155 104 107 109
3 3 7 128
4 12 172 105 180
2 42 116
2 6 88
2 1 54
2 3 84
3 46 63 191
2 86 190
1 33
3 0 70 115
1 154
2 33 86
3 49 72 125
3 55 59 196
2 89 182
3 88 91 122
1 3
5 133 33 170 89 118
4 3 9 168 176
4 161 163 89 198
3 22 78 188
2 10 69
4 14 140 86 129
1 64
2 0 28
2 11 99
1 92
5 0 12 193 130 132
1 107
2 3 143
3 28 149 81
2 18 64
3 22 141 105
2 28 43
2 63 175
2 179 102
2 28 41
1 16
3 148 74 90
2 72 112
1 117
1 157
2 41 117
3 107 88 173
2 8 45
1 45
2 66 77
2 16 46
1 38
2 40 74
1 112
2 9 122
2 5 12
2 24 119
2 42 81
2 5 88
2 33 71
2 0 75
1 128
2 31 120
1 49
2 51 80
2 85 192
1 165
2 3 100
2 36 89
2 46 71
3 38 131 183
1 29
3 30 84 188
2 63 80
2 49 109
1 53
3 5 109 182
1 45
2 153 54
2 59 72
1 57
2 6 108
2 5 6
2 46 107
1 81
2 80 91
2 133 6
2 31 70
2 124 177
2 54 108
2 28 175
2 26 43
1 125
2 38 91
1 88
2 163 104
2 157 74
2 44 88
2 26 61
2 12 83
1 35
2 159 110
2 2 35
2 8 97
1 96
2 45 152
2 0 117
2 4 10
1 69
1 103
2 1 28
2 79 109
2 43 61
