100
6 1 2 4 8 57 61
10 0 3 4 10 11 12 17 22 36 80
6 0 3 16 18 82 87
6 1 2 7 11 34 39
11 0 1 9 13 29 31 58 59 60 77 96
4 21 52 53 68
7 7 8 28 37 48 49 58
5 3 6 24 55 57
6 0 6 15 28 46 75
2 4 92
2 1 59
4 1 3 41 74
3 1 23 39
4 4 19 31 44
1 75
1 8
3 2 47 86
2 1 89
3 2 43 56
2 13 89
5 21 51 66 80 88
7 5 20 23 25 26 29 38
2 1 81
2 12 21
4 70 7 25 97
6 73 21 24 56 65 90
4 21 37 60 83
2 33 62
2 6 8
2 4 21
2 42 61
4 4 13 41 64
2 62 63
2 27 38
1 3
1 67
2 1 73
7 6 26 79 44 54 84 94
2 21 33
3 3 12 91
1 84
2 11 31
2 30 47
2 70 18
2 13 37
2 87 49
1 8
3 16 42 94
2 6 54
4 6 82 45 53
1 83
1 20
2 5 93
3 5 71 49
3 37 48 68
2 7 85
2 18 25
3 0 7 79
2 4 6
2 4 10
4 4 26 67 98
2 0 30
3 27 32 96
1 32
1 31
1 25
1 20
2 35 60
2 5 54
1 88
4 43 24 76 99
1 53
1 78
2 36 25
1 11
4 8 14 77 78
1 70
3 4 75 85
3 72 75 93
2 57 37
2 1 20
1 22
3 2 49 98
3 26 50 95
2 37 40
2 77 55
1 16
2 2 45
2 20 69
2 17 19
1 25
1 39
1 9
2 78 52
2 37 47
1 83
2 4 62
1 24
2 82 60
1 70
