1000
87 1 2 3 4 5 6 9 11 14 17 18 26 30 34 35 42 44 47 51 53 70 75 76 88 103 114 117 130 159 162 173 178 181 196 206 208 222 263 284 286 304 307 311 319 321 323 343 354 370 371 412 425 444 450 481 482 492 498 512 526 531 607 633 651 656 676 688 748 753 755 758 762 790 812 827 828 834 846 873 877 879 915 918 952 964 965 969
11 0 3 23 77 90 93 152 201 374 421 621
20 0 4 5 10 16 21 34 106 108 136 168 246 334 377 594 686 732 858 874 912
74 0 1 8 12 15 21 22 27 29 30 33 37 46 49 52 55 60 63 69 78 79 83 89 92 104 105 107 110 131 142 144 147 212 216 224 287 292 293 300 308 355 369 382 388 404 411 415 427 431 448 475 485 491 527 556 567 573 591 592 625 653 671 682 686 740 748 765 807 844 855 886 927 953 990
50 0 2 10 11 12 14 17 32 39 43 50 61 102 113 126 146 153 164 170 186 214 227 232 237 244 251 255 256 260 266 293 318 346 384 409 422 440 457 497 499 588 624 746 772 787 788 886 910 973 985
27 0 2 6 7 9 28 36 38 60 76 94 188 315 325 326 367 436 532 608 660 701 745 840 892 909 913 926
78 0 5 7 19 23 27 48 54 65 72 79 80 83 98 112 117 126 128 129 137 139 140 155 158 159 171 173 182 195 202 228 232 240 241 255 261 276 282 294 300 309 317 324 346 373 375 389 390 429 438 446 456 464 466 467 520 531 541 600 610 611 615 618 623 633 652 705 718 759 777 792 815 817 864 897 937 951 977
32 5 6 8 15 19 25 26 62 74 86 116 118 123 138 156 171 203 204 217 240 283 303 361 385 405 455 576 602 634 830 887 991
21 3 7 20 24 32 38 57 85 110 122 125 142 253 254 257 359 402 422 470 478 946
4 0 5 13 717
14 2 4 31 68 78 81 156 205 220 252 360 439 646 936
25 0 4 13 24 25 31 37 45 55 184 194 207 211 231 266 314 454 539 567 612 726 774 814 877 892
26 3 4 16 29 42 74 118 121 161 226 234 258 303 329 335 336 377 463 495 496 673 690 747 817 936 963
17 9 11 22 47 62 102 138 153 215 277 285 347 765 836 856 888 966
20 0 4 18 28 56 95 154 181 191 222 235 438 589 628 641 719 852 858 959 976
32 3 7 20 36 52 71 80 86 107 212 225 242 243 249 273 351 356 362 410 416 430 442 503 504 510 525 641 749 840 846 871 956
2 2 12
6 0 4 160 250 625 938
13 0 14 40 44 49 94 98 151 664 712 800 875 907
16 6 7 39 53 82 101 168 324 445 525 548 564 630 640 666 787
7 8 15 69 96 151 542 582
11 2 3 33 46 87 135 238 534 558 572 628
2 3 13
8 1 6 87 129 169 236 457 744
15 8 11 41 84 91 184 187 199 367 406 462 681 883 899 959
8 7 11 45 97 146 251 328 349
9 0 7 35 64 134 314 339 462 580
4 3 6 176 487
15 5 14 93 121 217 238 528 697 806 828 834 863 950 970 976
11 3 12 41 75 88 115 124 235 274 458 806
3 0 3 714
14 10 11 84 155 233 295 298 343 481 505 578 614 876 999
7 4 8 40 178 271 428 596
21 3 21 63 66 67 70 119 148 166 208 264 331 332 392 563 629 638 716 757 883 954
6 0 2 216 225 230 412
10 0 26 176 263 278 341 427 609 736 779
32 5 15 56 71 77 85 104 105 135 147 182 185 344 348 352 394 399 472 486 511 536 544 547 552 665 706 733 775 782 816 884 991
13 3 11 58 313 341 401 420 469 675 689 711 715 970
7 5 8 73 95 189 190 213
13 4 19 58 59 185 262 267 268 284 426 473 545 668
10 18 32 43 59 136 211 363 388 441 598
4 24 29 229 727
8 0 12 57 108 243 621 694 934
7 4 40 64 115 319 496 616
15 0 18 112 183 213 260 264 272 308 396 398 485 497 777 838
8 11 25 48 152 183 233 477 581
14 3 21 51 61 65 99 100 210 281 393 440 452 490 529
13 0 13 50 67 111 187 228 304 479 559 597 755 790
9 6 45 122 175 270 299 538 548 808
16 3 18 92 101 207 215 252 270 301 310 347 490 702 881 903 974
12 4 47 54 89 141 149 170 195 585 696 725 743
2 0 46
3 3 15 139
9 0 19 81 90 154 192 390 461 924
19 6 50 149 164 177 186 200 325 397 398 430 538 637 703 735 742 831 839 961
7 3 11 66 163 202 209 696
3 14 36 715
4 8 42 199 524
17 37 39 73 134 145 190 237 244 315 337 472 574 753 775 801 811 872
9 39 40 302 310 317 461 700 780 901
5 3 5 72 571 759
8 4 46 82 100 179 245 707 929
2 7 13
12 3 33 91 132 163 489 573 631 750 921 923 979
5 26 43 68 226 342
8 6 46 114 127 246 489 756 890
8 33 55 360 395 670 845 880 928
15 33 47 113 119 141 143 161 338 435 460 475 560 562 579 697
7 10 64 381 385 533 662 784
2 3 20
9 0 33 206 318 328 507 575 680 939
10 15 36 197 248 290 329 362 717 837 851
3 6 60 285
7 38 58 262 403 557 681 881
11 7 12 123 175 269 449 533 663 682 683 932
6 0 29 103 157 595 648
7 0 5 99 349 356 673 980
2 1 36
4 3 10 192 995
15 3 6 96 109 120 165 197 289 296 658 667 703 767 911 917
4 6 15 399 459
11 10 53 125 130 193 221 253 321 494 620 867
11 19 61 106 120 157 326 376 386 749 829 985
3 3 6 563
3 24 31 933
4 8 36 491 929
9 7 15 111 257 274 460 493 772 914
5 21 23 145 148 495
9 0 29 380 465 517 636 678 850 972
12 3 50 97 160 174 378 382 508 515 595 649 657
10 1 53 133 165 219 535 584 650 718 967
4 24 63 223 298
6 3 49 174 345 479 552
7 1 28 408 442 550 795 833
5 5 18 109 250 589
10 14 38 116 137 167 279 291 330 739 900
8 20 79 193 288 403 536 861 864
2 25 89
3 6 18 365
3 46 76 302
5 46 61 150 333 540
9 19 49 150 351 369 395 419 916 955
3 4 13 218
4 0 75 603 770
7 3 36 198 439 690 699 876
6 3 36 128 566 572 708
8 2 82 204 258 292 344 444 624
6 3 15 301 357 368 374
5 2 42 471 577 687
2 79 94
10 3 8 223 402 604 635 730 766 784 983
3 47 86 350
11 6 44 166 265 269 316 443 477 502 534 735
3 4 67 837
4 0 65 124 305
5 29 43 205 393 665
19 7 95 140 143 180 200 249 289 383 453 470 476 523 524 553 565 617 754 951
6 0 6 198 411 413 859
4 7 12 131 767
8 33 67 350 418 619 745 902 923
10 79 82 127 322 371 407 480 513 704 737
3 12 28 710
9 8 48 167 242 297 410 466 860 930
5 7 74 234 239 339
3 29 114 313
2 8 81
3 4 6 214
6 65 120 144 247 631 844
2 6 105
6 6 23 354 464 522 757
8 0 81 132 133 312 528 642 675
3 3 118 158
5 63 130 307 456 654
9 90 130 210 221 280 283 353 630 660
4 26 58 247 984
6 21 36 554 734 769 796
5 2 40 169 549 960
6 6 95 505 516 891 986
2 7 13
3 6 52 945
5 6 116 468 823 872
5 50 67 606 873 897
2 3 8
6 67 116 647 677 695 905
6 3 127 220 372 670 982
3 58 87 441
4 4 25 836 957
3 3 36 172
3 33 87 546
3 50 54 480
6 100 101 196 288 340 467
4 18 20 647 880
2 1 45
2 4 13
4 14 53 203 295
4 6 31 537 551
2 7 10
4 75 82 272 471
5 6 131 254 379 435
10 0 6 162 188 209 320 476 498 570 926
4 17 89 508 540
9 12 67 241 389 500 723 849 871 908
3 0 159 494
5 55 63 191 847 860
2 4 54
2 79 90
4 33 112 532 607
3 95 122 764
2 2 19
3 23 136 378
3 4 50 450
6 6 7 172 177 189 832
6 147 171 201 227 323 724
5 0 6 180 549 638
5 89 92 219 320 420
6 48 74 358 545 720 879
2 27 35
7 54 171 179 278 290 365 557
6 0 32 259 423 484 613
7 61 177 230 299 592 680 760
9 116 173 231 275 618 662 667 668 739
3 0 14 941
3 6 36 706
3 44 45 514
8 11 24 194 352 437 483 768 866
3 36 39 955
4 4 54 645 768
3 24 47 643
8 5 159 453 520 560 605 642 819
4 38 171 512 992
4 38 58 224 843
8 14 163 256 414 428 728 919 977
3 53 78 938
5 81 96 218 593 626
6 11 184 236 523 615 721
4 6 50 629 920
13 0 150 239 276 312 333 408 569 605 654 741 764 865
2 71 79
2 104 117
3 24 57 810
4 54 116 632 734
5 1 172 606 906 921
4 6 55 603 746
4 7 154 424 679
8 7 106 306 392 419 443 561 568
5 10 115 437 542 771
2 0 70
5 11 49 550 786 898
2 0 33
3 55 159 511
12 46 133 259 364 400 432 436 463 517 521 804 870
4 11 40 280 927
2 3 15
3 38 44 368
2 4 126
2 13 49
2 3 34
3 7 28 691
2 102 193
9 90 174 245 267 401 425 458 474 812
9 10 144 291 404 527 720 953 992 998
9 81 133 248 273 297 342 484 597 601
4 0 14 661 987
3 91 110 968
7 3 190 229 271 521 669 685
4 15 34 468 763
2 12 64
2 4 172
2 6 47
2 41 224
4 34 179 469 913
3 11 180 268
6 4 6 345 499 731 915
3 31 45 396
6 12 123 384 575 663 832
3 14 29 397
4 23 194 908 989
4 4 58 355 931
3 21 28 579
2 123 196
2 6 7
4 6 161 386 657
3 15 122 693
9 15 42 261 275 364 394 416 488 730
4 4 58 309 975
8 61 219 277 348 353 478 659 694
4 2 65 286 322
2 127 134
2 71 221
4 15 116 366 599
3 17 94 743
2 4 25
2 10 49
5 8 81 281 452 981
3 8 158 869
13 4 6 265 279 282 316 338 486 529 613 637 716 742
4 4 191 381 569
4 8 86 361 455
3 12 106 580
2 178 210
2 4 44
3 6 243 601
2 39 73
2 0 35
4 33 44 296 334
8 112 255 306 537 750 798 904 986
11 4 11 287 337 363 554 562 626 664 797 895
3 39 219 973
5 39 231 327 449 698
4 74 112 526 791
4 48 49 417 688
5 32 224 311 804 943
5 44 157 294 380 967
2 15 221
3 29 86 327
7 180 243 406 535 568 602 797
2 6 196
2 13 245
6 35 177 335 383 712 802
5 95 255 785 826 896
3 133 211 722
4 46 253 373 627
2 6 255
3 7 133 792
2 0 39
3 13 72 376
3 0 246 434
6 3 266 447 501 646 868
2 96 150
2 79 116
4 71 177 305 492
3 95 220 421
3 3 106 332
2 3 4
5 6 272 611 952 975
3 31 154 577
3 79 264 884
2 122 221
5 31 91 330 465 949
2 48 179
2 3 6
3 49 107 779
7 59 99 375 596 692 733 821
5 7 12 391 566 766
2 0 47
2 114 290
3 204 265 702
4 0 132 331 507
3 3 44 776
6 6 244 414 773 922 930
2 49 59
6 0 271 357 379 474 964
3 130 196 417
3 37 124 415
2 11 26
5 5 58 661 781 906
4 112 255 372 459
3 6 59 993
5 4 70 366 433 679
3 0 43 740
5 159 174 340 387 431
2 0 81
5 120 246 423 565 981
2 0 172
4 6 19 358 413
3 5 54 593
2 5 82
2 268 274
4 25 70 387 658
3 12 71 776
2 95 298
2 33 307
3 33 292 754
3 100 196 336
3 2 264 530
2 12 278
2 12 333
2 58 266
5 67 255 655 893 958
3 26 123 581
9 150 320 400 409 502 514 649 928 999
3 35 37 370
3 64 221 640
2 0 31
4 36 106 571 623
2 92 232
2 4 6
3 13 49 644
2 36 245
5 25 76 584 586 935
5 111 119 418 424 756
3 15 101 503
3 36 184 803
6 133 245 359 482 519 822
3 0 129 863
3 3 237 405
7 15 76 432 587 627 932 988
3 107 311 857
4 175 324 610 854
3 8 353 894
2 10 66
4 7 257 708 710
2 15 71
3 40 266 583
3 210 243 539
2 98 177
2 249 318
2 5 24
3 107 213 651
2 3 101
9 0 341 501 506 518 785 856 894 954
2 0 120
4 144 316 445 506
3 6 281 941
9 1 107 429 447 541 683 691 799 969
2 6 302
3 82 285 391
3 2 12 727
3 89 169 802
2 158 311
2 88 272
4 68 256 516 960
8 3 89 434 543 652 825 852 963
8 116 278 407 513 544 666 824 848
5 4 234 762 912 998
2 7 68
2 82 241
6 320 328 543 564 684 839
3 3 40 558
3 6 161 920
2 6 53
5 303 376 555 789 815
2 33 204
2 46 115
2 36 243
3 66 101 729
3 44 233 794
3 54 235 645
3 44 54 426
3 36 80 509
2 210 340
4 37 219 451 823
3 8 110 451
4 73 96 547 752
4 3 220 672 889
5 7 355 488 622 695
8 24 275 483 553 555 583 707 816
4 120 383 783 859
4 93 196 726 914
2 4 340
2 15 122
4 3 117 500 616
3 0 34 515
4 117 324 643 830
3 191 309 433
3 3 313 677
3 15 243 711
3 270 312 947
5 119 350 570 659 868
5 101 204 487 632 934
3 37 174 845
3 1 291 722
5 4 8 600 672 699
2 178 322
3 203 350 636
3 0 219 989
2 39 398
3 3 35 448
3 32 191 965
3 6 374 653
2 15 54
5 3 320 446 741 842
2 210 356
3 318 414 518
2 286 382
3 67 158 997
2 5 210
2 184 205
3 6 14 546
2 10 104
2 4 46
2 40 145
2 15 93
5 112 204 473 559 853
3 0 106 454
3 19 372 493
5 6 431 870 887 948
3 287 374 888
4 3 427 614 701
3 74 268 924
2 0 170
3 401 402 902
2 46 253
4 116 188 635 791
2 11 444
2 7 257
3 6 132 612
4 4 23 582 939
3 29 219 639
3 80 316 689
3 67 86 793
2 53 59
4 24 26 519 847
3 12 210 510
3 6 129 891
2 88 298
2 6 122
4 6 150 770 885
2 140 225
2 37 230
6 8 116 551 556 922 983
2 108 157
3 36 58 782
2 39 443
2 219 311
2 3 67
2 116 159
5 45 112 648 685 820
3 8 245 620
4 47 92 590 833
2 120 149
2 0 31
3 0 353 674
2 184 406
3 178 221 634
3 3 44 509
2 36 255
2 27 419
3 243 405 504
3 63 65 882
3 46 49 736
6 3 85 530 671 769 905
2 0 290
2 86 445
2 81 162
4 12 87 771 971
3 12 43 946
3 4 44 925
5 0 159 591 705 796
3 4 232 737
3 161 411 713
2 287 370
3 112 340 729
3 15 351 725
3 15 488 522
3 31 137 576
2 370 372
4 70 307 587 901
2 89 160
2 399 485
4 15 463 561 692
3 36 209 865
2 0 189
2 120 383
3 183 340 944
2 89 412
2 137 381
2 88 210
3 370 433 940
2 353 462
2 6 188
2 210 224
2 129 504
3 116 194 994
2 57 116
3 15 19 693
3 0 269 724
3 3 220 586
2 28 130
3 46 255 714
3 334 491 578
5 0 6 608 747 778
2 5 166
4 68 74 723 850
2 21 112
3 90 275 698
2 36 96
2 155 265
2 48 54
4 11 364 590 604
2 100 160
4 6 374 818 862
2 20 205
3 382 387 942
3 36 383 619
4 39 175 574 684
4 148 438 801 825
5 36 403 805 831 848
3 19 48 838
3 136 173 609
4 93 207 650 961
2 155 470
2 36 92
3 116 406 761
5 135 266 588 827 984
3 391 406 867
2 3 470
2 73 177
2 21 388
2 47 443
2 67 188
2 204 510
2 67 266
3 33 83 800
4 19 387 594 622
2 116 322
2 105 303
3 3 11 786
3 204 275 857
3 196 256 721
2 159 418
3 60 344 704
3 21 105 585
2 3 63
3 58 545 656
2 70 234
2 7 505
6 108 295 599 904 943 944
2 31 530
2 67 238
4 26 258 851 972
4 45 339 639 820
2 20 457
2 363 406
2 90 349
5 50 572 744 808 971
4 349 527 700 809
2 356 507
2 4 554
2 14 94
2 479 539
5 3 498 598 732 909
2 3 179
2 193 325
2 2 564
2 75 89
3 32 302 738
2 47 221
2 40 591
2 249 577
2 6 422
4 221 261 669 911
3 7 275 738
3 103 202 996
2 110 539
5 188 196 655 761 798
4 141 201 617 674
3 0 166 949
2 5 531
2 35 549
2 6 358
3 6 294 763
4 11 456 728 829
2 178 255
4 31 448 644 809
3 6 194 855
2 43 411
3 116 606 751
2 6 180
2 119 544
2 81 478
2 1 42
4 405 564 910 917
3 6 344 794
4 4 106 758 978
3 3 17 835
3 193 266 805
2 281 356
3 14 21 719
2 33 195
3 19 133 890
3 63 127 843
2 200 419
2 0 6
3 7 484 783
2 110 453
2 88 424
3 54 255 821
3 33 173 813
3 458 581 731
2 19 342
2 14 15
3 130 188 919
2 187 413
2 347 614
2 186 397
5 10 287 842 994 996
3 143 151 678
3 75 477 793
2 89 340
2 90 550
3 0 368 676
2 6 382
2 3 429
2 132 196
3 338 605 781
3 0 574 760
2 89 241
4 79 328 853 866
2 245 418
3 5 133 962
2 222 315
2 68 180
3 74 234 918
2 18 266
2 36 115
2 19 383
3 79 180 885
3 39 180 709
3 224 601 811
3 66 144 950
2 3 491
2 404 422
3 12 76 875
4 482 606 687 818
3 37 130 778
2 0 651
3 143 415 935
3 88 647 854
2 203 318
2 70 179
2 24 73
3 3 74 982
2 74 374
3 387 545 893
2 224 477
2 2 3
2 108 674
3 0 270 709
3 37 459 780
2 12 104
2 217 374
2 302 510
2 242 525
2 42 245
2 143 405
2 50 55
2 28 67
3 268 535 878
2 104 422
2 59 586
2 5 448
2 49 306
2 54 79
2 120 571
2 6 498
4 36 182 962 979
2 61 406
3 105 361 751
3 668 688 713
2 121 361
2 37 416
2 18 278
3 500 709 925
2 30 529
3 37 56 814
2 33 255
2 9 71
2 6 90
4 14 628 803 882
3 175 220 896
2 194 569
2 280 421
2 161 533
3 172 526 988
2 50 503
2 11 408
2 41 377
2 191 612
4 395 502 752 869
2 110 243
2 232 639
3 2 591 799
2 36 302
3 135 200 813
4 54 112 774 795
2 35 490
2 120 499
4 596 602 931 942
2 95 180
3 3 319 788
3 196 431 974
2 54 255
2 50 250
4 23 585 789 907
2 5 119
2 4 202
2 12 531
2 0 3
2 15 82
3 63 265 889
2 617 708
2 403 729
3 0 58 810
2 116 332
2 0 47
2 65 350
2 33 129
2 0 624
3 6 60 773
3 179 656 862
2 553 605
2 0 384
2 225 611
2 167 196
2 3 13
2 110 303
2 79 118
2 184 186
2 135 491
3 103 467 807
2 205 495
2 4 86
2 309 759
2 11 735
2 36 58
2 308 329
2 6 44
2 531 675
2 35 301
2 59 689
2 315 655
2 36 472
3 407 634 995
2 68 110
3 279 370 819
2 207 567
2 4 19
2 4 740
2 391 744
2 0 47
4 269 453 824 956
3 6 283 822
4 460 648 826 849
2 396 623
2 93 735
3 135 498 990
2 266 275
3 265 605 841
3 374 732 835
2 18 563
3 58 546 937
4 278 378 978 987
3 352 719 841
2 210 271
2 547 626
2 28 29
2 3 770
2 48 585
2 586 614
2 199 753
2 58 669
2 0 219
2 638 734
2 11 715
2 6 391
2 36 406
2 6 12
2 541 674
2 188 785
2 477 581
2 302 637
2 353 792
2 140 401
2 383 791
3 382 546 916
2 279 793
2 0 554
4 0 28 878 900
2 82 612
2 7 413
2 54 547
2 171 234
2 93 479
2 0 28
2 625 799
2 13 146
3 71 113 861
2 44 548
2 54 387
3 5 15 947
2 798 803
2 431 646
2 190 631
2 3 127
2 66 420
2 0 15
3 163 462 874
3 383 547 993
2 161 793
2 88 533
2 71 580
2 14 382
2 443 658
2 358 678
2 3 615
2 13 370
2 357 568
2 2 14
2 117 407
2 122 163
2 96 837
3 541 760 899
2 28 354
2 6 96
3 196 511 895
2 184 658
2 81 555
2 287 418
2 254 729
2 210 446
2 15 161
4 58 140 957 997
2 0 141
2 2 847
2 18 673
3 31 104 948
2 0 11
3 698 828 898
2 0 175
2 66 151
2 49 73
2 489 719
2 24 33
2 36 296
2 467 667
2 3 4
2 7 446
2 13 447
2 404 750
2 65 630
2 137 464
2 5 11
2 338 684
2 359 370
2 266 865
2 279 720
4 6 141 903 968
2 207 878
2 24 862
3 95 828 966
2 59 507
2 119 451
2 49 897
2 265 577
2 143 491
2 201 315
2 18 744
2 161 236
2 5 591
2 4 622
2 79 601
2 2 384
3 5 230 933
2 86 408
2 0 232
2 101 825
2 79 622
2 0 663
2 191 642
2 195 389
3 63 201 940
2 309 470
2 63 119
2 53 449
2 497 713
2 5 159
2 3 211
2 66 340
2 61 85
2 122 309
2 237 738
2 74 356
2 84 913
2 42 419
2 349 677
2 10 12
2 6 801
2 17 192
3 70 457 945
2 518 921
2 181 373
2 543 738
2 271 577
2 514 577
2 139 939
2 8 496
2 417 840
2 446 876
2 298 607
3 28 670 958
2 6 116
2 0 294
2 3 220
3 33 370 980
2 101 185
2 15 791
2 146 872
2 338 950
2 14 24
2 136 381
2 54 550
2 660 706
2 12 382
2 0 311
2 0 428
2 13 900
2 90 272
2 223 897
2 0 374
2 28 37
2 495 585
2 88 580
2 4 267
2 49 741
2 244 294
2 14 28
2 6 191
2 624 802
2 63 706
2 76 954
2 253 322
2 144 682
2 110 470
2 134 554
2 4 82
2 137 265
2 222 802
2 356 724
2 236 425
2 3 796
2 7 36
2 189 220
2 317 848
2 523 646
2 78 783
2 603 646
2 435 872
2 220 384
2 31 340
