100
11 1 2 3 4 6 7 15 16 21 43 76
4 0 3 26 54
9 0 10 11 17 23 31 45 74 86
7 0 1 4 5 6 12 68
11 0 3 5 8 10 23 27 29 48 51 90
5 3 4 8 37 38
2 0 3
4 0 9 35 87
6 4 5 13 25 51 71
3 7 35 95
4 2 4 34 66
8 2 20 21 33 40 53 59 95
4 3 31 56 63
6 8 18 19 41 43 64
2 19 75
4 0 77 81 98
4 0 69 20 65
2 2 29
3 13 22 63
4 13 14 48 88
3 11 16 30
4 0 11 49 52
1 18
7 2 4 24 44 79 83 96
1 23
3 8 32 60
3 1 38 45
6 4 33 42 47 62 84
1 57
2 4 17
1 20
2 2 12
2 25 55
4 68 11 76 27
1 10
3 7 9 94
1 78
3 5 80 61
8 5 70 72 26 46 59 60 62
3 81 56 57
2 11 54
1 13
1 27
2 0 13
1 23
3 2 26 53
2 82 38
1 27
3 4 19 99
2 21 80
2 55 58
2 4 8
3 21 79 58
3 11 85 45
2 1 40
3 32 50 97
2 12 39
3 28 39 91
3 71 50 52
2 11 38
5 25 78 38 66 98
1 37
5 69 27 38 93 64
2 12 18
2 13 62
2 16 73
2 10 60
1 70
2 3 33
2 62 16
2 38 67
2 8 58
1 38
1 65
2 2 75
2 14 74
2 0 33
1 15
2 36 60
4 23 52 93 94
2 37 49
2 15 39
1 46
1 23
3 27 87 89
1 53
1 2
2 7 84
1 19
1 84
1 4
1 57
1 99
2 79 62
2 79 35
2 9 11
1 23
1 55
2 15 60
2 48 92
