600
53 1 2 3 4 5 6 10 13 15 16 28 34 35 38 42 43 56 59 60 68 81 91 100 121 124 131 138 152 159 169 200 214 216 233 252 288 299 302 315 316 322 331 337 389 404 413 423 428 465 504 505 531 580
10 0 3 20 70 72 117 156 254 286 395
10 0 4 5 9 19 84 86 106 229 453
40 0 1 8 11 14 19 24 27 30 37 40 45 51 55 61 62 69 82 83 85 88 101 205 215 251 274 280 282 290 291 301 319 338 363 380 381 399 514 520 593
28 0 2 9 10 11 13 15 26 32 41 50 80 112 118 125 129 142 185 188 220 235 287 306 321 398 551 584 589
21 0 2 6 7 23 29 31 60 73 144 218 224 225 249 294 340 417 436 512 550 553
46 0 5 7 17 20 39 44 52 62 76 89 91 98 99 107 108 120 121 130 131 151 177 195 206 219 223 235 253 255 264 265 296 300 335 386 391 393 397 404 438 475 481 496 524 543 563
17 5 6 8 14 17 22 58 66 90 95 130 157 199 213 275 507 538
16 3 7 18 21 26 31 47 65 88 94 96 182 183 244 287 309
8 2 4 25 61 63 158 167 409
18 0 4 12 21 22 25 30 36 45 140 150 160 171 188 305 343 363 451
15 3 4 24 34 58 123 173 184 213 230 307 320 422 429 463
10 10 38 80 118 164 201 236 521 539 581
13 0 4 16 23 46 74 138 147 169 174 296 379 576
16 3 7 18 29 66 85 178 180 239 241 279 283 325 329 512 574
6 0 4 122 181 399 564
13 0 13 33 35 40 73 76 116 418 442 487 532 548
10 6 7 32 43 64 79 223 351 361 419
7 8 14 55 75 116 345 374
9 2 3 27 37 67 105 176 358 366
8 1 6 67 99 128 175 306 462
10 8 10 71 140 143 249 276 537 544 576
6 7 10 36 112 226 238
6 5 13 72 176 492 505
6 3 11 59 68 174 492
12 9 10 172 207 209 233 315 326 370 392 533 599
4 4 8 33 384
16 3 19 51 53 54 56 92 113 126 187 228 267 360 405 537 573
8 0 134 196 232 290 390 456 476
18 5 14 46 65 82 83 105 141 234 237 268 330 347 350 454 473 477 497
5 3 10 48 232 444
7 5 8 57 74 145 146 163
13 4 17 48 49 141 186 189 190 200 289 311 348 420
7 16 26 49 106 245 297 385
8 0 11 47 86 178 395 431 562
14 0 16 89 139 163 185 187 193 215 269 271 321 475 510
8 10 22 39 117 139 172 313 373
10 3 19 42 50 52 77 78 162 198 303
5 0 12 41 54 143
9 6 36 94 133 192 210 342 351 493
10 3 16 79 160 164 192 211 236 535 585
12 4 38 44 69 109 114 129 151 376 433 450 461
2 0 37
6 0 17 63 70 148 265
15 6 41 114 125 135 142 155 224 270 271 342 437 508 511 578
5 3 10 53 161 433
3 13 29 444
2 8 34
11 30 32 57 104 111 146 218 367 473 488 530
6 32 33 212 219 435 546
7 4 37 64 78 136 179 439
6 3 27 71 102 318 402
4 6 37 97 318
4 27 45 534 558
8 27 38 92 109 110 123 293 371
2 3 18
9 0 27 159 220 226 327 368 425 565
6 31 48 186 273 357 535
7 7 11 95 133 191 426 560
6 0 24 81 119 383 411
7 0 5 77 238 241 422 587
4 3 9 148 596
10 3 6 75 87 93 153 208 416 437 552
8 9 43 96 100 149 168 182 527
10 17 50 84 93 119 225 256 262 506 589
3 8 29 319
3 7 14 554
5 19 20 111 113 320
6 0 24 259 308 424 583
9 3 41 122 132 257 328 383 412 415
5 1 43 103 166 341
3 21 51 209
4 1 23 278 353
5 5 16 87 181 379
8 13 31 90 127 204 227 459 545
6 18 62 149 202 273 524
3 6 16 247
3 37 60 212
4 37 50 115 344
7 17 40 115 239 251 285 555
3 4 12 165
3 0 59 471
6 3 29 154 429 434 533
6 3 29 98 362 366 440
8 2 64 157 184 205 234 299 398
6 3 14 211 242 250 254
4 2 34 310 369
2 62 73
3 3 8 468
7 6 35 126 191 298 313 324
14 7 74 108 110 137 155 180 261 304 309 312 336 354 464
5 0 6 154 280 281
3 27 54 394
8 62 64 97 222 277 314 332 457
4 8 39 127 279
3 7 58 173
2 8 63
4 52 93 402 514
2 6 83
2 6 20
5 0 63 102 103 217
2 3 120
4 51 100 214 414
8 70 100 162 168 197 199 240 417
1 48
6 19 29 355 455 470 483
5 2 33 128 352 577
2 6 569
3 6 90 530
5 41 54 388 531 543
4 54 90 410 432
3 48 67 297
3 4 22 575
3 27 67 349
3 41 44 314
5 78 79 152 202 231
4 16 18 410 534
2 1 36
2 4 12
4 59 64 193 310
5 6 101 183 258 293
8 0 6 124 144 161 221 312 322
4 15 69 328 344
8 11 54 177 264 323 448 516 549
2 0 121
2 4 44
4 27 89 340 389
3 74 94 467
3 20 106 257
3 4 41 302
4 6 7 135 145
5 0 6 137 352 405
3 69 166 221
5 39 58 243 348 445
1 28
7 44 130 136 196 203 247 357
6 50 135 170 210 381 425
6 90 131 171 194 420 459
3 0 13 566
3 35 36 333
7 10 21 150 295 317 469 526
2 29 32
3 4 44 469
3 21 38 407
6 5 121 304 335 387 498
4 31 130 331 594
2 31 48
1 13
3 43 61 564
5 63 75 165 382 400
6 10 140 175 336 393 446
3 6 41 556
11 0 115 195 217 278 364 387 414 460 467 525
1 62
2 82 91
4 44 90 403 455
3 1 388 547
6 7 84 267 285 298 359
4 9 295 345 472
2 0 56
4 10 40 353 478
3 45 121 330
9 37 103 246 272 292 294 307 490 529
3 31 35 250
2 12 40
2 80 149
5 70 132 179 189 288
7 9 204 274 338 445 594 598
2 63 103
3 0 13 590
2 136 553
3 10 137 190
3 25 36 269
3 11 95 368
3 13 24 270
4 20 150 549 592
3 19 23 371
4 6 123 262 415
6 14 34 194 246 268 283
5 50 166 237 240 431
3 14 90 248
3 15 73 461
5 8 63 198 303 588
3 8 120 528
3 11 84 372
2 4 35
2 32 57
4 27 35 208 229
8 4 10 245 355 400 418 484 542
3 32 166 584
2 32 171
4 58 89 337 480
4 39 40 284 428
4 35 119 206 259
5 137 178 276 341 484
2 6 152
6 28 135 230 261 442 489
2 103 447
4 37 182 253 401
3 7 103 481
2 0 32
2 12 256
2 75 115
1 135
3 74 167 286
3 3 84 228
2 6 193
2 25 369
2 62 187
5 25 71 227 308 572
2 39 136
3 40 85 476
7 49 77 255 384 430 454 500
5 7 11 266 362 468
3 0 102 327
3 3 35 474
4 0 242 258 580
3 100 152 284
3 5 48 547
3 6 49 595
3 4 56 248
5 121 132 231 263 291
2 93 588
4 6 17 243 281
3 5 44 382
2 5 64
4 22 56 263 416
2 74 209
3 27 205 464
3 2 187 339
2 11 196
8 115 221 272 324 333 412 558 599
3 28 30 252
2 0 25
4 29 84 365 397
2 4 6
3 12 40 408
2 29 179
3 22 60 377
3 14 79 325
6 103 179 244 316 334 501
7 14 60 292 378 401 560 591
3 85 216 522
4 133 223 391 519
3 8 240 541
3 33 188 375
3 162 178 343
2 76 135
2 180 220
2 5 21
3 85 163 413
2 3 79
5 0 232 521 541 573
3 6 198 566
4 1 85 426 486
2 6 212
3 64 201 266
3 69 128 489
2 120 216
2 68 193
1 577
8 90 196 277 332 347 419 502 515
2 64 177
6 221 226 346 361 427 511
3 6 123 556
2 6 43
5 213 256 356 479 496
2 27 157
2 29 178
3 35 172 482
2 44 174
3 35 44 289
2 162 231
3 57 75 350
4 3 167 421 540
3 7 396 432
8 21 194 317 354 356 375 439 497
2 93 261
4 72 152 451 554
2 14 94
3 3 91 323
4 91 223 407 507
1 3
2 14 178
3 192 217 570
4 79 157 403 562
3 1 204 447
5 4 8 386 421 434
3 0 166 592
2 32 271
3 3 28 301
5 3 221 300 460 513
2 162 241
3 54 120 597
2 5 162
2 140 158
3 6 13 349
2 33 111
4 89 157 311 518
3 0 84 305
5 6 291 529 538 571
4 3 290 392 436
2 0 129
2 37 182
3 90 144 480
2 10 299
4 4 20 374 565
3 11 162 329
2 68 209
2 8 90
2 86 119
2 32 298
2 90 121
4 36 89 411 499
2 93 114
2 0 25
2 0 240
2 140 276
3 51 52 536
4 3 65 339 470
4 11 67 472 582
3 4 35 557
5 0 121 380 438 483
3 123 280 443
2 89 231
3 14 239 450
1 25
4 56 214 378 546
2 69 122
4 14 307 359 430
3 29 161 525
2 0 145
2 93 261
3 139 231 568
1 240
2 6 144
2 90 150
3 0 191 449
3 3 167 377
3 229 319 370
2 5 126
2 70 194
2 39 44
2 10 246
2 78 122
2 18 158
2 263 567
3 29 261 394
4 32 133 367 427
4 113 296 488 503
5 29 273 491 508 515
3 17 39 510
3 106 131 390
3 72 160 578
3 90 276 466
3 105 188 504
3 266 276 527
2 57 135
1 19
2 157 329
2 27 487
3 17 263 396
2 83 213
3 3 10 478
2 152 446
1 234
3 19 83 376
2 48 348
2 56 173
3 86 207 568
2 25 339
2 54 176
3 184 517 583
3 36 406 499
2 18 306
2 245 276
5 41 366 462 493 582
4 238 338 435 494
2 241 327
2 13 73
5 3 322 385 453 550
2 3 136
2 149 224
2 59 69
3 26 212 458
2 33 380
2 6 287
4 144 152 466 485
2 109 156
3 0 126 572
2 28 352
2 6 243
4 25 301 408 494
3 6 150 520
2 92 347
2 1 34
3 275 361 551
3 6 234 482
4 4 84 465 586
3 3 15 509
3 149 188 491
2 198 241
2 51 97
2 155 285
2 0 6
3 27 131 495
2 373 452
2 143 281
2 236 392
2 9 513
3 110 116 424
2 59 313
2 69 231
3 0 250 423
2 102 152
2 69 177
4 62 226 518 526
3 5 103 579
2 16 188
2 17 261
3 32 137 441
2 274 287
3 11 60 532
2 0 413
3 68 410 519
2 56 136
2 58 254
2 263 348
3 0 192 441
2 11 82
2 212 329
2 34 179
2 110 275
2 41 45
2 82 287
2 49 377
2 5 301
2 44 62
2 6 322
2 50 276
1 83
3 420 428 443
2 16 196
3 323 441 557
2 30 46
2 133 167
2 150 364
2 197 286
1 123
2 337 591
2 41 325
2 10 278
1 406
3 2 380 486
2 29 212
3 105 155 495
1 28
1 93
3 384 559 567
2 74 137
3 152 291 585
2 41 181
4 20 376 479 548
1 11
2 90 228
2 0 398
2 354 387
2 127 152
2 88 213
2 140 142
2 105 319
1 81
2 158 320
2 29 48
1 215
2 6 35
2 28 211
1 29
2 160 363
2 266 462
4 191 304 502 574
3 6 199 501
2 269 397
3 105 322 593
2 188 194
1 387
3 254 453 509
2 16 360
3 48 349 563
4 196 257 586 590
1 162
2 350 400
2 23 24
2 39 376
2 377 392
2 405 455
2 6 266
2 29 276
1 144
2 313 373
1 212
2 240 481
2 261 480
2 349 555
2 0 355
3 0 23 545
1 64
2 7 281
2 44 350
2 399 486
2 35 351
2 44 263
3 5 14 570
2 291 409
2 3 97
3 261 350 595
1 123
1 372
2 298 416
2 243 424
2 3 393
2 12 252
1 242
1 544
2 6 75
3 152 330 542
2 140 416
2 63 356
1 183
2 162 300
4 48 108 575 597
2 0 109
2 16 422
3 25 82 571
2 53 116
2 40 57
1 318
2 21 27
2 7 300
1 12
1 274
2 244 252
2 188 525
2 6 109
2 21 523
3 74 505 581
2 49 327
2 156 218
2 16 462
2 123 175
2 5 380
2 4 396
1 62
3 5 170 561
2 66 278
2 79 503
2 151 264
2 321 443
2 53 231
1 458
2 58 241
1 553
2 34 285
2 6 488
2 15 148
3 56 306 569
2 138 253
2 346 458
2 333 369
2 107 565
2 284 512
2 300 533
2 209 389
3 27 252 587
2 14 480
2 112 530
2 13 21
2 106 260
2 44 353
1 417
2 0 216
2 12 545
2 320 376
2 68 372
2 4 189
2 40 460
2 398 489
2 60 573
2 182 222
2 4 64
2 169 489
2 241 449
2 175 288
2 3 483
2 145 167
2 219 515
1 61
2 293 530
1 167
2 25 231
