200
11 1 2 3 14 24 57 69 113 132 175 177
2 0 6
26 0 5 6 7 8 9 10 11 12 17 18 22 30 37 40 48 58 64 74 75 78 87 99 101 109 112
12 0 4 15 16 26 45 53 71 90 113 129 159
13 3 5 7 8 29 34 50 86 96 110 145 149 173
11 2 4 12 17 22 23 46 57 103 125 151
11 1 2 11 20 35 45 66 98 103 120 128
5 2 4 33 112 114
17 2 4 13 14 18 21 25 31 32 35 44 50 60 75 111 152 179
3 2 157 185
3 2 31 82
9 2 6 13 38 51 105 107 136 172
6 2 5 16 23 41 123
6 8 11 15 19 27 30
4 0 8 33 62
5 3 13 24 67 71
4 3 12 21 130
11 2 5 47 52 68 76 86 87 147 148 165
7 2 8 20 61 65 97 117
2 13 72
4 6 18 145 189
4 8 16 101 104
5 2 5 28 55 95
7 5 12 36 77 79 176 188
5 0 15 26 56 155
6 8 54 120 124 162 182
2 3 24
2 13 114
6 22 40 43 65 105 106
5 4 58 108 155 190
7 2 13 37 72 83 131 139
3 8 10 52
8 8 36 39 46 85 129 162 179
2 7 14
3 4 85 180
2 6 8
2 23 32
6 2 30 39 79 100 186
5 11 56 70 157 169
7 32 37 48 55 102 136 143
3 2 28 128
4 12 81 84 137
1 51
3 28 110 125
4 8 69 81 166
3 3 6 93
5 5 32 66 70 116
3 17 68 83
4 2 39 102 171
4 64 73 91 197
4 4 8 61 115
2 11 42
3 17 31 163
3 3 158 132
2 25 104
4 22 39 63 174
2 24 38
2 0 5
2 2 29
1 88
3 8 92 131
7 18 50 62 67 80 84 118
3 14 61 82
2 55 121
3 2 49 109
6 18 28 74 119 134 170
4 6 46 89 119
3 15 61 106
3 146 17 47
2 0 44
2 38 46
2 3 15
6 19 150 30 153 91 108
4 160 49 122 141
2 2 65
3 2 8 194
2 17 176
5 23 149 164 90 138
5 2 165 116 117 141
2 23 37
3 61 98 99
2 41 44
3 10 62 133
4 30 47 89 135
2 41 61
4 32 34 111 177
2 4 17
3 2 17 193
4 59 92 188 195
3 66 83 142
2 3 77
2 49 72
2 60 88
1 45
2 96 191
2 22 144
2 4 94
2 18 118
2 6 80
3 2 154 80
1 37
3 2 21 196
3 39 48 181
5 5 6 166 137 144
3 21 54 187
2 11 28
3 28 67 126
2 11 142
2 29 72
2 2 64
3 4 43 139
2 8 85
3 2 7 183
3 0 3 193
4 7 150 27 126
2 50 172
3 153 46 78
3 18 156 78
2 61 97
5 163 65 66 171 181
3 6 25 198
1 63
1 73
1 12
1 25
4 5 152 43 168
2 106 114
1 160
2 6 40
3 3 32 199
1 16
2 30 60
2 0 53
1 82
1 65
1 83
2 11 39
2 41 103
1 77
2 30 110
1 174
2 73 78
2 89 107
1 39
2 95 103
2 4 20
1 68
2 17 190
4 17 178 184 189
3 4 77 192
3 114 72 185
2 5 198
2 8 125
2 116 72
1 99
2 24 29
1 117
2 9 38
1 53
1 3
2 127 73
1 169
2 25 32
2 119 52
1 77
3 17 78 175
3 44 103 197
1 194
1 125
2 38 161
1 65
2 48 119
2 11 115
1 4
2 55 140
2 0 165
2 23 76
2 0 85
1 148
2 8 32
2 34 187
3 102 119 196
1 25
1 112
1 148
2 9 150
2 37 195
2 180 104
2 23 88
2 20 148
2 147 29
1 94
1 149
2 87 113
2 167 75
2 88 186
2 101 181
2 49 166
2 151 120
1 129
