600
24 1 2 3 5 8 13 27 33 56 62 74 80 103 104 108 137 190 240 278 319 326 494 549 579
5 0 22 38 257 505
29 0 3 4 5 7 8 9 12 14 16 21 32 48 49 69 116 117 123 136 178 188 194 197 198 261 287 421 436 463
37 0 2 4 16 18 23 28 29 40 42 50 52 55 57 77 82 84 90 124 125 127 135 141 153 156 171 195 224 226 273 356 364 415 418 428 503 554
13 2 3 6 7 10 17 19 36 45 54 96 280 328
19 0 2 6 11 19 57 60 65 66 95 133 161 246 262 297 334 345 353 372
12 4 5 10 22 25 31 68 76 129 329 382 561
17 2 4 9 11 15 51 58 60 64 120 143 193 196 209 251 358 581
28 0 2 12 14 18 29 39 41 74 86 88 97 119 132 141 146 160 168 176 205 215 266 318 335 360 401 424 491
6 2 7 46 82 83 234
21 4 6 21 59 69 73 96 112 116 125 131 132 149 164 194 209 213 349 420 422 472
32 5 7 13 15 24 28 30 34 41 42 47 51 52 54 72 73 89 102 144 170 172 192 230 243 259 372 399 405 426 432 504 529
27 2 8 56 58 87 93 110 122 139 148 158 159 183 215 251 288 294 314 332 357 422 523 527 535 547 555 569
8 0 11 118 130 140 163 408 445
7 2 8 23 48 78 114 124
24 7 11 17 38 44 66 67 80 85 101 109 121 142 155 169 202 236 274 404 443 450 458 545 593
9 2 3 30 267 285 307 373 519 522
9 4 15 25 333 342 449 472 554 571
12 3 8 20 92 100 109 111 112 362 444 447 559
13 4 5 20 40 62 191 258 290 346 465 481 509 556
15 18 19 24 26 37 87 130 145 200 322 373 419 461 494 595
8 2 10 175 199 237 285 337 340
18 1 6 26 32 33 39 45 53 55 63 100 107 160 231 409 469 574 581
5 3 14 27 49 537
8 11 20 34 91 170 309 379 394
6 6 17 43 198 405 476
11 20 22 35 92 115 137 262 289 423 463 511
15 0 23 35 59 76 89 121 173 315 412 425 448 470 531 574
15 3 11 36 77 169 175 181 189 190 201 204 238 269 440 599
13 3 8 31 37 53 114 123 133 180 196 202 205 351
4 11 16 282 416
6 6 29 157 182 352 590
10 2 22 236 248 268 277 322 404 493 597
12 0 22 167 214 219 220 336 426 459 504 564 598
3 11 24 510
22 26 27 46 61 79 110 128 134 156 159 177 178 185 219 230 249 260 269 355 375 493 594
9 4 28 44 158 286 321 430 533 576
12 20 29 47 68 72 81 90 257 325 350 357 556
4 1 15 84 221
3 8 22 78
4 3 19 70 173
7 8 11 118 218 263 311 520
5 3 11 43 88 218
6 25 42 136 335 370 442
11 15 36 67 91 147 177 378 395 441 509 542
4 4 22 411 428
7 9 35 70 157 299 301 521
11 11 37 103 113 135 252 255 264 353 399 477
10 2 14 104 187 348 444 467 471 501 588
7 2 23 50 105 237 305 377
8 3 49 115 259 316 491 501 573
5 7 11 234 318 522
7 3 11 151 152 267 482 570
8 22 29 85 99 128 183 249 479
9 4 11 64 81 210 310 324 394 403
4 3 22 99 131
6 0 12 71 93 122 596
6 3 5 61 94 166 484
4 7 12 75 197
3 10 27 247
3 5 7 536
4 35 57 63 408
3 0 19 284
3 22 61 195
2 7 54
2 5 145
7 5 15 106 238 276 443 470
5 15 44 154 186 342
7 6 37 185 273 317 458 592
6 2 10 102 119 239 263
5 40 46 75 126 338
7 56 138 210 252 350 513 515
8 11 37 222 339 498 499 562 575
4 10 11 391 437
8 0 8 83 212 229 291 569 591
7 58 70 79 155 442 483 508
6 6 27 113 295 298 400
3 3 28 529
2 14 39
8 35 75 94 95 142 283 418 553
11 0 15 97 111 117 192 213 437 451 467 557
10 37 54 106 165 214 244 320 338 365 564
6 3 9 98 254 347 376
9 9 74 168 180 223 248 315 401 432
5 3 38 255 296 585
6 15 53 182 187 216 253
9 8 147 188 193 320 412 414 453 583
6 12 20 98 108 303 553
5 8 42 191 293 390
7 11 27 150 162 172 321 341
4 3 37 146 233
7 24 44 211 232 244 563 577
10 18 26 107 206 254 306 308 451 495 552
8 12 56 235 265 283 474 525 592
2 57 79
6 5 79 138 152 538 560
5 4 10 223 433 465
3 8 80 550
3 82 87 167
5 53 55 101 534 577
4 18 22 140 547
4 15 99 454 586
2 11 69
2 0 47
3 0 48 105
2 49 104
5 66 81 329 425 489
3 22 92 239
6 0 87 179 208 256 431
9 15 18 204 245 304 323 396 573 584
8 12 35 120 166 317 492 552 565
5 18 80 275 521 543
4 10 18 388 424
3 47 76 150
5 14 29 208 241 519
4 26 50 271 312
6 2 10 207 242 301 459
3 2 80 347
2 13 41
5 8 69 144 436 533
2 7 110
6 15 27 126 217 228 294
5 12 56 151 290 462
3 2 29 582
3 3 14 134
4 3 10 292 327
2 70 121
2 3 143
4 35 53 298 384
6 6 176 221 339 343 363
3 13 20 154
2 10 55
5 8 10 235 407 479
7 5 29 199 232 245 364 496
2 35 124
8 3 47 181 184 246 375 386 419
4 2 43 165 471
5 0 26 163 211 367
3 71 95 579
7 12 171 174 271 292 506 559
3 13 100 385
4 3 8 203 274
3 15 79 331
4 7 127 216 275
5 11 119 186 326 434
3 20 65 162
2 8 90
2 44 86
1 12
1 10
3 89 113 512
3 52 122 507
3 52 95 583
5 3 161 174 189 217
2 67 130
2 15 75
8 3 35 225 231 293 383 393 536
3 31 46 299
4 12 36 380 473
10 12 35 184 243 279 307 308 381 392 421
4 8 22 229 518
3 5 153 551
3 89 145 265
2 13 137
2 10 487
2 81 136
4 57 110 201 413
3 33 98 291
5 8 83 306 480 488
3 15 28 565
5 11 24 241 282 434
4 3 139 258 516
2 11 89
3 27 40 549
6 139 153 212 270 371 548
4 21 28 366 415
2 8 129
4 35 44 206 220
3 2 35 376
3 108 280 386
3 29 83 417
2 28 135
2 31 85
2 12 53
3 135 159 331
3 35 68 225
4 67 144 297 397
6 48 85 268 305 332 378
6 2 86 359 398 429 498
7 28 153 247 316 390 395 447
3 0 28 381
3 19 88 302
6 11 80 288 289 349 587
2 7 86
6 2 10 287 303 429 475
2 3 63
2 7 29
3 2 58 474
7 2 25 200 272 417 420 439
5 21 133 281 502 524
4 20 198 207 277
8 28 166 310 328 341 374 468 594
3 15 29 272
5 141 227 270 468 478
2 28 109
4 8 29 261 300
4 92 177 336 402
2 116 200
3 108 114 448
3 7 10 580
2 54 71
4 91 137 260 512
3 74 174 319
5 10 80 240 313 355
4 33 81 530 575
5 8 12 279 295 546
6 85 143 250 387 440 520
4 121 153 333 524
4 41 42 392 517
6 33 35 250 302 351 485
4 33 177 222 484
3 38 129 446
3 72 220 345
2 83 96
5 3 402 456 505 537
3 156 185 253
2 3 588
3 203 406 587
4 121 276 497 570
3 74 160 233
6 11 35 242 466 469 538
2 22 156
4 91 133 361 435
3 90 229 597
6 9 51 344 371 374 462
3 93 132 591
4 15 32 266 396
4 21 49 337 526
2 28 66
4 69 107 352 383
3 0 213 578
3 114 170 385
4 116 230 551 566
4 11 159 391 535
4 81 91 330 354
5 109 133 281 334 517
3 5 135 409
3 59 189 278
5 32 83 313 532 541
4 35 53 324 368
2 216 219
5 7 12 354 439 513
2 47 71
2 85 225
3 82 92 264
2 47 84
2 108 568
3 1 37 486
3 19 171 427
2 11 50
2 35 211
2 2 205
4 5 26 314 456
3 41 69 532
2 47 254
3 93 162 455
2 8 236
3 16 52 464
4 32 187 340 379
3 28 35 433
2 174 203
3 115 139 397
2 198 202
3 3 68 572
4 15 141 452 541
2 111 143
3 66 228 393
3 32 200 528
3 0 247 358
3 159 215 348
2 4 179
2 199 245
4 30 170 545 567
6 79 93 286 361 362 410
1 62
3 16 21 389
2 36 283
4 2 194 370 403
3 12 192 388
4 26 192 312 356
2 19 122
2 74 167
2 125 139
4 88 156 365 457
3 12 121 476
2 76 215
3 84 359 568
2 5 186
6 76 128 323 438 500 544
3 46 157 400
1 205
2 46 116
3 191 219 360
2 87 194
2 109 518
4 49 187 481 497
3 92 168 506
2 16 159
2 92 159
1 24
2 54 201
1 41
2 115 289
4 213 248 427 528
2 12 262
3 27 83 560
3 50 189 514
3 68 110 526
2 8 51
2 0 212
5 81 86 330 460 502
2 36 89
2 20 32
3 109 298 446
2 54 249
1 37
4 0 144 368 384
1 125
2 4 201
3 6 106 346
2 244 320
2 142 184
3 12 187 557
2 17 217
3 5 245 366
2 8 43
2 33 206
4 21 237 367 558
3 70 81 382
3 72 129 460
4 21 268 490 514
6 89 201 369 492 511 598
2 17 67
1 129
2 234 516
2 5 222
2 19 329
2 82 117
3 48 279 515
3 10 192 410
2 37 71
2 29 219
2 31 239
2 5 47
3 244 251 483
3 35 213 387
3 3 289 407
2 12 37
2 7 278
2 188 296
2 8 302
2 232 283
2 18 283
1 129
3 3 133 389
4 81 293 473 539
4 175 334 461 488
2 137 337
2 249 326
1 341
2 43 287
4 174 234 414 571
3 5 11 480
4 16 20 416 487
4 201 234 590 595
3 35 135 380
3 82 178 411
1 49
3 44 187 530
2 24 268
2 158 375
2 159 190
2 6 338
3 156 239 454
3 128 326 464
2 140 241
2 135 179
2 216 355
3 112 288 413
3 285 364 589
2 88 189
2 73 243
2 159 218
3 156 276 596
2 24 54
2 44 189
3 109 236 567
2 186 271
1 188
3 11 47 507
2 76 299
2 8 83
2 206 224
2 54 287
5 15 32 423 475 486
3 11 25 477
1 227
2 132 356
3 13 61 452
2 22 246
3 283 349 496
2 45 376
5 27 86 430 457 527
2 166 388
3 86 371 510
3 3 175 540
2 30 373
2 180 198
2 3 79
3 20 135 544
2 10 198
4 2 159 431 580
2 10 12
2 26 404
2 8 112
4 27 106 455 539
2 11 33
3 258 313 441
2 3 45
3 188 194 499
2 36 412
2 108 421
3 11 83 572
2 96 269
2 144 170
1 232
2 2 119
2 73 80
1 298
2 198 251
2 28 216
2 44 427
2 43 75
4 15 66 445 546
2 18 48
3 13 443 503
2 221 323
2 18 189
2 27 208
1 17
2 15 582
2 80 92
3 274 408 485
2 86 489
2 101 383
2 265 425
2 224 262
2 293 412
3 15 68 478
3 33 116 584
2 320 339
3 20 366 562
2 122 234
2 2 26
2 267 384
2 19 96
1 230
2 48 80
3 201 203 578
2 22 230
2 27 66
2 48 136
3 10 17 550
2 158 365
4 93 197 543 548
2 194 404
2 25 294
3 47 405 599
2 203 458
2 53 132
3 168 372 558
2 19 305
1 52
2 75 354
2 57 220
2 219 452
2 257 404
2 164 373
2 168 366
2 106 453
1 340
2 8 50
2 110 341
2 32 35
2 0 20
1 92
2 133 410
2 228 305
3 72 188 531
3 72 429 585
1 298
3 48 50 555
2 199 320
2 3 445
2 11 33
2 1 224
2 139 306
2 151 399
1 75
3 19 44 586
2 34 414
3 26 341 525
2 150 211
2 71 251
3 316 340 540
2 71 348
2 171 344
2 218 245
3 160 304 561
2 16 114
2 41 216
2 46 111
2 16 51
1 12
2 199 217
2 93 511
2 237 317
2 12 412
2 277 313
2 11 77
2 214 378
2 27 498
3 248 263 563
2 36 119
1 99
2 12 243
2 60 156
2 23 224
2 95 230
2 365 425
2 415 514
3 248 274 542
2 44 541
2 111 474
2 298 419
2 15 282
2 215 443
2 12 100
2 174 474
2 0 173
2 97 472
2 161 242
2 92 110
2 79 87
2 3 17
2 12 501
2 19 37
2 80 332
2 337 480
2 18 139
2 95 315
2 6 518
2 72 461
2 91 532
2 33 81
2 110 169
1 242
2 282 396
2 256 296
2 12 74
2 52 228
2 17 371
2 273 432
2 50 109
2 22 27
2 72 214
1 36
2 91 99
2 240 468
2 0 138
2 209 421
2 7 22
2 123 450
2 86 152
2 109 459
2 84 499
2 101 509
2 192 227
2 48 226
1 389
2 31 374
2 74 235
2 68 93
1 15
2 35 201
2 20 374
2 56 393
2 32 233
2 33 341
2 28 477
