1000
40 1 2 3 4 6 7 12 19 21 22 27 35 40 49 60 70 79 99 148 164 170 181 185 193 194 204 312 337 375 420 427 441 443 512 516 553 695 705 926 968
52 0 3 4 5 8 10 12 20 25 26 46 58 59 66 70 75 91 94 102 129 131 140 195 203 222 223 237 254 275 279 280 284 360 363 371 372 453 454 467 493 518 571 596 610 620 752 792 839 879 880 904 949
7 0 33 72 215 360 382 577
33 0 1 5 6 13 16 24 44 67 68 71 104 171 177 179 241 246 289 299 351 403 490 556 661 663 786 794 807 820 855 915 945 995
28 0 1 9 29 42 108 110 116 133 137 146 180 193 304 305 322 331 338 380 461 489 584 587 589 609 834 941 985
8 1 3 157 545 624 652 747 818
74 0 3 7 8 9 10 13 15 17 18 28 29 32 48 51 54 56 64 87 88 92 94 113 126 132 135 141 145 168 211 262 263 268 271 273 294 299 319 323 342 357 369 370 373 384 406 416 439 446 480 497 534 567 568 583 592 611 656 699 721 738 767 781 835 849 856 887 893 896 901 916 970 986 997
13 0 6 14 150 235 291 340 458 529 544 713 726 775
57 1 6 11 14 18 20 21 22 23 24 28 32 34 37 38 43 44 63 80 96 98 100 125 149 153 154 158 164 202 245 310 318 326 356 365 397 449 459 473 477 508 512 548 573 574 627 629 640 719 728 797 801 816 859 877 880 894
19 4 6 38 68 74 93 106 160 176 229 230 260 342 346 412 550 616 900 957
45 1 6 11 15 26 34 37 40 55 57 62 67 72 78 85 101 128 130 134 187 209 212 306 318 362 364 377 408 418 468 486 524 538 543 589 599 602 628 733 803 872 875 928 962 980
11 8 10 52 112 114 161 223 302 557 790 815
35 0 1 16 31 33 35 47 59 64 73 77 93 97 136 139 143 161 219 253 272 283 316 328 353 399 486 552 571 595 659 692 706 796 930 933
12 3 6 19 61 110 236 376 385 485 709 946 948
13 7 8 17 30 76 103 169 235 287 330 484 733 975
10 6 10 153 418 515 559 602 777 906 965
23 3 12 31 39 50 52 100 187 247 290 363 419 476 546 549 597 623 715 833 885 910 911 933
18 6 14 45 54 58 82 147 182 186 214 253 492 615 619 628 727 988 997
24 6 8 23 27 30 41 49 74 86 92 98 122 227 252 359 388 424 475 484 514 532 548 676 747
7 0 13 97 267 565 670 917
4 1 8 551 677
8 0 8 46 60 168 189 277 844
3 0 8 973
29 8 18 25 36 45 47 53 83 91 102 133 151 152 189 226 384 452 506 534 558 583 601 634 670 681 708 869 918 958
8 3 8 115 479 643 659 796 845
16 1 23 42 65 85 107 172 261 401 478 483 541 728 919 934 993
18 1 10 36 39 51 88 121 210 220 250 251 303 387 447 456 501 674 778
3 0 18 99
9 6 8 65 84 258 383 421 448 813
13 4 6 43 81 256 291 313 400 600 637 688 786 988
3 14 18 84
10 12 16 103 244 293 308 549 642 722 736
5 6 8 333 478 588
8 2 12 138 393 531 545 729 830
4 8 10 233 764
22 0 12 41 73 106 180 191 196 229 231 274 292 339 462 480 598 611 644 666 712 832 914
8 23 26 173 301 361 452 642 663
5 8 10 157 481 934
8 8 9 56 469 648 723 784 846
12 16 26 76 89 107 114 139 368 395 438 526 836
7 0 10 50 123 281 648 808
13 18 35 62 104 138 250 374 401 538 610 640 889 930
3 4 25 662
18 8 29 48 53 61 90 109 162 183 194 216 282 298 402 414 444 895 944
7 3 8 175 694 863 981 989
7 17 23 124 188 463 737 784
13 1 21 69 71 78 184 249 271 326 366 621 709 744
3 12 23 547
9 6 43 183 273 353 413 676 686 779
8 0 18 109 231 521 537 781 946
16 16 40 55 75 119 155 191 303 320 453 552 581 750 789 927 974
8 6 26 86 163 167 459 496 735
12 11 16 142 143 203 279 400 419 759 823 851 937
15 23 43 63 188 218 267 323 348 364 474 590 641 657 864 888
12 6 17 96 105 146 215 222 256 591 605 673 763
19 10 50 57 101 117 119 174 190 207 248 269 445 498 505 531 625 633 745 965
13 6 38 122 197 206 225 298 462 667 686 735 759 944
2 10 55
7 1 17 239 344 825 991 992
12 1 12 144 290 370 522 555 598 617 668 795 985
20 0 21 77 90 129 148 149 156 232 234 243 259 285 337 566 739 757 811 858 940
5 13 43 177 245 981
4 10 41 243 485
4 8 53 625 705
33 6 12 66 69 80 81 83 125 136 142 150 152 163 169 199 214 227 228 255 270 295 317 339 426 463 514 541 717 861 884 892 954 991
6 25 28 165 286 585 738
3 1 64 414
5 3 10 117 487 849
10 3 9 178 185 221 275 321 385 415 811
7 46 64 112 134 428 570 817
6 0 1 95 451 812 878
9 3 46 79 162 268 521 695 766 848
3 2 10 726
3 12 35 941
14 9 18 182 208 260 300 301 306 347 423 460 578 858 964
7 1 50 95 128 224 449 502
3 14 39 335
5 12 60 241 266 327
7 10 46 82 313 325 424 442
5 0 71 213 601 956
8 8 64 130 144 396 507 577 660
7 29 64 118 300 410 413 613
5 17 78 207 523 576
6 23 64 108 263 425 465
7 28 30 87 89 118 123 213
4 10 25 277 655
4 18 51 113 925
13 6 84 105 248 259 270 327 355 371 432 472 572 905
8 6 26 116 198 378 379 579 976
5 39 84 179 309 525
14 43 60 126 155 220 224 234 397 543 632 662 713 724 964
7 1 23 165 560 793 902 982
9 6 18 192 333 407 410 528 604 887
11 9 12 209 210 328 496 563 645 646 717 977
9 1 6 132 154 315 354 586 655 979
4 70 75 121 262
7 8 54 120 145 562 841 948
7 12 19 196 221 287 649 955
7 8 18 135 440 460 591 689
8 0 27 288 673 790 870 905 950
14 8 16 131 173 199 240 281 309 381 417 455 464 518 683
5 10 55 492 498 769
6 1 23 675 942 960 967
11 14 31 120 176 201 284 343 345 349 810 829
8 3 41 468 575 644 775 794 926
3 54 87 329
9 9 35 111 159 172 343 692 755 974
10 25 39 198 208 283 435 466 547 606 808
13 4 83 111 147 201 307 388 394 428 488 608 687 703
6 43 49 141 166 324 939
5 4 13 115 362 638
2 106 108
10 11 69 124 202 228 237 344 359 490 542
5 6 86 127 137 338
9 11 39 278 296 311 730 795 821 829
6 24 110 230 426 544 853
4 4 88 495 590
3 55 67 265
4 81 84 407 923
11 50 55 251 356 392 504 620 627 664 870 971
5 96 103 174 785 888
5 26 95 151 429 458
6 18 56 127 140 158 848
4 40 84 815 842
10 45 112 200 242 503 698 802 830 878 879
6 8 64 476 563 580 586
7 6 90 156 186 315 444 734
2 113 122
7 10 75 276 588 720 802 881
8 1 60 411 515 520 527 573 641
4 10 80 305 701
8 1 100 195 239 297 314 693 913
12 6 94 159 211 212 331 366 434 519 707 876 892
4 4 23 390 618
9 10 69 171 332 336 390 412 474 749
5 6 98 540 561 924
3 12 64 877
5 4 113 244 246 330
2 33 41
7 12 39 296 382 416 451 791
3 1 122 409
2 6 109
7 52 64 160 200 369 863 939
4 12 52 184 352
5 59 80 166 527 843
2 6 96
6 4 54 437 481 559 872
6 17 108 238 499 675 901
7 0 60 332 443 510 679 932
3 8 60 178
4 7 64 197 984
8 23 121 170 334 380 431 751 799
3 23 64 963
6 8 15 310 314 672 767
3 8 94 665
6 50 90 272 594 715 785
5 60 126 606 674 968
8 5 37 335 425 699 834 847 931
16 8 122 175 181 233 249 286 386 466 513 623 690 756 761 873 909
9 106 132 264 319 386 507 517 779 831
2 9 142
2 11 12
11 43 71 167 240 336 497 524 596 700 832 999
3 51 64 350
5 0 8 190 646 987
5 65 91 232 255 389
6 109 144 358 536 629 754
2 51 162
2 6 21
2 14 64
4 0 151 405 791
3 3 134 664
10 25 106 205 217 252 265 311 403 599 799
7 36 100 247 264 580 850 983
4 55 120 192 483
11 44 158 206 261 430 467 471 581 865 963 993
6 9 103 219 295 488 822
2 3 61
3 68 149 216
5 3 89 317 391 578
4 4 35 436 951
2 0 158
4 17 74 204 935
7 43 48 254 442 475 477 884
3 46 143 217
2 0 68
4 17 126 503 929
8 10 16 258 345 558 564 698 936
7 45 53 357 510 539 587 800
7 21 23 242 513 748 904 937
10 55 164 205 238 316 430 440 455 690 765
2 35 50
3 92 174 916
3 0 4 943
3 0 43 635
3 1 131 852
2 35 97
2 56 150
4 88 107 377 915
5 64 100 329 927 947
2 124 142
6 103 108 236 630 810 911
4 8 112 282 637
2 1 52
2 0 182
2 172 190
4 56 175 398 771
3 55 82 454
3 74 107 813
3 10 93 954
10 26 93 218 292 472 774 821 828 924 996
2 6 132
3 10 132 816
3 79 84 398
4 17 64 730 897
2 2 54
2 43 178
2 172 184
3 53 210 714
6 12 176 266 278 669 812
7 26 90 402 479 565 894 990
7 68 97 269 294 324 842 971
5 1 54 225 226 707
3 1 11 378
2 75 90
4 56 222 395 593
2 23 222
4 18 64 886 910
7 64 112 274 387 533 592 758
7 9 35 302 757 782 818 860
5 9 115 341 566 874
2 35 49
2 60 165
2 34 158
3 60 90 753
4 7 14 288 626
2 13 201
3 1 112 718
6 147 190 257 280 374 999
3 58 131 411
3 100 162 530
6 3 77 289 320 574 837
6 124 189 334 436 569 710
2 60 62
6 31 137 394 542 638 856
3 8 61 539
2 3 137
6 16 173 461 669 871 918
11 55 87 257 321 325 404 647 732 838 898 917
3 46 158 925
3 26 41 975
3 26 119 716
7 18 172 297 393 635 776 804
3 12 17 304
4 1 183 433 682
3 64 165 603
7 29 54 352 567 597 653 742
2 238 248
2 28 187
6 60 87 312 846 889 996
2 9 74
6 25 175 470 560 828 979
3 6 95 658
4 6 83 731 960
3 159 173 307
4 117 172 489 700
3 77 219 671
3 19 53 752
5 6 71 368 685 703
2 55 221
3 64 87 346
2 6 46
5 12 155 276 421 702
4 6 48 367 373
3 35 228 575
3 1 68 417
3 128 272 745
2 21 85
2 114 219
2 1 52
6 1 238 285 347 350 722
4 40 100 499 962
3 43 202 881
2 12 107
3 1 103 434
2 60 280
2 65 158
7 14 97 322 365 435 782 970
3 99 235 340
6 3 241 308 438 494 711
4 16 59 450 902
4 7 29 293 358
6 35 210 404 445 506 883
6 31 291 415 616 920 938
3 6 221 348
4 64 176 668 831
3 114 139 804
3 131 252 766
8 43 56 376 422 535 720 732 824
5 3 6 437 582 714
2 74 81
5 36 74 420 649 992
5 11 229 372 405 959
2 26 50
4 4 253 349 932
3 4 130 585
4 10 74 505 680
6 108 264 391 776 838 900
3 31 289 448
2 89 100
4 8 153 341 564
2 114 172
3 0 259 758
6 29 78 423 494 572 683
4 131 153 535 899
3 94 126 530
2 12 190
5 64 179 432 473 736
3 8 10 805
5 6 159 354 491 826
2 50 241
5 68 248 383 487 967
3 4 287 600
5 6 53 381 556 899
2 109 221
4 78 248 697 998
3 8 46 684
3 77 87 777
9 12 93 355 367 522 740 741 768 822
4 105 199 874 903
4 14 137 379 708
3 4 132 843
4 134 148 929 951
3 32 92 688
6 151 242 427 502 724 807
3 76 157 772
3 134 162 773
3 0 60 533
2 4 113
4 35 64 594 806
7 7 288 469 718 817 928 966
2 230 310
2 6 9
4 103 106 361 789
2 58 112
2 103 187
3 9 270 814
3 74 280 351
2 53 294
4 103 304 406 854
2 163 280
4 3 347 579 761
3 143 256 922
3 12 48 959
4 94 319 422 861
2 87 328
3 8 119 636
2 6 188
3 166 291 447
9 18 112 396 551 593 744 763 890 952
2 1 2
4 36 343 787 806
2 10 110
2 1 16
5 10 53 657 729 746
3 8 287 375
2 46 132
2 273 328
2 39 268
2 6 142
4 6 59 710 885
4 1 87 431 529
2 1 302
2 6 273
2 41 238
3 0 365 857
3 13 298 660
4 10 198 457 857
4 88 223 654 712
4 88 330 471 749
3 4 151 788
3 100 323 706
9 2 139 392 433 523 651 658 797 893
6 28 321 456 557 617 626
2 6 23
3 13 68 389
4 158 159 399 764
2 26 228
5 18 108 408 526 568
2 165 385
4 133 134 409 636
3 179 307 441
2 119 382
2 33 252
3 108 244 525
4 39 225 450 998
4 80 359 508 569
3 8 90 439
2 206 213
2 12 386
3 29 52 520
3 25 41 768
4 43 220 665 687
3 3 172 923
4 248 292 622 852
2 170 302
5 6 349 631 653 826
3 92 118 847
2 10 388
3 140 390 845
2 81 92
2 129 239
4 9 134 465 656
7 48 81 429 464 482 603 891
3 43 66 702
2 68 293
3 6 139 509
2 100 275
2 10 15
4 16 52 457 716
2 0 301
3 28 272 446
3 298 354 482
2 74 313
2 18 78
2 83 157
3 64 115 576
6 0 334 604 612 618 896
3 69 108 624
4 121 413 536 607
2 175 190
3 151 371 504
2 87 317
4 254 382 561 652
2 132 284
2 107 287
4 180 242 509 554
3 146 299 753
2 39 289
3 6 397 500
3 98 190 554
2 0 391
2 78 183
5 0 148 532 691 770
2 43 126
2 55 292
2 6 421
2 26 358
2 28 308
5 8 75 672 701 853
2 290 395
5 70 139 615 621 800
2 23 36
2 1 50
2 1 207
3 100 190 950
2 26 383
3 377 419 491
2 7 121
5 8 51 500 750 890
2 74 98
7 4 247 470 519 608 787 886
2 35 56
3 45 64 731
3 100 413 743
3 83 412 679
3 107 158 495
2 1 175
2 10 104
2 38 340
2 261 461
4 175 379 694 798
2 87 210
3 8 317 725
2 53 134
2 18 183
2 16 125
5 8 183 570 650 953
2 25 32
2 24 220
3 6 35 862
2 37 146
3 413 422 493
3 25 174 819
5 14 18 553 935 943
2 13 62
3 10 12 517
2 67 321
2 108 176
4 4 265 711 739
5 3 112 696 746 994
3 319 457 633
4 17 101 684 727
2 1 482
3 289 313 891
2 116 466
3 51 93 584
3 6 162 972
3 55 101 528
4 147 281 550 908
8 439 459 501 511 537 613 650 691
4 26 500 546 883
2 75 334
2 124 186
3 119 431 516
2 55 306
4 23 292 741 986
7 80 159 511 555 645 721 772
2 8 396
2 416 436
2 148 188
2 500 507
4 0 8 748 867
2 158 189
3 18 64 949
3 15 129 780
2 0 504
3 159 486 696
2 1 100
2 132 461
3 129 400 912
4 49 71 609 734
4 59 328 689 820
4 82 382 938 961
2 10 162
2 89 394
2 39 388
4 129 144 769 783
2 92 498
6 7 371 754 765 868 871
2 240 315
2 33 55
2 18 443
4 228 337 595 605
2 6 23
2 298 314
4 166 429 540 671
3 49 500 760
3 10 41 582
4 188 245 742 940
2 135 536
2 25 64
3 112 244 774
3 10 90 562
2 7 115
2 5 33
2 16 501
3 47 107 770
3 8 18 824
2 16 31
2 9 499
2 20 359
2 12 50
4 0 484 909 978
2 436 440
4 59 507 632 647
4 3 323 751 760
2 11 383
2 23 187
2 15 146
4 91 261 756 983
2 135 433
2 96 543
2 93 125
2 187 310
3 19 220 661
2 60 230
2 6 256
2 6 388
2 242 396
3 69 477 976
7 1 12 643 651 677 978 980
2 87 313
5 8 129 704 793 882
3 8 241 619
5 104 274 634 866 972
4 82 426 678 697
2 2 80
5 74 179 630 639 719
2 88 351
3 125 173 809
2 50 175
2 299 538
2 6 23
3 4 496 823
2 65 305
3 94 125 792
2 4 188
4 32 128 622 868
3 4 10 639
2 53 116
5 54 98 614 666 681
2 6 228
3 225 359 725
3 155 339 961
2 12 533
2 1 162
2 16 256
2 35 59
2 10 172
2 29 322
5 23 79 607 862 947
2 10 15
4 255 413 680 682
3 92 427 827
3 54 533 612
3 107 156 631
2 429 601
2 108 461
2 4 521
5 1 41 614 654 704
3 6 35 855
2 427 605
3 81 500 762
2 591 610
2 17 451
2 9 293
2 59 383
2 133 427
3 17 574 921
2 1 119
2 46 451
2 404 588
3 16 158 762
2 5 428
2 55 63
2 235 383
3 8 119 678
3 10 17 908
2 8 166
2 201 578
2 406 606
2 90 555
3 55 491 743
3 23 575 841
3 194 252 778
2 356 390
2 29 202
3 110 244 783
2 578 589
3 8 41 667
3 53 129 995
2 31 36
2 24 571
5 35 104 814 869 875
2 93 507
2 93 164
2 248 555
3 38 40 873
2 97 301
2 477 500
2 382 571
3 5 433 931
2 256 406
2 378 610
2 85 94
2 6 412
2 53 364
2 262 382
3 12 24 693
2 80 376
2 3 565
2 42 90
2 3 36
2 119 171
2 154 402
2 35 591
2 56 640
2 59 295
2 219 247
2 19 23
3 266 536 755
2 153 449
2 54 99
4 26 156 685 897
4 102 147 737 773
2 18 48
2 20 571
3 576 627 837
2 148 465
2 306 603
2 23 591
2 254 603
2 100 313
2 326 492
2 268 674
2 48 56
3 108 402 953
3 29 333 966
2 98 522
3 158 190 859
2 443 500
2 12 106
5 131 659 788 844 864
2 44 471
4 0 71 740 803
2 490 517
2 325 576
2 124 187
2 6 157
2 162 265
3 130 449 912
2 272 414
2 108 268
2 573 610
2 0 63
2 12 381
3 132 222 723
2 23 330
2 13 46
2 242 370
2 289 489
3 35 378 809
2 7 90
2 218 299
2 16 155
2 251 419
3 64 93 914
4 237 340 798 989
2 8 578
2 128 298
2 6 507
2 31 280
2 38 707
2 90 334
2 473 593
2 7 72
2 17 492
2 8 25
2 33 364
2 114 214
2 263 463
2 248 298
3 10 14 945
2 126 521
2 51 56
2 31 317
2 45 675
2 6 65
3 60 489 835
4 328 695 840 850
2 328 506
2 256 539
2 464 633
3 46 359 771
2 55 276
2 364 490
2 5 18
2 189 512
2 134 379
2 50 459
2 151 556
3 1 267 836
2 234 437
2 166 529
2 106 671
2 158 560
2 60 229
2 228 312
3 52 56 780
3 537 556 851
4 158 351 854 867
2 613 623
2 54 359
2 34 386
5 190 529 833 969 987
2 71 297
2 6 153
2 328 401
3 101 527 865
5 443 547 819 958 994
2 206 744
2 335 507
2 336 675
3 210 542 913
2 7 104
2 252 307
3 15 327 840
2 26 635
2 48 159
2 515 759
2 6 49
2 229 287
3 527 638 957
3 38 45 973
3 120 155 801
2 3 29
3 361 461 827
2 380 693
2 50 343
2 11 99
2 139 170
2 1 586
2 91 573
2 3 104
2 59 114
2 12 24
2 8 382
2 471 718
3 151 172 906
3 188 451 839
3 8 785 860
3 124 128 805
2 10 695
2 252 296
2 318 802
2 339 361
2 3 334
2 40 107
2 580 712
2 103 201
2 60 68
3 70 219 907
2 28 208
2 346 644
2 11 123
2 8 212
2 69 340
2 5 229
2 483 770
2 3 522
5 114 210 825 907 977
2 176 328
2 52 584
2 298 548
2 58 821
2 319 406
2 604 787
2 210 261
2 103 114
4 33 124 920 955
2 159 295
2 35 162
3 16 765 876
2 4 157
2 6 739
2 39 752
2 241 678
2 248 307
2 1 800
2 740 777
2 96 634
3 123 221 956
2 144 331
2 21 693
2 24 409
2 38 259
2 157 407
3 71 122 882
3 6 67 898
2 173 740
2 52 760
2 195 404
2 115 449
2 349 761
2 3 611
3 6 244 866
2 375 377
2 60 74
2 8 690
2 229 801
3 64 354 982
4 480 601 903 969
2 44 142
4 53 693 921 984
2 175 769
2 575 856
2 512 761
3 529 588 990
2 23 644
2 99 119
2 247 529
2 10 146
2 158 648
2 230 329
2 10 644
2 132 833
2 8 136
2 70 124
2 1 124
2 1 8
2 128 282
2 573 848
2 292 501
3 64 183 895
2 16 370
3 227 461 922
2 6 92
2 53 120
2 41 259
2 359 459
2 413 494
2 64 132
2 6 382
2 8 220
2 43 884
2 6 427
2 214 674
3 248 849 936
2 314 323
2 9 307
2 6 147
2 91 290
2 329 862
2 1 189
2 87 99
2 15 799
2 812 821
2 499 628
2 158 553
2 16 227
2 16 201
2 520 701
2 131 774
3 35 717 942
2 3 198
2 6 192
2 19 248
3 23 247 919
2 25 918
2 293 830
2 619 864
2 352 886
2 118 403
2 135 210
2 86 249
2 0 104
2 50 199
2 10 340
2 186 332
2 12 41
2 157 652
2 148 304
2 12 16
2 25 37
2 182 484
2 187 898
3 52 189 952
2 293 523
2 109 142
2 60 539
2 4 73
2 102 914
2 193 484
2 43 56
2 3 733
2 13 49
2 199 601
2 13 96
2 1 514
2 99 455
2 180 332
2 359 937
2 477 687
2 64 209
2 97 830
2 79 842
2 9 783
2 23 770
2 302 353
2 102 263
2 523 594
2 10 281
2 152 175
2 74 90
2 15 55
2 340 688
2 102 321
2 0 156
2 765 862
2 6 287
2 119 221
2 497 575
2 22 784
2 50 106
2 14 250
2 88 570
2 93 821
2 553 571
2 94 261
2 10 571
2 44 61
2 91 861
2 173 560
2 150 864
2 4 59
2 6 506
2 164 765
2 17 29
2 44 718
2 220 868
2 58 64
2 58 301
2 25 175
2 490 770
2 3 641
2 210 259
2 6 17
2 325 395
2 162 238
