1000
83 1 2 3 4 5 7 8 11 13 14 15 17 18 20 21 23 31 36 43 45 49 59 66 69 70 82 88 89 94 100 104 107 114 120 130 146 169 196 204 205 229 232 259 269 270 284 292 298 300 301 312 362 371 383 412 423 428 457 485 504 516 547 556 558 589 593 610 643 710 723 737 754 771 779 793 829 830 841 859 867 878 897 922
30 0 3 4 10 32 35 50 61 123 126 135 164 176 178 208 241 254 331 347 376 426 483 544 563 593 678 854 891 960 989
4 0 202 274 957
27 0 1 5 6 13 21 29 66 67 93 147 173 175 200 276 327 344 368 392 404 413 459 523 651 747 783 858
40 0 1 6 9 15 22 30 35 39 56 57 77 80 109 215 227 248 251 273 288 298 362 417 436 447 471 527 596 606 653 688 763 786 822 827 846 872 923 933 950
58 0 3 7 9 11 12 18 22 24 27 31 32 37 50 57 74 81 85 89 101 105 106 118 136 154 160 181 195 244 246 248 250 300 306 323 325 346 381 387 391 406 420 423 432 484 497 525 531 555 678 714 769 819 841 892 895 972 981
40 3 4 12 16 25 28 46 58 59 79 95 97 112 116 127 146 153 158 169 188 205 247 268 289 322 360 387 431 447 476 479 520 561 569 676 762 880 919 934 966
19 0 5 8 30 54 88 100 128 166 168 174 207 253 329 449 672 855 954 978
14 0 7 10 45 47 55 131 264 286 295 601 700 757 788
4 4 5 17 64
47 1 8 19 26 27 33 56 97 119 128 135 139 145 153 163 210 265 272 313 330 358 365 371 383 427 485 491 501 504 522 558 578 598 642 662 692 734 775 779 786 792 812 817 831 840 866 896
9 0 5 16 155 207 211 436 449 782
43 5 6 14 26 29 38 40 44 51 60 84 86 95 105 108 133 134 148 178 184 198 214 226 238 243 278 302 309 315 357 535 543 570 612 722 791 809 867 915 929 947 953 968
4 0 3 134 190
11 0 12 47 62 85 138 214 231 369 466 958
13 0 4 19 34 76 107 220 257 292 354 396 541 647
20 6 11 43 49 53 58 77 86 161 171 310 332 345 400 405 508 658 673 868 989
18 0 9 42 44 48 63 68 182 249 319 348 351 364 403 460 463 684 928
39 0 5 23 25 28 36 61 64 67 68 87 103 111 132 136 152 186 192 200 224 247 255 266 290 385 402 414 488 503 579 596 663 681 704 824 886 971 984 993
28 10 15 20 38 62 73 75 81 98 115 141 194 377 435 448 493 496 573 650 704 727 730 784 818 843 862 914 924
32 0 19 24 33 41 84 111 132 177 209 234 262 263 268 275 290 348 382 419 457 537 552 566 625 735 741 766 822 845 898 936 955
20 0 3 40 52 72 87 94 157 194 201 238 291 307 408 467 730 804 896 990 992
2 4 5
4 0 18 76 159
9 5 20 121 125 198 232 307 500 717
4 6 18 398 749
6 10 12 52 323 815 945
5 5 10 152 450 523
9 6 18 103 113 197 380 398 756 978
20 3 12 34 37 69 83 98 139 170 172 197 283 343 413 434 456 530 544 549 910
11 4 7 42 78 173 258 350 526 536 688 872
12 0 5 51 79 158 180 321 325 393 430 568 843
13 1 5 70 137 219 225 239 326 366 752 760 877 944
6 10 20 113 162 433 911
17 15 29 46 217 263 340 356 465 512 540 622 768 879 882 901 951 964
16 1 4 39 72 75 102 193 212 230 296 584 727 860 898 900 998
5 0 18 99 229 462
15 5 29 60 65 71 78 124 125 190 202 350 594 739 946 969
7 12 19 224 318 502 526 705
8 4 35 41 48 93 117 679 682
7 12 21 55 119 329 531 856
3 20 39 684
5 17 30 515 737 770
6 0 16 511 618 734 927
10 12 17 122 165 203 220 341 519 607 748
2 0 8
6 6 34 276 301 641 856
8 8 14 74 622 628 729 778 823
9 17 39 73 102 124 168 456 535 764
9 0 16 261 373 521 548 595 851 859
14 1 5 65 96 126 210 218 257 334 368 385 418 494 676
9 12 31 54 63 112 315 532 553 797
6 21 26 53 90 291 942
7 16 52 267 342 351 400 511
4 7 51 181 695
6 8 40 120 186 806 876
7 4 10 118 166 171 226 693
16 4 5 71 96 131 150 191 216 236 287 358 490 606 880 888 973
3 6 16 109
4 0 6 92 272
6 12 37 221 410 582 713
8 1 18 140 150 170 355 428 908
9 14 19 110 133 185 228 252 472 612
2 17 51
5 9 18 639 761 986
7 37 50 187 231 378 619 812
8 0 3 82 115 211 244 260 282
3 3 18 99
4 17 18 659 922
4 0 29 297 675
6 0 32 110 219 285 408
11 37 57 80 114 121 147 192 439 614 664 965
12 21 35 91 104 108 199 255 332 397 411 814 959
4 19 48 91 167
8 5 47 296 611 698 784 821 970
2 19 35
9 15 23 164 353 390 425 478 680 879
5 4 16 83 251 640
7 30 37 116 172 660 767 970
9 6 31 143 156 402 480 534 573 826
11 4 71 90 101 122 140 175 215 305 320 905
8 5 19 201 228 474 592 703 728
5 0 66 384 513 785
13 29 77 92 130 137 154 179 206 311 344 478 581 618
4 12 20 305 677
16 5 14 151 165 213 216 221 311 364 474 590 636 662 690 712 836
3 12 16 629
7 18 21 149 208 240 689 754
5 0 7 459 557 702
3 0 5 375
15 52 80 203 241 274 284 418 563 587 588 643 697 721 731 937
8 72 73 117 338 445 470 637 926
6 59 83 324 341 468 851
8 3 39 151 326 393 445 625 848
13 0 21 245 249 270 367 528 542 552 568 669 792 928
6 6 12 421 444 708 955
11 50 57 145 253 349 386 561 569 633 823 917
5 6 10 709 840 911
6 19 29 188 559 667 709
13 36 67 123 155 239 349 374 451 469 673 802 997 998
3 0 7 725
7 5 80 143 252 275 293 433
26 35 48 106 160 233 236 237 240 258 265 279 330 399 417 455 492 499 513 554 567 581 601 699 722 761 817
4 18 28 670 900
6 0 72 142 191 242 577
3 5 12 337
4 5 102 438 589
2 0 15
3 12 72 245
5 4 58 234 440 997
7 62 70 280 493 839 932 946
11 18 20 204 242 399 524 624 679 687 874 914
13 6 51 127 177 193 218 361 439 574 580 608 634 778
8 28 33 148 335 435 543 560 649
11 0 71 223 304 327 401 426 494 501 680 801
8 19 66 195 273 308 322 331 546
9 6 78 227 266 376 648 780 888 944
7 39 91 142 196 463 507 645
3 5 56 129
4 10 40 129 159
2 0 55
5 24 71 184 929 960
11 44 80 138 149 314 366 540 629 799 816 995
6 1 99 406 424 588 683
5 37 48 144 321 741
5 24 37 156 516 610
7 1 50 246 340 388 461 564
14 6 112 141 180 209 294 295 314 353 356 370 621 842 966
2 7 10
3 118 119 545
4 0 83 649 696
2 8 57
4 18 20 553 913
6 12 62 235 506 637 675
2 12 13
5 1 10 285 473 920
11 5 18 225 281 363 489 495 551 657 787 927
3 32 83 901
3 14 122 281
3 10 29 512
5 61 80 422 461 968
6 19 127 144 179 576 584
4 104 117 161 799
4 79 101 162 416
7 124 141 286 401 686 906 945
2 10 96
10 0 6 222 223 303 313 316 424 590 931
6 3 71 431 462 759 958
4 12 113 157 505
4 87 122 608 833
5 57 61 167 721 763
12 85 93 217 222 328 550 591 694 725 798 962 979
4 18 27 500 762
11 6 10 189 460 481 532 534 646 857 884 893
3 5 83 977
13 11 99 163 182 250 277 303 359 395 562 726 750 826
3 79 125 638
3 21 148 174
3 6 31 991
4 23 119 254 409
4 5 102 579 597
3 16 142 490
2 33 143
4 10 155 271 874
6 1 76 256 306 507 633
8 44 85 185 189 230 521 623 983
5 7 56 187 437 668
3 73 150 742
10 7 48 293 310 343 359 537 642 701 751
8 0 6 183 212 567 583 853 907
4 29 61 470 774
2 16 56
10 29 78 183 267 347 396 415 441 514 538
5 3 30 199 483 974
7 7 157 176 369 386 539 773
2 3 80
2 1 174
3 20 112 759
3 1 12 427
4 83 141 235 425
4 31 127 373 615
2 5 54
3 17 155 831
4 169 172 414 819
2 12 121
3 62 165 381
6 18 55 379 627 655 987
3 65 166 390
4 6 98 271 849
3 153 165 764
7 13 37 289 333 471 699 917
10 57 104 213 256 282 294 392 465 518 991
2 18 71
6 35 112 283 377 443 572
2 19 21
2 5 115
11 0 117 299 403 503 533 585 663 755 864 890
5 28 29 317 619 793
4 12 24 434 623
5 72 173 621 755 783
4 3 18 599 853
2 21 81
3 2 37 509
5 44 90 233 334 909
6 0 111 206 375 524 746
6 0 6 277 338 355 509
4 83 204 496 905
2 7 11
4 1 87 269 297
5 20 127 260 800 932
4 10 50 515 702
8 11 66 243 419 603 644 687 912
3 35 169 420
5 85 191 367 482 505
8 12 14 357 502 506 572 810 915
3 4 80 342
2 57 85
7 34 151 548 557 575 685 930
6 50 112 389 472 499 818
7 32 70 422 591 748 788 933
4 15 44 976 982
2 60 85
5 146 151 264 444 464
2 114 146
4 18 38 719 883
2 32 136
5 12 56 324 455 745
4 4 116 458 999
2 62 81
5 0 36 453 602 941
3 35 165 489
3 14 65 429
3 0 24 299
4 102 203 407 661
5 20 109 394 564 953
4 133 179 237 360
2 57 102
9 102 235 312 409 412 497 667 693 710
4 12 21 262 477
3 32 99 605
4 87 102 339 410
6 1 90 395 547 833 866
3 104 111 328
7 12 211 259 630 645 731 961
2 5 66
11 94 108 278 279 495 616 620 689 791 820 895
3 5 126 638
5 6 18 304 539 787
3 4 5 887
4 17 94 464 865
2 5 155
4 4 77 575 695
4 62 101 333 740
2 7 96
5 1 159 280 522 542
3 18 72 671
2 164 191
3 15 50 308
6 30 102 261 372 517 728
2 0 243
3 66 209 517
6 49 258 346 452 577 813
6 20 238 288 475 617 719
4 20 34 488 758
4 8 222 316 337
2 10 102
4 18 116 287 775
3 53 172 870
3 6 20 969
2 0 208
2 0 94
8 163 188 302 335 352 361 384 571
2 10 59
3 4 115 935
5 2 90 411 659 809
3 20 101 789
3 3 46 336
4 155 205 834 869
7 12 245 352 528 598 631 837
2 102 245
3 110 254 718
2 136 138
3 66 191 546
6 29 193 317 630 894 954
5 0 90 374 469 498
2 70 135
2 8 144
2 57 266
3 4 262 769
4 6 190 735 948
4 18 20 339 519
7 21 52 345 407 536 668 753
4 0 15 844 949
5 101 168 354 432 732
10 127 191 318 389 438 482 487 685 934 957
3 8 127 605
6 35 74 391 556 653 686
3 69 208 319
2 0 4
6 196 232 365 555 641 729
6 0 5 380 440 646 885
4 0 46 378 889
3 12 271 891
2 146 155
7 114 247 594 715 746 777 850
4 80 84 309 320
4 5 164 613 916
2 21 24
3 115 257 740
4 12 305 520 774
2 16 168
4 83 85 565 736
2 0 237
9 10 146 370 372 429 441 562 750 765
4 122 127 664 987
6 12 51 336 481 533 921
2 146 264
2 197 283
3 38 294 480
2 17 297
4 80 305 609 717
6 31 124 379 592 738 751
2 6 115
2 5 26
3 92 226 635
5 5 31 446 835 923
4 32 93 586 996
3 3 114 477
4 151 242 566 863
7 7 40 404 405 660 789 887
3 10 102 871
2 1 115
7 16 72 479 615 661 706 802
5 190 252 416 475 849
2 50 203
4 113 271 486 492
2 276 315
3 105 264 486
2 91 205
2 240 290
3 34 126 983
4 44 92 665 930
2 53 215
2 29 168
3 3 83 835
2 16 291
2 5 261
6 1 172 388 574 770 977
3 17 20 559
4 96 99 530 790
2 30 37
2 17 53
9 271 278 453 484 529 597 691 986 995
2 76 127
7 15 293 363 437 451 811 990
2 61 205
2 34 127
5 12 214 394 415 899
3 10 57 744
3 155 168 582
2 6 235
2 112 271
6 0 4 421 681 733 739
4 136 354 943 952
3 17 85 974
6 10 299 473 587 634 965
2 32 122
2 94 213
6 3 50 430 627 671 904
3 14 174 631
3 127 313 468
4 0 10 647 985
2 258 313
6 49 180 580 617 813 948
5 99 284 382 639 752
3 89 204 672
3 1 116 852
2 19 193
4 65 301 458 925
5 186 321 525 716 794
2 28 300
3 5 185 698
2 20 374
3 0 10 776
2 82 271
4 18 50 518 862
3 96 174 654
3 5 6 397
3 126 347 446
2 218 294
5 76 187 674 683 706
2 5 296
3 3 191 828
6 31 93 595 830 838 988
3 234 357 827
5 155 241 442 450 697
3 15 172 842
3 72 387 666
2 25 28
2 102 111
3 16 53 994
2 114 144
3 18 79 665
3 17 196 600
2 3 329
4 16 329 550 803
7 5 123 443 476 604 829 881
3 233 291 454
3 21 70 442
2 159 237
6 60 240 452 603 652 796
4 72 274 498 875
2 0 237
3 3 29 448
3 18 183 816
2 172 357
3 143 333 732
3 4 102 487
4 50 90 551 724
2 20 211
2 5 212
2 95 362
5 140 219 565 626 635
2 0 5
2 123 146
3 76 179 894
2 1 114
7 10 178 652 655 705 772 878
2 0 61
2 231 313
5 31 368 541 707 938
3 6 147 650
5 5 293 613 906 918
3 33 101 692
3 29 198 491
3 19 113 884
3 4 11 860
2 166 354
4 106 294 753 780
2 71 112
3 109 300 632
3 172 313 508
2 395 408
2 193 406
3 95 222 794
2 91 93
3 325 388 636
3 4 6 454
2 19 413
2 7 11
2 27 395
3 99 354 514
5 261 410 466 599 691
3 229 352 961
2 407 447
2 102 226
3 29 48 919
3 0 20 931
2 227 378
4 3 88 545 875
2 17 153
3 126 140 656
2 36 147
2 17 117
4 222 249 724 949
4 34 191 614 903
5 14 452 467 648 967
4 21 466 538 773
2 92 370
3 99 284 712
2 91 170
3 4 190 571
2 62 218
4 135 365 658 825
2 81 85
6 262 333 570 670 852 951
2 6 406
2 238 327
3 76 83 904
2 6 332
2 79 318
2 153 315
2 213 294
2 1 173
2 5 352
3 0 10 607
3 335 337 694
3 294 417 733
5 18 263 600 940 988
2 136 230
3 57 161 865
5 10 434 510 602 907
2 102 335
2 19 110
3 50 114 800
3 136 245 527
2 19 206
2 5 237
3 284 411 510
3 102 218 585
3 24 152 657
2 10 114
2 38 214
5 18 196 560 644 765
2 0 10
4 148 213 711 924
3 133 214 980
2 117 164
6 16 441 576 604 757 815
2 202 205
4 491 498 801 902
4 43 53 529 808
3 34 139 624
3 82 102 586
4 172 451 758 873
2 42 210
2 0 125
2 258 260
3 191 385 781
3 44 290 926
2 6 309
3 49 165 609
3 10 254 768
3 3 27 845
3 111 204 674
3 5 379 700
2 30 38
2 4 495
5 94 278 578 847 886
3 352 511 850
2 29 349
4 5 40 616 772
2 51 153
2 196 315
2 79 153
2 12 48
2 30 291
5 20 168 707 781 821
3 172 467 620
3 174 247 912
2 34 122
5 15 430 654 848 975
2 94 254
3 12 113 632
2 1 29
3 129 459 980
2 115 282
3 0 241 549
5 49 217 554 583 910
6 29 547 726 807 825 984
3 151 405 747
2 136 418
2 20 94
2 51 132
2 102 548
2 5 299
2 0 296
2 88 217
2 0 10
2 98 348
4 113 503 776 899
3 6 96 701
4 155 313 690 956
2 1 90
3 126 234 881
3 311 422 711
3 20 328 720
2 102 169
3 31 94 810
3 6 96 857
2 12 475
2 271 471
2 193 214
3 19 79 677
4 112 347 718 981
2 217 251
2 141 508
2 104 261
5 10 528 745 777 839
3 18 160 950
4 112 373 628 870
2 83 102
2 60 359
2 169 548
2 35 141
2 196 499
4 326 513 640 972
2 90 365
2 90 123
2 0 106
3 85 146 952
3 151 219 861
3 81 321 858
3 0 1 798
3 37 304 626
2 49 393
4 4 18 760 982
3 160 352 869
7 10 278 703 715 736 795 805
3 200 452 716
4 403 488 743 967
4 8 102 714 834
2 229 491
2 211 410
2 406 508
3 239 295 771
2 4 57
4 44 485 611 651
5 112 149 744 766 985
2 320 521
2 0 125
2 74 607
2 12 62
2 306 432
2 71 465
3 180 332 836
2 245 531
2 262 373
2 43 83
3 65 197 713
2 245 538
2 127 199
3 34 47 749
5 165 198 902 937 963
3 111 512 939
2 20 93
2 422 594
3 186 368 844
4 47 580 669 820
2 86 122
2 243 283
2 278 369
2 440 543
2 96 164
3 112 365 854
2 324 422
2 85 446
2 91 133
2 156 246
2 64 374
3 77 586 811
4 46 299 682 803
4 10 168 743 808
2 0 90
4 211 503 656 666
2 117 243
2 153 300
2 15 371
3 116 466 738
2 113 130
3 19 431 804
2 3 607
3 410 427 790
3 4 296 785
2 386 541
4 186 427 696 824
2 461 644
4 136 500 742 767
2 16 473
3 68 274 992
3 78 329 897
3 233 332 959
2 10 85
2 18 196
3 71 314 956
2 341 402
3 397 644 838
2 98 237
2 166 291
2 94 628
2 103 475
2 255 368
2 7 375
3 16 99 846
6 390 524 723 806 962 964
2 69 133
2 6 50
3 84 573 708
2 1 5
2 39 111
3 76 114 873
2 18 362
3 39 641 885
2 123 390
2 17 41
2 217 294
2 144 296
3 111 211 909
2 4 30
3 87 245 976
2 85 562
2 352 452
2 10 433
2 56 237
3 151 486 814
2 54 251
2 130 655
2 90 395
2 74 381
3 102 190 939
2 8 525
2 168 561
3 88 210 876
3 81 598 943
2 18 19
3 38 427 797
5 332 390 720 832 936
2 430 537
2 95 677
2 97 98
3 0 237 890
2 505 565
3 85 469 925
2 60 619
2 5 601
2 304 598
2 379 599
2 24 320
2 280 574
2 224 262
2 566 706
2 90 150
2 12 102
2 0 674
2 418 464
3 100 151 935
2 155 549
2 19 35
2 81 258
2 47 299
2 19 21
2 90 243
2 293 416
3 362 487 796
2 10 43
4 20 289 756 941
3 311 598 975
2 0 42
2 321 648
2 37 362
2 252 308
2 20 124
2 167 657
2 600 642
2 358 608
2 226 578
2 204 304
2 3 550
2 44 219
2 25 622
3 155 313 916
3 168 321 882
2 32 374
2 291 438
3 0 87 805
4 196 199 782 795
3 28 735 828
3 8 508 864
2 263 514
2 147 177
3 32 596 883
2 64 102
3 6 152 908
2 4 150
2 48 189
2 313 503
2 20 608
2 78 657
2 34 522
2 5 288
3 42 347 996
2 0 605
2 427 531
2 174 467
4 170 309 847 893
2 10 266
3 383 560 861
3 304 578 832
2 47 112
2 0 10
2 116 438
2 518 537
3 11 755 807
2 3 199
2 19 74
2 82 653
2 4 10
2 136 247
2 8 219
2 275 329
2 349 652
2 12 245
2 10 94
2 0 197
2 379 444
2 598 755
2 410 733
2 51 705
2 151 593
2 122 142
2 209 494
3 114 510 837
2 99 332
2 405 641
3 21 650 903
2 598 754
2 55 674
2 549 782
2 511 642
3 12 274 913
2 214 568
2 354 640
2 10 65
2 261 373
3 72 694 863
2 26 508
2 122 414
2 10 102
2 19 218
2 5 183
2 245 628
2 74 537
2 4 20
2 47 96
2 18 655
2 473 549
2 79 155
2 4 394
2 392 756
2 0 406
2 0 393
2 10 182
2 706 777
2 149 241
2 277 601
2 325 344
2 85 615
2 278 801
2 393 666
2 110 578
2 10 97
3 0 5 868
2 127 396
2 19 31
2 292 627
3 20 523 920
2 4 673
3 528 774 938
2 93 541
3 188 333 994
3 304 529 855
2 49 92
2 376 475
4 169 200 921 940
2 1 634
3 7 850 947
2 40 46
3 153 569 889
2 3 592
3 0 49 871
2 35 436
2 591 776
2 19 385
3 328 814 892
2 196 757
2 249 490
3 10 241 999
2 0 12
4 16 841 877 971
2 277 597
2 267 580
2 330 859
2 4 30
2 514 680
2 111 163
2 411 459
2 55 702
2 32 868
2 0 427
2 34 76
2 6 57
2 406 564
2 34 751
2 224 760
2 153 435
2 300 682
3 18 528 918
2 248 329
2 57 116
3 301 857 942
2 196 710
2 1 302
2 5 863
2 153 774
2 283 425
2 5 245
2 10 21
2 0 660
2 20 35
2 357 560
2 35 103
2 34 137
2 510 623
3 465 804 993
2 368 478
2 80 206
2 144 432
2 169 491
2 61 762
2 203 687
2 29 548
2 33 97
2 211 539
2 132 809
3 19 111 963
2 12 214
2 306 750
2 96 190
2 432 886
2 6 456
2 135 845
2 315 853
2 0 68
2 4 325
2 19 505
2 378 712
2 91 519
2 43 136
2 17 94
2 12 121
2 217 341
2 146 457
2 110 209
2 4 219
2 6 294
2 273 725
2 20 706
2 90 623
2 430 847
2 624 699
2 488 853
2 229 735
2 52 889
2 363 703
2 32 116
2 26 144
2 37 110
2 12 855
2 289 373
2 292 464
2 4 579
3 34 475 973
2 363 590
2 12 234
2 7 283
2 20 95
2 562 664
2 2 294
2 14 147
2 72 661
2 1 121
2 243 453
2 151 674
2 623 914
2 34 674
2 71 365
2 6 127
2 466 600
2 12 140
2 37 268
2 74 78
2 18 868
2 5 586
2 57 951
2 173 364
2 541 736
2 220 689
2 154 347
3 7 28 979
2 151 978
2 506 545
2 5 574
2 220 596
2 165 340
2 18 549
2 371 608
2 64 352
2 186 314
2 393 488
2 1 16
2 21 354
2 158 191
2 21 659
2 18 903
2 400 849
2 122 352
2 326 770
2 99 109
2 35 99
2 227 866
