1000
13 1 2 13 17 34 69 71 139 303 375 535 553 646
48 0 3 7 11 19 22 27 39 40 44 47 74 79 80 81 89 100 102 115 131 177 181 183 192 202 204 234 235 241 291 403 425 441 443 448 468 477 511 522 524 637 686 747 774 814 823 933 970
79 0 3 4 5 6 8 12 13 14 18 34 38 39 46 90 103 107 108 112 127 130 138 140 153 160 161 174 179 189 200 215 231 246 249 258 261 283 292 294 300 304 305 312 325 343 346 349 360 393 463 508 514 517 527 528 530 539 567 572 610 629 652 674 682 689 692 696 710 739 789 804 831 834 858 882 892 925 944 985
68 1 2 4 7 8 9 17 19 20 21 23 24 33 36 43 47 49 50 56 57 70 81 86 89 96 97 106 110 113 122 127 152 156 158 159 160 163 186 197 228 270 277 286 301 322 341 342 373 429 433 475 536 591 637 653 694 701 764 793 810 828 866 906 919 934 962 981 992
41 2 3 5 6 10 28 33 67 120 125 136 151 161 201 224 225 237 240 302 321 332 345 354 376 391 435 457 523 533 559 571 578 628 739 776 796 800 846 885 907 963
32 2 4 9 12 15 21 29 31 36 56 57 67 68 93 167 168 185 195 220 242 248 369 454 512 549 693 757 851 884 886 935 989
18 2 4 18 26 41 45 73 95 99 142 194 209 296 522 547 703 874 950
39 1 3 15 16 35 46 48 96 104 105 117 119 139 147 167 203 215 244 251 270 281 338 388 428 459 495 503 504 532 554 577 650 686 688 720 753 811 838 932
41 2 3 10 14 25 37 51 58 64 65 75 95 97 121 125 150 151 172 187 199 226 257 310 322 379 440 473 494 565 580 582 594 618 619 621 664 672 695 897 902 953
29 3 5 11 23 30 32 40 52 54 71 157 191 230 288 327 359 383 398 414 422 543 563 670 691 692 833 839 881 889
10 4 8 94 106 109 334 392 514 667 947
8 1 9 20 142 204 440 736 946
13 2 5 16 37 144 196 419 465 503 518 817 859 928
26 0 2 24 30 35 69 76 146 156 190 238 244 274 302 310 329 466 516 558 562 583 601 617 621 630 981
6 2 8 173 277 702 725
33 5 7 29 38 60 64 68 88 132 152 205 250 253 255 265 280 313 315 317 337 477 479 483 512 558 560 598 706 730 743 768 808 939
23 7 12 25 26 41 51 62 66 134 191 219 273 295 319 320 339 394 430 573 687 771 829 871
5 0 3 31 210 226
7 2 6 80 254 763 786 860
20 1 3 32 44 52 55 83 88 140 163 210 213 296 399 443 502 506 781 911 941
6 3 11 22 222 260 676
12 3 5 42 77 115 137 176 230 510 566 694 717
8 1 20 293 374 421 474 540 611
6 3 9 78 148 444 987
16 3 13 28 85 116 199 271 335 427 545 548 679 695 824 871 915
8 8 16 54 239 286 321 622 724
13 6 16 27 62 119 154 190 236 312 334 382 414 678
4 1 26 49 55
14 4 24 61 178 182 224 381 392 513 684 769 848 932 949
14 5 15 128 129 159 164 184 195 196 316 326 457 531 929
6 9 13 48 73 78 958
6 5 17 166 221 564 870
24 9 19 43 58 91 98 124 184 197 238 254 263 384 393 405 449 451 523 541 627 640 654 836 923
15 3 4 42 59 72 83 105 107 214 291 357 588 670 776 908
14 0 2 94 130 216 243 348 418 464 732 762 821 837 928
5 7 13 50 114 173
4 3 5 53 283
11 8 12 146 218 231 299 358 560 646 807 934
4 2 15 63 187
18 1 2 59 70 75 133 144 228 271 294 306 313 400 409 436 639 820 827
10 1 9 82 259 550 583 697 760 898 957
6 6 16 141 247 361 909
3 21 33 266
7 3 32 123 359 488 607 677
18 1 19 45 77 155 232 241 279 309 375 420 453 551 704 723 755 836 996
19 6 44 63 82 87 92 111 200 275 280 356 364 469 493 777 787 815 843 877
10 2 7 90 266 282 631 752 782 788 811
17 1 3 60 65 171 175 206 253 284 289 331 333 406 671 761 798 878
7 7 30 102 104 240 813 995
7 3 27 61 114 597 658 805
22 3 35 53 93 111 135 188 212 282 293 328 402 432 502 540 634 724 837 860 914 922 964
4 8 16 87 206
13 9 19 84 117 162 170 178 467 680 683 822 867 994
3 36 50 153
23 9 25 76 101 126 128 133 155 298 300 314 354 469 510 557 561 682 696 712 763 891 954 988
3 19 27 79
3 3 5 991
3 3 5 506
19 8 32 121 188 211 353 361 368 434 491 518 534 579 596 626 798 886 901 962
5 33 39 584 815 965
8 15 47 164 211 445 545 863 933
9 28 49 120 442 663 711 726 850 888
12 16 26 66 136 171 175 567 586 737 820 953 976
5 38 45 110 431 706
14 8 15 72 116 129 141 229 262 329 438 608 609 641 713
11 8 47 74 91 92 223 245 318 416 926 997
7 16 62 499 521 550 586 634
2 4 5
12 5 15 84 86 103 247 346 347 395 610 717 989
4 0 13 143 308
2 3 39
4 0 9 403 513
3 33 64 214
2 6 30
9 1 65 172 180 202 227 389 765 807
3 8 39 285
6 13 54 335 450 651 771
4 21 44 101 123
12 23 30 85 99 208 255 298 378 401 437 476 809
14 1 55 170 323 389 411 494 557 734 735 744 767 825 910
3 1 18 620
12 1 3 150 174 207 304 426 589 599 665 830 983
3 40 45 719
5 19 33 365 395 480
10 52 68 108 424 446 504 526 546 626 939
8 24 78 118 590 597 612 755 773
6 3 68 158 222 541 645
5 45 51 124 189 217
4 15 19 212 246
2 1 3
18 2 46 100 122 149 218 221 236 248 274 318 371 399 408 589 689 865 868
3 32 65 264
5 45 65 198 281 595
20 5 50 149 179 185 192 205 265 339 351 432 445 526 677 703 826 843 880 890 917
7 10 34 98 165 168 331 852
9 6 8 180 217 341 388 579 699 938
3 3 7 942
4 3 8 730 787
7 32 94 134 135 147 413 835
5 6 78 307 748 779
5 1 90 109 369 636
8 54 77 112 169 489 584 599 734
4 1 48 118 793
3 2 68 452
12 7 48 207 290 396 428 460 490 645 749 810 848
6 7 33 669 674 728 833
2 3 10
5 2 33 387 735 965
3 2 84 770
10 10 100 138 154 166 182 299 461 685 937
5 3 63 417 863 963
4 45 50 113 486
6 2 101 216 456 492 772
7 3 111 126 208 289 330 431
10 35 49 145 232 245 267 367 478 947 991
6 1 21 145 219 451 861
4 24 64 412 475
5 7 52 258 416 519
6 85 102 165 272 303 423
11 7 26 169 193 295 315 380 397 455 940 966
3 4 61 148
4 8 58 259 922
4 3 90 131 593
2 43 77
5 32 87 198 284 825
13 4 8 132 186 358 364 508 569 609 667 709 729 797
2 54 113
14 2 3 181 233 340 343 472 521 536 612 795 799 822 927
2 29 54
5 29 64 235 625 834
3 2 34 498
4 1 122 137 915
4 15 125 292 340
7 39 54 234 362 452 656 887
3 16 98 176
4 50 98 580 912
5 4 62 607 680 839
8 21 131 143 233 272 507 511 529
5 2 109 203 520 590
5 0 7 201 223 551
3 2 19 311
9 41 64 162 177 237 349 727 756 849
5 6 11 183 774 975
2 69 137
3 12 39 357
5 114 115 157 391 977
2 13 37
4 7 98 213 794
6 23 120 555 613 668 893
4 90 93 466 903
7 8 81 261 317 490 542 803
4 4 8 378 858
3 3 15 193
12 2 53 249 267 275 376 386 420 509 519 568 988
3 26 109 252
2 44 54
2 3 13
5 9 145 524 830 898
7 3 86 535 613 708 955 995
5 3 29 194 220 974
22 2 3 225 229 242 252 306 374 462 463 467 515 582 614 622 659 699 744 773 790 861 887
4 2 4 655 749
3 52 141 619
6 3 19 320 446 794 864
4 29 60 604 690
6 94 118 227 268 479 812
4 31 109 381 421
2 5 7
3 5 94 268
9 101 119 377 384 495 601 673 908 996
3 52 79 410
7 47 62 441 487 650 710 784
3 8 74 633
4 14 35 683 986
5 2 81 484 576 906
2 47 62
10 21 134 251 330 413 464 700 782 923 954
4 1 141 427 746
4 28 52 352 385
9 2 93 239 344 405 591 679 765 899
3 74 95 360
4 1 127 297 715
11 28 109 263 301 367 438 447 684 917 918 987
5 1 142 390 437 921
3 29 32 873
2 5 93
3 3 125 481
3 8 38 556
3 50 58 278
5 2 87 772 841 929
4 13 26 370 424
7 9 16 365 383 905 930 959
2 1 93
3 119 152 927
9 6 159 307 336 350 732 835 840 955
4 5 29 323 913
3 12 29 761
7 3 32 269 397 603 949 951
7 92 124 348 549 573 605 799
3 8 24 585
3 2 45 876
6 4 139 279 411 581 691
3 1 74 786
2 7 138
4 1 11 264 407
6 15 93 581 664 716 864
5 47 51 209 256 644
2 81 104
4 78 113 385 838
5 6 206 285 314 396
12 17 19 256 288 328 538 642 655 709 978 982 994
5 58 60 507 635 702
4 50 88 379 681
8 19 147 351 476 603 698 750 856
7 33 72 243 262 422 435 715
4 2 7 269 614
3 34 112 501
2 87 95
3 37 90 276
5 16 115 338 412 916
4 5 159 325 585
7 31 90 319 336 350 769 904
4 20 86 373 617
7 65 139 326 474 500 574 750
2 4 28
2 4 160
3 8 17 539
3 74 165 875
2 3 39
2 64 160
6 9 21 344 436 496 818
2 2 37
4 44 114 311 829
6 127 137 386 606 672 745
10 1 133 309 368 454 657 685 826 849 907
3 1 129 857
6 26 90 250 631 663 852
6 4 141 260 458 936 978
3 13 32 461
6 25 179 305 572 840 944
4 4 48 332 707
3 1 44 676
3 5 160 455
7 34 214 257 675 791 850 855
4 7 13 449 855
4 65 114 273 999
4 2 88 795 973
11 41 68 355 404 426 483 592 615 714 851 888
6 5 90 276 705 741 982
3 2 153 287
3 15 236 471
8 7 176 363 649 671 745 817 844
2 154 160
6 15 47 462 496 720 722
4 18 32 448 505
3 15 78 660
2 206 210
2 8 243
4 2 117 324 969
4 40 121 380 868
2 20 237
9 2 150 278 290 366 371 407 525 738
8 64 214 404 615 628 660 764 853
5 32 182 297 485 532
6 91 204 394 458 574 775
2 15 93
2 42 46
2 114 153
3 165 168 529
8 197 215 287 372 515 563 654 716
2 3 7
3 24 39 569
2 118 137
2 16 245
4 13 90 342 983
5 45 153 324 387 881
4 218 248 598 812
3 3 14 327
3 188 261 624
2 44 201
6 15 45 353 575 900 919
2 7 92
3 46 50 566
3 2 36 488
3 47 124 370
4 75 209 538 896
2 3 25
3 249 269 968
3 9 210 891
4 47 113 497 824
8 104 261 390 460 537 823 943 999
2 1 33
3 2 132 575
2 22 50
2 2 39
4 16 119 480 802
4 6 19 520 758
3 181 263 316
3 54 78 415
5 37 109 491 625 819
5 2 54 402 459 604
2 3 182
4 4 13 627 973
7 0 118 308 468 548 565 806
3 2 81 453
3 2 239 700
4 39 160 611 788
3 99 194 960
2 69 303
3 44 234 509
3 8 13 450
4 140 232 333 418
10 2 26 337 400 553 596 775 792 920 961
4 15 39 616 669
7 54 209 382 576 701 718 971
4 15 119 356 433
4 29 297 884 913
3 15 150 592
2 65 90
7 16 221 417 425 801 940 971
3 16 163 602
4 4 25 968 985
4 3 8 347 531
2 79 195
4 258 275 409 737
4 2 220 430 635
4 29 223 345 638
7 9 277 363 484 778 918 960
3 50 210 570
3 13 64 638
2 113 176
3 47 94 993
2 4 240
2 47 311
3 10 26 362
9 24 76 352 355 447 472 481 561 781
2 194 221
4 15 312 473 647
2 7 219
5 16 93 533 707 870
4 127 132 661 814
5 3 95 401 873 889
3 3 274 546
4 2 127 681 742
6 179 230 406 471 486 975
3 4 326 408
3 2 68 456
3 68 322 423
4 34 198 648 726
5 2 141 410 478 731
3 194 221 894
2 93 213
2 178 335
6 58 280 439 721 805 967
2 4 54
4 247 335 629 643
4 45 315 398 779
2 33 144
3 37 125 687
2 9 43
10 2 180 498 500 544 578 608 718 816 832
3 41 58 366
4 133 334 766 780
4 251 327 429 859
3 45 125 372
2 83 191
6 261 361 377 485 785 875
2 114 182
2 58 234
2 5 100
3 190 284 969
3 90 261 924
2 269 364
3 3 222 492
4 22 160 639 727
4 0 44 633 731
2 4 153
2 169 366
2 78 151
2 8 212
2 119 259
2 28 166
3 26 314 465
3 9 191 442
3 32 169 555
2 178 208
3 153 233 936
4 107 275 602 762
2 7 95
4 74 79 499 659
2 183 290
3 4 145 895
2 10 28
3 2 32 902
4 16 264 657 705
3 68 83 790
5 104 209 415 748 846
5 119 197 497 804 952
2 9 356
2 19 90
2 39 312
5 78 341 501 767 903
2 50 300
3 1 71 419
2 247 262
3 32 179 636
3 47 344 568
3 204 261 649
6 90 345 434 487 552 783
2 39 324
2 170 349
4 79 201 588 643
3 116 219 482
2 98 176
3 9 26 493
5 298 396 439 632 869
2 65 117
4 110 319 752 754
3 34 311 648
3 12 403 605
2 44 153
2 22 166
2 9 214
2 118 347
3 84 190 876
2 1 319
5 81 247 600 651 895
2 24 177
4 7 104 766 862
2 3 363
3 16 325 847
3 63 113 444
3 50 93 666
2 3 315
4 58 408 554 725
2 4 214
2 39 230
4 78 183 797 882
3 64 182 489
2 353 415
2 8 11
3 1 171 470
2 61 383
4 1 19 570 847
2 23 431
4 60 93 564 647
2 84 163
5 182 335 516 562 623
3 1 254 665
4 32 244 517 556
5 76 310 527 542 723
3 32 115 559
3 103 133 534
2 44 304
3 5 234 742
2 119 242
3 112 346 809
2 4 29
3 237 264 890
6 7 300 552 656 693 697
2 104 290
3 109 238 743
2 160 253
5 2 160 620 640 733
2 34 176
2 12 382
3 13 149 470
2 52 160
4 1 303 482 632
2 45 54
4 441 466 759 760
5 250 344 543 653 920
4 127 335 587 827
3 8 337 784
3 22 223 926
2 3 116
2 78 213
2 1 15
4 114 349 831 942
2 15 165
3 83 295 785
2 186 335
3 412 468 921
2 15 247
3 174 327 630
5 263 366 658 756 914
2 111 344
2 171 408
2 43 283
3 101 438 789
3 104 150 547
2 58 299
2 112 373
4 45 414 668 675
2 8 79
2 7 169
2 230 253
2 289 397
3 130 360 722
3 66 389 729
3 223 360 505
3 216 401 616
2 19 50
3 7 12 990
2 7 84
4 254 500 644 990
2 19 57
2 137 211
3 2 125 528
6 153 309 618 661 738 879
2 21 54
2 1 137
2 5 15
2 28 71
3 2 10 862
3 160 269 537
2 13 447
3 2 449 845
2 12 58
2 117 153
5 138 296 530 751 816
5 66 127 544 754 992
3 1 6 525
2 4 32
4 1 157 690 894
2 261 522
5 84 93 623 780 972
2 2 450
3 2 508 930
4 137 268 587 662
5 2 520 600 606 857
4 29 322 746 778
2 7 263
2 4 339
2 58 452
2 0 158
2 3 127
2 290 515
2 210 285
2 2 226
2 22 50
2 32 86
2 150 450
3 9 471 935
3 360 521 770
2 24 60
2 84 342
2 6 490
2 24 303
3 5 198 853
2 40 66
2 44 139
3 408 459 571
2 0 312
5 7 434 818 821 948
4 148 384 877 909
2 187 449
3 54 79 911
3 13 15 577
2 4 451
3 15 37 893
2 54 335
7 13 447 593 641 713 740 841
4 9 269 741 958
3 31 445 993
2 8 303
2 21 282
2 2 62
2 153 406
4 125 271 595 945
2 328 443
2 4 552
2 2 239
2 16 198
3 223 264 808
2 280 292
4 174 314 624 956
2 7 558
2 4 360
2 58 95
3 8 135 759
2 201 205
2 8 160
2 13 40
3 59 101 714
5 199 220 594 652 791
2 62 66
2 472 529
3 33 411 768
2 81 90
2 85 138
2 3 179
3 247 317 783
2 122 562
4 8 585 832 892
3 92 569 719
2 58 312
3 49 85 711
3 15 276 979
2 81 101
3 426 530 704
2 13 169
3 320 387 688
2 197 213
2 164 300
2 198 419
2 233 530
2 43 136
2 64 360
2 64 125
2 2 68
4 22 306 642 721
2 85 127
3 148 158 872
3 160 215 802
4 247 262 856 998
3 313 501 758
2 13 222
2 8 509
2 8 162
2 80 463
4 8 13 792 800
2 25 160
3 447 526 740
2 278 576
2 129 299
3 58 84 666
2 32 302
2 4 262
2 2 355
2 13 484
3 46 236 777
2 415 468
2 172 375
2 50 66
2 211 325
2 100 405
2 1 3
2 326 329
2 39 374
2 32 463
3 64 562 842
4 210 611 662 854
4 355 411 728 733
3 206 505 673
2 86 104
2 0 37
2 337 445
5 348 418 916 984 997
3 251 407 956
2 7 171
2 76 426
2 2 585
2 3 471
3 32 269 712
6 161 210 803 828 878 980
4 133 459 708 854
2 234 394
3 49 485 943
2 160 389
3 255 262 880
2 340 509
2 529 642
2 61 236
2 8 205
4 81 448 678 698
2 432 626
2 10 125
2 148 493
3 105 313 885
3 9 33 845
2 47 251
2 8 233
2 169 644
2 2 105
2 243 493
2 20 241
3 43 93 865
3 26 665 957
3 24 179 905
2 52 136
4 212 343 736 910
3 2 54 801
2 52 173
3 28 182 874
2 109 234
3 1 7 813
2 16 358
3 7 602 806
2 2 90
3 164 524 950
2 9 201
2 2 9
2 5 459
2 3 21
3 8 24 967
3 2 54 900
2 40 459
3 213 665 931
2 95 160
2 176 305
2 3 314
2 14 211
2 6 93
2 44 600
2 248 394
2 15 63
4 240 339 757 979
2 158 656
3 125 210 964
2 2 171
2 61 597
3 54 654 977
2 64 562
2 247 584
2 181 214
2 205 269
3 21 68 819
3 314 360 879
2 82 595
2 7 253
3 353 611 952
2 253 498
2 44 450
2 25 50
2 14 434
3 61 348 901
2 141 374
2 105 643
3 125 499 747
2 15 97
3 349 375 938
3 34 194 972
2 463 643
2 79 101
2 79 107
4 11 681 751 753
2 62 324
2 261 509
3 2 4 896
2 562 623
2 248 563
2 343 454
2 15 461
2 79 160
2 233 251
2 177 531
2 1 729
3 99 396 998
2 104 161
2 213 223
2 520 736
2 46 417
2 7 736
3 417 521 937
2 44 85
2 141 485
2 5 707
2 296 616
3 470 580 897
2 40 470
2 47 196
2 34 387
2 18 54
3 3 262 904
3 74 179 974
2 362 428
3 79 401 980
2 15 588
3 28 221 844
2 108 544
2 16 76
2 112 189
4 85 160 866 924
2 1 142
2 264 312
2 4 33
2 45 631
2 327 531
3 99 356 951
2 362 526
2 19 335
2 46 176
2 408 592
2 171 473
2 366 480
2 18 202
2 45 97
2 46 306
4 2 489 796 867
2 160 395
3 243 585 970
2 312 621
2 3 102
2 147 163
4 127 246 925 931
2 4 789
2 125 437
3 47 58 959
2 127 198
2 4 621
2 319 682
2 295 614
2 150 655
2 2 397
2 49 353
2 303 688
2 37 74
2 15 574
2 78 456
4 3 104 883 976
2 7 46
2 165 276
2 48 686
2 1 340
2 45 59
3 360 520 842
2 12 251
2 230 554
3 299 717 869
2 39 62
3 34 554 872
2 52 127
2 1 290
3 24 289 883
2 79 124
2 93 234
2 39 472
2 3 655
2 16 232
2 81 157
2 2 478
2 360 594
3 9 105 899
2 2 129
2 98 194
2 32 44
2 34 50
2 7 208
2 9 136
2 194 239
3 189 562 912
2 641 816
3 45 93 946
2 251 769
2 517 670
2 4 396
2 430 443
2 28 104
2 141 234
2 61 243
2 5 247
2 94 236
2 262 549
2 642 656
2 243 244
2 213 615
3 235 530 961
2 2 151
2 12 363
2 18 50
2 115 160
2 428 514
2 60 110
2 163 205
2 90 677
2 3 773
2 52 789
2 90 259
2 415 819
2 31 339
2 16 24
2 613 821
2 184 341
2 6 684
2 227 366
2 200 424
2 45 555
2 47 655
2 509 718
2 93 660
2 9 275
2 2 437
2 810 824
3 5 316 986
2 4 669
2 5 58
2 133 160
2 61 247
2 9 341
3 93 458 948
2 54 288
2 2 594
2 148 560
2 350 524
2 391 426
2 285 739
2 8 759
3 40 157 945
2 179 833
2 280 696
2 58 726
2 8 393
2 149 401
2 221 764
2 191 679
2 3 174
2 4 234
2 33 169
2 41 555
2 79 681
2 19 557
2 135 841
2 195 316
2 50 485
2 24 131
4 219 648 966 984
3 93 182 941
2 182 327
2 3 280
2 312 471
2 183 482
2 50 121
2 32 176
2 371 773
2 2 795
2 65 474
2 127 193
2 12 34
2 29 189
2 191 528
2 698 795
2 7 28
2 1 60
2 3 37
2 5 543
2 237 386
2 109 754
2 95 731
2 15 84
2 119 319
2 19 917
2 96 478
2 290 658
2 2 239
2 569 898
2 11 843
2 10 114
2 554 890
2 28 197
2 6 690
2 197 779
2 397 721
2 8 62
2 54 176
2 158 194
2 576 649
2 40 678
2 30 563
2 191 798
2 307 327
2 312 857
2 3 58
2 4 110
2 50 709
2 59 107
2 119 916
2 353 695
2 287 321
2 258 370
2 1 791
2 314 319
2 526 732
2 246 302
2 159 765
2 142 344
2 62 810
2 145 712
2 210 237
2 598 707
2 655 767
2 3 13
2 210 248
2 81 274
2 648 916
2 2 321
2 173 884
2 23 182
2 54 153
2 5 68
2 503 505
2 56 114
2 3 521
2 331 564
2 52 210
2 48 158
2 44 169
2 65 648
2 615 748
2 245 290
