1000
66 1 2 3 4 5 6 7 8 12 15 17 26 30 34 50 60 77 78 82 98 116 128 131 147 149 151 153 161 175 182 211 234 252 254 259 268 270 318 370 421 441 457 467 480 485 496 501 524 534 539 596 604 605 609 625 631 700 704 781 795 801 865 940 970 983 993
43 0 3 4 8 9 17 18 20 21 23 26 29 32 59 62 65 68 92 133 138 146 180 196 262 368 395 418 446 447 462 577 578 627 647 671 680 795 807 818 888 897 929 940
23 0 23 28 47 58 85 99 166 174 236 288 368 377 434 435 581 588 603 608 633 655 712 987
97 0 1 6 7 14 35 36 38 41 43 48 51 56 60 65 67 68 69 70 71 73 78 80 82 87 92 93 97 113 124 144 148 159 171 174 192 193 201 202 205 219 221 249 253 258 275 278 281 292 303 324 334 365 375 401 402 406 407 412 415 416 420 432 453 505 519 523 548 555 556 561 592 611 673 678 689 691 733 741 756 758 769 783 793 806 813 832 863 875 910 914 915 918 933 960 972 989
54 0 1 5 10 11 16 29 53 64 91 118 123 130 156 161 171 189 209 215 220 237 246 251 293 301 321 331 358 388 390 396 464 529 600 602 686 690 729 742 822 858 871 879 881 885 894 897 907 917 969 971 972 979 987
21 0 4 11 14 18 57 76 77 167 189 207 358 391 410 433 547 593 624 749 919 958
26 0 3 13 31 40 80 103 136 157 199 284 425 437 444 471 505 557 574 607 626 673 728 734 756 803 812
12 0 3 16 22 59 63 84 213 218 528 766 962
51 0 1 9 10 12 13 15 19 20 21 27 47 49 54 75 76 81 87 98 110 117 119 130 141 199 263 296 302 320 323 350 362 364 375 377 392 401 411 452 514 582 616 729 747 816 837 840 842 886 974 995
22 1 8 25 132 133 165 168 169 237 258 267 385 413 444 537 645 749 758 767 826 892 980
12 4 8 32 79 93 96 210 332 369 384 754 936
17 4 5 33 55 72 94 118 135 138 147 158 181 517 540 637 836 994
33 0 8 19 22 25 52 74 83 101 106 125 129 142 162 196 203 251 271 296 325 328 371 400 482 495 504 506 549 601 620 689 736 935
15 6 8 30 39 53 75 139 197 331 341 439 552 810 843 927
18 3 5 50 55 61 100 121 139 224 238 455 474 631 684 692 699 720 853
20 0 8 84 99 151 160 173 179 205 206 243 263 265 300 379 473 752 753 867 984
18 4 7 24 27 35 49 64 86 113 170 200 248 298 553 569 576 584 606
52 0 1 33 36 38 41 42 44 61 85 86 105 111 112 116 117 142 162 184 228 233 234 282 294 308 314 332 352 393 408 427 451 475 489 504 512 522 528 530 562 575 579 619 660 687 741 814 821 853 860 882 923
11 1 5 57 127 177 276 364 511 695 933 986
15 8 12 24 108 134 182 208 291 367 416 465 473 524 816 857
12 1 8 97 103 220 312 316 354 492 558 824 938
14 1 8 31 45 46 104 168 385 387 394 476 716 737 751
18 7 12 28 34 43 46 66 72 150 266 330 371 468 618 702 762 784 840
13 1 2 40 88 95 101 121 218 247 256 346 938 973
18 16 19 135 173 176 217 230 278 339 361 516 557 564 584 789 793 851 965
5 9 12 54 126 438
6 0 1 391 864 929 934
7 8 16 83 414 441 573 714
2 2 22
5 1 4 39 194 650
6 0 13 155 346 472 776
13 6 21 45 114 178 277 359 580 677 820 878 990 993
10 1 10 222 272 446 490 674 693 785 926
17 11 17 37 63 94 106 232 257 269 337 567 649 864 865 888 916 937
5 0 22 107 305 333
15 3 16 37 51 81 149 202 261 285 423 630 633 715 828 998
7 3 17 245 273 478 702 830
5 33 35 56 160 804
14 3 17 102 109 177 267 297 324 543 574 642 661 666 706
6 13 29 44 115 127 200
15 6 23 42 208 217 287 414 551 595 665 790 824 924 935 975
14 3 17 89 126 154 184 192 211 434 583 605 659 664 684
4 17 40 561 812
18 3 22 69 74 90 112 341 357 457 472 585 620 621 640 676 707 796 811
6 17 39 158 369 820 889
3 21 31 70
11 21 22 48 52 115 186 216 255 359 372 658
12 2 8 197 347 510 534 563 571 654 732 770 787
10 3 46 58 108 169 198 443 464 609 628
11 8 16 143 245 282 325 338 366 623 637 930
5 0 14 306 348 560
7 3 35 256 298 507 721 835
8 12 46 140 154 420 428 517 538
4 4 13 913 917
8 8 25 102 229 264 339 521 709
11 11 14 105 107 215 648 698 727 772 976 978
11 3 37 73 131 187 423 431 502 512 616 952
3 5 18 519
5 2 48 645 705 827
18 1 7 62 66 141 190 259 280 304 309 380 381 428 463 696 740 791 996
15 0 3 67 90 122 204 280 381 456 480 595 612 699 713 817
5 14 17 71 383 725
2 1 59
10 7 33 148 185 204 216 308 397 433 508
8 4 16 128 156 279 286 374 641
8 1 3 124 143 643 717 850 856
8 22 59 79 91 110 166 191 532
5 3 60 223 435 909
6 1 3 287 746 765 877
4 3 43 145 782
7 3 45 96 134 467 498 869
12 3 61 123 170 227 313 508 683 722 731 775 900
4 11 22 269 513
2 3 56
4 12 43 89 526
5 8 13 137 236 833
4 5 8 136 194
12 0 5 152 214 254 340 384 404 409 486 740 860
4 0 3 571 690
8 10 66 129 328 514 520 675 975
6 3 6 188 315 586 851
4 8 35 271 578
9 0 3 104 485 651 763 785 823 989
7 12 27 100 111 114 327 477
8 7 15 88 172 425 538 635 667
7 2 17 180 682 718 786 971
6 16 17 145 164 632 792
12 3 8 95 191 283 295 400 412 566 628 901 957
4 23 84 119 955
7 41 74 153 510 652 661 814
12 43 60 188 228 244 309 399 668 733 775 883 959
8 4 66 137 336 731 761 841 855
14 1 3 120 343 344 418 437 445 491 518 527 549 847 884
8 3 10 179 195 301 846 854 937
6 11 33 310 500 953 965
11 23 87 146 165 311 525 540 543 709 790 928
4 10 70 345 913
2 3 20
5 0 8 456 477 523
3 2 15 603
5 14 83 322 378 650
4 12 23 109 841
10 38 54 176 293 357 360 426 529 761 770
9 6 20 152 178 244 302 372 730 855
13 21 82 224 238 243 330 476 502 550 568 686 719 726
6 17 55 222 257 478 560
6 12 33 120 395 665 708
9 34 55 198 246 405 429 501 589 866
3 19 48 868
2 38 101
4 8 66 303 675
3 17 83 943
2 17 43
5 3 16 186 299 526
7 31 83 125 351 748 875 991
2 39 46
4 0 17 639 794
4 8 17 122 453
15 4 11 155 203 230 231 304 602 636 676 792 813 874 946 956
7 8 88 183 219 225 240 388
6 92 106 250 299 692 779
10 14 23 164 290 295 337 431 520 750 871
6 60 117 322 452 764 866
2 4 71
6 3 65 240 349 555 563
3 12 114 800
7 25 41 159 284 312 672 910
3 18 39 326
5 0 64 132 319 932
16 12 79 140 163 288 338 458 532 592 597 619 655 828 829 862 922
5 4 8 316 398 797
7 0 56 221 320 374 466 544
5 9 128 305 597 669
7 1 9 315 356 365 445 985
4 19 70 190 367
6 11 24 223 232 242 247
5 6 76 163 227 310
5 75 91 207 262 274
4 1 11 349 625
2 13 14
12 52 129 172 185 276 289 419 474 493 608 881 911
3 8 59 352
13 12 17 144 150 193 212 241 260 340 495 542 713 918
4 49 65 455 638
2 3 142
2 69 86
6 1 95 471 494 810 876
6 0 11 195 252 311 493
5 3 63 157 213 654
2 0 35
4 22 142 206 707
3 0 15 599
4 77 103 250 832
8 0 89 235 329 378 383 742 944
6 41 52 265 314 448 961
3 30 118 604
5 4 64 175 382 419
5 6 148 594 839 882
9 11 44 167 183 542 564 587 667 978
4 3 126 403 439
2 15 37
7 0 4 187 201 442 447 904
3 12 17 960
7 129 136 209 233 389 804 954
7 86 121 275 382 594 791 936
3 9 95 329
3 2 66 307
5 5 158 317 541 591
3 9 21 231
8 9 48 181 242 277 289 646 946
3 16 71 363
6 3 4 261 386 640 847
7 84 140 297 321 432 461 724
12 15 24 212 241 248 249 281 286 380 415 454 764
4 2 3 270 541
4 0 156 503 952
2 24 102
3 18 38 817
2 31 103
2 15 93
4 1 85 279 355
5 11 169 373 398 426
8 0 19 214 642 768 887 898 899
4 119 158 335 448
4 17 41 531 808
3 63 140 210
4 46 113 589 948
4 56 161 649 829
3 80 90 639
2 4 5
7 59 134 460 717 748 800 801
8 66 87 318 390 449 465 551 807
3 3 41 915
4 3 142 405 582
8 29 76 354 403 503 746 852 896
3 93 147 253
6 1 12 327 482 507 668
7 13 47 290 291 294 771 870
4 48 107 334 460
4 6 8 229 483
7 16 39 361 643 644 671 982
6 3 161 313 568 945 969
3 3 35 239
2 12 118
4 60 63 347 516
2 3 15
4 15 150 225 698
8 5 137 407 714 732 815 891 903
4 19 40 264 353
4 4 163 397 803
4 10 185 500 836
3 0 41 335
5 142 173 285 422 949
4 7 148 226 373
7 77 182 235 470 580 618 934
2 4 55
7 46 63 226 239 483 891 992
8 24 40 307 343 408 430 497 819
4 7 23 260 947
2 3 119
3 4 20 559
2 3 131
4 32 105 755 991
3 67 135 333
4 14 104 614 765
2 119 206
5 213 216 430 899 920
3 71 136 685
2 17 90
10 54 199 300 350 362 509 530 598 754 784
5 24 118 458 677 796
2 118 168
12 33 135 274 376 393 566 674 737 788 821 895 951
2 17 163
4 0 17 461 481
11 153 214 366 406 469 565 581 632 706 712 999
2 2 75
3 4 9 317
2 14 104
2 202 216
2 119 124
5 142 173 319 569 635
3 135 169 399
3 15 104 823
2 90 103
5 36 49 273 409 479
2 4 107
8 23 135 353 355 469 525 651 777
4 16 173 255 544
5 3 173 283 535 614
2 120 152
4 4 12 402 738
2 0 147
4 3 195 547 554
3 0 77 342
3 46 248 427
3 23 51 292
3 33 105 351
8 3 9 272 386 481 488 695 747
3 0 59 394
3 142 218 336
6 35 171 268 475 682 799
3 1 137 266
3 8 15 843
2 54 208
3 15 154 306
4 22 262 610 844
5 9 38 344 389 436
2 0 261
4 33 72 387 723
2 0 174
7 12 81 323 627 703 982 983
2 32 258
2 36 245
3 137 232 360
2 3 164
2 18 140
2 31 169
3 3 24 996
2 64 180
4 59 60 715 834
3 3 173 572
3 17 49 556
3 87 249 345
3 6 126 470
3 35 212 752
4 64 173 443 590
4 40 68 572 762
2 2 129
3 140 169 559
5 121 197 392 487 818
3 19 197 735
7 3 256 533 691 753 781 783
2 4 102
4 17 197 463 867
2 87 121
11 8 12 411 429 489 579 624 710 868 907 909
2 38 172
3 16 51 436
4 113 120 535 755
5 15 229 342 363 462
5 4 93 348 735 880
3 8 103 613
3 3 110 977
5 59 118 479 679 780
2 34 132
4 50 265 497 961
5 166 217 562 773 825
3 17 63 967
5 59 90 600 704 955
3 94 136 583
3 95 147 687
5 20 126 356 459 701
3 71 201 646
4 17 154 570 586
2 80 133
2 20 130
2 167 237
5 0 191 491 567 954
5 128 241 417 424 694
3 8 131 536
2 4 172
10 100 122 326 370 421 494 573 861 911 988
4 8 271 379 999
3 3 38 728
3 12 49 376
2 127 322
2 83 196
4 12 79 575 942
3 153 165 622
2 22 104
3 4 13 839
5 10 17 468 849 980
4 34 223 440 484
4 3 198 424 941
2 183 211
6 91 260 647 739 787 985
2 33 121
5 49 129 459 681 727
2 24 54
2 77 142
2 13 43
2 254 300
4 92 217 509 612
4 92 267 410 744
4 96 283 634 688
3 23 30 723
3 47 204 745
4 50 301 488 490
4 124 138 611 877
2 8 229
3 114 257 518
4 17 141 577 726
2 208 247
2 20 194
2 180 247
3 133 312 484
5 43 102 422 515 826
2 4 5
3 31 46 499
4 102 274 417 774
5 24 200 442 789 992
2 8 229
2 170 300
2 8 18
7 3 133 404 607 670 767 873
2 49 235
4 19 134 629 739
4 1 2 533 652
2 10 44
2 0 322
6 12 22 396 486 576 693
3 46 103 606
3 181 213 708
2 64 131
4 3 8 615 885
3 232 325 811
4 2 8 450 831
3 100 153 451
2 15 323
2 59 173
3 59 60 890
3 156 164 636
3 61 153 953
2 10 77
2 9 21
2 171 258
5 21 269 438 527 536
2 4 119
3 163 267 942
4 4 191 656 901
3 5 26 719
4 8 290 657 771
3 17 232 768
2 21 259
2 1 106
2 4 371
2 63 209
2 130 181
3 90 242 596
2 12 87
8 3 8 449 487 499 554 657 660
4 3 251 506 883
2 159 194
5 77 365 546 874 959
3 107 193 466
4 3 235 496 511
2 3 207
4 17 217 736 848
3 77 245 413
2 5 344
3 8 296 788
4 3 87 588 802
3 9 409 970
3 27 40 450
2 3 173
2 3 19
3 319 360 809
2 1 92
2 140 156
3 3 52 827
3 0 322 772
2 212 357
4 35 56 440 539
2 319 334
2 6 84
4 102 181 454 872
2 17 255
4 52 59 492 757
2 107 296
3 217 226 794
4 56 121 721 998
2 3 172
4 5 63 711 730
4 2 41 515 697
2 2 67
3 267 298 900
3 6 92 995
3 25 387 805
2 13 159
5 333 423 798 932 941
4 0 27 773 948
2 161 361
3 48 286 653
5 6 9 766 831 845
2 92 133
2 1 32
3 1 161 558
2 154 183
3 191 401 962
4 377 414 990 994
3 17 378 967
4 8 122 835 889
3 3 117 697
2 173 426
2 14 143
4 60 98 759 921
2 0 43
3 129 230 974
3 312 338 522
3 190 198 834
2 172 234
3 1 300 906
2 59 294
5 4 48 531 662 681
2 19 191
2 131 405
2 0 70
2 22 332
2 235 247
2 214 284
3 6 146 498
5 30 43 513 521 757
2 15 19
2 14 140
2 17 261
2 21 104
3 83 98 683
2 36 105
2 245 304
2 0 60
3 234 258 725
2 12 196
4 199 216 893 924
5 333 356 638 680 720
5 0 82 861 939 973
3 77 371 957
2 290 401
3 258 348 623
6 17 296 591 630 666 846
2 32 348
2 92 318
2 20 428
4 140 147 570 908
3 146 322 629
3 12 142 587
3 0 406 546
2 217 306
3 70 471 613
4 359 401 672 678
2 94 210
2 0 107
2 56 104
2 175 194
4 12 17 759 852
4 3 6 610 634
3 12 402 849
2 51 196
6 63 71 545 644 845 850
4 229 343 550 738
2 47 89
4 18 406 872 884
3 17 56 601
2 72 472
4 8 79 590 986
5 357 434 663 718 890
6 24 204 658 694 806 893
5 11 52 565 894 984
2 92 351
3 3 57 724
2 79 121
2 54 472
2 17 459
2 3 98
5 0 19 552 617 685
2 95 247
2 74 113
3 92 387 966
5 7 17 537 545 809
3 4 102 925
3 17 229 659
2 184 464
2 66 129
2 292 368
5 0 47 548 663 930
2 249 299
4 320 387 615 892
2 9 528
2 52 84
3 0 423 648
2 11 95
2 167 174
3 142 158 621
3 38 95 593
2 131 248
5 508 528 734 876 947
2 404 496
3 5 253 553
2 3 534
2 12 92
2 104 509
3 40 191 902
2 13 524
2 16 547
2 253 401
4 3 124 622 912
2 3 282
3 6 24 854
2 20 447
4 220 289 782 922
3 50 105 626
3 3 42 815
2 17 307
7 47 124 599 664 751 774 822
3 24 158 887
3 235 517 585
2 87 232
2 33 318
3 104 201 760
3 16 241 863
2 314 493
2 47 78
3 281 287 598
2 27 322
2 6 38
3 17 328 669
3 16 371 716
2 1 352
2 1 81
2 17 296
5 31 214 799 833 912
2 2 235
2 8 193
2 41 310
5 16 24 662 903 945
2 43 565
2 80 314
2 158 495
3 2 412 777
2 107 186
2 286 514
2 167 489
2 3 129
3 5 543 701
2 157 164
3 40 60 966
3 0 399 943
2 129 132
2 229 572
3 151 563 760
2 4 309
2 12 512
2 4 118
4 2 99 710 859
3 0 155 656
2 0 41
2 16 372
2 6 365
3 2 140 779
3 0 48 808
3 266 505 705
2 3 349
2 60 343
3 302 498 916
3 224 249 837
3 375 536 825
7 8 56 617 878 898 927 950
3 524 616 778
2 22 214
2 17 129
2 12 43
3 43 542 802
2 329 555
5 49 488 653 838 905
3 5 296 641
3 0 138 956
5 6 560 679 688 750
2 1 271
2 48 87
2 367 494
2 35 489
2 0 14
3 86 235 908
2 2 35
3 345 505 700
3 84 241 819
2 118 382
3 11 49 919
3 143 484 979
2 116 188
3 43 171 703
2 64 624
2 38 182
3 65 200 928
3 200 508 856
2 9 58
3 169 313 778
2 1 336
4 55 539 880 914
3 33 187 904
2 29 100
3 82 247 920
3 89 368 696
3 443 623 776
2 47 148
2 2 129
2 390 604
2 392 401
2 46 516
2 41 530
3 17 401 744
2 38 89
2 464 584
2 515 534
3 41 563 869
4 40 106 670 838
3 38 489 798
2 84 158
2 90 196
2 132 575
3 365 665 780
2 1 200
3 126 499 931
2 3 6
2 32 232
3 79 110 763
2 43 118
2 31 230
2 3 499
2 304 626
2 1 484
2 338 464
2 85 261
2 71 477
2 14 41
2 227 524
2 4 104
2 17 311
2 345 626
2 3 12
3 4 78 797
2 3 292
4 14 120 902 988
2 32 371
3 319 516 745
3 18 258 963
2 59 652
3 434 453 862
3 55 206 743
2 14 60
3 0 634 769
2 312 593
2 22 36
3 271 640 896
3 0 309 743
2 58 610
3 38 235 711
2 43 150
2 106 373
2 54 95
3 296 603 964
2 433 706
2 2 235
2 60 142
2 27 207
2 35 280
3 21 576 722
2 65 190
2 85 515
2 104 391
3 14 484 879
2 51 431
2 71 716
2 269 346
2 172 519
2 61 481
2 104 352
2 55 338
2 6 324
2 4 8
2 103 433
3 71 91 786
2 47 207
2 3 90
2 6 545
2 291 301
3 12 408 963
2 21 232
2 251 509
2 336 367
2 59 77
2 3 17
2 4 153
3 698 704 857
2 344 660
2 347 694
3 68 194 939
3 8 258 886
2 114 190
2 5 9
2 121 626
2 21 563
2 15 285
3 15 292 958
2 10 229
2 222 299
2 3 6
2 428 472
2 3 9
2 456 504
2 568 599
3 91 102 968
2 22 287
2 82 675
2 122 173
3 68 224 997
2 7 444
2 9 365
2 182 393
3 3 700 981
2 47 102
2 197 392
3 55 421 951
4 307 441 805 830
3 360 563 921
2 71 90
2 30 653
2 247 588
2 617 646
2 120 608
2 304 670
3 0 292 895
2 69 559
2 3 292
2 22 229
2 32 82
2 85 731
2 47 336
3 232 411 842
3 24 361 949
2 40 95
2 59 164
2 86 118
2 3 24
2 116 430
2 0 1
2 43 230
2 130 690
2 440 666
2 261 580
2 125 190
2 0 190
2 412 621
2 6 209
2 37 163
3 438 773 923
2 3 516
2 1 191
2 184 609
2 417 528
2 13 146
2 43 376
4 6 42 844 977
3 3 118 944
2 17 89
2 207 561
4 8 19 859 976
2 60 177
2 1 290
2 217 635
2 31 44
2 17 232
2 4 563
2 82 243
2 20 40
2 307 615
2 9 357
2 58 420
3 35 129 873
2 129 187
2 36 773
2 377 444
2 3 152
2 75 580
2 280 460
2 51 452
2 11 210
2 8 614
3 623 665 905
2 157 331
2 8 22
2 91 101
3 8 788 926
3 13 263 848
2 266 812
2 444 508
2 93 489
3 92 171 906
2 408 843
3 332 506 870
2 65 508
2 24 80
2 194 504
2 14 17
2 93 557
3 91 103 858
2 65 644
2 19 743
2 4 855
2 603 816
2 17 77
2 322 485
2 129 697
2 3 569
2 26 33
2 0 33
2 107 122
2 15 294
2 108 296
3 70 664 968
2 197 849
2 4 121
2 426 511
2 365 828
2 118 404
2 3 114
2 146 545
2 68 349
2 31 616
2 4 720
2 301 648
2 4 140
2 17 157
2 90 402
2 92 511
2 4 375
2 8 747
2 182 564
2 1 33
2 44 452
2 381 515
2 207 216
2 9 536
2 483 516
2 4 517
2 232 781
2 194 703
2 1 4
2 182 616
2 182 226
2 71 436
3 87 390 925
2 551 692
2 207 584
2 161 649
2 623 838
2 462 847
2 4 296
2 493 632
3 67 296 931
2 3 126
2 140 322
3 555 580 964
2 53 96
2 3 648
2 3 192
2 33 613
2 4 53
3 3 142 997
2 5 637
2 226 651
2 456 774
2 129 559
2 17 805
2 40 483
2 529 901
2 32 842
2 13 616
2 95 643
2 1 26
2 49 534
2 672 909
3 128 440 950
2 3 18
2 26 214
2 12 40
2 10 164
2 33 93
2 20 23
2 485 746
2 0 1
2 334 440
2 328 389
2 111 596
2 153 813
2 201 584
2 118 169
2 218 545
2 186 441
2 212 789
2 616 932
2 232 772
2 56 175
2 94 383
2 163 318
2 88 309
2 118 625
2 87 486
2 5 753
2 90 404
2 3 162
2 154 306
2 7 449
2 695 736
2 710 912
2 24 94
2 527 595
2 308 451
2 761 869
2 4 201
3 0 413 981
2 4 85
2 3 4
2 23 485
2 8 458
2 40 79
2 55 816
2 303 812
2 55 158
2 4 638
2 9 332
2 769 970
2 200 271
2 0 271
2 15 517
2 133 336
2 18 514
2 2 4
2 322 692
2 3 82
2 31 450
2 114 222
2 216 361
2 0 31
2 11 450
2 8 437
2 59 278
2 765 918
2 35 431
2 235 323
