600
41 1 2 3 4 5 6 7 8 11 14 16 25 27 41 50 62 63 66 92 103 106 116 118 120 127 158 170 181 190 220 323 349 356 359 388 393 445 488 531 586 593
27 0 3 4 8 9 16 17 19 20 22 25 29 49 52 55 75 108 115 140 149 255 272 310 406 501 509 545
16 0 22 38 48 68 80 132 139 201 255 297 384 392 410 421 595
58 0 1 6 7 13 31 32 34 35 39 42 46 50 55 57 58 59 63 66 70 75 76 99 117 126 137 139 147 163 178 180 184 194 205 253 259 278 279 282 287 290 305 337 346 369 386 435 439 479 480 489 505 513 538 560 561 587 597
34 0 1 5 10 15 54 74 94 105 123 127 137 156 162 172 212 222 229 247 267 273 312 352 390 438 461 469 526 536 540 543 549 587 595
15 0 4 10 13 17 47 62 133 154 247 268 285 296 364 580
16 0 3 12 28 33 83 124 151 198 292 315 337 370 395 405 479
11 0 3 15 21 49 53 67 159 161 351 581
37 0 1 9 11 12 14 18 19 20 26 38 40 44 61 65 70 89 93 95 105 151 208 213 224 251 259 269 278 286 304 398 461 473 508 519 544 589
15 1 8 24 107 108 131 134 135 172 184 189 263 288 357 480
11 4 5 30 45 77 94 110 116 125 141 345
26 0 8 18 21 24 43 60 81 85 100 104 112 128 149 152 191 208 227 256 277 320 338 365 391 401 466
7 6 8 27 61 150 229 504
9 3 5 41 45 51 97 173 317 456
9 0 8 67 80 188 211 260 477 533
13 4 7 23 26 31 40 54 69 136 209 367 380 394
27 0 1 30 32 34 51 68 69 90 92 93 112 128 143 170 206 230 270 283 318 327 343 351 379 424 506 528
7 1 5 47 102 342 441 594
11 8 11 23 87 109 155 204 254 313 349 508
9 1 8 83 162 217 218 330 511 569
12 1 8 28 36 37 84 134 263 265 271 453 476
9 7 11 35 37 56 256 400 490 519
13 1 2 33 71 78 81 97 161 177 183 240 569 588
10 15 18 110 167 194 236 250 370 374 584
5 9 11 44 101 299
5 0 1 268 530 568
3 8 15 451
6 0 12 122 240 316 486
7 6 20 36 91 193 248 381
6 1 192 328 432 440 491
12 10 16 53 77 85 169 234 377 417 530 531 545
10 3 15 42 65 118 186 291 410 452 598
8 3 16 82 88 189 361 425 446
8 6 22 155 200 366 427 495 511
9 3 16 72 101 121 143 147 158 297
12 3 21 60 73 246 316 382 401 402 413 434 497
3 20 28 58
7 20 21 39 43 182 248 257
11 2 8 150 241 341 356 373 378 464 484 493
8 3 37 48 87 135 302 312 407
6 8 15 113 176 235 404
4 0 13 242 372
7 3 31 183 209 339 457 516
8 11 37 111 121 290 294 345 358
8 8 24 82 166 187 236 348 448
6 10 13 86 416 590 591
8 3 106 144 291 295 336 343 398
3 5 17 346
2 2 39
12 1 7 52 56 145 196 216 294 311 442 468 496
7 0 3 57 73 98 153 196
5 13 16 59 262 460
2 1 49
7 7 30 117 153 274 296 340
6 4 15 103 123 195 199
5 1 3 99 113 414
8 21 49 64 74 89 132 146 354
4 3 50 164 558
5 3 36 79 109 333
7 3 51 136 340 458 463 552
4 11 35 72 350
3 8 12 514
10 0 5 119 160 181 280 284 324 468 528
4 0 3 378 438
5 56 104 227 347 433
3 8 31 191
9 0 3 84 323 418 482 491 510 597
7 7 14 71 138 292 358 411
6 2 16 140 436 454 492
5 15 16 114 130 409
12 3 8 78 146 197 207 277 287 376 407 553 579
4 22 67 95 578
7 34 60 120 341 419 425 506
6 35 50 216 276 428 542
7 4 56 233 463 481 520 525
7 1 3 96 238 329 365 521
4 3 148 212 524
5 10 30 335 576 584
8 22 70 115 131 361 448 495 565
2 58 239
3 2 14 392
4 11 22 88 520
8 32 44 246 249 293 352 481 484
7 6 19 119 213 257 462 525
5 20 66 173 336 455
6 11 30 96 272 427 447
3 45 281 532
3 18 39 534
2 32 81
3 8 56 433
2 16 572
5 28 100 243 474 538
2 0 16
4 8 16 98 305
9 4 10 122 152 167 168 412 434 505
3 8 71 142
4 75 85 179 210
10 13 22 130 203 207 234 295 347 475 536
6 50 93 223 304 483 532
4 3 55 369 373
2 11 91
6 24 34 126 198 217 431
2 17 225
5 0 54 107 221 567
14 11 64 111 129 201 235 307 354 386 389 421 512 529 563
5 4 8 218 275 498
5 0 46 163 314 362
5 9 103 214 389 429
3 1 9 253
4 18 58 145 254
6 10 23 164 169 175 177
6 43 104 138 202 317 331
5 11 16 174 185 561
2 40 55
1 69
6 1 78 315 332 504 539
4 0 10 148 331
4 3 53 124 159
2 0 31
4 62 83 179 513
7 0 72 171 228 262 469 573
3 34 43 188
3 27 94 393
3 4 54 261
4 6 117 387 518
6 10 133 142 374 383 591
2 3 101
5 0 4 144 301 555
2 11 16
4 104 156 266 577
5 69 97 261 387 496
3 9 78 228
3 2 56 215
5 5 125 219 360 385
3 9 20 168
7 9 39 141 175 193 202 415
3 15 59 252
6 3 4 186 264 413 521
5 67 111 222 309 459
3 2 3 360
4 1 68 195 245
5 10 135 258 275 293
3 95 125 232
4 16 34 353 502
4 46 127 417 512
4 49 109 308 474
8 56 70 220 267 303 313 366 501
3 3 34 560
3 76 116 180
6 1 11 226 320 339 428
7 12 38 203 204 206 485 535
4 6 8 166 321
2 11 94
3 50 53 241
6 5 282 451 464 507 548
4 18 33 187 244
3 4 129 274
1 335
3 0 34 232
4 7 117 165 258
5 62 171 381 400 568
4 7 22 185 574
3 4 19 371
2 3 106
3 57 110 231
2 159 562
6 44 151 211 251 478 490
4 23 94 307 497
2 94 134
7 30 110 270 376 432 494 550
4 0 16 309 319
6 120 160 375 409 446 599
3 4 9 219
2 13 84
3 112 221 411
3 110 135 276
2 40 284
5 22 110 244 245 418
2 3 197
2 96 119
4 3 148 364 368
3 0 62 237
1 37
3 22 42 205
8 3 9 192 264 319 326 441 473
3 112 161 233
5 31 137 190 318 436
2 44 155
2 14 121
5 9 32 238 266 298
2 0 186
6 11 65 224 406 444 593
2 29 184
2 28 135
2 3 23
2 54 140
4 49 50 452 515
3 70 178 239
2 6 101
2 54 302
1 33
2 2 104
3 111 135 371
5 97 150 269 325 509
3 18 150 465
7 3 183 355 439 477 488 489
4 16 150 311 533
2 70 97
7 8 11 286 327 449 534 558
3 15 42 298
1 96
5 14 166 237 252 310
5 4 76 242 465 541
3 8 83 396
1 107
1 132
5 49 73 390 445 578
2 19 101
2 19 105
2 133 172
5 0 146 329 377 577
3 103 174 289
2 4 138
4 98 225 332 596
4 8 191 260 599
2 102 223
1 149
4 11 64 379 571
3 120 131 403
3 4 12 518
2 16 523
3 164 300 322
2 142 158
4 74 185 467 493
2 30 97
2 40 104
2 23 44
2 181 211
4 75 189 285 471
3 79 197 437
2 22 27
3 38 153 472
4 41 212 326 328
1 91
2 155 177
2 140 177
3 35 82 344
2 4 5
3 28 37 334
2 82 289
2 23 301
2 8 166
2 136 211
5 3 108 280 395 430
4 18 109 408 467
4 1 2 355 419
6 11 21 273 324 380 440
3 37 83 394
3 141 159 447
4 3 8 397 543
2 14 224
3 123 130 412
3 51 120 576
2 9 20
2 137 184
2 20 299
3 129 189 571
4 4 146 422 553
3 5 25 455
4 8 203 423 485
2 16 169
1 20
2 1 85
2 4 256
2 53 156
2 105 141
3 73 175 388
2 11 70
8 3 8 303 325 334 368 423 424
3 3 338 542
2 62 253
2 86 314
2 3 154
3 16 466 522
3 62 176 288
2 5 238
3 8 208 494
3 3 70 384
3 9 284 586
3 221 249 503
2 3 43
4 31 46 300 359
2 6 67
4 82 141 306 537
3 43 49 330
4 46 97 457 598
4 5 53 450 462
4 2 34 344 443
3 189 209 552
3 24 265 500
5 231 291 499 567 570
2 127 250
3 39 199 420
3 146 278 581
4 8 98 516 546
3 3 93 443
1 293
3 104 167 589
2 145 515
2 138 170
2 1 211
2 49 206
3 4 39 353
2 18 146
2 106 281
3 6 115 333
3 27 35 348
2 13 111
2 16 186
3 170 184 460
2 11 149
1 151
2 231 456
3 0 66 588
3 62 256 579
2 203 278
3 184 242 404
3 16 208 385
2 29 242
2 75 220
2 19 294
3 111 116 557
3 115 223 408
3 58 315 396
4 248 278 431 435
2 77 157
2 46 84
2 3 6
3 11 279 523
2 42 149
3 53 59 363
2 38 72
2 17 537
3 16 46 391
5 246 297 426 454 547
4 10 43 375 549
3 3 47 459
2 64 97
2 44 316
3 0 18 399
1 60
5 7 16 357 363 503
3 4 82 564
2 143 312
2 56 104
2 205 255
3 0 38 426
2 9 351
2 43 67
3 0 291 416
2 133 139
2 32 78
1 106
4 340 351 539 574
3 5 180 367
2 11 75
3 33 146 554
2 15 364
2 180 278
4 3 99 403 559
3 6 23 524
3 162 202 563
2 41 405
3 38 99 476
2 23 125
3 171 345 382
2 70 169
2 30 220
2 38 63
3 16 227 429
3 15 256 453
4 28 160 514 559
2 35 375
1 125
2 2 287
2 133 327
2 3 104
2 124 130
3 0 276 572
2 104 107
2 4 216
2 11 343
4 2 80 449 527
3 0 122 422
2 15 257
2 6 253
2 213 333
1 259
4 8 46 399 575
3 349 398 487
2 21 160
2 11 35
1 35
2 228 369
5 40 326 420 517 556
4 6 372 437 475
2 1 191
2 39 70
2 254 332
3 69 171 557
2 2 31
2 67 174
2 94 261
3 35 137 444
2 55 565
2 135 487
3 45 359 541
3 30 144 555
3 66 177 562
3 72 255 442
3 302 404 486
2 2 104
2 267 393
2 269 278
3 16 278 471
2 32 72
2 344 356
4 33 85 430 517
2 73 149
2 107 379
2 253 427
3 101 334 566
2 29 169
3 64 89 482
2 35 94
2 3 334
2 68 186
2 239 405
3 4 63 498
2 3 205
2 29 256
3 17 184 582
2 49 419
3 297 305 529
3 191 413 551
3 0 216 470
3 32 171 450
2 85 258
2 44 78
3 208 392 583
2 296 446
2 26 154
2 31 196
3 20 380 458
2 68 344
2 84 268
3 13 322 540
2 42 295
2 59 453
2 138 346
2 51 319
2 4 8
2 83 296
3 59 74 492
2 38 154
2 204 212
3 11 283 582
2 233 254
2 49 62
2 4 120
1 445
2 238 424
1 241
3 8 184 544
2 91 145
2 97 405
2 20 373
3 14 205 580
1 166
2 3 6
2 3 9
3 74 82 585
2 66 433
1 98
2 38 82
2 150 269
2 27 420
2 399 415
3 0 205 550
2 3 205
2 21 166
2 29 66
2 68 463
2 38 233
2 169 286
2 33 78
2 49 130
2 35 167
2 105 438
1 300
1 299
2 1 146
1 143
2 289 351
2 12 115
3 3 94 573
2 16 72
1 154
4 8 18 527 590
2 1 203
1 66
2 19 33
2 104 144
2 3 119
2 61 381
2 196 308
2 42 304
3 404 427 556
2 124 229
2 8 21
2 74 81
2 75 137
1 283
3 230 338 535
2 76 370
3 74 83 526
2 4 525
2 392 508
2 16 62
2 104 443
2 25 30
2 0 30
2 86 98
2 14 206
2 87 208
2 150 523
2 4 97
2 293 342
2 3 91
2 115 363
2 4 456
2 212 416
2 73 279
2 4 259
2 8 473
2 1 30
1 304
1 344
1 154
2 4 345
2 169 488
1 444
2 59 298
3 70 267 564
1 366
2 127 417
2 404 517
2 331 409
3 57 208 566
3 369 381 583
2 3 147
2 3 112
2 165 418
2 104 371
2 352 553
2 78 414
2 431 558
3 103 300 575
2 25 160
2 19 22
1 300
2 227 266
2 90 388
2 120 505
2 161 363
2 398 567
2 77 262
2 129 220
2 71 216
2 70 324
2 5 477
2 7 303
2 441 466
2 449 559
2 23 77
1 481
3 0 288 592
2 3 4
2 22 323
2 8 307
2 45 508
2 45 125
1 586
2 0 191
1 17
2 2 4
1 223
2 3 66
2 31 295
2 171 224
