1000
83 1 2 3 4 7 9 10 11 14 15 20 21 24 25 30 31 35 37 55 60 72 75 77 83 88 99 112 129 130 134 138 142 147 169 193 198 201 203 208 214 216 217 254 259 277 291 316 411 419 425 443 469 475 484 495 498 570 577 611 623 644 670 679 690 700 724 725 729 731 748 779 839 872 877 886 897 900 926 931 933 964 967 998
39 0 3 12 20 23 33 39 41 43 49 54 57 59 68 86 102 127 172 198 213 288 302 330 339 391 433 455 466 518 556 596 659 758 841 842 847 929 932 988
30 0 8 14 18 52 57 63 71 78 94 126 153 175 223 229 265 280 306 335 355 417 421 453 523 531 609 652 693 774 846
57 0 1 4 5 6 7 8 12 17 28 33 38 47 65 75 85 86 96 111 113 114 147 148 163 191 204 221 252 282 314 324 329 431 455 458 511 515 537 564 575 576 591 628 638 704 745 749 764 776 797 882 899 914 947 950 987 992
32 0 3 5 10 22 24 29 32 38 39 69 135 146 166 176 190 223 274 316 361 368 415 437 459 519 536 550 608 669 680 810 938
54 3 4 6 13 27 32 34 35 52 63 80 81 99 110 121 126 129 145 186 211 219 239 255 281 284 354 363 364 412 413 434 435 486 497 522 525 533 534 553 572 573 648 652 701 706 783 801 809 870 912 915 976 982 983
60 3 5 9 15 17 19 21 23 28 40 55 56 82 89 98 102 115 120 123 131 137 151 188 194 230 234 248 272 289 299 318 325 357 376 381 391 392 399 442 505 536 548 569 603 620 632 634 647 661 664 713 715 730 798 859 904 910 968 969 981
17 0 3 16 36 45 65 156 225 238 334 387 430 494 595 611 650 696
40 2 3 11 18 26 31 37 48 73 74 92 100 101 106 111 117 188 207 230 242 246 247 301 314 346 360 400 406 414 452 471 473 508 527 544 663 708 724 778 863
10 0 6 44 64 227 248 584 608 712 829
10 0 4 46 101 378 438 808 828 952 963
26 0 8 13 27 40 74 79 143 165 180 192 210 258 286 298 386 389 466 513 545 551 678 893 909 959 990
9 1 3 118 232 353 412 703 768 929
4 5 11 36 503
15 0 2 16 42 103 131 132 136 142 167 257 273 351 406 451
10 0 6 46 114 128 218 319 345 794 927
5 7 14 22 150 429
9 3 6 133 232 484 604 689 865 993
33 2 8 19 30 42 45 58 62 97 125 172 186 235 238 241 250 251 303 315 360 375 383 453 496 583 621 700 756 761 787 850 925 994
7 6 18 48 88 196 307 786
11 0 1 70 81 305 528 596 708 773 820 821
9 0 6 90 109 201 235 589 592 754
3 4 16 418
17 1 6 25 29 47 105 162 240 245 278 297 320 451 461 546 639 911
6 0 4 66 90 305 788
13 0 23 26 34 64 71 73 310 345 349 429 625 884
27 8 25 44 66 69 76 77 84 112 148 154 155 182 184 197 217 331 433 494 568 587 601 623 678 844 919 991
6 5 11 62 160 231 762
8 3 6 199 292 427 465 888 890
4 4 23 56 483
10 0 18 51 89 184 233 353 446 738 945
14 0 8 95 110 137 178 359 362 495 721 776 822 849 924
2 4 5
8 1 3 162 180 300 318 844 989
34 5 25 43 51 53 78 91 123 145 152 155 157 161 178 194 274 359 365 379 393 408 500 510 532 537 557 603 649 702 733 734 865 935 985
8 0 5 93 175 471 478 489 879
9 7 13 96 200 285 291 512 651 793
11 0 8 41 67 454 585 597 681 753 825 925
8 3 4 59 276 390 477 491 797
45 1 4 49 50 61 70 76 82 85 87 92 97 103 105 107 122 127 139 150 156 183 197 209 222 262 298 329 377 437 467 526 561 565 571 631 643 658 679 772 811 819 825 903 942 999
4 6 11 115 704
17 1 37 67 117 151 160 195 241 281 553 642 685 732 774 957 973 981
13 14 18 54 177 259 312 317 348 443 695 834 884 995
12 1 34 53 60 174 253 340 378 418 760 831 956
6 9 26 187 410 423 944
4 7 18 171 592
11 10 15 124 128 262 390 415 667 705 867 911
6 3 23 61 179 352 674
13 8 19 50 68 87 135 177 187 631 752 878 932 982
11 1 39 108 109 113 189 191 541 672 673 725
6 39 48 139 356 469 470
8 30 34 58 119 226 670 683 860
4 2 5 83 516
15 34 43 108 307 337 371 388 465 535 547 610 617 641 816 974
4 1 42 122 586
5 0 6 268 444 530
3 6 29 260
3 1 2 367
7 18 51 219 224 335 449 847
3 1 38 817
10 0 43 144 154 268 368 482 508 635 917
12 39 47 100 130 153 170 367 480 610 622 677 885
8 18 27 93 211 224 326 409 717
14 2 5 72 164 210 228 380 411 432 574 607 692 853 962
3 9 25 712
7 3 7 84 336 342 545 753
3 24 26 290
10 37 41 107 174 244 366 557 722 785 965
9 1 48 260 270 277 296 539 758 949
4 4 26 370 583
7 20 39 120 214 254 499 636
6 2 25 134 506 645 860
6 0 63 173 457 462 529
5 8 25 225 323 975
6 8 11 315 346 684 948
4 0 3 80 900
9 26 39 79 116 152 344 356 709 759
8 0 26 161 173 299 460 639 948
5 2 34 94 317 563
6 11 76 118 520 907 945
7 5 75 140 220 650 805 827
3 5 20 514
3 6 39 91
8 0 52 136 170 196 236 341 472
6 26 65 157 270 332 339
5 3 39 202 463 716
7 1 3 255 256 513 801 846
7 39 48 95 98 323 405 470
7 0 19 119 271 555 625 898
4 6 30 171 427
9 21 24 168 200 275 434 546 619 905
5 34 82 141 520 702
5 8 39 104 374 522
4 35 62 296 568
10 2 78 141 144 204 266 294 633 647 802
5 31 87 338 349 707
7 3 36 106 569 760 901 969
4 18 39 302 410
6 6 87 125 283 786 831
2 0 5
11 8 61 124 294 347 382 540 619 635 837 915
13 8 10 149 205 228 261 272 396 478 680 772 806 812
11 1 6 104 199 206 208 258 350 432 620 728
6 14 39 195 424 798 962
5 92 102 163 216 321
5 23 39 449 580 636
9 8 96 116 149 279 718 728 731 751
8 39 67 181 213 397 613 876 979
7 49 53 209 267 810 886 892
4 21 49 574 882
10 5 31 203 304 364 588 634 651 682 746
4 3 8 400 815
5 0 26 485 657 879
5 3 49 121 486 916
6 3 15 164 295 671 871
5 6 40 132 766 961
13 76 106 168 189 273 311 509 543 564 585 661 726 891
6 8 41 182 236 864 893
9 12 79 249 308 428 436 481 781 858
3 51 88 984
7 6 70 146 269 616 851 988
8 5 113 159 181 441 601 618 711
12 39 54 206 276 320 324 398 460 556 629 928 989
6 6 34 222 482 595 733
2 46 100
3 18 98 246
10 2 5 138 205 247 308 333 783 887 894
6 1 39 231 334 384 527
8 15 46 133 143 166 464 602 633
2 0 5
7 0 61 343 374 567 845 861
3 6 14 165
2 14 115
9 17 128 140 226 251 286 479 524 927
5 0 71 190 477 693
6 4 48 179 361 668 887
3 14 83 269
3 6 31 570
7 0 126 158 229 540 710 919
7 39 50 221 283 331 394 660
2 80 133
7 91 94 185 215 253 544 792
5 0 14 667 752 918
2 11 128
7 60 94 167 422 715 815 961
12 5 34 169 261 290 292 369 376 630 675 723 926
2 4 120
5 0 3 473 511 526
4 3 26 212 697
2 101 106
4 16 39 340 934
4 6 41 379 769
4 34 76 245 883
3 2 61 788
2 26 60
2 26 34
5 7 39 159 457 744
11 34 84 158 176 336 488 630 701 765 848 939
2 138 157
6 121 156 319 328 351 416
6 27 41 183 322 518 943
4 34 77 421 880
7 23 33 501 538 687 713 763
2 3 104
2 63 114
5 11 131 193 869 902
4 4 128 719 986
3 14 144 824
2 90 116
2 0 145
6 61 83 192 338 403 836
4 45 89 279 474
3 1 18 856
7 72 77 207 310 710 855 967
7 43 67 239 264 321 579 964
2 2 35
7 4 157 562 668 711 873 960
7 42 48 215 285 352 734 793
4 31 34 293 655
2 47 135
4 11 33 445 998
5 107 121 212 615 762
6 26 117 243 250 503 504
3 39 160 185
2 26 30
5 141 183 220 397 875
10 5 18 288 297 366 395 476 823 828 907
2 44 48
9 6 8 275 476 578 581 720 842 934
6 49 116 436 462 767 936
16 4 134 202 243 342 354 380 413 430 442 463 559 683 791 852 901
11 3 49 233 257 300 347 377 528 591 718 735
3 11 170 719
4 0 165 699 936
5 6 34 237 514 923
6 41 103 240 381 385 891
6 19 83 547 558 845 868
5 26 39 295 372 561
2 0 1
3 28 102 287
6 36 90 509 665 750 824
9 0 21 237 420 444 500 554 587 659
3 85 190 940
3 0 110 672
3 3 94 580
2 101 126
4 102 122 389 942
8 8 173 263 282 325 566 645 905
2 0 102
3 39 108 703
3 11 63 674
7 5 62 227 448 656 738 908
2 148 181
4 1 107 416 428
6 0 70 280 289 489 499
3 141 177 653
9 0 104 218 242 284 375 550 761 863
4 0 26 699 799
5 15 216 571 736 819
12 5 58 244 256 313 370 401 447 566 590 640 870
2 80 185
6 3 139 322 343 373 755
6 39 123 306 373 782 992
5 2 4 263 448 791
2 58 62
6 7 73 252 426 535 834
2 51 133
5 9 211 278 507 616
6 63 101 266 341 365 461
5 2 138 358 490 889
5 6 8 264 327 866
4 27 127 311 439
4 12 17 504 505
7 30 191 234 313 399 531 581
3 6 233 398
3 18 21 745
4 83 117 304 525
9 194 201 267 309 362 422 492 493 648
2 7 18
5 5 174 309 401 922
2 23 195
4 18 41 456 696
7 8 216 271 383 521 627 883
3 182 190 515
4 67 219 492 698
3 23 152 439
2 8 125
5 8 126 588 888 898
7 6 9 249 384 521 780 937
5 118 248 312 438 475
2 18 182
5 18 133 348 386 487
4 3 225 606 757
4 43 141 287 407
3 0 70 582
2 5 86
4 86 219 628 877
4 14 191 593 779
3 11 102 606
6 0 42 332 408 654 800
4 56 68 265 303
2 101 145
3 39 46 972
3 207 223 895
2 174 230
2 2 260
3 94 228 559
3 108 237 735
2 55 60
5 120 136 394 474 694
3 68 84 864
3 88 242 402
3 6 101 549
4 14 116 468 800
2 4 34
4 90 188 749 941
3 38 122 817
2 0 68
7 23 227 293 371 517 533 624
2 106 171
2 2 214
4 5 41 506 563
3 3 207 685
2 98 139
8 5 216 327 425 426 656 727 984
4 36 177 301 666
6 11 133 382 431 560 593
4 199 253 419 757
4 1 186 450 690
4 6 214 813 876
8 66 145 363 493 626 748 853 873
3 0 36 424
4 28 145 328 456
2 178 278
2 94 100
2 114 197
3 68 93 811
7 23 186 344 613 848 867 999
3 11 39 920
3 6 77 790
4 33 191 326 913
4 8 285 512 686
3 1 97 732
7 18 260 452 552 554 835 909
3 110 236 663
4 20 24 501 980
3 2 222 355
6 19 53 417 578 955 986
6 118 126 405 519 688 822
3 237 239 705
3 25 173 358
3 116 231 549
4 42 249 330 899
3 219 233 823
4 3 8 435 742
6 18 74 337 404 529 530
2 0 4
4 42 78 534 655
9 6 33 395 447 450 467 498 684 854
2 15 159
5 23 122 446 759 862
9 104 174 369 459 472 565 590 855 958
6 160 221 385 714 792 830
7 73 87 333 393 548 582 951
2 3 122
4 6 207 468 861
5 62 300 440 737 829
2 230 284
3 159 292 978
3 3 39 490
6 1 312 409 717 751 930
4 26 139 396 741
2 84 259
4 126 323 662 923
2 7 127
2 2 58
3 65 157 839
2 53 315
4 95 170 387 840
3 1 84 552
2 43 150
2 83 228
3 65 190 441
3 130 221 357
7 76 297 350 576 598 736 755
3 15 25 488
5 8 74 445 714 935
3 100 191 615
2 42 251
2 25 95
2 102 344
3 14 159 420
2 47 177
4 12 30 388 991
6 5 190 372 687 750 959
6 2 306 464 479 516 937
2 50 76
2 6 343
3 229 310 818
2 31 34
2 8 18
2 4 135
2 31 237
3 5 290 517
2 5 110
3 34 228 551
3 67 186 403
4 57 61 423 835
4 4 60 502 777
2 145 321
6 69 219 562 669 789 906
2 53 278
4 197 354 532 730
6 221 222 392 402 454 612
3 92 130 584
3 18 216 600
6 6 145 481 743 821 931
2 39 191
2 10 43
4 34 151 747 974
3 63 190 558
3 6 195 897
3 100 286 641
3 18 242 902
2 127 248
3 195 322 624
3 11 251 723
2 7 338
2 53 353
2 11 206
2 38 46
4 1 6 589 806
3 6 373 502
2 34 323
2 139 269
4 186 318 575 739
3 101 331 407
3 107 185 485
2 122 234
5 6 233 483 808 840
3 8 111 539
2 219 239
4 271 373 404 777
3 170 366 946
2 315 402
4 87 308 604 802
4 8 14 612 740
3 253 396 626
4 34 259 458 642
5 62 330 414 440 640
2 44 97
3 0 63 938
3 5 12 599
2 5 190
4 8 409 602 795
2 4 46
2 159 213
5 2 307 605 681 694
3 22 43 933
3 0 287 507
2 201 351
2 2 161
2 144 237
3 44 367 744
2 103 291
5 0 284 768 771 954
2 225 284
4 28 89 646 881
4 118 213 541 586
2 16 25
3 7 190 577
2 3 286
8 63 102 523 609 614 707 720 976
2 1 26
2 5 90
2 5 314
2 118 189
2 4 39
2 10 249
2 231 245
3 326 409 941
3 121 342 862
4 6 190 524 804
3 0 42 709
3 55 201 997
2 180 346
2 30 320
3 219 318 896
3 211 223 691
2 58 105
3 288 318 621
5 14 23 510 622 666
3 8 303 579
3 2 18 747
4 37 373 629 836
3 1 3 763
5 241 292 813 918 965
3 72 156 746
2 3 408
2 4 321
3 77 122 928
4 23 228 480 497
5 72 189 740 766 784
2 85 190
2 128 355
2 28 53
2 1 11
3 39 318 686
2 273 325
2 0 50
2 50 87
2 8 35
2 83 321
4 8 147 637 903
4 171 269 804 826
6 0 249 496 542 833 885
3 186 188 727
3 38 134 662
2 35 101
4 133 355 695 868
4 61 461 572 904
5 118 376 643 799 881
4 60 123 487 796
2 29 399
2 0 17
2 112 397
2 5 113
6 251 482 542 594 617 660
2 157 345
3 35 214 618
3 229 329 491
2 38 490
5 237 244 567 953 980
2 237 290
3 7 26 975
2 0 31
3 18 475 833
3 5 461 560
7 0 318 607 673 812 827 838
2 70 214
6 34 201 573 654 770 977
2 162 305
3 368 392 765
2 13 182
2 182 232
3 6 232 600
2 71 281
2 227 419
3 8 60 996
3 116 200 543
4 34 451 832 871
2 3 147
3 36 301 599
3 11 86 538
2 81 194
3 3 243 637
3 52 355 689
2 278 363
4 1 160 676 913
5 4 308 691 697 917
5 79 91 555 605 830
4 242 248 794 850
2 5 92
2 2 432
2 133 442
3 5 236 754
3 39 147 671
3 8 127 778
3 20 191 869
5 72 315 597 638 649
3 55 315 803
2 2 233
2 34 372
2 5 278
4 5 317 692 841
4 53 225 814 922
2 4 6
3 3 34 970
4 162 513 784 912
4 68 400 843 914
2 100 138
3 49 428 764
2 475 487
2 116 509
3 8 141 787
2 11 65
2 23 90
2 53 196
2 6 323
3 272 311 930
3 4 216 741
2 11 365
4 303 339 646 838
2 5 41
3 201 303 594
2 88 520
2 1 122
4 34 67 856 920
2 196 380
2 190 266
2 286 497
3 39 197 858
2 176 370
3 78 281 632
2 3 116
3 39 321 737
2 207 219
2 130 492
2 26 93
2 6 96
2 0 137
3 39 218 614
3 5 480 990
3 5 500 946
3 63 109 676
2 3 395
3 3 344 805
3 0 430 665
3 188 307 653
3 174 452 721
2 105 204
3 188 233 854
2 254 323
3 18 69 939
5 9 374 598 664 872
2 37 116
2 54 428
2 26 201
2 110 247
2 21 391
3 219 321 658
2 3 191
2 21 45
3 257 286 851
3 487 554 849
2 7 123
4 1 20 716 949
2 37 529
2 344 584
2 412 512
2 375 505
2 26 121
2 128 414
2 6 34
3 17 405 979
2 417 520
2 252 258
4 63 498 627 657
3 4 9 866
2 2 432
5 53 61 688 767 966
2 0 7
2 373 406
2 107 297
2 432 571
2 181 347
2 120 227
2 53 487
2 121 489
2 90 100
2 6 102
3 18 450 996
2 61 451
3 0 26 769
3 278 385 644
2 25 88
2 290 407
2 242 607
2 3 256
5 122 454 743 773 960
3 145 157 698
2 39 48
3 6 563 739
2 94 128
2 6 110
4 60 100 782 890
2 70 105
4 473 515 675 874
2 3 529
2 23 77
2 219 409
4 53 382 780 977
2 41 408
2 39 481
3 0 624 722
3 71 207 729
2 427 552
2 6 94
3 5 237 742
3 34 529 682
2 7 80
3 36 110 957
2 2 5
2 215 578
2 259 500
2 178 317
2 211 284
4 112 607 880 963
3 39 590 706
2 1 201
3 139 487 781
2 6 116
2 333 477
4 8 304 894 952
3 6 584 677
2 200 577
3 285 451 875
2 46 142
2 135 176
2 4 370
2 0 51
2 114 526
3 49 203 756
2 49 498
2 47 210
2 145 637
2 518 574
2 61 664
2 11 26
3 0 39 809
2 4 101
2 37 417
4 110 649 775 993
3 51 190 807
2 74 318
2 41 282
4 301 467 832 970
2 162 354
3 308 610 820
3 17 516 814
2 0 288
3 448 519 944
2 63 534
3 2 134 955
2 269 417
3 42 479 790
3 7 241 803
2 148 519
2 244 630
2 193 217
2 0 18
5 5 157 796 816 818
2 34 91
3 12 209 857
2 3 40
3 46 309 726
3 5 658 994
3 95 432 895
2 8 20
2 76 443
2 138 173
2 121 176
2 9 64
2 6 162
2 322 346
2 6 144
3 85 596 775
2 62 330
2 106 191
2 166 192
2 188 432
2 31 579
2 67 644
2 145 386
2 0 8
2 0 49
5 116 705 826 852 956
3 284 476 785
3 102 106 940
3 0 645 857
2 6 372
3 0 106 770
3 41 302 973
3 34 123 910
2 34 177
2 191 267
2 218 344
2 326 565
2 30 211
2 395 632
2 406 462
2 331 550
2 314 648
2 376 629
2 156 423
2 3 235
2 110 457
2 379 453
2 0 290
2 3 275
2 200 354
3 106 330 916
2 48 142
2 37 65
2 21 525
2 221 344
2 18 672
2 252 287
2 1 68
3 76 320 807
2 43 96
2 18 216
3 27 181 892
3 162 455 771
2 3 541
2 157 502
2 115 462
2 189 610
2 12 425
2 151 623
2 500 731
2 425 763
2 39 101
2 20 629
2 2 41
2 682 716
3 3 31 978
4 368 402 789 795
3 8 527 921
2 0 257
2 248 641
3 118 660 943
2 222 635
2 5 126
2 462 538
2 67 727
3 19 98 859
2 18 544
2 24 153
2 370 777
2 299 695
2 190 223
2 141 322
2 36 177
4 15 521 889 972
2 414 777
4 482 701 874 997
2 3 38
2 6 103
2 217 481
2 259 273
2 5 86
2 94 405
2 530 696
2 442 474
2 80 576
2 101 391
2 683 759
2 10 399
3 5 679 950
2 4 108
2 39 296
2 101 498
2 289 456
3 535 689 953
2 111 144
2 53 701
2 59 276
3 358 701 995
2 39 218
2 20 688
2 20 376
2 31 308
2 186 313
2 167 200
2 37 39
2 474 726
2 80 498
3 10 186 837
2 9 326
2 322 520
4 43 98 843 966
2 510 686
3 475 496 896
2 42 225
2 303 367
2 170 454
2 100 828
2 498 552
2 0 336
2 338 399
2 1 534
2 1 188
3 539 831 908
3 26 33 924
2 130 196
2 2 86
2 1 58
2 157 297
2 31 594
2 18 521
4 120 593 878 958
2 190 726
2 63 290
2 318 581
2 173 321
2 172 557
2 703 729
2 118 561
2 6 786
2 51 71
2 130 325
2 320 441
2 8 216
2 117 270
2 17 34
2 230 608
2 46 297
2 196 479
2 165 528
3 5 219 954
2 114 510
2 0 584
2 176 290
2 637 796
2 185 666
2 107 289
3 0 256 906
2 48 851
2 35 112
2 161 657
2 427 481
2 3 109
2 152 242
2 25 42
2 61 475
2 0 108
2 126 135
2 28 247
3 229 794 968
2 28 635
2 116 195
2 108 762
2 11 117
2 126 663
2 263 707
3 447 833 971
2 0 381
2 88 247
2 3 312
2 0 75
2 96 190
3 165 383 921
2 39 473
3 6 480 947
2 90 207
2 370 877
2 79 186
2 211 843
2 11 303
2 6 733
2 23 46
2 5 538
2 300 518
2 3 539
2 5 100
2 113 751
2 60 519
2 142 456
2 26 138
2 298 557
2 778 902
3 239 535 951
2 194 333
2 31 844
2 18 37
2 0 145
2 15 133
2 122 460
2 1 12
2 330 549
2 0 376
2 1 48
2 0 418
2 150 188
2 34 346
2 189 193
2 248 355
2 4 411
2 157 583
2 202 728
2 275 440
2 39 206
2 160 781
2 44 691
2 30 79
2 403 573
2 3 904
2 74 77
2 68 596
2 3 809
2 323 922
2 10 663
2 492 814
3 425 870 971
2 307 693
2 43 726
2 41 651
2 321 851
2 11 354
2 176 629
2 115 144
2 63 103
2 10 657
2 0 174
2 67 456
2 610 831
2 0 173
2 6 889
2 6 96
3 537 686 987
2 896 954
2 262 794
2 41 732
2 53 379
2 73 494
2 5 432
2 500 641
2 328 776
2 107 604
3 305 492 985
2 6 41
3 5 48 983
2 5 982
2 119 284
2 34 980
2 166 307
2 3 970
2 1 120
2 33 122
2 11 572
2 26 353
2 3 222
2 17 682
2 18 706
2 42 818
2 508 621
2 444 796
2 0 180
2 39 297
