200
11 1 2 9 12 22 58 69 89 126 137 194
10 0 3 5 15 25 59 114 139 148 170
12 0 3 4 5 23 27 56 73 74 88 124 179
12 1 2 4 8 11 12 13 17 24 26 97 147
18 2 3 6 7 30 31 32 38 45 46 53 75 87 91 107 124 193 199
11 1 2 6 9 14 21 52 57 86 100 151
7 4 5 7 27 28 43 172
4 4 6 10 24
8 3 10 18 21 37 54 80 125
4 0 5 62 155
6 7 8 22 42 66 170
6 3 13 18 101 145 181
4 0 3 20 28
2 3 11
6 5 23 29 32 85 134
10 1 16 19 41 51 114 144 153 161 180
4 15 19 83 86
5 3 34 98 110 167
5 8 11 48 140 178
4 15 16 81 96
6 12 33 36 38 52 109
5 5 8 58 75 165
5 0 10 67 78 108
5 2 14 34 39 53
4 3 7 35 89
4 1 61 116 193
3 3 85 190
2 2 6
6 6 12 29 63 107 186
6 14 136 28 54 116 198
4 4 68 82 94
6 4 59 94 173 176 177
6 4 14 129 131 40 184
4 20 77 143 175
4 17 23 56 99
3 24 70 106
3 20 65 183
3 8 50 92
2 4 20
4 128 23 47 55
2 32 90
3 15 142 102
2 10 105
3 6 51 93
1 125
3 4 50 88
3 4 57 111
4 39 104 156 194
3 18 49 178
1 48
3 37 45 62
2 15 43
6 5 20 64 67 84 95
2 4 23
4 8 29 166 196
2 39 76
4 2 34 64 104
2 5 46
4 0 21 83 185
6 1 129 31 65 91 168
4 108 110 115 199
5 25 73 98 103 119
2 9 50
2 28 113
6 146 52 56 71 76 162
3 36 59 99
2 10 161
4 22 52 155 112
2 30 151
2 0 70
6 35 69 71 92 97 106
5 64 70 72 74 96
1 71
4 2 61 84 101
3 2 158 71
2 4 21
3 55 64 163
2 33 148
3 22 102 120
1 165
1 8
3 19 164 95
2 30 184
5 16 58 103 122 187
2 52 73
5 14 26 154 175 100
3 5 16 120
7 4 131 138 154 163 171 181
2 2 45
4 0 128 130 24
1 40
3 4 59 109
2 37 70
2 43 126
2 30 31
2 52 81
2 19 71
3 3 132 70
4 17 61 158 118
5 34 149 65 173 180
3 5 85 122
2 11 73
6 132 138 41 150 78 197
3 61 83 174
2 47 56
4 42 152 159 115
2 35 70
3 4 28 146
4 22 135 60 189
2 20 91
3 17 147 60
2 46 121
1 67
2 63 188
6 1 15 152 162 177 191
2 60 105
3 25 137 29
1 164
1 98
2 61 186
4 153 78 86 121
3 143 111 120
2 83 100
1 135
2 2 4
2 8 44
2 0 93
1 144
2 39 89
2 59 32
1 89
2 32 87
3 102 97 169
1 197
1 14
2 108 123
3 29 157 166
3 0 116 150
4 102 87 141 145
3 1 141 192
1 18
2 138 139
1 41
3 33 121 182
3 127 15 190
2 11 138
2 64 107
2 3 110
2 1 77
1 99
2 137 102
3 5 68 198
3 105 114 191
2 15 120
2 87 85
2 9 67
2 47 192
2 136 187
2 98 74
1 105
1 171
2 15 66
2 64 114
2 87 76
2 117 81
2 21 79
2 136 54
1 17
1 59
1 132
2 1 10
2 160 87
1 6
2 31 99
1 103
2 33 85
1 31
2 31 114
3 18 48 179
2 2 178
2 15 99
2 11 87
1 143
1 36
2 32 82
1 58
2 28 119
2 157 83
1 113
1 108
2 26 144
2 152 114
2 139 156
3 4 25 195
2 0 47
1 193
1 54
2 133 102
2 29 151
2 4 60
