600
22 1 2 6 17 24 39 50 71 73 106 119 166 221 231 309 312 335 483 504 505 569 576
21 0 3 5 20 27 29 45 48 121 127 138 185 188 190 220 226 275 334 362 378 398
28 0 3 4 5 7 10 12 36 42 43 44 57 61 68 82 117 118 146 173 221 255 331 339 341 360 440 455 471
32 1 2 4 6 7 11 13 16 17 18 22 31 46 52 76 81 110 172 214 238 254 273 274 278 291 298 365 441 465 483 566 589
26 2 3 8 9 21 66 77 78 80 102 103 114 132 141 145 174 228 277 290 301 325 331 517 519 538 564
19 1 2 8 10 19 40 71 111 161 164 202 210 219 263 295 404 441 460 543
13 0 3 19 23 26 50 93 189 193 209 305 358 544
15 2 3 13 24 51 54 132 215 222 256 322 326 339 400 402
14 4 5 9 41 61 63 70 97 99 195 200 248 341 486
15 4 8 11 14 21 41 46 57 117 133 161 268 364 381 530
23 2 5 12 20 28 30 34 39 67 98 101 108 130 137 145 147 186 211 212 236 322 330 558
4 3 9 187 303
8 2 10 25 38 95 166 261 303
18 3 7 14 15 33 40 55 85 92 115 198 236 316 332 362 453 462 489
19 9 13 51 95 98 129 142 149 153 157 205 213 246 308 326 450 472 500 522
11 13 22 29 73 83 240 242 273 294 412 575
8 3 18 33 65 75 125 280 375
15 0 3 30 36 38 62 63 66 100 157 244 536 562 574 589
11 3 16 23 45 105 206 294 353 415 448 552
19 5 6 32 42 47 53 59 60 69 83 133 136 217 265 357 371 374 395 445
11 1 10 53 109 134 200 256 366 418 490 568
6 4 9 296 305 350 387
8 3 15 32 44 62 380 518 560
3 6 18 184
5 0 7 104 359 434
11 12 26 27 52 60 105 136 159 367 446 493
4 6 25 37 418
20 1 25 28 34 35 72 74 89 113 120 122 124 255 310 396 421 435 527 541 552
8 10 27 35 208 219 266 313 355
10 1 15 48 70 75 233 244 300 304 580
11 10 17 37 68 143 281 310 406 431 435 514
8 3 87 113 140 151 258 452 507
3 19 22 454
6 13 16 43 74 86 187
11 10 27 49 67 178 354 511 524 581 590 599
7 27 28 59 96 97 204 251
9 2 17 80 81 230 462 476 545 576
7 26 30 78 108 152 277 582
13 12 17 56 84 90 140 158 209 402 486 489 534 540
6 0 10 58 202 377 393
4 5 13 119 467
4 8 9 79 384
5 2 19 87 93 114
3 2 33 403
5 2 22 129 239 448
14 1 18 47 49 54 64 77 150 203 334 380 463 519 556
7 3 9 88 109 231 276 474
3 19 45 162
6 1 29 126 314 564 580
6 34 45 96 203 517 520
5 0 6 55 193 480
13 7 14 86 180 279 287 336 338 352 457 521 559 565
9 3 25 79 150 168 217 262 306 361
4 19 20 84 272
4 7 45 65 547
9 13 50 56 170 177 183 196 229 525
2 38 55
8 2 9 82 111 123 213 286 377
3 39 110 557
9 19 35 72 90 138 143 427 432 433
2 19 25
2 2 8
4 17 22 64 494
7 8 17 69 135 172 192 550
6 45 62 199 229 521 525
4 16 54 156 243
8 4 17 101 191 220 247 355 429
5 10 34 315 349 367
3 2 30 102
9 19 63 115 178 271 314 373 406 592
3 8 29 523
9 0 5 76 88 226 364 414 428 595
7 27 59 112 175 242 288 503
4 0 15 94 586
7 27 33 126 155 199 267 287
4 16 29 124 351
10 3 71 85 149 197 225 316 389 390 570
7 4 45 156 249 297 533 587
6 4 37 121 249 491 499
2 41 52
3 4 36 520
3 3 36 237
6 2 57 123 188 252 556
5 15 19 177 180 530
9 38 53 189 218 253 391 439 495 572
4 13 76 91 201
3 33 51 405
4 31 42 118 259
5 46 71 167 282 529
4 27 106 290 437
11 38 59 127 192 247 252 347 485 508 546 587
3 85 116 260
2 13 241
8 6 42 104 116 122 130 346 356
2 73 134
6 12 14 137 281 434 463
3 35 49 100
4 8 35 288 307
7 10 14 107 141 319 478 518
6 8 154 164 182 243 320
6 17 96 160 171 317 415
6 10 66 139 184 332 504
3 4 68 268
4 4 304 503 505
7 24 93 426 437 537 543 569
5 18 25 107 168 223
2 0 89
2 98 105
6 10 37 153 342 375 405
4 20 46 372 524
3 3 58 473
3 5 57 128
1 72
3 27 31 176
4 4 42 218 408
5 13 69 232 469 579
8 91 93 128 154 159 181 286 333
5 2 9 160 207 357
3 2 87 144
4 0 40 208 548
3 27 284 446
2 1 78
3 27 93 257
5 57 82 227 501 584
2 27 75
5 16 148 245 301 535
9 48 74 162 173 258 269 321 422 423
10 1 90 135 278 324 348 387 412 436 472
3 111 116 179
4 14 44 146 207
5 10 93 139 224 270
3 198 260 594
3 4 7 182
4 9 19 312 348
2 20 94
3 63 127 234
6 19 25 151 158 232 379
3 10 95 245
2 1 59
4 101 130 230 417
4 31 38 293 371
2 4 98
5 14 205 280 345 542
5 30 59 204 561 578
4 118 169 181 394
8 4 10 201 210 272 407 430 439
3 2 129 542
3 10 190 428
3 125 174 264
3 14 76 430
4 45 52 393 513
4 31 136 471 547
2 37 549
3 14 108 318
3 99 116 338
1 74
4 65 77 343 404
7 14 17 179 206 211 235 284
8 38 136 185 195 274 330 444 596
3 25 116 212
5 100 117 176 275 571
5 5 9 297 400 454
2 47 126
1 191
3 5 99 424
2 175 365
8 0 12 167 214 227 374 443 470
7 88 166 169 241 254 282 526
5 52 105 228 289 531
4 144 167 171 251
6 55 215 264 336 429 571
3 100 169 225
4 3 63 186 283
2 2 126
4 4 148 216 283
3 72 165 321
3 113 160 337
2 55 83
2 34 69
3 128 157 599
4 51 83 414 416
3 116 144 456
3 99 132 577
4 55 329 388 536
3 23 101 384
2 1 158
5 10 172 224 333 383
2 11 33
3 1 82 351
5 6 84 398 450 598
2 1 147
2 66 163
4 63 90 196 526
3 6 50 325
3 323 376 507
4 8 158 292 308
5 55 192 306 342 558
3 76 340 467
3 13 131 253
2 64 74
4 8 20 267 485
6 85 145 257 295 353 438
4 5 39 409 433
3 45 49 279
5 35 143 250 309 466
3 14 142 350
3 18 157 417
2 117 129
7 28 119 269 328 425 551 565
3 6 38 431
3 5 145 238
3 10 157 233
6 10 159 223 239 292 578
5 14 57 266 285 449
2 3 166
3 7 170 470
3 174 293 511
4 19 52 263 495
2 84 114
5 5 28 323 385 408
2 1 66
5 0 2 311 396 458
2 7 234
4 105 212 299 372
2 130 186
4 76 171 262 464
2 1 71
2 123 166
4 4 168 456 487
3 55 64 298
4 36 139 492 516
4 0 46 346 358
3 115 136 553
3 29 211 557
2 135 222
1 157
4 10 13 379 458
2 81 593
2 3 210
3 44 212 270
2 15 496
2 92 167
3 15 72 349
4 65 99 335 554
4 17 29 354 447
2 125 137
3 14 498 586
3 66 90 344
3 8 300 591
2 77 78
1 204
2 35 169
6 82 90 313 386 419 451
3 84 198 531
7 3 167 315 320 345 363 389
5 2 27 382 474 508
2 7 20
2 122 201
2 31 126
3 87 491 527
4 91 131 490 510
4 12 271 499 579
4 52 225 444 585
3 5 217 328
4 148 170 460 546
2 19 299
2 28 213
5 74 200 442 496 582
3 9 102 598
5 126 208 395 481 492
3 130 239 344
2 69 261
3 53 145 488
3 3 15 407
3 3 158 568
3 1 160 597
1 46
3 4 37 540
2 3 127
5 51 203 291 317 555
2 16 142
3 30 95 436
3 88 167 311
5 172 174 369 465 481
2 120 157
2 213 488
2 57 116
3 51 74 381
4 72 97 455 566
3 168 413 567
2 4 89
6 3 279 427 479 512 590
3 195 212 537
3 140 216 401
5 15 18 392 411 484
2 5 201
2 21 368
5 77 161 302 461 464
3 3 229 588
3 223 265 399
3 29 248 397
4 4 125 421 453
3 297 425 573
3 11 12 343
5 29 103 327 337 532
2 6 21
2 52 196
1 97
3 14 195 370
4 0 204 366 477
2 27 30
2 221 282
3 0 133 370
3 28 252 451
2 48 69
3 67 254 574
3 13 76 423
4 100 279 340 399
1 153
5 98 438 447 553 588
2 99 254
4 126 175 360 550
2 7 10
3 194 219 327
1 127
4 4 193 506 512
3 7 14 479
3 304 323 391
2 208 263
2 183 359
2 10 158
5 2 4 386 397 468
2 13 101
4 116 186 442 459
2 1 45
2 0 243
2 51 170
3 176 304 390
3 51 154 376
3 2 7 500
3 197 317 506
3 2 8 478
2 108 196
2 156 303
2 247 270
3 142 254 388
3 93 231 475
3 90 422 545
2 127 133
3 67 242 361
4 21 205 352 497
3 75 188 373
5 51 350 356 534 585
5 18 201 368 497 560
2 34 244
2 28 66
4 93 352 403 515
2 19 117
2 6 231
2 24 329
3 2 321 509
2 52 349
2 1 13
2 254 476
3 9 71 413
3 3 165 498
2 20 309
2 25 67
2 296 353
2 283 445
2 308 312
2 19 140
2 109 223
5 69 351 410 432 469
2 19 166
4 16 108 385 443
2 194 338
2 39 57
2 1 554
3 136 236 392
2 22 45
4 9 287 420 596
2 255 419
1 186
4 41 184 401 420
2 219 375
3 252 331 457
2 21 127
2 183 345
2 76 254
2 76 337
3 84 327 544
2 294 379
2 39 150
1 144
2 19 269
2 27 221
3 300 331 509
2 1 189
2 299 317
2 7 161
2 293 384
2 7 38
2 43 356
3 5 156 592
5 86 108 480 559 563
2 30 69
3 145 273 493
2 114 219
1 202
1 373
1 294
2 15 127
2 289 364
2 71 180
2 18 100
1 180
2 139 206
2 20 26
2 252 382
3 381 384 459
3 27 301 541
2 126 347
3 126 316 584
2 164 501
3 208 302 482
1 104
2 59 291
2 71 147
2 66 170
2 145 149
2 30 209
3 59 373 551
2 59 202
3 24 95 502
2 27 30
2 127 281
2 89 104
4 201 319 482 567
2 84 145
3 2 473 494
2 3 5
3 267 333 487
3 166 375 549
2 158 262
2 19 369
2 25 120
2 244 319
2 18 44
1 213
2 14 189
3 252 313 593
1 31
2 13 301
4 32 161 533 539
2 2 288
2 181 228
3 51 386 535
3 221 236 539
2 333 420
2 5 264
2 297 468
2 13 36
3 45 95 475
2 225 297
3 3 283 510
1 204
2 40 197
2 331 461
2 115 373
2 166 215
2 2 151
3 14 127 583
3 110 440 516
2 46 255
2 346 463
3 36 363 562
1 309
2 98 341
2 291 326
2 50 405
2 269 283
2 425 438
2 0 3
1 294
2 90 200
2 8 38
2 228 442
3 272 285 581
2 13 38
2 20 260
2 78 259
2 230 269
2 25 407
2 62 440
2 84 217
3 240 267 528
3 350 353 563
2 246 365
2 78 261
2 14 339
2 123 424
1 434
2 72 103
2 0 101
3 0 103 522
2 325 340
2 31 194
2 90 255
2 360 397
2 260 465
2 34 216
2 291 325
1 150
1 30
2 356 597
2 230 473
2 4 49
2 22 98
2 4 45
2 49 80
2 51 64
2 14 505
2 70 575
3 34 109 538
2 55 64
3 167 192 532
2 27 259
1 496
1 88
2 9 83
2 168 253
2 304 526
2 77 454
2 38 352
2 125 457
2 17 183
2 104 292
2 4 524
2 454 458
2 38 277
2 27 421
2 142 146
2 5 104
2 6 391
2 36 347
2 90 264
2 54 151
1 119
2 152 443
2 63 321
2 208 432
2 18 27
2 232 319
2 243 378
1 279
2 45 82
3 58 233 595
2 10 196
2 51 405
2 22 353
1 143
2 17 476
2 405 497
3 4 48 573
2 51 208
3 3 288 570
2 289 438
2 20 274
2 0 104
2 76 566
2 160 170
1 84
2 302 564
2 17 315
2 15 523
2 0 36
1 182
2 143 212
2 115 261
2 29 48
2 34 488
2 37 267
1 472
2 123 423
2 262 352
2 73 246
3 77 90 594
2 298 319
2 3 17
2 34 291
1 248
2 69 404
2 237 451
2 131 587
2 71 557
2 158 381
2 275 515
2 189 268
2 34 179
