100
6 1 4 6 8 12 24
5 0 26 27 28 30
6 23 39 41 50 75 82
10 4 5 7 10 11 14 25 30 65 76
4 0 3 20 76
6 68 3 6 46 63 74
6 0 5 17 21 27 36
4 3 13 21 97
4 0 38 40 48
2 11 50
5 3 19 23 29 36
3 3 9 22
5 0 16 31 88 93
1 7
3 3 32 96
1 73
6 12 73 35 43 59 90
1 6
1 55
2 10 41
3 4 35 80
3 6 7 33
3 11 31 47
7 2 10 29 33 52 79 85
3 0 68 49
2 3 92
2 1 71
6 1 6 78 37 53 83
4 1 34 42 53
2 10 23
3 1 3 88
2 12 22
2 14 91
2 21 23
2 28 57
5 16 20 37 38 85
3 6 10 69
4 27 35 62 92
4 8 35 56 97
4 2 46 66 99
2 8 64
2 2 19
2 72 28
1 16
2 77 45
2 82 44
2 5 39
2 22 93
1 8
1 24
7 2 9 84 89 54 59 62
1 79
1 23
3 27 28 58
1 50
2 71 18
2 38 86
1 34
2 89 53
3 70 16 50
2 96 65
3 72 77 80
2 37 50
3 5 90 91
1 40
2 3 60
1 39
1 86
2 24 5
1 36
1 59
3 55 26 75
2 42 61
3 15 16 95
1 5
2 2 71
2 3 4
2 61 44
1 27
2 23 51
2 20 61
1 83
2 2 45
2 81 27
1 50
2 23 35
3 56 67 98
1 94
2 12 30
2 50 58
2 16 63
2 32 63
3 25 37 94
2 12 47
2 87 92
1 73
2 14 60
2 7 38
1 86
1 39
