600
28 1 2 3 4 5 6 11 13 15 17 24 27 28 30 60 76 86 98 165 170 182 211 269 388 429 465 531 567
27 0 3 5 7 8 23 44 48 50 51 56 75 107 111 113 120 124 141 145 157 177 199 283 289 314 406 408
29 0 7 14 15 16 24 56 81 100 101 104 147 150 168 184 219 222 225 231 266 310 328 338 345 349 350 385 435 586
41 0 1 4 6 8 9 10 12 17 25 29 43 49 52 54 59 64 71 74 83 85 88 92 94 108 131 151 207 229 237 272 298 318 355 404 434 489 504 506 536 564
17 0 3 18 33 38 39 52 80 109 134 241 243 305 307 387 437 443
30 0 1 10 35 55 73 77 107 130 134 137 149 155 171 193 205 262 264 268 307 365 402 420 436 446 472 474 482 534 580
19 0 3 9 16 32 35 47 77 78 87 171 173 242 274 279 380 459 483 500
7 1 2 32 64 70 306 576
9 1 3 30 58 136 194 351 354 396
22 3 6 44 61 72 83 89 127 158 168 178 186 200 210 238 244 264 315 469 527 545 575
43 3 5 11 12 14 18 19 20 22 23 40 45 57 60 73 74 82 91 92 101 112 128 147 163 183 188 195 212 248 250 278 280 283 287 346 362 366 386 390 484 498 542 599
23 0 10 21 27 31 41 81 109 121 146 162 187 201 238 241 253 299 342 356 386 401 475 572
9 3 10 13 108 221 247 271 328 341
18 0 12 31 33 63 69 84 87 111 158 179 206 282 295 408 411 454 546
17 2 10 22 47 53 58 67 84 119 166 173 254 285 308 389 476 574
11 0 2 25 37 138 176 185 235 270 369 590
6 2 6 20 244 276 327
26 0 3 19 26 28 36 40 42 65 66 103 115 129 175 193 230 254 293 308 325 351 357 379 444 529 552
9 4 10 29 41 95 195 263 292 500
12 10 17 21 39 51 71 80 89 126 212 414 548
14 10 16 26 43 66 67 86 112 318 340 366 367 447 565
6 11 19 167 321 333 438
15 10 14 38 68 115 205 234 267 269 336 376 384 410 460 541
6 1 10 53 72 100 391
22 0 2 34 55 61 62 65 90 114 117 144 161 196 251 288 339 357 360 400 510 535 562
3 3 15 306
4 17 20 34 54
7 0 11 50 88 174 250 334
10 0 17 164 220 234 245 301 334 335 551
5 3 18 36 462 479
6 0 8 142 172 310 342
3 11 13 102
4 6 7 59 597
8 4 13 37 90 105 183 260 360
3 24 26 514
9 5 6 42 46 132 156 210 300 442
10 17 29 93 96 104 120 125 162 199 439
9 15 33 49 119 122 159 188 485 509
16 4 22 48 94 118 121 155 163 204 214 324 352 380 453 501 528
3 4 19 96
5 10 17 165 294 516
6 11 18 46 194 329 403
5 17 35 57 97 513
6 3 20 45 76 455 513
2 1 9
6 10 43 69 139 419 488
7 35 41 157 206 251 370 427
7 6 14 227 272 368 402 523
6 1 38 299 332 397 570
3 3 37 187
4 1 27 75 140
6 1 19 271 511 525 590
6 3 4 148 484 508 530
11 14 23 63 78 93 177 182 190 425 480 593
6 3 26 116 204 400 564
6 5 24 99 531 555 556
5 1 2 79 140 160
5 10 42 225 240 571
6 8 14 106 152 403 588
4 3 32 156 547
3 0 10 103
7 9 24 62 123 263 319 525
8 24 61 85 113 355 413 496 558
6 13 53 95 285 322 415
4 3 7 273 374
10 17 24 68 70 153 170 197 374 383 502
5 17 20 297 458 477
5 14 20 235 331 347
6 22 65 97 167 198 573
5 13 45 141 149 247
6 7 65 79 82 302 309
8 3 19 123 128 154 276 447 470
4 9 23 117 144
6 5 10 110 376 393 491
4 3 10 138 218
5 1 50 110 223 372
4 0 43 102 259
4 5 6 359 521
2 6 53
2 56 70
17 4 19 125 132 180 186 203 215 224 252 277 289 335 337 359 382 512
5 2 11 153 407 567
7 10 70 99 130 159 185 573
6 3 9 105 129 534 550
5 13 14 143 418 420
5 3 62 145 146 249
3 0 20 198
5 6 13 190 483 542
3 3 27 161
8 9 19 126 137 143 255 448 493
4 24 33 519 579
5 10 148 211 375 480
2 3 10
11 36 53 98 192 236 243 413 430 537 589 591
6 3 38 135 223 309 426
3 18 63 343
4 36 39 200 431
3 42 68 127
9 0 93 174 236 265 301 326 341 396
6 55 82 150 219 526 587
7 2 23 114 323 423 424 554
4 2 10 139 520
2 31 76
5 17 60 246 252 303
4 2 36 124 522
2 33 83
5 58 192 239 304 329
3 1 5 239
4 3 12 476 482
2 4 11
7 73 75 142 364 405 481 545
8 1 13 169 256 314 394 433 539
5 10 20 217 227 330
7 1 62 116 152 189 209 256
5 24 100 179 282 395
3 17 22 473
5 54 113 122 191 242
3 24 72 253
1 38
3 14 37 518
8 1 36 133 196 203 279 332 560
3 11 38 226
2 37 116
5 61 71 258 261 582
4 1 104 209 228
4 36 80 554 561
2 19 89
4 9 97 178 365
2 10 71
5 17 83 315 343 552
7 5 82 273 292 316 361 535
5 3 181 258 281 353
4 35 80 160 383
2 120 281
5 4 5 135 495 576
4 94 134 294 317
2 8 557
3 5 89 594
5 15 74 172 442 597
2 45 101
2 50 56
2 1 69
4 30 110 257 352
2 84 89
4 24 72 164 451
3 1 85 291
4 11 85 441 473
4 2 10 151 216
4 52 91 191 233
4 5 69 189 451
2 2 99
6 3 147 249 286 312 558
3 58 113 317
5 65 81 169 176 448
2 71 233
5 5 38 246 466 546
3 35 59 523
3 1 46 265
4 9 13 270 568
4 37 82 226 231
3 56 132 452
4 24 88 184 220
6 11 36 379 428 589 595
5 10 38 202 217 229
4 28 144 201 479
3 0 40 507
4 14 345 431 560
2 21 68
5 2 9 214 424 481
5 111 153 313 436 520
3 0 65 267
2 5 6
4 30 138 257 347
3 6 14 527
4 27 98 388 504
2 17 181
4 15 153 274 574
3 1 53 277
5 9 127 221 322 598
4 13 114 197 296
3 80 327 440
3 131 175 378
4 0 53 300 337
2 10 33
2 2 161
5 15 82 208 284 320
2 9 80
3 11 49 373
6 10 37 399 488 490 547
5 113 149 293 340 363
4 53 87 291 501
4 116 148 369 509
4 93 106 232 344
2 5 17
8 8 41 202 261 348 417 457 551
3 10 18 490
3 24 120 324
4 65 179 207 591
4 68 86 399 425
7 1 36 215 275 297 411 496
6 9 96 404 417 445 581
2 11 164
4 163 194 394 415
4 80 120 323 596
2 38 54
5 5 22 208 378 485
2 13 46
3 3 197 295
3 185 205 409
4 113 124 377 464
3 9 35 543
6 0 91 218 290 497 550
5 10 19 248 423 478
7 312 344 398 419 432 475 511
2 38 168
2 80 199
2 147 410
4 112 163 326 375
4 74 211 389 392
4 2 99 222 465
2 28 161
3 12 178 266
3 2 219 232
3 75 94 405
2 80 381
3 2 57 316
2 121 159
3 47 112 371
2 124 406
5 3 163 278 559 563
5 17 245 268 452 548
3 2 159 438
2 192 222
3 148 154 303
3 22 28 555
4 15 67 434 594
2 93 98
5 3 336 414 556 577
3 9 11 305
5 106 107 331 422 517
2 57 260
2 4 11
4 6 116 464 536
2 4 93
8 9 16 259 313 435 444 494 578
5 28 230 255 416 439
2 103 155
6 12 69 262 467 478 562
2 10 212
2 85 151
5 10 27 427 505 540
2 24 46
2 80 103
2 11 117
4 14 17 368 397
3 89 245 418
3 111 113 286
2 142 172
4 123 131 450 524
2 76 244
2 33 240
2 123 194
4 5 247 348 469
3 18 61 492
2 5 9
2 98 157
4 2 221 346 563
3 22 170 584
3 5 230 498
4 0 22 372 569
4 15 158 364 532
3 12 51 499
3 3 47 599
3 64 130 330
5 6 176 468 565 575
2 199 570
4 16 71 302 421
3 80 177 288
2 10 229
4 6 120 362 371
3 10 461 561
3 131 133 579
3 13 114 290
3 1 10 370
1 185
3 14 63 373
3 151 256 494
2 10 311
4 24 277 356 440
3 1 80 381
2 211 282
3 145 190 338
2 18 130
5 17 189 311 428 598
3 40 135 578
2 13 207
1 179
3 66 199 508
3 3 320 595
2 11 48
2 35 182
2 28 98
2 70 276
2 103 233
1 106
2 4 238
3 7 25 437
3 4 5 491
2 14 17
2 70 94
4 2 30 363 407
2 287 293
4 151 213 446 470
2 169 244
2 1 111
3 9 129 541
3 130 225 361
2 135 152
2 3 20
3 61 412 449
3 185 298 325
1 21
2 63 178
4 100 203 349 466
2 38 196
2 17 320
2 98 217
3 16 180 441
3 2 12 510
2 41 106
2 112 273
2 67 239
3 48 120 445
1 21
6 27 28 390 468 489 553
5 28 80 462 487 585
2 22 237
3 80 182 422
3 2 291 486
3 24 430 458
4 20 189 382 449
2 12 98
2 11 30
2 95 129
4 192 213 350 395
3 2 166 463
3 10 266 566
3 67 172 515
2 194 262
2 2 323
2 2 344
2 8 17
3 38 142 384
2 131 460
1 8
2 3 62
2 11 288
2 17 24
2 432 543
2 77 80
2 24 33
3 130 316 454
2 10 279
3 189 310 426
2 110 270
4 5 127 459 506
4 10 20 398 463
1 20
2 47 254
2 15 191
3 46 283 582
2 227 279
2 75 269
2 187 285
2 64 65
2 91 217
3 22 73 586
1 209
2 181 205
3 17 162 580
3 6 38 514
2 224 289
3 80 340 540
3 65 132 429
2 22 352
2 2 387
2 10 11
2 4 385
2 0 174
2 14 218
2 10 334
2 23 401
1 218
1 73
2 111 202
2 114 344
2 8 98
3 48 254 522
2 213 366
2 188 198
4 24 54 456 519
3 11 391 587
3 5 47 537
3 41 58 538
3 3 200 505
2 110 223
2 1 228
2 81 310
2 1 13
1 208
3 22 216 517
2 13 199
2 319 566
3 62 93 443
2 19 237
2 63 202
1 245
3 194 200 518
3 84 255 455
2 45 213
2 5 84
1 276
2 239 337
3 100 212 503
2 100 168
3 53 198 493
2 94 363
2 46 250
2 162 293
2 0 383
3 93 339 524
2 96 166
2 213 358
1 111
3 3 235 492
2 2 244
3 5 169 461
3 4 306 467
3 21 231 453
3 36 245 557
2 180 288
3 146 327 457
2 35 138
2 4 413
4 17 244 503 588
2 200 332
2 5 312
2 20 71
2 89 153
2 319 340
1 258
5 144 149 512 530 544
2 160 230
2 38 438
2 13 361
2 43 418
1 400
3 194 441 516
2 66 339
5 6 365 474 528 532
3 22 353 477
2 280 436
2 29 335
2 345 366
2 209 242
2 0 219
2 155 323
3 247 437 577
3 274 334 596
3 9 262 487
2 71 312
1 507
2 5 515
2 115 146
2 5 459
2 11 213
2 14 108
2 66 460
2 212 247
3 29 164 526
2 53 91
2 110 168
3 5 108 549
2 6 87
2 10 52
5 37 205 495 497 583
1 338
2 335 469
2 45 188
2 3 334
3 188 195 529
2 73 307
2 263 434
2 89 425
2 244 286
3 134 485 569
2 62 199
2 211 485
2 10 268
1 271
2 6 18
2 38 190
1 65
2 423 444
2 3 174
3 250 404 553
2 3 365
3 165 471 592
2 52 297
2 37 191
2 24 328
2 51 213
2 80 451
2 42 43
2 34 380
2 347 472
5 40 457 538 583 584
2 239 410
2 119 417
2 90 400
3 101 169 549
1 77
2 104 397
2 47 156
2 258 430
2 51 61
2 99 479
2 9 173
2 38 459
2 17 490
2 52 451
2 0 55
2 270 459
1 593
3 5 83 544
2 24 130
2 3 242
2 93 402
2 403 516
1 111
2 250 382
2 22 315
2 10 87
2 210 358
3 451 534 568
2 9 110
2 13 155
2 59 188
2 19 230
2 482 520
2 83 211
2 28 194
2 17 129
2 334 505
2 100 125
2 55 234
2 55 237
2 136 439
2 62 151
1 229
2 120 166
2 125 280
2 24 247
2 229 266
2 3 54
2 20 274
2 346 412
2 0 81
2 158 544
2 269 495
2 48 275
1 57
1 11
3 68 82 581
2 14 176
2 9 274
2 7 134
2 237 467
2 244 294
2 90 281
2 5 379
2 200 573
2 123 370
2 485 516
2 267 516
1 335
2 2 376
2 99 401
2 58 444
2 93 162
2 15 51
2 93 197
1 507
2 53 533
2 137 235
2 162 298
2 203 468
2 32 138
2 178 293
2 10 272
