600
27 1 2 3 4 14 15 33 41 44 46 55 56 58 70 82 97 111 127 141 142 188 212 242 252 261 391 453
10 0 3 13 102 148 170 287 315 384 491
35 0 5 7 8 13 16 18 25 28 42 61 64 101 106 149 157 162 164 180 182 235 237 286 351 399 412 413 422 462 490 499 541 548 555 569
19 0 1 4 5 7 11 30 43 110 161 171 179 206 237 239 390 401 465 532
37 0 3 6 9 10 12 19 20 22 26 33 34 71 72 93 94 105 111 115 122 161 165 166 169 184 190 245 314 318 335 377 392 400 414 458 571 590
24 2 3 6 9 10 14 15 17 39 49 63 68 71 79 120 124 134 140 191 195 241 303 329 387
30 4 5 8 26 27 30 37 40 46 59 62 63 67 95 116 121 153 155 177 223 227 255 279 295 300 301 309 444 550 580
13 2 3 42 54 139 170 186 352 368 371 459 469 479
20 2 6 24 29 32 35 37 73 79 89 155 233 247 248 308 350 429 437 468 572
31 4 5 11 18 19 23 24 38 67 76 87 90 128 178 220 227 238 240 268 282 283 350 365 390 394 464 513 525 578 579 586
16 4 5 12 17 25 58 75 101 126 143 231 260 425 488 585 598
6 3 9 75 125 187 327
9 4 10 22 179 183 204 324 522 552
23 1 2 16 20 44 45 49 52 57 61 68 83 98 205 251 279 304 325 432 436 530 566 593
14 0 5 21 36 47 59 102 103 137 145 184 481 527 551
5 0 5 72 196 447
6 2 13 39 51 112 118
7 5 10 32 41 415 460 493
3 2 9 388
9 4 9 313 392 423 449 484 485 508
13 4 13 21 34 69 74 100 107 215 217 220 228 381
16 14 20 23 28 29 43 54 76 147 208 269 295 328 336 379 524
3 4 12 158
3 9 21 355
10 8 9 27 47 53 73 78 100 293 515
10 2 10 35 40 45 69 164 167 263 305
9 4 6 31 84 158 206 252 262 356
8 6 24 31 133 150 264 340 581
12 2 21 55 137 178 219 242 289 348 446 463 582
7 8 21 53 81 110 299 306
6 3 6 304 382 456 494
6 26 27 65 80 154 294
8 8 17 36 51 60 186 296 436
11 0 4 38 50 82 224 256 263 385 404 477
8 4 20 77 334 478 505 534 572
5 8 25 57 96 302
4 14 32 99 516
8 6 8 214 249 274 407 443 561
10 9 33 48 106 114 154 271 338 445 467
10 5 16 52 92 117 152 285 378 482 508
4 6 25 91 345
8 0 17 50 88 120 125 149 278
11 2 7 65 105 132 251 329 332 398 417 419
10 3 21 81 86 98 135 142 183 192 540
8 0 13 207 228 367 475 571 591
4 13 25 93 411
3 0 6 439
10 14 24 48 56 70 88 132 133 167 259
12 38 47 77 85 109 129 135 239 308 418 505 529
4 5 13 118 281
14 33 41 64 66 85 115 187 223 266 316 323 347 455 504
5 16 32 97 328 452
6 13 39 207 253 344 358
2 24 29
9 7 21 92 112 229 325 330 369 472
4 0 28 113 146
6 0 47 60 136 289 462
10 13 35 89 140 208 230 250 306 372 559
8 0 10 62 74 91 193 300 424
5 6 14 131 205 364
3 32 56 247
3 2 13 395
6 6 58 80 84 236 312
5 5 6 104 189 259
3 2 50 172
6 31 42 364 451 504 533
4 50 138 324 459
7 6 9 156 232 245 489 495
9 5 13 87 94 113 310 419 513 594
8 20 25 109 201 221 410 442 553
3 0 47 123
9 4 5 96 138 159 221 380 547 553
5 4 15 83 163 396
3 8 24 531
3 20 58 119
4 10 11 280 441
9 9 21 144 191 254 322 452 486 550
8 34 48 99 139 151 235 460 556
11 24 104 107 121 211 288 319 323 406 445 583
6 5 8 90 153 190 346
2 31 62
6 29 43 95 171 226 366
7 0 33 103 169 177 409 564
8 13 72 108 147 160 162 477 483
8 26 62 122 126 197 213 214 222
5 48 50 188 244 313
2 43 287
7 9 68 356 438 442 531 595
4 41 47 196 209
3 8 57 200
6 9 79 114 156 219 501
6 40 58 181 283 372 562
7 39 54 145 398 420 507 584
6 4 45 141 157 199 268
6 4 68 117 168 211 416
8 6 81 108 131 143 248 267 483
3 35 71 256
7 0 51 212 265 270 412 537
6 13 43 151 233 347 496
2 36 77
4 20 24 273 465
3 2 10 490
5 1 14 128 130 391
3 14 82 174
7 63 78 150 222 430 457 573
5 4 42 375 424 546
3 2 38 476
5 20 78 116 380 481
2 83 95
7 48 69 144 189 202 439 441
6 3 29 175 204 246 506
5 0 4 166 246 253
4 16 54 163 225
4 55 68 152 535
4 38 90 321 351
3 4 50 129
6 6 107 127 146 314 352
7 39 94 119 176 216 410 501
6 16 49 130 193 236 269
3 74 117 160
5 5 41 124 194 543
6 6 78 136 185 337 416
6 4 84 243 379 454 518
2 70 512
2 5 120
5 11 41 172 292 519
3 10 84 431
2 0 116
3 9 102 335
3 48 115 561
2 102 118
6 59 95 201 370 474 510
4 42 47 173 502
3 27 47 225
4 5 148 277 342
5 43 48 181 273 458
2 56 121
3 14 28 234
5 66 71 224 278 552
5 7 77 321 361 373
4 5 57 198 284
4 0 93 312 385
3 0 43 272
2 10 95
6 76 109 175 226 466 580
4 14 92 305 559
2 55 116
3 21 83 353
5 1 134 174 320 408
7 2 41 180 307 354 369 593
4 27 104 197 340
4 77 98 176 357
4 39 113 266 576
3 6 79 497
2 31 38
5 6 8 198 216 290
6 67 90 210 280 402 411
4 2 93 310 583
5 22 26 194 209 255
4 71 258 425 599
4 83 119 168 182
4 3 4 165 274
2 2 83
3 72 112 592
2 2 25
4 4 161 301 333
3 4 111 200
4 25 47 417 498
6 94 160 291 294 337 479
2 4 82
2 1 7
5 3 81 229 486 566
4 64 125 231 554
5 132 185 192 402 521
5 103 148 298 326 471
3 110 144 517
2 117 151
2 6 82
5 9 28 292 422 592
5 3 12 232 491 520
8 2 149 257 275 297 394 406 464
4 91 135 217 536
3 2 160 399
2 12 43
4 4 14 386 589
3 121 173 257
6 7 32 210 332 339 558
2 11 50
6 0 85 215 285 376 427
2 63 109
2 4 79
4 5 76 195 433
4 43 173 234 293
4 58 118 288 368
5 120 158 203 318 547
4 5 191 358 453
2 15 88
8 84 150 199 281 317 343 367 596
8 140 155 203 260 275 383 455 557
3 93 197 238
2 89 166
4 69 131 315 330
1 109
4 194 198 316 427
4 12 110 331 408
4 13 59 243 319
3 3 26 393
3 44 52 542
2 21 57
4 88 158 299 578
5 156 186 286 395 434
3 78 94 469
2 0 97
3 84 489 493
4 37 84 230 499
4 20 188 261 265
3 117 155 440
3 20 181 421
1 480
4 28 90 418 514
2 9 20
2 69 71
6 84 104 258 363 421 560
4 6 50 361 590
3 33 138 451
2 112 133
2 81 144
7 6 9 290 331 377 396 543
5 20 44 249 443 510
2 54 171
6 57 214 271 277 378 431
3 10 172 573
3 67 179 435
3 8 98 360
2 137 192
2 2 77
2 62 118
2 2 3
2 9 199
3 3 48 440
2 9 276
2 5 244
5 0 28 250 341 370
9 122 205 282 311 359 387 476 562 587
2 85 241
3 4 67 386
5 110 111 413 473 514
4 8 60 264 420
5 8 95 371 382 507
5 37 228 327 343 450
2 57 242
4 13 42 276 302
4 0 26 435 574
4 52 111 430 530
2 76 291
4 6 158 270 309
4 33 96 466 570
2 180 185
3 159 222 298
2 47 63
2 10 198
3 0 215 539
2 26 532
2 25 33
8 27 247 272 400 426 437 527 591
5 97 215 344 403 544
4 50 152 480 526
1 95
4 9 93 349 409
2 21 118
3 97 255 470
2 38 230
4 142 264 520 568
2 100 135
7 37 161 341 345 457 521 541
2 180 198
4 240 251 450 519
2 134 230
3 41 138 539
3 6 13 348
3 75 156 307
3 49 197 546
3 9 243 376
2 9 91
2 140 297
2 39 188
2 2 210
2 1 86
2 78 193
3 28 56 339
6 155 227 397 401 403 594
2 168 254
2 125 178
3 24 192 447
3 31 168 336
3 6 21 296
2 32 295
4 180 284 467 525
2 174 258
4 29 209 536 565
3 6 58 468
2 6 165
2 35 251
1 5
2 13 30
3 25 145 496
4 29 57 366 373
4 149 280 359 446
3 8 48 534
4 6 255 389 428
3 68 157 320
3 243 363 444
3 62 141 563
4 19 85 362 516
4 4 116 342 554
5 1 201 355 533 558
2 50 203
1 197
2 4 194
2 78 205
3 148 310 495
2 114 139
1 76
2 50 78
2 12 66
4 13 54 405 563
1 174
3 11 249 381
2 21 51
3 5 42 384
2 54 201
2 204 227
2 42 186
1 165
1 34
5 4 128 338 365 374
2 21 294
2 121 168
4 38 335 374 461
3 186 289 349
2 27 150
2 242 274
2 134 314
4 197 249 353 482
3 52 265 471
5 40 274 407 428 577
1 79
2 50 98
2 28 279
3 268 339 498
3 8 9 522
2 2 114
5 7 116 388 470 595
2 147 343
2 149 545
2 23 315
2 26 87
2 151 433
3 52 195 585
2 243 307
4 233 362 574 575
2 139 223
2 313 360
2 222 311
3 59 65 503
2 9 335
2 81 306
3 44 197 587
3 7 193 509
4 54 149 393 397
3 131 242 487
2 7 248
3 57 91 577
3 139 306 523
3 335 338 448
1 105
3 188 282 414
3 4 227 512
3 39 230 415
2 21 122
3 71 107 492
2 20 327
3 30 248 515
1 198
2 1 329
2 33 141
2 184 245
2 5 243
3 18 352 596
1 309
3 3 9 474
2 0 102
3 4 19 405
2 206 369
2 9 180
3 61 210 423
4 72 227 488 494
3 290 369 509
2 42 92
2 2 182
2 4 264
2 3 290
2 156 173
2 265 290
1 33
2 325 392
4 78 180 429 538
3 37 345 555
2 148 204
2 82 268
2 69 117
2 45 156
3 2 97 472
2 2 246
3 4 376 560
2 17 378
3 94 121 597
2 42 167
4 48 219 438 456
2 42 68
2 92 247
2 217 222
3 2 178 511
2 19 395
2 58 105
3 10 159 500
1 264
2 188 203
4 309 345 454 540
3 8 406 597
4 104 253 432 478
2 126 230
2 13 430
2 191 357
1 210
2 232 252
2 13 32
3 8 264 463
2 87 418
2 46 109
3 216 239 484
2 75 109
2 69 87
2 37 228
3 6 311 448
3 38 78 475
2 28 307
2 15 293
2 374 444
1 19
2 249 276
2 65 224
2 51 76
3 0 195 548
2 122 428
2 50 198
2 30 418
3 104 274 588
2 4 135
2 7 66
2 17 77
1 338
2 2 56
2 28 437
2 9 180
3 3 100 570
2 144 256
2 38 297
2 8 300
2 7 211
2 270 352
2 174 344
2 54 412
1 246
3 131 390 526
2 44 445
3 106 243 511
2 33 83
3 34 430 575
2 7 168
2 218 266
2 14 107
5 39 343 544 549 569
3 83 95 500
3 19 440 485
2 19 484
2 76 171
1 370
2 10 396
2 67 213
2 2 101
3 1 179 579
2 380 549
2 17 213
3 30 396 502
2 67 320
2 98 305
1 153
3 167 349 582
3 2 214 599
3 425 483 576
4 90 117 503 524
2 132 494
2 364 501
2 50 65
2 34 48
2 110 598
2 92 248
5 19 39 517 545 567
3 368 397 535
2 131 228
2 422 476
2 123 377
2 9 68
3 219 246 518
2 24 382
2 36 313
2 175 508
2 122 514
2 125 276
2 179 272
3 173 274 581
2 12 350
1 373
2 21 501
2 9 297
2 266 474
2 14 264
1 551
1 48
2 13 253
2 73 87
2 3 262
2 65 315
2 34 308
2 113 509
2 181 299
1 97
2 406 542
2 261 278
2 43 428
2 2 274
2 207 538
2 120 227
2 265 482
2 354 508
2 105 281
2 71 194
2 2 453
2 482 492
2 6 76
3 14 528 586
2 12 138
2 69 71
2 172 314
4 2 407 556 564
2 77 555
1 198
2 186 315
2 57 145
2 222 414
2 37 129
2 91 243
2 312 325
2 82 555
1 299
2 13 171
1 508
1 272
2 2 482
2 256 465
2 4 44
2 8 34
2 104 231
2 252 360
2 360 478
2 152 500
2 345 372
2 9 209
2 9 491
2 6 144
2 27 521
2 28 498
2 78 157
1 92
2 10 358
2 9 551
2 243 367
1 457
1 184
2 4 223
2 44 264
2 163 178
2 13 149
2 68 290
2 87 352
2 197 388
2 416 429
2 10 506
2 159 499
