100
5 1 2 6 15 39
9 0 3 5 10 13 42 43 46 67
9 0 4 7 11 15 25 32 73 99
6 1 4 6 24 38 70
10 2 3 7 9 33 45 51 54 69 72
6 1 18 21 24 56 62
5 0 3 25 48 82
7 2 4 35 47 73 79 84
3 13 17 20
4 4 12 19 27
3 1 16 18
3 2 89 91
3 9 36 80
5 1 64 8 37 45
1 28
3 0 2 71
4 63 10 30 47
2 8 29
4 5 10 32 78
2 9 36
6 8 65 31 34 62 83
4 5 38 53 67
2 60 87
1 80
3 3 5 59
4 2 6 26 44
5 66 25 28 29 91
3 9 33 96
3 14 26 93
2 17 26
2 16 68
2 20 41
5 2 18 39 43 54
4 4 70 27 89
6 20 68 44 52 95 99
2 7 69
3 12 19 52
1 13
4 3 21 49 57
5 0 71 32 40 60
2 39 97
1 31
3 1 65 46
6 1 32 59 90 95 96
3 25 34 98
6 4 13 58 87 88 98
3 1 42 55
2 7 16
1 6
2 38 55
1 75
2 4 94
2 34 36
2 21 81
2 4 32
2 46 49
2 64 5
1 38
1 45
3 24 43 61
3 22 39 92
2 85 59
5 5 20 77 86 92
1 16
2 13 56
4 20 42 74 76
1 26
3 1 21 90
2 34 30
2 4 35
2 3 33
2 15 39
1 4
3 2 7 77
1 65
2 50 79
1 65
2 73 62
1 18
2 7 75
2 12 23
1 53
1 6
1 20
1 7
1 61
1 62
2 22 45
1 45
2 11 33
2 67 43
3 11 26 94
2 60 62
1 28
2 51 91
2 34 43
2 27 43
1 40
2 44 45
2 2 34
