600
24 1 2 3 9 12 34 40 42 47 58 63 88 89 97 105 111 131 169 287 323 416 445 450 555
25 0 3 4 5 6 13 14 21 58 59 65 85 86 115 118 123 152 163 259 261 271 272 307 546 551
7 0 4 13 40 45 118 213
9 0 1 37 49 74 120 172 292 521
37 1 2 5 7 10 11 12 20 24 30 37 38 52 56 64 72 81 107 151 190 241 242 244 281 296 313 323 356 397 421 434 455 458 503 526 529 564
32 1 4 6 7 8 25 28 41 43 73 99 101 109 113 131 133 145 158 161 173 250 254 268 305 311 336 359 432 505 509 539 593
17 1 5 14 15 32 44 49 60 67 92 121 152 256 283 307 437 599
29 4 5 8 9 16 18 27 41 62 79 86 92 113 115 167 184 221 222 302 358 365 394 398 401 403 441 502 515 570
35 5 7 10 16 18 22 23 29 36 39 48 50 54 79 87 88 98 104 112 137 139 165 166 175 177 190 199 223 278 343 350 362 371 412 508
7 0 7 98 218 449 532 554
11 4 8 20 30 71 129 147 227 296 335 373
13 4 24 46 61 78 82 102 130 140 144 453 469 493
19 0 4 17 19 23 35 46 84 116 119 139 157 162 201 214 383 424 465 483
7 1 2 42 54 297 310 405
15 1 6 15 19 21 28 36 93 146 181 189 233 285 559 577
7 6 14 178 180 277 329 365
9 7 8 39 52 59 91 318 359 591
3 12 290 531
7 7 8 25 35 99 205 214
12 12 14 31 44 60 61 65 127 464 498 539 552
5 4 10 149 187 423
6 1 14 300 301 418 461
7 8 27 29 199 248 388 574
7 8 12 38 160 479 519 578
13 4 11 56 85 87 96 123 186 242 260 385 413 482
7 5 18 64 66 338 504 554
10 53 62 102 125 229 265 353 462 485 492
6 7 22 43 280 285 355
14 5 14 32 45 121 164 171 210 337 392 434 488 505 580
12 8 22 50 51 114 201 236 238 292 358 518 560
13 4 10 31 33 34 48 93 103 104 105 136 178 472
6 19 30 55 83 95 253
9 6 28 94 184 186 322 350 444 461
13 30 70 103 110 120 149 159 208 230 314 341 530 582
15 0 30 81 165 195 198 260 340 370 387 389 466 481 535 581
3 12 18 67
4 8 14 513 553
8 3 4 57 75 90 200 317 351
15 4 23 53 55 76 82 142 197 212 219 312 382 431 510 575
5 8 16 80 443 547
2 0 2
9 5 7 126 193 211 225 267 368 401
6 0 13 66 116 325 557
4 5 27 371 420
8 6 19 68 70 89 311 345 504
6 2 28 74 239 289 324
2 11 12
2 0 268
5 8 30 172 208 439
8 3 6 246 254 301 399 413 479
3 8 29 333
10 29 69 76 77 100 108 132 161 170 236
6 4 16 63 357 470 542
4 26 38 144 182
3 8 13 511
7 31 38 57 77 106 246 528
8 4 24 94 177 245 321 335 451
3 37 55 209
3 0 1 119
4 1 16 69 194
4 6 19 83 150
5 11 19 130 164 407
3 7 26 106
6 0 52 78 96 562 570
4 4 25 225 278
9 1 19 95 97 138 245 332 342 446
4 25 42 151 597
13 6 35 72 75 90 168 253 275 282 313 416 454 494
2 44 536
11 51 59 122 148 150 188 192 232 363 383 599
5 33 44 112 133 229
8 10 108 147 289 317 389 448 467
2 4 67
5 5 80 84 91 540
7 3 45 128 141 234 396 583
4 37 67 249 484
4 38 51 435 518
10 51 55 136 154 308 319 363 392 410 542
4 11 63 124 500
4 7 8 100 207
6 39 73 138 382 408 483
4 4 34 185 299
4 11 38 101 566
10 31 60 127 153 327 364 443 460 465 544
5 12 73 247 322 519
3 1 24 160
3 1 7 488
6 8 24 196 237 346 433
7 0 8 128 135 143 334 525
2 0 44
3 37 67 565
6 16 73 179 297 393 568
3 6 7 419
4 14 30 135 306
4 32 56 384 480
5 31 65 111 169 474
6 24 63 122 309 324 467
4 0 65 195 462
8 8 9 148 162 180 291 414 543
4 5 18 158 174
5 51 79 281 402 478
4 5 82 264 543
9 11 26 107 188 200 203 283 373 568
6 30 33 171 204 346 537
3 8 30 293
7 0 30 163 279 294 507 540
4 55 62 146 538
6 4 102 109 137 168 545
3 51 71 325
5 5 107 167 181 459
5 33 141 219 244 375
4 0 95 117 578
4 8 70 206 466
11 5 7 114 134 182 216 412 482 530 559 590
8 29 113 156 185 228 395 493 500
5 1 7 258 269 423
4 12 42 176 239
9 111 126 129 173 227 270 280 287 532
2 1 2
4 12 58 142 569
7 3 33 140 154 183 357 544
5 6 28 274 458 571
6 69 96 286 411 431 497
8 1 24 132 193 226 251 298 370
3 78 206 588
3 26 272 355
6 41 117 134 145 237 410
2 19 83
6 74 88 251 379 391 590
4 10 117 263 406
8 11 61 170 176 192 196 226 369
3 0 5 499
3 51 123 312
5 5 70 143 265 563
3 113 126 523
3 88 93 356
3 30 77 516
5 8 107 331 494 534
4 65 80 228 316
3 8 12 424
4 11 120 342 422
6 74 110 243 304 381 411
5 38 119 155 166 489
2 88 133
3 11 53 211
7 5 126 220 318 361 577 589
10 14 106 179 183 197 224 279 372 470 473
2 10 71
4 69 98 340 418
2 20 33
6 60 69 202 218 230 243
4 4 66 159 306
3 1 6 595
6 83 189 235 300 341 366
6 77 120 282 333 394 447
4 142 203 216 354
3 114 209 407
6 12 187 235 276 339 582
4 5 99 202 508
3 33 151 204
4 23 85 213 442
3 5 51 495
4 12 98 223 316
6 1 105 252 255 298 376
2 28 61
5 8 34 512 545 576
2 8 142
3 7 109 221
2 67 107
4 0 95 454 487
4 51 130 437 453
2 28 103
5 3 48 231 284 427
5 5 117 217 538 569
4 99 249 250 463
5 8 191 259 338 552
4 116 130 354 480
2 8 56
2 15 30
5 91 146 194 210 560
2 15 98
3 14 109 343
5 53 113 240 248 261
3 120 146 386
3 7 32 319
4 81 114 417 597
6 24 32 224 299 376 558
4 20 157 336 395
6 69 102 263 334 515 584
2 14 153
4 4 8 303 491
2 175 315
2 69 130
4 41 123 217 436
2 59 179
4 34 97 205 398
2 87 130
6 38 146 212 277 302 541
5 34 308 310 399 450
3 8 22 269
2 37 102
6 12 29 238 330 456 562
3 150 158 220
5 102 155 266 567 586
2 103 159
3 18 195 372
3 112 124 556
2 79 231
2 33 48
2 57 156
2 28 179
4 41 144 329 456
5 38 197 295 400 496
3 2 160 448
8 12 18 232 348 349 536 548 567
2 438 476
4 113 155 426 574
2 173 193
5 9 150 273 352 428
2 38 110
3 145 202 303
3 7 167 451
2 7 408
4 8 162 270 405
3 146 186 377
4 41 64 404 457
2 123 130
3 10 117 520
4 114 138 347 429
4 26 70 314 484
3 33 150 425
4 172 207 241 262
2 69 214
2 14 288
1 74
3 153 157 295
3 29 51 262
3 87 126 257
2 29 201
4 45 116 385 586
3 182 400 529
2 4 231
4 4 24 247 252
3 141 150 514
4 4 110 255 266
2 56 65
2 49 55
3 84 242 256
3 22 182 477
4 75 174 275 460
5 5 174 345 348 520
4 123 128 274 374
3 163 242 258
2 31 67
3 5 49 415
2 163 244
6 6 247 320 471 486 576
2 237 284
3 115 252 428
6 1 175 267 321 337 378
3 24 34 549
2 1 182
3 231 236 429
5 129 188 271 585 587
1 101
3 26 133 362
4 203 244 455 485
3 41 259 471
4 5 47 556 598
2 115 199
2 117 223
2 1 263
4 1 125 330 486
2 218 442
5 121 251 291 414 533
4 67 249 490 506
2 157 565
4 15 197 380 419
3 8 64 326
4 105 146 326 475
2 27 117
4 4 100 288 367
4 67 154 305 404
4 6 102 327 449
2 172 257
2 14 27
1 122
3 0 117 426
2 233 281
2 45 71
2 17 502
3 98 274 391
3 3 29 396
1 104
3 105 497 558
2 212 235
6 4 10 328 435 436 592
4 13 91 361 378
2 123 163
2 81 186
4 21 153 514 537
2 21 49
2 7 197
3 190 220 444
1 141
5 5 282 309 393 511
2 93 151
3 1 6 367
3 77 198 427
5 96 305 369 374 439
3 13 198 353
3 5 44 490
3 38 132 572
2 4 67
2 33 229
1 191
2 138 162
3 37 71 347
2 16 145
2 77 184
3 256 388 533
2 56 259
6 32 84 344 425 459 564
3 0 4 390
2 45 96
2 42 108
2 278 279
3 83 283 446
2 296 332
2 15 211
3 201 272 381
1 137
2 65 328
3 50 154 368
3 88 188 472
2 10 56
2 5 187
3 28 259 384
6 25 175 339 351 380 589
3 157 338 452
2 34 148
5 33 153 491 527 553
2 65 140
2 8 181
2 322 379
4 44 250 364 526
2 87 103
2 228 317
2 214 250
1 214
4 8 32 516 541
2 37 338
1 218
2 26 310
2 155 176
3 27 125 534
4 4 135 397 580
3 52 120 573
3 7 29 432
2 5 16
1 390
2 145 297
4 8 265 386 420
3 69 77 503
6 83 345 387 438 468 523
2 7 15
2 153 522
2 281 307
5 41 333 495 501 549
3 130 309 433
2 34 123
2 8 43
2 146 205
2 10 102
2 251 309
2 110 457
2 163 186
1 224
3 259 297 513
2 128 344
2 277 338
5 141 330 409 499 524
3 38 80 517
3 12 69 476
2 94 337
6 24 239 487 489 595 598
2 183 362
3 34 364 588
2 22 320
2 34 71
2 323 360
2 128 291
6 28 77 440 445 468 498
2 91 305
3 7 154 422
2 114 187
2 74 292
3 4 356 563
2 7 195
3 49 198 406
2 212 240
2 7 41
1 100
2 7 596
3 225 282 531
2 13 223
2 129 399
4 61 156 507 557
3 80 222 430
1 381
2 77 126
2 122 141
3 8 113 509
2 24 49
4 98 274 477 478
2 254 506
2 0 67
1 185
2 21 148
2 92 277
3 43 362 548
2 4 573
2 140 394
3 20 115 584
2 12 139
2 230 322
3 216 287 440
3 172 308 441
3 218 258 430
2 228 262
2 408 428
2 38 122
2 5 358
2 87 369
2 4 28
4 76 296 572 585
2 193 296
2 6 170
2 215 364
2 48 309
2 392 426
2 7 427
2 160 273
2 39 83
2 32 303
2 0 392
2 65 327
1 154
2 71 213
2 9 283
3 0 198 452
3 56 221 575
2 339 450
2 11 170
2 67 169
2 4 266
2 201 211
3 225 375 592
2 4 121
2 109 322
2 83 249
2 21 32
3 26 97 464
1 174
2 19 462
3 12 83 521
3 34 112 510
3 71 96 593
2 364 392
2 11 501
2 52 146
2 256 267
2 30 334
1 146
2 95 522
1 279
2 215 383
2 248 414
2 100 414
2 23 49
2 94 176
1 34
2 24 113
2 12 80
2 75 229
3 26 266 594
2 256 272
2 169 385
2 28 86
3 142 385 561
3 275 311 524
2 190 341
1 26
2 11 114
2 67 137
3 161 368 550
1 212
2 122 294
2 19 392
2 131 381
3 78 114 525
2 368 469
3 7 290 571
2 4 363
2 25 44
2 5 28
2 275 415
2 105 407
2 8 158
2 5 412
2 38 466
2 54 305
1 165
2 36 378
2 243 300
4 7 188 517 555
2 136 350
2 382 515
2 29 76
2 23 84
2 227 250
2 3 465
2 366 474
3 134 364 581
2 381 490
2 88 500
2 4 345
1 341
1 55
2 4 240
2 33 113
2 17 404
2 9 117
2 274 320
3 137 355 535
2 34 534
2 68 214
2 103 300
2 106 173
2 5 19
2 73 105
2 197 350
2 52 77
2 98 101
2 83 120
2 107 165
1 1
1 39
2 214 420
2 260 368
1 495
1 1
2 19 175
2 36 341
2 9 25
2 0 515
2 206 268
2 42 407
2 186 294
2 14 113
2 29 179
1 489
2 63 201
2 133 397
2 4 322
2 90 276
1 82
2 203 214
2 91 102
2 119 173
2 7 63
2 121 502
2 312 435
2 357 421
2 22 216
3 38 451 587
3 165 256 579
2 14 145
2 23 111
1 576
2 28 356
2 34 523
2 33 157
1 74
3 188 423 591
2 263 435
2 203 239
2 263 575
2 124 387
2 145 338
2 113 128
2 16 584
2 296 457
2 5 467
1 485
2 152 385
1 403
2 66 185
2 268 385
2 6 69
