200
14 1 2 5 9 26 37 50 58 62 100 146 160 161 163
11 0 2 3 4 6 10 14 22 47 72 184
7 0 1 23 31 45 94 121
12 1 4 7 9 19 23 24 32 38 97 107 157
16 3 1 5 6 7 8 16 18 25 27 70 80 94 152 159 176
3 0 4 28
7 4 1 10 11 29 31 40
9 3 4 8 12 13 17 25 155 194
14 4 7 12 13 15 49 50 55 76 81 139 143 151 179
6 0 3 48 59 75 95
9 6 1 11 14 18 57 71 87 100
6 6 10 83 84 117 130
3 7 8 32
7 7 8 16 92 95 114 162
4 1 10 22 123
4 8 17 109 152
9 133 4 13 28 38 39 77 150 175
3 7 15 27
7 4 10 30 79 157 168 176
9 3 20 21 36 54 55 83 169 199
5 19 34 36 110 142
5 19 43 54 102 195
4 1 14 41 44
8 2 3 138 35 46 51 89 128
4 3 33 34 187
7 4 7 63 88 93 99 185
3 0 39 59
4 4 17 143 153
3 5 16 174
4 6 41 43 175
8 18 45 62 66 72 106 120 129
4 2 6 108 148
3 3 12 37
3 24 69 85
5 20 24 35 56 108
2 23 34
2 19 20
3 0 32 52
3 3 16 99
2 16 26
4 6 46 51 110
3 22 29 180
3 57 86 103
4 21 29 124 167
6 22 142 120 128 151 170
7 2 30 64 68 104 147 196
2 23 40
2 1 74
3 9 66 67
2 8 135
4 0 8 64 132
3 23 40 191
2 37 129
3 86 89 90
6 135 19 21 79 91 181
2 8 19
5 34 71 131 179 182
4 10 42 104 111
2 0 60
6 9 26 82 97 106 119
4 58 63 80 190
1 119
5 0 30 113 159 185
4 25 60 65 70
2 45 50
1 63
4 30 48 98 174
2 48 73
2 45 113
4 33 77 93 125
3 4 63 198
2 10 56
3 1 30 75
4 67 87 105 123
3 140 47 90
6 134 9 72 105 115 195
1 8
2 16 69
1 98
2 18 54
5 4 60 96 182 193
2 133 8
3 140 59 171
2 11 19
2 11 194
2 33 109
3 42 53 132
2 10 73
4 25 96 116 126
3 23 53 190
6 53 74 112 118 192 197
1 54
1 13
4 25 69 165 130
3 2 4 178
7 9 137 13 103 180 186 192
2 80 88
4 3 59 122 125
4 66 167 78 114
4 25 38 149 166
2 0 10
1 136
3 21 154 156
2 42 95
2 45 57
2 73 75
4 30 145 59 197
2 3 112
2 31 34
2 15 85
2 20 40
1 57
2 90 107
2 62 68
4 13 155 156 98
2 75 191
2 88 196
2 11 144
1 90
2 59 61
2 30 44
2 2 147
1 97
4 14 73 177 181
1 43
2 69 97
3 162 88 189
1 137
3 136 23 44
3 141 30 52
2 11 93
2 141 56
3 50 169 86
6 134 16 81 138 144 198
3 133 75 164
2 49 54
2 101 128
2 95 127
2 133 23
2 8 178
2 82 74
2 129 131
2 20 44
2 8 27
3 133 117 158
3 106 172 173
1 0
2 45 121
1 31
1 99
1 16
3 8 44 188
2 4 15
2 27 186
1 102
2 7 114
2 102 114
2 3 18
1 144
2 4 62
1 0
1 0
3 13 126 199
2 0 164
2 134 163
1 93
1 99
2 43 98
2 18 187
2 19 132
1 44
1 82
1 145
2 145 189
3 28 66 184
2 16 29
2 4 18
1 123
2 139 94
2 8 56
2 41 95
2 54 123
3 56 80 183
1 182
2 1 174
2 25 62
2 153 95
2 24 168
1 151
2 173 126
2 60 89
2 51 115
2 90 95
1 80
2 7 84
2 21 75
2 45 116
2 90 106
2 133 70
2 19 162
