1000
40 1 2 3 9 10 14 17 22 27 61 64 65 67 75 80 93 103 105 118 121 135 152 171 184 190 191 202 264 303 384 394 477 497 568 585 657 767 818 856 907
67 0 4 5 6 7 9 14 19 23 24 33 37 39 57 58 65 67 82 87 95 102 112 126 128 137 144 148 168 190 206 238 243 273 283 296 307 326 351 380 421 442 452 454 462 506 522 537 538 542 570 610 635 682 684 688 721 739 742 762 817 842 865 875 901 935 936 990
69 0 3 4 5 6 8 10 11 16 18 20 21 26 30 32 39 40 49 50 56 59 66 73 77 82 84 104 124 146 156 158 180 181 183 194 246 263 267 270 290 305 319 370 378 389 393 404 409 413 415 479 511 518 556 559 591 670 711 745 750 787 809 814 818 826 862 872 885 993
15 0 2 25 35 53 109 159 220 395 522 701 712 785 806 984
18 1 2 29 43 56 74 81 198 225 372 374 560 716 738 777 801 941 976
71 1 2 12 15 17 18 26 27 30 38 54 55 71 76 83 107 143 145 150 157 170 176 192 195 200 205 209 218 226 250 252 257 265 268 288 310 318 336 354 360 398 406 410 412 416 438 441 445 450 478 487 489 504 528 542 568 577 649 653 695 724 727 748 767 856 872 884 898 911 956 959
50 1 2 7 11 13 19 22 25 35 42 46 47 53 57 71 110 123 131 139 149 157 185 232 242 288 327 358 369 397 417 432 487 492 505 506 513 587 595 692 698 746 792 827 835 852 903 915 952 963 984
40 1 6 8 12 15 20 23 29 36 37 41 44 51 59 66 77 89 115 147 201 210 221 222 224 229 254 328 392 400 418 529 571 592 807 838 845 893 957 960 980
28 2 7 31 45 58 91 110 135 177 182 183 192 222 269 271 329 332 364 407 420 586 681 707 722 763 847 910 981
7 0 1 126 483 495 691 912
7 0 2 21 137 240 424 558
7 2 6 31 211 293 879 971
12 5 7 13 61 80 132 165 193 333 405 406 431
8 6 12 16 87 235 459 485 597
9 0 1 28 32 141 282 427 451 516
10 5 7 52 220 327 425 519 659 693 794
4 2 13 448 797
4 0 5 602 695
6 2 5 355 379 525 553
13 1 6 34 46 116 154 179 261 337 445 482 668 932
29 2 7 24 28 60 62 96 102 109 117 127 169 243 262 277 289 300 301 311 323 417 468 470 566 667 726 806 843 996
14 2 10 54 139 155 172 247 276 337 438 448 517 550 653
25 0 6 36 55 62 63 76 92 197 202 212 275 390 418 424 439 523 641 688 747 815 816 880 931 943
23 1 7 72 79 86 97 113 142 224 265 279 323 342 408 411 449 469 494 526 536 757 765 990
4 1 20 320 650
10 3 6 147 150 287 414 457 511 715 749
12 2 5 117 130 179 253 365 531 614 619 632 814
22 0 5 40 41 42 85 101 115 121 136 258 278 280 352 706 718 755 782 803 831 849 964
6 14 20 33 52 64 123
5 4 7 116 331 403
19 2 5 38 48 84 125 164 203 214 240 343 344 382 477 543 836 851 944 958
4 8 11 34 306
12 2 14 112 196 317 367 375 567 597 655 675 726
24 1 28 68 79 99 106 133 171 207 219 228 241 242 277 297 352 359 419 423 507 519 591 687 874
21 19 31 44 69 70 94 104 122 133 160 375 392 422 460 548 555 603 656 804 939 963
17 3 6 63 99 131 136 148 154 167 175 305 423 694 758 778 831 967
18 7 22 45 51 96 122 187 217 249 308 345 437 444 497 502 578 616 703
4 1 7 298 630
2 5 30
18 1 2 72 94 100 119 120 155 212 218 401 431 501 541 544 730 752 855
2 2 27
8 7 27 43 98 228 382 520 952
16 6 27 49 69 74 108 170 233 322 426 436 571 736 794 870 997
13 4 41 68 73 91 221 234 307 386 412 491 665 722
17 7 34 47 97 162 182 216 235 251 287 335 346 358 386 640 807 937
12 8 36 50 95 166 174 302 324 648 876 900 969
17 6 19 48 60 83 163 186 271 291 310 357 440 443 621 733 938 977
4 6 44 314 527
16 30 46 93 103 130 134 205 266 398 481 584 628 715 723 753 979
15 2 42 78 111 193 209 213 361 416 575 771 781 843 895 975
4 2 45 189 290
11 7 36 88 106 138 178 308 353 428 502 731
5 15 28 120 236 553
8 3 6 78 161 368 625 859 902
15 5 21 70 108 177 217 381 489 539 565 582 784 833 860 886
9 5 22 325 420 468 629 676 779 853
9 2 4 175 211 214 223 292 619 828
5 1 6 185 269 686
13 1 8 90 111 164 330 347 442 532 606 611 787 844
4 2 7 176 282
3 20 46 149
2 0 12
9 20 22 142 531 534 594 601 624 985
15 22 35 75 88 146 414 464 474 493 563 702 798 947 972 989
7 0 28 89 132 341 469 792
11 0 1 92 180 245 306 344 492 745 953 961
12 2 7 173 204 229 463 514 592 719 796 929 983
4 0 1 81 965
3 33 43 559
4 34 42 230 480
11 34 54 100 156 165 197 210 298 379 927 986
8 5 6 227 315 356 644 730 926
4 23 39 704 889
2 2 43
8 4 42 128 199 427 461 579 949
7 0 63 105 339 557 699 917
4 5 22 456 490
6 2 7 85 113 158 662
4 49 53 201 273
10 23 33 86 153 266 372 470 910 923 994
4 0 12 90 919
3 4 67 283
4 1 2 786 868
6 5 46 321 378 589 928
4 2 30 472 839
4 27 77 457 789
23 23 79 107 114 119 127 129 141 162 196 239 259 318 342 533 576 683 727 736 740 761 804 956
9 1 13 134 138 151 191 451 459 782
3 51 63 916
3 7 64 845
4 58 80 314 613
4 8 43 429 430
2 22 65
15 0 48 124 145 236 238 262 286 486 495 607 630 665 716 951
18 34 39 98 101 160 163 200 340 385 399 405 586 622 741 841 855 900 982
8 1 45 125 293 599 866 878 905
7 20 36 260 466 518 544 612
7 23 44 114 390 498 933 945
4 41 94 219 436
3 33 35 151
6 39 70 140 245 815 864
5 27 94 232 904 996
8 1 20 118 198 281 686 774 816
2 0 48
4 2 34 195 967
4 0 75 408 479
11 33 51 188 278 361 434 572 579 654 884 908
6 5 86 335 383 503 916
5 42 54 184 401 974
4 3 20 714 759
2 6 8
3 49 58 700
6 1 32 252 678 700 811
6 23 77 129 280 299 350
5 86 97 153 439 540
7 7 27 174 333 612 639 769
3 19 29 680
3 20 26 274
19 0 102 178 223 291 317 349 353 651 674 702 741 784 829 888 921 924 940 988
12 39 86 143 152 225 230 234 244 315 520 593 617
8 39 52 316 446 501 681 696 757
3 0 27 267
3 34 36 388
4 6 28 411 945
3 2 93 961
7 30 95 140 360 496 524 664
9 1 9 144 250 432 472 615 754 871
5 20 86 159 377 988
6 1 74 370 374 777 896
4 86 113 655 919
3 26 48 166
3 6 35 575
6 12 64 213 259 260 330
2 33 34
8 48 87 188 426 452 509 791 827
6 0 8 332 463 881 958
6 27 35 237 433 471 673
6 1 10 161 362 764 935
7 51 87 247 473 547 652 743
3 6 21 253
3 100 125 801
4 14 86 385 545
8 23 62 173 194 256 636 821 848
3 5 119 770
4 1 126 227 458
5 5 93 373 388 764
6 2 63 186 325 566 979
5 7 25 172 272 295
3 1 35 720
2 6 60
6 5 25 543 574 627 631
3 87 99 525
6 0 119 215 455 465 697
5 79 114 208 300 813
15 19 35 169 285 301 348 381 435 484 499 505 570 581 606 993
9 21 39 167 274 428 447 461 660 821
4 2 70 312 631
12 5 6 168 187 255 281 292 692 863 908 950 953
5 2 77 396 822 914
2 3 127
3 34 94 257
5 53 137 608 671 672
6 44 86 313 573 877 917
3 46 94 434
4 30 58 561 747
6 12 70 239 258 334 391
14 45 130 215 284 588 599 738 769 779 793 906 920 927 936
6 35 155 181 264 316 800
5 1 157 311 576 890
4 20 154 341 866
7 5 42 286 334 548 580 675
2 0 33
7 21 147 284 363 507 534 832
5 66 142 299 647 995
3 45 115 285
11 35 56 204 319 395 402 481 705 723 812 899
6 5 59 354 363 512 992
4 8 54 189 871
6 51 118 294 331 795 799
4 19 26 343 441
4 2 65 552 578
3 2 167 862
7 8 44 465 474 545 549 658
2 2 8
5 0 108 295 588 622
5 6 57 249 256 537
3 46 146 216
7 36 157 207 303 407 540 823
2 106 134
3 50 177 206
2 0 1
9 0 87 304 321 345 527 735 820 882
2 5 8
6 12 49 199 237 394 925
4 2 142 377 776
6 5 104 208 272 728 748
4 32 86 359 940
8 22 70 294 366 368 476 590 840
3 4 102 802
5 74 193 391 563 906
3 5 94 373
4 7 78 254 839
4 0 22 203 974
7 30 202 233 246 425 677 942
4 66 175 605 646
2 5 48
2 1 189
6 33 187 255 263 366 971
3 153 195 498
4 5 49 486 533
5 7 70 590 613 643
2 11 56
2 22 39
6 49 132 275 510 541 623
2 30 56
6 152 166 231 304 313 698
2 44 186
3 36 54 669
4 5 39 279 564
4 33 98 270 484
6 3 15 226 339 790 846
8 7 43 289 369 389 758 830 891
4 7 8 634 798
2 56 118
2 7 23
8 4 119 328 454 521 683 829 976
3 5 220 891
10 71 144 231 376 440 485 618 690 922 939
5 33 41 596 677 796
7 7 66 251 309 322 371 861
3 69 119 562
5 215 227 471 623 734
2 6 101
5 42 203 446 488 949
3 43 119 456
3 13 44 834
5 52 93 885 934 959
3 136 193 964
6 1 93 241 244 302 473
3 86 165 944
3 10 30 991
5 33 238 248 657 713
3 6 33 396
3 1 20 712
8 119 238 261 338 458 464 515 647
9 65 100 384 415 503 546 928 932 946
2 2 203
9 21 138 248 276 413 444 615 902 966
4 241 247 312 674
4 36 185 478 788
6 5 126 320 347 371 887
2 44 229
3 5 112 364
2 26 139
3 7 201 918
2 157 207
5 142 185 338 399 808
3 5 160 346
5 27 165 732 869 991
2 86 132
2 96 132
4 19 244 351 480
3 20 93 297
7 2 207 268 500 523 583 685
2 0 167
2 5 23
5 48 79 387 684 898
4 2 121 652 788
3 5 263 706
6 8 57 349 422 521 879
2 2 219
5 8 46 309 538 968
2 147 195
4 1 78 524 803
3 117 155 500
4 22 213 430 680
2 21 247
2 20 33
3 27 106 562
3 23 218 409
2 27 113
3 102 157 433
4 14 59 551 564
6 1 81 362 475 732 980
4 166 172 383 435
2 154 174
4 93 170 387 453
2 25 44
3 5 6 852
4 20 221 645 689
4 2 50 467 746
3 46 118 851
3 56 157 455
2 11 95
4 178 197 296 410
4 147 184 646 654
3 1 294 589
3 33 262 393
2 37 70
5 113 173 324 914 982
2 20 153
3 20 154 467
2 45 238
2 0 187
5 191 215 509 934 970
3 2 35 380
2 31 65
10 1 43 462 627 639 705 822 853 883 955
4 36 51 340 938
2 229 271
4 5 46 348 447
3 20 168 725
4 156 248 357 925
3 162 215 775
3 47 90 397
3 71 119 554
3 120 167 510
7 32 118 350 536 569 819 994
2 5 86
3 2 175 978
2 24 250
9 83 191 460 483 580 620 728 834 933
9 42 229 400 551 557 637 671 832 849
6 20 23 326 356 402 403
7 45 299 367 530 577 800 922
3 55 146 755
2 1 323
5 6 15 515 611 709
3 7 225 329
3 8 328 868
6 58 132 365 514 598 617
2 29 178
4 8 135 946 947
8 12 115 336 376 449 690 825 850
2 165 170
2 44 107
5 5 333 641 691 962
2 19 21
3 244 256 867
2 75 220
2 94 308
3 64 169 957
2 23 86
2 30 179
2 30 65
4 36 191 710 783
4 44 257 355 421
2 58 250
4 154 310 626 826
2 118 269
4 113 317 530 973
3 1 261 556
2 27 33
3 51 118 582
2 5 176
3 18 346 987
4 71 323 482 600
4 46 312 776 987
5 6 44 508 607 668
4 33 196 633 721
3 5 125 650
2 49 106
5 137 283 569 643 972
3 172 176 596
2 8 252
2 26 330
2 197 207
2 32 324
3 53 197 584
4 6 221 475 888
3 2 128 662
2 229 250
4 4 79 437 772
3 145 200 771
2 4 128
2 32 34
8 227 333 605 689 797 841 926 951
4 127 194 443 614
6 2 83 585 594 679 773
2 18 70
5 1 305 669 708 929
4 54 154 696 833
4 30 41 783 812
2 107 284
4 0 245 616 729
3 94 141 864
3 43 44 493
2 266 286
2 122 145
3 2 221 513
4 22 97 404 857
2 165 199
2 7 34
6 2 297 645 679 703 966
2 0 193
2 3 175
5 158 242 429 567 810
2 6 314
3 5 48 667
4 94 256 753 770
2 7 322
3 39 108 673
2 175 323
3 29 323 419
2 2 390
5 12 94 526 752 892
2 5 12
2 8 187
2 23 105
4 2 279 496 918
6 5 294 532 547 701 824
4 23 123 572 897
5 5 43 466 637 893
2 2 247
3 25 63 766
3 2 245 809
2 5 49
6 6 20 453 490 751 837
3 7 22 488
2 33 403
5 8 55 561 664 720
2 1 346
2 34 269
2 33 35
3 10 22 740
3 15 203 499
2 42 134
3 14 74 725
3 51 155 604
3 91 396 913
2 91 275
2 12 39
3 6 126 552
5 136 281 494 634 651
3 106 163 476
5 154 284 739 846 878
2 42 98
2 36 372
2 5 21
2 22 114
2 46 227
3 5 179 985
3 1 58 766
3 46 377 565
6 36 247 450 595 743 882
3 5 19 881
5 120 233 842 873 897
3 155 310 775
5 16 21 663 850 895
4 23 333 549 587
2 5 444
2 14 87
2 1 134
4 286 417 820 969
2 1 225
2 152 292
4 76 234 491 729
2 25 85
2 144 244
3 13 87 648
2 34 321
3 74 155 620
2 1 307
3 66 135 602
2 63 244
2 152 182
3 96 412 978
6 290 301 516 799 808 854
2 20 55
2 23 64
5 20 79 558 778 890
2 136 231
3 84 126 603
4 138 238 512 903
3 63 182 823
3 283 369 638
3 197 434 901
2 0 30
2 5 249
3 2 105 693
2 69 261
2 48 175
4 19 356 554 943
3 9 321 626
4 154 219 731 819
3 13 227 998
2 93 209
2 5 6
3 233 418 656
2 5 54
2 76 417
3 43 456 546
4 6 65 601 610
3 63 386 600
5 23 433 517 593 768
5 9 93 659 785 817
2 125 409
3 0 36 504
2 97 208
4 154 425 550 707
2 263 274
3 39 120 624
3 36 51 734
4 107 245 789 870
2 5 497
2 6 154
4 1 6 508 535
2 33 172
2 358 506
3 134 304 811
2 213 316
4 2 25 528 535
2 176 473
3 6 389 835
4 66 330 581 973
2 244 327
2 14 467
2 21 494
4 2 96 529 539
4 15 33 555 676
2 41 119
4 225 269 573 828
3 1 3 983
3 22 263 733
2 125 273
2 18 151
3 23 405 886
2 47 191
3 5 511 760
4 7 518 560 644
4 324 350 735 889
2 26 62
3 58 410 632
3 86 209 640
3 62 172 633
2 506 511
3 23 317 744
3 1 185 670
2 1 271
3 54 518 642
2 114 187
3 39 213 786
3 1 5 863
2 30 150
3 39 96 649
2 141 182
2 245 491
2 138 410
2 34 170
3 182 449 869
7 21 499 574 609 663 682 710
2 282 322
9 180 432 636 672 805 880 911 924 981
3 18 52 802
2 315 482
2 34 519
2 2 351
2 75 322
2 10 470
4 2 68 618 962
3 4 529 666
4 164 420 709 793
2 230 278
4 63 199 583 840
3 218 282 894
2 54 443
2 20 146
4 32 396 604 661
2 0 5
2 317 362
4 1 154 658 873
4 7 42 609 999
4 106 411 742 970
2 162 521
2 150 550
2 49 131
2 86 168
3 5 324 844
2 36 180
3 74 106 708
2 170 321
5 154 514 638 713 848
8 54 353 621 628 629 751 894 999
2 263 563
3 48 368 763
2 0 378
3 8 94 625
2 6 449
2 166 184
2 83 296
4 197 210 608 711
2 2 33
2 7 66
2 119 494
4 62 378 598 923
2 6 444
2 228 363
2 13 32
3 330 594 930
2 95 166
3 356 493 666
2 62 492
4 17 463 661 836
2 34 472
2 428 567
3 204 376 942
4 58 154 694 883
2 93 358
4 161 590 756 774
2 550 571
2 1 492
2 58 327
3 96 115 824
2 90 210
3 26 377 642
3 126 247 765
2 36 384
2 119 330
2 227 559
2 26 56
2 321 461
5 46 582 635 699 717
2 94 184
2 213 231
2 62 501
2 53 586
3 348 483 780
4 150 307 719 781
3 48 582 861
3 55 582 660
4 37 93 744 874
2 150 156
2 26 532
4 359 534 795 867
2 222 433
2 1 621
2 142 552
2 322 412
3 475 581 931
2 115 307
3 44 533 678
2 22 336
3 539 614 950
3 210 362 838
2 71 529
2 289 393
2 204 295
3 173 244 790
2 45 459
2 5 544
2 24 360
2 118 433
2 138 267
2 5 21
3 106 295 995
2 32 129
2 34 488
6 0 241 685 697 714 937
3 182 570 687
2 15 495
4 155 629 704 825
2 567 602
2 77 370
2 448 550
2 125 420
2 43 93
2 560 600
2 20 398
3 19 358 805
2 217 380
2 2 537
2 161 322
5 161 552 761 813 954
2 136 401
2 118 248
2 32 170
2 55 519
2 203 228
2 112 640
3 378 393 756
2 116 275
2 8 120
3 1 550 830
3 86 225 948
2 1 266
2 263 657
3 57 102 968
2 33 658
2 1 22
5 289 376 724 773 875
2 227 333
3 9 336 859
2 6 157
4 15 479 760 858
2 35 606
3 5 17 759
2 120 381
3 152 657 998
4 6 215 780 904
2 75 621
3 111 112 718
2 3 410
3 63 118 909
3 36 393 892
2 72 660
3 175 307 865
2 27 268
2 8 499
3 380 579 749
3 327 561 791
3 345 550 737
3 2 590 768
2 3 243
2 241 581
4 109 657 737 913
3 25 48 899
3 4 93 717
3 621 716 772
2 27 700
3 66 627 860
2 148 420
3 1 359 750
2 8 43
2 48 175
2 5 689
2 311 427
2 20 32
2 5 86
2 195 321
2 384 456
3 39 71 915
2 51 484
2 258 283
2 46 523
2 231 502
4 191 530 858 896
5 42 86 754 762 905
2 710 714
2 4 166
2 1 435
2 86 424
3 94 118 857
2 1 572
2 138 444
3 536 630 954
2 2 65
2 6 290
2 22 164
2 5 195
2 25 708
2 2 721
2 417 582
2 39 405
2 48 399
2 126 736
3 27 325 909
2 608 679
3 23 120 810
2 35 221
3 109 695 992
2 528 693
2 86 672
2 1 736
2 8 584
3 137 145 920
2 23 615
2 414 442
2 0 5
3 494 711 960
2 115 166
2 143 399
2 49 373
2 372 717
2 378 689
2 102 608
2 313 447
2 194 357
2 4 128
2 35 470
2 55 166
2 626 698
2 49 627
2 27 87
2 345 382
3 54 118 877
2 3 495
2 82 541
2 2 58
4 249 267 912 986
2 85 503
2 220 647
2 134 709
2 6 64
2 166 561
2 15 42
2 178 633
2 66 228
3 16 376 977
2 63 222
2 178 467
2 167 324
2 4 140
2 198 553
2 27 273
3 34 86 941
2 552 668
2 3 20
3 7 44 955
3 256 467 847
2 2 415
2 396 757
3 112 509 975
2 175 382
2 153 672
2 2 26
3 22 100 837
2 22 102
2 1 495
2 0 2
2 317 484
2 191 453
3 142 155 997
3 158 307 854
2 187 474
2 410 612
2 333 660
2 2 348
2 6 134
2 56 521
2 118 225
2 221 682
2 27 35
2 172 322
2 54 381
2 235 321
2 6 513
2 30 602
2 417 815
3 7 643 876
2 84 201
2 197 563
2 94 376
2 1 446
2 20 49
4 58 577 907 965
2 7 89
2 220 435
2 8 808
2 142 581
3 27 322 948
2 333 448
2 30 291
2 6 288
2 55 307
2 467 822
2 39 94
2 0 5
2 390 741
3 693 735 930
2 53 691
2 54 719
2 229 628
2 2 181
2 157 542
2 100 385
2 1 705
2 95 169
2 338 633
2 82 329
2 258 549
2 42 503
2 126 177
2 2 5
2 446 570
3 33 630 887
2 1 689
2 45 838
2 162 784
2 95 435
2 11 269
2 22 552
2 135 445
2 191 444
2 307 606
2 5 106
2 2 236
2 54 526
2 250 874
2 118 369
2 72 530
2 168 470
2 221 226
2 405 703
2 7 412
2 564 582
2 49 448
2 128 735
2 411 446
2 5 266
2 175 715
2 45 94
3 1 476 921
2 53 247
2 6 473
2 101 698
2 95 736
2 166 199
2 0 844
2 106 157
2 702 755
2 8 79
2 5 552
2 9 788
2 429 714
2 158 299
2 6 730
2 88 107
2 75 162
2 254 409
2 80 129
2 166 764
2 118 901
2 227 324
2 79 594
2 118 552
2 193 312
2 71 376
2 70 166
2 83 245
3 66 380 989
2 598 858
2 22 638
2 19 245
2 97 321
2 236 304
2 1 137
2 1 166
2 44 657
2 46 308
2 34 227
2 118 196
2 4 804
2 203 605
2 22 482
2 30 239
2 97 123
2 245 332
2 63 332
2 683 849
2 74 233
2 157 642
2 93 376
2 6 41
2 65 157
2 672 744
2 307 807
2 5 86
2 7 341
2 30 135
2 5 236
2 7 768
2 65 124
2 336 559
2 6 34
2 27 237
2 67 844
2 247 393
2 35 104
2 271 686
2 45 453
2 304 572
2 11 207
2 63 362
2 350 514
2 108 202
2 49 811
2 4 225
2 46 797
2 319 466
2 48 146
2 7 283
2 8 552
2 94 299
2 66 522
2 3 6
2 62 441
2 70 788
2 355 357
2 118 127
2 63 929
2 1 23
2 240 258
2 176 759
2 2 154
2 79 317
2 173 654
2 20 101
2 42 821
2 485 697
2 571 582
