100
7 3 4 6 32 43 70 89
6 2 3 11 45 57 58
5 1 8 14 30 55
14 0 1 4 5 8 10 14 26 29 33 56 79 84 88
8 0 3 6 9 12 34 42 60
8 3 9 15 54 60 62 76 85
8 0 4 67 17 18 20 44 59
2 13 26
2 2 3
6 4 5 12 41 65 66
3 3 11 39
6 1 10 16 36 90 99
6 4 9 22 27 50 66
2 7 25
7 2 3 16 31 51 92 95
1 5
4 11 14 34 43
5 6 18 28 52 96
3 6 17 23
2 21 83
4 6 23 54 98
1 19
2 12 71
5 68 18 20 28 62
2 50 83
4 13 49 63 80
4 3 7 59 98
2 12 40
4 17 23 47 87
4 3 32 46 79
1 2
1 14
2 0 29
2 3 41
3 4 16 42
4 78 39 61 97
2 11 75
2 69 44
1 78
3 10 35 63
2 27 95
2 9 33
2 4 34
2 0 16
3 6 37 58
3 1 84 64
1 29
1 28
1 56
1 25
3 12 72 24
2 14 73
2 17 86
1 80
4 5 20 91 57
1 2
2 3 48
2 1 54
2 1 44
4 6 71 26 94
2 4 5
1 35
2 5 23
5 25 39 89 93 94
1 45
1 9
2 9 12
1 6
1 23
1 37
3 0 77 93
2 22 59
2 50 74
1 51
2 72 82
1 36
1 5
1 70
2 35 38
2 3 29
2 25 53
1 82
3 74 81 86
3 19 24 91
2 3 45
1 5
2 82 52
1 28
1 3
2 0 63
1 11
2 83 54
1 14
2 70 63
2 59 63
2 14 40
1 17
1 35
2 20 26
1 11
