1000
38 1 2 3 4 5 6 7 21 25 26 29 37 40 46 51 52 53 55 117 138 145 164 167 246 336 382 388 522 553 562 623 638 708 740 854 864 889 938
20 0 3 27 45 46 134 148 163 176 212 342 381 521 569 590 636 734 751 834 947
14 0 7 32 34 78 97 156 193 272 318 383 562 618 731
92 0 1 4 5 6 8 9 11 13 16 26 39 41 44 49 50 60 63 66 72 88 90 91 96 97 107 108 109 117 125 155 158 159 169 170 175 177 179 181 196 197 225 261 292 295 311 314 317 324 327 330 335 343 357 376 395 399 410 427 435 438 440 460 467 508 511 514 564 587 589 599 608 684 689 690 702 703 725 728 755 773 778 834 852 853 863 866 885 906 943 951 973
109 0 3 8 9 10 12 13 16 17 18 19 20 23 28 29 33 40 42 54 59 60 64 66 68 74 81 83 92 100 101 103 110 112 114 128 133 134 141 144 148 151 169 181 191 192 224 227 228 232 241 251 260 266 291 304 313 318 325 326 328 332 337 346 347 354 362 402 413 427 456 459 464 490 498 499 502 503 507 540 548 573 591 592 604 609 617 624 640 642 657 666 693 698 699 709 723 753 787 793 797 804 814 836 842 893 898 899 918 950
33 0 3 22 34 37 41 52 76 96 109 123 131 137 152 234 254 268 295 324 397 407 437 450 480 551 598 683 737 745 806 839 846 896
74 0 3 10 11 12 15 17 18 21 25 28 30 31 35 36 48 49 55 56 63 72 86 87 93 116 119 120 126 136 137 200 204 211 216 219 236 240 244 250 277 286 338 356 363 373 374 376 412 413 434 451 474 475 497 515 542 570 576 606 646 660 673 687 707 726 756 769 771 794 870 917 963 994 995
14 0 2 20 35 47 83 115 161 267 380 578 746 776 946
25 3 4 14 71 85 88 90 95 120 121 166 199 268 310 368 432 489 517 596 657 701 759 910 955 968
15 3 4 14 15 77 79 183 221 368 470 475 593 632 650 999
5 4 6 71 365 377
15 3 6 38 98 153 192 289 370 387 394 458 462 516 828 986
19 4 6 31 73 89 102 127 145 149 203 208 229 497 736 772 869 954 979 989
23 3 4 24 64 74 105 119 199 247 296 312 353 373 383 407 423 493 514 583 690 723 888 968
5 8 9 62 727 901
8 6 9 36 47 70 118 858 919
23 3 4 33 44 48 57 80 93 112 172 254 298 377 408 409 500 552 586 681 734 807 879 939
16 4 6 19 22 65 157 460 512 581 702 749 849 854 874 914 999
6 4 6 30 95 206 550
10 4 17 24 54 184 188 499 572 764 977
8 4 7 73 94 194 271 272 372
13 0 6 23 38 61 80 175 214 216 230 239 302 567
16 5 17 68 107 128 136 183 242 303 401 489 534 545 611 625 663
9 4 21 53 182 218 294 334 444 492
4 13 19 32 401
8 0 6 87 343 505 525 674 711
37 0 3 27 39 50 70 86 104 138 144 163 168 182 200 201 215 278 321 328 428 436 443 482 504 558 565 593 607 618 670 761 764 797 830 848 885 921
5 1 26 240 316 588
13 4 6 77 92 103 126 142 164 455 706 745 936 965
8 0 4 82 259 416 725 733 826
4 6 18 301 807
9 6 12 58 65 69 419 450 461 768
3 2 24 494
3 4 16 116
17 2 5 132 154 180 208 245 284 310 333 415 447 542 584 651 835 919
13 6 7 75 91 132 214 274 398 422 510 820 895 922
11 6 15 81 202 220 298 509 518 579 738 781
16 0 5 67 82 106 125 133 220 281 457 478 599 614 695 732 964
12 11 21 43 45 139 168 176 463 592 623 680 933
12 3 26 42 139 226 228 360 583 647 655 718 840
8 0 4 264 292 358 400 679 788
6 3 5 454 472 663 724
12 4 39 43 152 184 217 225 270 327 574 775 783
19 38 42 58 84 108 305 312 397 591 630 648 685 710 712 743 744 847 993 996
9 3 16 59 67 115 571 643 800 846
4 1 38 166 801
4 0 1 51 454
7 7 15 101 179 481 740 996
5 6 16 299 595 782
17 3 6 122 129 146 154 195 205 221 252 287 365 539 545 715 750 978
8 3 26 98 256 258 286 664 809
2 0 46
10 0 5 57 129 244 275 280 281 411 868
3 0 23 839
13 4 19 75 150 189 195 205 577 582 628 892 944 981
21 0 6 56 61 99 106 123 135 140 165 178 241 263 284 395 537 551 596 700 900 920
7 6 55 113 322 709 726 886
3 16 52 915
14 31 43 69 78 84 185 249 307 794 795 878 908 947 967
8 4 44 191 301 488 682 767 985
15 3 4 62 79 85 105 342 355 390 446 474 516 531 928 986
5 21 55 150 162 879
10 14 60 94 194 253 520 571 639 714 983
13 3 6 151 157 160 201 359 393 694 768 845 883 884
3 4 13 473
5 17 31 288 638 770
16 3 4 170 279 280 352 362 366 637 705 777 795 821 858 896 988
7 37 44 149 296 492 530 563
5 4 22 307 716 949
15 31 58 202 226 231 408 438 506 528 665 669 683 897 923 959
11 15 26 89 102 135 230 319 396 473 660 668
5 8 10 235 334 728
6 3 6 260 403 429 548
6 12 20 323 404 656 971
5 4 13 76 188 329
4 35 54 121 156
3 5 74 948
20 9 28 114 130 160 223 339 340 353 462 465 496 506 531 541 544 730 777 804 960
5 2 58 525 870 882
3 9 60 141
13 16 21 111 113 146 165 186 243 323 826 837 898 966
10 4 36 206 262 367 386 448 853 861 989
3 29 37 956
2 4 7
6 43 58 131 612 642 727
4 8 60 699 772
6 6 26 217 375 513 808
2 6 25
5 3 8 212 269 615
10 12 70 100 161 180 426 561 670 684 691
5 3 8 177 209 274
6 3 35 791 844 886 998
4 4 28 364 595
7 6 16 186 204 384 433 496
9 20 62 122 124 153 273 414 455 738
3 8 18 99
9 3 5 233 253 265 445 491 757 837
15 2 3 130 174 264 335 348 421 483 634 713 851 868 888 927
2 11 50
4 55 95 735 932
4 4 89 909 949
5 4 47 104 111 616
9 12 70 283 429 436 479 481 536 610
7 4 28 124 350 537 744 956
5 26 101 306 384 860
8 13 60 218 245 356 480 876 930
6 37 55 417 482 823 841
5 3 22 110 118 236
3 3 43 624
3 3 5 178
5 4 107 360 391 632
6 80 101 543 597 799 930
4 4 16 276 290
7 56 80 187 210 577 585 966
5 4 77 198 224 501
10 7 44 127 203 415 478 505 847 933 948
9 6 33 159 348 349 463 641 666 729
3 0 3 610
4 15 107 659 922
6 6 13 250 315 392 524
14 6 8 155 219 238 344 453 532 566 602 765 838 877 903
8 8 75 142 227 445 502 533 661
5 49 94 809 821 916
2 5 55
2 94 103
10 3 37 147 173 297 311 611 625 911 926
2 6 28
16 12 115 143 158 167 189 190 278 331 405 467 580 712 892 907 926
2 4 22
10 49 52 242 430 526 565 594 653 696 824
15 77 97 140 174 231 239 299 313 320 612 626 655 813 865 929
7 5 84 233 306 345 403 934
4 34 35 817 964
3 4 37 303
9 1 4 196 229 309 379 617 649 845
8 55 70 147 418 487 533 615 671
4 6 22 173 237
3 5 6 337
3 0 26 309
2 38 39
3 55 130 361
10 4 79 143 171 187 341 375 451 827 833
7 28 121 304 600 634 648 866
3 127 141 258
3 4 26 162
6 0 12 257 346 402 849
3 49 80 193
2 125 135
6 1 4 215 237 696 789
3 12 67 937
6 54 61 171 198 275 526
2 4 63
8 5 42 197 322 385 485 614 817
2 11 94
2 34 49
4 3 120 207 222
4 2 75 207 560
4 17 63 652 730
2 3 127
7 3 116 213 483 550 810 881
7 63 77 255 370 381 469 842
2 7 89
3 61 144 720
7 1 26 246 255 527 613 704
9 0 28 223 325 495 536 750 788 816
4 55 80 432 672
6 8 45 172 357 439 472
9 0 127 248 257 266 267 283 331 658
4 26 38 238 461
5 3 4 185 379 564
6 3 66 210 276 589 627
3 141 150 676
7 16 166 232 305 471 819 901
2 125 136
4 97 130 190 543
3 3 21 213
5 1 38 271 597 876
7 3 90 248 508 573 581 755
5 55 109 336 833 838
2 3 47
2 34 89
2 3 4
3 23 26 378
2 9 22
4 19 42 523 874
4 58 169 703 970
2 80 93
5 113 141 273 314 820
3 19 74 997
12 54 127 209 251 256 332 333 486 580 741 798 880
3 127 174 419
3 4 59 678
5 4 11 539 569 674
2 2 146
2 20 62
3 49 54 579
3 3 134 431
8 3 152 211 222 339 364 385 510
4 114 150 287 661
3 8 13 262
6 6 26 288 294 477 714
23 26 63 269 282 285 300 326 352 361 366 382 386 435 471 477 646 693 731 924 927 942 974 990
5 36 69 484 644 799
5 12 115 317 549 600
6 6 93 530 560 790 802
5 49 54 389 409 452
5 18 81 297 300 698
3 155 156 877
2 12 34
2 90 189
7 113 170 263 425 602 852 862
3 6 197 859
8 1 88 234 265 426 449 672 970
2 159 175
2 21 35
6 26 148 308 420 549 586
7 6 21 235 279 468 495 981
3 42 86 338
7 23 105 433 457 493 676 715
3 6 120 656
11 36 37 270 291 319 359 547 570 575 686 843
2 9 49
2 155 197
2 77 164
3 4 114 466
2 3 42
4 39 69 806 865
3 4 121 282
4 4 39 762 873
7 12 134 249 302 464 554 556
6 21 70 535 752 855 905
4 69 130 444 476
6 4 172 406 557 651 681
8 96 131 320 669 719 742 840 977
5 5 212 261 351 836
7 71 216 388 399 604 695 918
2 6 107
2 136 148
4 120 168 290 552
7 21 130 285 345 392 563 785
5 6 27 871 891 904
11 4 55 372 380 521 584 588 603 653 985 992
4 22 129 243 367
3 80 242 308
9 6 52 468 476 498 544 572 735 987
6 34 105 247 252 519 688
2 0 163
5 13 245 293 488 856
6 167 177 259 423 779 906
3 58 229 863
3 6 119 716
4 4 189 507 969
7 49 245 277 515 677 953 971
7 62 96 418 643 707 763 829
3 5 16 880
3 160 163 416
2 50 189
5 145 167 608 628 786
4 50 143 293 369
4 29 248 289 783
4 4 72 315 440
3 3 234 631
4 81 199 329 711
5 55 210 363 546 747
5 40 97 316 710 763
2 96 212
6 4 167 321 330 398 441
4 7 167 358 574
4 5 8 469 501
4 88 201 340 520
3 42 220 538
3 20 176 458
2 2 20
3 94 187 389
5 35 90 639 697 884
3 52 150 969
4 112 170 484 519
4 6 252 503 936
3 26 127 390
7 66 216 374 400 485 540 980
7 52 66 534 556 808 823 958
3 37 52 404
3 201 227 687
4 102 167 555 827
3 34 55 387
2 201 239
2 6 50
3 49 198 962
2 65 200
4 11 259 620 997
3 112 238 393
3 4 220 417
3 3 40 757
2 247 258
2 23 200
2 3 5
5 13 67 428 671 952
2 125 206
7 16 36 529 630 717 766 988
3 48 130 903
6 201 206 341 349 818 829
6 30 59 421 535 636 667
2 21 229
6 22 133 396 500 680 883
3 4 142 878
3 43 172 771
5 104 131 371 394 504
4 58 68 619 796
2 215 243
3 134 138 355
3 8 34 532
9 3 125 509 620 686 872 910 921 942
4 13 43 512 909
2 4 130
2 3 187
2 119 260
4 27 264 351 422
3 3 203 347
2 2 4
2 70 220
3 130 233 954
2 26 266
4 56 152 371 447
3 73 80 766
3 3 5 443
2 4 164
5 4 201 354 424 547
6 3 42 350 414 748 869
3 4 26 378
3 74 262 700
3 3 266 873
5 127 167 425 513 791
2 4 189
2 34 189
2 23 71
2 3 97
2 0 178
3 4 137 466
4 6 217 344 732
2 77 197
4 77 269 875 991
9 141 300 405 566 567 598 658 812 815
3 1 60 976
7 3 25 431 538 561 784 905
2 120 338
2 131 239
5 4 145 465 541 675
3 4 317 756
3 97 116 601
2 116 300
2 103 327
2 234 316
4 66 201 452 856
3 13 77 902
2 4 326
3 60 309 668
4 6 105 641 722
2 3 166
2 40 267
2 63 220
4 39 110 369 762
2 140 201
3 4 66 787
2 6 263
6 92 197 442 798 800 841
2 10 49
2 66 201
2 81 242
2 8 9
5 258 360 439 633 958
5 11 160 459 490 527
5 306 322 733 862 950
4 20 241 406 792
2 6 13
2 6 279
3 86 141 524
2 3 6
5 10 16 424 736 859
2 182 328
4 134 169 410 760
2 7 241
2 1 160
5 0 201 441 585 940
6 2 13 391 412 568 789
2 93 104
3 152 197 453
2 81 201
3 11 284 713
3 0 235 613
3 205 273 511
3 60 278 631
2 110 383
4 119 239 434 844
3 63 290 957
2 11 306
2 3 55
4 70 303 752 975
3 5 43 994
4 35 266 518 857
3 3 235 411
3 40 279 975
2 22 24
2 4 145
2 72 131
4 73 281 814 973
4 127 341 721 913
5 232 372 420 619 694
2 5 13
3 16 69 430
4 16 205 719 995
2 3 379
4 52 399 633 677
2 6 383
2 4 6
5 94 327 575 578 978
2 34 115
3 29 255 819
6 106 291 557 601 662 946
5 135 253 470 769 912
2 31 190
2 215 406
2 97 301
8 35 316 437 448 487 665 793 895
2 13 248
2 326 377
2 210 331
3 89 212 446
2 3 4
2 26 296
4 72 102 649 816
3 129 408 629
2 196 343
4 8 165 486 553
4 93 218 720 860
3 6 392 790
2 3 201
2 26 102
3 5 422 754
2 3 69
3 166 369 479
4 3 260 442 449
2 266 382
4 364 440 491 987
2 26 324
4 23 231 522 998
3 96 121 692
2 60 426
2 34 322
5 81 422 637 654 872
3 212 440 945
4 5 31 456 568
5 6 141 622 779 857
2 205 352
3 120 385 704
2 41 46
2 28 94
2 4 450
4 37 218 605 767
2 11 271
2 4 370
3 3 17 776
2 31 168
2 11 77
2 38 116
3 4 229 980
3 77 346 621
4 224 337 576 825
5 3 127 494 554 650
3 216 244 747
2 160 268
4 9 418 627 786
2 172 201
3 41 166 802
2 64 70
2 6 60
2 6 9
2 231 244
2 200 201
2 37 115
2 102 439
3 5 105 818
5 47 102 517 523 908
2 26 106
2 97 159
2 202 276
2 152 279
5 189 432 654 761 894
6 135 422 582 659 753 822
2 59 247
4 8 22 729 984
2 4 370
2 96 442
6 23 67 529 609 662 667
2 13 218
2 32 467
2 164 216
3 77 93 805
5 6 12 555 722 951
2 4 244
3 4 19 965
2 16 303
2 114 268
4 4 121 622 899
4 4 277 616 825
3 26 306 897
5 25 115 546 685 810
3 69 77 594
2 4 251
2 3 177
2 36 311
3 35 197 811
3 3 389 867
3 17 312 587
5 86 331 528 626 867
2 3 13
2 6 252
2 11 60
2 8 481
2 36 398
3 245 276 746
2 62 269
3 1 241 741
2 0 444
2 184 481
2 119 375
3 25 78 944
5 129 150 664 739 812
3 163 370 621
3 69 513 559
2 298 492
2 67 204
3 60 77 688
2 120 310
2 121 135
3 22 280 796
2 230 301
2 102 164
3 55 103 785
2 270 343
2 49 192
3 4 279 645
2 77 346
2 6 34
3 111 174 559
3 77 244 890
2 22 49
2 263 505
4 220 326 652 924
2 4 72
2 203 215
4 18 159 645 748
3 5 55 644
3 16 238 689
3 0 432 678
2 229 467
7 283 497 558 780 803 915 963
2 229 280
2 232 417
2 26 555
2 528 543
2 156 204
2 89 343
2 0 2
4 67 239 629 881
2 3 169
2 26 129
3 120 341 962
4 21 341 691 917
3 383 450 912
2 1 192
4 6 220 697 724
2 44 62
2 19 244
4 4 177 682 976
8 42 267 590 606 635 673 831 938
2 220 414
2 6 466
6 54 113 605 782 801 893
2 7 414
2 36 195
3 127 189 778
3 17 177 760
2 54 487
3 13 39 603
2 34 241
2 113 382
2 16 215
2 3 512
2 27 241
3 3 170 850
2 1 574
2 4 43
2 4 38
2 9 26
4 129 506 607 815
2 48 92
2 8 55
3 111 176 758
2 5 341
2 3 37
2 142 203
2 348 417
3 120 210 635
2 241 583
2 4 235
2 457 577
2 6 574
3 26 594 708
2 3 257
2 4 492
2 102 117
3 22 125 770
2 84 130
5 163 388 754 784 990
5 37 152 721 737 864
2 88 135
3 101 503 758
2 4 134
3 2 26 692
3 307 406 780
4 289 311 706 851
3 465 527 831
3 451 502 718
3 0 38 875
2 4 108
2 22 125
2 130 513
4 170 470 774 832
4 54 257 805 941
2 430 563
3 43 298 871
3 261 390 640
2 9 110
2 369 411
2 97 142
3 574 602 935
2 1 301
2 66 448
3 0 65 647
3 62 274 679
3 4 631 743
2 116 356
2 4 84
3 44 253 889
3 202 551 822
2 540 550
2 6 201
2 39 638
2 43 142
4 134 429 675 843
3 9 467 882
2 34 232
4 157 547 861 902
2 129 241
2 448 486
2 39 130
2 73 219
3 4 8 991
3 167 341 972
4 118 487 759 911
2 6 70
2 121 198
2 417 492
2 22 41
2 50 526
2 69 422
2 4 116
3 301 492 900
3 70 355 984
4 69 233 701 830
2 26 89
3 135 296 813
2 165 212
2 6 574
3 25 192 920
2 346 649
2 171 218
4 252 411 891 992
2 191 553
2 40 639
2 38 303
3 16 232 929
2 59 573
3 5 69 904
3 3 89 925
2 43 505
2 220 311
2 6 282
2 245 531
3 3 552 742
2 3 13
3 89 567 717
2 445 618
2 4 201
2 63 406
2 37 235
2 129 148
2 274 570
2 4 206
3 4 85 739
3 55 329 705
3 8 669 850
2 3 17
4 3 185 765 774
2 163 453
3 66 700 982
2 28 620
2 6 253
2 0 607
2 4 56
2 43 264
3 25 262 749
2 43 127
2 97 387
2 62 200
2 49 218
2 68 250
2 298 691
2 39 622
2 233 409
3 162 433 775
3 405 614 811
3 356 497 923
2 4 13
2 41 570
2 3 29
2 6 56
2 14 84
2 3 71
2 116 489
2 77 157
2 2 201
2 37 338
2 29 371
4 1 16 835 894
2 99 244
2 12 377
2 5 614
2 36 94
2 526 699
2 0 47
3 189 521 792
3 233 689 751
2 43 640
2 43 103
2 5 28
2 7 519
2 263 468
2 327 550
2 17 711
2 49 164
2 1 742
2 230 396
3 4 487 781
2 437 613
2 3 177
2 6 347
2 96 292
2 597 616
2 8 659
3 379 581 855
3 26 486 939
2 228 360
3 253 264 916
3 19 26 983
2 120 703
4 298 323 773 931
2 59 457
2 31 63
2 6 418
2 65 611
3 6 305 803
2 12 85
2 3 766
2 627 703
2 42 720
2 7 460
2 66 77
2 3 580
2 248 451
2 555 619
3 36 753 914
2 48 577
3 42 259 907
3 343 613 828
2 239 537
2 257 470
2 4 362
3 40 164 925
2 148 383
2 204 434
2 91 331
2 372 741
3 4 422 953
2 6 58
2 58 66
2 307 534
2 4 26
2 189 364
2 111 202
3 44 364 960
2 45 577
2 204 472
2 555 771
2 4 77
3 496 628 832
2 5 226
2 16 30
2 86 280
2 50 122
3 159 505 935
2 510 721
2 341 526
2 130 671
2 4 404
2 341 594
2 164 429
2 132 152
2 300 480
2 172 416
2 35 187
2 66 122
4 487 644 943 993
3 106 280 824
2 129 823
2 466 503
3 29 80 979
2 141 283
2 11 784
3 253 300 931
2 26 669
3 574 621 932
2 627 805
2 141 178
2 1 3
3 34 734 887
2 4 234
3 80 96 967
2 120 178
3 5 53 913
2 39 233
2 106 364
2 4 160
2 220 649
2 91 392
2 63 134
2 5 44
3 43 115 848
2 26 847
3 17 145 887
3 589 701 928
2 97 620
3 3 210 937
2 3 81
2 0 17
3 230 760 974
2 247 352
2 398 451
2 15 66
4 211 377 952 957
2 104 433
2 81 652
2 210 371
2 3 249
2 0 614
3 130 226 961
2 3 142
2 511 513
2 52 97
3 12 327 890
2 6 78
2 240 630
2 311 448
2 228 330
2 17 184
2 340 623
2 105 176
3 120 207 959
2 58 304
2 16 61
2 189 254
2 159 563
2 78 650
2 63 303
2 63 274
2 3 26
2 56 91
2 835 849
2 13 97
2 0 643
2 544 869
2 240 677
2 54 127
2 4 577
2 486 734
2 35 422
2 5 66
2 69 504
3 4 80 982
2 4 502
2 55 667
2 14 172
2 353 652
2 120 299
2 240 683
2 230 343
2 3 248
2 127 783
3 58 481 972
2 100 312
2 8 311
2 125 659
3 418 568 945
2 405 839
2 17 781
2 57 555
2 122 763
2 6 567
2 4 235
2 15 34
2 55 674
2 26 311
2 35 118
2 69 722
2 201 547
2 684 788
3 125 127 934
3 97 201 941
3 60 850 955
2 130 681
2 105 111
2 766 829
3 99 831 961
2 38 115
2 131 926
3 635 810 940
2 28 277
2 149 852
2 0 574
2 16 761
2 382 935
2 628 927
2 201 311
2 3 822
2 54 525
2 449 912
2 7 417
2 1 58
2 76 115
2 68 100
2 4 371
2 3 497
2 296 859
2 252 793
2 12 320
2 8 928
2 82 103
2 393 859
2 280 369
2 69 877
2 77 800
2 865 932
2 287 566
2 6 555
2 37 132
2 28 499
2 80 113
2 58 837
2 8 13
2 251 275
2 185 212
2 73 252
2 658 908
2 3 404
2 201 855
2 396 400
2 342 573
2 19 233
2 49 414
2 12 826
2 279 464
2 54 216
2 705 898
2 62 764
2 489 668
2 59 241
2 11 60
2 244 442
2 66 298
2 12 81
2 201 613
2 340 657
2 241 677
2 43 822
2 6 397
2 6 409
2 43 47
2 188 289
2 91 444
2 9 17
