100
13 1 2 3 4 5 8 21 31 47 50 84 87 88
11 0 4 5 6 8 9 10 14 21 23 64
7 0 12 18 30 43 60 72
17 0 6 7 9 10 11 13 15 19 25 30 35 36 39 41 58 77
7 0 1 68 32 43 74 93
5 0 1 7 57 58
3 1 3 99
6 3 5 15 17 26 89
5 0 1 14 20 46
4 1 3 12 86
5 1 3 13 33 71
2 3 36
3 2 9 40
2 3 10
3 1 8 25
7 3 7 23 37 46 67 73
1 75
2 7 61
6 2 20 27 41 45 51
7 3 72 24 29 42 74 78
2 8 18
5 0 1 44 45 89
5 38 66 92 95 98
7 1 15 33 49 54 88 99
2 19 80
5 3 14 31 55 79
2 7 94
2 18 40
2 38 83
3 70 19 52
2 2 3
3 0 71 25
1 4
2 10 23
2 42 87
1 3
5 3 11 44 56 63
1 15
4 22 28 53 59
2 3 90
3 12 27 49
6 3 18 80 56 59 64
3 19 34 81
2 2 4
3 21 36 62
3 18 21 97
3 8 15 75
3 0 67 93
1 78
2 23 40
2 0 51
2 18 50
2 29 57
1 38
1 23
1 25
3 36 81 41
2 5 52
2 3 5
2 38 41
1 2
3 68 69 17
1 44
1 36
2 1 41
1 92
1 22
2 15 47
2 4 61
1 61
1 29
3 10 31 82
3 2 19 76
1 15
2 4 19
3 16 46 90
1 72
1 3
2 19 48
1 25
2 24 41
2 56 42
1 71
1 28
1 0
1 91
2 9 91
3 0 34 96
2 0 23
2 7 21
2 75 39
2 85 86
2 22 65
2 4 47
1 26
1 22
1 87
1 45
1 22
2 6 23
