1000
77 1 2 3 4 5 6 8 9 13 20 22 23 25 30 32 38 41 44 46 50 51 54 77 88 102 107 111 114 124 129 135 142 144 151 153 154 214 230 246 266 271 274 278 288 302 308 330 339 357 395 396 408 420 444 459 464 474 510 534 591 593 656 666 698 723 756 783 826 829 838 847 852 861 883 884 971 975
6 0 10 84 131 519 660
66 0 3 5 6 8 11 20 24 26 29 32 48 52 58 94 110 113 125 141 158 166 181 191 204 211 220 221 223 229 248 258 287 292 298 334 351 355 392 401 422 429 436 440 443 521 576 590 597 600 626 644 647 675 679 691 697 706 716 718 775 794 819 868 902 926 930
31 0 2 4 7 13 14 15 25 34 46 65 66 67 71 120 127 225 360 363 400 436 502 504 648 668 725 743 792 914 982 993
50 0 3 7 12 21 27 28 31 33 48 90 103 117 157 179 180 200 216 222 239 257 268 293 303 342 364 398 402 405 409 434 460 488 497 538 544 557 567 604 607 611 624 691 741 828 833 854 884 989 998
14 0 2 18 43 123 159 169 177 205 234 370 514 535 946
37 0 2 9 10 15 34 36 39 42 72 73 75 153 167 193 203 225 254 275 348 458 516 554 579 582 614 642 668 699 727 740 918 932 933 935 951 960
18 3 4 12 117 126 156 175 197 199 210 237 280 341 423 445 595 873 915
12 0 2 43 47 100 135 340 352 381 616 696 756
23 0 6 18 39 60 64 95 96 101 121 128 140 160 221 467 533 608 611 755 781 794 803 866
24 1 6 11 16 17 19 79 213 219 228 237 255 283 321 423 441 505 526 545 603 658 686 771 865
49 2 10 17 26 35 37 49 53 62 73 78 81 83 90 120 149 173 177 188 229 236 249 267 268 309 329 360 361 379 386 396 406 429 466 473 488 502 563 583 639 705 761 763 778 791 805 888 916 926
6 4 7 105 414 687 962
24 0 3 14 21 22 49 51 56 75 77 93 100 155 168 311 324 334 427 503 506 529 623 680 774
13 3 13 16 55 71 109 145 486 676 753 766 904 959
18 3 6 19 24 37 42 63 86 97 164 293 310 530 704 767 791 861 928
43 10 14 28 40 54 58 78 84 89 91 108 113 114 138 149 174 180 182 211 236 335 354 356 365 399 468 478 479 487 500 544 552 568 569 682 697 713 715 808 815 879 881 945
7 10 11 53 204 205 295 433
8 5 9 44 520 683 715 720 810
10 10 15 317 325 452 558 672 817 855 975
2 0 2
18 4 13 27 36 40 64 69 83 92 106 127 192 322 336 581 744 818 936
20 0 13 23 68 87 125 130 157 183 361 411 435 564 695 698 707 809 817 852 875
6 0 22 52 312 322 638
19 2 15 41 63 147 252 291 307 381 473 526 534 608 652 754 841 904 989 990
4 0 3 314 406
26 2 11 31 50 74 76 81 92 116 147 226 282 373 389 417 509 513 550 559 581 596 621 679 734 877 973
5 4 21 217 420 822
16 4 16 29 30 76 82 143 181 198 227 235 318 373 385 702 726
3 2 28 625
15 0 28 35 70 72 112 156 188 263 520 562 598 633 643 673
6 4 26 57 167 835 844
31 0 2 33 38 45 59 69 74 93 98 138 176 187 199 246 250 251 362 367 371 375 387 428 499 503 533 575 605 671 890 905
10 4 32 107 109 191 226 279 325 359 674
3 3 6 424
11 11 30 172 209 240 245 270 508 655 823 830
9 6 21 118 224 291 302 696 825 846
10 11 15 45 68 102 212 252 451 629 871
4 0 32 137 660
7 6 9 55 61 66 137 758
6 16 21 313 539 664 927
7 0 24 185 315 362 498 529
28 6 15 59 62 67 79 130 155 190 194 196 215 276 296 314 366 382 417 425 521 531 538 540 574 724 732 764 789
3 5 8 909
11 0 18 60 65 94 165 330 542 577 681 860
11 32 37 119 162 189 277 331 358 434 445 851
11 0 3 47 184 212 280 299 389 729 881 943
22 8 46 56 89 99 115 134 168 194 201 219 301 339 455 674 681 701 744 747 789 922 977
4 2 4 418 954
11 11 13 80 110 164 323 393 511 688 703 712
6 0 26 171 208 270 528
7 0 13 80 95 143 294 524
9 2 23 139 186 283 500 609 773 833
15 11 17 170 254 276 305 350 398 427 437 464 699 849 903 993
4 0 16 290 550
11 14 39 140 207 220 414 504 628 634 731 905
16 13 47 57 98 132 134 161 192 342 376 519 610 676 708 862 953
8 31 56 115 501 535 548 723 786
6 2 16 369 447 549 863
11 32 42 61 99 146 230 450 472 609 664 685
7 9 44 131 216 281 555 751
12 39 59 82 154 206 344 353 386 459 709 752 843
4 11 42 70 97
5 15 24 158 253 358
5 9 21 298 574 768
14 3 44 85 124 128 238 368 384 451 484 541 688 742 876
2 3 39
3 3 42 392
17 22 37 91 103 111 116 160 178 247 285 421 442 475 561 613 785 895
3 21 32 88
4 30 62 86 489
11 3 14 129 136 244 256 303 509 732 777 966
10 6 30 150 175 286 438 448 482 506 637
11 6 11 101 151 264 285 355 368 390 397 942
3 26 32 207
6 6 13 288 375 710 837
6 26 28 178 457 663 948
11 0 13 176 200 374 407 505 522 585 627 746
3 11 16 870
5 10 42 599 775 780
4 49 51 295 986
5 11 26 123 773 864
4 28 61 908 958
16 11 21 87 162 189 202 232 242 289 317 501 511 563 594 605 648
21 1 16 85 104 106 133 184 209 238 253 284 499 546 632 750 804 814 868 889 981 984
3 65 84 108
10 15 70 104 122 313 387 513 629 928 963
4 22 83 319 578
7 0 69 122 136 337 369 437
16 16 47 105 118 152 255 265 269 320 346 518 737 845 898 924 968
4 4 11 431 463
13 16 68 96 183 233 259 290 378 395 486 659 661 790
3 21 26 627
2 13 32
16 2 44 213 241 306 344 454 455 471 474 599 620 656 670 689 826
3 9 51 890
8 9 91 119 421 439 685 700 729
9 15 62 233 271 329 391 492 622 774
13 32 56 142 172 187 324 524 570 589 592 967 968 995
3 47 59 261
3 8 13 692
4 9 73 214 412
6 0 37 133 198 266 876
8 4 68 245 294 425 575 665 820
2 84 86
11 12 89 121 185 195 242 243 250 591 669 767
9 21 84 275 351 422 430 733 857 891
9 0 33 163 190 333 335 603 745 987
10 16 85 112 241 345 446 497 510 651 739
6 14 33 415 749 914 925
6 2 49 132 234 649 796
2 0 68
8 30 108 148 159 260 320 461 865
10 2 16 165 301 399 460 552 704 755 967
2 0 16
8 47 57 202 224 261 735 747 974
6 26 68 171 179 410 426
8 4 7 141 193 203 404 562 903
4 36 89 377 692
4 45 96 126 910
4 3 11 272 514
7 9 105 144 218 457 912 987
9 86 88 145 340 472 606 923 969 988
10 5 81 161 223 394 551 615 707 748 911
8 0 65 169 300 306 383 465 598
4 2 22 547 848
3 7 119 671
14 3 21 148 150 174 182 186 195 264 338 393 522 559 619
4 9 65 809 857
6 0 71 208 307 403 645
10 22 42 152 217 333 424 461 863 871 966
2 1 60
9 56 110 146 413 449 560 795 878 915
2 84 102
4 47 56 419 453
3 0 8 281
2 71 88
6 38 39 170 248 887 962
8 16 32 139 166 196 507 776 947
5 52 138 206 766 872
3 9 55 906
5 2 117 228 256 262
3 0 98 631
5 28 51 759 801 973
7 0 121 277 312 343 635 801
2 14 122
2 59 132
2 24 26
8 112 127 227 232 432 919 944 970
6 11 16 163 659 805 883
2 72 127
5 0 73 813 879 961
2 89 130
4 0 6 553 601
2 0 61
2 13 42
2 7 30
3 4 22 566
3 2 63 628
3 5 112 665
6 9 68 304 402 798 819
2 56 123
3 45 83 573
5 107 149 215 469 961
3 15 49 933
4 44 113 239 249
2 2 138
4 6 31 400 980
12 13 47 173 352 587 612 712 818 860 889 934 991
2 5 124
7 53 137 274 614 657 780 929
3 50 116 558
2 35 98
5 11 168 327 413 941
3 16 127 327
4 7 72 495 812
3 32 77 262
6 5 11 235 305 487 683
5 68 76 272 631 634
3 4 116 567
6 4 16 287 328 447 797
6 2 28 197 512 641 667
6 16 127 359 572 601 969
8 22 91 299 347 380 673 772 984
6 46 84 259 278 684 955
6 41 105 341 438 751 949
4 52 127 201 478
7 32 98 231 444 492 516 532
3 11 30 210
2 45 83
4 42 107 672 978
3 2 33 727
2 21 56
3 6 117 394
4 42 47 736 815
12 105 127 244 251 346 384 391 619 689 695 913 994
5 42 138 243 578 594
4 7 181 222 433
3 28 102 705
5 7 32 310 640 728
8 4 77 286 377 623 654 738 786
3 47 186 273
3 83 115 258
8 6 117 408 448 491 653 845 894
5 2 17 218 296 830
4 5 17 231 326
5 61 139 779 843 855
5 55 74 316 382 797
4 50 129 646 999
4 35 84 496 706
4 7 188 304 985
3 2 16 675
3 37 46 475
3 10 94 545
4 0 101 284 338
10 42 163 348 367 466 493 508 782 808 992
5 4 60 257 666 952
4 27 130 551 602
2 121 204
5 10 47 267 357 531
6 2 55 476 541 652 824
3 2 9 927
6 4 197 349 536 762 823
4 2 123 419 869
4 36 115 328 354
6 3 6 269 409 458 669
2 26 33
7 28 148 319 331 595 840 913
6 10 141 263 350 372 646
6 2 11 297 300 765 834
2 0 59
4 187 205 376 456
3 83 148 405
5 91 97 260 556 721
5 5 110 247 292 649
2 28 177
3 11 16 972
5 7 10 450 901 981
7 65 84 240 714 754 850 856
5 4 165 279 371 477
4 35 238 265 951
2 94 108
2 83 105
4 105 196 289 527
6 71 195 388 532 543 588
2 35 103
3 0 32 641
2 68 234
2 2 137
2 11 165
7 32 105 370 462 637 792 953
7 32 195 311 379 525 565 760
3 24 37 323
4 63 84 385 453
3 6 53 428
4 10 89 412 537
4 71 141 315 997
2 4 216
3 2 202 416
4 91 184 366 494
7 112 233 530 561 572 690 825
4 99 115 636 842
7 141 176 404 462 630 636 645
4 30 228 273 365
2 73 127
3 89 240 899
7 0 102 318 321 337 633 877
4 11 219 326 610
4 4 11 442 703
7 89 225 380 650 701 899 919
2 35 50
2 0 97
2 120 178
2 201 263
2 0 170
4 6 106 297 489
2 42 53
4 45 144 372 839
2 0 184
4 33 239 482 718
4 7 46 332 912
10 60 135 282 592 621 736 749 785 850 979
2 26 281
2 10 52
7 84 214 471 831 934 939 943
3 68 73 678
4 72 200 308 771
13 2 180 336 349 388 481 564 597 617 630 717 829 907
6 0 75 515 613 658 893
5 83 243 431 536 728
6 54 91 309 353 449 964
5 24 36 426 769 887
3 2 234 874
2 4 15
5 51 103 580 604 983
3 17 80 483
2 42 204
4 229 275 496 525
2 2 64
4 46 183 661 847
8 124 229 316 363 439 543 557 955
2 47 113
3 0 36 347
2 4 71
2 160 210
7 53 177 397 491 554 725 936
3 94 124 937
5 24 129 364 446 467
5 0 286 498 553 555
5 11 290 416 657 853
3 15 199 378
2 13 251
5 23 144 430 480 831
3 40 86 720
2 25 42
7 41 256 332 485 523 560 639
6 207 300 600 670 799 802
5 19 83 440 479 992
2 28 266
4 87 227 383 726
6 89 112 374 410 569 874
3 10 266 733
2 21 23
2 49 252
2 13 98
2 19 33
2 205 267
3 173 174 677
4 180 224 622 635
2 11 97
3 0 44 625
4 45 227 441 624
3 280 315 477
4 107 130 343 407
2 2 13
2 16 107
4 21 287 585 807
2 88 266
3 127 214 764
2 0 47
4 8 122 490 650
3 7 185 435
7 4 56 481 584 647 709 796
2 144 333
3 61 94 345
4 108 344 454 724
2 89 195
4 183 302 403 547
3 6 215 411
3 222 287 757
4 53 228 894 994
4 2 106 418 784
6 8 168 356 537 739 806
3 61 290 990
3 16 224 996
3 2 73 730
2 16 352
2 0 219
3 45 63 401
2 33 182
2 3 11
2 11 22
2 32 41
3 3 300 653
2 4 307
2 16 263
3 42 259 662
2 32 215
2 65 73
3 58 88 655
2 5 250
2 32 239
5 228 277 390 643 711
4 26 28 836 956
5 77 320 617 970 997
7 32 75 483 540 677 768 882
3 56 231 583
4 118 200 662 985
2 91 310
2 11 251
5 183 269 693 721 807
3 8 24 752
3 42 207 920
10 124 319 480 484 568 573 760 777 781 944
2 65 195
2 28 253
2 11 61
5 32 86 490 783 790
3 244 287 638
4 26 46 432 741
6 73 372 719 891 893 950
2 97 195
4 2 67 415 443
2 49 127
2 123 193
4 0 91 580 644
4 0 11 465 626
2 73 305
3 4 53 864
2 16 113
2 3 167
2 2 358
4 4 160 512 836
2 129 347
4 117 262 565 999
2 4 232
4 11 25 834 941
3 77 333 711
7 0 203 485 507 632 710 793
2 4 225
3 116 320 586
3 22 348 584
2 101 255
2 132 173
2 12 55
3 109 392 667
2 258 309
2 26 42
3 48 351 795
3 134 223 722
3 0 27 518
3 68 96 938
3 2 106 798
3 7 10 463
2 34 130
8 42 103 576 587 690 702 923 982
2 116 291
3 13 53 515
4 32 254 517 911
4 2 11 734 980
2 106 312
3 90 289 468
2 148 389
4 17 197 470 571
2 4 45
3 22 341 589
2 2 3
2 53 88
2 72 185
2 96 300
5 2 317 469 640 935
2 10 331
3 68 268 811
2 2 392
2 0 187
3 7 45 800
3 108 307 549
3 58 180 452
2 72 203
3 132 290 787
2 59 237
2 37 65
2 19 447
3 134 253 607
5 94 345 456 842 895
2 47 94
2 231 454
3 76 121 528
2 6 225
3 0 61 495
4 4 113 693 832
3 112 130 954
2 250 262
2 90 423
5 0 53 476 686 824
4 124 396 470 579
2 11 215
2 9 307
2 16 431
4 163 440 716 782
3 433 465 708
2 94 284
2 59 122
2 11 24
2 0 94
2 68 212
2 220 464
2 239 332
2 16 186
2 16 317
2 312 383
6 287 342 494 571 694 717
5 72 279 651 763 885
2 295 375
4 65 383 523 762
2 315 408
2 14 91
3 16 177 730
3 4 11 493
2 70 275
2 340 387
6 203 305 700 778 880 885
2 97 187
5 215 488 546 602 886
2 259 481
2 175 459
2 209 297
7 4 108 586 784 788 806 813
5 41 308 593 596 848
3 32 84 854
2 16 52
2 57 83
2 3 11
5 13 32 606 618 684
3 3 55 918
3 10 77 745
2 13 72
2 138 408
7 35 215 556 642 821 832 964
2 26 71
2 0 108
2 49 83
6 181 402 517 590 753 882
2 26 86
4 5 120 759 909
3 288 427 803
3 6 187 570
2 428 512
2 89 420
2 1 56
3 18 30 952
3 2 42 816
3 77 127 888
3 315 484 527
2 51 98
3 251 297 945
4 10 24 900 924
4 243 523 735 740
2 50 457
3 13 41 542
3 15 260 880
4 42 219 548 939
2 187 244
2 9 32
4 0 24 737 867
3 5 57 539
4 222 289 678 694
5 255 352 770 828 866
3 4 42 566
2 40 535
4 42 375 776 870
3 65 220 929
3 44 529 859
2 244 300
4 4 16 577 901
2 10 213
2 84 493
2 125 347
2 57 531
2 58 446
3 26 54 906
3 123 217 588
2 16 113
3 153 308 839
2 6 305
2 60 308
5 233 508 582 858 896
2 4 300
4 19 171 757 840
2 26 127
2 132 315
2 68 260
2 30 117
2 11 83
2 22 287
2 251 404
2 157 538
2 4 179
2 16 383
2 16 320
3 98 516 916
2 433 481
4 182 260 618 750
3 162 383 779
2 42 64
2 32 103
2 2 425
2 44 544
3 87 196 867
2 6 465
2 294 395
2 21 26
2 6 556
2 11 376
2 342 411
2 77 336
3 410 497 743
2 168 425
3 244 551 800
3 98 435 862
3 2 512 956
5 0 105 663 940 976
4 98 281 620 814
3 0 498 897
2 83 196
2 7 227
3 26 498 932
3 2 287 896
3 30 124 772
2 79 94
2 2 316
3 153 182 917
2 217 493
2 10 107
3 4 294 615
2 32 83
3 122 503 612
2 4 453
3 9 24 616
2 52 59
2 56 267
5 4 9 787 859 930
2 168 606
2 68 288
2 6 170
2 123 604
4 8 608 788 849
2 287 374
3 503 572 687
2 127 195
3 94 592 965
3 26 281 742
2 97 328
2 13 200
2 4 331
2 29 330
3 2 396 719
4 77 92 810 995
3 55 158 938
3 37 86 979
3 262 287 910
3 142 178 950
2 84 408
3 30 266 976
3 55 178 972
2 144 328
2 261 262
3 72 250 844
2 23 388
2 11 315
4 199 440 761 937
2 181 246
2 6 508
3 30 372 802
2 2 395
2 129 262
2 208 228
2 2 342
4 3 83 922 963
2 110 234
5 269 340 654 758 827
3 108 482 682
2 24 220
3 203 363 856
4 200 650 713 738
2 35 369
2 0 94
3 170 309 765
2 10 288
2 91 149
3 1 38 869
3 91 299 680
2 366 377
3 76 591 921
2 40 59
2 103 159
2 0 216
2 181 415
3 3 6 722
3 105 225 957
3 94 316 996
2 32 126
3 19 190 977
2 30 183
3 33 47 714
2 2 211
2 14 56
2 327 375
2 285 536
2 2 26
3 13 661 931
4 44 47 770 804
2 16 651
2 18 177
2 184 503
2 59 96
2 10 464
2 12 618
3 49 65 793
2 94 195
2 260 425
2 2 4
2 100 118
2 380 460
2 481 536
4 22 195 821 931
2 8 36
2 2 16
3 0 22 769
3 6 53 942
2 96 491
3 47 269 731
2 28 425
2 49 268
2 15 113
2 11 198
2 2 209
2 22 123
2 56 470
2 61 342
2 75 408
3 372 407 811
2 49 168
2 16 654
2 238 674
2 16 18
3 2 469 837
2 287 481
2 2 279
2 390 626
2 18 313
3 233 380 748
2 419 668
3 0 57 878
2 42 345
2 3 305
3 28 319 986
2 6 191
2 199 289
2 46 96
4 355 487 820 898
2 55 701
2 42 71
4 106 321 841 946
2 26 429
2 115 527
2 194 281
2 89 534
2 200 654
2 108 352
2 6 527
2 4 389
2 65 621
2 3 586
3 21 47 746
2 107 505
2 77 744
2 47 115
2 123 721
3 109 281 816
2 84 572
2 60 185
2 61 381
2 14 512
2 24 238
2 9 113
4 0 8 872 949
2 349 558
2 39 650
3 143 514 812
2 251 383
2 11 640
2 222 484
3 11 482 921
2 42 338
2 229 657
3 14 139 957
2 15 105
2 64 375
3 291 698 827
2 537 681
2 10 286
2 183 598
2 52 81
2 13 97
2 2 79
3 138 540 799
2 71 383
2 11 491
2 206 573
2 79 170
2 9 383
3 215 469 907
2 0 387
2 351 497
2 68 281
2 57 200
2 449 611
3 497 616 917
2 42 47
2 91 387
3 11 15 846
3 3 250 875
3 408 688 998
2 2 9
2 132 418
2 110 342
2 180 207
2 160 422
2 316 776
2 445 588
2 143 144
2 316 643
3 9 515 822
3 84 681 892
4 11 149 851 858
2 352 497
2 336 380
2 16 215
2 22 128
4 18 627 892 902
3 442 711 959
2 175 759
2 151 497
2 84 592
2 16 194
3 521 749 958
3 19 22 835
2 21 168
2 2 160
2 103 730
2 508 695
2 27 803
2 35 222
2 220 464
3 36 260 838
4 0 94 900 983
2 650 769
2 4 537
3 0 287 978
2 35 204
3 284 312 853
2 460 508
3 4 52 991
3 229 406 873
2 31 817
2 373 402
2 75 716
2 0 825
2 277 553
2 227 558
2 24 733
2 261 454
2 61 206
2 31 637
2 89 203
2 36 791
2 0 299
2 125 498
2 53 616
3 238 281 908
2 45 805
2 0 22
2 309 831
2 4 499
3 19 206 886
2 238 653
2 106 128
3 556 805 920
2 542 611
2 44 168
3 0 15 925
2 56 589
2 58 130
2 81 398
2 10 112
2 9 537
2 534 578
2 2 84
2 223 660
2 78 540
3 37 130 965
2 139 756
2 7 834
2 292 320
2 22 792
2 65 102
2 26 266
4 132 723 897 971
2 16 151
2 491 530
2 16 46
2 375 512
2 0 149
2 0 4
2 482 491
2 493 855
3 137 291 974
2 11 522
2 84 168
2 32 95
2 106 390
2 804 810
2 288 390
2 203 350
2 68 454
2 556 597
2 593 878
2 89 730
2 265 269
2 526 826
2 237 544
2 2 810
2 53 117
3 14 24 988
2 32 55
2 140 550
2 287 782
2 82 850
2 43 514
2 119 630
3 123 428 940
3 121 280 960
2 195 227
2 3 109
2 7 132
3 11 570 947
2 601 788
2 6 504
2 148 269
2 382 858
2 663 763
2 47 648
2 122 425
2 89 526
2 109 861
2 2 11
3 40 221 948
2 15 86
2 170 541
2 2 611
2 680 695
2 6 596
2 6 164
2 168 284
2 6 440
2 21 305
2 306 640
2 421 628
2 284 531
2 591 911
2 173 406
2 73 699
2 46 284
2 148 383
2 16 525
2 5 733
2 138 916
2 76 927
2 185 756
2 390 631
2 6 240
2 216 520
2 56 250
2 48 461
2 184 300
2 373 590
2 669 766
2 82 816
2 14 811
2 6 912
2 151 163
2 12 137
2 86 648
2 290 508
2 620 871
2 71 130
2 98 113
2 89 98
2 122 182
2 148 374
2 0 878
2 236 634
2 26 143
2 115 887
2 0 19
2 591 633
2 47 672
2 190 829
2 281 629
2 167 429
2 84 237
2 3 425
2 294 826
2 84 183
2 210 377
2 80 726
2 107 121
2 122 904
2 4 24
2 24 353
2 168 833
2 215 317
2 3 53
2 195 350
2 98 627
2 354 670
2 256 374
2 4 793
2 208 404
