1000
69 1 2 3 4 6 7 9 10 12 13 16 18 19 21 25 30 42 50 61 67 76 78 85 103 119 159 165 172 173 176 186 220 224 228 242 245 255 278 302 318 332 420 429 432 446 449 456 469 472 479 481 488 509 561 622 652 726 743 759 769 782 837 869 883 943 947 959 981 995
2 0 874
41 0 3 10 11 21 22 23 26 36 44 56 75 77 140 144 157 159 182 193 209 240 241 279 338 343 362 421 549 554 567 571 592 638 663 729 742 804 889 953 967 979
39 0 2 4 5 8 13 20 28 34 40 45 46 55 65 75 95 96 107 108 114 118 129 142 168 187 283 330 422 444 445 473 526 584 699 715 730 916 957 984
64 0 3 5 6 7 9 11 14 26 29 33 35 37 39 46 50 60 72 77 81 87 134 145 166 188 198 209 219 229 249 290 296 297 304 310 313 333 336 344 358 387 389 412 468 502 507 520 563 587 605 627 674 678 709 733 742 779 784 815 829 830 862 875 890
14 3 4 49 79 80 89 98 123 199 353 373 557 848 921
52 0 4 8 12 14 15 17 24 25 32 51 54 76 78 126 146 151 187 200 204 212 243 246 262 301 333 382 383 396 398 419 447 510 516 547 605 612 617 626 646 654 750 809 819 825 829 833 911 941 959 965 983
9 0 4 94 149 169 268 278 772 788
22 3 6 16 27 31 74 115 157 191 233 245 322 323 345 393 480 487 492 669 757 818 902
40 0 4 37 39 47 57 58 63 69 117 121 124 127 132 135 136 168 183 188 190 225 227 286 314 316 325 392 441 511 544 576 654 667 680 700 703 738 764 831 839
23 0 2 18 36 103 133 141 175 261 267 462 521 535 543 576 631 647 660 712 755 772 803 914
18 2 4 15 23 24 32 34 71 89 91 156 189 190 307 375 426 531 843
26 0 6 17 20 27 41 101 130 140 164 167 194 326 335 343 364 385 438 457 506 562 588 619 694 816 863
4 0 3 71 257
12 4 6 101 162 210 273 289 446 466 515 792 834
9 6 11 38 236 409 519 759 887 932
28 0 8 52 63 67 70 74 96 106 125 134 154 248 252 264 371 377 416 518 596 621 669 689 734 749 895 909 911
11 6 12 19 33 62 64 79 150 296 344 365
29 0 10 22 28 30 51 108 112 128 143 181 202 219 293 360 401 439 442 452 509 515 717 724 726 793 856 901 904 952
10 0 17 185 318 550 578 643 860 948 987
17 3 12 48 123 147 191 213 228 250 308 454 489 505 569 611 777 942
16 0 2 31 52 127 138 146 175 176 291 546 706 766 904 906 975
13 2 18 29 88 90 218 388 593 595 615 623 688 924
7 2 11 41 44 171 179 363
3 6 11 355
23 0 6 43 47 54 57 66 144 145 161 216 347 360 437 465 474 487 606 612 661 811 816 937
10 2 4 160 292 428 735 822 938 954 991
25 8 12 40 48 62 126 130 152 162 165 184 215 248 271 281 322 356 383 424 553 594 729 787 844 931
20 3 18 38 91 100 105 208 235 338 382 467 711 773 780 800 852 886 887 978 991
6 4 22 242 300 847 871
19 0 18 35 42 95 110 116 244 254 265 306 335 361 633 684 740 741 781 997
13 8 21 58 82 122 276 294 297 311 479 505 752 989
4 6 11 125 685
2 4 17
11 3 11 43 53 201 274 321 350 470 834 851
4 4 30 366 739
6 2 10 82 273 284 448
32 4 9 56 72 87 104 132 167 185 203 205 208 210 231 261 351 407 414 433 436 469 489 577 591 620 704 737 811 820 921 929 945
3 15 28 263
2 4 9
37 3 27 49 53 59 84 88 99 112 116 120 141 196 197 226 230 233 257 264 267 289 299 315 331 406 454 458 533 566 613 644 686 699 763 802 927 951
7 12 23 211 277 320 440 631
24 0 30 83 93 109 163 206 282 342 386 429 493 527 530 552 553 610 655 673 713 735 746 775 987
6 25 34 298 412 419 451
27 2 23 45 55 61 65 136 169 266 312 329 354 356 404 421 478 480 486 512 585 610 655 683 718 760 809 928
8 3 44 64 70 765 826 890 907
16 3 4 90 180 254 353 385 461 463 468 579 766 801 898 936 950
5 9 25 204 274 391
5 20 27 84 493 513
9 5 40 66 105 229 486 546 602 799
9 0 4 86 148 198 466 549 573 838
7 6 18 94 355 404 597 964
8 16 21 111 137 272 357 522 532
7 34 40 221 312 381 390 760
4 6 25 241 314
7 3 44 85 86 92 97 823
16 2 37 59 60 73 113 170 184 270 337 414 581 591 673 705 851
3 9 25 608
10 9 31 68 80 173 217 225 249 276 345
4 40 56 366 884
8 4 56 224 265 504 621 624 940
5 0 44 69 237 467
12 17 27 117 223 268 269 293 321 330 336 540 920
12 9 16 102 109 170 357 458 524 595 645 934 992
5 17 45 174 532 586
9 3 44 98 99 302 305 452 471 636
5 25 49 131 294 903
9 0 16 68 83 156 490 624 679 736
7 58 67 73 81 163 670 867
8 9 61 251 275 483 545 626 658
4 16 45 178 836
2 11 13
13 4 37 107 186 232 460 491 555 671 754 824 974 988
2 56 68
6 8 16 152 236 381 548
8 2 3 181 325 376 398 399 687
9 0 6 118 283 309 465 722 908 997
5 2 4 706 835 901
6 0 6 287 392 498 677
2 5 17
11 5 58 110 115 214 216 342 672 686 842 876
18 4 68 97 124 131 166 212 252 253 397 399 470 495 541 625 663 892 894
9 31 36 100 464 545 565 590 632 705
3 42 67 104
6 40 48 161 279 453 637
10 0 55 133 151 192 203 295 328 354 438
6 50 55 177 202 305 556
3 4 37 250
6 22 40 93 113 285 484
9 5 11 92 269 395 401 435 854 875
8 22 46 143 147 485 514 770 879
8 11 28 120 196 387 728 877 986
10 55 89 148 251 301 587 733 879 880 970
2 42 88
5 7 51 178 554 864
6 3 30 150 246 653 885
11 3 16 122 135 291 391 524 578 681 682 916
5 55 81 380 535 614
8 5 65 275 508 635 800 923 965
11 40 65 102 114 239 295 430 513 572 614 930
4 28 82 193 785
4 12 14 516 908
2 63 99
2 0 10
6 37 83 106 207 958 971
14 28 49 200 256 262 285 341 359 397 482 756 817 830 946
27 16 104 119 121 139 195 214 337 370 403 410 447 526 582 607 609 665 713 721 738 778 780 787 815 891 905 940
3 3 72 795
8 3 18 149 153 201 235 405 629
5 42 63 326 402 741
10 30 80 111 128 364 393 499 716 870 986
9 52 110 255 445 501 539 714 732 840
8 18 40 232 260 288 331 406 798
6 56 88 155 223 227 701
4 3 99 226 440
9 8 80 155 206 231 244 521 600 863
2 30 40
3 9 62 189
5 3 76 657 761 868
4 0 106 410 961
9 40 91 139 256 280 317 332 661 980
4 9 106 431 989
12 31 96 158 377 380 413 416 561 572 623 701 791
8 5 20 129 240 348 501 560 846
9 9 81 172 282 363 400 739 926 956
9 16 32 192 260 341 676 757 808 832
12 6 27 137 153 177 495 511 559 630 792 914 969
7 9 21 160 538 586 797 853
4 18 110 142 687
7 3 123 197 418 435 514 898
3 12 27 488
12 66 81 154 158 284 290 320 347 427 483 599 727
5 9 37 286 298 691
8 10 85 138 205 215 307 693 889
2 4 16
5 9 96 512 558 910
4 9 44 497 814
2 52 126
6 21 133 258 340 476 602
8 106 120 319 375 776 802 897 932
7 2 12 171 550 583 698 919
3 10 40 378
5 3 128 183 220 650
2 18 90
12 2 25 182 238 299 303 388 415 556 656 918 979
4 4 25 247 455
3 6 21 199
2 20 90
2 50 92
7 7 108 164 211 569 574 812
4 17 95 781 913
4 6 85 680 859
3 27 74 368
6 108 126 234 503 855 883
2 16 131
4 113 115 402 666
2 11 67
4 2 8 384 981
3 122 131 992
6 0 2 362 474 647 737
10 26 127 207 217 222 238 308 634 888 936
7 25 84 243 339 724 761 951
7 14 27 351 632 678 821 961
11 42 68 174 180 195 334 376 558 676 725 764
5 12 149 368 641 913
12 0 27 179 258 456 497 523 570 805 874 893 926
2 4 81
3 12 37 833
2 3 9
2 7 44
4 56 63 384 753
6 23 140 346 517 646 906
6 0 124 562 629 658 707
3 0 58 530
2 64 163
9 10 21 317 346 424 642 690 747 813
6 0 21 194 237 259 303
3 86 126 311
3 70 94 451
6 23 165 218 374 659 765
6 46 163 477 557 702 960
7 18 75 280 536 702 854 969
7 2 144 222 352 437 564 928
7 9 142 230 272 510 559 718
4 27 56 386 390
3 19 37 358
2 0 72
8 3 6 213 316 423 463 652 907
2 4 9
2 11 117
2 9 11
2 8 20
3 85 125 930
4 2 100 340 679
6 12 176 373 541 685 689
3 106 163 431
4 40 91 234 539
3 40 129 536
5 4 50 339 425 707
2 5 146
6 6 105 253 367 528 799
2 34 108
7 18 86 221 589 719 786 861
3 37 85 813
5 6 47 365 616 790
2 37 133
2 42 115
4 104 160 504 709
3 28 37 400
2 2 4
4 14 37 771 856
5 41 149 520 721 852
5 6 81 349 695 855
4 20 187 484 748
5 80 106 434 450 542
4 27 133 266 476
3 25 80 494
9 58 160 259 271 334 481 671 846 982
6 22 179 277 537 861 998
2 4 18
3 0 142 956
4 53 202 434 573
2 160 182
3 62 113 306
3 0 60 675
5 9 58 247 601 968
2 40 114
4 9 113 485 745
5 0 20 310 667 899
2 4 49
3 40 183 611
2 37 115
5 72 112 660 754 925
2 8 40
2 153 196
7 28 108 323 537 563 627 789
3 15 74 649
8 61 176 239 500 585 808 837 909
4 144 160 369 929
2 99 237
13 2 123 281 287 304 329 460 551 645 681 708 750 924
3 2 54 394
6 0 29 543 659 839 869
3 6 161 482
2 30 115
2 0 8
3 6 95 263
5 145 225 432 653 688
4 16 27 439 540
3 4 58 990
6 20 87 457 499 720 762
7 69 92 580 651 871 873 942
5 16 81 588 697 881
2 81 200
2 30 46
2 0 111
3 105 120 975
4 13 40 443 740
2 138 165
6 176 217 352 494 662 745
5 112 125 270 644 945
5 10 37 596 600 810
4 6 105 411 464
3 38 246 300
2 16 40
2 30 60
2 44 215
3 10 40 348
2 7 62
4 62 89 349 571
2 56 260
3 27 217 502
5 52 183 408 695 708
3 14 36 544
8 34 47 369 538 583 696 736 972
2 69 98
3 31 58 564
7 41 218 288 292 313 389 566
3 0 7 710
2 2 84
3 120 181 960
6 27 240 422 598 618 639
4 42 124 801 905
4 3 76 616 650
7 36 131 417 565 570 589 892
3 88 105 361
5 9 132 529 755 785
2 78 240
2 112 277
5 14 40 542 642 820
6 4 131 426 450 455 630
2 21 96
2 26 277
3 18 62 734
3 31 66 806
6 85 99 324 372 732 857
5 4 17 415 522 974
3 4 31 894
3 43 132 371
2 40 144
2 29 263
2 6 92
2 0 65
3 144 176 420
7 4 240 309 529 857 935 949
6 65 86 327 405 683 769
4 30 223 367 534
3 11 133 508
4 20 160 506 939
3 76 304 396
2 4 228
5 31 177 581 582 635
4 44 53 551 831
9 4 277 315 442 461 531 639 748 917
4 9 54 525 599
8 40 313 328 379 403 884 885 922
2 9 187
4 120 175 319 966
4 0 19 327 379
4 139 317 430 824
3 41 131 408
6 34 62 324 372 637 848
2 8 27
6 8 235 378 395 490 806
3 295 321 982
2 9 75
3 12 109 555
3 305 318 744
3 85 315 628
3 44 240 370
2 3 62
5 40 112 449 648 767
2 0 120
2 4 6
4 163 217 656 823
2 12 30
2 4 62
5 56 106 350 453 477
5 2 28 413 471 607
2 161 198
4 138 193 674 783
2 105 125
3 42 80 459
3 2 12 746
2 4 17
2 8 58
4 171 175 417 920
4 25 131 756 859
6 123 267 427 473 475 692
2 212 269
3 34 337 743
8 37 162 428 443 577 697 710 950
2 182 259
3 5 46 638
2 44 85
4 24 51 374 475
3 27 44 534
2 52 63
5 4 185 359 533 703
5 105 358 492 503 779
3 18 25 728
2 30 285
3 2 159 872
8 23 124 423 525 620 791 807 818
2 12 110
5 17 204 712 775 957
4 35 59 436 773
2 200 306
2 152 164
4 238 274 394 636
2 106 329
4 16 298 730 849
3 295 321 590
2 5 194
2 179 355
3 11 139 963
2 75 163
2 16 122
2 141 323
3 315 318 603
2 97 122
2 53 74
6 6 28 448 496 670 723
2 6 27
2 157 170
2 12 46
4 42 184 409 827
4 4 91 459 938
2 22 144
9 4 277 418 425 433 665 767 845 954
2 53 184
6 47 96 723 751 955 973
5 9 78 462 677 840
2 8 110
2 241 369
2 89 323
3 6 309 407
2 81 105
4 6 75 496 880
5 75 81 640 657 966
2 124 208
2 18 89
2 109 155
2 106 315
4 44 51 580 753
2 108 305
5 40 112 491 567 850
2 37 396
3 272 320 984
4 15 386 411 939
2 106 119
2 262 409
3 4 43 633
4 122 338 598 692
2 37 56
4 144 296 715 774
3 16 122 478
3 284 346 618
3 129 389 762
2 6 43
3 0 303 592
2 2 44
2 3 281
2 187 363
2 27 175
2 198 389
3 11 290 900
2 131 348
5 26 351 441 444 841
3 0 42 878
3 99 319 794
2 121 195
3 0 247 807
2 37 389
3 214 221 817
2 89 129
2 37 366
3 25 182 727
3 12 85 472
2 18 248
2 41 114
4 9 428 641 912
3 18 313 649
8 257 351 507 568 575 744 893 994
4 3 428 634 952
2 3 111
3 0 14 560
3 6 106 552
4 36 382 682 838
2 0 331
3 214 290 722
3 43 178 798
2 18 65
4 84 337 518 797
3 20 40 662
2 145 290
2 0 165
2 12 250
5 40 63 666 774 814
3 342 387 970
5 72 240 751 853 968
4 46 313 603 788
3 10 392 675
2 46 187
2 82 262
2 25 76
4 14 50 500 948
2 28 61
2 4 46
2 0 37
2 34 81
2 65 338
2 0 438
2 3 348
2 25 159
2 348 355
2 138 215
4 180 337 498 604
7 44 416 684 752 819 917 934
2 0 31
4 8 44 528 784
2 0 217
2 105 243
2 69 131
3 88 213 963
2 90 227
2 44 49
3 8 25 882
2 0 130
2 20 37
2 67 323
3 72 406 694
2 8 359
2 42 48
2 216 259
3 81 126 617
5 382 398 594 609 915
3 136 165 628
3 78 477 593
3 110 250 547
2 237 466
6 111 123 519 615 836 878
2 4 271
3 153 359 668
2 60 207
4 20 31 881 895
2 12 308
2 4 443
2 98 307
3 0 18 517
3 6 183 902
2 9 126
6 44 135 527 597 601 953
4 48 99 523 876
3 90 129 716
2 14 18
2 6 101
3 171 509 548
2 16 453
2 15 501
3 4 211 704
2 10 115
3 52 296 944
3 165 513 910
3 63 96 845
2 314 363
2 3 106
2 42 512
2 200 480
4 286 304 604 804
4 42 173 579 783
2 11 313
3 52 64 996
3 40 358 891
3 306 356 651
3 10 97 973
2 181 197
2 218 235
2 127 274
4 111 196 608 841
2 62 248
2 81 194
3 214 289 619
2 10 242
2 9 273
4 69 82 568 574
2 21 49
2 6 499
4 74 517 696 719
2 2 50
2 19 140
2 240 312
4 42 447 858 919
2 27 42
3 2 94 882
2 72 326
3 86 144 664
2 5 180
4 135 163 575 944
2 126 183
2 123 446
3 0 122 717
5 12 172 613 794 899
2 4 235
2 182 276
3 82 284 976
3 40 277 768
3 2 406 584
3 443 545 731
3 20 149 789
2 165 284
3 2 269 770
2 99 122
3 50 221 821
4 149 545 606 858
2 443 558
3 9 10 994
3 37 351 622
2 19 96
2 46 530
5 251 404 625 664 877
2 56 311
2 106 311
2 140 274
2 3 567
2 44 237
2 64 127
2 4 92
4 12 252 643 758
2 202 284
2 82 372
2 37 56
4 2 420 747 865
2 22 498
2 27 496
4 22 63 648 690
4 16 261 826 993
3 51 512 691
2 281 413
2 131 314
3 115 261 866
2 225 512
2 49 138
2 379 461
3 477 529 962
2 4 6
2 25 574
3 106 338 843
2 57 539
2 106 496
3 42 44 873
2 20 230
2 6 25
2 40 562
2 97 99
2 22 501
2 204 283
3 6 495 828
2 281 417
3 12 542 933
3 37 363 842
2 16 60
4 0 577 700 758
2 22 122
2 60 67
2 81 580
2 6 69
3 4 235 749
3 328 497 640
2 108 172
2 126 290
3 10 41 964
2 82 162
4 30 412 825 935
2 160 444
2 98 311
3 65 369 886
2 84 321
2 2 353
2 281 313
2 399 628
2 164 441
2 175 289
3 19 588 827
3 40 260 711
5 63 240 672 803 941
2 6 171
2 10 159
2 331 595
2 236 442
2 142 283
2 251 534
2 0 187
2 95 247
3 6 9 812
3 42 44 668
2 144 334
3 118 399 980
3 69 172 955
2 179 242
2 10 232
2 25 120
2 259 454
2 2 81
3 556 580 776
2 106 389
2 155 458
2 9 228
3 503 655 731
4 8 16 844 864
3 68 382 897
3 72 217 763
2 80 645
3 42 56 915
3 4 340 698
3 224 462 693
2 125 163
3 78 392 860
2 4 162
2 67 193
3 9 151 912
3 96 240 978
2 96 448
3 44 305 868
4 30 478 771 983
2 32 194
4 40 80 720 835
2 75 128
2 22 247
3 16 194 967
2 175 595
2 132 597
4 348 413 725 933
4 133 675 768 998
4 12 491 714 782
2 212 272
2 274 548
2 252 351
2 140 674
2 3 40
2 9 622
2 113 122
2 180 181
2 9 358
2 37 520
2 56 82
2 21 77
2 172 198
2 240 272
5 4 207 805 900 977
2 278 351
2 28 644
3 10 365 796
2 42 106
3 111 694 850
2 3 415
2 110 514
2 18 561
2 44 183
3 202 548 778
2 250 686
2 106 211
2 76 450
2 382 391
2 18 161
2 163 692
2 0 18
2 131 437
4 91 360 777 865
2 2 27
2 3 371
3 568 668 796
3 111 295 828
2 4 92
2 16 293
2 26 42
2 67 274
2 37 159
3 9 106 996
2 35 124
3 30 257 958
3 30 109 976
2 2 4
2 0 350
2 327 443
2 227 259
3 42 343 847
2 175 592
2 213 313
2 16 627
2 6 240
3 391 460 849
3 31 478 999
2 170 404
2 72 232
2 10 286
3 105 347 810
2 8 125
3 588 622 947
2 0 15
2 44 53
3 118 161 925
3 250 418 822
2 40 671
2 9 163
3 45 179 922
2 21 46
2 331 389
2 566 693
2 0 305
2 90 571
3 210 684 795
2 7 10
4 28 366 790 995
2 415 458
2 42 365
2 139 664
2 20 728
2 106 719
2 4 359
2 28 106
3 30 150 888
2 0 694
3 340 530 866
3 4 480 786
3 100 286 870
2 202 784
3 27 106 927
2 7 461
3 235 569 985
3 204 773 793
2 122 363
2 14 126
2 18 790
3 430 562 918
2 107 771
2 712 731
2 127 453
3 112 451 937
2 49 200
3 28 98 862
2 46 282
2 40 139
2 10 645
2 2 529
2 165 709
2 294 323
2 363 432
2 125 237
4 6 44 931 971
2 261 756
2 25 37
2 149 654
2 175 203
2 136 458
2 4 106
2 12 25
4 105 434 872 903
3 8 363 832
3 6 478 943
3 37 289 867
2 162 573
2 26 762
2 55 334
2 72 319
2 6 633
2 45 596
2 386 643
2 617 732
2 4 6
2 4 105
2 9 312
2 125 818
2 6 167
2 14 34
2 77 686
2 70 501
2 0 237
2 50 448
3 9 242 985
2 111 392
2 428 539
2 80 620
2 11 607
3 27 669 962
2 389 524
2 123 217
2 29 746
2 5 321
2 371 751
2 406 714
2 34 56
3 28 211 896
2 127 460
2 89 181
2 153 212
2 18 210
2 295 304
2 552 574
3 151 347 977
2 19 677
2 202 218
2 4 800
2 12 115
2 94 669
2 592 728
2 600 783
3 68 820 949
3 118 683 896
2 0 242
2 110 785
2 29 251
2 362 817
2 251 610
2 1 165
3 4 89 946
2 80 513
2 91 580
2 429 501
2 90 92
2 92 398
2 252 505
2 487 554
2 0 153
2 59 315
2 95 315
2 28 636
2 15 28
2 160 781
2 2 133
2 4 45
2 106 533
2 81 284
2 165 443
2 81 297
2 16 505
2 852 868
2 139 670
2 46 129
2 228 562
2 426 709
2 18 77
2 8 510
2 66 817
2 18 21
2 106 282
2 21 171
2 45 187
2 76 101
2 16 237
3 135 523 999
2 6 16
2 441 680
2 150 164
2 10 126
3 496 673 993
3 3 96 923
2 313 478
3 144 794 990
2 140 552
2 62 346
2 5 37
2 315 765
2 98 916
2 22 240
2 232 761
2 124 165
3 40 787 972
2 44 182
2 37 238
2 99 192
2 27 809
2 15 139
2 619 692
2 63 478
2 304 633
2 46 160
2 25 798
2 26 387
2 308 409
2 60 106
2 6 645
2 20 251
2 0 819
2 522 558
2 37 260
2 105 875
2 0 758
2 19 466
2 304 867
2 46 351
2 40 161
2 18 444
2 2 512
2 26 389
2 391 658
2 124 220
2 3 365
2 104 740
2 0 6
2 180 280
2 119 162
2 604 844
2 375 484
2 51 631
2 6 98
2 317 399
2 2 689
2 225 460
2 126 181
2 92 459
2 104 809
2 274 927
2 391 535
2 72 296
2 21 256
2 565 741
2 709 859
2 28 681
2 2 144
2 120 657
2 0 157
2 217 324
2 6 684
2 3 408
2 789 839
2 91 110
3 19 42 988
2 72 987
2 31 121
2 249 918
2 26 28
2 63 158
2 596 915
2 443 576
2 0 773
2 532 738
2 30 76
2 218 693
2 752 910
