200
24 1 2 3 4 5 6 8 10 11 14 17 23 56 57 61 62 74 76 80 92 130 150 167 180
10 0 2 6 7 13 25 56 79 97 103
13 0 1 3 12 16 21 26 27 32 44 50 53 66
14 0 2 4 5 7 19 20 27 33 36 38 58 89 184
9 0 3 8 9 14 29 66 110 144
12 0 3 20 30 48 49 64 67 75 90 153 177
9 0 1 134 10 86 123 137 149 157
9 1 3 9 13 39 41 55 67 106
13 0 4 12 15 22 42 59 96 121 139 155 175 179
3 4 7 191
6 0 6 16 17 44 130
4 0 65 92 198
11 2 8 28 54 71 76 82 120 129 143 192
7 1 7 22 25 60 63 104
10 0 4 24 29 72 101 125 127 144 175
4 8 21 28 57
8 2 10 41 43 69 97 178 195
8 0 10 19 23 45 81 96 199
3 30 37 129
3 3 17 162
13 3 5 33 38 59 65 69 78 86 102 114 161 188
9 2 15 31 77 91 95 120 148 172
5 8 13 70 94 119
7 0 17 68 87 99 128 198
1 14
4 1 13 26 32
5 2 25 165 184 186
4 3 2 40 171
4 131 12 15 128
4 4 14 79 90
3 5 18 35
2 21 183
4 2 25 124 147
3 3 20 176
1 138
6 30 45 47 72 99 181
7 3 48 51 58 83 111 145
1 18
3 3 20 82
2 7 118
4 132 27 54 126
4 7 16 182 197
1 8
3 16 98 111
3 2 10 146
6 17 35 46 108 158 197
1 45
7 134 35 142 68 78 81 179
9 5 36 61 87 104 112 162 190 194
1 5
3 132 2 118
4 36 141 94 101
5 93 106 166 172 191
3 2 64 74
2 12 40
1 7
6 0 1 149 103 125 161
7 0 135 15 63 84 173 190
2 3 36
2 8 20
3 133 13 100
5 0 139 146 48 151
2 0 85
4 13 57 73 165
3 5 53 77
2 11 20
6 2 4 150 71 116 186
2 5 7
2 23 47
3 16 20 112
2 22 178
3 12 66 164
2 14 35
1 63
3 0 53 194
3 5 126 163
5 0 12 153 89 185
3 21 143 64
2 20 47
3 1 29 109
4 0 137 177 180
2 17 47
3 12 38 121
1 36
1 57
3 152 62 163
4 6 20 142 174
3 23 48 171
1 110
2 3 76
4 5 136 29 141
5 21 107 113 183 189
3 0 11 107
3 52 176 117
2 22 51
1 21
2 8 17
4 1 16 115 124
1 43
3 23 35 122
1 60
2 14 51
1 20
2 1 56
4 136 13 48 116
2 147 109
2 7 52
2 91 92
1 45
2 79 105
3 4 88 114
2 36 43
2 48 69
1 91
2 20 110
1 97
2 66 104
2 169 93
2 39 50
1 22
3 12 21 152
2 8 82
1 99
1 6
2 32 97
2 14 56
2 40 75
1 14
2 23 28
2 12 18
3 0 133 10
3 28 135 181
3 50 40 158
3 60 130 138
2 6 47
2 131 57
2 90 104
2 6 80
4 133 34 156 159
4 8 61 169 185
2 145 182
2 90 51
2 47 86
2 12 77
2 4 14
2 140 36
2 44 61
2 32 105
1 21
2 6 56
2 0 66
2 61 193
2 85 120
2 5 76
1 195
2 8 167
1 138
2 6 170
2 132 45
1 138
1 170
2 20 56
2 19 48
2 75 85
1 71
3 26 63 189
1 52
2 0 155
1 196
3 139 117 187
2 157 160
2 27 87
2 21 52
1 57
1 86
2 8 14
2 33 93
3 5 80 196
2 16 70
2 8 47
2 0 80
2 131 35
2 140 41
2 31 91
2 3 26
2 139 76
2 26 66
1 169
1 20
2 165 91
2 48 57
2 9 52
1 12
1 151
2 48 74
2 16 154
2 168 177
2 41 45
2 11 23
1 17
