100
15 1 2 3 5 6 9 24 27 31 33 45 62 63 83 95
6 0 2 5 24 41 51
12 0 1 4 8 11 19 20 23 42 59 94 98
8 0 4 6 7 9 29 36 95
5 2 3 10 21 88
7 0 1 64 61 69 70 78
9 0 3 7 8 10 12 26 76 90
4 3 6 48 53
4 2 6 33 60
7 0 3 13 15 25 50 57
4 4 6 11 66
8 2 10 16 17 32 60 65 93
5 6 40 46 58 69
1 9
2 18 49
4 9 22 43 92
3 11 25 41
6 11 18 20 35 44 67
2 14 17
2 2 86
4 2 17 32 58
4 4 64 34 90
3 15 46 79
2 2 71
4 0 1 70 51
3 9 16 81
1 6
2 0 37
1 30
4 3 68 53 84
3 28 40 99
2 0 74
2 11 20
3 0 8 91
1 21
1 17
2 3 38
2 72 27
1 36
2 77 56
3 12 65 30
2 1 16
3 2 68 71
1 15
2 17 47
2 0 54
3 12 22 56
2 44 97
1 7
1 14
1 9
2 1 24
1 88
4 7 78 29 94
1 45
1 61
3 39 46 98
2 9 79
2 12 20
1 2
3 8 11 72
3 5 74 55
1 0
1 0
2 5 21
3 11 40 82
1 10
1 17
2 42 29
3 5 12 96
2 5 24
2 42 23
2 37 60
1 80
3 31 61 75
3 74 82 99
2 6 83
1 39
3 5 53 87
2 22 57
2 73 87
1 25
2 65 75
2 0 76
2 29 85
1 84
1 19
2 78 80
3 4 52 89
1 88
2 6 21
1 33
1 15
1 11
2 2 53
2 0 3
1 69
1 47
2 2 56
2 75 30
