100
6 1 3 7 13 25 68
9 0 4 5 6 11 18 30 39 91
11 6 11 17 35 37 42 46 47 55 60 91
7 0 10 27 28 30 95 98
2 1 15
5 1 15 24 43 61
6 1 2 14 45 51 93
4 0 12 34 36
4 16 70 73 86
1 35
4 3 41 50 55
6 1 2 63 77 84 89
3 7 39 87
5 0 63 22 28 71
2 6 75
5 4 62 5 17 54
3 8 19 24
4 2 15 22 47
2 1 79
4 16 27 74 99
4 33 44 50 57
1 31
3 13 17 23
5 69 70 22 29 51
4 5 16 36 72
4 0 69 45 80
6 64 32 34 44 61 78
2 3 19
4 3 13 67 74
2 23 77
4 1 3 48 56
9 66 21 32 43 53 80 83 88 92
2 26 31
2 20 71
5 7 26 76 79 83
2 2 9
4 7 24 38 52
2 2 82
3 36 81 89
2 1 12
2 53 94
3 10 49 96
1 2
2 5 31
4 65 20 26 76
2 6 25
1 2
3 2 17 95
1 30
1 41
3 10 20 82
3 6 23 58
1 36
2 31 40
1 15
2 2 10
1 30
1 20
1 51
2 97 60
3 2 65 59
3 5 26 84
1 15
3 13 11 85
2 26 75
2 44 60
4 31 73 87 90
1 28
1 0
2 25 23
2 8 23
2 13 33
1 24
2 8 66
2 19 28
4 64 14 85 96
2 44 34
2 11 29
1 26
2 18 34
2 25 31
1 38
2 37 50
2 31 34
3 11 61 88
2 63 75
1 8
2 66 12
2 31 84
2 11 38
1 66
3 1 2 98
1 31
1 6
1 40
2 3 47
2 75 41
1 59
2 3 91
1 19
