600
38 1 2 3 4 6 12 17 18 24 33 36 40 41 47 119 126 138 175 185 193 196 267 274 284 332 355 362 374 388 395 411 438 456 459 496 531 543 591
29 0 3 8 10 11 13 14 16 19 21 23 28 30 35 44 50 53 56 74 78 87 91 152 153 189 198 221 238 552
2 0 95
27 0 1 4 5 7 10 20 21 22 25 36 52 69 101 142 183 213 235 276 283 314 361 396 435 472 480 560
32 0 3 5 6 12 19 39 45 59 84 85 127 132 144 150 161 168 176 181 183 210 224 258 280 296 324 350 356 409 411 482 524
28 3 4 7 9 16 27 28 29 30 62 67 107 116 133 147 148 157 202 209 215 219 230 243 290 331 342 400 556
28 0 4 8 13 23 26 37 38 49 55 60 149 152 158 167 170 207 208 236 248 255 264 314 352 371 442 466 599
13 3 5 9 32 63 74 80 157 240 269 291 489 593
12 1 6 11 48 75 77 85 246 346 417 450 451
25 5 7 15 18 38 44 64 73 93 112 144 162 166 188 212 269 343 387 413 418 446 456 458 465 572
5 1 3 43 51 134
6 1 8 58 310 480 489
14 0 4 15 20 24 42 47 53 128 184 292 424 475 582
19 1 6 14 26 31 102 139 156 178 219 238 271 307 341 348 406 509 542 557
13 1 13 29 58 72 90 131 171 235 268 322 323 429
6 9 12 22 146 194 307
16 1 5 17 25 33 52 63 71 228 249 256 257 270 330 404 421
13 0 16 31 34 54 88 89 106 262 281 294 491 527
12 0 9 27 35 46 56 130 165 169 204 268 287
3 1 4 358
18 3 12 59 69 77 81 87 89 142 158 189 195 280 301 423 493 523 529
6 1 3 45 384 552 554
12 3 15 32 229 273 285 299 360 402 454 461 516
7 1 6 39 124 199 330 339
7 0 12 78 92 96 115 324
6 3 16 75 143 337 538
19 6 13 40 42 57 79 111 156 172 174 201 262 263 290 417 420 451 481 541
7 5 18 108 136 239 428 551
4 1 5 455 537
15 5 14 37 46 48 51 54 95 161 313 389 403 410 476 591
9 1 5 99 128 163 187 233 499 533
15 13 17 98 109 114 119 137 140 143 159 191 412 509 545 549
6 7 22 49 261 407 531
5 0 16 105 138 392
3 17 102 391
8 1 18 41 135 151 287 502 518
6 0 3 122 133 284 483
5 6 29 107 110 274
12 6 9 43 61 73 90 103 336 379 473 513 534
5 4 23 70 114 288
10 0 26 57 112 121 211 216 234 254 447
10 0 35 84 116 159 317 344 433 501 568
11 12 26 66 70 97 121 129 202 285 294 375
16 10 38 72 94 124 126 140 174 197 215 243 313 317 474 519 528
10 1 9 100 176 282 348 521 525 558 597
6 4 21 109 130 209 523
20 18 29 60 62 64 65 66 92 101 115 117 173 198 237 321 449 469 526 540 548
15 0 12 71 82 117 123 146 149 185 240 305 397 425 471 527
6 8 29 76 431 511 516
8 6 32 50 86 91 96 535 546
2 1 49
3 10 29 543
6 3 16 299 338 448 520
3 1 12 339
9 17 29 55 61 82 150 177 467 570
8 6 54 94 108 134 153 220 398
4 1 18 190 565
10 26 40 83 86 88 141 188 225 334 342
6 11 14 67 279 350 402
10 4 20 68 80 131 171 191 193 253 326
5 6 46 83 477 547
10 38 54 65 103 222 253 318 414 426 483
9 5 46 105 113 214 259 356 575 580
7 7 16 132 233 236 303 388
8 9 46 99 104 180 251 571 584
5 46 61 68 81 500
5 42 46 212 282 359
6 5 58 122 123 230 288
3 59 65 384
2 3 20
4 39 42 427 462
7 16 47 199 303 304 413 515
4 14 43 382 470
3 9 38 160
3 1 7 76
3 8 25 293
4 48 74 289 434
6 8 20 120 250 367 378
8 1 24 100 110 145 246 304 399
8 26 136 167 210 217 391 437 469
6 7 59 164 196 368 595
8 20 65 125 353 396 436 474 548
8 47 54 93 106 113 295 395 404
4 57 60 484 506
9 4 41 97 118 160 206 394 574 577
4 4 8 125 177
6 49 57 227 302 335 465
10 1 20 163 201 241 278 305 424 512 569
4 17 57 275 562
4 17 20 306 597
4 14 38 410 481
5 1 49 323 447 536
2 24 46
9 9 82 98 154 164 168 247 502 589
6 43 55 154 166 278 298
6 2 29 145 260 347 583
5 24 49 111 232 535
3 42 84 559
6 31 93 205 293 440 538
3 30 64 306
4 44 78 327 419
3 3 46 120
7 13 34 137 211 321 401 524
2 38 61
4 64 358 383 508
7 33 62 170 373 407 440 508
5 17 82 250 328 599
4 5 37 226 346
3 27 55 340
3 31 45 261
5 37 78 127 368 462
2 26 96
3 9 40 139
5 62 82 221 477 544
4 31 39 175 195
4 24 46 283 472
7 5 41 118 192 372 496 563
2 46 47
5 84 116 204 428 505
6 0 31 141 265 267 557
2 77 101
5 40 42 147 182 468
5 36 67 217 390 585
3 47 67 129
5 23 43 247 255 311
4 81 85 344 517
2 0 43
4 4 110 155 385
4 12 30 173 432
6 42 123 151 257 312 423
3 18 45 180
9 14 59 169 242 275 345 439 452 485
3 4 63 273
4 5 36 252 295
2 10 55
1 35
4 27 79 279 340
6 31 102 165 206 224 365
3 0 33 587
5 13 112 226 351 518
4 31 43 249 497
2 57 119
6 3 20 203 245 256 443
2 25 31
5 4 9 216 316 550
4 78 95 148 579
3 15 47 370
4 5 121 228 266
6 5 145 197 281 309 582
3 6 47 380
8 4 54 172 186 272 302 528 553
5 35 129 361 455 569
7 1 6 234 272 298 332 420
3 1 55 186
3 93 94 539
2 127 276
7 13 26 207 218 318 375 520
3 5 7 245
2 6 20
4 31 41 258 325
16 73 84 190 205 208 231 300 364 386 390 399 425 452 457 485 515
3 4 29 590
2 9 200
2 30 87
2 80 93
3 18 137 453
3 9 94 270
2 6 79
3 4 93 514
5 18 131 187 203 271
3 6 105 365
5 14 59 184 464 586
6 26 150 220 289 374 488
4 46 128 181 568
4 26 43 194 596
5 0 114 222 248 328
4 4 44 223 308
2 54 85
2 13 345
1 464
3 64 130 343
3 4 173 367
3 121 397 512
5 3 4 252 386 564
2 12 171
3 0 47 327
7 150 153 231 241 244 309 562
4 30 169 537 566
2 9 57
7 1 20 296 363 389 454 571
3 56 160 237
3 31 59 301
5 116 200 463 479 567
2 0 59
3 15 174 475
3 20 114 315
3 0 80 457
2 43 148
4 1 46 251 443
2 23 71
5 162 192 277 434 576
5 26 87 254 419 588
4 5 42 370 525
2 142 169
3 18 118 378
7 98 160 286 311 359 363 596
7 84 137 227 366 453 490 514
8 6 156 213 244 263 357 444 492
4 6 160 426 533
2 5 45
2 4 79
5 40 102 320 449 556
4 9 66 387 479
4 3 207 308 550
1 62
3 5 43 560
4 40 144 223 286
3 79 122 450
1 156
4 5 13 319 476
2 55 172
2 1 113
4 61 175 225 460
2 176 216
2 4 137
4 57 222 291 493
3 107 139 376
2 86 206
2 16 147
2 22 401
2 5 67
4 160 186 409 442
7 96 264 292 334 393 405 470
3 30 63 357
4 40 152 333 473
4 3 14 415 498
3 6 63 347
4 46 190 297 319
2 1 13
2 27 530
2 7 47
3 87 186 542
3 131 385 534
4 5 43 300 403
2 186 207
3 142 157 349
4 8 78 326 394
3 93 124 316
3 6 175 478
2 16 140
2 77 106
4 64 198 360 372
2 133 183
3 59 61 414
4 40 201 377 430
6 6 124 265 418 446 567
6 16 142 354 486 491 536
2 16 129
2 4 159
1 62
2 95 392
2 32 109
4 17 26 478 541
2 26 207
3 6 232 584
5 119 255 532 544 589
3 147 310 329
2 0 119
3 14 18 573
2 7 9
5 16 166 383 435 598
3 13 169 495
2 150 152
4 22 132 322 553
2 0 37
3 88 131 355
2 3 155
1 200
2 87 94
3 58 136 445
3 4 20 431
3 17 148 329
2 44 66
2 3 115
4 0 36 335 352
4 22 42 333 337
2 205 216
2 18 35
2 39 67
2 76 172
4 5 26 415 574
3 7 225 519
5 12 232 369 416 429
4 75 98 336 592
3 17 42 408
3 82 133 501
2 4 189
2 237 578
2 94 152
2 22 52
3 160 243 555
3 20 191 315
4 86 150 353 555
2 63 71
2 71 78
3 47 87 500
2 89 99
4 13 15 320 510
2 176 213
3 148 186 590
3 11 266 546
2 124 205
1 129
2 29 43
2 3 6
2 195 301
2 144 247
4 41 43 381 422
3 61 156 581
2 219 237
3 211 307 437
3 46 102 325
3 14 273 458
2 14 91
4 4 24 382 463
4 159 321 331 592
2 59 246
2 100 185
2 106 175
2 266 281
2 16 23
3 5 325 366
3 0 152 376
4 234 285 373 494
2 57 232
3 86 284 430
2 38 293
2 25 285
2 52 585
2 23 53
2 108 136
4 13 369 422 427
3 5 57 547
2 9 180
6 41 125 377 398 406 432
2 131 178
3 8 107 510
2 95 236
2 13 44
2 245 486
4 4 58 587 594
1 139
3 6 284 505
2 81 302
1 256
3 0 275 595
2 4 62
2 207 233
3 19 104 438
2 66 205
3 22 251 490
3 3 151 506
2 0 393
2 189 205
1 160
3 137 170 448
2 206 331
3 77 181 461
3 80 110 581
2 292 341
3 146 202 444
3 6 380 593
2 116 251
2 105 333
3 0 172 495
5 42 156 379 488 497
3 226 332 416
2 254 344
2 77 204
2 38 375
2 149 371
2 317 433
2 72 324
4 104 270 412 482
2 21 68
2 127 242
3 160 183 594
2 9 212
4 0 63 498 517
2 29 189
2 122 160
4 34 79 441 558
2 33 260
2 232 362
2 84 246
3 0 82 459
5 3 81 467 573 580
3 47 182 466
2 55 344
3 78 160 522
2 5 507
2 102 229
2 22 58
3 29 243 436
2 16 82
1 232
3 13 344 554
2 32 105
2 294 445
2 4 231
2 29 90
2 0 4
2 31 383
2 9 71
2 61 253
4 235 290 513 565
3 292 376 561
2 8 26
2 9 255
2 100 201
2 26 152
1 16
2 317 341
2 20 129
2 12 87
2 47 160
2 61 208
2 70 341
2 27 118
2 14 292
2 254 335
2 48 280
2 128 344
2 41 381
3 76 200 441
2 3 270
3 81 403 578
2 79 320
2 0 358
1 131
2 98 105
2 391 434
3 6 231 539
2 142 198
2 207 370
2 279 408
3 9 255 577
3 40 91 549
5 52 365 504 530 588
2 46 211
2 8 217
3 8 26 494
2 131 160
2 165 206
2 22 189
2 28 151
2 0 9
2 160 196
2 9 322
3 0 395 468
1 222
2 22 367
2 70 110
2 192 324
3 171 179 522
2 9 86
2 6 397
3 54 396 551
2 121 459
2 46 79
3 72 232 487
3 47 545 563
2 3 115
2 38 234
2 43 81
2 12 194
2 29 219
3 60 113 507
2 248 262
3 192 212 511
2 3 11
2 26 90
2 4 383
3 36 61 598
2 83 529
3 131 160 492
2 256 349
2 470 564
2 172 375
2 7 11
2 206 360
2 17 256
2 207 485
3 20 225 521
2 333 451
2 271 374
2 0 116
2 140 375
3 235 388 566
1 30
3 65 305 575
2 41 295
2 35 93
1 570
1 448
2 118 352
2 83 361
2 400 477
3 104 105 532
2 13 31
2 307 346
2 48 479
2 87 182
2 38 415
2 168 206
2 71 160
2 22 48
2 125 388
2 35 139
2 43 291
2 52 156
2 44 493
2 399 464
2 20 45
3 4 102 561
2 44 202
1 46
2 17 47
2 43 150
2 20 484
2 239 448
2 0 32
2 265 508
2 30 208
2 38 242
2 49 96
2 91 256
2 28 187
2 25 98
2 154 442
1 46
2 26 262
2 13 241
2 0 51
2 113 265
2 31 471
2 49 310
2 60 342
2 46 81
2 31 447
2 144 213
2 27 467
2 1 21
2 150 273
2 21 406
2 300 302
2 5 211
2 13 119
2 44 391
1 97
3 3 215 572
2 416 524
2 88 186
2 116 471
2 183 487
2 56 415
2 187 498
2 192 255
2 41 173
2 87 151
2 54 503
2 64 189
2 9 560
2 268 396
2 84 290
2 62 500
1 200
2 84 446
2 297 436
1 145
2 62 396
2 318 368
2 12 148
1 95
2 64 264
2 122 338
1 171
2 138 350
2 201 448
2 93 265
2 161 309
2 0 29
2 293 325
2 7 371
2 350 386
2 80 355
2 174 205
2 44 89
2 270 483
2 6 106
