100
11 1 2 3 9 10 42 65 69 83 85 88
4 0 2 21 41
6 0 1 7 16 22 46
10 0 7 13 19 20 41 48 85 89 90
4 5 14 68 96
5 4 8 36 45 66
1 9
6 2 3 11 20 44 58
5 5 12 30 54 73
5 0 6 11 68 77
3 0 13 55
3 7 9 39
2 8 19
3 3 10 53
2 4 69
2 58 97
3 2 26 27
1 84
1 33
6 3 71 12 27 49 51
2 3 7
10 1 70 26 32 35 39 56 78 91 95
3 2 24 64
1 45
3 22 31 84
1 52
3 16 21 28
3 16 19 59
2 26 33
1 70
4 8 34 43 92
2 24 90
2 21 42
5 18 28 35 60 80
4 72 30 79 81
3 21 33 56
1 5
1 43
1 94
2 11 21
1 81
6 1 3 72 47 61 64
4 0 32 63 94
4 75 30 37 47
2 7 54
3 5 23 46
4 2 86 45 52
2 41 43
6 3 75 79 80 55 95
1 19
1 99
1 19
3 25 46 65
4 13 74 76 82
3 8 76 44
2 10 48
3 21 35 67
1 71
5 7 15 93 96 99
2 27 77
1 33
1 41
1 86
1 42
2 22 41
4 0 87 52 93
1 5
1 56
2 4 9
2 0 14
2 21 29
2 57 19
3 41 34 98
1 8
1 53
2 43 48
3 53 54 87
2 9 59
1 21
2 34 48
2 33 48
2 34 40
1 53
2 0 89
3 17 24 88
2 0 3
2 46 62
3 76 65 98
2 0 84
2 3 83
2 3 31
1 21
1 30
2 58 65
2 38 42
2 21 48
2 4 58
1 15
2 72 87
2 50 58
