200
19 1 2 3 4 9 10 11 26 28 31 32 33 59 65 67 69 93 134 175
17 0 3 5 8 19 21 24 45 46 53 78 110 112 154 161 163 196
13 0 4 8 9 14 15 16 18 32 42 51 118 131
5 0 1 6 12 50
7 0 2 6 7 111 185 194
5 1 7 11 30 180
5 3 4 29 97 170
8 4 5 12 61 66 92 141 182
18 1 2 10 13 15 17 18 31 34 38 44 86 87 103 107 119 173 181
7 0 2 13 16 20 102 184
3 0 8 136
14 0 5 20 23 27 42 48 61 65 67 89 94 125 160
6 3 7 14 111 150 160
5 8 9 22 25 127
3 2 12 92
5 2 8 43 110 193
12 2 9 48 58 63 71 81 101 104 137 147 198
10 8 21 29 35 56 70 94 99 106 192
7 2 8 23 45 64 159 174
11 1 22 24 41 50 70 83 88 169 178 194
7 9 11 35 44 69 83 137
10 1 17 124 28 47 57 105 109 140 164
3 13 19 172
5 11 18 40 58 71
4 1 19 26 178
6 13 41 68 138 151 170
7 0 24 75 82 87 143 181
3 11 52 115
4 0 21 144 171
5 6 17 127 39 49
4 5 76 98 154
6 0 8 38 169 171 175
6 0 2 33 75 157 164
3 0 32 77
2 8 40
6 17 20 37 85 146 176
3 129 51 95
2 35 101
6 8 31 91 100 113 122
4 29 129 62 158
3 23 34 182
7 19 25 46 54 84 98 120
6 2 11 59 113 145 183
2 15 141
3 8 20 49
4 1 18 53 54
3 1 41 88
3 21 159 176
5 11 16 57 173 177
3 29 44 147
3 3 19 56
3 2 36 153
1 27
7 1 135 45 60 96 116 120
3 41 45 109
1 63
6 17 133 50 73 80 90
4 125 21 48 80
3 16 23 188
3 0 42 100
3 53 119 197
4 7 11 156 184
4 39 84 89 152
5 16 126 55 78 168
2 18 118
7 0 11 134 142 77 105 117
3 7 90 116
5 0 11 138 68 72
2 25 67
2 0 20
5 17 19 130 122 199
2 16 23
2 67 121
1 56
2 85 114
2 26 32
1 30
3 33 65 157
2 1 63
1 167
2 56 57
1 16
1 26
3 19 20 183
3 41 62 151
4 35 74 86 114
3 8 123 85
4 8 26 149 189
3 19 46 112
3 11 62 97
2 56 66
1 38
4 7 14 99 165
1 0
2 11 17
1 36
1 53
2 6 89
2 30 41
3 17 92 185
2 38 59
3 123 16 37
1 9
2 8 104
3 16 152 103
2 21 65
1 17
2 8 142
2 145 196
2 21 54
3 1 15 136
3 4 12 139
2 1 88
2 38 42
2 74 85
2 27 121
3 53 66 197
1 65
4 2 144 64 167
3 8 60 195
3 124 41 53
3 131 72 115
2 38 70
2 86 101
4 120 21 166 198
2 11 57
3 63 153 162
3 13 29 188
2 140 186
4 36 39 133 155
1 70
2 2 121
2 165 190
2 129 56
4 0 65 150 161
1 53
3 10 110 191
2 16 20
2 25 67
2 111 180
2 21 128
2 7 43
2 65 107
1 26
2 28 118
2 42 108
2 35 148
2 16 49
2 146 168
1 87
2 12 134
2 25 84
2 62 104
3 126 51 155
2 1 30
4 129 153 166 179
1 61
2 32 77
1 39
2 18 47
3 11 12 195
2 1 134
1 126
1 1
2 21 32
4 132 92 172 187
2 124 155
2 79 118
2 63 148
2 19 31
2 6 25
2 28 31
2 22 165
2 8 48
2 18 179
2 0 31
2 35 47
1 48
2 19 24
2 155 174
2 5 139
2 8 26
2 7 40
2 42 83
2 9 61
2 4 99
1 128
1 165
2 127 58
1 87
1 132
1 136
1 17
1 15
2 4 19
2 160 119
2 1 108
2 60 116
2 16 124
1 70
