1000
28 1 2 8 9 11 18 19 21 27 34 36 46 47 50 78 90 114 136 221 304 364 435 443 457 732 733 752 945
98 0 3 4 5 6 9 10 13 15 19 22 23 29 30 32 48 49 51 54 66 71 73 75 81 84 98 103 114 121 130 132 137 144 171 173 182 183 186 187 189 197 212 225 230 252 259 262 272 290 303 309 310 316 333 335 367 382 394 411 433 444 478 484 495 497 501 527 550 553 559 593 687 690 694 706 715 720 751 769 789 794 795 804 806 842 854 856 869 896 901 905 922 923 924 940 977 984 992
57 0 3 7 18 45 55 97 104 107 109 125 136 158 170 179 185 213 214 236 247 251 263 269 274 277 281 305 306 349 386 421 437 449 475 477 489 491 494 534 551 566 575 612 654 693 739 744 766 781 816 844 906 909 938 942 971 982
59 1 2 4 5 6 8 10 12 17 26 33 38 52 55 57 64 65 66 70 95 112 118 141 146 152 165 166 168 172 173 215 223 229 240 241 247 249 253 254 291 323 334 354 379 383 386 407 408 486 490 563 582 607 647 675 798 850 876 939
29 1 3 7 26 53 69 85 112 125 133 145 167 513 533 545 608 632 700 704 731 756 763 765 774 779 824 946 966 967
51 1 3 14 24 29 39 40 51 68 75 99 100 128 134 151 158 189 218 227 229 234 264 327 332 340 376 404 405 418 422 440 488 499 539 546 552 569 636 689 754 771 777 806 824 830 863 866 898 900 907 976
18 1 3 11 12 45 46 81 132 143 343 368 392 400 504 508 686 887 947
38 2 4 13 14 16 17 22 25 27 37 38 39 58 61 62 64 76 86 93 159 196 271 289 331 353 366 437 440 496 568 586 596 686 790 854 892 936 951
11 0 3 20 169 207 381 542 711 738 872 949
19 0 1 37 42 57 59 89 100 217 228 253 301 340 480 522 556 641 723 960
33 1 3 23 28 32 40 43 52 60 77 91 142 160 195 199 207 213 223 224 245 257 370 450 467 505 523 571 583 610 875 879 913 995
12 0 6 15 242 395 425 463 488 553 638 836 866
17 3 6 16 20 35 119 187 209 286 312 587 612 648 652 699 758 838
9 1 7 28 131 243 522 674 697 864
6 5 7 30 439 541 862
25 1 11 31 34 48 61 78 99 129 133 134 155 178 279 282 286 430 455 482 527 622 779 784 831 962
5 7 12 33 220 266
23 3 7 41 50 72 87 88 95 103 115 149 177 357 379 381 416 455 548 598 638 783 788 810
41 0 2 21 24 35 53 54 56 79 83 85 91 107 121 128 139 141 144 150 154 215 232 325 354 442 445 485 508 515 531 541 565 576 594 653 672 729 743 815 868 985
9 0 1 25 41 396 529 648 669 958
10 8 12 82 140 237 254 313 520 523 782
21 0 18 96 155 177 220 243 245 349 350 364 436 452 493 531 532 533 655 695 821 832
7 1 7 138 205 426 817 841
15 1 10 157 174 197 232 395 406 413 604 607 749 755 791 918
7 5 18 86 139 175 237 336
7 7 19 108 198 589 823 926
4 3 4 373 862
11 0 7 74 101 163 270 302 446 509 667 969
11 10 13 36 44 63 69 94 486 625 761 899
7 1 5 150 226 635 853 860
24 1 14 31 42 60 67 96 104 122 180 235 266 326 329 361 393 481 572 639 643 774 775 845 941
6 15 30 201 321 400 873
8 1 10 80 108 389 482 677 753
20 3 16 62 71 111 165 233 256 300 384 428 432 461 479 505 697 721 768 795 867
25 0 15 44 56 74 109 153 156 208 285 293 374 390 467 500 517 528 601 618 695 716 745 889 978 981
11 12 18 84 120 147 148 185 333 403 419 681
11 0 28 76 98 210 211 238 409 624 885 991
7 7 9 49 92 320 472 958
7 3 7 73 94 163 270 614
8 5 7 63 190 278 280 544 630
6 5 10 123 183 228 783
29 17 19 43 59 82 153 200 204 222 235 236 248 275 284 324 343 348 362 365 447 476 501 566 567 593 715 748 880 957
5 9 30 191 346 407
2 10 41
2 28 34
23 2 6 47 67 90 120 192 265 339 394 399 444 456 485 506 516 547 719 852 887 911 962 997
6 0 6 88 292 573 706
33 0 45 58 68 102 106 122 152 156 162 201 212 240 258 273 281 314 319 410 426 512 577 579 594 610 670 693 712 725 820 861 965 995
4 1 15 350 626
6 1 37 116 161 211 356
4 0 17 194 805
14 1 5 79 124 131 316 430 502 557 570 575 757 797 817
3 3 10 933
9 4 18 101 227 267 298 374 611 885
7 1 18 70 106 123 348 989
5 2 3 346 355 870
15 18 34 65 93 102 105 204 238 362 551 570 663 729 742 845
9 3 9 318 387 404 502 613 818 955
17 7 47 80 97 115 116 179 261 306 327 331 602 659 662 728 888 899
4 9 41 182 918
12 10 30 77 126 186 203 268 459 583 723 977 987
6 7 15 113 289 417 597
15 7 33 72 178 180 184 260 436 476 510 558 805 825 835 865
12 28 39 127 140 145 344 429 466 639 907 952 970
5 3 7 92 539 647
4 3 56 462 869
8 1 3 83 87 216 420 600 890
5 30 45 295 625 820
21 5 47 110 176 196 199 210 219 294 296 298 312 317 391 398 439 464 641 651 660 727
3 4 28 742
6 3 54 200 536 601 994
9 1 33 113 119 291 387 617 712 905
3 17 62 231
4 1 38 378 418
4 27 34 265 677
2 1 5
12 7 36 117 148 255 257 351 578 606 628 631 788
3 10 60 893
3 0 15 853
4 18 51 89 208
4 32 58 803 902
3 1 6 118
2 20 41
2 18 66
5 1 35 262 616 640
2 4 18
7 7 24 231 283 284 338 883
12 17 66 191 299 347 441 484 634 696 737 813 943
6 17 46 111 157 361 582
13 9 79 105 117 135 162 188 230 287 405 611 699 744
3 0 45 637
5 10 18 135 188 489
8 37 64 278 280 633 726 775 948
7 7 56 170 261 497 645 993
4 28 38 234 931
3 3 17 535
7 21 30 143 474 682 786 802
6 2 58 376 483 512 526
6 1 36 164 537 562 784
17 5 15 147 166 217 246 288 323 329 371 415 520 685 692 739 811 928
2 5 9
9 27 53 137 175 325 359 401 530 701
2 47 56
7 1 17 110 190 214 578 666
10 2 30 142 172 206 275 352 458 534 956
7 56 89 126 195 205 740 884
3 47 54 469
5 2 18 454 771 980
8 25 32 130 164 168 176 776 895
3 2 34 663
3 68 103 571
10 33 88 193 297 303 473 614 688 954 978
5 3 4 225 272 465
2 61 71
9 0 1 124 326 411 414 709 846 927
16 17 58 138 160 203 255 308 434 443 453 459 584 600 649 653 799
6 49 58 295 494 629 767
2 76 89
7 3 81 276 299 366 585 590
12 12 71 167 202 226 283 423 449 537 654 925 992
2 35 45
5 1 18 492 691 756
6 30 47 127 222 369 822
5 40 54 244 419 726
4 51 114 383 660
4 2 4 174 705
2 60 105
9 63 122 129 146 292 342 700 714 920
3 5 18 420
4 15 127 652 939
6 1 108 193 538 932 988
7 13 51 171 432 542 710 792
3 1 6 728
3 4 15 507
6 5 15 276 471 525 998
6 89 91 555 589 800 823
6 0 2 198 360 545 690
2 1 101
3 22 115 301
3 18 24 587
11 20 63 181 313 315 377 438 577 797 851 852
12 3 18 224 239 309 320 396 427 470 657 683 916
5 10 104 151 457 664
5 6 96 149 202 498
4 1 18 468 791
9 4 63 154 161 357 375 478 609 954
3 3 127 378
5 35 99 530 815 914
4 35 76 900 953
4 17 143 159 544
5 18 29 369 492 819
4 5 142 263 324
2 3 47
3 34 41 194
2 18 145
5 15 21 233 341 554
2 34 47
5 23 88 241 720 832
3 2 5 936
7 7 149 219 221 244 490 619
6 10 115 192 517 608 881
3 49 145 519
5 47 89 358 425 882
9 27 38 184 273 515 623 740 770 878
4 98 108 556 661
8 3 33 169 181 277 424 620 673
2 3 99
5 4 119 416 431 787
2 3 108
4 8 165 461 642
5 2 93 398 493 860
5 1 131 250 803 926
3 3 104 668
12 1 3 274 288 315 341 475 503 604 858 930 996
5 23 125 249 549 781
11 24 101 317 373 401 445 466 474 773 863 996
8 68 108 218 438 471 809 968 997
2 17 21
7 15 62 392 528 599 772 814
2 2 58
2 30 62
4 140 165 423 956
4 1 59 351 422
3 1 40 435
3 62 163 685
2 2 35
7 1 60 285 359 580 769 916
3 1 12 514
3 89 91 618
3 1 5 717
3 39 103 780
4 42 87 338 339
3 45 160 964
6 111 130 242 679 763 946
3 50 153 891
2 10 105
5 7 68 206 454 696
3 1 23 809
13 25 136 269 322 330 360 363 516 568 581 949 960 967
5 10 68 585 734 837
9 41 70 216 297 372 479 773 800 965
5 31 47 368 428 719
6 119 143 294 356 441 592
6 60 115 251 282 307 540
3 41 56 355
4 22 105 209 250
5 104 196 651 891 929
2 8 10
2 34 79
4 12 205 345 624
2 36 68
6 36 49 311 380 498 841
5 1 47 259 988 989
3 2 10 388
4 2 103 302 558
2 3 18
3 66 200 990
2 9 99
4 5 176 602 922
5 68 159 318 431 519
2 16 21
5 0 159 372 743 857
5 41 122 468 518 968
15 3 10 239 258 268 448 462 480 518 596 667 764 828 927 930
2 10 141
2 1 112
2 29 119
2 5 53
6 9 40 334 615 731 766
2 3 5
4 1 89 347 603
3 72 86 903
6 18 23 256 290 304 442
8 33 155 305 377 579 599 649 972
3 5 94 469
2 30 41
3 2 41 248
5 20 24 246 336 524
5 36 56 557 574 592
6 141 223 271 335 385 434
2 3 47
5 3 157 564 794 984
10 11 193 307 367 465 580 658 772 859 950
3 13 21 380
3 123 159 389
7 10 21 260 300 636 666 970
2 99 237
4 2 3 371 390
2 41 236
10 3 174 287 319 460 483 509 786 925 935
3 171 205 782
9 2 203 252 267 322 388 397 637 777
3 1 251 452
5 3 9 264 472 598
3 3 20 645
3 76 115 875
4 33 232 417 886
3 10 76 961
2 47 223
2 1 212
6 62 245 296 344 540 796
3 58 93 563
3 1 84 964
2 2 151
7 5 253 311 584 650 827 850
2 45 74
3 16 30 678
9 53 251 279 569 655 674 761 831 837
2 60 223
7 2 198 308 504 681 736 889
5 27 38 433 787 865
3 7 239 546
2 1 112
12 47 163 332 352 363 412 463 514 535 588 843 851
3 2 173 521
3 41 104 500
4 118 134 691 980
2 2 165
2 39 92
6 15 267 543 687 730 750
8 39 92 328 342 409 424 511 622
2 2 47
4 15 203 330 689
2 86 119
4 41 86 328 747
2 34 186
2 12 15
2 89 249
2 99 173
3 7 61 581
2 1 232
4 3 71 293 521
2 46 127
3 34 291 481
6 68 202 314 718 727 802
4 67 116 458 825
3 68 260 849
5 111 200 616 675 883
2 53 68
3 87 118 538
7 33 245 397 414 464 591 892
3 9 138 410
2 27 214
5 1 111 353 391 780
3 0 232 337
5 2 233 321 402 513
9 2 58 399 406 450 576 597 630 810
7 203 242 525 714 839 877 937
4 115 269 345 669
6 1 141 310 676 882 902
3 1 309 543
2 211 264
4 12 68 750 919
4 20 140 448 572
3 47 294 975
5 140 173 495 688 748
3 1 51 957
2 68 175
4 57 219 384 893
9 47 249 499 555 664 665 755 765 938
4 37 141 561 843
3 31 305 524
6 198 251 846 912 921 928
4 3 99 385 403
4 41 151 627 778
3 18 101 966
3 30 114 337
2 5 58
2 280 284
4 30 99 477 990
3 198 282 429
5 7 58 358 785 838
4 5 273 816 898
2 1 35
4 3 228 671 725
2 1 239
2 24 237
4 304 326 609 912
2 86 191
4 45 191 511 633
2 5 9
5 155 173 451 590 746
5 127 280 456 722 830
3 6 41 948
6 63 260 491 657 722 947
2 209 308
2 42 55
2 87 230
3 41 54 998
3 2 21 881
6 21 48 370 382 529 849
2 76 182
7 104 273 642 656 670 735 829
2 7 303
2 3 18
2 55 204
2 49 202
2 17 145
2 162 331
2 101 186
8 136 198 365 393 694 703 737 974
2 30 88
2 41 56
2 198 273
3 0 21 526
3 41 360 767
3 7 118 973
3 1 242 982
3 6 201 402
2 122 150
7 10 350 446 595 603 643 819
5 99 247 644 747 971
3 200 221 408
5 26 175 375 451 979
3 34 53 751
3 145 373 595
3 5 97 573
2 140 233
3 73 146 613
3 3 17 929
3 211 243 718
4 8 17 586 733
2 1 350
3 3 124 915
2 33 318
2 239 323
3 2 3 615
3 57 71 640
2 213 251
2 32 244
2 34 247
5 68 303 716 873 909
2 6 178
2 30 360
3 1 45 549
6 11 23 487 548 683 760
2 19 141
2 251 300
4 68 170 447 915
4 45 306 704 867
2 6 31
2 101 175
2 305 368
6 35 323 588 627 717 745
2 5 57
2 5 89
2 23 306
3 3 42 412
5 3 372 415 460 560
4 36 280 413 981
5 47 301 421 702 770
3 1 114 711
2 273 407
7 23 409 427 473 510 698 951
3 114 300 888
2 99 408
5 17 167 792 839 840
3 61 256 665
2 5 73
3 35 123 919
3 66 128 650
2 2 410
4 5 182 701 897
3 119 181 835
3 165 280 507
2 11 162
2 22 47
2 141 413
3 33 201 644
3 63 330 721
3 15 51 753
3 167 219 496
6 33 131 554 656 672 910
3 1 270 710
2 115 239
2 0 183
2 21 62
2 2 7
2 140 176
9 14 68 536 591 684 703 812 878 913
2 5 7
2 87 202
3 18 232 848
3 0 115 470
2 1 45
2 18 175
2 27 370
5 41 398 453 564 702
2 223 313
3 2 119 646
2 10 306
3 341 373 818
3 21 252 621
2 115 447
2 107 196
4 15 17 801 833
2 45 342
3 0 142 836
2 104 295
3 60 115 661
2 249 408
5 33 169 559 561 698
3 65 223 789
2 11 273
4 68 300 552 974
3 112 242 620
4 63 175 708 826
4 10 34 631 861
2 144 222
2 106 234
4 141 443 840 975
3 134 176 999
4 37 253 828 924
2 111 413
2 96 175
5 2 173 503 749 807
3 41 62 921
2 2 329
2 1 145
4 33 200 707 829
2 9 223
5 30 293 487 623 985
2 15 32
4 97 249 629 963
2 1 87
2 18 45
2 3 28
2 395 481
2 5 11
2 2 91
3 3 159 859
2 2 344
2 121 150
2 21 170
2 2 116
5 1 315 560 606 646
2 7 431
3 1 93 550
2 143 211
3 5 319 897
2 34 275
2 1 41
2 51 57
3 173 475 506
2 6 269
2 10 33
2 45 503
2 133 424
2 6 18
3 27 249 574
3 62 413 619
2 280 339
2 47 97
3 4 305 871
3 187 273 678
2 18 163
4 45 198 785 991
2 34 160
2 222 223
2 161 219
2 20 99
2 274 291
2 9 13
4 10 20 635 884
2 237 321
2 134 307
4 97 364 532 547
3 1 15 567
4 34 178 724 886
2 19 350
2 101 147
2 18 21
2 21 526
2 4 21
2 2 104
2 95 273
2 70 439
2 98 119
2 130 299
3 5 64 796
3 203 260 976
3 14 18 658
2 8 131
2 279 310
2 39 149
2 4 136
2 5 271
3 45 526 764
2 17 395
3 174 394 634
3 1 497 713
2 2 56
3 5 464 799
4 1 11 680 932
2 155 432
4 135 319 762 834
3 9 164 871
4 51 238 680 776
3 62 214 565
3 1 461 934
3 408 495 562
2 320 461
2 98 560
3 3 261 741
4 241 447 813 963
2 18 558
2 2 41
2 41 527
2 7 198
2 5 267
4 51 56 621 945
4 10 110 605 732
2 30 313
2 46 376
4 238 509 801 844
3 2 51 605
3 18 306 814
2 47 140
3 76 103 778
2 47 233
2 186 242
2 198 289
4 3 88 671 752
2 10 60
5 115 264 754 894 903
2 118 199
3 7 381 735
2 12 139
2 273 403
2 25 135
6 118 341 826 879 961 986
2 300 439
2 202 238
4 1 41 626 679
2 18 47
6 370 375 662 874 890 904
3 7 223 759
4 61 306 807 931
4 17 253 804 914
2 178 233
2 66 115
2 34 70
3 58 218 999
2 230 370
4 23 173 790 842
5 571 575 668 896 941
2 76 495
3 3 23 933
2 4 160
3 145 337 917
3 10 47 822
3 53 89 617
3 2 12 868
4 57 378 628 724
3 38 111 734
4 228 386 877 908
2 84 297
2 71 611
3 34 188 632
2 159 510
2 165 465
3 452 570 757
3 15 280 760
2 163 481
2 36 209
4 28 67 768 856
2 48 593
2 324 403
3 76 613 894
3 116 483 746
2 39 306
3 76 467 969
2 4 618
2 92 339
3 87 549 708
2 29 523
2 5 245
3 90 251 821
2 11 17
4 30 63 833 834
3 84 387 906
3 9 68 973
2 169 352
2 30 370
2 371 428
2 93 254
3 449 495 676
3 3 64 673
3 12 19 811
2 115 233
2 264 420
2 68 206
2 12 129
2 18 115
2 2 119
4 21 267 659 692
3 352 432 684
3 141 344 857
3 242 541 911
2 58 655
2 68 124
3 164 459 917
2 58 595
3 56 109 808
2 142 319
3 319 417 972
2 103 245
2 27 223
3 172 605 738
2 19 308
2 47 352
2 334 582
4 18 432 682 758
4 165 647 707 759
2 13 267
4 3 297 730 934
2 309 646
3 32 74 904
3 266 514 798
3 193 593 910
6 553 557 709 848 855 908
3 35 269 953
2 96 672
4 141 395 713 983
2 439 656
3 99 184 762
2 6 7
2 1 279
2 111 315
2 5 282
2 1 136
2 121 276
2 99 655
4 2 47 793 944
2 1 360
2 21 34
2 87 196
3 13 33 705
2 413 461
2 12 89
2 4 127
2 101 422
2 410 447
2 360 439
5 4 399 736 741 895
4 125 697 812 937
2 1 46
3 479 673 858
3 466 634 864
2 114 680
2 131 433
2 8 411
2 47 71
2 550 683
2 127 307
2 1 41
2 34 391
2 189 403
2 294 380
2 45 201
2 1 157
2 33 429
2 342 344
3 9 60 808
3 528 613 993
2 47 334
2 92 123
2 68 294
2 58 132
2 18 56
2 279 675
3 4 228 847
2 0 571
2 0 381
2 199 614
2 352 586
3 269 704 950
3 87 360 855
2 8 668
2 2 99
3 105 163 874
2 563 704
2 56 69
3 18 221 876
3 2 89 847
2 34 403
2 341 629
2 284 371
2 41 315
2 23 475
2 279 312
2 1 374
2 0 582
2 32 430
3 5 584 923
3 23 319 793
2 4 121
2 51 621
2 12 672
2 596 673
2 395 622
2 28 267
2 555 685
2 4 193
2 223 547
2 4 319
2 2 228
2 116 365
2 33 625
2 1 186
2 163 410
2 5 107
2 178 242
2 175 200
2 4 30
2 30 92
2 108 557
2 5 251
3 324 578 987
3 4 15 959
2 190 303
2 2 174
2 20 250
3 17 40 979
2 15 98
2 331 516
2 96 249
3 167 270 827
2 17 76
2 1 462
2 7 604
2 23 144
2 131 416
2 693 755
2 1 241
2 1 33
2 260 539
2 51 140
2 3 678
2 115 552
2 135 200
2 455 574
3 96 294 901
2 80 171
2 1 598
2 50 62
2 1 5
2 475 597
2 663 723
2 176 197
2 17 306
2 99 648
2 439 705
2 87 564
2 178 576
2 18 147
2 2 332
2 22 51
2 57 451
2 150 370
3 47 67 872
2 21 637
2 122 610
2 25 135
3 4 5 880
2 62 295
2 466 590
2 264 787
2 223 472
2 352 479
2 5 342
2 15 267
3 21 157 994
2 455 639
2 555 639
2 62 423
2 11 457
2 199 267
3 12 331 935
2 307 416
2 416 470
2 22 211
4 1 604 870 920
2 273 320
2 2 574
2 30 56
2 114 322
2 731 744
2 442 680
2 296 350
2 3 264
2 140 273
2 45 140
2 29 78
3 1 7 943
2 680 737
3 1 625 983
2 221 657
2 173 707
2 242 490
2 29 170
2 47 467
2 14 26
2 5 175
2 13 708
2 62 270
2 5 11
2 33 399
2 18 612
2 1 65
2 55 842
2 513 556
2 8 820
2 31 391
2 595 740
2 10 255
2 3 743
2 307 615
2 163 439
2 10 590
2 41 824
2 160 349
2 162 309
2 86 297
2 105 523
2 36 53
3 256 528 942
2 6 45
2 58 414
2 34 269
2 66 595
2 194 206
2 7 300
2 77 318
2 584 628
2 108 704
2 1 605
2 422 499
2 5 332
2 28 58
2 5 148
2 1 802
2 80 309
2 231 584
2 595 677
3 1 71 944
2 2 640
2 5 63
2 615 680
2 2 391
2 432 679
2 45 658
2 322 337
3 10 439 940
2 147 598
2 383 398
2 141 186
2 609 661
3 23 59 959
2 312 419
2 127 842
3 322 476 955
2 1 218
2 1 754
2 1 472
2 119 249
2 25 171
2 114 223
3 99 322 952
2 206 379
2 173 223
2 94 597
2 130 553
2 52 607
2 559 675
2 249 838
2 7 158
2 307 705
2 2 319
2 3 129
2 1 913
2 30 605
2 2 886
2 87 854
2 693 905
2 0 570
2 4 193
2 6 344
2 92 343
2 8 198
2 242 736
2 7 413
2 63 928
2 148 681
2 111 145
2 57 921
2 104 181
2 41 316
2 19 37
2 779 918
3 9 198 986
2 257 590
2 15 45
2 483 564
2 192 262
2 47 200
2 4 325
2 4 198
2 176 222
2 27 631
2 63 245
2 2 371
2 233 665
2 366 641
2 360 464
2 314 470
2 5 540
2 1 60
2 34 111
2 373 783
2 107 276
2 34 409
2 2 367
2 683 856
2 1 241
2 18 481
2 590 960
2 60 778
2 130 212
2 54 212
2 216 329
2 36 516
2 1 119
2 93 724
2 70 832
2 10 47
2 173 175
2 45 176
2 134 348
2 471 602
