100
12 1 6 8 18 19 27 30 54 63 89 95 96
10 0 4 24 34 36 38 53 62 80 91
8 4 7 10 13 14 25 53 89
2 62 88
3 1 2 8
4 11 17 55 67
3 0 7 77
5 2 6 70 84 97
3 0 4 47
3 20 26 61
2 2 73
3 5 36 39
1 30
2 2 75
5 2 68 22 46 74
2 20 47
2 22 23
2 5 23
2 0 66
2 0 68
4 9 15 73 40
3 69 32 57
2 14 16
6 64 70 16 17 82 84
1 1
2 2 35
2 9 78
3 0 45 90
7 43 49 50 55 60 81 91
1 83
3 0 12 46
5 40 48 61 81 82
1 21
1 42
3 1 72 95
2 25 48
2 1 11
1 94
5 1 69 76 42 86
1 11
3 20 31 92
1 67
2 33 38
1 28
1 64
3 71 27 56
2 14 30
2 8 15
3 31 35 51
3 28 56 99
1 28
4 65 48 52 59
1 51
2 1 2
1 0
2 5 28
2 45 49
1 21
1 88
1 51
2 28 85
4 9 79 31 87
2 1 3
2 0 65
2 44 23
3 51 63 66
2 65 18
3 5 41 83
2 14 19
5 38 21 80 93 94
2 7 23
2 45 85
1 34
2 10 20
2 14 98
2 13 78
1 38
1 6
3 75 26 79
3 78 61 90
3 1 69 96
2 28 31
2 23 31
2 67 29
2 7 23
2 71 60
1 38
1 61
2 3 58
2 0 2
2 27 79
2 1 28
1 40
1 69
2 69 37
2 0 34
2 0 80
1 7
1 74
1 49
