600
18 1 2 8 9 11 17 18 19 24 31 33 40 42 65 92 246 458 568
58 0 3 4 5 6 9 10 13 15 18 20 21 26 27 29 41 43 45 56 59 61 67 69 80 83 92 98 103 105 112 133 135 141 144 145 147 153 190 214 219 220 232 270 285 313 348 354 373 432 451 489 491 517 522 524 545 589 595
31 0 3 7 17 39 79 84 87 89 143 163 164 176 185 193 197 215 216 240 257 293 310 312 318 319 338 362 409 464 518 552
35 1 2 4 5 6 8 10 12 16 23 30 34 47 54 55 56 95 110 114 128 129 131 134 135 168 172 179 183 254 257 268 317 404 424 565
16 1 3 7 23 44 58 70 113 130 397 440 441 471 480 569 579
29 1 3 14 26 35 36 43 57 81 106 119 147 166 171 172 175 231 233 267 275 341 347 398 477 529 546 548 551 584
14 1 3 11 12 39 67 105 111 236 248 261 264 539 570
26 2 4 13 14 16 20 22 24 34 35 48 51 52 54 63 71 123 152 204 230 243 247 321 369 375 522
7 0 3 132 255 447 463 572
10 0 1 47 49 74 212 233 331 351 400
23 1 3 21 25 29 36 50 64 75 124 151 154 163 168 169 182 188 249 294 305 360 367 534
6 0 6 15 180 262 348
13 3 6 32 96 145 160 221 370 405 408 439 472 514
7 1 7 25 104 331 423 437
6 5 7 27 288 343 528
19 1 11 28 31 41 51 65 81 102 106 121 138 199 282 297 315 390 508 577
18 3 7 37 42 60 72 73 83 93 117 244 254 255 273 297 485 488 499
25 0 2 19 32 44 45 46 68 70 75 87 98 110 112 118 120 173 228 290 291 328 343 358 363 421
7 0 1 22 37 335 405 419
12 0 17 78 121 182 240 241 246 287 337 435 509
7 1 7 108 158 280 502 516
8 1 10 122 153 173 262 272 380
5 7 18 88 504 558
4 3 4 250 528
10 0 7 62 82 126 194 213 292 417 580
11 10 13 33 38 53 58 77 317 392 474 547
5 1 5 118 170 521
12 1 14 28 50 78 84 139 229 399 402 480 566
5 15 27 226 264 532
8 1 10 66 88 259 315 426 470
16 3 52 59 91 128 174 187 211 256 284 300 314 437 476 491 531
17 0 15 38 46 62 89 202 251 305 330 334 386 435 449 467 540 585
11 12 17 69 97 115 116 143 232 266 276 428
11 0 25 63 80 161 162 177 269 391 537 594
7 3 7 61 77 126 194 385
8 5 7 53 148 198 200 345 395
5 5 10 99 141 485
10 16 18 49 155 176 227 236 239 311 373
2 25 31
12 2 6 40 97 191 263 298 329 346 520 539 577
14 0 39 48 57 86 125 195 225 280 327 364 420 448 527
4 1 15 241 393
4 0 16 150 495
9 1 5 104 282 323 352 359 362 502
9 4 17 82 171 192 209 251 383 537
6 1 17 86 99 239 592
8 17 31 55 85 177 359 414 466
6 3 9 224 323 384 503
11 7 40 66 79 93 216 230 379 413 456 547
2 9 37
8 10 27 64 100 144 157 367 590
5 7 15 204 274 376
15 7 30 60 138 139 142 189 287 311 325 353 495 505 512 530
10 25 35 101 109 113 237 304 399 551 581
5 3 7 76 341 404
3 3 46 301
8 1 3 68 72 165 277 378 541
19 5 40 90 137 152 154 161 167 205 207 209 221 223 260 288 302 400 407 455
3 4 25 466
4 1 30 96 448
2 16 52
4 1 34 253 275
4 24 31 191 426
11 7 33 94 116 186 188 365 382 394 396 488
3 10 50 543
3 0 15 521
3 29 48 549
3 1 6 95
2 17 56
3 1 32 190
2 4 17
2 7 201
7 16 56 210 289 436 462 567
3 16 91 122
10 9 85 94 107 125 146 203 267 383 439
5 10 17 107 146 318
5 54 198 200 454 571
4 25 34 175 560
5 19 27 111 309 486
5 2 48 316 327 333
5 1 33 127 339 356
7 5 15 115 129 229 431 464
5 24 44 136 228 336
7 1 16 90 148 164 365 416
8 2 27 134 159 242 299 338 575
6 46 74 100 151 158 465
3 40 45 306
5 2 17 296 477 587
8 22 29 103 127 131 137 481 544
3 2 31 414
3 57 83 360
9 30 73 149 208 214 308 385 433 585
4 0 1 270 445
11 16 48 108 124 157 186 218 286 378 406 493
2 63 74
6 3 67 196 210 247 368
12 12 59 130 156 170 201 278 293 339 409 557 595
2 32 39
5 1 17 320 434 471
5 36 45 181 276 454
2 50 85
6 53 102 114 235 440 556
4 15 101 408 565
6 1 88 149 340 561 591
6 13 43 133 284 446 490
3 1 6 456
6 5 15 196 307 332 598
4 74 75 350 504
3 20 93 212
5 53 140 222 364 520
8 3 17 169 178 219 281 411 429
5 6 78 117 156 322
2 1 17
6 4 53 120 244 252 313
3 3 101 253
4 32 81 336 554
4 32 63 548 574
4 16 111 123 345
3 17 26 320
2 5 227
2 17 113
5 15 19 174 234 349
5 21 73 179 451 509
5 7 117 167 181 387
4 10 93 330 535
4 40 74 245 536
6 24 34 142 195 328 465
3 80 88 351
8 3 30 132 140 197 279 388 422
2 3 81
5 4 96 273 283 487
2 3 88
4 8 128 300 401
4 1 104 184 558
3 3 84 418
8 1 3 222 234 310 324 380 526
8 82 223 250 291 304 309 479 529
5 57 88 166 307 498
7 15 52 261 334 377 478 501
2 27 52
4 109 128 278 575
2 1 36
3 52 126 431
2 2 32
3 1 50 202
2 1 12
3 74 75 386
3 1 5 450
3 35 83 483
4 91 103 180 569
2 42 542
2 10 85
5 7 57 159 296 436
3 1 21 498
5 10 57 368 459 513
5 37 165 208 314 479
5 96 111 205 289 372
5 50 93 185 217 342
4 20 85 160 184
5 84 152 407 542 559
4 12 158 238 391
2 33 57
3 33 322 516
3 2 10 258
4 2 83 213 353
3 56 155 593
3 5 137 379
4 57 123 224 283
7 3 10 178 301 375 417 475
2 10 110
2 26 96
2 5 44
2 3 5
4 17 21 187 290
6 30 121 215 377 406 582
3 5 77 306
2 2 37
5 33 46 352 361 372
3 110 168 286
4 3 122 357 589
7 11 149 217 303 412 478 573
3 99 123 259
7 10 19 189 211 398 416 581
7 3 203 225 316 486 557 563
3 133 158 484
4 2 157 192 258
3 63 93 534
4 30 173 274 538
3 10 63 576
6 52 182 207 237 342 492
3 1 69 578
2 39 62
7 44 185 199 423 474 508 513
5 2 218 428 461 540
5 24 34 285 487 530
6 40 126 231 242 271 371
4 95 106 434 587
2 2 128
2 35 76
6 15 192 344 432 457 469
7 35 76 235 269 279 326 390
2 71 96
2 31 144
2 74 183
3 7 51 366
3 57 156 455
2 299 505
3 57 189 519
3 91 155 424
2 44 57
3 72 95 340
3 30 182 302
2 9 108
2 24 164
5 1 91 243 260 483
4 2 174 226 265
8 2 48 263 294 363 376 395 499
5 157 180 332 515 564
4 93 193 238 419
6 1 110 220 425 536 549
3 1 219 344
4 12 57 469 555
3 109 135 433
2 57 136
4 47 167 256 543
4 40 183 350 415
2 28 215
3 37 119 482
3 17 82 579
4 27 81 312 593
4 7 48 245 514
3 5 195 546
2 1 32
2 5 9
4 121 135 295 468
4 101 200 298 452
3 6 37 571
6 53 189 319 411 452 570
2 160 218
3 37 45 598
3 2 19 535
5 19 41 249 335 519
7 84 195 401 410 420 460 507
2 7 214
2 16 113
2 125 230
3 0 19 333
3 7 95 583
2 6 265
5 10 241 292 374 402
5 23 136 252 295 586
2 31 44
3 113 250 374
3 61 114 384
3 3 16 559
3 8 16 369
2 30 224
2 2 3
2 163 185
2 29 181
5 57 214 449 532 552
2 6 138
4 11 21 429 473
4 39 216 441 531
2 6 28
2 215 248
4 32 371 450 467
2 5 74
2 3 271
3 33 200 272
3 1 92 447
2 195 268
6 21 269 281 308 325 438
4 16 130 490 515
3 51 187 415
2 5 61
3 32 99 555
1 56
3 96 140 512
2 128 200
2 20 40
2 110 272
3 15 43 470
3 130 167 321
6 30 104 349 410 421 553
3 1 194 446
2 93 178
2 19 52
4 14 57 430 500
2 72 156
2 17 173
2 17 136
2 24 249
3 2 96 403
2 10 216
3 234 250 503
2 87 152
4 15 16 494 510
2 39 235
2 84 206
5 30 132 354 355 438
3 55 168 489
3 57 211 347
2 180 388
4 53 136 444 506
4 10 31 396 527
2 86 175
3 106 137 599
2 91 272
2 78 136
4 2 135 324 496
2 37 52
2 2 229
2 1 113
4 30 155 443 507
2 15 29
2 79 183
2 3 25
2 2 75
2 2 237
2 98 118
2 7 283
2 111 162
2 43 47
2 135 310
3 52 272 387
1 200
2 40 79
2 17 126
2 39 594
2 31 124
2 9 13
2 106 217
4 79 246 337 346
4 31 138 453 538
2 18 241
2 82 115
2 19 333
2 2 84
2 80 96
2 103 210
3 5 54 492
3 157 189 584
3 14 17 412
2 199 220
2 35 117
3 39 333 475
3 5 302 493
4 1 11 427 561
2 121 284
3 107 225 511
2 9 127
4 43 177 427 481
3 52 164 358
3 1 300 562
1 300
1 80
1 179
2 17 353
4 43 46 389 568
4 10 90 381 458
3 177 494 518
3 2 43 381
3 17 216 501
2 40 109
3 63 83 482
1 204
2 10 50
2 95 154
3 7 255 460
1 12
2 195 266
2 156 177
3 1 37 393
6 249 252 413 533 541 550
2 7 168
4 51 216 496 560
2 138 174
2 56 93
3 48 166 599
3 21 135 517
5 360 362 418 545 566
1 63
2 44 74
4 47 253 394 453
3 34 91 459
3 31 146 397
2 123 325
2 128 303
1 359
3 15 200 473
2 33 160
3 25 476 524
2 41 373
2 63 384
2 35 216
3 63 305 580
2 4 386
2 5 182
4 27 53 510 511
3 9 57 583
2 132 242
2 27 249
2 293 425
3 3 54 422
2 12 18
2 93 174
2 57 159
2 12 102
2 2 96
3 242 284 430
3 110 237 525
2 180 343
2 48 374
3 46 89 497
3 225 274 582
2 83 182
2 24 168
3 134 381 463
2 18 218
2 40 242
3 17 284 472
3 128 404 443
2 13 192
4 3 208 457 562
2 219 403
3 29 62 550
4 348 352 445 523
3 32 193 574
3 110 262 588
2 288 410
2 81 142
2 1 199
2 91 222
2 98 196
2 19 31
2 72 152
3 13 30 442
2 272 300
2 12 74
2 4 101
4 4 263 461 544
3 437 500 564
3 314 422 526
1 304
2 92 427
2 104 285
2 8 270
2 40 59
2 31 260
2 147 266
2 1 122
2 235 237
3 334 384 596
2 76 99
2 57 205
2 48 105
2 199 424
2 0 360
2 154 385
2 242 369
3 193 441 573
2 72 523
2 8 418
2 2 81
3 85 126 533
2 46 58
2 31 266
1 234
2 199 221
2 29 282
2 4 98
2 12 421
2 262 390
2 25 192
2 168 346
2 30 392
2 5 87
2 138 180
2 136 155
2 4 27
2 88 352
3 227 365 590
2 148 214
1 184
3 16 36 586
2 78 183
2 130 194
2 16 63
2 1 301
2 104 273
2 1 30
2 189 341
2 93 347
2 297 361
2 42 52
2 310 376
1 414
2 137 153
2 16 216
2 288 442
2 138 363
2 20 43
2 47 295
2 22 107
2 52 206
1 304
2 242 314
2 15 192
3 19 122 597
2 297 399
2 350 399
2 52 278
2 154 192
3 12 230 563
2 217 273
2 20 162
3 1 380 556
2 2 361
2 207 241
2 39 109
2 26 65
3 1 7 567
2 427 462
3 1 392 588
1 411
2 135 443
2 40 305
2 14 23
2 5 136
2 52 194
2 30 263
2 28 260
2 374 465
2 10 186
2 124 240
2 125 219
2 33 44
2 187 334
2 6 39
2 31 193
2 56 374
2 150 159
2 64 224
2 88 441
2 1 381
2 5 231
2 25 48
2 5 116
2 66 219
2 374 426
2 5 53
2 2 260
1 284
1 115
2 221 276
2 101 517
2 96 183
2 22 133
2 159 254
2 77 376
2 103 348
2 354 424
2 183 514
2 217 442
2 3 102
2 27 381
2 72 522
2 0 359
2 4 149
2 6 237
2 76 236
1 8
2 180 461
2 116 428
2 84 140
1 188
2 15 39
1 190
2 4 228
2 24 396
2 53 182
2 174 415
2 247 400
2 5 342
2 31 91
2 250 485
2 87 196
2 429 524
2 1 179
2 50 482
1 103
1 45
2 165 229
2 33 329
2 1 96
1 453
1 509
2 106 239
2 307 379
