100
8 1 3 6 9 13 26 35 46
12 0 3 4 7 11 14 16 41 44 48 55 91
3 29 39 64
9 0 1 5 12 19 44 59 75 77
5 1 29 31 57 80
3 3 32 45
4 0 21 34 95
3 1 60 93
8 10 14 20 24 61 68 76 90
2 0 51
3 8 15 43
2 1 86
5 3 49 60 63 76
4 0 36 38 95
4 1 8 71 74
5 10 16 21 58 87
6 1 67 15 90 97 98
2 31 77
1 89
2 3 58
2 8 39
3 6 15 30
1 98
2 66 50
1 8
2 42 53
2 0 79
4 28 32 51 62
1 27
3 2 4 97
4 74 21 42 92
4 4 17 54 62
2 5 27
1 40
3 6 67 46
4 0 37 92 99
1 13
3 35 40 55
2 13 41
2 2 20
3 33 37 45
4 1 72 38 61
4 69 70 25 30
2 10 71
3 1 3 49
2 5 40
2 0 34
2 70 85
2 1 56
2 12 44
1 23
3 9 27 94
1 56
1 25
1 31
2 1 37
3 48 52 96
3 4 73 84
3 15 19 86
1 3
4 7 12 73 83
4 8 81 41 96
6 78 27 31 79 81 94
1 12
2 2 82
1 66
4 65 23 68 80
2 16 34
2 8 66
1 42
2 42 47
2 14 43
1 41
2 60 57
2 14 30
1 3
2 8 12
2 3 17
1 62
2 26 62
2 4 66
3 61 62 82
2 81 64
1 60
1 57
1 47
2 11 58
1 15
1 99
2 18 91
2 8 16
2 1 89
2 30 35
1 7
2 51 62
2 6 13
2 56 61
2 16 29
2 16 22
2 35 88
