1000
74 1 2 3 4 8 10 12 14 15 16 17 18 19 22 26 27 36 38 42 48 50 57 59 72 81 82 92 112 121 130 169 173 180 184 198 205 218 226 228 241 247 254 255 275 332 339 362 400 447 452 458 500 510 515 533 556 568 578 580 582 596 622 663 681 695 715 723 729 772 848 925 962 966 970
3 0 11 658
62 0 3 4 5 6 7 11 13 18 21 25 29 30 32 36 37 40 51 61 69 77 89 91 97 121 125 126 135 138 143 170 171 191 228 239 242 260 271 293 294 299 312 338 360 404 407 412 437 439 445 490 517 558 600 644 668 709 757 864 924 927 958
57 0 2 8 12 22 54 71 80 85 99 116 125 131 135 142 165 178 210 231 244 278 298 302 310 313 327 355 356 365 372 420 442 451 463 471 477 483 498 546 559 572 608 616 622 629 643 678 717 752 769 815 835 924 928 931 945 954
52 0 2 5 6 9 10 14 17 28 35 39 44 63 80 110 111 141 149 152 199 238 241 271 272 288 310 332 341 374 388 394 407 431 435 460 462 470 526 542 546 549 589 600 645 648 775 792 796 885 926 943 969
42 2 4 7 16 19 23 24 56 60 66 67 98 104 118 127 168 171 196 209 219 220 246 285 290 325 356 358 378 401 416 420 466 504 565 708 730 746 861 912 922 957 982
6 2 4 256 439 766 856
22 2 5 21 33 63 95 142 144 154 163 300 318 415 468 512 516 548 673 719 746 767 804
18 0 3 9 55 105 116 131 134 229 257 268 285 373 403 523 553 620 942
14 4 8 30 39 195 312 342 393 399 690 753 865 929 954
43 0 4 15 26 46 60 65 82 96 98 108 137 143 176 183 194 253 296 297 305 388 414 436 501 537 581 601 606 609 617 659 708 748 764 803 808 839 890 917 927 929 951 981
12 1 2 31 99 153 306 323 374 696 952 964 978
34 0 3 13 20 23 86 106 140 162 184 215 220 292 298 326 383 403 410 457 506 507 558 577 617 630 660 670 680 740 751 782 799 836 881
18 2 12 29 62 93 128 132 185 222 224 272 330 342 454 519 555 884 911
4 0 4 856 892
9 0 10 74 108 230 379 450 510 804
29 0 5 27 33 62 64 104 114 129 145 161 193 212 346 349 367 443 514 625 641 675 679 685 745 810 854 860 913 934
3 0 4 35
7 0 2 40 41 93 306 935
22 0 5 20 24 34 43 51 75 107 190 214 224 262 320 329 344 530 724 758 823 911 988
26 12 19 34 47 70 78 102 103 111 113 115 146 221 243 340 354 359 363 422 447 481 587 611 621 657 915
10 2 7 49 65 204 349 409 602 738 865
43 0 3 25 28 37 44 45 49 52 57 73 83 90 96 101 106 107 117 163 176 217 227 295 314 339 382 387 438 448 458 509 512 557 599 633 670 702 707 715 785 811 845 846
3 5 12 543
12 5 19 50 88 100 147 232 430 589 607 874 893
5 2 22 53 59 255
4 0 10 109 243
6 0 16 47 56 129 246
5 4 22 419 828 994
25 2 13 31 32 43 58 83 114 151 188 201 208 216 311 398 414 427 462 471 762 788 847 947 974 979
30 2 9 85 109 132 148 167 170 215 236 283 289 406 411 475 500 531 539 543 691 718 732 756 773 780 781 829 844 888 900
13 11 29 53 89 102 128 268 287 347 545 656 695 714
5 2 29 369 747 813
18 7 16 74 117 123 134 148 172 179 226 263 423 499 714 727 784 812 956
9 19 20 41 46 174 291 391 692 733
34 4 17 38 55 70 76 78 95 101 122 124 136 177 188 196 197 202 264 269 372 375 390 456 563 564 573 613 689 698 703 753 780 888 937
4 0 2 744 903
11 2 22 42 84 165 212 324 449 476 694 934
10 0 35 75 301 380 430 474 534 662 760
5 4 9 197 296 301
10 2 18 54 58 68 161 363 479 786 788
4 18 34 119 742
4 0 37 48 126
24 19 29 45 87 122 139 199 231 240 338 353 400 469 523 572 624 631 671 687 710 739 827 843 949
4 4 22 157 596
30 22 43 52 61 66 69 71 72 147 155 167 193 198 218 282 283 287 321 330 404 424 436 470 492 551 628 650 681 697 852
5 10 34 130 159 368
8 20 27 192 216 396 598 683 875
5 0 42 87 571 740
4 21 22 286 639
7 0 24 139 206 547 647 658
12 2 19 67 81 84 94 185 192 265 386 432 576
2 22 45
14 25 31 160 181 205 222 223 273 328 393 538 647 722 938
12 3 40 68 90 112 120 123 150 465 491 517 536
3 8 35 516
6 5 27 466 562 563 579
2 0 22
7 29 40 160 444 584 593 802
3 0 25 353
6 5 10 88 169 180 227
11 2 45 264 276 280 311 313 385 812 845 887
10 13 16 64 137 413 507 560 651 918 976
5 4 7 300 375 390
7 16 62 103 208 496 515 595
6 10 21 141 326 408 734
6 5 45 97 136 526 704
5 5 51 76 200 309
14 40 54 120 158 204 206 213 286 379 397 440 442 638 928
4 2 45 195 411
10 20 35 73 201 242 396 412 494 686 711
3 3 45 260
14 0 45 79 94 275 315 351 494 514 537 560 609 733 915
3 22 70 902
7 15 33 159 191 335 578 725
10 19 38 105 257 281 429 593 598 614 944
4 35 67 77 182
8 2 76 79 124 448 547 761 828
3 20 35 637
8 72 77 461 538 575 646 821 868
2 3 4
4 0 51 765 842
11 0 10 86 357 416 478 485 497 614 826 968
2 22 29
8 37 51 133 140 158 483 666 866
3 3 30 811
19 12 82 92 152 164 189 210 214 274 321 335 451 504 509 529 592 607 718 801
11 43 48 91 177 181 361 421 551 566 838 907
2 24 60
9 2 31 235 270 322 392 520 672 745
3 22 54 741
5 2 87 100 223 281
8 0 86 138 144 166 203 258 340
2 13 18
10 51 72 119 157 245 305 423 486 521 608
3 7 35 149
6 10 22 115 240 277 380
6 2 66 113 168 794 805
5 5 10 309 437 880
8 3 11 150 166 267 738 772 871
6 24 91 146 187 851 955
2 22 35
4 20 31 239 591
5 20 64 639 669 983
3 5 16 110
2 8 75
4 12 22 151 225
10 19 22 202 303 352 417 475 716 739 930
3 10 15 249
3 26 30 749
2 4 104
2 4 20
6 0 54 381 401 585 665
11 20 97 217 259 482 570 656 717 734 754 825
3 16 29 892
8 20 96 118 174 189 284 562 816
2 3 8
11 22 33 200 235 276 402 712 751 790 799 822
2 5 115
2 41 94
2 54 68
3 0 2 624
13 35 43 155 211 331 364 426 579 594 761 765 778 850
11 33 54 145 154 249 252 266 269 386 459 996
11 35 77 127 307 319 371 637 758 785 831 912
5 2 3 232 441 870
5 2 42 164 432 450
10 5 124 156 433 499 519 602 615 631 997
4 13 31 350 580
11 16 27 172 175 178 209 357 362 397 801 969
7 0 46 133 573 667 760 993
3 3 8 477
3 13 30 920
4 84 130 245 535
4 8 33 250 476
6 2 3 253 434 531 913
2 35 66
4 10 62 187 650
7 2 92 156 528 635 853 936
4 43 50 405 990
6 12 84 153 203 455 599
8 4 65 236 343 456 556 819 914
9 3 7 315 334 384 837 894 936 985
6 2 10 369 484 678 680
4 7 92 304 730
9 16 123 213 348 453 610 674 778 793
2 20 100
4 24 45 229 324
6 30 33 234 250 689 705
2 4 95
2 54 99
9 29 106 270 274 333 366 371 749 885
3 4 86 976
5 11 140 182 376 862
3 7 123 886
6 45 122 179 328 522 549
7 127 138 190 256 336 495 960
4 44 94 541 721
6 68 84 186 337 454 860
7 46 74 183 347 422 673 970
5 53 58 162 319 991
6 16 40 278 368 444 795
9 12 160 282 327 377 383 440 626 896
4 7 22 211 550
4 86 126 392 527
9 3 37 221 225 406 424 502 565 726
4 92 99 511 567
6 30 45 175 233 481 897
7 5 97 173 337 482 525 629
3 0 60 280
6 2 30 247 329 530 750
9 2 5 304 382 395 595 789 851 986
5 33 129 251 254 259
3 0 168 487
6 34 115 233 279 521 806
3 129 167 467
3 10 22 655
4 35 87 361 532
5 3 129 318 776 864
2 33 155
3 0 60 604
14 53 87 186 207 258 261 262 263 316 350 571 697 706 923
7 76 153 277 333 731 832 872
4 10 159 850 943
8 0 12 291 443 524 642 682 833
13 13 51 429 431 480 541 574 583 587 590 640 897 922
5 158 181 465 522 700
11 100 137 343 355 505 529 588 663 871 884 891
3 29 35 766
6 86 115 207 261 317 409
11 19 156 237 248 344 345 348 366 651 958 978
5 2 74 248 284 325
3 47 51 194
3 16 45 769
4 10 192 474 703
3 9 69 699
8 5 35 351 452 513 686 832 938
2 35 39
5 0 45 641 736 963
8 4 43 302 303 425 603 655 914
4 67 117 830 867
2 29 70
10 35 107 219 418 438 489 548 568 644 688
4 92 140 293 502
3 21 68 370
4 0 53 289 900
3 50 68 825
2 181 189
3 29 64 377
3 5 129 446
3 3 86 370
3 122 163 841
7 16 37 292 575 588 722 886
5 68 145 632 724 902
2 19 86
2 12 30
8 29 47 244 486 544 797 836 901
3 22 113 251
6 0 45 234 267 626 901
3 5 202 659
5 5 12 265 508 597
6 20 165 252 297 618 910
7 13 53 266 316 398 669 853
2 53 91
2 13 19
2 106 165
5 0 33 345 408 786
6 22 60 528 610 653 735
7 0 2 230 237 445 496 721
5 8 147 576 693 701
3 15 228 238
2 3 43
5 24 125 394 561 975
2 167 174
3 148 218 882
6 89 117 449 627 790 840
5 30 141 413 577 779
4 190 228 493 674
2 4 230
6 2 102 279 480 701 877
7 43 96 273 417 469 485 696
4 0 4 693 918
2 2 70
8 20 26 299 323 358 776 906 972
4 3 216 294 435
2 94 133
2 5 27
3 0 170 613
11 190 191 389 428 532 553 666 774 964 992 999
2 108 123
3 134 148 684
4 172 217 627 787
6 123 221 352 391 457 748
3 10 135 336
3 0 172 682
3 0 25 590
4 6 156 484 640
5 8 75 314 611 764
7 92 181 290 308 421 527 881
3 113 172 399
2 2 71
2 181 189
2 19 181
2 33 181
4 35 61 308 747
3 51 220 843
8 123 222 367 381 508 814 824 950
2 99 218
5 8 31 418 540 777
3 35 123 605
6 89 151 425 464 861 895
4 2 4 320 687
4 4 13 489 506
3 53 240 346
3 86 151 415
7 0 72 331 427 434 495 623
5 61 117 288 930 988
2 96 182
11 3 161 307 387 478 554 643 923 939 983 984
4 174 239 540 945
4 61 169 592 619
2 75 91
9 45 162 384 419 479 525 698 755 830
2 30 45
2 115 191
5 5 8 334 630 933
6 49 68 322 679 796 956
4 31 45 295 916
2 4 276
4 30 205 594 762
2 5 258
6 34 184 341 365 601 926
2 12 212
2 2 203
2 2 244
2 22 287
2 10 39
2 10 221
13 3 12 428 453 455 501 625 633 731 806 841 921 947
3 2 243 987
4 7 63 713 743
3 38 39 833
4 3 199 505 566
3 107 199 569
3 144 171 688
4 10 94 360 803
2 11 18
3 124 278 317
3 258 264 707
2 67 98
3 3 4 891
4 29 61 952 963
2 2 9
5 3 61 493 654 685
4 22 257 459 661
3 72 142 909
3 181 222 405
4 189 307 555 719
4 7 178 770 809
4 124 160 569 603
2 19 271
2 45 86
5 89 286 618 767 951
4 11 243 653 839
4 37 147 464 965
2 5 191
2 12 65
3 3 162 559
3 53 155 889
6 19 170 498 533 807 899
3 13 45 364
2 122 275
3 0 4 737
10 151 182 359 426 581 620 690 870 873 949
4 142 285 726 791
4 74 86 591 905
2 156 253
3 158 168 395
6 2 43 354 467 612 671
2 0 22
3 20 92 752
5 4 291 378 615 814
4 9 13 524 672
2 141 187
2 19 190
4 190 226 649 939
3 16 273 373
3 31 159 916
2 145 190
6 16 21 385 561 645 667
2 128 181
5 72 196 536 583 759
4 107 252 513 677
3 43 59 402
3 20 338 795
3 3 187 441
4 3 5 619 866
5 82 129 490 542 711
2 5 243
3 20 333 389
4 2 305 742 817
5 87 177 700 720 876
7 0 129 676 704 815 835 847
3 20 40 376
5 122 330 461 676 948
3 3 291 908
3 151 190 433
3 16 266 710
2 46 161
2 32 143
3 204 210 668
3 124 151 855
5 3 35 497 837 993
3 8 346 646
3 4 11 965
2 35 63
3 153 363 805
3 162 208 472
3 5 341 473
3 15 68 472
3 38 96 550
2 112 266
3 22 171 713
6 12 162 544 683 824 941
3 142 282 570
4 61 349 488 874
3 51 123 820
3 22 278 410
3 4 10 925
4 248 359 723 896
2 35 63
3 34 252 535
3 89 164 665
2 9 53
2 4 232
2 171 337
3 47 70 511
3 68 129 691
2 29 222
2 9 259
4 0 43 518 953
4 5 112 473 750
4 117 353 518 552
3 8 12 789
2 2 45
4 139 316 539 634
2 30 165
3 2 4 460
2 65 226
2 21 189
7 12 387 657 664 706 800 829
2 30 69
2 2 70
6 62 236 545 584 677 779
3 10 29 998
2 7 274
4 5 82 446 564
2 107 240
2 202 268
3 28 282 783
5 3 5 468 654 725
3 87 258 487
3 20 159 503
3 33 94 638
2 45 165
3 199 270 635
2 122 333
2 29 275
2 248 298
2 75 185
2 24 38
2 4 185
2 51 126
3 127 366 961
3 135 275 636
4 4 244 597 863
4 10 45 606 905
5 2 98 736 878 909
3 22 202 491
2 2 6
2 68 162
2 125 355
2 3 68
2 16 184
3 58 161 932
2 2 228
3 209 416 503
2 0 20
2 22 77
4 37 235 488 534
2 15 126
2 3 86
2 0 196
2 145 298
2 13 158
4 140 298 463 940
3 35 141 849
2 12 252
2 0 22
2 123 314
2 4 407
2 79 364
4 4 29 768 819
3 3 455 554
3 270 324 903
6 54 186 684 754 844 867
3 5 56 859
2 175 338
2 7 420
3 43 240 612
2 4 45
3 3 29 492
3 377 379 763
7 378 401 552 628 632 755 858
2 38 194
3 30 107 971
2 37 134
3 3 131 586
3 82 278 694
2 40 282
2 185 239
4 20 167 729 855
3 113 168 634
3 3 84 858
3 143 256 520
2 82 240
3 94 216 574
4 173 421 735 777
2 385 449
2 202 272
3 2 357 582
2 54 438
3 45 471 942
2 237 313
2 70 72
3 156 275 791
2 64 228
2 82 372
5 3 329 557 810 937
2 33 127
4 0 30 846 862
4 10 298 818 919
3 165 203 992
2 422 446
2 5 86
2 187 302
3 12 272 917
2 12 62
3 220 266 616
2 22 86
2 0 15
2 166 396
2 7 22
2 196 352
2 16 72
2 0 64
2 7 55
2 2 54
3 400 402 889
2 13 127
2 89 484
5 94 174 652 741 849
2 155 186
2 8 43
2 184 342
2 168 282
2 4 66
2 164 258
2 138 227
2 86 187
2 19 170
3 30 135 877
2 177 248
4 0 329 770 771
5 38 449 636 702 834
3 133 391 792
4 54 351 649 661
4 10 72 974 985
3 53 79 890
2 30 405
2 268 279
3 157 185 944
3 4 357 768
3 23 30 621
2 216 383
2 31 413
2 3 4
6 50 77 716 756 869 880
3 7 202 586
2 4 155
2 163 380
2 45 87
4 402 473 831 878
2 8 248
3 278 463 773
3 13 317 783
2 0 141
3 22 498 585
2 2 12
2 3 327
3 62 72 868
2 232 349
2 56 115
3 35 56 935
5 35 416 604 648 869
2 5 165
4 87 302 567 906
2 166 566
2 0 202
3 303 319 660
5 113 384 705 899 919
3 48 181 675
2 3 43
4 35 130 787 848
2 185 486
4 79 212 798 995
3 51 229 784
3 12 236 857
3 0 74 827
2 56 122
2 0 128
2 10 333
2 0 490
2 185 351
3 58 413 957
4 112 557 732 955
2 477 548
2 20 185
2 187 212
2 4 24
2 185 255
3 102 335 821
2 86 280
5 58 75 727 962 967
3 122 289 808
2 64 171
2 0 44
6 220 435 692 709 834 940
2 47 75
3 22 140 910
2 2 4
3 10 291 971
3 21 127 605
3 199 319 882
3 180 564 859
2 269 602
2 10 436
2 24 86
2 3 94
2 10 72
3 145 227 997
2 20 257
2 338 469
3 35 247 840
3 75 82 720
4 127 341 743 920
2 3 508
2 10 12
2 221 322
3 280 356 774
2 8 333
4 20 543 623 826
2 0 3
3 275 621 664
2 43 121
3 16 298 793
2 162 218
3 235 251 838
2 45 473
2 3 168
4 12 285 737 895
2 43 127
2 213 473
3 22 298 999
2 405 482
4 138 425 642 883
2 434 534
4 78 124 782 980
2 68 423
4 49 103 699 797
4 185 256 879 981
2 16 198
3 184 635 989
2 3 278
3 2 202 972
3 4 349 759
4 79 373 652 995
2 50 53
3 4 564 771
3 345 536 998
3 45 137 823
3 62 190 662
4 521 646 820 908
2 227 323
2 313 420
2 176 199
2 31 113
2 20 410
2 1 50
3 10 219 946
2 12 569
4 314 536 728 854
2 38 651
2 0 187
2 410 623
3 112 392 950
2 84 248
2 130 349
2 2 370
2 103 222
2 12 22
2 43 338
3 89 342 879
2 7 159
2 145 237
3 16 571 728
2 362 364
2 352 413
2 3 143
2 16 286
4 12 143 712 798
2 0 45
3 184 254 873
2 47 383
2 250 465
2 16 313
2 70 196
2 43 271
2 202 304
3 35 148 809
2 9 333
2 30 397
2 34 597
3 229 241 872
2 37 478
2 0 31
3 11 240 994
3 45 181 802
2 35 282
2 195 639
4 186 361 757 973
2 229 239
2 22 534
3 35 194 961
2 66 362
2 148 570
2 181 410
3 22 308 807
3 5 10 857
3 2 597 883
2 43 367
2 70 357
2 117 680
2 300 382
2 31 33
3 0 22 775
3 107 547 800
2 3 113
4 30 86 904 991
2 7 317
2 361 614
2 157 228
2 53 212
3 0 389 816
2 19 213
2 74 420
2 165 334
2 33 593
2 661 675
3 0 481 980
2 5 144
4 182 298 818 842
3 30 585 894
2 34 72
2 65 113
3 227 487 744
3 198 437 781
2 332 630
3 21 99 763
3 43 107 898
3 12 48 946
3 90 521 794
2 41 360
3 300 615 817
2 36 735
2 16 89
4 5 7 932 959
2 32 264
3 10 252 953
2 109 151
3 170 401 975
2 12 117
3 3 340 893
2 9 35
2 113 465
2 282 473
2 30 547
2 2 700
2 19 124
2 351 645
2 38 130
3 77 122 979
2 29 289
3 472 738 941
4 10 257 822 876
2 81 122
3 6 188 813
2 7 322
2 462 542
2 3 193
2 318 533
2 533 648
2 0 99
2 30 554
3 248 619 898
2 4 715
2 178 243
2 268 487
2 122 145
3 236 413 852
2 30 35
3 30 736 875
2 12 637
3 419 555 931
2 33 576
2 22 124
2 40 226
2 251 573
2 29 40
2 171 403
2 117 235
2 334 495
2 4 535
3 145 625 933
2 97 741
2 161 354
2 4 286
2 216 639
3 575 680 904
2 12 117
2 410 716
2 86 129
2 58 697
2 10 305
2 7 15
2 97 376
2 174 298
2 329 707
2 10 594
2 318 689
2 16 498
2 22 85
2 33 61
2 32 766
2 266 341
2 3 362
2 115 723
2 360 743
2 501 731
2 141 462
2 386 652
2 79 591
2 117 764
2 19 650
2 266 383
2 113 206
2 82 621
2 43 578
2 28 77
2 30 410
2 200 282
2 124 552
2 182 196
2 184 301
2 534 597
2 3 362
2 12 216
2 142 372
2 87 627
2 10 323
2 235 613
3 211 298 863
2 81 731
2 43 265
2 30 465
2 22 61
2 22 500
3 29 362 887
2 0 573
2 456 521
2 122 183
2 100 171
2 45 779
2 138 222
2 16 661
2 371 481
2 6 14
2 577 708
2 473 483
2 466 604
2 16 158
2 5 270
2 153 500
2 435 841
2 2 178
3 9 21 907
2 84 356
3 200 465 982
2 79 560
2 547 564
2 125 333
2 99 187
2 182 693
2 333 682
2 24 385
2 47 781
2 361 764
2 239 531
2 437 552
3 640 672 959
2 98 547
2 12 258
2 234 603
2 635 709
2 13 187
2 4 151
2 154 212
2 61 847
2 30 35
2 328 518
3 10 538 921
2 187 310
2 14 114
2 24 752
3 142 732 967
3 270 630 968
2 162 389
2 167 185
2 739 774
2 329 570
2 30 205
4 216 218 984 989
2 73 213
2 36 464
2 718 798
2 335 436
2 243 566
2 87 865
3 365 652 960
2 315 437
2 221 599
2 13 19
2 5 124
2 16 135
2 141 199
2 20 72
2 287 347
2 10 506
2 62 241
2 501 570
2 132 615
2 298 890
2 5 185
2 181 278
2 2 3
4 0 388 973 977
3 4 291 990
2 2 10
3 3 68 966
2 9 10
2 107 276
2 3 783
3 444 746 987
2 285 793
2 16 37
3 18 563 948
2 138 142
2 35 498
2 53 196
2 278 345
3 455 597 986
2 383 763
2 8 492
2 4 183
2 75 541
2 3 279
2 659 740
2 29 298
2 364 935
2 43 333
2 266 665
2 10 322
2 11 311
3 400 748 996
2 3 9
2 100 585
2 33 286
2 5 584
2 2 190
2 746 879
2 156 908
2 433 703
2 0 593
2 198 311
3 11 248 977
2 324 374
2 0 928
2 593 894
2 82 895
2 4 129
2 0 159
2 475 601
2 243 644
2 700 925
2 29 537
2 232 750
2 62 152
2 925 964
2 11 190
2 29 761
2 637 729
2 10 640
2 5 867
2 103 278
2 278 901
2 142 537
2 171 940
2 299 932
2 19 276
2 642 901
2 139 926
2 160 718
2 248 502
2 130 372
2 28 696
2 575 646
2 123 953
2 127 610
2 414 649
2 248 633
