200
6 1 2 4 118 126 162
21 0 3 4 7 8 11 12 18 19 24 51 54 55 61 85 97 127 141 152 162 175
5 0 3 138 139 170
9 1 2 5 36 39 50 52 63 160
11 0 1 5 6 7 8 17 22 30 59 119
12 3 4 11 20 31 39 46 57 74 91 97 107
3 4 91 146
7 1 4 9 146 156 166 185
10 1 4 13 15 20 25 33 42 65 95
5 7 48 92 154 173
3 96 143 184
13 1 5 12 14 21 24 68 75 108 153 167 178 193
6 1 11 13 21 43 82
5 8 12 17 59 131
4 11 16 102 130
8 8 23 26 40 49 58 84 137
4 14 67 130 151
7 4 13 18 38 61 75 158
6 1 17 62 63 112 186
7 1 23 29 41 43 110 114
5 5 8 22 25 60
5 11 12 37 53 69
5 4 20 31 83 134
4 15 142 19 28
3 1 11 163
10 8 20 27 35 40 71 86 154 179 188
7 15 28 76 82 113 123 132
1 25
5 23 26 33 60 116
3 19 44 69
4 4 100 109 153
3 5 22 190
1 66
8 8 28 74 80 93 102 133 195
2 42 47
3 25 72 116
2 3 96
4 21 45 51 161
2 17 147
5 3 5 46 56 156
5 15 25 85 120 127
2 19 87
5 8 34 54 100 184
3 12 19 66
6 29 73 107 126 157 198
4 37 53 101 169
5 5 39 90 103 114
2 34 168
3 9 73 198
3 15 58 62
4 3 56 64 72
6 1 37 78 90 121 135
3 3 104 119
3 140 21 45
10 1 145 42 81 112 122 163 190 197 199
3 1 144 93
2 39 50
2 5 105
5 15 49 120 131 175
4 4 13 101 135
4 20 28 79 179
4 1 17 87 106
2 18 49
4 3 18 95 167
1 50
3 8 168 98
5 32 43 71 83 104
2 16 196
3 11 110 187
2 21 29
1 147
3 25 66 80
3 35 50 86
2 44 48
4 5 33 170 99
3 11 17 172
2 26 111
3 84 98 136
3 51 158 173
1 60
2 33 71
4 148 54 113 124
2 12 26
4 22 66 121 196
4 15 77 182 118
2 1 40
6 25 72 103 105 122 125
4 140 41 61 88
1 87
1 138
4 141 46 51 123
2 5 6
1 9
2 33 55
1 195
3 8 155 63
3 10 36 186
3 1 5 134
2 65 77
1 74
2 30 42
6 148 151 45 59 108 125
3 14 33 189
3 46 86 128
4 52 66 136 192
5 150 57 181 86 117
2 61 129
2 5 44
2 11 101
1 30
2 19 68
1 76
2 18 54
3 26 171 81
2 19 46
1 128
3 28 35 149
1 105
2 0 84
3 4 52 177
3 40 150 58
3 51 183 83
3 54 86 133
2 26 90
1 81
2 86 101
4 0 143 44 177
4 1 40 164 183
3 159 103 115
1 106
2 14 16
2 13 58
1 26
3 33 185 122
3 22 145 97
2 51 59
2 77 104
2 15 165
2 2 89
2 2 174
2 53 87
2 1 90
1 23
3 10 126 155
1 55
3 54 134 165
2 6 7
4 38 70 161 187
2 81 101
1 116
3 105 120 157
2 16 101
1 1
2 11 30
2 9 25
2 143 95
2 7 39
3 150 44 199
2 17 78
1 128
1 3
2 147 37
2 0 1
2 24 54
1 127
2 145 137
1 7
2 11 63
2 47 65
2 45 180
2 2 74
1 113
1 75
3 9 78 194
1 139
3 1 58 176
1 175
3 126 119 193
2 11 192
2 25 60
1 169
2 105 191
1 84
2 127 121
2 10 42
2 7 133
2 18 96
3 147 68 188
2 25 187
1 102
2 31 54
1 181
2 178 104
2 11 177
1 173
2 33 94
2 67 83
1 54
2 44 48
2 157 54
