200
8 1 2 4 5 6 22 81 170
12 0 3 7 9 10 17 19 27 41 70 83 174
12 0 3 6 8 16 22 28 38 119 180 188 199
24 1 2 4 13 14 15 20 27 30 34 36 39 49 82 84 85 92 93 102 107 134 155 189 197
18 0 3 5 7 15 18 21 28 30 38 49 56 113 117 122 143 155 199
8 0 4 11 18 21 140 185 197
7 0 2 17 20 47 136 140
10 1 4 14 61 75 95 96 109 161 186
5 2 9 69 92 116
6 1 133 8 34 112 189
14 1 12 13 16 24 26 50 53 58 60 72 82 114 127
7 5 23 39 42 118 122 179
5 10 19 36 65 94
6 3 10 32 33 51 64
5 3 7 52 126 150
5 3 4 32 75 158
7 2 10 40 55 63 167 182
5 1 6 44 68 126
5 4 5 135 68 103
3 1 12 167
5 3 6 23 80 101
11 4 5 29 35 65 67 88 116 128 179 184
3 0 2 56
5 11 20 37 58 76
3 10 47 86
4 48 59 98 121
6 10 44 57 87 93 114
3 1 3 46
6 2 4 29 59 69 109
8 21 28 67 77 105 107 176 187
3 3 4 188
5 73 80 87 90 101
5 13 15 136 54 66
7 13 42 45 79 90 148 198
3 3 9 141
5 21 61 88 94 160
4 3 12 99 198
4 23 96 149 161
7 2 4 41 52 91 150 190
6 3 11 50 127 166 184
2 16 149
3 1 38 187
5 131 11 33 84 144
2 115 119
4 17 139 26 62
2 33 196
2 27 104
3 6 24 63
2 25 171
3 3 4 55
6 10 39 53 57 60 152
4 13 62 77 81
4 14 38 78 99
2 10 50
2 32 190
4 16 49 162 169
3 4 22 74
5 133 26 50 85 154
4 10 23 71 100
2 25 28
2 10 50
4 7 35 148 178
6 130 44 51 106 108 194
2 16 47
2 13 86
4 12 21 123 129
3 32 70 173
3 21 29 110
3 17 18 156
2 8 28
7 1 131 66 72 163 171 173
2 143 58
3 10 70 79
1 31
1 56
2 7 15
3 23 147 97
2 29 51
4 144 52 158 100
3 138 33 72
2 20 31
2 0 51
4 3 10 95 118
3 1 112 129
3 3 42 152
3 3 57 125
3 24 64 163
3 26 31 121
3 21 35 108
1 191
2 31 33
2 38 103
5 3 8 134 102 120
3 3 26 128
3 12 35 98
2 7 82
2 7 37
3 76 110 195
2 25 94
4 36 52 104 185
2 58 78
6 20 137 31 105 113 117
3 3 92 193
2 18 91
3 46 168 99
2 29 101
2 151 62
2 3 29
2 62 88
4 7 28 142 115
2 67 97
3 166 181 191
3 9 159 83
2 4 101
3 10 139 26
2 43 109
2 8 21
5 4 135 145 157 101
3 11 82 175
3 2 43 160
2 172 92
3 132 25 87
2 4 11
3 65 174 124
3 164 193 123
1 85
2 14 17
3 10 39 170
4 21 145 146 93
2 65 83
1 62
2 42 70
1 121
2 57 9
3 3 92 156
2 117 18
2 6 32
1 101
1 79
3 114 44 183
2 5 6
1 34
2 109 176
2 4 71
2 42 78
2 117 128
1 128
3 76 181 192
2 33 61
3 37 40 177
2 14 38
1 106
2 50 84
1 172
1 57
2 3 4
2 134 68
1 117
2 15 78
1 112
3 35 119 165
2 7 37
1 55
2 70 86
1 124
1 160
2 39 111
2 16 19
1 104
1 55
2 0 127
2 48 70
2 153 120
2 66 70
3 1 123 192
1 118
2 142 29
1 149
1 61
2 11 21
1 2
2 147 111
1 16
1 139
2 21 39
2 5 99
1 7
2 29 41
2 2 30
2 3 9
2 38 54
2 89 111
2 147 174
2 102 124
1 62
1 97
1 45
2 3 5
2 33 36
2 2 4
