600
23 1 2 4 5 6 7 8 15 33 36 55 67 101 166 173 187 197 248 267 303 422 481 499
24 0 3 10 12 13 26 30 47 60 78 81 103 148 194 246 269 307 318 347 361 418 448 496 510
9 0 3 7 11 24 36 48 74 597
51 1 2 4 5 8 14 17 19 20 21 22 23 31 37 44 47 49 52 56 72 75 76 86 91 92 94 104 107 133 155 185 189 195 196 202 208 209 223 237 252 257 273 276 285 311 334 352 394 461 558 588
41 0 3 6 9 10 19 23 27 32 37 48 55 56 74 94 113 126 139 141 143 146 153 185 190 198 206 222 225 249 259 396 400 427 432 433 489 511 543 563 576 597
7 0 3 13 65 89 279 487
20 0 4 16 27 32 35 53 59 75 87 110 234 263 312 327 349 355 421 426 518
17 0 2 9 26 31 108 125 146 155 161 203 218 270 276 356 395 477
10 0 3 11 15 18 42 112 242 378 448
10 4 7 17 29 135 159 308 420 433 564
26 1 4 22 28 40 43 49 117 124 134 138 206 211 212 216 233 278 282 323 329 358 439 466 501 544 580
19 2 8 12 40 68 80 136 142 178 197 212 219 223 245 272 381 383 438 474
6 1 11 293 346 440 558
31 1 5 14 18 20 21 24 42 44 46 50 72 80 88 95 96 105 109 110 116 122 171 186 239 280 299 324 331 349 572 579
3 3 13 66
10 0 8 16 62 248 377 399 447 546 552
21 6 15 25 34 41 61 64 76 79 112 121 131 156 193 195 220 319 369 449 519 536
14 3 9 38 39 50 102 125 140 192 213 218 255 258 426
9 8 13 30 114 123 130 140 224 247
5 3 4 152 191 217
6 3 13 147 251 383 388
15 3 13 63 65 92 98 127 141 152 343 379 389 473 488 521
13 3 10 33 35 99 100 118 163 175 220 292 313 409
18 3 4 29 43 63 132 133 145 172 207 208 245 344 414 434 462 508 533
11 2 13 25 34 67 77 87 111 132 201 456
12 16 24 28 46 97 164 179 337 373 425 502 583
5 1 7 83 385 387
6 4 6 60 156 157 325
5 10 25 99 107 342
5 9 23 286 365 582
9 1 18 89 171 262 406 421 456 461
7 3 7 41 181 250 261 304
8 4 6 51 69 130 137 519 541
6 0 22 38 57 61 447
8 16 24 39 52 136 215 410 588
11 6 22 45 161 162 275 333 341 342 384 424
11 0 2 68 113 117 199 222 292 306 478 534
9 3 4 66 88 127 157 158 318 535
3 17 33 382
15 17 34 95 101 103 145 192 236 239 281 283 295 340 401 489
5 10 11 90 165 229
17 16 31 53 57 73 116 168 170 225 242 296 301 328 368 386 467 493
9 8 13 59 71 81 134 204 486 594
11 10 23 45 69 91 231 256 272 340 406 443
5 3 13 84 98 358
8 35 43 90 119 244 310 411 510
15 13 25 54 83 102 115 205 266 291 299 341 362 366 482 490
5 1 3 97 128 357
7 2 4 51 119 129 142 282
9 3 10 70 109 144 215 226 419 527
8 13 17 175 179 231 260 362 560
7 32 48 93 137 199 200 553
3 3 34 77
6 6 41 54 139 214 366
4 46 53 363 458
5 0 4 58 237 392
8 3 4 58 64 85 104 184 297
6 33 41 246 354 398 423
5 55 56 227 279 578
4 6 42 517 596
3 1 27 71
4 16 33 251 271
11 15 114 162 181 205 250 267 283 309 348 393
12 21 23 106 121 135 143 184 322 356 382 462 599
5 16 56 73 424 443
6 5 21 70 79 84 180
3 14 37 586
10 0 24 82 86 169 174 182 320 441 530
7 11 36 85 174 241 265 460
14 32 43 93 124 158 160 200 224 277 314 326 446 452 487
5 49 65 177 348 538
7 42 60 128 138 216 337 594
2 3 13
5 41 64 233 408 439
8 2 4 78 100 163 217 409 561
3 3 6 159
6 3 16 96 324 455 541
3 24 52 408
4 1 74 151 553
4 16 65 196 403
7 11 13 229 291 322 507 534
6 1 42 106 500 546 590
4 67 150 153 302
3 26 46 371
4 44 65 316 327
2 56 68
5 3 67 131 464 598
4 6 24 238 580
2 13 37
5 5 30 186 273 314
2 40 45
9 3 43 123 198 275 281 311 388 537
4 3 21 243 573
5 51 69 170 329 516
9 3 4 111 190 191 288 457 542 591
3 13 39 325
6 13 76 105 115 122 412
3 25 47 430
7 21 44 108 150 187 287 490
9 22 28 149 154 332 381 391 417 463
11 22 74 120 177 243 354 379 413 478 483 509
2 0 39
6 17 46 120 169 182 303
5 1 39 226 531 577
4 3 56 118 459
2 13 96
4 63 81 466 561
7 3 28 154 165 444 508 591
2 7 98
7 13 49 147 369 370 477 562
7 6 13 238 253 375 454 516
4 24 94 444 472
7 8 16 166 176 271 469 494
3 4 36 227
5 18 62 305 395 404
5 46 96 202 346 425
8 13 41 126 149 172 269 270 573
4 10 36 485 500
4 22 104 193 304
3 45 48 201
6 100 102 407 480 538 576
2 16 63
2 13 96
3 18 91 360
3 10 69 513
4 7 17 321 351
3 4 116 585
6 21 37 204 259 323 474
5 47 71 254 317 360
3 48 315 437
8 18 32 167 254 315 338 372 488
2 16 86
4 23 24 428 515
5 3 23 203 330 345
4 10 42 183 236
6 9 63 148 160 332 468
5 11 34 359 405 537
3 32 51 289
5 10 71 189 372 549
6 4 53 194 214 221 230
3 17 18 493
5 4 21 164 484 560
2 11 48
4 4 63 176 467
2 49 284
3 23 39 300
3 4 7 173
2 20 109
3 1 135 445
5 99 116 364 486 514
7 82 98 168 232 262 357 422
2 78 266
2 19 21
4 4 82 183 402
3 99 107 365
2 3 7
3 16 27 167
5 27 37 420 453 475
3 37 69 551
3 9 75 305
2 69 135
4 7 35 277 454
2 35 62
4 22 74 178 253
3 25 141 377
5 40 107 350 495 497
3 0 112 536
5 130 156 210 411 442
5 41 150 211 280 287
3 67 102 264
5 41 93 240 407 436
3 13 30 450
6 23 116 528 554 565 575
2 0 146
9 67 68 294 316 376 390 471 511 581
2 22 50
2 112 143
6 70 100 228 387 403 434
5 11 163 268 285 370
5 25 50 378 468 554
3 65 278 367
5 31 62 188 210 319
3 67 102 301
4 134 153 209 557
3 56 63 415
4 3 4 188 296
3 13 89 494
3 0 98 533
4 181 185 255 549
4 3 138 333 416
3 4 94 256
3 19 94 397
3 17 39 480
4 16 118 261 384
4 1 139 293 338
2 3 16
3 3 79 412
4 0 11 503 520
4 4 91 344 475
4 36 51 263 479
3 51 69 288
3 24 119 306
3 3 115 320
2 7 133
3 42 127 445
3 46 62 310
4 4 10 264 512
1 23
3 3 23 219
5 3 183 343 429 501
4 167 181 479 557
2 10 168
2 10 11
1 17
2 53 139
3 34 49 569
3 10 71 506
3 19 74 503
3 7 17 551
2 11 208
4 16 22 234 247
3 139 235 274
6 4 36 335 419 482 593
5 3 11 252 308 352
4 18 69 244 257
3 4 41 258
2 49 103
2 58 113
2 177 339
2 40 80
4 139 235 453 476
3 43 50 350
1 150
2 10 73
2 6 220
3 221 230 498
3 39 134 517
4 3 55 393 430
2 87 110
2 13 39
4 170 289 394 584
3 68 309 449
6 8 41 260 460 522 559
3 92 100 295
2 45 224
4 11 23 294 556
3 1 57 390
4 18 220 298 312
3 0 15 435
2 4 307
2 31 62
2 20 61
2 3 223
3 110 163 470
2 128 130
4 17 188 326 368
7 43 190 297 298 313 347 355
2 3 224
3 17 225 571
3 4 127 376
3 50 242 564
4 31 193 321 440
3 30 150 502
2 6 199
2 169 206
2 68 410
2 46 151
4 0 62 363 385
2 178 375
2 1 116
2 7 116
4 61 112 336 392
3 11 43 566
4 3 89 330 522
2 221 397
3 35 91 483
2 3 7
3 69 161 328
4 10 180 334 446
3 5 58 335
5 13 168 339 432 589
3 39 91 530
4 10 48 302 331
2 39 62
3 144 568 574
3 3 178 452
2 29 353
3 98 168 563
4 94 200 367 472
2 137 240
5 427 438 455 524 569
3 46 80 465
4 22 36 374 539
3 12 194 435
3 174 245 373
2 39 243
2 41 185
2 56 256
2 247 256
3 13 46 371
1 145
2 41 182
3 82 282 415
2 0 102
3 31 118 469
4 114 159 532 590
3 36 201 380
3 1 249 364
6 9 223 450 476 491 527
3 62 241 436
3 45 205 345
3 3 91 442
2 6 247
2 22 256
4 69 89 317 535
3 129 130 496
2 84 174
4 128 314 464 574
2 1 37
2 16 181
2 67 202
3 125 261 386
3 63 80 492
2 10 127
4 13 76 526 598
2 27 95
3 69 255 353
3 6 84 400
2 41 277
3 10 93 586
2 133 273
3 13 282 514
4 99 135 405 544
3 35 189 498
2 3 278
2 222 279
1 271
2 25 71
3 130 194 523
2 228 280
3 39 43 504
2 35 46
2 28 35
5 21 209 361 380 599
2 23 198
3 133 310 587
2 12 115
2 1 256
2 62 70
2 6 13
2 165 231
1 125
3 3 223 431
2 286 326
4 57 100 567 571
2 6 256
2 7 63
5 47 150 389 404 547
3 10 44 398
1 136
2 123 128
4 1 343 401 587
2 46 50
2 54 267
4 149 307 418 545
3 29 154 463
2 46 53
2 180 288
2 41 255
3 16 109 484
2 109 178
2 83 299
3 130 138 391
2 25 294
1 292
3 110 268 417
3 174 259 451
2 15 164
2 8 179
3 21 100 457
3 306 343 556
2 11 99
3 38 63 402
3 11 20 470
2 35 193
2 26 267
3 41 321 540
2 26 177
2 20 91
2 21 357
2 174 246
3 99 372 413
2 55 271
2 62 237
2 3 240
3 7 114 543
2 4 515
2 191 274
2 57 358
3 15 428 548
4 4 327 441 481
3 39 361 525
2 153 382
2 79 177
2 114 357
2 136 332
2 30 43
4 120 170 524 570
3 73 77 512
2 22 74
3 34 265 548
2 45 167
2 96 196
4 100 391 414 592
3 23 413 492
4 184 302 465 531
1 189
2 99 375
2 1 364
3 49 222 596
2 9 157
2 6 30
2 0 150
2 57 555
4 35 64 491 592
2 25 115
3 6 17 506
2 4 290
3 132 399 504
1 209
2 97 237
1 352
2 4 280
2 4 9
2 23 177
2 248 293
3 170 309 521
2 129 459
2 11 290
2 10 73
2 12 261
3 67 400 513
2 167 311
3 43 64 497
2 107 111
2 148 204
2 69 278
2 15 33
2 1 8
2 16 241
2 171 308
1 376
2 69 285
3 157 230 507
2 110 161
2 76 290
2 24 30
2 94 379
1 54
3 104 437 532
2 68 242
2 3 30
2 23 63
2 99 365
3 86 317 579
3 291 415 528
2 10 106
2 41 143
2 135 179
2 112 304
2 253 383
2 174 539
2 111 288
2 21 529
2 11 127
3 157 198 547
2 230 308
2 7 109
2 36 100
2 199 210
2 120 192
3 0 400 545
3 46 222 567
2 100 275
2 141 369
1 117
2 42 149
2 5 69
2 21 130
2 4 39
2 46 98
2 308 424
2 322 414
2 41 140
2 112 186
1 165
3 1 315 570
2 165 443
2 235 333
1 0
2 81 117
3 10 209 595
2 25 262
2 197 217
3 340 428 552
1 518
2 216 426
4 80 453 509 525
3 23 107 572
2 100 507
2 1 45
2 4 174
3 206 408 593
2 124 441
2 149 331
2 132 396
2 93 110
2 59 236
4 6 505 520 565
2 16 32
2 197 518
2 21 436
2 242 273
1 338
2 290 407
3 401 507 550
1 324
3 49 308 559
2 172 465
1 473
3 67 281 562
3 103 415 595
2 305 459
2 23 187
2 36 80
2 37 314
3 16 166 582
3 91 136 568
2 70 120
2 292 471
1 386
2 32 76
2 94 550
2 4 395
2 10 332
2 364 481
2 15 81
2 357 475
2 399 410
4 138 188 583 589
3 525 542 575
2 158 218
2 15 504
2 51 78
2 172 179
1 423
2 245 380
2 183 210
2 3 12
2 242 527
2 50 141
2 74 106
2 109 530
2 4 287
2 9 260
2 172 518
1 272
2 354 482
2 284 537
2 215 290
2 407 496
2 258 354
2 13 508
2 92 116
2 284 317
2 172 550
2 4 120
1 103
1 58
2 13 464
2 10 87
1 174
2 29 536
2 25 549
1 240
1 126
2 66 329
2 345 361
2 3 34
2 280 549
2 81 305
2 94 107
2 413 424
2 222 512
2 42 71
2 501 531
2 59 419
2 2 4
2 86 324
2 63 343
