100
15 1 2 3 4 5 9 19 21 27 32 55 60 69 70 90
19 0 2 4 6 9 10 11 12 14 17 20 23 31 33 40 41 62 91 95
6 0 1 3 5 7 50
3 0 2 65
10 0 1 6 8 12 15 36 37 38 76
6 0 2 14 24 66 89
4 1 4 7 21
7 2 6 40 47 54 73 85
5 4 27 42 48 86
8 0 1 18 19 26 67 89 90
9 1 11 16 24 52 64 71 93 95
6 1 10 18 20 22 32
5 1 4 33 46 63
2 28 57
2 1 5
3 4 16 66
4 10 15 28 35
2 1 49
4 9 11 25 53
2 0 9
2 1 11
5 0 6 22 34 41
3 11 21 92
4 1 29 79 86
3 5 10 31
8 18 26 36 38 42 49 62 99
5 9 25 30 78 84
4 0 8 75 39
2 13 16
2 23 34
2 26 64
2 1 24
3 0 11 87
2 1 12
4 21 29 39 56
1 16
4 4 25 57 61
3 4 47 53
5 4 25 75 76 97
3 27 34 48
5 1 7 79 52 94
3 1 21 51
4 8 25 45 67
2 85 46
2 71 96
1 42
2 12 43
5 7 74 37 56 72
2 8 39
2 17 25
2 2 59
1 41
3 10 81 40
2 18 37
1 7
1 0
3 34 47 70
2 13 36
1 77
1 50
2 0 80
1 36
2 1 25
2 12 83
3 10 30 68
2 3 73
2 5 15
2 9 42
3 81 64 96
2 0 94
2 0 56
2 10 44
1 47
2 7 65
1 47
2 38 27
2 4 38
2 58 84
1 26
2 23 40
1 60
2 52 68
2 91 98
1 63
2 26 77
2 7 43
2 8 23
1 32
1 93
2 5 9
2 0 9
2 1 82
1 22
2 10 88
2 40 69
2 1 10
2 44 68
1 38
1 82
1 25
