600
49 1 2 3 4 5 6 7 8 11 15 18 36 37 38 53 54 55 57 60 65 72 81 90 95 102 111 124 137 152 174 182 197 202 206 223 229 278 289 299 302 312 313 457 459 460 480 495 497 531
53 0 2 4 6 7 8 9 12 13 15 16 17 20 21 23 26 27 28 31 32 34 38 40 43 48 59 67 71 74 76 82 93 96 131 162 185 187 213 220 259 263 271 273 282 283 285 311 356 394 440 553 557 588
16 0 1 3 5 10 12 60 114 154 161 164 169 291 308 309 551
7 0 2 45 85 149 306 371
21 0 1 9 11 14 21 24 29 55 109 122 190 244 250 303 372 432 435 450 452 520
13 0 2 27 40 49 70 127 264 424 492 508 523 581
13 0 1 14 16 24 28 58 97 110 232 475 487 542
4 0 1 288 337
11 0 1 22 62 87 98 112 228 380 381 395
15 1 4 10 13 37 41 65 94 106 136 142 177 183 263 515
7 2 9 141 160 203 436 515
14 0 4 18 32 53 78 176 189 294 299 304 313 336 499
9 1 2 61 77 126 176 213 228 339
4 1 9 351 471
23 4 6 35 64 66 70 84 112 132 137 138 148 195 198 209 214 309 333 353 358 382 403 447
12 0 1 22 33 36 51 92 111 270 276 492 497
14 1 6 17 20 30 34 47 49 80 91 114 361 510 559
10 1 16 19 33 39 56 197 434 522 549
25 0 11 19 25 29 35 46 54 68 73 105 118 135 136 179 200 203 215 217 252 266 325 329 482 599
11 17 18 25 57 88 101 109 118 130 260 298
12 1 16 23 63 99 105 121 225 318 357 502 548
7 1 4 96 159 177 241 247
7 8 15 52 90 201 415 429
3 1 20 41
8 4 6 26 206 293 349 404 541
9 18 19 72 148 165 168 209 474 493
5 1 24 47 75 398
8 1 5 108 127 231 466 473 494
3 1 6 290
11 4 18 30 120 141 143 155 264 314 368 538
19 16 29 31 42 52 99 104 132 193 207 245 247 253 352 377 407 521 534 572
11 1 30 45 82 87 97 116 268 324 392 430
14 1 11 46 64 76 107 133 166 167 178 278 398 490 530
10 15 17 50 83 125 181 204 276 325 362
12 1 16 59 67 84 101 130 133 147 192 242 406
7 14 18 43 151 172 243 582
6 0 15 102 282 300 531
13 0 9 39 42 103 131 186 191 238 253 369 502 595
7 0 1 116 175 205 351 376
7 17 37 44 147 175 501 543
8 1 5 89 104 152 317 346 460
6 9 23 71 196 321 463
10 30 37 44 81 106 123 172 219 456 550
4 1 35 150 402
5 39 42 58 66 266
14 3 31 61 79 154 212 230 305 371 427 443 445 472 514
7 18 32 48 91 301 374 417
9 16 26 50 145 146 153 348 355 438
5 1 46 62 389 439
9 5 16 74 86 173 344 366 390 585
10 33 47 51 120 122 138 167 269 410 592
14 15 50 63 108 171 208 388 394 408 433 442 445 495 578
4 22 30 218 450
6 0 11 189 307 488 496
6 0 18 75 409 419 477
16 0 4 56 68 73 77 88 89 110 135 180 307 326 509 560 570
11 17 55 69 156 295 315 318 399 422 567 580
4 0 19 235 431
4 6 44 78 134
4 1 34 107 500
5 0 2 315 339 411
4 12 45 140 156
3 8 48 103
6 20 51 79 85 146 293
7 14 32 142 345 391 421 590
4 0 9 316 573
6 14 44 184 310 399 559
5 1 34 139 407 596
4 18 55 139 237
5 56 163 331 453 540
5 5 14 121 208 346
8 1 41 115 119 140 225 335 387
3 0 25 303
6 18 55 143 235 441 473
2 1 49
7 26 54 83 95 125 233 470
2 1 32
5 12 55 126 298 462
6 11 58 117 562 569 594
5 45 63 286 469 503
2 16 410
2 0 42
3 1 31 288
8 33 75 86 117 184 229 419 548
11 14 34 100 129 163 183 236 249 391 483 524
6 3 63 98 164 468 585
7 49 83 119 124 236 316 457
3 8 31 386
3 19 55 231
6 40 55 93 330 448 516
7 0 22 92 123 234 246 345
6 16 46 158 275 579 589
3 15 90 194
5 1 89 144 254 468
2 9 129
4 0 75 188 425
2 1 21
7 6 31 113 185 211 326 365
4 8 85 162 451
6 20 30 100 338 373 538
6 84 99 161 210 443 528
6 19 34 145 369 503 586
3 0 36 358
6 37 62 128 216 366 547
6 30 40 173 190 287 350
8 18 20 170 193 198 261 387 537
6 9 42 191 295 558 567
6 32 59 179 429 536 591
2 27 51
4 4 19 160 181
7 6 55 217 250 376 464 512
3 0 15 144
8 8 14 150 165 244 414 491 517
5 97 215 287 400 414
2 2 16
3 71 230 386
4 31 38 168 300
5 78 83 222 340 577
4 18 19 212 296
6 71 86 134 323 384 469
5 29 50 149 272 499
3 20 70 530
5 4 50 364 372 562
4 42 90 402 451
5 0 86 180 222 403
4 33 75 155 581
3 12 77 205
4 5 27 220 438
1 103
3 84 94 290
7 19 34 221 336 344 350 593
2 1 37
7 14 30 194 232 292 306 461
5 32 34 182 385 393
4 58 119 245 365
2 18 55
6 9 18 308 342 413 465
4 0 14 188 226
7 14 50 151 157 207 248 270
10 67 68 261 272 273 455 465 524 564 582
4 61 71 187 196
2 10 29
4 9 64 200 226
2 29 73
3 93 111 587
5 47 101 159 334 436
4 47 63 233 360
2 34 39
4 14 25 166 571
2 3 120
3 43 112 546
2 35 138
7 0 40 210 280 324 458 589
4 47 275 476 507
4 2 45 170 586
4 29 125 277 423
7 56 61 174 195 321 343 397
3 138 234 470
4 91 202 227 379
10 21 145 199 218 255 257 269 284 401 564
5 10 109 216 320 363
3 2 100 257
8 1 98 277 320 378 415 428 478
5 69 84 171 420 575
2 2 85
3 25 112 240
7 32 148 260 262 331 484 501
3 32 50 370
5 25 116 186 246 393
4 2 304 568 593
3 105 154 239
3 51 163 178
5 35 42 211 254 483
3 49 104 354
3 0 156 256
5 38 39 204 249 563
3 11 12 487
2 9 21
4 32 171 388 413
5 18 107 238 285 565
2 55 124
3 33 109 568
2 0 133
5 9 84 201 476 536
4 66 83 392 571
4 1 97 340 532
2 37 168
4 1 140 335 417
3 95 137 271
6 11 53 248 312 378 390
2 4 104
3 37 106 488
1 34
4 30 105 305 311
2 92 132
5 14 156 267 334 385
3 41 140 513
3 0 17 461
2 14 105
4 159 221 265 267
2 18 142
3 22 183 349
3 0 158 224
2 10 18
4 33 175 219 239
4 38 126 256 258
3 0 24 447
3 30 138 367
3 51 70 214
4 14 25 456 517
6 100 152 329 341 437 442
5 97 172 493 518 545
3 45 118 243
3 1 12 519
3 14 208 377
3 18 113 362
3 103 160 289
3 18 110 435
6 52 159 291 319 343 511
3 42 204 223
4 1 127 297 400
5 130 199 224 281 527
2 117 124
3 0 219 237
4 202 221 259 280
3 20 71 467
4 137 142 319 368
2 158 323
2 8 12
4 0 83 242 426
3 45 115 520
4 27 88 241 375
2 6 132
4 75 146 342 401
5 90 157 265 279 373
5 57 73 296 353 395
3 84 86 397
3 68 223 406
2 37 179
4 170 204 361 599
1 165
5 21 231 279 405 537
2 34 229
2 35 212
2 4 112
4 30 134 251 252
4 90 168 523 546
3 21 30 409
3 138 189 440
3 84 175 341
3 4 110 430
1 245
2 18 245
3 30 37 268
4 93 172 255 317
2 159 254
4 174 205 258 348
5 159 161 359 416 471
2 205 256
3 1 224 355
2 19 166
4 105 139 484 584
3 166 359 534
4 1 9 347 360
3 5 29 448
4 199 234 328 463
3 18 44 444
4 195 199 356 444
3 31 253 337
4 50 159 526 597
4 15 138 478 566
4 1 188 327 404
3 120 139 416
4 1 139 405 529
4 439 481 519 543
4 91 153 281 533
2 15 33
4 155 162 482 560
3 0 32 338
6 234 241 301 354 452 506
3 152 224 396
3 221 275 284
2 1 36
2 1 363
4 159 281 286 297
2 1 179
2 79 284
3 104 113 481
2 7 82
2 0 216
3 28 129 379
2 2 218
1 132
4 24 63 477 558
1 11
4 56 106 412 598
4 118 235 422 535
3 220 284 367
3 19 77 408
5 0 11 314 475 491
2 36 116
2 46 279
1 0
2 4 72
3 11 169 427
2 45 193
3 3 132 384
4 53 55 580 587
3 2 136 328
4 2 14 418 583
3 66 333 569
6 1 193 330 332 420 485
2 0 189
3 0 11 412
3 29 299 455
2 56 60
2 65 86
2 40 254
2 20 56
6 218 226 347 418 554 563
2 160 162
3 41 156 584
2 425 565
2 119 227
2 31 152
2 18 33
3 55 97 375
1 271
2 265 308
3 18 210 357
2 89 311
2 69 166
1 311
3 14 310 485
2 145 195
3 71 187 466
2 11 130
2 7 268
2 99 278
4 12 60 432 459
2 117 185
2 210 249
2 136 233
2 156 218
3 49 130 555
2 64 90
2 40 70
2 263 319
2 47 256
2 24 201
2 104 130
4 13 38 381 498
1 30
2 14 235
5 173 279 437 561 577
3 47 259 421
2 1 267
2 20 329
3 14 102 411
2 257 262
2 146 263
2 16 239
3 33 215 382
2 160 283
1 122
3 97 134 572
5 49 103 374 446 458
3 207 297 370
2 29 226
2 37 101
3 167 367 504
3 3 45 489
2 4 122
3 99 234 433
3 46 366 464
2 231 326
2 38 110
2 30 214
2 162 189
4 158 290 449 474
2 8 574
2 8 351
3 14 362 596
2 462 570
2 119 306
2 133 195
2 87 115
2 71 105
3 51 178 566
1 48
3 49 189 396
2 64 84
2 31 184
2 133 168
2 1 51
2 8 235
2 280 390
3 156 236 486
3 26 32 431
2 56 66
3 113 220 525
7 159 233 480 516 541 554 598
2 43 123
2 14 124
2 24 271
4 241 273 574 588
4 34 237 505 540
5 30 67 428 434 500
5 51 298 498 507 544
2 54 247
3 50 80 489
2 60 358
2 295 313
2 136 178
3 112 113 441
2 22 162
2 257 272
3 46 187 549
2 309 319
2 54 83
3 163 311 542
2 64 355
4 56 296 539 575
1 155
2 5 449
2 95 322
1 229
4 45 304 532 544
2 162 407
2 22 107
2 31 250
2 57 398
3 4 339 552
2 51 373
2 17 407
3 4 217 454
2 10 145
2 210 354
2 47 127
2 48 274
3 1 248 533
2 73 414
2 51 210
2 45 100
2 266 267
2 45 51
2 366 594
3 14 206 521
2 89 264
2 379 424
3 4 52 528
2 98 123
2 4 279
2 69 509
2 435 479
3 139 314 479
2 42 209
2 0 86
4 152 366 472 513
3 0 339 522
2 0 40
2 132 197
2 77 383
2 41 265
2 110 374
2 136 139
3 27 335 553
1 225
2 85 93
2 79 119
2 75 157
3 13 257 583
2 45 458
4 27 73 506 525
2 25 379
3 6 299 595
2 153 183
2 54 293
2 162 270
2 454 455
2 0 401
3 274 287 529
2 18 277
3 84 172 579
3 166 261 510
3 311 333 514
1 397
2 6 176
2 53 191
2 371 410
1 32
2 112 299
2 5 15
2 25 211
1 27
3 0 51 578
2 53 518
2 0 15
3 351 408 545
3 11 120 547
3 59 407 512
2 39 166
2 20 37
3 79 101 505
1 370
2 406 503
2 279 473
2 153 408
1 5
2 55 453
2 16 484
1 218
2 110 500
2 196 458
2 45 485
2 9 10
2 89 401
3 112 209 526
2 211 496
2 213 274
2 4 230
3 30 447 551
2 17 459
2 5 246
2 84 139
2 400 473
3 269 517 592
1 221
2 100 450
2 273 481
2 32 121
3 0 36 576
2 185 427
3 275 440 535
2 30 262
2 296 533
2 107 183
2 105 241
2 29 99
2 422 561
2 69 406
2 24 401
2 6 420
2 39 274
2 408 427
2 211 498
3 150 246 573
2 103 499
3 20 83 556
2 17 417
1 42
2 2 521
1 432
2 1 466
2 319 401
1 344
1 548
1 1
2 106 293
2 16 66
2 55 277
2 354 539
2 78 122
2 175 319
2 139 159
2 179 322
3 270 388 597
2 56 106
2 169 181
2 78 310
2 55 383
2 148 184
2 30 365
2 65 546
2 380 405
2 163 422
1 531
2 117 354
2 51 495
2 91 483
2 56 307
2 5 125
2 35 139
2 309 471
2 261 321
2 49 85
2 101 154
2 144 307
2 1 405
2 91 152
1 64
1 107
2 50 526
2 130 169
2 78 446
2 37 475
2 67 382
2 269 566
2 295 401
2 18 239
