600
50 1 2 3 4 6 7 11 17 18 19 24 25 29 36 39 40 42 54 67 73 86 93 98 100 112 118 131 135 144 154 168 175 183 220 224 233 237 238 257 263 297 326 389 399 472 473 504 516 545 581
19 0 6 34 44 49 50 74 89 121 159 163 196 215 329 342 405 439 453 533
17 0 3 5 14 23 39 53 83 151 158 182 185 211 275 293 296 492
28 0 2 4 5 8 9 16 28 29 41 45 49 69 75 77 86 117 132 212 213 221 333 365 443 452 544 554 560
26 0 3 9 10 12 34 38 62 71 133 169 172 173 189 210 218 225 242 247 255 291 302 349 407 454 575
12 2 3 15 26 32 43 64 78 275 341 517 582
51 0 1 7 8 10 12 13 14 23 25 27 35 40 43 44 46 48 53 70 88 120 123 128 142 145 150 157 165 169 179 180 193 204 230 282 295 302 360 364 403 404 421 426 450 495 498 502 520 528 550 569
9 0 6 20 26 41 130 216 355 430
13 3 6 11 47 59 116 117 159 279 394 466 512 589
13 3 4 15 18 24 184 188 273 294 317 358 391 505
9 4 6 13 69 115 194 372 500 528
3 0 8 22
12 4 6 19 61 108 149 157 178 422 425 548 569
9 6 10 51 115 288 369 382 395 448
17 2 6 16 27 31 55 57 68 71 72 75 96 206 321 497 524 562
9 5 9 100 162 206 233 254 362 521
11 3 14 38 62 92 190 230 325 509 555 592
5 0 77 136 137 216
5 0 9 21 146 481
15 0 12 22 46 59 67 129 152 191 200 212 259 376 387 594
10 7 21 47 54 61 245 261 383 415 514
3 18 20 567
4 11 19 32 64
4 2 6 30 525
9 0 9 31 95 176 185 205 578 581
10 0 6 33 36 103 124 215 311 375 593
24 5 7 35 37 42 52 60 63 76 109 136 144 196 197 209 211 293 311 409 419 427 443 580 595
13 6 14 28 87 95 108 124 222 292 304 523 551 576
10 3 27 30 33 123 134 186 199 420 539
8 0 3 51 93 141 177 444 478
8 23 28 52 88 175 269 332 487
12 14 24 84 102 160 181 248 258 286 391 408 451
3 5 22 429
6 25 28 85 174 522 583
16 1 4 48 56 65 84 101 111 156 195 217 253 362 450 475 503
4 6 26 155 517
13 0 25 56 78 79 99 106 141 155 192 398 447 458
2 26 222
7 4 16 122 153 223 356 413
5 0 2 83 455 494
6 0 6 45 63 113 267
8 3 7 50 87 98 138 322 479
14 0 26 57 58 220 228 229 252 255 307 342 372 431 474
6 5 6 76 104 166 475
3 1 6 161
3 3 40 66
8 6 19 118 213 285 513 516 550
6 8 20 205 235 402 552
7 6 34 94 107 186 286 591
17 1 3 66 74 80 90 121 139 170 203 214 298 395 432 515 519 536
3 1 41 371
8 13 29 167 187 352 357 400 534
4 26 30 94 152
3 2 6 225
8 0 20 65 106 135 178 360 483
2 14 547
9 34 36 79 82 89 345 367 438 571
4 14 42 58 505
5 42 57 82 398 440
10 8 19 208 256 323 339 388 444 535 595
3 26 90 148
6 12 20 68 72 114 396
8 4 16 80 114 189 272 386 534
6 26 40 102 366 377 464
6 5 22 190 284 351 456
2 34 54
6 45 49 241 312 339 446
2 0 19
13 14 61 73 81 99 209 236 244 284 353 361 368 506
5 3 10 131 423 541
3 6 126 529
6 4 14 195 207 385 428
4 14 61 151 468
6 0 68 97 101 105 127
5 1 49 133 278 298
5 3 14 165 174 289
3 26 43 103
4 3 17 350 384
9 5 36 81 104 128 288 373 493 540
4 36 56 417 527
9 49 62 92 110 116 180 278 358 462
6 68 78 125 256 336 359
8 56 58 146 156 279 330 513 584
5 2 39 85 219 519
5 31 34 162 297 359
3 33 83 153
5 0 3 91 140 346
16 27 41 110 111 149 150 164 173 224 246 251 254 324 420 470 542
4 6 30 394 509
2 1 56
7 49 60 122 218 425 485 566
4 86 160 166 235
5 16 80 97 138 258
4 0 29 158 232
5 48 52 112 277 486
7 24 27 113 321 353 454 502
3 14 287 390
8 73 92 145 226 453 543 578 585
9 0 41 127 134 163 273 303 367 497
7 36 68 148 251 271 332 376
5 0 15 221 316 565
2 34 73
4 31 63 109 143
4 25 76 179 511
3 43 78 172
3 73 120 307
6 36 54 107 171 270 442
4 48 106 201 234
4 12 27 327 347
2 26 102
6 80 87 125 313 364 474
4 34 87 283 304
4 0 94 324 481
7 40 95 129 194 277 300 457
7 61 62 119 269 473 536 594
4 10 13 140 501
4 8 80 270 290
8 3 8 130 253 272 287 462 568
6 0 46 132 201 257 518
3 114 281 309
5 6 105 177 266 399
3 1 49 301
3 38 90 299
4 6 28 176 238
3 25 27 378
4 81 110 126 192
7 70 125 260 291 430 482 493
3 73 98 301
4 6 78 199 325
5 19 113 147 200 538
3 7 117 348
8 0 69 352 477 531 565 577 599
4 3 118 183 280
6 4 74 249 262 292 371
5 28 98 335 365 566
2 0 54
5 17 26 193 340 445
8 17 181 217 237 250 374 424 490
13 41 92 143 154 202 204 247 248 306 313 318 343 531
4 49 161 246 341
4 86 115 445 530
2 29 36
2 6 197
5 102 138 227 266 540
7 0 26 147 299 350 355 521
2 6 97
4 18 82 260 421
5 129 144 171 214 265
4 60 99 347 557
2 12 87
4 6 87 250 308
2 2 72
6 19 52 184 335 343 397
3 38 85 393
2 0 138
4 35 36 317 469
3 34 82 314
3 6 12 548
2 2 93
3 1 8 574
5 31 91 465 520 529
6 44 139 170 202 461 597
3 15 84 203
5 1 98 168 285 348
2 87 229
5 6 75 240 328 390
4 43 91 259 264
3 51 239 499
4 0 163 410 429
4 4 6 303 423
3 49 161 239
6 106 147 330 368 477 543
3 4 104 518
5 4 87 187 413 501
4 33 75 281 349
4 0 30 337 568
3 24 123 433
2 29 120
4 12 54 198 478
5 6 103 243 276 326
4 6 80 207 588
2 31 137
3 2 228 240
3 0 132 572
3 9 152 191
2 2 24
8 28 48 198 223 351 363 374 487
4 51 173 452 570
1 9
3 4 62 208
5 16 64 232 249 412
6 19 184 331 354 510 580
2 36 125
4 6 136 265 537
4 10 113 379 492
2 34 71
9 1 26 210 241 363 407 435 504 589
5 26 142 392 480 592
4 178 186 315 328
3 28 128 226
2 19 129
2 107 118
2 138 161
3 49 162 576
4 6 138 295 448
5 24 47 243 268 344
2 14 15
2 71 180
2 59 189
3 26 68 428
2 4 196
3 2 26 508
4 3 19 333 468
5 3 46 219 231 234
4 49 147 405 562
5 1 25 274 282 598
3 7 17 227
4 34 137 344 530
5 4 90 315 334 575
2 83 213
4 0 42 329 597
2 3 100
2 27 37
3 38 186 593
5 0 87 264 267 305
3 4 53 276
3 97 199 573
2 143 216
3 42 182 583
4 42 164 310 312
2 6 16
2 213 320
2 93 190
7 0 15 263 300 361 406 409
3 107 213 245
6 47 91 236 283 380 488
4 68 235 244 457
3 0 137 438
2 0 123
2 167 170
4 165 182 402 435
3 66 196 386
5 4 252 392 458 545
2 179 205
2 68 236
3 20 234 387
3 87 139 574
5 4 138 484 496 556
2 31 138
2 133 190
3 137 150 397
4 87 99 541 596
4 42 242 383 507
2 34 117
3 15 87 389
4 4 42 274 414
3 59 81 261
4 0 118 418 554
3 31 92 403
3 19 166 564
4 126 146 305 466
2 20 256
4 133 289 479 584
4 0 233 294 495
3 166 224 538
4 147 193 522 535
2 120 143
2 40 224
3 205 542 564
2 30 114
6 106 116 310 319 331 411
1 99
3 62 117 345
3 9 98 527
3 215 255 591
3 2 5 432
2 179 225
2 94 113
4 74 80 373 416
3 8 82 379
1 132
6 119 174 296 415 480 489
2 6 215
4 111 235 427 459
4 64 68 378 561
2 46 163
4 31 48 306 323
2 96 117
3 13 78 309
2 75 262
1 116
4 4 126 433 511
4 27 133 532 546
2 2 26
3 9 263 401
2 6 204
3 2 281 471
3 0 84 489
3 49 74 476
2 122 144
2 113 233
2 121 127
4 4 6 494 496
4 98 169 340 381
3 27 111 370
2 224 260
3 138 286 406
3 42 105 547
1 150
2 119 288
2 229 270
3 25 26 318
6 66 229 414 451 460 532
2 110 138
1 156
4 198 218 472 546
1 100
3 9 155 485
8 138 311 320 322 336 380 434 499
2 270 525
4 231 318 338 491
2 14 95
3 41 318 356
3 59 286 412
4 87 112 327 456
2 16 128
6 0 179 337 346 469 507
2 108 324
3 165 198 599
2 1 220
3 82 171 464
2 191 270
2 30 99
5 3 212 357 408 567
1 218
3 134 152 370
4 81 318 426 463
4 175 326 384 590
2 320 416
2 59 66
2 136 303
3 5 139 437
2 1 42
2 138 152
2 205 217
3 56 272 431
5 86 326 369 556 586
2 108 148
3 130 163 424
2 4 174
2 77 144
2 64 186
2 51 131
2 68 95
2 191 441
3 7 144 579
2 38 322
3 51 333 490
2 9 80
4 81 84 388 467
2 6 54
2 68 233
5 15 34 459 539 552
2 186 196
2 6 110
2 3 134
1 63
2 56 98
2 68 171
2 13 346
3 304 335 506
5 50 133 375 381 553
4 10 42 417 482
3 78 278 573
2 137 186
2 25 371
2 19 99
1 63
2 124 284
2 194 279
2 235 318
2 303 371
1 13
3 20 252 436
2 77 337
1 71
2 62 241
2 19 245
2 59 359
2 0 254
3 96 165 537
2 9 31
5 197 242 400 437 523
2 153 461
3 8 88 558
2 13 49
1 61
3 152 250 526
2 36 58
4 0 120 419 582
2 51 392
1 294
3 47 240 422
2 6 258
3 6 465 553
2 1 214
2 233 306
3 4 196 436
2 31 333
4 26 233 418 503
1 168
2 270 588
2 190 323
2 38 173
2 255 312
2 20 281
2 278 338
2 79 372
2 257 409
3 26 399 455
2 28 87
5 6 146 446 488 514
2 12 402
4 69 169 441 533
2 137 348
3 12 90 440
6 6 336 483 484 512 598
2 26 283
2 71 209
2 32 168
2 7 126
3 42 345 510
2 49 275
2 176 291
2 318 571
2 196 240
2 383 407
2 341 392
3 56 237 439
2 1 438
3 58 425 500
2 354 423
1 106
3 3 26 470
4 29 59 449 498
2 136 140
2 66 421
2 36 524
2 13 204
1 444
2 6 34
2 31 312
2 3 187
3 1 97 551
2 4 95
2 39 419
2 64 324
2 113 236
2 36 242
3 283 362 508
1 312
3 161 393 559
2 80 117
1 336
2 63 330
2 160 404
3 8 260 563
1 359
2 72 212
2 155 326
3 87 443 486
1 296
2 0 315
2 0 114
3 42 110 515
2 34 43
1 298
2 131 171
2 29 178
3 41 262 558
3 197 281 570
2 18 112
2 126 372
2 54 426
3 247 426 590
2 90 317
2 94 470
2 30 186
2 235 421
2 281 297
2 137 357
1 320
2 2 194
2 78 126
2 39 302
2 6 263
3 247 302 587
2 14 98
2 6 444
2 167 318
2 10 440
2 115 173
3 6 95 559
2 34 409
2 0 196
2 9 57
2 68 370
2 252 326
2 211 459
2 16 88
2 191 431
2 103 291
2 8 426
2 46 82
2 20 421
2 49 474
3 0 46 549
2 5 35
2 118 172
2 49 83
2 6 160
2 15 144
2 33 265
3 27 392 544
2 14 447
2 23 319
1 397
2 79 273
2 6 10
2 70 160
2 140 217
2 131 138
2 292 312
2 1 423
3 51 62 555
2 59 265
2 49 114
2 193 390
2 129 264
2 28 362
2 78 143
2 69 251
2 87 268
2 97 171
2 3 523
2 0 242
2 292 315
3 55 307 585
2 12 157
1 516
2 6 46
2 27 453
2 47 362
2 371 404
2 3 257
2 16 534
2 247 346
1 148
2 394 479
2 461 502
1 3
1 284
2 14 214
1 466
2 259 268
2 100 131
2 90 134
2 21 333
2 117 175
2 6 12
2 187 480
2 56 434
1 183
2 226 373
2 159 246
3 4 218 587
2 27 203
1 131
2 24 97
1 355
2 26 191
2 0 24
2 5 399
2 33 228
2 82 262
2 97 547
1 346
2 496 575
2 180 411
2 8 196
2 337 484
2 48 274
2 16 197
2 25 223
2 19 114
2 26 59
1 251
2 161 220
2 215 426
2 131 328
