1000
88 1 2 3 4 5 6 8 9 12 14 16 17 21 22 23 24 27 29 43 44 46 47 49 50 52 53 54 62 69 74 75 87 95 106 114 119 136 157 160 188 190 197 200 217 220 242 257 262 284 291 313 317 333 356 380 415 439 440 453 463 484 492 516 525 546 556 568 594 664 675 735 745 754 758 766 778 813 814 815 831 845 852 871 878 911 914 926 948
10 0 34 35 101 137 200 466 608 819 880
64 0 3 4 6 11 13 15 16 20 28 32 34 36 40 45 48 52 60 71 89 109 112 122 124 128 132 134 142 150 188 194 197 215 247 256 269 273 276 293 307 322 377 382 392 399 408 411 440 513 548 633 657 659 697 735 810 818 829 854 873 904 943 947 987
21 0 2 5 7 9 28 101 127 304 324 493 521 551 688 713 776 864 865 880 969 978
29 0 2 8 11 12 20 33 37 63 91 110 198 242 256 267 383 397 409 425 459 473 474 484 507 528 691 729 733 958
77 0 3 7 10 13 17 18 27 29 30 31 38 39 40 41 43 47 55 56 57 58 59 62 70 71 72 77 105 115 120 129 138 140 167 177 196 203 206 227 232 272 278 281 289 314 324 328 330 339 343 347 354 369 412 437 457 462 489 496 523 544 575 579 628 685 704 731 781 790 791 822 840 849 851 866 867 925
22 0 2 21 22 26 63 79 133 165 193 286 299 359 396 595 671 703 787 890 893 920 985
8 3 5 39 77 498 572 616 850
38 0 4 10 14 23 30 38 57 113 125 139 172 209 211 221 238 241 248 255 260 267 302 353 387 407 478 564 619 661 708 716 762 792 848 859 902 903 925
7 0 3 19 97 126 326 360
6 5 8 15 82 180 787
17 2 4 46 49 72 129 288 319 341 376 564 590 624 831 876 931 941
38 0 4 24 25 42 45 48 56 60 75 78 88 98 104 141 155 156 175 222 240 297 306 308 356 374 394 402 404 409 522 565 584 617 627 736 797 840 905
5 2 5 19 92 487
20 0 8 18 26 42 73 168 169 233 246 259 470 485 585 690 765 794 915 939 999
7 2 10 36 124 285 379 479
15 0 2 53 102 169 187 195 295 296 431 476 508 690 707 909
4 0 5 345 363
6 5 14 41 199 698 783
15 9 13 104 381 401 450 548 549 559 581 587 610 722 730 832
7 2 4 107 111 635 860 932
7 0 6 99 210 603 637 687
33 0 6 25 66 81 84 109 114 117 179 209 232 247 269 291 327 355 366 410 420 433 452 492 523 561 621 625 668 757 763 772 802 980
8 0 8 202 512 705 818 835 950
10 0 12 126 132 173 178 218 389 785 938
39 12 22 31 32 44 50 51 61 68 92 147 150 151 161 164 175 292 328 350 362 364 374 392 432 524 562 569 750 751 775 795 810 823 869 897 928 978 988 992
14 6 14 55 143 154 161 167 174 300 384 412 442 613 728
13 0 5 100 113 133 204 264 337 416 496 529 611 692
11 2 3 70 80 142 172 228 728 768 773 940
4 0 5 173 301
6 5 8 153 184 574 695
14 5 25 54 96 206 348 562 605 694 747 752 870 883 921
29 2 25 33 35 37 51 58 73 86 93 94 144 148 216 254 281 284 294 332 401 422 444 445 456 573 627 693 782 804
7 4 32 585 652 686 723 993
7 1 2 59 69 213 273 886
5 1 32 160 519 611
11 2 15 79 97 118 220 234 290 646 649 676
18 4 32 61 67 105 131 146 268 325 437 501 511 598 648 764 856 879 884
13 5 8 86 119 123 151 353 465 488 679 749 835 853
20 5 7 94 95 143 156 245 250 262 310 344 419 472 613 653 696 702 717 907 923
5 2 5 191 677 715
3 5 18 846
17 12 14 76 80 138 144 153 158 349 490 529 570 608 777 785 801 911
15 0 5 64 83 88 112 171 198 329 335 451 563 592 723 939
7 0 25 103 231 257 542 874
10 2 12 65 81 166 234 451 507 531 558
12 0 11 214 317 335 376 476 495 588 720 975 985
11 0 5 192 264 298 382 540 601 617 681 720
9 2 12 64 89 108 180 218 331 530
15 0 11 131 214 225 228 265 279 319 340 473 482 858 866 940
5 0 25 91 430 824
3 25 32 67
17 0 2 74 87 117 321 370 372 388 431 513 541 709 747 781 875 973
13 0 16 68 76 120 154 252 378 403 435 536 641 658
6 0 31 145 285 313 753
9 5 26 84 212 275 279 299 839 857
7 5 12 115 250 266 878 935
6 5 8 116 504 724 897
18 5 32 90 100 106 135 140 171 258 268 295 318 556 583 593 876 937 991
5 5 34 159 181 933
5 2 12 107 493 756
14 25 37 65 137 244 254 334 338 455 551 656 666 801 803
5 0 5 66 83 400
9 4 6 155 519 547 737 738 761 969
6 43 48 219 396 491 506
3 45 61 759
13 22 62 78 152 163 193 339 357 363 427 469 475 867
13 37 51 82 99 111 147 185 194 195 367 394 525 536
12 25 53 85 168 185 201 223 225 499 630 942 966
5 0 34 413 913 959
6 5 28 123 163 474 597
7 2 5 85 118 533 595 964
4 5 11 201 916
5 14 32 349 885 957
5 0 52 110 329 455
3 0 12 170
10 42 53 130 162 344 486 514 534 629 702
5 5 7 108 128 283
3 12 66 391
3 6 36 968
3 28 42 263
6 22 45 102 186 655 802
5 10 67 90 485 744
16 43 62 93 122 183 205 312 494 558 631 650 799 899 915 917 956
8 22 55 184 186 226 421 535 929
14 68 71 96 116 130 146 235 246 251 421 429 510 647 806
7 32 38 179 230 694 796 979
9 0 52 121 134 145 219 331 467 644
2 12 43
9 2 48 199 498 526 645 749 839 860
4 58 82 434 805
12 4 50 98 190 208 609 642 711 757 832 949 954
7 13 25 183 226 330 531 797
10 32 83 125 196 303 395 557 589 825 979
4 32 39 141 591
15 0 39 103 170 189 253 260 346 497 549 599 699 711 929 989
6 31 85 305 480 772 845
7 9 36 149 212 569 738 751
3 12 91 885
3 21 67 465
6 27 58 352 398 583 600
5 1 3 418 654 710
4 16 81 243 522
7 44 95 157 204 274 458 817
3 12 19 152
5 5 37 164 202 671
4 0 58 488 515
8 20 60 149 666 721 854 931 944
3 48 77 834
3 2 22 255
2 4 74
2 20 67
3 2 43 515
3 8 27 287
6 0 22 121 174 270 953
3 5 56 732
5 57 85 192 410 927
14 22 52 127 148 191 289 347 364 430 439 547 577 588 777
2 36 71
9 0 38 176 357 393 481 733 847 986
5 5 53 348 373 986
2 87 114
4 2 83 383 703
11 38 70 229 239 243 249 365 438 557 800 877
7 2 15 224 252 566 633 946
4 8 93 509 763
4 9 24 227 740
6 3 117 213 240 288 727
4 2 77 176 631
6 5 11 182 239 359 550
9 76 85 135 189 237 491 714 719 918
3 37 49 139
5 2 24 166 215 731
6 6 27 372 682 788 826
11 2 87 187 233 443 471 532 545 615 673 677
5 58 130 136 278 414
2 0 135
9 1 61 158 333 567 628 640 689 851
7 5 42 467 725 790 863 903
6 8 131 323 539 632 748
12 5 58 231 336 454 494 538 552 560 684 805 892
6 12 94 159 182 315 700
7 2 28 351 373 479 517 670
3 26 39 446
5 32 42 571 599 696
5 54 87 487 789 951
3 37 85 710
10 25 67 217 236 428 656 669 691 721 941
8 32 117 181 216 244 261 466 514
2 97 107
6 2 25 230 280 371 452
5 25 38 387 500 541
3 66 104 796
4 30 42 420 892
2 26 53
5 12 63 223 310 352
6 12 39 162 403 434 636
5 0 103 222 320 828
4 42 137 165 890
3 59 141 573
3 0 35 606
2 25 26
2 76 156
6 66 70 277 415 438 962
2 25 105
2 6 158
7 45 132 178 237 428 542 614
3 5 26 829
2 14 68
8 14 16 301 460 642 960 976 982
6 75 95 249 316 662 862
4 43 58 271 891
5 8 28 298 445 908
7 24 29 177 221 235 622 843
2 26 114
3 12 25 259
4 119 128 591 919
2 5 173
5 24 166 229 432 622
6 22 86 764 862 869 920
3 10 48 567
5 59 148 516 602 879
4 129 141 527 974
2 83 92
8 30 84 210 303 341 458 809 982
3 67 68 272
3 81 84 248
5 16 134 236 453 746
8 0 2 315 336 338 386 621 741
5 95 130 211 447 994
3 0 91 695
3 40 117 350
3 47 116 435
4 6 66 425 662
10 2 67 208 306 311 342 369 385 812 864
3 16 67 274
7 5 93 238 253 265 444 754
4 0 2 207 385
4 4 43 296 984
2 18 89
7 0 1 207 345 368 640 746
8 68 72 203 205 590 739 902 992
5 23 105 475 497 724
5 5 201 314 807 944
6 27 103 342 601 647 932
2 83 201
2 5 31
4 197 200 321 351
5 91 194 406 779 997
12 8 22 270 312 361 450 539 560 660 760 821 847
11 21 184 224 245 275 462 574 663 811 828 841
8 8 189 290 495 580 651 826 996
5 55 97 354 791 910
6 34 127 480 609 827 848
3 46 49 922
5 2 132 716 806 900
4 32 148 322 618
5 0 147 277 368 470
4 24 48 241 294
3 64 87 251
2 0 36
7 8 173 280 405 468 740 921
4 12 157 506 545
3 68 155 948
8 124 210 258 283 305 361 646 786
9 49 68 297 332 384 389 398 521 602
2 84 92
2 5 126
2 28 49
3 123 178 998
4 86 150 844 872
3 44 140 293
7 5 22 318 388 443 612 680
7 14 134 358 365 446 447 464
5 36 45 300 861 912
4 85 173 594 953
4 147 187 596 893
4 130 166 950 990
6 8 196 266 654 759 825
4 123 129 309 397
3 12 127 559
7 8 218 426 505 620 639 650
2 0 4
3 102 123 287
3 61 148 667
3 39 210 304
5 14 85 271 276 837
3 2 22 424
2 8 186
15 123 170 334 380 423 448 460 469 538 543 561 701 748 875 938
4 39 56 261 367
3 85 219 682
3 53 124 263
4 95 196 282 770
4 32 61 346 555
3 8 109 417
3 2 4 537
3 0 44 399
4 58 224 456 743
6 14 175 375 798 824 951
2 8 95
2 148 250
2 0 39
6 80 252 343 375 582 859
2 27 47
4 49 196 441 760
2 56 238
2 4 8
2 37 58
2 2 22
3 114 209 972
3 171 246 309
3 5 185 639
5 2 34 282 286 596
4 103 195 390 700
2 55 210
4 2 246 411 672
3 163 217 302
3 5 135 307
4 49 55 454 742
5 150 221 371 606 913
3 5 32 413
5 253 273 292 481 912
6 77 224 530 584 638 752
4 0 32 842 870
2 15 54
7 6 273 427 509 518 693 934
3 113 243 490
5 11 127 327 553 719
3 5 117 540
8 36 211 406 441 449 472 771 813
4 0 22 732 954
2 25 282
2 2 231
14 32 218 308 311 325 489 503 517 550 598 684 725 770 959
3 16 58 793
8 16 198 366 381 624 678 741 998
3 12 225 323
3 47 172 843
2 6 55
4 26 234 570 689
14 29 169 340 400 404 436 620 661 717 808 883 889 952 961
3 8 277 370
4 93 184 566 623
4 3 245 423 789
6 96 224 337 683 697 788
2 12 194
5 2 278 419 457 589
3 12 294 520
4 239 271 510 674
2 39 155
3 194 294 316
2 83 209
2 0 54
2 5 203
9 141 188 320 358 461 478 555 626 819
2 170 311
2 0 46
3 58 232 326
3 11 49 390
4 157 315 429 543
3 52 207 463
2 2 216
3 139 297 546
3 3 5 424
5 37 294 503 881 888
2 9 318
3 22 288 577
3 5 25 679
3 43 74 991
2 5 92
4 48 87 610 821
2 32 225
3 0 137 379
4 61 249 502 872
3 43 46 391
3 140 188 836
3 27 305 405
4 61 188 502 652
2 5 66
2 49 301
2 11 184
2 194 204
3 5 263 534
2 39 76
2 17 200
7 95 254 471 580 582 615 623
7 5 117 386 395 704 861 896
5 31 120 605 643 665
3 42 73 408
3 25 191 500
5 142 207 355 417 685
7 100 155 360 407 512 775 891
6 8 38 362 708 714 916
10 5 212 393 449 464 659 681 758 882 967
3 22 351 483
2 0 12
6 66 119 426 524 838 881
5 233 315 518 761 906
2 6 129
2 9 352
2 209 224
2 25 353
2 17 66
4 25 117 687 874
3 123 233 718
4 22 296 448 783
9 67 250 378 416 520 572 634 668 895
2 200 217
3 5 194 576
6 52 302 402 771 871 926
3 150 280 436
5 52 133 377 414 477
3 120 142 422
2 12 25
2 259 263
3 11 46 477
6 2 372 442 461 563 713
4 53 367 532 655
4 15 333 901 952
2 0 249
4 19 296 730 855
2 2 47
2 4 122
3 26 225 922
2 194 197
3 188 347 930
2 8 151
2 52 232
3 24 225 552
4 274 319 665 729
4 78 335 688 798
2 2 25
4 119 354 505 963
2 12 67
4 93 347 544 603
3 6 64 970
2 4 239
2 100 225
2 2 257
2 62 301
4 19 32 511 528
2 12 370
3 53 156 706
2 12 301
5 221 337 433 886 961
5 208 290 418 614 773
4 8 352 499 664
3 2 349 576
4 4 12 607 909
2 22 116
2 2 276
2 5 26
2 69 281
2 135 372
3 0 163 756
3 27 367 809
3 255 351 745
4 101 406 706 739
2 39 307
3 22 153 808
3 84 85 674
2 32 373
2 249 304
2 247 324
3 4 193 482
3 241 357 873
2 66 286
5 147 166 459 767 981
4 85 320 483 816
2 50 117
6 16 52 553 707 793 943
2 25 178
3 22 405 942
2 90 156
2 53 192
3 301 371 726
2 5 37
2 123 163
3 0 117 712
3 0 2 593
2 265 290
3 26 377 468
5 134 232 575 641 769
4 32 196 604 734
3 32 172 612
3 143 233 779
4 189 233 554 645
2 249 366
2 290 354
2 19 209
3 43 45 968
2 22 150
3 0 187 618
3 140 279 625
6 61 74 568 578 667 976
3 32 258 537
2 5 307
3 103 184 508
4 4 428 889 898
3 169 249 604
2 315 377
2 5 210
3 0 321 930
2 233 354
3 38 99 755
3 1 148 571
3 87 138 904
5 221 442 501 924 995
2 66 249
3 14 217 527
2 134 346
4 39 290 784 850
2 4 49
2 4 70
3 66 202 981
4 16 46 616 774
2 372 376
2 8 315
6 15 142 504 607 709 914
6 96 213 486 678 945 984
2 119 282
4 49 425 722 884
8 355 429 630 643 660 868 936 996
2 0 4
2 14 82
2 76 480
3 13 145 533
4 38 106 762 923
3 5 294 868
3 42 287 554
4 64 130 812 975
3 0 22 786
2 3 60
2 83 140
2 46 211
4 5 27 768 799
2 95 202
2 7 89
2 68 407
2 151 350
2 37 468
3 334 338 565
5 294 325 586 638 673
6 57 479 587 803 963 971
2 241 393
3 64 222 766
2 4 45
4 16 458 855 949
2 125 286
5 85 309 578 705 858
2 37 401
2 23 352
3 2 52 774
2 76 148
2 106 112
5 0 181 535 597 670
3 142 294 526
3 286 358 837
2 35 63
2 308 367
3 3 225 629
2 12 102
5 5 22 581 649 676
2 25 357
2 0 67
3 89 517 632
2 182 470
2 4 401
3 27 42 672
2 48 283
4 45 92 592 856
3 134 378 853
3 71 487 663
2 76 343
2 84 516
3 53 67 742
3 256 456 990
2 140 249
4 139 209 823 842
2 47 289
3 52 151 887
2 44 166
2 249 320
4 5 395 626 974
2 134 222
2 0 323
2 63 117
3 2 19 683
2 19 95
3 129 294 792
2 3 61
3 140 389 619
4 288 431 644 701
4 447 490 838 965
2 254 315
2 0 58
2 93 123
3 45 83 977
2 19 240
3 140 209 600
2 22 249
3 25 31 712
4 43 377 634 635
2 8 11
2 12 502
5 124 303 727 800 907
2 137 180
3 0 455 653
2 25 97
2 42 300
3 144 466 820
2 7 367
2 32 159
2 30 210
4 5 443 579 863
3 369 408 765
2 117 327
5 455 510 586 784 983
2 5 575
3 211 346 937
2 19 523
2 263 346
4 58 100 657 795
2 12 283
2 14 33
3 503 578 820
2 19 504
2 46 117
3 93 307 780
2 11 201
2 94 176
2 43 531
3 58 440 844
2 0 235
2 6 71
3 236 273 918
5 70 516 636 736 750
2 37 294
3 95 144 833
3 100 560 927
2 47 204
2 181 225
2 21 395
4 444 460 651 794
3 31 348 817
2 160 280
3 409 479 898
2 1 42
2 91 213
2 19 331
2 27 35
2 232 445
2 26 39
3 166 406 637
6 134 346 734 737 753 827
3 7 476 849
2 12 47
2 216 453
2 8 552
2 241 301
2 22 188
3 173 178 680
2 303 346
2 11 296
3 22 454 901
3 315 544 648
2 12 32
2 5 137
2 76 521
2 68 483
3 83 128 833
4 139 526 814 888
3 2 124 983
2 367 563
2 20 563
4 156 597 658 726
2 21 614
2 283 503
2 241 272
2 137 200
2 53 443
2 91 169
3 348 483 811
2 87 553
3 89 447 699
2 36 224
3 85 204 945
2 37 626
2 36 523
2 83 241
3 211 604 895
2 33 338
2 39 568
2 101 238
2 81 378
4 61 147 669 957
2 2 583
3 53 636 744
5 2 354 815 836 964
2 209 483
2 8 301
2 170 193
2 210 533
3 0 407 755
2 348 390
5 61 107 675 830 956
2 244 455
2 22 367
2 147 656
2 142 516
2 6 105
2 276 529
4 134 503 686 999
3 309 421 933
3 0 666 776
3 36 523 846
2 40 134
3 296 480 778
2 38 328
2 232 622
3 47 354 989
2 133 251
2 305 548
2 140 294
2 5 351
2 33 673
2 21 364
3 3 391 692
2 137 300
2 14 16
2 4 147
2 27 688
4 32 286 715 947
4 31 86 834 955
2 30 190
3 39 144 919
3 2 305 698
3 18 697 865
2 95 645
2 141 274
3 249 553 900
2 39 76
5 6 122 804 816 894
2 5 347
2 23 510
3 403 418 857
2 16 431
2 8 353
2 52 479
6 101 146 718 769 830 997
3 91 95 780
2 439 562
2 3 377
2 130 353
2 40 693
3 8 215 743
2 39 301
2 365 710
3 130 288 935
3 46 47 852
2 107 147
3 19 482 966
3 33 43 767
2 57 202
3 138 294 841
2 436 636
2 127 566
2 26 28
2 4 390
2 19 381
2 5 132
2 115 291
2 4 119
2 444 615
3 0 2 899
3 12 597 782
2 63 615
2 63 97
2 201 418
2 126 221
2 188 296
2 279 536
2 258 716
2 82 658
2 0 417
2 187 200
2 31 52
2 139 249
2 38 89
2 25 597
2 25 97
3 31 283 822
2 54 615
3 0 196 924
2 465 664
3 60 415 910
2 22 91
2 0 354
2 65 238
3 209 265 967
2 63 358
2 8 488
2 22 125
2 37 179
2 14 576
2 0 506
2 428 723
2 28 496
2 443 710
2 253 294
2 290 370
2 22 96
2 28 406
2 476 513
3 25 352 946
2 3 675
3 42 117 807
2 0 678
2 208 446
2 589 711
2 5 52
2 32 736
2 18 366
2 472 578
2 24 42
2 224 492
2 6 10
2 133 305
2 145 304
2 5 138
2 5 212
2 8 550
2 295 431
2 14 604
2 25 583
2 86 152
2 12 92
2 259 391
2 83 496
2 123 566
2 42 61
2 22 81
3 61 504 917
2 32 703
2 90 140
2 85 215
2 203 777
2 301 420
3 184 416 934
2 2 25
2 210 643
2 194 491
2 0 290
2 0 632
2 0 659
2 429 703
2 103 605
2 2 23
2 1 315
2 571 586
2 209 331
2 5 752
2 25 539
3 50 259 955
2 93 238
2 133 211
2 213 615
4 157 210 882 908
2 2 167
3 666 710 987
3 0 11 960
2 19 91
2 599 631
2 108 694
2 23 38
3 336 659 972
2 246 518
2 357 554
2 55 89
2 5 12
3 210 725 988
2 284 539
2 173 298
2 230 593
2 0 96
3 41 676 973
2 119 209
2 8 213
3 5 616 971
3 7 472 970
2 5 137
2 0 720
2 38 532
2 2 107
4 381 508 887 958
2 37 531
3 55 706 977
2 49 510
2 8 263
3 20 89 894
2 234 347
2 170 179
2 138 575
2 3 194
2 3 698
3 5 49 965
2 5 66
2 483 489
2 25 179
3 31 284 877
2 0 370
2 230 334
2 2 426
2 44 364
2 52 249
2 11 58
2 123 870
2 0 56
2 37 181
2 1 3
2 325 357
3 354 828 928
2 31 301
2 37 482
2 73 98
3 34 405 896
3 541 855 905
3 325 632 993
2 301 459
2 6 158
2 171 352
3 140 153 906
2 6 236
2 703 860
2 367 651
2 347 886
2 25 57
2 459 607
2 83 735
2 215 701
2 379 625
2 8 201
2 8 138
2 2 467
2 12 887
2 358 892
2 39 566
3 172 828 995
2 16 409
2 212 756
2 0 42
2 234 282
2 69 280
2 0 479
2 14 83
2 72 353
2 83 803
2 130 596
3 176 696 962
2 6 179
2 31 221
2 214 384
2 39 488
2 468 754
2 5 8
2 0 370
2 116 600
2 25 882
2 84 95
2 386 463
2 11 107
2 20 204
2 59 674
2 286 809
3 56 719 936
2 483 935
2 58 580
2 24 249
2 14 43
2 28 49
2 11 147
2 68 433
2 2 431
2 107 203
2 480 647
2 124 775
2 2 693
2 0 223
2 91 508
2 23 237
2 145 259
2 301 379
2 114 235
2 91 291
2 694 824
2 83 666
2 73 656
2 4 855
2 69 294
2 169 831
2 301 405
2 163 919
2 393 504
2 71 659
2 554 866
2 68 722
2 354 760
2 79 451
2 3 63
2 396 850
2 504 849
3 270 836 980
2 52 846
2 182 544
2 46 491
2 169 455
2 558 857
2 3 25
2 86 93
2 22 972
2 428 475
2 169 184
2 578 633
2 198 480
3 6 46 994
2 119 120
2 2 830
2 25 841
2 95 681
2 237 537
2 58 329
2 25 201
2 33 888
2 189 985
2 468 908
2 211 483
2 208 710
2 229 296
2 14 673
