100
11 1 2 3 5 6 13 14 15 17 25 83
13 0 4 5 10 18 24 59 63 67 69 70 78 96
11 0 11 16 17 21 30 31 32 53 84 85
7 0 6 8 18 48 58 91
4 1 13 30 50
8 0 1 7 12 27 61 63 92
5 0 3 7 22 82
6 5 6 14 20 35 98
6 3 16 34 36 55 77
5 21 33 42 77 95
3 1 19 51
3 2 25 34
1 5
8 0 4 41 42 46 50 69 95
3 0 7 24
5 0 71 20 36 73
7 2 8 22 40 45 46 48
2 0 2
3 1 3 80
3 71 10 35
3 7 15 41
3 2 9 29
4 6 16 37 94
1 86
5 1 14 27 38 82
4 0 11 28 94
2 40 80
3 5 24 89
2 25 66
3 21 43 44
3 2 4 43
4 2 68 76 84
4 2 65 74 86
2 9 52
3 8 11 64
2 7 19
2 8 15
3 22 39 66
3 24 62 99
3 37 45 87
4 16 26 53 85
4 13 20 55 56
2 9 13
4 29 30 49 59
1 29
2 16 39
4 13 16 81 65
3 74 76 51
2 3 16
1 43
3 4 13 57
2 10 47
1 33
3 2 40 83
2 79 88
2 8 41
1 41
2 78 50
2 3 97
2 1 43
1 70
1 5
1 38
4 1 5 72 93
1 34
2 32 46
2 28 37
1 1
1 31
2 1 13
2 1 60
3 19 15 81
1 63
1 15
2 32 47
1 99
3 31 47 87
2 8 9
2 1 57
1 54
2 18 26
2 71 46
2 6 24
2 0 53
2 2 31
2 2 40
2 23 32
3 39 76 98
3 54 90 96
1 27
2 88 92
1 3
2 5 90
1 63
2 22 25
2 9 13
2 1 88
1 58
2 7 87
2 75 38
