1000
66 1 2 3 4 5 6 9 11 17 18 20 22 36 42 43 49 81 88 92 104 119 145 157 162 166 172 194 204 224 238 241 261 263 276 289 309 321 328 329 356 400 416 427 451 487 505 529 537 543 564 574 595 613 640 712 736 737 739 751 858 859 875 890 913 986 996
62 0 3 4 5 7 8 15 28 34 38 42 53 82 89 97 103 121 123 143 147 152 160 165 183 197 206 211 221 228 257 258 275 276 283 310 324 331 332 358 375 426 450 457 473 477 493 518 571 579 593 616 618 639 661 703 724 846 907 908 951 986 988
7 0 21 102 170 397 398 404
49 0 1 6 7 9 13 18 25 26 27 31 41 43 52 63 67 68 79 84 100 116 134 180 185 198 201 202 223 240 260 298 302 350 361 380 440 491 498 600 691 695 751 787 860 872 889 911 925 963
32 0 1 8 11 12 14 23 25 31 50 70 81 126 138 149 150 158 188 196 210 211 229 284 290 485 488 521 577 582 603 718 753
24 0 1 10 16 24 27 30 40 44 48 102 136 163 197 242 267 327 369 418 482 625 732 869 963
10 0 3 20 32 111 267 378 637 680 869
20 1 3 13 15 33 184 192 232 265 317 379 386 464 583 636 735 824 862 871 915
19 1 4 10 19 65 103 137 168 261 319 334 408 414 629 662 741 904 940 971
27 0 3 19 21 23 76 99 135 164 175 184 207 215 250 339 353 382 428 435 597 607 657 745 754 792 927 982
14 5 8 22 32 201 271 419 447 495 583 712 714 908 923
23 0 4 12 30 48 71 86 95 151 153 191 273 340 347 395 419 459 498 706 741 821 845 956
16 4 11 14 34 53 80 109 110 132 143 390 450 518 547 733 734
36 3 7 16 24 36 47 64 93 98 99 107 141 163 186 233 235 239 259 265 376 393 411 428 431 435 448 451 527 561 566 584 602 615 684 938 957
24 4 12 28 37 57 67 106 120 128 155 236 253 286 288 330 346 502 638 670 820 864 914 974 980
20 1 7 38 65 70 116 117 130 212 362 381 394 417 516 565 573 619 655 848 867
21 5 13 17 35 50 54 59 76 92 125 131 176 259 353 359 430 676 764 842 861 912
4 0 16 41 241
11 0 3 35 59 101 121 251 315 358 425 453
15 8 9 45 51 61 66 93 117 125 228 268 346 357 476 620
9 0 6 29 78 112 134 370 504 930
9 2 9 135 170 216 460 481 756 959
6 0 10 39 726 780 835
3 4 9 336
10 5 13 49 55 194 256 377 437 839 924
48 3 4 26 29 39 47 54 57 58 69 72 85 88 90 91 98 107 148 151 171 179 192 208 213 245 255 268 280 333 361 413 473 494 522 535 549 557 585 599 642 655 775 787 841 847 858 981 985
3 3 25 640
18 3 5 44 61 68 122 140 144 179 200 285 295 297 308 524 633 689 897
18 1 14 37 74 105 144 167 209 309 329 372 381 634 771 822 877 921 978
24 20 25 33 56 60 62 119 147 156 172 218 315 319 360 474 535 564 570 605 664 759 770 800 831
24 5 11 55 71 77 122 129 132 157 159 173 266 304 335 384 402 485 492 495 715 744 793 874 997
13 3 4 56 233 253 254 274 298 305 395 452 604 805
11 6 10 62 77 178 229 334 344 431 506 679
7 7 29 75 80 467 649 928
18 1 12 46 52 69 209 312 318 335 355 412 527 533 673 727 936 950 992
13 16 18 124 142 167 222 301 438 452 532 666 899 937
23 0 13 40 64 126 154 243 252 262 282 355 384 401 434 504 526 531 552 625 663 750 892 921
11 14 28 78 146 225 238 328 469 496 716 765
7 1 15 186 307 387 574 671
5 22 25 46 213 462
7 5 36 63 262 280 376 889
15 3 17 94 106 200 252 301 332 359 439 444 461 569 730 742
12 0 1 45 95 96 100 159 255 417 592 933 968
5 0 3 73 279 365
2 5 27
13 19 42 58 60 161 188 338 364 385 464 608 710 977
4 34 39 207 418
5 13 25 85 271 690
16 5 11 51 79 108 113 115 177 232 291 374 401 577 580 611 929
7 0 24 436 489 613 644 775
8 4 16 83 154 294 534 705 798
3 19 48 635
14 3 34 109 112 127 139 277 420 442 502 589 689 838 850
3 1 12 161
10 16 25 110 164 176 178 264 322 534 708
5 24 30 113 148 371
3 29 31 248
3 14 25 509
7 25 45 89 104 326 343 408
7 16 18 171 205 433 778 903
10 29 45 66 82 174 193 220 536 581 760
3 19 27 326
3 29 32 198
18 3 40 108 114 191 195 234 254 333 350 510 525 639 665 706 834 837 970
10 13 36 87 129 168 390 434 621 685 925
13 8 15 73 190 295 300 465 551 579 587 630 643 648
11 19 60 118 146 169 331 397 515 650 772 868
4 3 14 205 250
8 3 27 86 296 480 576 846 994
12 25 34 74 131 149 304 524 548 614 735 784 797
6 4 15 111 272 576 693
15 11 30 72 75 94 203 249 313 314 460 687 809 810 912 953
3 25 71 829
7 43 65 123 239 343 461 784
8 28 69 362 470 522 588 662 816
2 33 71
7 9 16 388 497 538 611 891
3 30 32 653
6 20 37 83 140 469 842
20 3 48 84 87 96 152 160 180 236 237 243 306 313 330 422 457 462 619 721 920
3 12 33 999
2 0 4
7 1 60 264 486 573 851 973
7 50 78 91 512 651 674 976
16 3 79 214 235 287 318 339 347 396 449 468 675 762 774 806 972
11 25 47 90 158 399 540 632 636 647 667 866
3 11 68 700
12 64 79 124 130 190 224 406 437 449 559 919 989
4 0 25 279 942
6 1 58 303 414 545 997
2 25 85
8 25 83 97 173 621 632 853 965
4 0 16 212 240
4 13 19 388 514
9 41 71 175 341 357 369 484 555 627
5 11 42 297 308 743
6 42 79 138 429 531 926
11 1 91 272 316 383 413 565 652 795 859 903
11 13 25 101 118 127 166 199 278 367 396 955
3 9 13 181
6 3 42 115 141 145 855
5 18 98 105 680 973
4 2 5 114 548
7 1 8 195 242 247 463 604
7 0 58 150 282 312 652 826
5 28 101 316 391 432
2 14 41
7 13 25 445 560 588 801 861
2 48 63
7 12 52 133 202 227 375 948
4 12 54 139 617
5 6 70 120 203 476
5 20 52 247 645 835
4 48 55 248 832
5 63 102 231 783 972
4 48 100 367 938
6 3 15 571 657 688 977
7 15 19 251 294 306 478 836
4 66 98 673 922
4 0 29 128 606
6 14 111 379 412 505 918
7 1 18 162 244 572 746 828
4 27 30 285 854
8 1 73 133 136 216 226 767 870
6 35 87 142 219 864 935
7 16 19 582 627 664 688 778
7 4 36 227 404 420 607 760
7 52 98 155 187 477 909 933
3 14 119 853
7 30 64 204 575 586 826 991
7 15 87 245 513 786 944 998
4 16 69 446 931
3 12 30 946
5 109 123 423 425 426
5 3 20 349 493 567
7 9 21 269 293 624 694 960
8 5 123 137 153 219 458 747 909
9 8 136 258 320 344 373 500 739 900
7 4 96 274 371 761 879 947
5 52 110 169 299 446
13 27 78 181 185 283 352 416 568 629 766 813 831 904
4 13 100 729 990
7 35 124 156 189 217 430 595
3 1 12 628
7 27 28 165 322 513 562 610
8 0 100 196 226 503 532 788 928
3 37 66 497
2 1 29
3 25 55 421
5 4 69 189 299 759
8 4 104 214 321 710 724 793 941
4 11 25 221 506
5 1 79 552 682 875
2 11 136
5 36 50 291 466 549
8 14 127 354 385 403 614 811 868
10 29 142 183 244 407 501 541 644 822 936
5 0 30 360 436 772
5 4 85 348 813 883
5 30 42 218 311 860
7 1 79 394 487 597 661 905
4 45 53 456 678
5 0 121 246 781 803
6 5 13 730 805 818 985
6 9 54 471 520 797 987
10 1 144 177 182 222 249 305 455 873 900
15 0 98 182 223 288 351 421 475 489 609 650 681 686 895 976
8 28 35 193 220 270 441 626 866
4 8 64 542 641
3 66 139 340
4 2 21 591 929
5 25 59 174 187 372
5 0 29 199 572 825
2 30 91
3 60 171 720
2 9 94
4 16 54 656 913
7 48 165 292 445 553 647 659
7 32 54 341 463 499 578 683
4 25 27 237 653
3 3 79 809
4 99 140 303 325
9 165 166 225 286 363 609 630 780 878
9 1 156 208 234 260 336 666 894 954
2 7 9
4 3 140 256 410
3 13 38 769
8 127 171 206 448 517 539 930 934
8 4 45 266 275 289 424 443 468
8 142 149 230 277 515 525 893 981
4 65 87 766 779
3 11 63 563
2 7 25
2 60 167
4 0 24 699 808
7 63 103 217 728 732 796 893
4 4 145 589 857
5 1 5 537 711 857
9 3 62 210 230 479 500 645 703 964
2 98 172
6 27 41 278 393 740 952
3 3 10 287
6 3 109 366 370 554 643
5 71 111 757 848 856
5 0 129 533 825 867
4 59 67 215 808
2 1 187
2 9 46
2 25 183
2 28 34
3 4 198 323
4 1 4 456 777
2 15 92
4 25 39 683 823
3 84 150 884
4 9 205 354 856
2 21 123
4 142 195 307 387
7 29 159 231 246 566 651 781
3 124 136 382
6 60 167 311 324 514 726
3 1 151 923
3 35 165 300
2 3 166
7 0 87 622 671 681 894 974
4 37 182 290 429
4 123 145 403 987
2 109 126
2 1 19
11 4 32 281 327 402 467 519 691 708 755 817
5 189 198 483 646 709
5 114 218 270 432 512
2 7 48
3 13 31 763
5 63 183 743 896 983
7 13 84 373 409 491 790 799
5 14 79 281 314 967
4 79 179 348 410
2 0 37
6 13 73 484 488 697 833
2 3 92
4 0 17 820 946
2 5 103
2 36 79
3 121 156 411
6 25 130 284 368 475 633
4 162 218 539 843
2 103 112
8 56 113 263 293 325 392 543 648
4 71 165 257 323
5 9 67 423 768 819
4 18 117 273 686
4 36 41 458 753
3 14 31 478
3 31 63 782
4 25 42 802 944
2 24 185
2 1 249
6 1 137 405 433 623 765
2 13 16
10 3 183 269 310 405 523 788 839 917 980
2 0 8
3 36 40 725
3 0 248 727
2 54 82
4 7 13 337 374
3 30 188 677
5 5 6 637 646 774
3 19 25 472
2 135 260
6 167 231 296 503 722 888
2 10 47
3 70 97 882
2 11 251
8 31 138 399 511 536 584 779 961
4 1 188 490 713
6 0 1 415 453 736 965
9 52 189 320 377 383 494 521 748 885
2 98 200
6 43 88 302 391 519 677
7 25 40 292 349 406 508 752
4 229 236 847 891
2 36 104
4 1 140 530 785
2 4 245
3 27 122 725
3 14 182 612
2 84 201
3 14 166 442
8 0 188 366 553 717 731 924 955
2 4 225
3 48 154 641
3 177 280 803
3 135 248 890
3 50 117 663
3 27 65 342
4 68 270 769 991
2 27 95
2 3 31
2 139 149
2 65 222
3 35 41 656
6 3 279 368 392 789 901
5 89 181 562 785 789
2 30 69
3 31 165 593
4 79 117 602 969
5 38 217 342 364 982
8 27 95 409 558 702 827 832 952
2 0 28
5 1 260 317 345 872
3 159 220 540
7 34 104 337 356 508 617 742
2 71 79
4 71 236 545 555
4 18 29 628 819
2 97 105
4 7 310 496 888
3 34 84 618
5 8 29 338 363 811
4 137 277 365 424
5 0 150 351 733 782
3 54 144 444
3 210 249 738
3 1 220 658
2 181 248
2 58 61
2 5 229
2 0 37
8 0 28 440 447 605 682 747 916
2 14 79
4 1 66 815 886
4 1 41 422 892
2 25 63
3 8 32 345
3 30 34 740
3 23 183 836
3 265 312 590
3 45 319 389
3 9 84 818
4 11 169 439 674
3 94 178 400
3 295 307 510
3 58 73 386
2 32 137
4 310 334 378 380
4 14 19 658 695
2 11 84
4 158 237 669 692
6 134 280 352 511 669 943
3 3 63 715
2 166 321
5 140 349 546 752 920
2 9 16
3 155 215 528
3 34 36 624
2 0 312
2 19 94
2 1 18
3 16 41 427
5 29 157 623 804 947
7 3 25 441 470 560 591 887
3 15 74 501
3 182 319 807
3 45 307 679
2 43 320
3 202 289 509
5 98 115 556 722 885
2 245 302
2 5 94
2 20 202
3 55 138 407
3 28 171 438
2 137 235
2 48 265
2 1 109
4 13 40 551 714
3 24 277 601
2 6 345
3 7 120 544
2 3 345
2 15 28
6 9 219 443 544 598 914
3 97 277 389
8 30 36 465 568 575 738 935 984
3 45 155 598
5 7 343 455 541 612
4 38 217 748 767
2 76 93
3 338 383 927
3 12 64 881
2 105 279
2 248 302
2 13 200
2 15 160
4 11 31 459 907
8 84 98 415 557 670 704 786 851
5 2 66 398 538 761
4 2 397 561 659
4 85 274 472 601
3 0 341 709
3 36 48 685
2 30 229
4 155 226 454 474
3 2 126 507
2 258 260
2 87 280
7 156 371 466 481 507 879 880
2 8 58
2 235 308
5 185 237 570 801 988
3 13 244 764
3 34 120 482
8 25 97 454 592 654 693 723 964
6 8 89 499 812 844 863
2 276 396
3 0 140 776
2 15 42
2 5 46
3 10 11 719
3 52 126 665
3 148 166 596
4 79 332 471 599
5 133 250 480 649 696
5 188 320 517 878 999
2 18 133
3 1 133 672
3 0 359 776
2 9 13
3 96 225 945
3 16 142 559
6 13 32 547 837 957 975
3 105 231 966
3 59 258 886
5 36 64 492 596 749
4 9 13 516 529
2 49 157
3 24 87 526
5 35 372 777 881 996
4 41 340 600 699
2 3 329
6 167 361 546 586 622 898
2 52 288
4 188 382 608 721
3 41 322 479
2 107 177
3 131 139 994
3 10 329 899
2 13 187
3 84 87 800
2 1 12
2 0 13
4 31 35 758 911
2 18 276
5 403 413 631 773 887
3 165 386 807
3 161 211 863
3 1 79 684
3 136 252 558
3 11 395 567
5 21 71 594 626 937
3 41 73 833
5 39 79 554 638 865
2 103 178
2 7 45
3 65 384 702
2 154 407
4 33 229 713 802
2 84 188
2 37 78
5 74 361 581 701 750
3 164 422 763
2 268 399
2 1 25
4 29 403 520 791
4 166 245 483 845
3 19 111 616
2 1 127
2 117 253
2 198 444
2 68 423
2 21 407
2 5 412
2 230 475
3 94 239 486
3 4 30 556
5 82 484 828 896 979
3 0 160 490
2 4 239
5 49 166 550 796 919
3 275 487 880
4 3 235 660 954
2 30 434
4 1 134 729 830
2 25 277
2 10 30
4 37 317 700 791
7 76 146 676 704 731 844 993
2 3 11
2 178 414
2 137 198
2 156 362
2 14 52
2 145 270
3 20 36 840
4 0 120 634 744
2 32 151
3 404 407 926
4 280 312 906 949
4 57 366 841 932
3 63 342 711
2 274 349
3 83 231 871
3 130 144 528
5 93 220 542 550 882
3 66 189 523
3 15 435 610
3 187 424 962
4 1 12 530 949
3 229 279 734
2 164 474
3 4 277 943
2 25 74
2 260 515
4 27 69 707 951
2 63 189
6 36 437 590 667 717 865
2 13 34
3 354 513 940
2 0 435
2 283 518
3 36 96 631
4 35 145 737 862
4 34 204 668 816
2 50 54
3 25 29 823
2 60 274
2 0 197
4 76 397 745 918
2 187 246
2 85 311
2 156 386
2 168 514
3 0 248 756
4 379 382 694 901
2 89 314
3 352 441 678
3 12 431 603
3 69 102 587
2 25 154
3 489 514 716
3 65 376 594
2 36 152
3 177 289 642
3 202 462 814
2 94 314
2 367 485
3 25 396 902
2 308 458
2 87 430
4 107 361 563 956
3 13 398 905
4 144 303 692 840
2 191 560
4 0 29 578 749
6 15 97 569 580 723 979
2 13 218
2 134 459
2 140 384
3 41 565 698
4 29 410 585 804
2 1 116
2 121 172
2 15 82
2 0 38
2 129 384
3 68 70 654
3 4 48 829
2 178 564
3 1 65 895
3 48 565 620
4 60 470 815 998
4 4 125 675 697
2 7 10
2 13 274
2 25 570
2 129 441
2 65 548
2 74 107
3 52 196 635
2 337 526
4 170 361 754 849
2 42 413
9 1 305 606 615 668 810 855 873 934
2 460 551
2 0 142
4 421 434 849 854
4 9 160 773 812
2 382 385
3 25 422 992
2 3 439
2 377 399
2 13 306
2 4 547
3 31 103 960
3 29 329 932
3 119 593 874
2 9 126
4 45 443 762 971
2 166 182
2 144 516
3 48 76 794
2 286 386
2 0 49
2 69 155
2 13 593
2 1 476
2 110 312
2 1 318
2 15 79
2 19 580
2 64 91
4 224 441 720 910
4 258 360 687 969
3 135 355 758
3 5 36 783
2 167 460
2 94 125
4 143 315 660 792
2 8 140
2 65 182
3 454 531 707
3 85 91 718
2 27 245
2 28 505
4 51 589 696 877
2 7 85
2 6 267
2 14 462
2 1 63
2 0 26
4 168 291 757 958
2 25 553
2 65 202
2 49 156
2 112 198
2 230 267
4 85 177 814 843
3 65 248 852
3 33 423 672
2 66 166
3 83 218 870
3 97 104 728
2 77 179
2 413 576
2 15 25
2 176 301
2 9 116
2 324 346
2 177 398
2 491 628
2 1 160
3 8 74 838
2 36 294
2 29 125
2 63 420
2 35 183
2 85 526
2 533 593
5 348 349 690 821 915
2 14 396
3 38 224 950
3 426 649 705
4 34 118 701 995
3 83 340 967
2 84 582
2 16 497
2 266 279
2 161 546
3 32 364 698
2 6 101
4 166 224 817 995
2 152 329
3 178 213 916
2 13 457
3 64 401 962
2 166 251
2 71 623
2 116 125
2 27 52
2 47 669
3 3 229 799
2 348 562
2 70 413
2 135 544
2 3 346
2 423 635
2 239 582
2 569 679
2 194 439
2 86 496
2 470 673
2 308 465
2 1 198
4 396 497 719 983
2 50 672
2 11 63
3 524 631 755
3 54 229 770
3 230 400 746
2 45 150
2 197 510
2 0 10
2 275 467
2 10 376
2 30 350
2 37 550
2 289 526
2 4 632
2 419 704
3 174 622 884
2 79 443
2 270 367
2 413 565
3 1 150 876
4 262 285 771 850
2 22 220
2 34 263
2 195 652
2 141 493
2 41 163
2 289 497
3 5 195 768
2 12 321
2 12 519
2 7 69
2 0 276
2 0 532
2 323 384
2 0 137
3 200 335 794
2 8 11
3 41 312 806
2 95 234
2 30 505
3 9 538 958
2 121 709
2 136 329
2 277 387
2 434 564
2 36 470
2 0 3
2 280 352
4 4 252 798 917
2 9 591
2 229 707
3 21 543 975
4 203 641 824 970
2 452 624
2 29 149
2 60 126
4 138 397 830 990
2 84 608
3 233 471 876
3 16 411 883
2 37 258
2 140 190
2 123 387
2 250 732
3 186 296 790
2 29 708
2 28 725
2 66 157
2 454 597
3 84 267 852
2 25 49
2 416 427
2 211 438
3 59 125 795
2 190 274
2 22 182
2 162 218
2 254 321
2 114 625
2 69 73
3 283 303 834
3 130 396 906
2 3 25
2 145 260
2 302 303
2 235 769
2 474 496
2 9 628
2 30 150
2 611 740
2 97 778
2 195 489
2 69 164
2 50 753
2 235 691
2 29 449
2 107 410
2 255 467
2 162 292
2 360 570
2 31 163
2 84 742
2 363 455
2 194 205
2 71 180
2 71 593
2 155 319
2 414 597
2 140 158
2 554 647
3 331 581 827
2 74 533
2 229 681
2 163 339
2 250 315
2 14 241
2 11 669
2 28 156
2 213 535
3 7 757 953
3 172 204 966
2 104 129
2 308 815
3 121 486 902
2 72 577
2 493 761
3 29 140 931
2 113 308
2 239 461
3 63 785 939
2 22 112
2 117 336
2 63 431
4 52 662 898 941
3 24 260 945
2 504 562
2 25 509
2 16 78
2 246 647
2 414 497
2 11 475
2 1 68
2 25 281
2 15 203
2 591 596
2 52 725
2 82 396
2 648 774
2 91 128
2 122 596
2 100 593
2 203 215
2 196 197
2 0 25
3 0 97 968
3 3 159 897
2 16 107
2 7 532
2 414 456
2 14 124
2 462 526
2 85 167
2 15 204
2 66 155
2 5 6
2 123 651
2 7 512
2 3 310
2 165 593
2 30 606
2 0 152
2 724 763
3 28 635 984
2 182 424
3 138 407 993
2 407 490
2 390 438
4 272 514 939 948
2 158 764
2 214 720
2 277 367
2 331 433
2 361 454
2 270 317
2 3 40
2 0 293
2 76 281
2 36 332
2 189 195
2 183 224
2 166 579
2 234 486
2 27 860
2 441 838
3 35 447 910
3 137 165 959
2 302 544
2 557 828
2 59 97
3 8 140 989
2 160 561
2 508 786
2 1 395
3 1 10 942
2 127 136
2 622 899
3 3 452 922
2 16 71
2 0 176
2 14 382
2 7 669
2 329 683
2 260 753
2 120 538
2 87 489
2 79 352
3 28 36 978
2 118 911
2 10 221
2 24 289
2 3 64
2 96 507
2 9 389
2 33 145
2 48 170
2 20 187
2 131 831
2 509 605
3 42 127 961
2 187 593
2 124 384
2 34 156
2 35 460
2 13 115
2 834 882
2 8 528
2 150 838
2 88 908
2 349 521
2 130 255
2 429 839
2 132 241
2 138 360
2 109 882
2 508 518
2 34 671
2 1 524
2 200 308
2 71 824
2 183 491
2 98 289
2 11 560
2 13 431
2 641 745
2 21 900
2 135 604
2 274 933
2 517 685
2 3 5
2 198 413
2 91 276
2 432 825
2 236 674
2 42 859
2 306 623
2 63 757
2 8 608
2 84 114
2 82 101
2 14 224
2 431 756
2 83 166
2 45 116
2 28 921
2 486 565
2 14 260
2 25 189
2 9 307
2 234 704
2 384 877
2 25 163
2 0 1
2 164 226
2 1 410
2 87 904
2 141 761
2 129 296
2 34 599
2 497 879
2 68 446
2 673 681
2 0 438
2 30 89
2 130 581
2 80 424
