100
9 1 2 3 5 7 20 46 49 54
11 0 2 3 4 12 16 28 35 48 51 92
13 0 1 5 9 11 23 37 38 39 40 62 81 90
5 0 1 6 14 31
5 1 6 46 53 61
5 0 2 41 57 96
6 3 4 47 64 92 95
5 0 8 14 27 34
4 7 10 24 29
3 2 19 26
3 8 12 22
13 2 69 13 19 21 22 25 34 36 74 87 89 99
3 1 10 54
6 69 11 53 73 76 86
2 3 7
3 30 33 91
1 1
1 55
1 41
4 9 11 25 47
2 0 87
2 11 82
3 10 11 67
4 2 35 37 44
1 8
2 11 19
1 9
2 7 50
3 1 52 58
2 8 40
3 15 33 42
4 3 42 65 84
4 72 38 48 85
2 15 30
3 7 11 66
3 1 23 79
2 11 44
2 2 23
4 2 32 45 60
1 2
5 2 70 29 78 56
2 5 18
3 30 31 57
2 81 82
3 23 36 60
1 38
2 0 4
2 6 19
3 1 68 32
3 0 83 56
3 71 27 98
2 1 90
1 28
3 4 13 55
8 0 12 76 79 84 62 64 94
3 17 53 59
3 40 49 67
4 5 75 42 63
2 28 59
3 55 58 96
3 73 38 44
1 4
2 2 54
1 57
3 6 54 91
2 71 31
1 34
4 22 89 56 97
1 48
2 11 13
1 40
2 65 50
1 32
4 13 60 74 88
2 11 73
1 57
3 13 54 97
1 93
1 40
2 35 54
1 94
2 2 43
3 21 43 86
1 49
2 31 54
1 32
2 13 82
2 11 20
1 73
2 11 67
2 2 51
3 15 64 93
2 1 6
2 77 91
2 80 54
1 6
2 5 59
2 76 67
1 50
1 11
