200
20 1 2 3 4 6 7 11 12 20 22 24 63 72 76 82 89 95 122 126 139
18 0 2 3 4 5 9 21 22 41 53 56 57 60 80 85 119 133 157
14 0 1 6 15 16 25 31 32 35 47 65 81 91 177
14 0 1 5 7 8 13 15 43 49 52 68 74 88 156
8 0 1 10 14 16 18 48 146
7 1 3 29 82 94 97 183
10 0 2 13 69 105 140 142 162 187 195
4 0 3 18 33
6 3 31 54 149 178 185
5 1 21 29 46 144
4 4 11 19 114
3 0 10 76
7 0 17 39 47 104 121 188
3 3 6 98
4 4 24 63 115
9 2 3 17 34 36 38 59 78 87
10 2 4 32 50 59 66 90 93 148 182
7 12 15 26 27 55 94 168
6 4 7 33 45 106 160
5 10 42 51 58 191
8 0 124 28 43 83 106 121 146
4 1 9 92 107
4 0 1 23 189
4 22 26 99 143
2 0 14
4 2 39 44 86
6 125 17 23 30 134 163
2 17 65
5 20 37 45 109 152
8 5 9 127 62 90 117 133 136
2 26 110
3 2 8 67
2 2 16
5 7 18 34 79 153
2 15 33
6 2 37 53 56 116 144
4 15 111 147 151
11 129 28 35 42 46 62 72 112 115 186 197
2 15 44
3 12 25 150
1 176
3 1 48 166
6 19 37 51 71 178 190
5 3 20 142 73 163
5 25 38 54 184 189
3 18 132 28
4 9 37 78 199
5 2 12 130 101 119
4 4 41 71 184
3 3 84 164
5 16 131 165 173 183
7 19 139 42 55 61 70 114
3 3 95 157
2 1 35
3 8 44 171
4 17 51 60 77
3 1 35 140
2 1 79
1 19
2 15 16
4 1 55 81 98
3 51 86 181
4 29 37 165 167
3 0 14 170
2 70 181
6 2 27 150 68 120 194
2 16 192
3 31 69 170
3 3 65 96
2 6 67
4 51 64 92 107
3 42 48 105
2 0 37
1 43
1 3
1 113
2 0 11
1 55
5 15 148 46 88 103
4 33 57 80 96
2 1 79
2 2 60
2 0 5
1 20
7 125 135 49 167 111 123 193
1 1
3 25 61 161
3 15 101 112
2 3 78
2 0 155
3 16 29 100
2 2 103
4 21 70 100 195
7 16 128 154 113 174 176 192
5 5 17 171 99 102
2 0 52
3 68 159 79
1 5
2 13 60
3 23 94 108
2 90 92
3 47 87 123
2 169 94
2 78 91
1 12
3 6 71 185
8 18 20 131 132 159 117 190 196
4 21 70 161 166
2 99 187
1 28
2 30 164
4 36 141 84 118
2 37 87
2 75 93
3 10 129 51
3 124 14 37
3 35 149 179
3 29 154 106
1 111
4 1 47 158 175
1 65
2 12 20
2 0 160
2 84 101
6 20 115 137 151 155 179
2 84 26
1 0
1 29
1 93
2 114 37
1 47
2 106 50
2 106 45
2 1 29
2 26 199
1 84
1 29
1 124
1 162
2 0 51
3 6 56 172
1 111
2 6 43
1 23
2 9 35
1 153
2 4 20
2 36 156
2 16 78
2 8 116
2 39 65
2 124 36
1 28
2 33 145
2 117 93
2 124 89
2 3 147
2 1 52
1 119
2 106 96
2 18 122
2 107 86
2 6 138
2 26 43
4 49 110 175 198
2 50 62
2 41 107
2 62 84
1 17
1 102
2 63 67
2 54 94
1 140
1 50
1 93
2 164 119
2 40 93
2 2 182
2 8 42
2 124 116
1 196
2 61 64
2 16 177
3 5 50 197
2 44 48
2 8 105
1 37
2 6 108
1 12
3 22 44 193
2 42 106
1 19
2 66 93
2 84 189
1 65
2 6 92
2 180 106
2 37 183
1 164
2 134 46
