600
33 1 2 3 4 5 6 9 10 16 18 33 38 39 44 75 95 117 125 130 135 149 168 180 194 202 212 239 336 350 385 462 463 530
37 0 3 4 5 7 8 14 25 31 35 38 70 76 81 85 97 99 119 129 143 155 171 191 201 202 225 236 240 257 328 342 401 412 430 456 556 577
6 0 19 133 281 282 285
32 0 1 6 7 9 12 16 22 23 24 28 37 39 47 60 61 69 83 107 150 167 193 217 219 259 305 340 442 531 534 545 564
22 0 1 8 10 11 13 20 22 28 45 111 120 121 146 158 172 208 337 360 392 451 470
11 0 1 15 21 24 27 36 40 43 109 460
5 0 3 18 29 89
11 1 3 12 14 30 175 231 269 273 461 532
13 1 4 17 58 85 110 194 232 241 289 293 431 571
16 0 3 17 19 20 67 108 128 137 161 185 253 270 403 467 565
13 0 4 11 27 43 63 73 79 199 246 279 317 523
6 4 10 13 31 88 106
21 3 7 15 21 33 42 57 77 82 87 114 144 176 178 181 192 311 395 406 411 570
16 4 11 25 34 51 60 96 102 123 179 188 210 211 250 586 590
10 1 7 35 58 93 104 260 295 386 524
14 5 12 32 45 48 53 67 100 105 138 192 253 300 435
10 0 3 32 53 84 97 186 230 257 313
15 8 9 41 46 55 59 77 93 100 171 196 250 256 327 414
6 0 6 26 68 90 107
8 2 9 108 133 162 332 471 580
3 4 9 243
9 5 12 44 49 149 190 268 304 521
28 3 4 23 26 42 48 51 52 62 72 75 82 87 134 140 156 159 182 189 196 206 259 292 343 361 369 396 591
2 3 22
18 3 5 40 55 61 98 113 116 140 152 209 214 216 224 363 420 441 550
12 1 13 34 65 86 116 131 157 239 267 421 562
24 18 22 30 50 54 56 95 119 124 135 164 230 232 258 325 369 385 389 407 432 473 482 501 515
16 5 10 49 63 98 103 106 125 126 221 242 341 466 494 536 597
9 3 4 50 176 188 200 217 222 279
5 6 56 172 241 248
5 7 26 66 320 424
9 1 11 47 62 157 227 242 255 434
7 15 16 115 131 166 367 552
12 0 12 36 57 122 187 195 255 283 302 365 562
10 13 25 68 118 169 180 322 344 450 477
4 1 14 144 274
5 5 33 195 206 545
7 3 78 152 187 308 318 388
11 0 1 41 79 80 83 126 189 295 569 584
5 0 3 64 205 262
2 5 24
9 17 38 52 54 127 146 245 272 448
3 12 22 72
12 5 10 46 69 91 92 139 175 283 392 393 566
4 0 21 303 338
8 4 15 71 122 213 368 445 499
2 17 43
9 3 31 90 101 112 203 398 441 520
8 15 22 88 128 138 234 368 447
4 21 27 91 266
3 26 28 183
3 13 22 353
6 22 41 76 238 247 289
7 15 16 134 154 301 485 555
9 26 41 59 70 136 165 370 394 474
3 17 24 238
3 26 29 150
7 12 33 74 103 302 438 564
6 8 14 64 148 214 423
11 17 54 94 118 132 240 281 356 425 483 533
4 3 13 154 185
7 3 24 73 215 331 391 595
12 22 31 65 105 120 221 363 378 410 461 488 498
9 10 27 66 78 153 184 228 229 440
7 39 58 99 181 247 318 488
7 25 62 260 323 361 397 431
2 30 63
6 9 15 275 345 371 546
5 18 34 71 113 322
9 3 43 74 80 179 223 228 297 453
3 1 54 335
3 45 68 588
4 22 42 373 419
3 10 61 443
9 57 69 104 148 168 287 304 312 382
4 0 22 205 573
6 1 52 220 293 376 597
4 12 17 275 355
6 37 63 137 256 334 380
5 10 38 216 224 465
3 38 69 111
7 1 271 292 386 496 530 555
10 12 22 84 94 101 130 151 204 264 280
6 3 38 92 114 117 528
3 16 82 86
2 1 8
3 25 84 277
5 12 22 309 383 397
4 11 48 112 413
4 6 96 153 327
4 18 47 422 518
4 43 49 183 516
4 43 83 264 570
7 14 17 186 213 223 329 519
4 59 82 434 563
4 0 26 102 408
5 13 89 269 350 561
4 1 16 390 512
4 24 27 209 527
6 1 64 109 162 170 479
4 15 17 432 485
7 47 82 123 145 328 557 569
3 13 95 526
2 27 57
7 14 74 182 354 489 574 598
4 15 62 310 567
2 11 27
4 3 18 342 387
3 9 19 197
5 5 99 110 316 557
8 8 109 191 233 248 347 463 553
7 4 80 200 266 475 538 576
5 47 88 132 218 310
6 24 68 141 252 478 515
4 12 83 459 593
5 32 124 147 163 300
5 24 25 129 234 354
6 0 83 170 349 367 490
3 34 59 345
2 1 26
5 4 62 147 218 473
6 4 160 448 456 494 572
3 33 45 319
8 13 101 254 272 284 410 506 533
6 26 115 143 288 348 374
5 0 27 258 303 483
5 27 38 164 226 531
2 41 436
6 9 48 324 359 498 592
10 1 116 139 142 166 184 222 315 535 553
14 0 82 142 167 211 251 296 326 338 425 437 439 548 588
5 25 32 165 198 306
3 59 112 246
4 2 19 400 566
5 22 53 136 145 267
5 0 26 151 390 510
3 54 134 452
2 9 78
2 15 48
4 43 129 309 428
2 22 24
3 113 220 237
6 129 130 169 210 261 487
7 1 124 156 177 193 243 579
3 12 35 481
6 101 134 155 311 357 372
7 4 41 201 212 299 307 321
8 115 120 173 203 356 364 547 591
4 58 74 478 486
3 0 21 505
7 3 56 158 173 330 347 422
2 82 135
5 24 37 204 464 578
5 63 89 472 524 529
4 53 60 161 505
2 1 145
2 22 143
2 25 31
3 4 150 235
2 22 509
2 121 540
4 9 154 254 529
2 19 99
2 115 274
3 26 126 174
6 54 131 226 236 355 458
2 32 129
2 3 130
5 0 74 415 437 586
2 34 142
4 99 117 284 592
2 1 17
7 4 29 207 320 358 442 447
3 147 150 333
2 164 198
2 7 43
3 12 28 476
3 143 465 549
5 12 290 340 492 500
5 13 69 207 229 583
2 0 34
5 12 64 334 337 517
6 22 104 208 265 326 420
5 50 91 237 278 423
3 63 129 235
5 9 60 298 480 508
4 16 93 199 439
4 33 37 316 470
3 13 28 329
4 22 38 502 574
1 21
6 1 110 286 301 416 477
2 12 15
10 3 143 197 225 286 362 490 521 560 590
2 0 8
3 33 36 457
2 17 22
2 108 193
6 131 174 215 349 454 544
2 10 186
6 28 111 370 395 486 581
4 1 146 339 449
4 0 1 294 313
9 47 147 233 268 271 343 360 468 541
2 82 152
5 39 75 219 277 358
4 22 36 287 352
3 172 179 546
2 4 182
3 24 98 457
3 13 142 409
2 13 130
3 0 146 263
2 45 93
2 24 58
3 61 198 481
2 24 79
2 3 28
2 112 120
6 3 205 265 278 491 554
3 76 141 491
2 27 62
3 28 129 401
4 69 93 406 585
8 24 79 290 381 444 511 516 578
5 1 193 231 249 534
3 126 165 373
4 31 244 352 413
2 63 69
4 63 179 376 380
4 16 26 417 508
4 7 225 344 544
5 8 26 245 261 506
4 110 203 262 299
3 48 116 308
2 158 184
3 1 165 427
2 141 183
2 52 55
5 0 25 305 407 559
4 1 59 507 542
3 8 29 249
3 27 31 464
3 20 143 519
2 227 399
3 41 232 276
2 10 132
3 52 64 273
2 29 110
2 225 241
3 13 17 427
1 130
2 113 377
2 9 15
3 123 161 366
2 31 33
2 17 78
2 1 16
5 26 125 416 503 576
7 3 22 306 323 383 400 543
3 14 65 348
3 142 232 504
2 39 233
2 212 353
4 82 92 454 541
2 182 219
3 49 111 288
2 25 134
3 21 203 405
3 7 96 375
4 9 307 375 404
3 81 203 276
3 41 123 404
5 7 247 315 374 409
4 35 163 468 479
2 67 77
3 245 271 565
2 86 205
2 183 219
4 10 28 317 556
3 82 294 489
5 2 59 282 371 475
3 2 281 428
3 33 43 438
4 123 170 314 325
2 2 351
2 191 193
2 74 206
7 124 266 319 332 351 538 539
2 8 52
2 178 224
1 389
5 22 81 314 426 455
4 8 76 346 522
2 202 280
2 14 38
2 130 402
2 69 324
3 185 331 424
4 146 233 357 599
3 15 115 382
3 53 191 542
5 33 57 341 402 469
2 44 125
3 21 74 365
2 3 239
5 131 259 377 415 551
3 146 270 453
3 37 234 330
2 87 139
3 105 112 595
2 12 145
2 74 501
2 16 202
5 284 292 418 484 543
3 129 273 504
3 109 187 381
3 10 279 387
3 37 64 517
2 122 288
4 30 172 449 502
1 146
2 34 68
3 65 259 394
3 128 297 476
4 26 284 359 493
4 130 182 333 523
3 17 89 412
2 1 101
2 93 188
2 150 308
2 61 298
2 19 288
2 173 326
3 78 181 335
5 70 334 512 549 589
2 0 339
2 4 181
4 44 130 379 497
3 201 336 539
4 3 178 429 579
2 27 302
4 1 107 459 514
2 22 203
4 34 231 443 493
5 67 118 435 522 594
1 293
2 110 150
2 124 260
2 117 198
4 0 96 421 466
2 285 288
2 206 227
3 51 263 568
3 104 116 366
3 77 165 379
3 59 147 362
3 145 299 582
2 172 205
2 128 325
2 4 203
2 22 65
2 193 356
4 24 62 446 577
1 147
3 33 304 399
3 254 354 571
4 32 117 462 532
2 45 48
3 22 26 509
2 54 200
4 67 281 467 561
1 145
2 72 226
2 124 273
3 269 270 554
2 76 229
3 252 306 436
1 62
3 338 355 450
2 78 229
2 224 316
2 74 300
3 87 259 384
1 383
3 0 26 469
6 14 81 388 393 455 589
2 107 317
2 37 386
4 26 291 396 503
2 97 135
2 61 426
3 4 43 513
3 43 386 414
4 54 323 507 598
2 12 200
2 22 389
2 65 87
1 47
2 244 365
3 133 259 525
6 1 222 408 411 528 535
4 296 302 525 527
2 9 484
2 270 272
1 268
2 12 223
3 26 239 568
3 95 401 536
2 210 273
2 62 123
2 12 401
2 1 327
2 88 227
2 17 393
4 168 306 452 558
4 191 258 440 585
2 230 429
2 314 446
2 72 451
2 24 182
2 25 350
2 90 150
2 58 183
3 30 298 433
2 59 130
2 292 391
2 236 250
2 139 282
2 340 417
1 1
3 8 65 520
2 26 100
2 424 445
3 31 94 596
2 15 345
2 127 377
3 130 168 596
3 57 283 582
2 130 186
2 63 416
2 24 47
3 3 172 500
2 73 344
1 224
2 45 433
2 363 418
3 48 172 482
2 41 121
2 201 320
2 34 379
2 4 419
3 136 415 540
2 69 307
2 198 264
2 292 386
3 1 121 537
2 195 209
1 165
2 114 342
2 5 480
2 7 62
2 0 367
2 0 110
3 152 242 495
2 79 177
2 27 350
2 9 371
2 203 274
2 302 385
4 4 187 499 560
2 19 587
1 153
2 26 120
1 54
4 111 281 514 593
3 176 324 537
2 34 191
2 113 148
2 99 274
2 185 460
3 144 215 492
2 26 447
2 59 125
2 314 403
3 53 100 496
2 148 200
1 142
2 62 64
2 104 280
2 117 193
2 219 220
2 178 481
2 325 344
2 27 121
1 464
2 81 485
1 338
2 62 128
2 45 470
2 178 442
2 26 312
2 189 320
2 258 389
2 261 315
2 149 154
2 123 232
3 240 394 511
2 185 230
2 159 369
1 135
2 224 507
2 97 335
1 392
2 342 475
3 26 113 567
2 91 224
2 181 318
1 90
2 93 243
4 47 431 551 572
3 21 193 575
2 293 345
2 10 326
2 14 153
2 400 402
1 102
2 98 402
2 83 401
2 153 161
3 0 81 584
3 3 126 550
2 7 367
2 59 123
2 3 225
2 129 401
2 27 408
2 456 476
3 111 288 594
2 288 339
2 160 452
2 203 264
2 240 301
2 259 314
2 198 231
2 3 36
2 67 207
1 147
1 130
2 177 335
2 24 531
2 306 520
2 32 558
3 110 129 580
2 219 375
2 53 81
2 1 279
2 101 109
2 415 552
1 239
2 193 470
2 96 371
2 25 33
1 94
2 3 57
2 9 276
2 43 133
2 105 515
2 353 407
3 38 101 581
2 12 92
2 8 366
2 121 520
1 75
2 104 189
1 521
2 111 258
2 1 363
2 152 224
2 143 340
2 19 553
2 200 569
2 357 438
1 179
2 38 530
2 223 416
2 13 168
1 471
2 71 130
2 335 386
2 13 193
2 22 147
2 128 170
2 114 475
2 345 538
2 61 310
2 434 437
2 27 76
2 104 394
1 299
