1000
42 1 2 3 6 9 15 21 22 51 60 65 83 87 89 110 112 118 125 129 233 241 258 269 302 324 372 375 419 452 486 497 510 531 627 671 683 700 722 754 772 945 993
58 0 4 5 8 9 19 27 28 31 35 48 56 62 63 68 74 78 84 93 101 123 139 165 167 179 211 213 215 238 256 299 303 304 315 333 359 371 419 426 484 513 539 601 602 698 715 745 749 769 774 787 826 861 925 952 956 969 971
46 0 3 11 12 17 25 30 43 46 58 66 78 109 111 132 153 160 179 180 181 197 199 224 226 250 287 305 310 313 347 358 365 374 382 406 414 511 525 562 737 751 762 849 888 907 967
48 0 2 4 6 8 17 19 21 22 23 29 44 45 55 71 124 126 165 192 196 200 226 247 275 291 294 301 309 349 354 405 416 446 469 574 580 620 649 690 717 794 802 810 890 901 905 934 953
47 1 3 5 7 10 11 13 16 20 24 32 46 49 53 75 96 102 114 128 151 155 172 187 219 221 225 227 231 235 253 279 462 473 481 483 495 509 552 594 597 598 622 629 744 872 939 943
29 1 4 26 38 40 47 77 124 138 148 149 167 184 192 200 245 283 410 433 441 540 564 569 757 775 833 904 935 971
33 0 3 7 12 13 15 43 49 169 177 183 208 253 258 261 270 273 278 299 339 346 350 435 531 548 571 623 693 708 714 821 958 970
12 4 6 10 14 70 80 195 218 229 367 614 712
15 1 3 24 48 66 80 105 170 188 420 473 548 577 664 669
9 0 1 206 280 321 450 719 814 985
3 4 7 314
14 2 4 20 40 42 63 77 163 417 503 530 813 836 873
67 2 6 14 16 18 27 30 33 36 37 41 57 58 59 61 64 72 95 98 101 103 107 110 115 119 120 134 136 138 140 159 162 204 210 212 242 243 244 247 306 332 333 378 383 396 401 442 465 467 519 525 536 543 545 563 616 675 740 741 749 767 844 848 859 906 924 948
39 4 6 18 23 29 31 33 34 35 36 39 47 50 52 57 67 79 113 120 121 132 139 180 244 273 282 329 371 404 418 489 683 713 726 808 850 897 908 920
11 7 12 104 166 438 499 609 670 700 767 799
15 0 6 52 86 96 209 286 411 433 512 530 702 937 955 973
32 4 12 25 38 42 44 45 55 64 74 99 122 152 194 228 393 396 400 413 421 434 552 572 607 627 634 673 806 835 858 913 951
9 2 3 51 94 99 176 205 553 862
11 12 13 32 293 324 331 340 653 658 696 791
18 1 3 73 97 137 141 221 223 277 345 374 392 395 426 464 608 839 864
4 4 11 516 862
10 0 3 39 59 114 181 819 863 903 917
6 0 3 53 68 142 780
20 3 13 26 50 54 145 168 189 210 230 234 292 359 370 444 574 705 867 882 912
8 4 8 174 405 515 628 800 915
14 2 16 62 69 72 76 147 203 347 603 642 746 855 916
14 5 23 34 105 123 131 133 135 163 259 339 672 692 841
8 1 12 28 81 272 348 528 654
8 1 27 82 98 437 509 558 994
20 3 13 61 76 88 103 137 145 169 294 434 439 488 613 626 665 730 838 930 947
4 2 12 175 790
6 1 13 204 485 521 553
20 4 18 97 122 146 147 184 222 255 330 403 485 514 549 566 686 808 840 849 894
4 12 13 669 985
13 13 26 65 93 136 320 325 470 472 536 632 674 911
20 1 13 37 83 94 121 158 162 260 337 397 416 463 518 579 681 797 877 885 927
12 12 13 125 176 382 414 415 529 544 706 776 981
9 12 35 73 85 130 307 368 384 933
15 5 16 41 353 390 457 477 589 592 625 686 733 770 824 962
3 13 21 75
7 5 11 316 541 550 636 817
20 12 38 81 85 140 158 164 188 191 206 207 257 334 402 581 619 662 751 839 890
9 11 16 95 106 214 218 402 563 734
16 2 6 89 90 91 116 117 153 173 296 387 443 501 829 943 955
4 3 16 283 290
12 3 16 60 79 171 228 255 353 500 750 833 880
2 2 4
8 5 13 71 160 475 505 516 959
7 1 8 54 56 126 326 611
26 4 6 69 87 100 107 108 133 156 185 246 284 285 317 323 348 351 385 461 462 493 527 704 732 747 854
13 13 23 152 161 182 239 297 340 392 418 422 648 680
5 0 17 112 144 593
6 13 15 67 609 756 768
4 4 22 106 264
6 23 48 178 748 790 842
10 3 16 130 164 476 569 676 689 766 867
4 1 48 142 190
4 12 13 154 397
10 2 12 84 217 222 431 469 522 575 840
10 12 21 90 175 319 330 595 847 848 856
3 0 45 127
4 12 29 111 931
8 1 25 86 108 190 308 454 826
4 1 11 113 373
9 12 16 70 150 168 518 523 619 827
9 0 34 116 298 533 546 580 735 860
4 2 8 858 986
7 13 52 143 156 172 753 944
9 1 22 82 150 202 272 321 711 876
9 25 49 338 412 572 583 696 783 791
4 7 64 526 936
4 3 47 186 308
15 12 25 174 199 238 248 375 394 420 537 571 652 784 842 930
8 19 37 117 223 259 276 676 962
5 1 16 320 684 999
10 4 39 115 280 302 372 576 742 975 979
6 25 29 336 502 717 975
3 5 11 792
6 1 2 391 678 694 988
7 13 45 186 240 284 412 523
4 7 8 698 914
11 27 41 157 367 376 423 429 432 583 639 811
8 28 68 187 220 709 817 835 939
6 0 35 265 292 475 895
7 1 58 240 423 650 804 851
2 37 41
9 15 62 88 92 381 486 720 758 874
2 0 49
7 29 86 119 356 646 648 938
5 0 43 102 305 893
8 43 59 91 92 286 612 725 756
6 43 90 236 600 723 728
6 86 90 134 519 645 977
9 1 34 166 194 410 587 615 813 868
9 17 35 129 161 312 431 492 710 855
5 12 42 660 965 978
14 4 15 217 257 430 556 582 656 681 701 781 818 823 914
5 19 32 262 422 505
9 12 28 100 118 304 310 316 361 589
5 16 17 109 626 845
5 49 98 173 265 289
8 1 12 104 269 391 863 896 990
4 4 89 185 242
6 12 29 148 237 471 491
8 14 101 128 328 379 484 611 995
6 8 26 135 388 452 998
3 42 53 779
4 12 49 354 834
3 49 62 143
6 2 99 131 227 608 621
7 0 12 212 274 527 730 785
5 2 61 487 748 765
2 0 51
3 13 63 961
5 4 21 127 208 661
11 12 75 151 289 335 360 407 692 729 866 954
3 43 65 189
2 43 73
7 0 98 171 342 456 487 743
6 12 88 663 693 753 903
3 12 13 144
5 13 35 141 198 584
5 16 32 261 506 649
2 1 26
11 3 5 232 235 260 267 366 599 722 856 877
2 0 36
4 3 48 643 782
4 60 114 234 267
4 4 104 149 183
4 0 94 241 319
7 37 55 196 207 266 480 575
6 26 109 159 203 263 718
5 2 13 154 326 436
3 26 49 522
2 12 92
7 26 105 178 311 313 644 853
4 12 34 398 560
8 19 29 251 361 364 380 424 483
9 5 12 205 232 344 395 451 803 984
3 1 13 295
4 12 41 209 224
3 19 121 157
4 22 56 551 671
6 67 108 146 211 408 640
4 51 120 239 290
4 23 29 309 381
3 32 143 951
3 25 32 282
3 5 103 502
3 5 128 455
8 64 68 177 507 691 745 832 961
9 4 115 155 472 482 538 757 886 946
5 16 50 170 274 275
6 2 43 271 559 631 996
9 57 132 213 246 329 585 594 701 739
12 4 151 202 342 356 453 474 476 699 703 952 983
9 49 67 193 262 351 555 655 764 917
10 81 141 201 447 471 592 651 657 929 988
3 35 41 764
6 12 131 231 533 639 920
7 2 47 182 332 460 736 797
5 50 94 256 271 281
8 12 35 197 513 636 695 723 958
3 11 26 773
11 41 55 327 331 352 415 448 468 562 658 715
4 1 3 379 603
4 14 93 312 444
3 1 5 957
6 23 64 237 352 644 907
2 6 29
4 8 152 445 597
6 45 118 254 345 567 773
3 4 67 652
7 43 100 195 318 355 820 927
7 24 72 369 460 711 891 923
3 30 59 377
8 17 36 277 409 461 535 586 807
4 6 150 394 447
4 54 135 198 870
7 1 2 263 296 334 407 928
8 2 13 219 233 718 762 763 872
3 2 21 706
8 50 160 193 229 369 449 601 768
7 6 128 288 336 467 607 801
3 5 32 430
5 49 102 666 929 973
4 71 79 666 885
7 4 82 248 250 363 428 537
20 8 41 191 243 249 298 307 325 346 350 365 481 482 529 564 605 633 668 712 815
8 23 116 254 417 427 654 734 926
3 56 62 344
4 41 188 295 565
3 3 5 439
15 156 182 201 220 357 399 437 557 744 789 818 857 871 940 945
6 16 93 303 448 637 884
5 7 173 771 865 942
4 3 130 225 982
7 2 162 216 314 400 413 568
3 121 178 759
2 2 72
10 3 5 216 264 278 300 343 494 754 876
3 157 193 850
4 68 155 281 998
4 25 131 409 510
7 12 31 287 363 526 615 941
3 17 138 249
5 9 41 268 390 852
3 41 130 506
3 6 114 384
4 15 140 411 458
5 12 23 236 623 763
5 1 143 215 285 508
3 12 110 357
6 1 154 214 301 459 853
3 42 213 685
3 1 211 836
5 197 200 373 827 882
3 58 96 389
3 7 42 960
4 4 180 634 694
7 82 193 276 335 386 504 667
2 4 19
4 32 58 528 606
8 19 73 230 318 323 366 691 716
2 2 140
8 4 196 251 383 542 635 727 996
5 2 3 252 266 311
3 4 109 661
3 16 45 317
3 7 182 737
3 23 223 270
2 4 159
3 124 138 315
4 0 180 549 823
2 23 127
2 4 124
4 91 210 288 542
2 103 168
2 1 72
2 50 144
3 79 84 923
6 0 129 252 268 368 621
7 12 102 421 662 760 910 915
4 12 188 245 327
3 12 13 445
2 5 243
4 49 154 291 591
2 3 12
3 72 187 919
2 188 205
4 2 187 731 809
4 137 225 738 798
4 226 241 322 638
6 4 6 404 555 561 899
4 171 189 279 362
4 32 45 388 498
3 1 161 385
3 41 96 624
2 0 6
3 26 73 999
2 35 124
2 6 122
8 97 156 322 453 456 650 875 931
3 131 179 297
3 53 200 341
2 83 100
13 130 226 293 358 362 370 478 544 655 724 809 828 866
6 124 127 386 425 515 781
2 206 241
5 0 101 436 440 967
3 6 230 599
3 153 161 341
2 27 68
5 6 13 491 635 837
4 110 152 408 980
2 3 152
2 73 220
4 19 176 300 541
2 6 200
2 4 254
3 9 75 438
2 161 202
4 13 147 568 852
6 5 44 624 630 716 976
3 49 79 789
6 49 211 466 468 598 742
3 15 90 337
3 2 204 902
2 183 236
3 100 115 458
4 44 144 389 815
6 3 246 306 343 477 725
3 23 83 441
2 18 266
2 3 29
4 139 191 726 864
3 43 179 708
2 50 263
3 65 188 778
6 1 6 663 679 838 861
3 200 277 479
2 3 213
5 0 75 558 581 936
3 1 194 424
4 1 98 534 629
3 2 89 769
5 12 291 547 579 896
2 37 188
2 62 71
3 3 145 641
3 2 98 457
2 135 226
2 94 166
2 2 135
5 10 197 399 454 710
3 1 232 640
3 40 98 398
5 49 228 360 604 630
4 173 223 620 888
3 59 129 425
6 34 74 387 427 778 786
2 9 68
3 252 262 494
5 49 223 328 496 905
4 0 18 647 695
3 34 188 656
4 48 132 705 997
2 164 243
3 104 323 738
5 13 154 435 578 974
6 32 59 455 493 646 873
6 18 164 459 586 600 675
3 12 160 349
4 1 12 355 994
2 41 179
5 115 220 364 464 595
2 76 183
3 35 286 338
4 69 337 440 679
5 6 26 492 543 550
2 18 50
5 264 271 432 512 878
2 118 155
8 200 291 393 489 576 784 844 881
3 138 190 466
2 19 171
5 6 188 378 442 618
3 2 25 532
2 27 49
2 3 332
3 6 188 490
2 49 156
3 164 168 947
2 38 45
6 3 107 498 573 591 785
3 173 333 577
3 88 155 884
4 193 212 582 765
10 2 266 403 588 593 612 617 807 886 950
2 1 23
2 115 317
4 98 137 540 554
2 254 266
4 187 204 376 532
4 137 335 377 932
4 2 188 490 618
2 124 223
3 7 81 944
9 37 241 480 520 570 616 892 934 968
2 174 182
3 23 266 605
3 1 13 816
4 0 75 573 796
5 63 216 496 638 733
2 2 19
4 0 72 560 966
7 81 363 500 554 720 891 957
2 175 364
4 12 346 470 879
7 104 165 380 406 517 566 740
2 137 379
3 86 145 507
3 2 36 810
7 12 225 401 428 429 610 664
4 37 208 570 699
7 49 256 450 590 606 673 897
2 220 267
2 43 320
5 105 255 495 779 822
2 217 290
2 38 206
2 78 101
2 19 50
2 16 343
2 72 177
3 19 138 987
6 12 16 739 889 893 940
2 35 57
4 136 316 514 728
2 193 314
3 16 197 828
4 12 383 707 731
3 41 42 538
4 32 358 578 904
5 13 253 545 709 775
5 3 24 585 657 916
2 2 379
2 115 179
2 143 274
4 176 203 488 670
2 5 93
2 15 209
3 69 79 687
2 16 197
2 2 36
2 36 164
2 3 35
2 11 189
4 13 50 647 752
5 0 1 743 780 898
3 8 72 551
2 16 242
3 50 97 524
2 81 84
2 137 303
3 267 319 895
2 1 19
2 189 320
3 187 383 974
5 81 383 556 822 968
4 96 184 479 584
3 58 94 806
3 81 341 501
2 5 15
6 16 29 449 557 672 982
2 6 329
3 132 269 497
5 28 193 465 680 959
2 14 280
5 29 192 443 451 878
2 269 338
5 5 292 446 463 561
4 12 346 660 868
2 43 439
2 23 166
3 170 244 799
3 3 441 508
2 157 177
2 164 194
2 182 434
2 9 385
3 138 439 727
2 0 105
3 155 262 928
2 62 314
4 149 330 659 685
3 118 262 474
2 38 310
4 209 289 504 653
3 213 331 871
2 160 174
4 49 176 632 659
4 4 49 478 777
2 35 441
4 19 335 674 747
2 12 437
2 285 344
5 12 183 678 682 800
3 164 285 829
2 3 58
4 34 378 499 926
4 103 157 625 960
2 34 151
3 4 8 521
2 155 456
3 47 83 995
4 55 155 820 946
2 38 291
2 266 462
2 300 430
3 130 368 821
3 4 188 511
3 151 188 801
3 4 137 949
4 1 104 787 921
2 31 32
2 0 86
2 111 118
2 29 409
2 13 343
2 350 365
2 103 273
3 94 339 796
3 49 330 846
3 200 322 539
3 4 388 963
3 323 373 972
3 0 436 520
3 255 354 819
5 14 470 524 735 812
2 45 376
3 43 432 643
6 76 148 503 517 559 684
5 11 502 750 759 760
4 220 458 690 847
2 47 97
2 122 207
3 150 381 792
2 211 446
2 4 28
2 0 203
2 2 481
3 15 341 534
2 1 162
3 32 398 786
4 24 267 816 977
3 20 47 547
4 379 502 546 843
2 35 64
2 12 92
2 368 497
2 31 473
2 58 133
2 64 79
2 422 499
3 2 12 596
6 70 204 772 909 954 969
3 49 110 604
2 27 222
2 36 188
2 11 15
3 0 6 535
2 347 363
2 65 159
3 304 512 972
3 176 531 590
2 12 34
2 72 187
3 151 402 713
5 1 494 689 870 901
3 5 361 645
2 40 277
2 225 236
2 12 339
4 36 266 588 812
2 12 404
3 65 517 811
2 306 516
2 6 8
3 32 233 912
2 40 339
3 142 420 875
5 4 16 565 613 843
2 17 31
3 361 376 869
4 156 253 587 825
3 96 429 567
2 193 434
2 28 302
2 153 502
3 136 375 668
3 253 441 909
4 2 164 665 889
5 12 42 641 834 918
3 5 188 755
2 191 552
3 32 379 741
2 171 556
2 197 282
4 5 55 602 922
3 368 384 788
2 6 72
2 16 69
4 354 372 614 631
2 3 23
2 58 130
2 75 343
3 8 355 906
2 329 403
3 35 306 687
9 3 65 610 628 702 703 755 802 964
2 41 302
2 96 357
3 69 81 682
2 121 430
2 154 405
2 176 331
3 93 555 831
2 358 544
2 38 98
2 385 535
2 246 354
3 38 157 937
2 51 358
4 4 154 596 921
3 59 335 832
3 525 594 617
2 4 170
2 4 285
2 124 270
2 91 331
2 1 182
2 1 569
3 25 165 898
2 317 527
3 188 370 704
3 222 385 651
3 16 183 992
3 19 109 633
2 14 52
3 383 580 919
2 48 104
2 90 358
2 29 552
2 7 573
2 93 204
2 12 368
3 358 596 642
3 346 365 637
2 41 64
3 3 318 805
4 109 241 622 697
3 4 621 776
2 6 210
5 257 283 688 795 841
2 38 471
2 29 99
2 0 16
4 24 580 677 752
2 4 304
3 283 317 846
4 153 573 724 865
3 34 461 941
2 188 608
2 16 219
2 225 273
2 40 162
2 194 618
2 252 373
2 81 159
3 143 315 956
3 309 563 732
3 25 617 803
2 126 501
3 135 168 794
9 92 540 667 714 758 761 830 880 913
3 88 330 677
2 324 418
2 50 88
3 3 122 854
3 84 262 782
2 157 606
2 72 172
3 18 458 721
2 27 189
5 156 266 707 729 964
3 96 325 825
2 157 405
3 18 164 983
2 455 461
2 95 442
3 114 227 777
2 41 242
2 119 299
2 8 383
2 29 562
2 185 186
2 220 645
2 188 560
3 8 33 950
4 14 409 894 966
2 0 142
3 26 434 963
3 16 385 719
3 34 464 721
4 12 331 688 989
2 55 73
2 628 646
2 78 467
4 299 338 874 922
3 50 437 908
2 35 96
4 467 583 788 976
2 0 13
3 74 502 991
3 214 455 697
2 32 38
2 412 579
3 624 675 766
2 55 539
2 3 504
2 150 223
2 26 115
2 6 119
2 78 219
2 162 324
4 18 69 824 860
3 621 685 771
2 1 80
2 155 384
5 0 14 746 783 857
2 96 154
2 15 580
2 155 580
2 49 605
2 23 326
3 36 181 899
3 401 655 837
2 6 296
2 82 404
4 94 314 793 830
2 68 174
4 7 188 804 942
3 13 538 948
2 6 645
2 1 164
3 223 283 805
2 3 76
3 131 180 770
2 9 673
2 86 376
2 653 674
4 0 124 892 984
2 91 162
2 266 631
2 90 291
2 13 295
2 225 451
2 91 398
5 115 655 859 879 900
4 29 110 736 761
2 250 401
2 49 641
2 38 373
3 42 189 925
2 65 499
2 160 730
2 2 229
2 251 328
2 154 396
2 12 379
2 12 566
2 75 285
3 118 419 965
2 4 193
3 1 150 845
3 25 700 851
2 49 464
3 54 111 986
2 1 12
2 45 503
2 2 41
3 418 628 989
2 67 119
2 0 200
2 564 580
2 52 90
2 5 151
2 86 645
2 198 503
2 242 503
2 645 730
2 2 180
2 180 210
6 156 158 795 911 992 993
3 111 357 774
2 55 688
2 12 14
2 52 182
2 1 305
2 38 718
2 195 697
2 0 526
3 163 171 798
2 1 765
3 5 404 883
2 36 622
3 462 661 953
2 298 320
2 106 388
2 22 419
2 96 267
3 126 650 990
2 69 700
3 72 343 991
3 110 354 932
2 320 514
2 1 484
2 570 682
3 193 284 793
2 30 54
3 18 69 814
2 77 507
3 710 789 933
2 3 644
2 624 764
2 372 492
2 35 160
2 251 773
2 14 445
2 24 467
2 183 482
2 3 580
2 138 642
2 84 712
3 620 716 831
2 16 431
2 176 358
2 13 32
2 250 266
2 3 382
3 81 546 979
2 499 544
2 11 93
2 9 791
2 188 290
2 371 515
4 40 82 887 918
3 96 193 881
3 21 498 910
2 173 476
2 6 480
2 388 429
2 96 233
2 38 696
2 555 656
3 1 62 887
2 64 216
2 266 400
2 43 468
3 645 710 900
4 587 805 869 902
2 150 595
2 5 45
2 107 563
2 16 82
2 11 215
2 273 707
2 29 299
2 19 41
2 32 58
2 26 624
2 54 72
2 517 552
2 12 343
2 99 745
3 493 630 883
2 59 504
2 12 59
2 2 32
2 13 201
2 84 746
2 206 282
2 135 213
2 49 649
2 25 94
3 59 124 949
2 193 700
2 16 66
2 12 729
2 65 696
2 1 299
2 17 20
2 21 101
2 19 295
2 195 631
2 115 266
3 23 55 981
2 93 442
2 554 831
2 178 539
2 193 459
2 4 180
2 11 330
2 86 679
5 262 551 938 978 980
2 68 200
2 35 124
2 341 439
2 378 729
2 45 645
2 343 818
3 23 216 997
2 775 846
2 194 356
2 35 186
2 151 358
2 817 826
2 2 318
2 396 562
2 3 41
2 174 376
2 368 722
2 89 396
2 32 670
2 83 425
2 101 306
2 13 385
2 419 603
2 253 706
2 729 830
2 3 539
2 287 831
2 21 119
2 5 403
2 3 323
2 12 577
2 2 168
2 13 680
2 526 561
3 242 819 924
2 34 764
2 23 549
2 16 645
2 80 96
2 24 242
2 25 405
2 21 156
2 563 817
2 248 610
2 13 159
2 484 594
2 569 679
2 174 240
2 12 910
2 1 734
2 189 470
2 35 173
2 179 453
3 157 185 970
2 29 72
2 61 262
2 364 785
3 37 793 935
2 3 368
2 5 933
2 70 302
2 15 592
2 88 875
2 4 82
2 193 396
2 204 632
3 195 712 987
2 4 43
2 67 367
2 0 193
2 151 476
2 29 352
2 12 713
2 483 856
2 358 669
2 16 146
2 1 155
2 3 777
2 115 526
2 15 43
2 1 640
2 167 376
2 6 162
2 47 437
2 218 471
2 113 150
2 38 73
2 495 672
2 580 655
2 95 743
2 375 670
2 2 269
2 368 429
2 1 526
2 6 929
2 1 5
2 496 534
2 15 185
2 329 428
2 75 76
2 283 682
2 92 515
2 95 875
2 75 811
2 274 875
2 36 867
2 196 434
2 155 658
2 138 722
2 9 33
2 66 748
2 395 942
2 78 157
2 675 752
2 101 782
2 684 784
2 607 764
2 0 764
2 28 333
2 104 475
2 153 225
2 326 882
2 105 202
2 74 259
