100
8 1 4 5 9 28 52 71 86
10 0 2 4 8 9 10 14 20 27 97
10 1 3 15 22 25 43 44 49 65 69
6 2 12 18 19 27 37
6 0 1 6 44 54 91
2 0 41
7 4 7 17 23 34 57 84
4 6 64 70 82
5 1 32 43 48 55
3 0 1 25
3 1 12 39
3 33 40 77
8 3 10 16 24 30 31 54 83
2 23 74
3 1 63 78
3 2 33 37
4 12 53 66 95
3 6 28 36
2 3 73
2 3 20
3 1 19 38
2 61 79
2 2 62
2 6 13
3 12 31 58
4 2 9 29 81
2 76 32
4 1 3 46 86
2 0 17
2 25 46
3 12 34 40
3 12 24 94
2 8 26
3 11 15 50
3 6 79 30
4 75 45 55 87
3 17 48 60
3 3 15 62
1 20
4 10 80 45 96
4 11 30 60 71
3 5 47 93
1 94
2 2 8
3 2 4 59
3 35 39 49
2 27 29
1 41
4 8 73 36 51
2 2 45
2 33 93
2 48 67
2 0 74
1 16
2 4 12
2 8 35
1 68
2 6 66
4 24 89 92 69
1 44
3 82 36 40
2 21 92
4 76 22 37 67
2 14 83
1 7
2 2 88
4 16 57 96 70
2 51 62
2 91 56
3 2 58 98
4 72 7 90 66
2 0 40
1 70
2 18 48
2 13 52
1 35
2 26 62
1 11
1 14
2 21 34
1 39
2 25 88
2 7 60
3 12 63 98
3 6 85 99
1 84
2 0 27
1 35
3 81 65 97
1 58
1 70
2 4 68
2 58 61
2 41 50
2 31 42
1 16
2 39 66
2 1 88
2 83 69
1 84
