600
29 1 2 3 6 9 14 19 20 49 67 88 101 175 182 199 220 233 262 265 293 310 330 334 401 438 452 461 481 596
33 0 4 5 8 9 17 25 26 28 32 50 54 60 63 68 75 81 96 109 133 140 158 160 179 190 240 256 261 293 297 328 585 586
28 0 3 10 11 23 39 47 52 63 87 104 122 129 140 141 151 168 212 224 255 264 286 369 475 478 525 545 556
33 0 2 4 6 8 17 19 20 21 27 40 41 45 57 97 98 133 150 152 216 223 253 285 292 308 378 396 444 496 503 555 568 579
30 1 3 5 7 10 12 15 18 22 29 43 61 77 82 90 100 120 124 164 169 170 173 176 188 315 327 383 384 398 534
21 1 4 24 34 36 42 97 108 117 118 143 152 185 208 305 358 483 517 554 569 586
20 0 3 7 11 12 14 39 43 139 142 156 188 200 206 245 249 302 362 373 510
7 4 6 13 56 149 163 392
8 1 3 22 52 85 145 362 428
6 0 1 154 231 309 504
10 2 4 18 36 38 50 131 339 355 535
47 2 6 13 15 16 25 30 33 37 46 47 48 51 58 79 81 83 86 88 91 94 106 108 110 128 153 159 183 184 221 240 267 270 282 306 318 357 360 361 370 393 431 471 472 522 529 576
28 4 6 16 21 27 28 30 31 32 35 42 44 46 53 64 89 94 95 104 109 141 207 237 261 284 438 464 549
7 7 11 84 134 336 429 452
11 0 6 70 77 157 211 289 344 355 454 571
22 4 11 23 34 38 40 41 45 51 60 121 148 171 278 281 374 389 401 405 519 528 578
10 11 12 29 233 239 246 416 421 449 494
14 1 3 59 78 107 111 167 205 264 277 297 317 390 531
3 4 10 347
8 0 3 35 48 90 508 530 562
4 0 3 54 485
13 3 12 24 44 114 135 146 172 217 256 307 541 560
6 4 8 285 346 500 561
8 2 15 55 58 62 116 386 526
12 5 21 31 85 96 103 105 131 192 245 446 521
8 1 11 26 65 202 250 354 417
6 1 25 66 79 366 597
11 3 12 62 71 83 107 114 303 426 467 575
4 1 12 153 329
17 4 16 78 115 116 143 166 189 238 283 329 345 363 371 441 525 547
3 11 12 428
11 12 24 75 106 230 234 319 357 404 430 559
19 1 12 33 67 76 95 127 193 243 279 292 316 348 377 436 498 537 544 565
9 11 32 59 69 102 222 260 271 567
12 5 15 37 276 312 322 382 400 441 469 511 582
3 12 19 61
5 5 10 226 364 507
14 11 34 65 69 110 127 132 145 154 155 191 395 425 475
4 10 15 163 370
10 2 6 72 73 92 93 122 137 274 337
4 3 15 208 215
8 3 15 49 64 136 171 189 517
7 5 12 57 129 320 341 347
18 4 6 55 80 86 125 209 210 227 232 250 251 272 314 315 332 353 474
9 12 21 121 130 180 246 277 294 413
7 3 15 102 132 321 432 480
4 11 12 123 279
6 2 11 68 162 166 300
7 11 19 72 138 229 238 524
3 0 41 99
4 1 10 89 263
9 11 15 56 119 135 348 350 395 513
3 2 8 528
3 12 112 125
8 1 20 66 119 202 231 458 536
9 23 43 244 290 374 379 449 488 494
4 7 51 352 570
3 3 42 144
6 11 23 179 265 373 489
8 17 33 93 167 192 204 432 582
5 1 15 230 439 599
6 4 35 91 220 262 473
4 23 27 242 338
4 1 2 434 447
7 12 41 144 181 209 290 350
8 25 37 126 266 295 301 379 407
6 26 54 165 456 507 519
6 0 32 196 217 320 548
5 1 47 181 295 414
2 33 37
5 14 71 74 269 330
4 27 70 412 413
6 39 48 73 74 211 463
4 39 72 177 465
4 70 72 411 589
5 1 31 134 148 380
8 32 101 130 225 300 331 457 526
9 4 14 162 191 299 419 436 453 486
5 17 29 194 294 341
5 11 26 80 224 226
5 43 79 137 196 214
6 1 11 84 199 530 593
2 4 183
4 11 27 117 178
8 13 81 100 236 268 328 391 598
4 8 24 105 310
4 11 43 253 518
5 2 103 170 390 397
7 0 11 159 203 353 467 490
2 12 50
5 4 19 99 156 424
10 11 61 120 214 241 257 287 446 466 580
2 39 146
2 39 59
3 11 12 113
3 12 32 111
2 1 24
10 3 5 174 176 193 198 259 385 461 537
3 3 409 487
3 49 90 198
4 4 84 118 142
4 0 76 182 229
6 33 45 150 155 197 325
3 24 87 128
3 2 12 123
3 24 85 410
4 11 31 280 367
5 17 27 186 258 327
4 5 11 174 591
3 1 12 218
4 11 37 157 168
3 17 95 126
4 53 115 158 288
3 94 180 215
4 21 27 223 269
3 29 112 578
3 23 29 207
3 5 83 338
3 5 100 311
5 51 54 139 342 445
5 4 91 124 326 574
3 15 44 203
4 2 39 201 403
5 46 104 237 383 453
4 4 120 321 451
9 43 53 147 194 251 365 418 479 562
5 65 111 382 415 420
3 32 37 479
4 11 103 173 407
3 2 42 498
4 44 76 190 201
3 10 24 482
8 37 45 235 239 252 291 369 421
4 1 3 268 386
4 13 75 225 307
6 21 51 178 252 410 556
2 41 482
7 39 80 149 228 254 509 565
1 48
2 6 119
3 1 2 287
6 2 12 164 175 478 534
7 6 100 213 242 318 389 501
3 5 29 299
3 57 64 544
8 8 37 184 222 234 249 326 505
5 21 92 298 417 564
4 125 165 493 527
3 15 75 543
4 7 137 532 573
3 3 102 169
3 2 161 281
8 3 5 161 195 206 219 248 536
5 11 28 212 352 572
3 9 37 276
2 37 102
3 6 90 271
4 14 110 289 313
5 1 112 160 210 343
2 11 88
2 1 158
5 151 152 263 513 541
3 47 77 275
2 7 38
4 4 141 405 447
7 66 147 204 241 273 340 427
4 29 47 354 388
8 17 59 172 228 232 259 445 459
2 2 110
6 4 150 186 270 359 406
3 4 87 424
3 15 41 227
3 21 167 200
2 4 128
2 97 108
3 0 141 363
2 4 97
3 73 213 359
2 83 135
2 1 58
2 44 113
2 64 68
5 0 101 187 260 397
6 11 82 425 476 558 561
4 11 145 185 235
2 5 184
4 107 169 470 499
1 182
6 4 6 284 365 368 551
3 29 41 335
3 1 130 272
3 37 77 399
3 24 59 599
2 32 97
3 78 125 414
2 152 247
2 67 80
6 102 255 323 418 462 514
6 97 99 273 296 346 486
3 0 81 304
3 6 172 385
3 122 130 247
2 25 54
4 88 121 288 590
2 59 165
2 17 219
2 6 152
2 12 116
6 5 40 399 402 459 588
3 43 64 493
4 43 158 384 473
3 14 72 243
3 2 153 553
2 142 177
3 80 91 313
4 40 113 275 505
5 3 221 248 322 463
3 21 67 305
3 109 464 531
3 152 205 324
4 0 61 366 570
3 11 216 377
2 33 145
3 3 114 408
3 2 79 312
2 76 134
3 36 79 280
5 43 171 257 387 402
4 137 167 396 545
3 48 101 296
5 31 60 274 298 491
2 9 54
5 43 167 236 333 555
3 0 16 448
3 31 145 419
2 132 184
3 84 232 470
4 12 123 302 376
6 29 48 311 332 412 535
3 16 132 431
4 1 11 254 597
4 91 165 258 317
2 62 142
3 32 211 244
4 55 243 304 435
5 6 24 331 360 364
2 16 44
5 195 201 301 344 538
6 152 216 278 489 522 540
5 6 145 267 306 394
2 25 43
2 43 125
3 132 135 575
6 3 86 335 375 381 490
2 137 240
4 2 197 283 577
2 1 21
2 91 227
3 107 241 566
2 97 167
9 33 182 325 349 372 393 546 568 584
3 1 12 506
3 0 61 375
4 50 161 333 469
2 2 17
3 0 58 367
2 65 581
4 11 249 319 539
5 84 133 286 371 471
3 70 114 342
3 11 169 282
4 33 156 372 451
5 43 190 309 388 549
2 165 198
2 39 230
2 162 215
2 34 154
2 17 44
2 15 248
2 32 46
4 106 226 345 465
3 15 151 514
4 11 270 455 468
4 29 255 376 554
5 12 188 361 456 483
3 3 22 420
2 2 268
2 91 140
2 112 203
2 14 157
3 55 64 442
1 132
2 3 32
4 0 1 485 550
3 44 78 351
2 65 68
3 198 229 548
2 1 17
2 146 230
3 77 143 324
2 47 76
3 65 247 337
2 6 237
2 27 538
2 199 244
5 5 217 308 316 368
3 11 249 423
2 21 134
3 3 305 343
2 9 272
2 0 85
4 118 238 422 440
2 34 224
4 157 214 340 416
3 43 404 422
4 4 43 323 484
2 32 305
4 17 241 430 474
5 11 142 434 437 500
4 31 267 336 564
3 42 67 598
4 45 124 509 574
2 34 216
2 197 315
2 219 299
3 102 260 510
3 120 145 501
2 4 107
3 1 84 563
2 28 29
2 0 70
2 76 245
3 43 238 523
3 232 263 587
2 0 349
3 189 253 508
3 13 319 351
3 39 301 409
4 62 117 339 439
3 10 338 476
4 165 313 444 524
2 42 78
2 119 269
2 158 308
3 14 247 356
3 29 280 491
4 22 198 506 589
2 18 42
2 32 51
2 260 334
2 51 64
2 294 336
6 56 153 481 557 580 585
3 43 88 387
2 25 166
2 10 14
2 344 587
2 11 31
2 5 411
2 169 177
2 11 245
2 11 284
2 6 8
3 29 175 560
2 36 245
4 125 188 380 512
2 26 220
2 106 265
3 188 305 557
3 2 132 426
4 11 38 408 518
3 29 268 472
3 260 271 492
2 6 58
2 15 55
4 253 262 392 403
2 237 283
3 32 221 442
3 3 454 583
3 55 65 437
3 75 365 516
1 253
3 34 126 571
3 4 123 563
2 4 210
2 97 200
3 23 133 550
2 227 353
3 166 272 415
3 15 142 595
2 17 87
1 84
2 7 375
2 11 260
1 249
2 37 51
3 3 228 502
4 87 182 398 450
2 4 397
5 191 208 443 497 521
1 34
2 0 15
3 208 227 523
4 122 375 462 532
3 31 314 572
2 15 164
1 169
2 65 128
2 223 370
2 98 337
3 105 135 496
5 74 358 427 477 515
3 71 238 433
2 44 71
3 68 194 487
2 126 388
3 16 313 460
2 25 146
5 125 197 455 466 583
3 77 234 512
2 126 285
2 16 132
2 311 314
1 306
3 90 170 484
2 37 183
2 27 369
2 165 411
3 8 30 577
2 13 547
3 31 317 460
4 11 239 443 592
2 45 59
1 412
2 63 318
1 244
2 32 77
4 318 379 492 588
2 0 12
3 60 338 594
2 311 450
2 29 34
2 290 377
3 399 431 480
2 3 340
2 119 167
2 24 91
2 63 164
1 233
3 16 55 511
2 397 440
2 124 271
4 0 13 488 527
2 77 123
2 14 378
3 282 418 520
2 66 284
3 76 495 515
1 54
3 167 208 502
2 416 430
4 0 97 546 591
2 197 403
2 72 216
2 12 218
2 73 280
5 91 418 529 539 552
3 27 88 477
1 282
2 34 263
2 186 236
2 11 268
2 11 371
2 61 210
2 43 317
2 2 37
2 183 339
2 411 467
2 2 141
6 125 127 497 559 595 596
2 45 443
2 0 352
3 131 136 499
3 5 284 542
3 315 424 579
2 20 293
2 77 198
3 98 414 593
2 55 452
3 58 248 594
3 88 253 566
2 230 345
2 372 437
3 147 209 495
3 16 55 504
3 457 493 567
2 3 410
2 399 479
2 32 129
2 186 482
2 22 318
2 142 326
3 396 459 516
1 3
2 9 494
2 145 215
2 261 346
2 36 66
3 19 335 558
2 137 321
2 6 325
2 34 449
2 365 419
2 51 161
2 197 281
3 411 457 552
4 380 502 533 553
2 5 41
2 86 370
2 15 66
1 455
2 24 399
2 11 248
3 332 402 542
2 48 340
2 2 29
2 23 76
2 147 452
2 15 52
2 11 466
2 19 81
2 17 218
2 149 403
1 516
2 4 141
2 10 238
2 54 152
2 32 97
2 247 303
2 267 466
1 248
2 21 161
2 483 523
1 148
2 32 144
2 2 228
2 260 461
2 29 429
2 67 296
2 12 272
2 293 386
1 188
2 466 515
2 212 516
2 5 283
2 3 232
2 2 135
2 352 368
2 183 508
2 31 479
2 21 363
2 22 183
2 19 125
2 328 383
2 146 319
2 32 137
2 258 490
3 33 495 569
2 3 260
2 5 567
2 56 220
2 14 382
2 153 404
1 149
2 120 321
2 27 252
1 11
2 255 428
2 15 115
2 3 484
2 91 352
1 266
2 34 59
2 378 418
1 260
2 1 352
2 1 5
2 333 356
2 208 437
2 74 346
1 203
2 108 461
1 431
2 81 487
2 439 489
2 389 479
2 0 479
2 26 240
2 84 320
2 60 192
