200
10 1 2 3 13 32 38 40 78 108 165
18 0 4 5 6 12 18 21 25 31 42 72 90 94 98 104 117 171 182
15 0 3 7 8 11 17 24 33 63 75 88 91 103 186 190
15 0 2 4 6 11 12 13 14 16 49 50 68 115 142 151
12 1 3 5 7 9 19 26 36 51 58 65 82
10 1 4 15 23 49 53 68 86 168 172
6 1 3 25 33 66 116
5 2 4 23 31 187
15 2 10 17 22 29 30 35 45 52 53 54 70 79 98 169
10 4 14 16 18 20 21 22 27 47 79
8 8 46 59 130 149 156 169 176
6 2 3 43 62 71 140
9 1 3 44 74 85 101 111 117 185
5 0 3 29 63 181
8 3 9 15 28 55 76 104 194
7 5 14 20 83 100 157 160
7 3 9 30 39 55 119 129
4 2 8 61 174
5 1 9 70 128 140
9 4 44 56 97 113 128 137 186 191
8 9 15 32 42 52 124 125 152
7 1 9 38 43 115 188 195
5 8 9 62 162 173
6 5 7 136 138 95 180
5 2 40 41 48 60
5 1 6 28 50 150
5 4 34 87 122 161
3 9 149 170
3 14 25 174
6 8 13 41 61 97 146
2 8 16
3 1 7 47
4 0 20 48 142
3 2 6 198
1 26
4 8 80 108 116
2 4 167
3 65 73 180
2 0 21
3 16 102 153
3 0 24 91
2 24 29
3 1 20 59
4 11 21 92 163
2 12 19
4 8 90 95 105
3 10 150 51
3 9 31 196
2 24 32
7 3 5 77 84 107 165 188
2 3 25
3 4 46 64
4 8 20 141 112
5 5 8 71 77 111
2 8 75
2 14 16
1 19
4 131 159 184 196
4 4 125 127 168
3 10 42 92
4 24 67 96 195
3 17 29 109
8 11 135 22 144 85 114 122 179
3 2 13 162
3 148 51 177
3 4 37 80
5 6 147 155 81 127
1 60
3 3 5 89
1 114
4 8 134 18 88
3 11 53 81
2 1 87
3 37 99 110
6 12 159 164 76 96 107
2 2 54
2 14 74
3 49 53 94
2 0 137
3 8 9 120
2 35 65
2 66 71
2 4 192
2 15 199
3 132 49 110
4 12 136 62 89
2 5 164
4 26 72 167 123
3 2 70 193
3 68 85 126
2 1 45
3 2 40 171
2 43 59
1 163
2 1 77
3 23 45 112
4 151 60 74 190
5 19 29 153 121 187
2 1 8
3 146 73 106
2 15 138
1 12
1 39
4 2 145 179 113
2 1 14
1 45
2 99 109
2 49 74
4 0 141 35 197
2 61 106
2 73 84
2 12 53
3 52 166 95
2 19 103
4 156 62 69 129
2 3 21
3 6 139 35
2 1 12
2 143 126
2 16 157
2 79 176
2 154 97
4 26 152 154 62
1 87
2 20 130
2 20 58
2 89 118
3 58 66 177
2 18 19
2 16 114
3 10 133 124
1 57
1 84
1 130
1 70
1 62
2 23 85
3 19 78 194
2 23 100
1 116
2 11 18
3 52 108 155
2 3 32
1 118
1 62
1 103
3 29 99 184
2 66 161
1 64
2 10 27
2 25 46
3 3 96 178
2 20 122
3 39 97 158
2 122 121
2 141 66
4 10 114 191 197
2 15 119
1 153
2 57 74
1 15
2 26 147
3 22 63 192
4 43 93 175 183
3 86 74 178
2 0 49
1 112
2 36 87
2 5 58
2 8 10
1 27
2 1 91
1 5
1 22
2 17 28
1 163
2 10 120
2 64 127
2 151 164
2 62 103
3 23 37 189
1 13
2 1 189
1 163
2 146 57
1 12
2 2 19
2 7 97
2 21 49
2 180 182
2 2 96
2 19 156
2 162 82
1 88
2 14 137
2 21 60
2 47 57
2 156 108
1 33
1 83
