1000
42 1 2 3 21 28 31 33 42 43 51 54 64 69 85 132 139 189 190 196 221 224 227 233 257 286 292 362 380 417 439 487 553 604 609 651 662 677 789 839 902 991 995
101 0 3 4 5 6 7 8 9 11 12 13 15 16 17 18 20 21 27 29 31 34 35 40 41 69 70 72 76 77 82 86 87 92 97 102 110 128 135 144 146 153 159 161 185 187 188 201 214 226 228 242 246 253 261 265 272 284 298 299 307 311 338 341 343 347 353 356 380 417 419 420 421 436 454 465 473 491 519 562 564 615 618 629 632 644 706 707 761 779 788 811 813 834 837 840 896 925 931 933 957 998
2 0 30
69 0 1 4 5 7 8 9 14 15 22 24 25 47 49 50 51 52 73 78 79 88 89 91 93 96 107 111 117 125 130 138 140 168 176 178 183 206 248 255 260 264 271 282 296 305 330 333 396 451 460 472 497 508 534 542 550 574 594 595 621 674 741 786 821 869 927 944 969 989
2 1 3
28 1 3 6 10 44 52 72 80 106 113 115 133 143 238 280 312 313 319 345 356 415 471 520 595 703 814 966 979
59 1 5 13 14 16 19 23 26 28 41 53 55 67 71 105 110 122 123 126 133 163 175 194 212 219 237 285 290 325 331 361 366 372 387 397 435 439 485 493 495 498 510 511 522 530 614 655 677 758 854 870 881 921 959 974 978 980 981 983
9 1 3 190 207 249 251 503 769 808
46 1 3 10 11 17 34 37 39 44 47 48 104 109 118 195 205 250 287 306 315 332 385 430 484 521 523 535 539 586 588 621 623 637 686 773 778 833 844 858 882 887 916 919 932 939 973
32 1 3 19 74 80 98 105 112 165 173 185 223 244 274 275 284 410 432 508 516 623 675 714 716 754 756 771 775 805 884 931 937
21 5 8 12 36 38 58 65 79 114 146 197 204 393 409 411 506 510 571 622 631 710
10 1 8 22 43 57 115 213 342 448 858
19 1 10 24 36 127 137 141 156 203 241 372 389 525 745 772 785 843 883 902
9 1 6 68 121 323 337 456 785 798
5 3 6 25 154 207
7 1 3 35 136 383 682 837
20 1 6 18 27 33 48 87 88 112 119 120 193 252 304 329 509 521 726 900 937
30 1 8 32 54 65 82 84 104 123 208 220 250 262 321 322 398 415 449 482 484 505 544 565 603 661 770 857 898 904 997
24 1 16 20 23 32 179 193 251 290 308 326 353 364 443 512 548 660 669 673 681 709 717 888 949
9 6 9 38 76 106 206 320 600 920
2 1 18
13 0 1 29 30 39 46 292 483 555 607 743 807 823
11 3 11 63 138 163 265 408 459 556 788 969
5 6 18 236 339 962
7 3 12 209 610 705 880 928
32 3 14 26 40 45 46 49 58 90 108 172 181 209 210 339 345 379 390 391 403 430 450 493 542 554 602 608 662 668 721 734 753
17 6 25 37 81 100 153 167 213 218 247 369 428 537 649 703 770 947
6 1 16 99 182 279 747
15 0 6 62 75 102 221 241 307 371 431 490 763 817 864 926
8 1 21 93 135 400 678 838 972
7 2 21 61 90 157 515 670
15 0 1 95 101 129 136 295 398 418 640 681 689 848 878 888
5 17 18 61 268 557
13 0 16 83 107 145 175 289 301 344 501 568 918 972
8 1 8 67 256 400 698 787 988
4 1 15 53 70
6 10 12 60 164 343 496
15 8 26 42 45 50 66 95 247 268 282 288 318 445 607 783
11 10 19 73 263 285 499 536 783 893 919 986
14 8 21 63 119 124 139 226 317 374 412 515 682 766 936
12 1 25 56 89 117 150 210 410 492 664 730 732
8 1 6 254 340 575 784 881 894
4 0 37 57 349
13 0 11 62 91 199 205 257 270 310 378 399 457 529
5 5 8 64 147 420
18 25 37 60 121 154 165 172 191 254 351 512 547 613 660 674 809 857 950
11 21 25 192 316 394 583 638 708 728 776 908
6 3 8 55 147 231 561
26 8 16 59 86 130 180 202 242 260 303 312 349 367 382 461 516 540 666 701 749 830 847 900 948 954 987
8 3 25 266 352 368 411 794 817
2 3 37
9 0 3 56 71 111 182 264 363 386
9 3 5 173 199 273 423 715 754 852
3 6 35 74
8 0 17 212 279 346 549 576 634
6 6 47 59 337 383 658
28 40 51 66 77 118 124 149 170 222 224 269 330 348 374 402 422 442 458 464 491 541 653 690 692 764 792 807 939
10 11 42 103 142 230 234 317 340 532 795
8 10 25 406 526 538 784 800 861
13 48 55 99 134 144 158 227 228 463 543 631 920 961
24 36 45 84 85 94 98 125 134 151 246 249 355 432 499 579 598 618 630 711 731 734 762 862 938
6 30 32 132 578 592 910
9 28 43 68 75 183 446 586 812 911
5 22 39 108 663 990
8 0 44 103 166 232 496 633 665
6 10 17 129 538 684 777
2 37 56
9 6 34 81 100 278 569 683 759 769
6 13 62 142 148 596 836
6 0 1 78 223 749 865
9 1 35 127 164 443 558 574 868 942
7 6 51 126 128 158 280 624
11 1 5 114 150 162 167 405 409 437 537 701
14 3 38 194 231 297 438 444 626 654 702 736 917 918 984
13 9 53 96 149 240 324 341 414 465 568 657 679 905
7 28 62 140 461 688 816 891
4 1 19 186 324
2 1 56
14 3 69 157 243 259 344 566 585 616 727 746 751 846 955
2 3 10
5 5 9 83 357 475
6 26 67 116 152 272 358
4 1 17 94 722
6 33 80 92 189 211 255
4 17 60 311 684
8 0 60 131 234 424 717 767 923
5 1 48 116 186 300
3 1 16 914
9 3 16 97 120 200 259 278 364 891
2 3 40
8 25 30 101 109 181 480 511 528
5 3 43 177 318 979
3 1 83 407
5 3 29 441 650 790
3 60 82 673
11 31 37 113 218 336 416 545 646 833 938 988
7 3 74 148 765 835 850 953
9 1 88 141 196 283 291 296 501 659
4 9 60 460 898
3 27 59 162
4 26 67 494 736
2 31 90
3 1 28 481
13 57 64 170 201 326 393 476 507 524 577 581 634 687
2 8 17
6 6 9 122 258 293 798
9 5 19 211 381 421 531 679 737 760
4 3 33 451 831
5 25 63 156 198 676
7 8 90 145 177 178 782 826
8 1 6 152 159 171 239 358 831
3 3 51 625
2 9 16
9 5 95 233 245 360 489 699 825 926
2 10 72
5 5 11 240 481 648
6 81 86 131 171 890 992
10 3 40 151 160 176 202 252 401 641 789
2 8 56
7 16 39 235 299 314 705 731
6 16 88 449 524 685 795
8 13 45 143 270 399 444 729 797
18 6 105 180 198 216 217 232 329 402 404 488 527 546 558 649 663 709 973
5 6 17 166 587 630
3 39 56 222
12 3 60 197 273 319 359 381 575 627 700 718 826
5 6 71 426 553 692
8 12 70 169 583 591 596 661 887
3 1 71 267
15 31 65 137 256 336 389 418 437 440 544 697 724 844 890 957
3 3 48 778
4 85 116 367 950
5 0 61 480 611 978
3 5 6 208
6 59 60 219 382 577 828
2 1 29
3 15 31 841
4 12 129 161 820
4 3 22 591 645
5 0 39 332 779 921
15 3 75 179 216 322 401 506 576 635 667 689 715 740 874 997
7 12 97 155 204 215 371 489
4 57 68 328 387
3 5 121 354
6 1 59 169 174 405 533
9 33 109 215 266 301 486 569 652 806
2 1 10
3 44 47 977
5 68 96 487 573 589
5 56 74 334 396 585
3 40 72 445
6 60 117 200 225 533 829
6 81 110 155 160 467 916
3 1 26 530
3 14 45 695
8 141 152 188 365 373 375 414 752
2 12 108
2 30 78
3 59 71 759
4 1 110 448 453
4 117 152 300 652
9 1 137 184 236 368 454 685 688 732
3 72 99 965
7 6 22 168 436 560 842 964
5 36 70 303 313 830
7 9 45 174 192 419 457 466
4 64 123 373 548
7 26 72 229 277 494 746 883
5 3 163 281 346 996
6 127 144 203 471 748 871
4 56 103 636 714
2 110 116
3 25 45 309
6 9 52 195 214 220 262
3 144 165 476
7 6 33 187 269 306 314 379
9 3 117 217 243 275 462 463 526 554
2 91 109
8 3 109 239 580 592 593 738 932
8 18 140 184 350 385 427 633 806
2 48 122
3 25 90 462
3 27 51 473
3 3 62 263
2 161 179
4 1 9 551 683
4 76 86 287 690
2 1 175
6 1 155 191 435 497 691
10 0 83 229 244 378 620 627 639 722 752
4 0 7 293 590
2 45 188
2 46 165
3 16 18 277
3 6 73 647
4 8 173 267 276
4 0 97 302 841
5 10 125 235 348 930
5 108 122 606 822 863
3 43 52 386
4 88 151 333 704
3 1 103 532
3 48 117 464
4 12 169 534 742
4 10 141 560 911
5 8 43 360 488 718
2 3 19
3 7 14 355
4 17 133 490 910
3 24 25 567
4 25 40 761 981
7 83 106 492 598 613 762 764
3 6 54 885
5 11 26 566 637 828
2 1 173
3 141 145 406
6 122 140 289 294 309 719
3 122 176 295
6 26 95 328 377 567 983
6 6 134 230 248 835 986
3 17 173 294
4 0 28 237 375
4 56 124 351 363
4 9 69 225 550
7 0 56 298 321 434 608 700
6 151 223 238 500 588 801
4 1 39 549 996
6 0 59 315 819 821 963
3 1 59 452
5 167 189 245 297 323
3 57 219 352
4 47 73 781 794
2 64 122
3 0 113 728
4 57 85 425 440
2 119 197
7 23 161 474 659 804 856 927
8 6 221 261 271 302 310 362 561
2 5 225
4 110 178 286 335
5 74 115 258 757 822
2 12 28
4 1 48 320 342
4 78 176 253 745
3 9 189 416
8 113 229 325 477 513 539 792 793
3 1 60 901
6 26 37 308 587 733 866
5 3 219 354 486 643
6 7 60 557 624 710 824
2 8 17
6 7 18 642 747 874 929
2 16 117
2 1 243
7 41 45 470 518 697 713 803
3 3 83 517
5 34 129 452 963 982
9 0 43 288 469 622 676 875 896 924
7 105 240 305 474 479 579 724
3 78 88 812
3 3 48 413
6 1 237 525 570 773 906
4 17 173 274 458
8 38 183 404 513 523 808 811 859
3 3 51 639
3 1 22 477
5 49 145 528 599 943
3 128 195 304
3 32 37 546
3 56 175 680
3 43 121 656
9 3 237 620 658 727 756 809 864 867
6 1 81 384 446 625 904
4 52 125 527 543
8 9 262 276 350 429 552 723 741
4 9 176 447 708
4 195 274 699 780
4 167 193 283 834
3 67 88 505
7 27 54 281 559 582 614 845
3 5 71 654
5 168 279 422 687 941
3 3 37 602
2 97 277
3 1 9 716
7 6 38 335 347 502 599 860
5 0 239 291 338 376
2 8 186
2 37 257
2 33 216
2 6 18
2 97 286
3 0 21 617
3 105 190 655
3 216 220 948
3 31 217 992
3 3 97 907
7 73 229 334 394 514 616 940
3 1 224 739
2 1 119
4 86 160 392 426
2 33 145
5 196 237 796 797 839
5 48 164 453 712 720
3 16 267 412
3 3 258 801
4 8 175 447 529
2 1 28
5 18 247 370 482 815
6 172 216 392 408 750 880
3 43 237 617
2 1 84
8 5 48 327 331 423 429 504 520
2 5 164
2 119 175
4 8 227 316 384
8 46 315 370 388 502 556 680 947
6 39 57 327 535 645 876
5 37 91 361 365 455
3 5 125 475
4 19 242 564 815
2 17 224
3 17 140 468
2 13 229
3 74 76 509
2 6 245
2 18 103
3 312 317 469
5 142 218 424 425 976
2 16 122
5 3 56 455 872 976
6 6 312 388 582 589 729
2 8 139
2 3 200
5 149 297 357 428 999
2 239 285
5 95 129 466 851 873
3 13 55 441
3 1 286 899
5 23 25 495 536 704
9 41 57 397 468 552 563 757 865 876
2 1 74
4 11 242 581 584
3 1 36 781
3 33 78 776
4 5 25 427 459
2 54 168
3 1 285 369
4 56 197 366 790
2 42 48
4 179 274 376 872
5 45 222 359 668 909
4 49 230 671 796
4 1 18 823 952
3 143 248 802
3 60 207 559
3 1 5 450
2 80 334
2 81 110
2 125 351
4 113 205 840 987
2 6 318
3 0 237 664
2 51 222
3 18 88 391
8 155 318 456 483 498 610 640 868
3 6 348 605
4 48 131 438 943
3 49 161 638
5 26 347 377 395 810
3 308 316 413
3 28 141 665
3 6 12 390
3 155 166 472
2 39 56
2 155 221
3 286 350 395
2 218 369
4 43 189 433 522
3 25 175 467
3 0 1 431
3 106 125 601
5 48 134 507 555 873
2 15 55
2 272 315
2 8 179
4 51 199 403 597
2 6 142
4 316 331 698 818
4 12 129 711 777
2 25 372
4 25 364 838 871
5 300 309 478 666 713
3 10 103 470
3 46 297 433
2 369 376
4 3 149 407 961
4 6 340 485 657
3 17 31 899
2 43 121
4 29 34 434 813
5 117 140 763 787 960
3 56 122 517
2 25 386
2 122 263
2 72 144
3 58 215 619
3 92 396 799
3 22 309 565
4 10 72 514 719
3 9 40 846
2 10 49
3 39 304 641
2 260 370
3 74 155 848
2 5 17
3 95 244 442
3 0 1 540
3 31 129 594
6 1 165 479 648 672 693
2 1 44
6 1 106 551 832 859 936
3 56 281 946
4 52 312 519 875
5 85 328 675 897 908
2 234 328
2 126 300
3 179 345 799
3 26 334 945
2 274 312
5 8 25 694 723 866
3 28 380 606
4 9 60 879 886
2 378 394
3 224 400 755
2 6 188
2 1 163
2 72 129
2 73 367
2 0 6
3 129 234 827
3 93 337 753
2 56 416
5 18 70 847 877 930
4 73 121 696 733
2 37 150
2 62 272
2 275 306
2 11 159
4 17 120 562 605
2 25 356
3 3 107 500
2 228 256
2 159 303
2 1 161
2 318 330
5 13 365 744 964 999
3 43 165 694
2 56 262
2 22 345
4 3 98 628 646
5 48 75 647 653 765
3 176 181 915
2 59 176
3 56 202 791
3 1 74 667
3 165 336 531
3 152 379 656
2 322 340
2 257 327
3 254 393 820
2 5 169
2 3 373
3 1 182 478
2 236 258
3 80 319 917
3 103 174 593
3 245 265 853
6 392 473 615 739 791 860
2 258 419
3 90 132 760
3 102 115 725
2 17 308
2 21 365
4 8 17 503 814
2 6 397
2 145 248
2 0 148
2 122 205
2 113 141
5 28 208 643 737 954
2 1 56
2 40 211
5 6 25 786 825 965
2 100 167
3 6 339 541
2 36 64
4 3 188 750 894
3 6 365 768
2 38 60
2 225 451
5 33 97 612 702 819
5 285 316 572 597 706
4 7 484 504 907
2 312 503
4 17 278 518 573
3 10 140 707
4 103 382 879 915
2 3 9
4 16 324 609 712
3 6 10 636
3 6 90 693
3 18 45 611
2 245 263
2 297 409
2 30 39
3 9 48 971
3 255 402 545
2 254 505
3 1 423 572
3 5 312 959
2 8 16
2 6 378
3 8 263 584
6 103 120 563 696 730 743
2 12 261
2 58 176
3 122 273 994
2 90 266
4 43 306 570 782
3 6 153 619
3 106 466 580
2 57 201
2 144 151
4 3 203 650 935
3 8 317 774
3 38 339 626
2 26 72
4 58 65 590 832
4 8 245 578 642
3 48 417 547
3 56 495 949
2 3 25
3 59 273 974
2 17 129
2 95 517
2 122 268
6 45 540 571 635 720 780
2 18 166
2 54 226
2 3 223
2 185 421
3 274 340 885
3 0 126 989
3 25 176 601
2 21 382
2 22 316
3 32 249 856
2 70 122
2 279 355
2 163 204
2 47 237
2 1 449
2 340 524
3 1 320 669
2 17 408
2 78 213
2 209 218
4 33 74 842 889
7 67 145 600 632 800 829 895
2 261 529
3 10 547 816
2 502 519
2 148 505
2 3 70
2 41 125
2 54 140
2 103 134
2 61 539
2 60 258
4 178 531 672 942
2 103 342
4 279 331 603 922
3 46 127 855
3 342 523 629
3 78 149 849
2 8 62
2 123 247
2 8 225
2 148 331
2 190 538
3 127 138 670
2 61 178
2 178 476
2 3 418
4 3 5 695 725
2 68 127
2 386 502
2 60 211
2 266 285
6 19 569 604 628 772 912
4 381 554 651 744
4 25 282 768 906
2 17 582
2 0 600
4 366 449 775 991
3 198 431 612
2 21 37
2 25 224
2 0 509
3 24 365 818
3 132 512 671
3 501 606 774
3 45 211 644
2 6 279
3 1 478 758
3 78 297 751
2 292 310
2 1 60
2 406 530
5 189 271 686 952 967
2 3 8
2 10 257
2 8 9
2 71 249
3 111 272 726
2 73 536
2 125 189
2 460 600
3 1 584 971
5 60 123 905 913 980
3 10 59 897
2 1 569
2 64 179
2 54 103
2 140 547
2 170 510
2 8 213
2 46 368
2 189 264
3 31 365 755
2 117 412
4 251 539 740 803
2 248 490
3 1 613 993
3 138 317 748
2 95 460
3 194 461 882
3 115 419 928
4 26 122 854 994
2 93 534
2 0 601
2 145 160
2 56 461
4 73 280 810 960
5 6 293 742 914 941
2 270 467
2 74 397
3 55 271 843
2 97 236
3 18 45 956
2 17 127
3 0 25 970
5 63 122 678 802 853
2 40 362
2 64 371
2 48 392
2 140 465
2 25 351
2 18 564
2 30 591
2 352 611
4 419 580 735 867
2 18 94
5 3 45 735 892 966
2 9 424
2 108 257
2 0 6
2 29 663
3 74 106 944
2 269 316
3 18 31 691
2 15 39
2 67 185
2 65 84
3 120 161 886
2 8 620
2 103 281
3 75 161 889
3 31 140 998
3 56 186 877
2 188 681
2 56 126
2 419 511
3 430 457 824
2 154 595
2 444 524
2 129 254
2 34 388
2 113 276
2 125 224
3 48 72 863
3 73 501 951
2 5 26
6 200 339 738 934 958 995
2 24 119
5 1 502 721 901 912
2 1 506
2 46 275
2 18 122
2 10 249
3 60 389 851
2 303 509
2 254 392
2 9 170
3 52 140 850
2 9 284
2 18 85
2 125 205
2 216 409
2 303 547
2 25 706
2 82 189
4 274 430 793 836
2 129 258
2 481 595
2 16 625
2 78 271
2 46 233
2 121 331
5 40 524 771 933 958
2 60 119
3 40 161 934
2 247 444
2 25 60
2 672 674
3 73 100 909
2 106 490
2 178 704
2 298 478
2 140 642
4 3 274 766 855
3 203 655 975
2 21 524
2 456 601
3 12 243 968
2 78 167
2 27 251
2 169 645
4 48 69 804 845
3 309 497 985
2 78 616
3 155 189 767
2 25 441
2 9 52
3 434 640 903
2 9 271
5 240 340 827 861 984
2 6 615
2 67 158
2 106 480
2 1 210
3 60 211 805
2 28 401
2 56 211
2 96 461
2 39 741
3 85 752 892
2 498 602
2 7 67
2 17 26
2 9 730
2 12 600
2 8 261
2 535 612
3 9 605 962
2 46 344
2 65 389
3 8 130 977
4 1 139 925 967
2 276 547
2 231 343
2 109 529
2 37 38
2 41 58
3 12 13 924
2 3 493
2 34 401
2 1 22
2 0 117
2 93 348
2 464 478
2 56 245
2 245 723
2 49 231
2 57 120
3 302 352 922
2 121 302
3 13 105 985
2 407 427
2 58 569
2 225 305
2 354 663
2 254 642
3 236 749 870
2 9 762
2 145 179
2 21 56
3 7 263 968
2 45 271
3 369 654 852
3 1 263 975
2 62 259
2 1 400
2 5 484
2 308 320
2 75 571
2 28 49
3 388 610 923
3 227 501 940
2 137 470
2 3 227
2 198 240
3 21 353 893
2 249 694
3 113 493 993
2 109 125
2 440 757
3 134 213 849
2 151 569
2 48 164
3 107 110 953
2 421 538
2 8 95
2 1 277
3 96 219 862
3 68 723 903
2 1 15
2 29 391
2 0 302
2 1 360
2 136 196
2 163 568
2 12 658
3 8 129 878
2 279 749
2 78 410
2 48 443
2 31 414
2 585 828
2 96 715
2 336 711
2 52 810
2 477 663
2 6 649
3 583 741 970
2 236 557
2 17 45
2 8 11
2 263 421
2 285 478
4 58 757 869 945
2 60 835
3 198 701 895
2 28 271
3 69 340 955
2 247 430
3 271 672 884
2 70 365
2 3 861
2 6 804
2 169 391
2 330 350
2 336 382
2 140 251
2 257 423
2 317 340
2 443 690
2 31 844
2 432 507
2 24 309
2 6 41
3 8 647 913
2 12 167
2 9 867
2 212 552
2 432 685
2 8 127
2 18 31
2 568 688
3 116 129 990
2 75 88
2 674 767
2 38 823
2 41 497
2 569 863
2 1 257
2 424 631
2 17 98
2 338 398
2 16 48
2 246 706
2 0 12
4 755 836 946 982
3 17 272 935
2 74 630
2 261 602
4 296 503 929 951
2 46 424
2 351 736
2 61 208
2 62 204
2 600 706
2 630 882
2 87 655
2 462 507
2 8 152
2 73 475
2 33 73
2 8 38
2 19 59
2 6 139
2 582 796
2 85 818
2 257 785
2 1 779
2 28 113
2 3 236
2 24 648
2 251 907
2 197 443
2 1 9
2 8 178
2 1 730
2 704 732
2 534 904
2 39 421
2 9 16
2 60 95
2 8 56
2 297 819
2 281 655
2 70 580
2 266 367
2 3 679
3 428 861 956
2 422 903
2 26 316
2 48 294
2 18 541
2 45 131
2 702 907
2 353 620
2 96 831
2 48 490
2 78 865
2 660 945
2 1 129
2 704 730
2 6 520
2 401 654
2 59 396
2 23 775
2 227 256
2 163 456
2 162 493
2 5 674
2 620 779
2 745 808
2 3 22
2 662 855
2 516 629
2 29 33
2 8 122
2 6 543
2 742 811
2 328 330
2 147 778
2 6 132
2 5 91
2 6 630
2 6 210
2 256 903
2 6 218
2 73 757
2 750 798
2 38 219
2 48 360
2 34 95
2 3 553
2 63 890
2 0 605
2 116 295
2 644 825
2 527 649
2 0 704
2 168 226
2 17 140
2 1 689
2 334 456
