100
14 1 2 3 4 5 8 15 24 32 36 48 67 68 91
7 0 7 25 54 69 71 86
6 0 3 9 12 20 26
7 0 2 4 5 23 38 66
8 0 3 6 10 14 17 22 33
9 0 3 11 13 20 21 41 60 94
5 4 7 11 21 51
8 1 6 14 16 17 19 31 92
3 0 9 59
3 2 8 18
3 4 19 48
5 5 6 13 30 70
5 2 33 60 75 87
3 5 11 28
2 4 7
3 0 41 84
2 7 44
7 4 7 18 29 30 38 72
2 9 17
3 7 10 79
7 2 5 22 23 25 27 39
5 5 6 31 65 73
3 4 20 49
4 3 20 34 35
3 0 52 65
4 1 20 37 92
4 2 78 27 93
3 20 26 90
1 13
6 17 62 63 68 71 91
6 11 17 46 52 64 93
2 7 21
3 0 79 40
5 4 12 82 47 63
3 76 23 43
1 23
3 0 45 72
3 25 89 97
3 3 17 40
2 20 66
3 32 38 56
3 5 15 85
3 80 83 58
1 34
2 16 49
2 36 99
1 30
1 33
2 0 10
6 22 80 44 61 62 96
3 86 51 73
3 6 50 95
3 24 30 57
2 64 74
2 1 77
1 58
1 40
1 52
3 42 55 74
2 8 61
3 5 12 90
4 49 88 59 98
4 76 29 49 69
4 29 33 85 67
2 30 53
2 21 24
2 3 39
3 0 81 63
2 0 29
2 1 62
2 11 81
2 1 29
2 17 36
3 21 50 99
2 53 58
1 12
3 62 34 77
2 76 54
1 26
2 19 32
2 49 42
2 70 67
1 33
1 42
2 15 96
2 41 63
2 1 50
1 12
1 61
1 37
2 27 60
2 0 29
3 7 25 98
2 26 30
1 5
1 51
2 84 49
1 37
2 61 92
2 45 73
