100
11 1 2 3 5 6 7 8 38 56 88 95
8 0 2 3 4 11 12 52 99
10 0 1 5 9 15 27 39 43 60 77
9 0 1 7 8 10 40 58 65 91
4 1 6 34 68
8 0 2 9 16 22 32 75 80
6 0 4 10 75 84 96
5 0 3 14 57 64
7 0 3 11 18 31 49 79
3 2 5 21
5 3 6 19 23 81
5 1 8 33 35 95
2 1 23
3 15 17 20
3 7 29 46
4 2 13 24 61
3 5 32 66
4 13 51 69 78
5 8 20 28 47 58
1 10
4 13 18 42 44
2 9 28
5 5 61 26 30 46
3 10 12 83
1 15
1 55
9 22 67 29 33 71 72 88 98 99
2 2 57
3 18 21 45
6 14 26 73 31 38 53
2 22 94
4 8 29 44 59
5 5 16 62 72 39
2 11 26
3 4 70 45
4 11 65 77 84
1 47
1 89
3 0 63 29
2 2 32
3 3 66 48
4 78 43 96 98
1 20
2 2 41
3 20 31 86
3 28 74 34
2 14 22
2 18 36
1 40
1 8
1 85
1 17
1 1
2 29 60
2 67 82
2 25 69
1 0
3 7 27 90
3 3 18 92
1 31
2 2 53
2 15 22
1 32
1 38
2 7 73
2 3 35
3 16 40 76
3 26 54 93
4 4 71 79 89
2 17 55
2 34 85
2 68 26
3 26 32 80
2 64 29
4 45 87 91 93
2 5 6
1 66
2 2 35
3 17 41 81
3 8 68 90
2 5 72
2 10 78
1 54
1 23
2 6 35
2 70 50
1 44
1 74
2 0 26
2 68 37
3 79 57 97
2 3 74
1 58
2 67 74
1 30
2 0 11
2 6 41
1 90
2 26 41
2 1 26
