200
32 1 2 3 4 6 7 8 9 11 14 15 20 22 30 31 32 40 44 47 63 67 76 79 80 81 90 91 114 144 149 164 172
10 0 5 21 23 43 49 86 126 156 187
12 0 3 4 5 17 27 34 59 112 116 179 183
12 0 2 8 9 13 16 18 19 24 65 80 166
5 0 2 43 75 117
9 1 2 7 10 11 54 68 109 131
10 0 12 23 28 39 40 55 63 97 171
14 0 5 13 18 20 27 35 36 50 64 83 84 126 167
6 0 3 14 60 103 134
17 0 3 16 17 22 24 26 39 51 55 58 73 74 78 113 117 150
4 5 29 30 121
3 0 5 137
4 6 37 48 105
3 3 7 120
3 0 8 42
3 0 59 170
10 3 123 9 26 52 73 142 145 186 188
5 2 9 34 61 66
4 3 7 25 64
6 3 38 42 156 163 199
10 0 7 125 25 29 41 69 70 90 141
6 1 31 67 92 194 195
7 0 9 32 33 49 74 128
4 1 6 84 144
3 3 9 108
3 18 20 89
8 9 16 28 47 57 85 87 93
3 2 7 41
5 6 26 44 103 111
2 10 20
2 0 10
4 0 21 45 166
4 0 22 53 176
5 22 48 53 71 78
2 2 17
9 7 36 50 77 94 107 110 170 181
4 7 35 92 118
3 12 71 88
3 19 152 161
8 6 9 102 109 121 163 165 187
2 0 6
5 124 20 27 136 196
5 14 19 69 85 160
2 1 4
5 0 28 77 100 199
1 31
5 135 62 66 82 195
3 0 26 114
2 12 33
4 1 22 138 65
3 7 35 56
2 9 119
2 16 86
4 32 33 122 191
4 5 115 183 196
6 6 9 58 82 122 172
3 50 70 145
3 26 139 89
2 9 55
2 2 15
3 8 102 110
1 17
3 46 76 111
6 0 6 95 116 173 189
3 7 18 157
2 3 49
2 17 46
3 0 21 106
3 5 137 91
4 20 42 88 151
3 20 129 56
5 33 37 136 101 175
3 142 158 164
3 9 16 104
2 9 22
4 4 127 120 198
3 0 133 62
2 35 44
5 9 33 134 162 189
4 0 81 98 178
3 0 3 188
2 0 79
3 46 55 173
2 7 101
2 7 23
2 26 42
3 1 52 99
1 26
4 37 69 96 113
2 25 57
4 0 20 129 190
2 0 68
2 21 36
1 26
4 130 35 138 95
2 63 94
2 88 168
1 6
2 79 194
1 86
2 44 150
2 71 83
7 123 39 135 60 153 155 180
2 8 28
2 73 182
1 12
1 67
1 35
3 124 24 165
2 5 39
2 35 60
2 28 62
2 2 182
3 9 127 88
3 0 47 147
3 54 146 147
2 2 63
2 4 9
2 131 36
2 51 171
2 13 75
3 10 39 154
3 53 55 152
2 16 102
3 108 41 148
1 20
3 1 7 158
2 75 113
1 22
2 70 90
1 94
4 5 118 160 169
1 168
1 76
4 8 78 157 174
4 46 102 161 185
2 71 41
3 11 68 159
2 49 94
1 57
2 148 177
1 20
2 16 72
1 185
3 0 23 193
2 16 56
1 115
3 115 114 155
2 124 140
2 0 190
2 9 100
2 69 154
2 38 122
1 102
2 151 121
2 147 102
2 1 19
2 134 64
2 126 72
1 137
2 131 42
2 38 135
1 78
3 19 39 184
3 0 72 192
3 39 108 177
2 3 31
1 7
2 132 96
1 131
2 15 35
4 6 119 176 197
2 0 55
2 63 82
1 134
1 71
2 32 171
2 140 165
1 79
1 2
1 102
2 35 197
2 104 112
2 2 54
1 163
2 135 143
1 16
3 1 39 198
2 16 80
2 63 78
2 149 90
1 53
1 164
1 144
2 21 98
2 21 46
2 41 54
2 171 181
2 75 187
2 19 44
