200
14 1 2 3 7 8 10 11 12 15 43 51 127 189 197
10 0 4 5 7 15 38 53 70 71 74
16 0 3 6 10 12 14 25 31 34 51 53 57 76 109 171 183
14 0 2 4 26 36 43 48 57 68 99 103 108 167 185
8 1 3 5 6 9 16 18 143
4 1 4 13 56
6 2 4 8 22 58 60
7 0 1 27 29 52 114 199
10 0 6 9 11 18 19 63 75 115 128
7 4 8 34 55 83 121 126
10 0 2 20 37 39 42 55 160 162 178
14 0 8 13 17 26 40 50 67 82 90 101 122 175 197
3 0 2 168
6 5 11 62 68 111 163
8 2 16 28 35 44 54 108 176
3 0 1 17
12 4 14 23 27 33 39 79 80 87 89 111 148
4 119 11 15 140
4 4 8 21 183
9 118 8 22 23 32 62 137 153 166
2 10 106
5 18 24 35 104 196
7 6 19 45 58 60 86 130
9 16 125 19 24 44 63 70 81 97
3 21 23 47
3 2 29 72
6 3 11 28 36 85 106
3 7 16 138
4 14 26 95 117
3 7 25 102
3 41 81 129
2 2 193
2 19 142
3 16 52 75
2 2 9
7 14 21 98 139 150 191 193
2 3 26
4 10 47 69 169
2 1 156
7 10 16 131 133 59 77 187
2 11 64
1 30
2 10 46
5 0 3 93 148 180
2 14 23
2 22 79
3 42 59 172
4 24 37 135 61
2 3 138
3 135 50 66
5 11 49 65 72 180
4 0 2 120 110
6 7 120 33 88 92 184
4 1 2 94 173
1 14
5 10 9 129 69 161
1 5
5 2 3 143 91 174
3 6 22 112
4 39 46 80 96
2 6 22
3 47 64 65
2 13 19
4 8 23 151 186
4 40 144 61 102
3 50 61 93
2 49 139
3 11 82 187
2 3 13
5 128 37 55 110 167
2 1 23
4 1 146 100 188
2 25 50
1 97
2 1 88
6 8 123 33 142 149 89
3 2 95 192
2 39 101
2 117 162
2 16 45
4 124 16 136 59
4 23 30 112 175
3 119 11 67
1 9
1 191
1 26
1 22
2 16 170
4 52 74 109 116
3 16 155 75
2 11 178
1 57
2 52 153
4 43 65 107 182
6 125 53 155 157 104 105
4 28 141 76 113
1 59
2 23 73
2 35 173
3 3 160 113
2 71 168
3 11 134 77
2 29 64
1 3
4 21 151 94 194
2 169 94
4 20 26 140 147
2 158 93
3 3 14 133
2 2 88
3 51 69 163
3 13 16 159
2 58 81
3 95 99 196
3 7 165 195
1 8
2 88 172
2 28 78
2 19 171
3 17 82 158
3 52 51 132
2 9 126
1 11
1 75
1 80
3 94 23 132
2 9 121
1 0
2 8 69
3 30 55 170
1 22
3 39 152 185
2 120 125
2 39 108
2 101 194
3 47 49 182
2 80 198
2 19 164
6 27 48 145 150 165 166
2 35 66
2 17 106
2 95 154
2 32 75
2 4 57
1 64
1 138
1 71
1 106
2 16 43
1 75
2 35 138
2 63 104
1 131
3 19 92 181
1 141
3 89 94 199
1 38
1 94
3 119 107 189
1 111
3 10 99 181
1 55
2 10 78
2 13 110
1 137
2 138 114
2 19 138
2 3 69
2 12 100
2 37 105
2 129 87
2 2 118
3 46 116 177
2 53 98
1 57
2 11 81
2 14 190
1 172
3 10 90 188
1 198
2 43 50
2 153 160
2 135 93
2 2 18
1 52
2 3 131
1 63
2 39 67
2 71 178
2 0 158
1 176
2 35 84
1 76
2 31 35
2 134 104
1 114
2 21 113
2 0 11
2 136 179
2 7 155
