100
9 1 3 5 6 7 13 41 43 95
8 0 3 20 30 31 42 68 75
6 5 9 25 29 84 93
5 0 1 11 33 80
4 10 28 73 75
6 0 2 7 9 32 97
6 0 14 57 66 69 79
6 0 5 27 30 39 95
4 22 36 37 90
6 2 5 12 80 82 86
2 4 16
8 3 65 16 22 60 70 76 91
4 9 15 57 74
2 0 50
3 6 21 92
2 12 38
3 10 11 48
2 81 88
3 25 56 90
1 44
2 1 37
4 67 14 58 62
3 8 11 27
1 73
6 41 43 53 59 63 91
4 2 18 45 58
1 45
4 7 22 39 92
2 4 31
2 2 46
5 1 7 35 50 82
8 1 28 77 34 48 49 52 83
4 5 47 61 62
1 3
1 31
3 72 30 76
2 8 54
2 8 20
2 15 71
2 7 27
2 67 55
4 0 24 51 85
1 1
6 0 68 24 71 86 87
2 19 70
4 25 26 63 64
1 29
1 32
2 16 31
2 31 88
2 13 30
1 41
2 31 79
1 24
2 36 87
2 40 60
1 18
4 6 12 84 85
4 65 21 25 59
2 24 58
2 11 55
1 32
3 21 32 78
4 24 78 45 89
1 45
2 58 11
1 6
4 21 40 72 99
2 1 43
2 6 94
2 11 44
3 38 43 96
2 67 35
2 4 23
1 12
2 1 4
2 11 35
1 31
2 62 63
2 6 52
2 3 9
1 17
3 9 30 89
2 31 98
2 2 57
2 41 57
3 9 43 99
2 43 54
3 17 49 97
3 82 63 93
3 8 18 94
2 11 24
2 14 27
2 2 89
2 69 90
2 0 7
1 71
2 5 88
1 83
2 67 86
