600
75 1 2 3 4 5 6 7 8 10 11 12 14 16 19 20 21 24 26 27 28 29 31 34 36 44 47 49 50 52 54 57 62 65 67 72 74 79 92 97 104 106 119 126 144 156 165 178 194 208 220 224 230 247 268 269 273 320 324 328 350 351 358 364 386 415 430 443 476 491 507 520 527 560 564 577
37 0 3 4 7 8 9 10 12 13 14 48 62 68 86 92 101 117 141 152 164 168 214 216 219 220 255 297 322 324 334 345 367 450 451 459 475 495
9 0 37 121 124 143 289 360 379 477
17 0 1 11 29 35 43 53 82 93 174 267 316 356 360 471 552 574
25 0 1 5 6 18 23 33 38 42 71 74 76 81 94 134 148 155 176 202 250 333 399 410 520 568
20 0 4 16 17 20 51 59 83 90 105 113 148 149 159 201 212 248 365 441 592
12 0 4 15 24 53 75 78 181 202 213 281 526
28 0 1 17 23 25 40 41 47 73 76 89 111 138 157 160 217 231 264 277 295 298 304 396 427 442 479 557 593
25 0 1 9 18 21 22 59 63 90 136 145 158 188 205 206 225 230 240 260 335 343 403 419 505 589
13 1 8 30 38 91 108 110 125 187 237 310 488 528
7 0 1 13 218 258 278 547
6 0 3 15 27 185 248
7 0 1 30 57 114 153 359
4 1 10 77 116
8 0 1 19 25 26 69 93 541
14 6 11 32 33 46 52 58 80 135 259 432 517 559 589
7 0 5 22 48 121 229 411
20 5 7 28 34 39 40 45 64 94 99 105 189 193 214 241 247 295 339 346 561
10 4 8 32 70 196 201 285 311 418 460
4 0 14 35 73
5 0 5 142 171 243
12 0 8 36 39 110 133 143 186 246 263 274 373
15 8 16 41 58 186 203 208 262 302 309 327 448 532 565 579
7 4 7 195 219 308 348 366
7 0 6 179 266 407 514 590
8 7 14 42 150 193 294 343 474
4 0 14 166 232
8 0 11 31 97 187 348 391 402
11 0 17 37 103 180 224 305 349 469 558 578
7 0 3 63 126 170 280 421
6 9 12 51 64 80 160
6 0 27 117 133 157 523
13 15 18 45 46 54 60 191 198 223 317 406 458 470
16 4 15 43 61 79 85 136 197 207 228 329 345 398 401 473 534
8 0 17 67 102 151 366 410 550
8 3 19 44 99 183 405 504 580
11 0 21 56 60 78 109 204 215 332 498 506
9 2 28 88 95 232 313 340 430 598
2 4 9
9 17 21 56 216 291 305 475 493 495
5 7 17 124 142 577
3 7 22 246
2 4 25
7 3 33 107 125 139 377 436
7 0 35 65 351 487 492 595
9 17 32 68 69 72 98 303 313 567
5 15 32 71 137 251
11 0 7 66 81 83 88 306 374 484 510 598
7 1 16 55 161 209 417 542
4 0 75 249 500
5 0 86 180 299 420
14 5 30 91 106 108 140 144 165 197 231 252 265 396 479
8 0 15 55 66 262 352 431 523
7 3 6 111 261 344 394 491
10 0 32 61 107 129 203 462 488 512 521
7 48 52 146 215 221 280 458
3 36 39 234
4 0 12 233 330
5 15 22 127 341 546
5 5 8 132 147 167
5 32 36 118 276 349
4 33 54 200 275
5 0 1 151 200 476
4 8 29 70 551
9 17 30 82 96 98 130 172 389 457
3 0 44 156
11 47 52 168 179 263 272 300 383 502 503 549
7 0 34 120 162 260 454 489
2 1 45
4 14 45 297 533
4 18 63 119 576
9 4 46 154 227 284 286 373 377 534
6 0 45 102 135 198 270
4 7 19 578 581
5 0 4 120 154 212
8 6 49 77 112 145 195 254 334
9 4 7 84 128 169 353 438 477 581
6 13 75 109 164 279 571
4 6 36 158 307
11 0 33 87 161 181 182 194 268 284 512 596
4 15 30 379 436
7 4 47 84 85 176 250 314
8 3 64 101 138 153 211 474 572
3 5 47 425
3 76 81 222
6 33 81 87 175 240 510
6 1 50 192 398 516 536
5 79 85 104 116 166
6 37 47 130 175 178 321
4 7 141 425 446
5 5 8 163 210 470
4 9 51 152 407
7 0 1 129 170 235 328 372
3 3 14 381
3 4 17 103
4 37 100 223 562
2 64 255
3 0 27 352
9 45 64 131 288 344 427 484 536 570
3 17 35 573
7 95 184 239 338 411 437 447
4 1 82 115 233
2 34 72
3 28 94 278
7 0 87 131 267 271 335 346
5 5 17 163 211 518
9 0 51 123 134 155 184 363 372 496
5 43 54 112 353 395
7 9 51 114 115 118 162 218
5 36 77 137 139 587
4 9 21 177 304
5 7 53 147 438 542
4 75 107 199 575
5 5 122 173 226 406
3 12 108 296
5 101 108 127 314 567
9 13 87 128 226 227 245 326 416 563
3 1 31 467
3 60 108 429
5 0 70 177 298 371
6 67 74 238 244 312 553
2 2 16
8 113 196 234 243 418 444 513 569
1 106
6 2 40 190 342 467 521
2 9 43
7 0 29 191 209 222 261 584
6 58 115 167 199 525 586
4 76 116 480 596
2 54 92
8 64 88 174 238 282 283 397 586
3 98 104 357
2 59 242
5 21 31 149 229 315
3 4 106 416
3 15 72 354
3 8 33 413
4 46 109 424 539
4 7 82 205 402
6 43 109 140 251 293 357
6 51 139 292 321 419 445
3 1 89 337
4 20 40 501 504
4 2 21 299 368
4 0 51 236 237
4 8 75 258 317
4 55 381 392 448
6 59 111 150 329 369 453
4 4 5 256 401
6 5 133 457 530 531 541
3 25 147 382
4 34 62 266 374
4 1 91 221 422
4 12 82 392 404
9 71 74 183 322 424 486 514 582 585
3 4 106 190
3 0 65 555
5 7 31 270 316 565
5 8 78 259 415 492
2 5 253
3 7 30 273
3 48 79 336
2 67 108
2 90 105
3 1 77 169
3 0 51 296
3 26 87 272
4 59 127 291 538
3 1 66 359
4 76 164 390 473
7 29 92 257 301 386 400 497
4 20 225 293 320
2 64 235
4 113 210 286 307
5 3 130 185 257 319
3 85 88 408
11 4 81 189 213 264 312 330 341 439 449 454
3 110 119 478
2 0 88
3 24 66 376
3 28 50 573
7 6 79 207 388 413 509 594
2 79 370
4 35 154 318 331
2 100 106
5 11 174 294 301 378
3 21 22 494
5 9 27 253 378 391
4 8 281 393 394
2 17 176
4 124 155 367 486
2 32 126
3 86 399 527
2 17 25
13 0 79 279 290 300 303 306 333 420 447 493 547 556
4 23 75 412 531
6 18 122 269 364 452 480
2 33 51
2 32 72
2 112 127
2 61 62
4 5 18 325 511
3 4 6 365
3 22 54 382
4 36 217 412 508
2 8 138
3 8 482 566
3 33 181 469
2 0 22
5 48 126 327 465 535
5 90 173 228 256 292
6 82 105 265 283 323 516
6 5 74 236 389 405 593
4 6 176 423 441
4 1 17 369 423
2 36 55
4 1 39 440 588
4 7 204 468 544
4 10 108 244 522
3 1 23 517
4 0 1 245 421
3 55 152 287
2 84 126
6 32 95 252 277 505 528
5 0 28 242 355 390
2 8 171
4 113 116 397 414
3 71 116 468
2 33 210
4 16 133 288 361
3 0 8 315
6 7 51 274 336 339 543
2 26 37
3 57 101 287
3 56 122 500
3 92 172 254
3 144 212 311
6 9 144 276 435 556 561
3 120 130 471
2 100 319
5 8 85 338 529 555
8 17 249 282 332 388 455 539 545
3 132 224 465
4 20 122 417 562
2 120 218
3 116 220 453
4 21 41 461 502
2 0 17
2 5 11
3 49 241 289
5 4 81 275 380 395
4 46 139 483 545
2 51 223
3 159 187 599
2 75 235
3 1 96 576
2 148 210
4 170 174 309 340
4 10 145 463 515
2 15 158
4 8 67 426 551
2 53 126
5 22 52 387 426 433
2 21 66
2 7 176
3 51 211 354
4 24 151 347 443
2 3 104
2 0 79
6 0 196 362 409 574 583
5 72 157 347 461 564
2 104 506
2 66 166
5 0 160 370 450 558
2 21 231
4 61 250 325 544
3 60 237 285
3 7 223 560
3 10 103 384
2 77 194
2 29 55
3 6 188 404
3 130 241 422
2 130 211
2 71 79
6 18 276 455 456 466 519
2 71 173
2 221 233
3 98 229 323
3 2 249 318
1 194
3 39 167 494
3 140 210 524
3 139 171 434
3 25 185 519
2 7 17
3 114 165 393
5 1 69 310 385 459
2 7 119
3 50 143 482
3 66 194 308
2 170 185
2 22 434
2 45 194
4 7 110 383 460
4 28 39 466 515
2 47 194
2 78 173
4 23 300 403 472
2 22 257
4 9 297 463 507
2 18 236
4 120 176 498 503
2 37 45
3 81 115 524
4 133 230 442 452
6 3 157 337 428 433 529
5 32 145 400 570 575
2 183 289
2 174 239
2 0 171
2 88 140
2 1 154
3 211 288 431
2 0 1
2 201 275
2 116 361
3 22 209 497
2 0 92
2 33 147
2 57 176
1 183
4 36 241 445 591
2 4 194
3 1 75 439
5 8 104 363 375 543
3 161 231 355
2 141 316
3 100 240 540
2 17 231
3 37 257 368
3 58 176 584
1 124
4 8 25 552 590
2 53 98
4 1 33 513 550
2 17 104
3 266 270 481
3 23 27 358
2 28 60
2 0 487
2 0 44
2 52 97
2 76 107
2 135 265
2 224 336
1 3
3 131 139 462
2 0 348
2 12 168
2 2 3
2 229 326
1 269
2 106 335
3 0 196 387
2 5 202
3 23 34 585
2 1 190
2 143 340
3 147 214 478
2 182 273
1 119
3 92 106 375
2 21 71
2 47 151
2 335 372
2 179 428
3 43 71 501
2 185 187
2 2 80
1 250
2 93 146
2 150 203
3 66 304 444
2 278 385
2 297 384
2 0 170
2 262 364
2 181 241
2 64 212
2 169 224
2 27 187
3 146 153 489
2 188 296
2 53 188
2 107 250
2 7 51
3 130 226 472
2 33 86
3 4 192 408
2 170 317
3 33 148 566
2 27 138
2 8 308
2 153 281
4 35 212 485 597
2 32 113
3 24 91 582
2 175 399
1 269
2 4 34
2 16 100
2 195 204
4 136 181 437 464
1 226
2 0 158
2 116 134
2 48 243
2 18 122
5 8 140 509 554 594
2 50 194
3 29 220 483
2 152 282
3 213 214 451
3 137 154 440
3 83 89 508
3 260 262 572
3 7 98 592
2 316 376
1 118
5 0 37 432 568 587
3 52 323 526
5 15 430 449 464 518
2 262 316
2 293 302
1 237
3 43 80 532
2 100 413
3 76 111 546
2 176 334
2 216 424
2 5 213
2 7 315
2 0 266
2 122 383
2 140 332
1 89
3 100 194 537
2 22 146
3 176 432 583
3 1 273 499
2 1 423
2 196 315
2 147 245
3 67 176 499
2 241 285
2 285 481
2 64 149
2 32 55
2 1 297
2 18 304
2 246 270
2 54 357
2 258 310
2 413 432
2 209 242
3 285 305 538
3 117 124 490
2 217 227
2 28 207
2 32 90
2 3 238
2 308 397
2 33 169
2 25 82
2 1 39
2 0 62
2 2 76
2 177 369
3 7 51 525
2 128 196
2 347 456
2 206 299
3 251 421 569
2 47 98
1 405
2 154 190
2 44 350
2 9 54
2 67 392
1 467
2 0 53
2 44 158
2 39 194
2 186 291
2 1 39
1 106
2 170 327
3 36 312 599
2 450 454
3 49 234 511
2 142 377
2 66 246
2 66 312
2 35 142
2 8 223
3 36 271 535
2 0 310
2 204 425
2 181 419
2 47 85
2 201 500
2 54 79
4 122 345 530 548
2 24 154
2 258 305
2 86 211
2 15 219
3 105 432 533
2 285 294
3 0 4 548
2 54 124
1 218
2 31 52
3 292 314 540
2 127 479
2 6 431
3 0 192 549
2 9 223
2 240 316
2 149 513
2 149 195
2 22 436
3 69 518 557
2 33 71
2 209 506
2 86 98
1 447
2 167 466
2 137 241
2 338 524
2 14 149
2 48 111
2 231 335
2 217 275
2 241 251
2 58 438
2 10 194
2 513 520
2 66 527
2 34 345
2 63 260
2 3 343
1 120
1 419
2 156 240
2 194 237
2 7 533
2 28 273
1 15
2 0 277
2 17 237
2 95 243
1 116
2 0 270
2 22 157
2 206 401
2 45 115
2 4 430
2 122 483
2 98 317
1 77
2 82 426
2 99 180
2 3 269
2 112 317
2 70 255
3 0 40 588
2 28 73
1 22
1 35
2 73 76
2 154 407
2 269 449
2 126 341
2 154 366
2 127 130
2 109 430
2 216 577
2 8 15
2 24 343
1 332
2 5 427
2 7 212
2 181 419
1 44
2 79 128
1 405
2 37 47
2 253 498
