200
33 1 2 3 4 5 6 7 9 10 12 15 17 18 19 21 23 25 29 30 33 35 37 40 62 70 73 75 77 86 96 101 113 145
16 0 2 3 6 7 8 9 10 27 33 49 67 88 102 174 184
7 0 1 22 32 45 51 136
8 0 1 4 5 14 44 80 156
10 0 3 12 13 28 48 56 65 115 116
7 0 3 11 17 43 182 184
16 0 1 13 39 41 44 46 47 55 59 74 85 98 126 130 153
14 0 1 8 14 16 34 39 48 68 84 90 105 109 155
5 1 7 57 58 111
5 0 1 94 125 127
4 0 1 15 51
6 5 20 29 66 124 179
6 0 4 16 27 97 115
9 4 6 141 18 21 26 54 56 199
8 3 7 20 32 38 87 157 171
5 0 10 22 41 52
9 7 12 46 78 110 129 138 156 188
5 0 5 82 143 177
8 0 13 24 96 100 112 176 191
3 0 74 181
6 11 14 26 30 55 170
4 0 13 37 42
5 2 15 25 54 83
3 0 89 93
2 18 133
4 0 22 35 134
5 13 20 40 53 133
7 1 12 31 68 76 91 185
4 4 57 77 98
7 0 11 31 36 110 163 181
5 0 20 50 70 127
7 27 29 69 93 95 117 170
2 2 14
3 0 1 106
3 7 38 187
6 0 25 49 50 73 102
6 29 82 128 132 149 189
4 0 21 146 109
3 14 34 62
4 6 7 47 197
4 0 26 66 114
7 6 15 65 125 164 191 192
2 21 197
4 5 60 108 123
7 3 6 63 106 153 167 192
4 2 71 92 190
3 6 16 112
5 6 39 67 159 169
3 4 7 105
3 1 35 69
2 30 35
5 2 10 148 135 199
1 15
2 26 122
3 13 22 175
2 6 20
6 4 13 92 104 135 193
5 8 28 61 75 94
3 8 81 130
4 6 167 183 185
2 146 43
2 57 107
4 0 38 81 120
1 44
1 118
3 4 41 90
3 11 144 40
3 1 140 47
2 7 27
4 31 148 151 49
2 0 30
2 45 151
2 83 177
2 0 35
5 6 19 114 136 188
2 0 57
2 139 27
6 0 28 88 113 178 193
2 16 152
1 99
2 3 85
3 58 62 173
3 17 147 36
2 22 72
1 7
4 6 80 89 104
2 0 128
2 14 145
5 1 147 77 116 126
2 23 85
2 7 65
4 27 101 124 138
4 45 56 118 137
2 23 31
4 9 57 103 180
2 31 121
3 0 18 107
2 12 122
4 6 141 139 28
2 79 108
2 18 119
2 0 91
3 1 35 111
1 94
3 56 85 132
2 7 48
4 33 44 174 120
3 61 161 96
3 43 158 99
5 7 37 152 160 187
5 16 29 150 160 165
2 8 102
5 18 46 158 169 196
2 0 77
3 142 40 74
3 4 12 134
2 4 88
1 31
3 161 64 92
1 100
2 62 106
1 95
3 53 97 137
1 43
2 11 91
2 9 41
2 6 88
3 9 30 166
3 36 86 131
1 16
4 6 149 58 171
2 155 128
3 36 176 104
2 24 26
3 25 154 115
3 51 56 172
5 2 140 162 165 74
3 163 92 122
2 16 91
2 76 98
2 136 67
3 13 98 195
2 114 194
1 17
1 66
3 0 87 150
2 37 60
3 82 88 162
2 51 69
2 36 130
2 145 110
2 69 71
2 109 78
2 6 44
1 134
2 7 131
2 3 16
1 14
3 112 108 198
1 47
3 109 110 190
4 118 107 164 195
2 147 136
3 29 137 182
3 41 161 186
2 136 110
1 127
2 44 59
1 183
2 47 112
2 20 31
2 14 130
1 135
1 81
2 1 106
2 54 198
3 18 132 178
2 17 72
2 77 176
2 11 189
1 94
2 19 29
2 5 163
2 59 168
2 1 5
2 27 59
1 164
2 34 109
2 16 74
2 36 179
2 45 160
2 18 41
2 41 44
2 56 77
1 142
2 141 161
1 112
2 39 42
2 158 175
2 13 51
