1000
43 1 2 3 4 5 6 33 34 55 59 79 80 93 102 106 143 148 170 176 180 193 219 226 227 229 258 276 285 295 378 402 423 483 510 519 528 612 741 752 759 877 933 992
23 0 8 9 10 11 15 25 36 87 97 110 118 165 172 252 334 452 486 665 735 758 846 899
54 0 3 4 15 23 30 32 40 42 43 47 49 63 68 83 91 97 124 134 139 148 152 158 173 190 202 220 228 251 279 287 323 362 372 416 435 436 461 476 533 538 554 571 580 616 668 681 706 765 802 851 890 893 981
78 0 2 5 6 7 8 10 16 19 20 21 22 26 30 31 35 39 47 48 50 51 60 67 85 87 100 105 114 118 160 161 169 172 176 201 223 224 242 244 254 256 260 274 275 280 288 309 325 326 330 369 381 384 389 410 417 418 437 450 484 490 504 526 550 552 570 622 647 659 666 696 721 767 785 830 867 902 976
21 0 2 11 13 27 38 72 104 168 335 341 357 393 412 430 527 683 793 855 909 959
26 0 3 9 45 55 101 102 128 178 181 191 216 218 247 254 274 283 348 356 578 606 621 665 722 844 943
25 0 3 7 43 58 62 89 115 166 248 424 455 512 527 569 603 648 666 679 700 709 855 918 952 974
11 3 6 26 54 63 144 310 453 562 873 962
22 1 3 12 20 41 84 109 140 146 173 187 207 209 327 328 539 569 605 656 708 935 967
57 1 5 12 13 14 16 17 29 39 41 44 50 53 54 56 62 64 66 76 92 95 98 107 149 163 184 215 250 262 282 298 308 317 332 351 364 368 396 403 440 465 501 517 548 550 629 669 692 707 719 738 795 812 817 907 985 997
19 1 3 18 19 21 33 40 74 86 105 130 201 282 376 466 702 763 805 915
13 1 4 58 60 302 542 570 722 724 824 856 919 980
25 8 9 14 23 27 35 79 80 94 110 155 158 184 188 237 278 443 568 626 710 814 916 952 978 989
2 4 9
20 9 12 17 32 52 59 61 65 119 152 154 236 266 271 308 434 546 623 918 927
60 1 2 28 31 37 38 42 57 77 84 93 99 101 111 132 133 137 145 147 161 165 175 181 183 233 235 245 272 284 290 300 303 305 361 371 373 386 446 476 489 520 523 564 567 576 615 621 670 672 680 740 757 782 801 816 852 857 874 913 979
12 3 9 36 227 246 358 366 458 625 780 947 991
16 9 14 18 37 99 117 129 157 162 164 215 396 453 687 848 889
12 10 17 28 77 82 116 164 313 428 594 655 818
9 3 10 24 34 82 131 353 405 731
8 3 8 134 492 627 831 934 966
27 3 10 22 24 25 29 44 56 69 73 115 131 197 200 247 351 382 403 480 519 583 658 689 772 796 953 966
6 3 21 45 235 452 883
7 2 12 52 71 81 628 663
15 19 21 90 129 143 204 516 546 549 588 761 771 854 887 948
12 1 21 153 192 225 256 269 400 439 469 766 807
22 3 7 46 67 72 95 139 237 242 332 364 432 483 488 509 734 784 895 917 929 949 969
2 4 12
20 15 18 64 65 88 154 180 243 270 301 316 324 397 402 502 507 575 693 842 905
8 9 21 96 203 501 638 640 664
5 2 3 125 299 729
4 3 15 296 343
11 2 14 46 57 149 188 701 769 791 850 974
7 0 10 269 346 568 648 936
27 0 19 48 49 68 112 123 136 145 159 171 374 383 460 462 464 489 495 496 561 597 645 674 791 819 835 913
2 3 12
3 1 16 336
3 15 17 947
4 4 15 325 366
4 3 9 86 187
7 2 10 66 159 212 304 523
7 8 9 78 137 385 411 943
9 2 15 127 138 277 333 438 557 891
6 2 6 147 449 704 743
11 9 21 255 301 419 456 474 566 576 815 889
16 5 22 91 92 232 306 337 400 653 678 684 710 724 775 953 963
8 26 32 150 245 328 477 846 866
2 2 3
12 3 34 78 90 203 249 285 632 652 682 787 983
17 2 34 53 76 133 217 239 423 432 450 474 479 505 541 596 721 728
13 3 9 51 83 124 304 360 384 472 540 548 865 885
11 3 50 151 248 350 380 553 660 744 828 903
13 14 23 89 141 229 259 268 339 574 591 634 661 886
8 9 49 108 219 529 786 800 865
12 7 9 75 107 155 356 513 515 616 644 676 939
4 0 5 250 404
3 9 21 672
4 15 32 386 687
7 6 11 198 306 530 562 691
6 0 14 61 71 195 949
11 3 11 111 135 391 408 482 500 528 608 840
13 14 59 69 70 123 317 414 444 664 696 837 861 945
6 6 9 73 85 127 212
3 2 7 825
16 9 28 75 122 156 167 182 195 230 231 349 515 592 838 841 911
12 14 28 104 146 153 166 222 329 587 661 698 897
2 9 40
12 3 26 96 109 114 196 265 273 359 442 468 572
4 2 34 300 503
20 21 61 70 117 174 209 238 272 315 319 362 511 631 660 662 675 725 746 811 915
10 61 69 121 299 581 623 720 936 945 984
3 23 59 614
7 4 26 74 88 307 404 491
7 21 62 549 651 694 764 794
15 10 72 120 197 211 262 382 399 500 630 812 840 934 970 976
14 54 64 81 113 185 293 297 419 463 471 703 765 820 839
11 9 49 112 132 331 408 675 778 779 798 813
12 15 18 156 168 216 233 318 339 341 462 498 960
2 41 48
8 0 12 122 210 421 456 613 837
5 0 12 189 381 536
6 23 75 126 263 741 801
7 18 19 238 310 426 563 967
9 2 50 103 130 383 454 690 715 816
7 8 15 116 319 781 962 977
10 3 62 98 113 204 373 459 522 564 737
6 10 39 226 769 904 955
10 1 3 359 389 514 539 577 650 743 826
10 28 72 178 261 393 531 601 639 835 882
7 6 52 94 138 499 778 875
6 24 48 135 213 334 805
2 2 45
7 9 45 202 388 509 671 814
10 0 15 108 174 345 418 654 761 923 950
6 12 89 280 360 789 856
7 9 26 369 395 405 486 789
4 29 67 100 141
6 1 2 160 442 457 756
4 9 85 199 633
6 15 17 103 377 756 762
11 3 96 186 388 445 496 560 634 823 906 919
2 5 15
15 0 5 106 128 151 163 170 236 270 340 406 525 705 783 864
2 83 99
28 4 65 119 142 179 207 239 244 288 314 380 415 464 482 503 505 545 594 638 732 755 792 821 858 872 896 950 957
4 3 10 120 999
14 0 102 121 126 194 218 267 309 420 584 624 683 731 845
2 9 54
5 53 93 653 716 742
5 8 67 144 290 784
7 1 12 330 679 694 738 825
3 15 60 723
3 34 76 521
11 75 85 150 257 294 335 348 368 559 745 798
5 3 67 305 363 551
7 6 21 249 289 323 372 897
4 18 84 213 467
5 17 69 447 751 939
6 1 3 125 157 241 311
4 14 104 214 444
5 74 105 189 240 655
10 70 106 162 183 199 222 410 497 593 677
4 64 79 167 278
12 34 61 169 205 253 342 488 590 609 695 709 733
4 2 50 853 887
2 30 118
2 81 106
4 42 62 566 690
6 5 102 136 354 399 881
11 17 24 192 193 283 440 473 609 650 802 872
10 10 83 232 326 333 385 686 859 884 937
6 19 21 179 264 642 813
4 15 76 377 451
4 15 49 390 817
2 2 20
5 60 90 142 318 414
3 34 128 560
5 15 41 186 214 521
4 42 89 140 221
4 2 26 321 920
3 8 138 246
3 52 96 194
7 104 135 200 224 253 711 975
4 0 24 198 914
5 7 109 353 508 853
3 15 34 612
12 8 65 196 231 259 263 397 481 717 752 894 999
11 15 43 206 225 295 413 454 555 558 727 930
3 0 2 271
3 9 32 627
3 46 113 867
10 51 102 171 177 208 277 324 599 788 877
4 2 14 449 615
4 25 65 182 357
10 14 28 211 312 355 392 431 517 635 688
5 12 54 243 344 441
4 64 77 252 730
2 17 118
3 2 12 185
6 34 40 534 573 668 903
7 3 97 279 367 467 553 646
2 3 15
6 17 121 177 281 286 340
6 9 102 208 363 429 848
4 17 18 520 785
9 1 15 265 293 296 370 542 584 618
3 6 65 287
3 64 122 912
8 4 77 223 401 608 808 978 990
6 3 123 286 289 479 847
4 0 102 241 676
2 34 151
6 1 3 331 728 901 996
3 2 8 267
16 69 93 175 190 329 494 525 582 663 700 826 836 878 895 910 926
5 15 174 438 718 849
3 0 3 460
13 151 162 191 205 221 255 342 387 409 843 863 946 990
4 5 88 257 371
5 104 131 657 717 928
3 0 28 475
4 5 15 478 948
4 64 153 206 347
2 15 121
3 9 12 692
5 75 158 234 610 803
3 100 137 946
4 8 39 436 821
4 12 32 260 688
3 80 120 641
2 2 174
2 5 177
3 25 129 942
2 0 129
5 106 141 434 544 685
5 59 64 387 390 470
2 67 146
3 21 74 297
2 58 143
5 98 121 355 422 892
4 21 142 292 931
2 3 10
7 2 92 320 411 439 637 922
6 29 48 217 425 606 997
4 24 85 367 473
5 123 177 210 478 587
3 147 182 705
8 8 104 291 365 407 485 543 602
10 151 163 294 303 345 379 686 764 768 973
4 8 69 292 678
4 79 205 810 908
8 74 154 273 398 406 447 508 882
2 40 62
7 90 116 220 365 886 892 958
4 119 137 240 632
2 9 17
4 5 77 433 760
6 49 203 228 307 557 633
6 5 106 507 879 932 944
5 0 53 234 276 481
9 2 213 291 302 466 468 775 800 908
4 138 177 258 261
4 65 121 352 739
10 3 168 230 251 314 431 726 733 890 940
3 3 142 497
5 25 147 375 874 935
8 0 86 320 338 583 697 735 932
5 0 16 281 441 443
3 2 217 589
3 0 52 714
2 64 223
7 64 146 336 603 649 930 940
2 45 130
3 15 77 469
3 185 219 747
4 15 22 413 971
2 14 102
5 12 26 392 552 712
3 69 82 961
4 49 104 600 824
4 120 214 266 597
4 118 170 739 869
2 3 26
3 28 155 537
5 3 104 437 702 879
4 15 46 714 750
12 16 140 313 322 352 524 534 561 747 799 850 951
8 5 21 349 354 448 654 662 736
6 6 51 284 344 395 871
4 48 115 470 487
3 9 55 912
2 2 223
3 1 156 316
3 123 142 811
6 3 5 376 421 531 993
5 44 177 417 425 617
3 3 25 851
6 113 178 268 275 424 530
2 0 221
3 52 146 412
5 3 188 448 822 959
4 88 221 394 565
5 9 74 321 506 898
6 81 146 264 567 579 928
5 131 263 398 645 926
6 67 165 322 358 495 843
2 14 240
4 106 173 673 881
4 52 257 420 619
5 25 33 312 596 677
5 28 102 311 327 426
3 14 148 740
2 15 69
3 67 211 370
4 3 5 803 937
3 3 257 433
2 0 219
6 42 151 471 529 588 763
2 12 122
7 2 160 378 427 446 506 927
5 3 94 533 605 994
4 162 227 591 640
3 9 10 298
3 5 129 715
2 15 248
8 0 48 435 535 635 642 755 820
2 162 169
3 2 166 862
2 3 104
2 115 169
4 15 109 422 876
2 207 220
3 200 209 374
6 75 165 315 484 555 671
3 113 208 607
2 0 147
3 31 165 536
3 75 197 347
6 9 282 343 391 516 768
4 30 70 585 698
5 15 68 472 697 726
3 28 44 868
2 11 220
6 15 208 578 643 711 923
4 40 50 407 795
2 15 114
2 45 58
3 72 217 748
2 9 14
2 3 106
2 7 82
2 118 270
2 154 269
4 18 246 499 703
3 104 223 543
2 69 293
2 28 252
13 9 61 338 401 461 614 734 770 859 888 931 933 971
2 77 135
6 69 84 337 611 674 782
3 202 226 379
3 139 262 346
4 246 265 571 656
5 2 115 504 545 647
5 28 151 643 732 921
4 3 38 459 818
2 3 130
2 8 270
4 8 46 547 602
7 65 174 361 493 585 680 749
3 3 110 684
2 76 172
5 9 26 375 487 955
2 42 130
3 1 90 745
2 4 113
3 36 231 699
2 45 319
2 226 317
3 52 77 622
4 102 162 725 909
7 4 77 350 451 485 526 809
2 123 177
2 31 298
3 155 248 982
2 93 208
2 33 321
6 182 297 518 532 713 858
4 5 113 427 790
2 64 247
2 51 341
2 9 21
2 222 246
4 19 144 753 922
4 128 247 579 797
3 154 199 770
2 5 54
2 4 153
3 16 265 409
2 67 87
3 50 94 667
4 15 329 771 876
2 2 69
3 114 163 797
4 9 26 954 964
2 207 213
3 16 38 786
3 160 204 706
2 9 113
3 3 95 941
3 165 273 630
4 15 178 475 844
8 2 115 498 514 599 774 860 891
4 15 85 394 956
3 34 292 636
5 225 332 524 558 586
2 10 254
3 99 132 807
2 0 279
5 208 320 512 556 604
3 51 104 522
3 3 80 834
4 21 74 833 900
2 34 83
2 3 50
2 41 130
2 15 57
2 177 195
4 92 100 494 723
9 3 87 415 416 457 754 831 836 871
3 133 195 938
5 60 298 428 554 611
4 154 237 595 760
5 4 88 626 827 911
4 261 373 429 430
3 95 248 670
2 9 17
3 28 146 685
2 211 264
2 74 128
2 25 45
3 168 317 713
2 0 28
3 9 21 465
3 55 72 792
3 19 95 657
3 102 211 610
3 207 304 572
6 60 76 463 575 742 849
2 177 358
4 3 121 445 681
2 41 202
2 4 259
3 147 235 900
4 61 135 477 783
3 104 389 547
3 2 389 704
2 3 255
2 3 93
2 44 75
2 106 268
3 79 254 592
5 199 290 649 904 994
2 0 49
2 6 257
2 203 255
2 82 270
2 279 348
2 18 391
2 163 394
3 4 394 620
2 154 223
3 26 49 758
3 216 275 458
2 14 194
2 2 285
2 2 187
3 3 244 624
5 42 175 511 699 880
3 25 202 776
3 9 129 491
4 155 227 455 888
2 67 97
2 12 227
2 61 119
2 100 410
2 15 279
2 117 211
2 247 260
2 43 152
2 3 49
2 132 341
3 1 22 781
2 7 17
2 83 147
2 6 441
2 44 79
2 97 389
4 16 433 493 746
2 85 325
2 34 176
3 2 317 669
5 34 77 590 613 762
5 75 408 607 659 682
8 34 104 532 573 628 815 870 963
3 9 403 580
2 10 220
2 116 160
4 67 220 619 819
3 25 233 838
4 195 249 551 777
2 75 277
3 50 300 730
2 129 204
2 44 49
6 180 371 480 490 852 863
2 2 15
3 46 414 716
4 181 205 845 861
3 49 169 620
3 21 475 492
3 146 219 790
2 60 104
4 0 26 625 718
3 3 293 885
5 207 341 636 708 986
2 1 95
7 249 332 510 577 639 707 942
2 26 123
2 15 34
2 3 475
6 72 440 618 651 842 991
2 20 480
2 329 458
2 174 388
2 34 265
3 34 100 689
3 121 224 924
2 77 372
3 89 313 658
4 60 74 513 693
5 9 29 502 535 822
3 28 501 883
6 68 104 586 600 751 969
2 3 323
4 49 104 518 646
3 262 279 556
2 28 218
3 144 211 866
2 26 92
2 0 487
2 69 438
2 6 379
3 54 500 920
3 87 372 956
2 54 64
2 24 298
2 9 154
3 347 505 544
3 0 21 921
3 15 164 559
4 112 137 736 898
4 85 380 538 601
2 15 40
4 246 375 582 875
2 102 174
5 3 341 593 701 834
3 4 6 540
3 0 60 637
2 53 277
2 58 257
2 88 254
3 347 464 598
2 2 280
8 159 246 537 541 727 749 804 899
4 285 501 757 794
2 80 296
2 243 534
6 2 522 589 604 667 673
2 8 87
3 50 527 581
2 49 534
2 11 165
2 207 314
3 194 518 832
3 104 323 595
2 14 24
3 328 415 563
2 9 50
4 24 73 631 914
2 3 9
3 114 470 880
2 3 237
2 51 160
2 2 391
3 147 293 799
2 379 506
3 42 217 574
3 147 375 629
3 113 520 968
2 100 136
3 34 246 995
2 7 58
3 82 547 929
4 15 85 565 737
4 261 564 719 796
3 44 127 779
3 15 263 917
2 12 33
4 6 8 780 907
4 3 11 644 830
3 2 322 972
2 67 407
2 159 464
2 52 557
2 28 408
2 15 44
3 87 487 772
2 5 303
2 263 354
2 2 465
2 70 540
2 174 524
3 21 226 896
2 106 165
3 299 329 870
2 375 503
3 65 205 854
3 24 277 884
2 228 538
4 123 462 598 759
4 52 281 691 832
4 64 421 806 985
2 121 526
2 18 104
2 392 545
2 49 269
2 34 240
3 532 590 975
3 151 372 777
2 239 503
2 88 522
2 207 328
2 6 231
3 379 538 617
2 8 280
2 5 203
4 294 463 793 954
2 60 168
2 123 129
4 185 406 767 893
2 319 391
3 0 145 973
3 79 462 695
2 71 317
3 15 152 641
2 2 54
2 255 604
3 165 491 748
2 268 468
3 430 479 987
2 5 15
2 3 339
2 14 70
2 106 437
3 16 483 873
2 12 393
2 20 149
2 23 464
2 9 558
2 74 370
3 69 549 754
2 48 214
3 98 217 810
2 52 100
2 154 285
2 374 485
2 202 528
2 29 104
2 88 487
2 29 281
3 189 615 981
2 131 285
2 303 324
2 54 570
2 34 264
2 160 505
2 3 323
2 6 33
3 231 422 652
3 87 129 773
3 73 491 841
2 48 649
3 45 108 925
2 93 247
2 18 120
2 8 322
2 179 405
2 21 499
2 3 463
2 51 69
2 52 65
2 69 247
4 23 174 806 970
2 29 61
2 1 5
3 3 6 712
2 360 538
2 2 159
2 9 461
3 15 395 823
2 92 293
3 15 56 905
2 267 538
2 34 319
2 69 76
3 54 170 998
4 121 269 720 878
2 45 209
3 6 110 827
3 15 329 753
2 2 410
3 48 463 982
2 4 106
2 45 330
3 194 397 750
3 130 208 829
2 17 57
2 154 188
3 21 496 864
2 83 127
2 58 591
2 9 184
3 28 500 829
2 73 110
2 123 613
2 3 61
2 226 300
2 65 299
2 336 438
2 6 174
3 32 526 744
2 10 244
2 75 313
2 43 416
3 102 206 960
2 2 367
2 9 487
2 8 485
2 6 123
2 12 45
4 142 303 787 788
2 237 666
2 347 401
2 229 245
2 83 283
2 108 477
3 146 179 729
2 175 483
2 9 565
2 70 677
2 3 49
3 5 11 944
2 111 388
2 11 45
2 69 340
2 223 300
2 147 534
2 49 172
4 30 717 773 868
2 156 472
3 19 106 961
2 104 324
2 123 223
2 26 317
3 1 226 996
3 247 521 776
2 85 564
2 9 110
3 222 241 774
3 15 271 957
2 0 81
3 108 408 988
3 43 87 925
2 51 701
2 113 334
4 69 458 766 977
2 234 246
2 307 618
3 329 534 902
2 245 685
2 117 503
3 0 146 828
2 353 680
2 389 631
2 104 285
2 97 99
2 15 535
3 1 432 998
2 0 590
2 216 392
2 24 93
2 99 462
2 10 277
2 73 208
2 2 75
2 25 746
2 3 610
3 208 298 980
4 32 86 839 965
2 317 355
2 24 361
2 21 577
2 650 729
2 372 739
2 45 220
2 439 736
2 470 599
2 76 89
2 76 566
2 16 569
3 84 452 804
3 15 319 941
3 102 414 995
2 26 109
3 3 164 901
2 53 366
2 48 711
2 151 711
3 94 95 809
3 348 481 847
2 32 34
2 104 404
3 4 607 860
2 73 535
2 9 304
4 21 565 808 833
2 354 363
2 76 113
2 246 555
2 53 220
2 15 81
2 2 129
5 185 274 979 983 992
2 534 781
3 10 90 989
2 592 663
2 25 377
2 168 796
2 341 789
3 210 633 938
2 69 253
2 9 74
4 76 131 869 958
2 12 92
2 44 464
3 15 83 924
2 9 133
2 18 325
2 34 468
2 75 285
2 104 187
2 260 501
3 100 670 862
2 11 239
2 63 110
2 87 174
2 393 679
2 51 752
2 686 693
2 3 570
2 20 389
2 544 591
2 382 796
2 381 526
2 34 88
2 174 389
2 61 79
2 64 469
2 75 769
3 60 74 910
2 64 651
3 28 491 993
2 177 265
2 5 371
2 106 478
3 1 46 951
2 169 790
2 17 163
2 175 408
3 32 246 857
2 2 256
2 15 475
2 124 144
2 24 587
3 4 6 894
3 11 94 916
2 15 850
2 104 347
3 130 317 906
2 372 793
2 61 478
2 287 823
2 177 475
2 102 689
2 50 53
2 46 508
2 3 150
2 301 729
2 241 813
3 464 585 986
2 248 389
3 104 129 988
2 7 625
2 15 225
2 89 524
2 290 361
2 0 151
2 174 677
2 218 244
2 438 551
2 128 267
2 88 211
2 22 502
2 130 588
2 50 484
2 52 213
2 24 124
3 317 441 984
2 17 44
2 2 223
2 42 372
2 199 213
2 2 610
2 146 855
2 26 174
2 104 583
3 65 115 987
3 262 521 972
2 1 534
2 382 413
2 172 785
2 3 749
2 51 159
2 86 422
2 28 672
2 100 859
2 9 569
2 210 220
2 4 340
2 174 840
2 64 393
2 167 250
2 15 34
2 143 549
2 10 69
2 12 856
2 26 567
2 6 14
2 11 100
2 139 513
2 324 519
2 202 353
2 93 303
2 497 816
2 653 743
2 174 264
2 14 279
2 179 263
2 26 563
2 147 231
2 200 317
2 218 226
2 0 317
3 20 74 965
4 8 225 964 968
2 33 70
2 130 274
2 390 810
2 54 117
2 223 231
2 369 782
2 192 487
2 5 41
2 218 722
2 61 70
2 177 186
2 16 37
2 24 181
2 26 59
2 93 104
2 246 846
2 6 12
2 21 45
2 364 607
2 86 332
2 373 514
2 104 740
2 213 813
2 4 260
2 77 705
2 238 731
2 7 84
2 45 464
2 364 935
2 769 934
2 20 21
2 8 82
2 559 935
2 26 503
2 74 663
2 235 317
2 571 898
2 208 612
2 6 32
2 142 598
2 3 74
2 84 746
2 12 168
2 15 803
2 11 768
2 2 641
2 344 682
2 48 803
2 70 888
2 9 592
2 485 870
2 620 897
2 742 872
2 12 805
2 168 177
2 16 491
2 0 803
2 254 842
2 280 422
2 561 783
2 172 735
2 9 203
2 676 758
2 105 146
