600
25 1 2 3 4 5 6 28 63 64 74 82 86 112 137 145 165 170 171 198 205 264 346 400 544 596
16 0 8 9 10 11 15 29 70 78 89 95 127 131 235 461 525
33 0 3 4 15 27 31 33 34 38 40 66 78 100 106 109 120 132 142 153 166 184 200 228 259 285 300 301 357 379 383 447 503 590
53 0 2 5 6 7 8 10 16 19 20 21 23 26 38 39 41 42 49 54 68 70 81 85 92 95 125 130 131 152 168 169 177 185 188 196 197 201 230 231 256 266 270 286 287 329 353 366 378 418 427 430 479 538
11 0 2 11 13 30 84 129 236 237 296 354
17 0 3 9 36 82 101 138 143 162 164 181 185 196 203 242 382 397
21 0 3 7 34 48 51 71 93 128 182 290 311 347 354 377 394 419 430 563 578 587
8 3 6 23 45 113 219 309 372
13 1 3 12 20 32 67 88 115 132 140 232 377 396
40 1 5 12 13 14 16 17 25 32 35 41 44 45 46 51 52 60 73 76 79 117 126 190 202 213 218 223 234 244 255 278 302 318 340 351 448 455 508 560 598
13 1 3 18 19 21 31 58 69 85 103 152 202 319
10 1 4 48 49 215 361 378 514 530 589
13 8 9 14 63 64 75 89 122 174 449 510 562 578
2 4 9
15 9 12 17 27 43 50 53 120 121 173 193 218 299 563 569
36 1 2 24 26 30 33 47 61 67 74 80 90 105 108 114 116 127 134 138 179 204 207 216 251 258 260 305 374 401 431 432 474 492 511 531 588
11 3 9 29 180 249 253 313 406 490 574 595
8 9 14 18 80 102 123 309 526
8 10 17 24 61 65 94 221 294
7 3 10 22 28 65 104 246
5 3 8 106 407 517
23 3 10 22 25 35 46 55 57 93 104 148 151 181 244 267 278 328 386 426 439 483 500 579
13 19 21 72 102 112 155 350 364 476 482 529 551 575
12 3 7 37 54 76 109 174 177 234 554 570 584
14 15 18 52 53 121 137 178 214 229 276 341 441 523 559
5 9 21 77 154 340
4 3 15 211 238
9 2 14 37 47 117 444 498 527 587
13 0 19 39 40 99 114 124 261 268 315 317 335 498
2 1 16
4 4 15 230 253
4 2 10 124 160
5 8 9 62 108 282
4 2 15 199 370
6 2 6 116 307 445 466
5 9 21 186 214 376
8 5 73 217 424 435 449 486 579
8 23 27 118 179 232 325 525 537
2 2 3
11 3 28 62 72 154 183 205 410 423 436 495
8 2 28 44 60 163 175 327 343
9 3 9 42 66 100 250 360 536 549
9 3 41 119 182 243 367 428 467 515
8 14 71 110 171 194 380 389 550
8 9 40 87 165 355 494 502 536
5 7 9 59 122 348
3 9 21 432
2 15 27
7 6 11 149 217 356 372 440
9 3 11 90 107 272 280 339 398 521
7 14 55 56 99 223 283 534
5 6 9 57 68 160
8 9 24 59 98 139 147 172 522
10 14 24 84 115 128 167 233 388 443 556
9 3 23 77 88 92 192 195 304 321
9 21 50 56 133 224 409 428 429 433
5 50 55 97 384 456
7 21 51 364 422 442 478 499
10 10 96 148 159 190 267 339 408 508 521
6 45 52 91 209 212 316
9 9 40 105 280 433 488 489 501 509
8 15 18 129 162 237 315 337 583
2 32 39
4 0 12 98 158
5 0 12 141 266 359
5 18 19 219 292 373
8 2 41 83 103 268 310 453 511
5 8 15 94 224 491
9 3 51 79 91 155 260 314 374 463
4 10 170 558 580
7 1 3 270 349 381 421 466
5 6 43 75 338 488
5 22 39 107 161 235
5 9 36 153 269 510
10 0 15 87 133 240 287 425 476 565 576
6 12 71 201 250 497 530
5 9 23 256 275 497
4 25 54 81 110
6 1 2 125 304 312 473
4 9 68 150 411
6 15 17 83 263 473 477
4 3 77 269 335
11 0 5 86 101 119 126 173 279 446 493 535
2 66 80
16 4 53 111 136 175 222 284 317 342 343 460 512 532 542 555 576
4 3 10 96 599
8 0 82 97 146 164 288 387 524
5 44 74 424 454 465
4 8 54 113 207
3 1 12 442
3 15 49 457
11 59 68 118 187 210 236 242 255 371 468 501
3 3 54 365
7 6 21 183 206 228 259 556
4 18 67 161 320
4 1 3 123 176
3 58 85 141
7 56 86 150 167 336 390 434
2 52 63
4 28 50 130 156
4 2 41 528 551
3 5 82 247
10 17 22 144 145 203 302 323 421 503 542
4 10 66 231 438
6 19 21 136 191 415 509
4 15 60 263 308
2 2 20
4 49 72 111 283
2 15 32
3 2 23 226
3 43 77 146
5 84 107 151 169 450
4 0 22 149 561
5 7 88 246 345 528
3 15 28 400
6 8 53 172 276 553 599
5 15 34 310 368 458
3 9 27 407
3 37 91 538
9 42 82 135 157 199 229 391 496 544
4 2 14 307 401
8 14 24 159 220 248 273 297 351
5 12 45 178 239 303
2 17 95
2 28 31
7 3 78 200 254 320 367 417
5 9 82 157 295 526
9 1 15 192 209 211 257 361 387 403
2 6 53
5 4 61 168 398 505
4 3 99 206 327
2 1 3
2 2 8
11 55 74 134 142 233 334 385 520 545 554 568
2 15 133
5 119 143 156 186 281
2 84 104
3 0 24 324
4 5 15 326 575
2 52 241
3 8 301 512
3 64 96 414
2 2 133
2 5 135
2 102 573
2 0 102
5 86 110 299 362 437
3 52 271 322
3 21 58 212
2 48 112
5 79 97 248 289 552
2 21 111
2 3 10
5 2 73 225 282 413
6 25 39 163 291 397 598
4 22 68 254 323
5 99 135 158 326 388
10 119 126 210 216 240 265 438 478 480 586
3 63 156 507
8 58 121 195 277 279 306 345 547
2 31 51
7 72 94 166 252 550 552 582
4 5 61 298 475
4 40 154 370 411
2 5 86
3 0 44 198
8 2 161 208 215 319 321 486 502
4 53 97 245 464
5 3 129 184 222 297
3 3 111 336
5 0 69 225 386 461
3 0 43 452
4 52 115 394 420
2 14 82
5 12 23 273 366 451
4 40 84 392 514
2 95 464
2 3 23
2 24 122
4 15 37 452 470
6 16 221 227 245 527 577
6 5 21 247 425 429 462
6 6 42 204 239 275 541
4 39 93 322 331
2 2 168
2 3 5
5 35 135 286 291 402
5 91 194 197 290 356
2 3 513
2 274 375
4 9 58 226 344
3 104 277 568
4 54 127 227 249
1 14
4 43 187 288 404
3 54 159 257
3 3 5 504
3 3 187 298
2 0 165
3 33 119 355
7 2 125 264 293 305 344 569
5 3 75 357 396 597
3 9 10 213
3 5 102 453
2 15 182
5 0 39 300 358 415
2 93 130
4 15 88 289 543
1 166
4 59 127 329 368
2 91 157
3 26 127 359
3 59 148 241
6 9 202 238 272 350 480
3 24 35 539
2 11 166
6 15 157 382 416 450 565
2 36 48
2 9 14
2 7 65
1 121
3 18 180 338
2 84 168
3 9 50 481
3 55 67 492
3 153 170 265
2 109 190
3 180 192 379
3 2 93 418
5 24 119 416 460 564
3 3 30 314
2 3 103
4 8 37 363 393
4 53 133 251 333
5 9 23 262 331 580
3 1 72 468
2 4 91
7 4 61 243 308 330 353 506
2 26 213
3 122 182 591
2 74 157
4 139 212 352 532
3 5 91 293
2 42 237
2 9 21
2 167 180
2 19 113
2 101 181
3 121 150 481
3 16 192 281
2 41 75
4 15 233 482 543
1 161
3 16 30 494
3 125 155 447
2 9 91
3 3 76 572
3 127 195 408
2 15 324
7 2 93 337 349 391 485 533
4 15 68 274 581
2 28 412
1 234
2 80 105
2 0 200
5 157 225 347 369 395
3 3 64 519
4 21 58 518 557
2 28 66
4 73 81 334 457
9 3 70 284 285 312 472 517 520 541
2 147 571
3 49 213 294
3 121 174 475
4 189 260 295 296
3 76 182 431
3 24 115 437
2 159 191
3 9 21 318
3 82 159 399
4 49 60 316 465
2 135 249
2 32 153
4 50 107 325 493
3 84 270 363
3 2 270 445
2 3 186
2 3 74
2 86 194
5 150 207 420 558 597
2 6 187
2 154 186
1 65
2 200 242
2 18 272
2 126 274
3 4 274 405
2 121 168
3 162 197 313
2 14 146
2 2 205
2 2 140
3 9 102 332
2 122 311
2 54 78
2 15 200
1 159
2 34 120
2 105 237
2 7 17
2 66 116
2 6 303
2 78 270
3 16 298 333
2 68 230
3 28 61 477
4 59 280 427 436
3 28 84 540
3 9 278 383
2 10 166
2 94 125
3 54 166 404
4 147 183 365 487
2 102 155
3 137 258 328
3 37 283 454
4 138 156 524 534
3 40 130 405
2 21 324
3 3 209 549
3 237 412 592
6 183 234 346 381 448 573
5 302 403 422 523 595
2 233 313
2 133 269
3 28 81 439
3 97 169 566
2 61 259
3 71 221 426
4 49 58 348 441
5 9 25 341 358 513
3 24 340 548
4 84 392 471 584
4 40 84 352 417
3 190 200 369
3 113 159 537
2 0 331
2 6 265
2 45 339
3 70 259 581
2 22 213
2 9 121
3 241 343 362
5 3 237 390 444 519
3 4 6 360
2 44 199
2 48 187
2 2 201
4 205 340 474 499
2 64 211
3 41 354 384
2 11 127
2 146 352
3 232 284 373
4 22 57 409 561
3 92 322 546
2 3 174
2 42 125
2 116 209
2 265 344
3 33 163 380
1 91
2 7 48
3 65 363 570
4 15 68 375 463
4 189 374 455 500
2 35 489
4 6 8 490 560
2 3 11
3 2 227 585
2 43 370
3 70 331 483
2 5 216
2 2 318
2 56 360
1 133
3 21 170 555
2 86 127
3 53 156 529
2 43 440
2 97 353
3 119 259 487
2 175 342
1 232
2 6 172
2 265 402
2 8 201
2 5 154
2 49 129
2 279 479
3 0 114 586
3 15 120 414
2 186 395
3 127 332 469
2 194 321
3 296 327 593
1 16
2 20 117
2 58 257
3 55 364 472
1 39
3 79 163 507
2 261 330
1 153
3 141 401 590
2 104 205
2 216 229
2 125 343
2 3 228
1 6
3 172 289 423
3 70 102 484
3 57 332 522
2 39 420
3 36 87 567
2 74 181
2 21 338
2 3 316
2 42 55
2 55 181
3 3 6 451
2 15 275
3 15 46 559
2 55 60
3 97 456 545
1 36
3 39 316 591
3 146 276 470
3 103 157 516
3 21 335 535
2 48 389
3 24 339 516
2 57 89
1 53
3 27 353 467
2 34 285
2 82 583
2 2 254
2 9 331
2 12 36
4 111 216 495 496
2 174 430
2 171 179
2 66 203
2 87 325
2 9 375
2 56 434
2 90 269
1 116
2 484 539
2 84 229
2 1 170
1 181
2 68 374
3 167 176 485
3 87 280 594
3 34 70 567
2 42 444
2 91 235
1 403
2 179 437
1 342
2 270 409
2 78 80
2 15 358
2 162 273
2 22 74
2 80 315
2 57 157
2 3 399
3 157 213 589
2 223 248
2 22 251
2 21 381
2 421 459
2 259 464
2 36 166
2 322 391
2 60 71
2 60 376
2 16 377
1 67
3 15 224 572
2 82 283
2 44 253
2 39 450
2 119 450
3 75 76 506
2 27 28
2 57 358
4 21 375 505 518
2 60 91
2 44 166
2 2 102
3 196 588 596
2 129 500
2 237 497
3 158 411 571
2 9 58
3 60 104 582
2 12 73
3 15 66 566
2 84 140
2 188 340
2 11 175
1 42
2 438 441
2 20 270
2 267 500
2 266 353
2 133 270
2 49 58
2 52 422
2 24 332
2 86 326
3 1 37 577
2 17 126
3 27 180 531
2 100 113
2 22 388
3 11 75 562
2 15 527
2 84 241
1 259
2 50 326
2 82 439
2 41 44
2 37 345
2 3 118
2 214 459
2 317 592
2 182 270
3 84 102 594
2 207 251
2 0 119
2 133 434
1 365
1 159
1 341
2 41 329
2 43 161
2 22 100
2 150 161
1 115
2 23 133
2 84 386
3 53 93 593
1 267
2 69 289
2 24 432
2 9 377
2 112 364
2 12 530
2 6 14
1 229
2 74 216
2 336 511
2 424 466
2 133 191
2 14 200
2 23 373
2 271 507
2 256 492
2 144 331
1 16
2 22 138
2 74 84
2 180 525
2 6 12
2 21 36
2 69 234
2 260 349
2 161 509
2 61 446
2 23 342
1 379
2 157 400
2 6 27
2 15 504
2 11 480
2 2 414
2 239 436
2 330 540
2 405 556
2 465 542
2 16 332
2 0 504
2 201 289
2 9 154
2 85 115
