100
8 1 2 3 4 18 42 65 68
7 0 5 6 10 20 22 81
13 0 4 7 9 15 16 19 20 23 43 54 58 72
4 0 5 86 97
7 0 2 14 40 48 76 81
5 1 3 15 72 82
10 1 9 17 26 31 38 50 52 69 73
6 2 68 8 13 40 87
2 7 35
2 2 6
1 1
1 26
1 84
7 7 41 46 63 71 73 92
3 4 80 82
4 2 5 25 56
3 2 45 49
3 6 38 66
2 0 63
3 2 69 52
8 1 67 2 49 54 79 84 88
1 44
2 1 64
3 2 33 61
2 80 83
1 15
4 6 11 33 36
2 28 37
2 27 39
1 60
4 31 47 88 89
2 6 30
6 37 41 53 90 95 99
3 23 26 95
1 53
3 8 76 59
1 26
4 27 32 42 44
2 6 17
1 28
3 4 7 62
5 13 78 32 58 59
2 0 37
3 2 62 97
4 70 21 37 55
2 16 90
1 13
2 30 50
1 4
2 16 20
2 6 47
4 67 74 91 66
4 6 19 55 96
2 32 34
5 2 20 89 57 64
3 44 52 60
2 15 83
1 54
2 2 41
2 35 41
2 29 55
1 23
2 40 43
2 13 18
2 22 54
1 0
2 17 51
3 51 20 96
3 0 7 93
3 6 19 70
3 69 44 87
1 13
2 2 5
2 6 13
1 51
1 78
2 4 35
1 86
2 75 41
2 20 85
3 14 24 94
2 1 4
2 5 14
3 24 56 98
3 12 20 94
1 79
3 3 77 91
2 7 70
2 20 30
2 30 54
2 32 45
2 86 51
1 13
1 68
2 80 84
2 32 33
2 67 52
2 3 43
1 83
1 32
