600
39 1 2 3 4 5 6 7 8 11 12 13 20 21 29 33 40 48 53 67 68 78 80 128 130 155 166 204 254 280 290 300 313 357 405 409 428 467 489 575
14 0 3 4 5 33 53 144 154 248 280 363 441 519 550
5 0 36 238 301 459
36 0 1 7 12 13 14 15 18 30 38 39 48 56 88 103 105 119 146 168 191 196 211 243 257 260 296 298 356 424 426 440 454 508 518 557 594
16 0 1 18 22 37 67 100 110 158 203 214 220 376 439 483 559
44 0 1 6 9 10 11 14 16 17 21 24 26 41 46 49 50 57 61 73 77 107 127 135 140 148 164 166 176 182 240 274 300 326 334 336 374 388 391 434 472 487 504 546 597
7 0 5 9 104 344 393 519
11 0 3 8 10 17 19 44 90 187 423 424
10 0 7 20 35 85 90 153 161 233 343
18 5 6 23 45 60 63 73 80 89 185 199 235 259 342 354 431 451 554
19 5 7 27 37 38 45 72 178 214 227 239 360 442 461 463 499 523 532 535
7 0 5 16 97 99 207 353
8 0 3 32 94 116 126 230 541
19 0 3 22 24 50 55 64 68 96 106 114 119 128 212 217 225 245 433 473
9 3 5 15 112 132 137 310 387 446
11 3 14 25 40 58 74 129 175 191 429 542
10 5 11 44 66 81 181 216 256 303 465
10 5 7 19 125 129 167 220 242 284 585
8 3 4 54 93 161 186 302 320
3 7 17 186
12 0 8 39 71 142 246 270 429 436 446 488 529
19 0 5 23 29 31 32 42 43 59 87 89 99 104 132 291 362 372 431 485
13 4 13 26 28 31 34 82 147 277 328 381 389 394
21 9 21 25 30 52 77 125 137 150 157 171 203 213 250 253 282 286 297 306 328 422
23 5 13 27 46 91 122 126 134 177 202 229 249 290 304 318 386 390 408 434 447 464 486 550
9 15 23 47 111 170 200 361 398 418
17 5 22 28 35 42 70 71 172 173 181 234 316 344 375 384 416 591
9 10 24 34 76 122 131 197 369 427
5 22 26 472 487 580
15 0 21 43 86 115 133 145 232 258 294 319 417 430 440 460
10 3 23 41 52 58 140 192 237 401 421
9 21 22 51 69 79 114 124 289 312
5 12 21 105 198 530
10 0 1 95 106 108 274 420 517 526 565
4 22 27 224 496
12 8 26 92 115 143 176 269 340 479 490 505 509
9 2 69 118 202 219 338 402 406 423
10 4 10 91 208 221 283 288 536 592 598
7 3 10 117 147 343 574 582
5 3 20 54 206 549
5 0 15 94 108 483
6 5 30 111 374 447 524
5 21 26 49 88 321
3 21 29 250
6 7 16 65 100 138 379
12 9 10 47 57 72 83 204 337 513 543 551 592
14 5 24 55 64 83 92 102 151 226 347 398 498 539 543
7 25 45 62 65 81 231 269
11 0 3 51 56 59 63 136 210 225 504 531
8 5 42 66 84 120 134 180 294
3 5 13 270
5 31 48 62 87 174
3 23 30 79
8 0 1 127 131 187 345 438 497
6 18 39 182 205 332 537
7 13 46 110 150 194 255 390
8 3 48 139 143 144 156 207 558
12 5 45 74 113 133 145 163 179 193 332 408 444
5 15 30 85 171 474
5 21 48 61 103 450
2 9 304
5 5 59 189 251 432
8 47 51 75 180 271 311 312 514
9 9 48 70 121 179 244 350 367 545
6 13 46 152 193 222 289
7 44 47 107 124 135 183 463
3 16 49 396
7 0 4 95 109 333 410 460
5 0 13 162 189 570
7 31 36 169 170 237 364 509
3 26 63 240
6 20 26 118 285 375 448
4 10 45 223 242
2 5 9
4 15 57 84 101
2 62 159
1 27
8 5 23 130 213 347 428 528 552
4 0 138 516 552
2 31 52
4 0 9 117 401
6 16 47 98 112 148 360
12 22 141 156 164 239 241 319 322 395 415 571 577
12 45 46 183 224 279 292 325 333 349 442 515 583
4 49 74 247 264
5 8 58 98 267 476
5 29 109 177 262 576
6 21 51 123 391 437 533
6 3 42 162 228 386 500
5 9 21 226 263 370
3 7 8 527
4 24 37 139 329
8 35 46 93 121 217 499 532 570
9 18 92 97 155 195 236 381 436 470
8 12 40 261 313 350 365 366 545
4 33 67 185 194
3 13 266 558
5 11 93 469 518 549
7 81 85 152 163 335 443 473
5 11 21 146 160 254
3 4 44 316
8 74 123 211 268 339 363 377 521
5 46 330 453 470 484
7 3 59 141 273 384 458 580
9 6 21 113 256 263 317 341 348 491
7 3 32 160 234 245 302 368
6 13 33 165 265 281 575
3 5 65 209
4 33 40 420 517
2 67 86
4 4 55 201 233
4 25 41 295 452
2 14 81
3 57 104 597
4 13 31 174 222
2 29 35
5 12 136 154 268 416
5 38 80 392 462 503
7 36 71 120 206 215 382 383
7 3 13 228 362 441 464 542
6 49 118 159 376 455 508
3 63 92 476
5 24 27 169 198 399
2 87 101
5 31 65 149 157 581
2 17 23
4 12 24 188 492
4 5 53 299 489
6 0 13 275 303 345 353
4 15 17 323 562
7 0 77 165 223 279 315 385
4 27 53 400 573
3 14 21 583
5 29 57 158 246 475
3 24 49 188
3 5 65 168
5 48 116 197 308 501
3 14 23 192
5 44 78 293 298 361
3 56 91 359
4 5 30 261 392
5 82 103 190 285 544
4 20 149 462 565
6 35 56 151 331 387 412
6 1 56 232 494 533 556
2 29 57
4 3 99 175 438
3 22 38 396
4 5 81 252 308
6 124 142 413 492 516 564
3 23 55 340
4 46 143 229 272
5 64 98 323 513 520
4 8 199 453 524
3 1 116 352
2 0 93
3 56 82 466
2 23 124
2 4 133
4 75 120 201 415
7 99 105 178 216 259 432 548
4 8 18 284 351
4 68 88 468 477
3 57 98 236
6 5 82 252 342 452 546
5 106 130 538 569 594
4 0 5 255 419
1 17
4 3 135 373 500
2 69 122
3 25 69 221
3 23 58 497
2 26 196
1 26
4 51 114 348 478
3 15 146 555
5 5 35 208 534 572
4 24 86 286 535
7 10 160 195 212 227 276 595
2 57 63
9 49 62 219 264 271 283 455 475 486
2 16 26
5 5 54 190 257 503
6 65 83 184 200 411 537
3 183 235 536
3 9 95 365
8 18 19 209 251 278 305 405 456
4 7 53 238 307
2 126 134
6 61 68 262 327 560 562
3 141 182 379
3 3 15 309
2 30 137
4 57 64 267 586
7 55 95 243 282 335 355 356
2 93 178
3 3 172 205
2 27 136
6 32 122 248 266 341 437
2 9 153
3 25 183 346
3 110 159 599
2 24 36
3 4 23 502
4 0 45 260 454
2 54 196
6 39 118 215 450 511 559
5 11 56 253 277 389
4 37 176 371 409
4 107 186 249 589
2 48 521
3 3 101 230
8 13 178 276 311 403 435 510 589
3 23 77 531
3 4 10 326
2 118 206
4 16 160 349 478
3 13 92 410
2 385 481
2 36 180
4 4 17 404 466
3 37 170 334
3 64 114 488
2 72 130
2 34 83
3 13 48 325
3 46 89 414
5 10 178 299 501 566
3 88 119 287
5 24 151 336 338 370
2 12 211
1 47
2 29 144
2 8 110
7 26 105 241 244 357 461 525
3 9 184 590
4 93 163 273 331
5 30 69 320 449 563
2 2 187
3 10 82 281
2 5 70
4 82 234 394 435
2 17 72
3 3 194 377
2 63 234
4 13 105 258 593
2 20 133
1 84
2 1 198
3 24 209 569
3 23 43 403
3 61 186 296
2 148 164
3 23 207 471
2 0 99
4 55 166 295 372
4 16 104 309 457
3 3 182 567
2 29 245
4 9 160 307 590
2 3 204
3 94 140 324
3 86 189 507
2 89 104
2 84 180
1 106
2 96 198
6 85 193 310 346 402 430
2 101 116
3 35 47 339
4 20 50 272 293
3 62 180 352
2 151 270
4 103 236 278 397
5 5 33 292 327 506
1 128
3 178 212 329
2 22 207
2 186 273
4 83 130 301 444
2 0 1
5 106 239 297 354 364
4 23 194 315 449
2 37 180
2 17 161
3 71 141 318
2 23 177
2 228 526
2 37 317
3 31 64 351
2 0 24
2 21 490
7 83 274 330 474 495 540 548
3 138 270 482
4 29 49 306 511
2 111 255
2 3 251
2 23 281
5 3 138 321 582 587
2 127 227
3 0 5 568
3 2 279 371
3 18 105 366
2 16 128
3 24 60 554
1 186
3 23 294 480
2 187 259
2 136 148
4 191 256 407 561
3 14 267 395
2 62 212
4 31 62 314 551
2 0 94
1 312
2 130 282
3 26 100 591
2 104 288
2 24 285
2 29 82
3 18 237 359
2 42 298
2 82 337
2 129 152
2 261 412
4 83 225 417 426
2 5 214
3 189 274 520
2 22 23
2 91 276
3 102 292 482
4 143 236 448 457
2 54 57
3 67 83 407
3 5 221 541
2 98 194
4 5 229 414 553
2 45 322
2 36 229
3 101 269 539
3 35 150 544
3 104 198 369
3 9 164 355
2 8 38
3 6 26 540
2 53 128
2 200 267
4 46 77 380 485
3 104 174 433
4 83 216 367 383
6 63 94 458 479 495 528
2 161 289
3 154 271 502
2 11 128
4 9 281 445 579
2 194 342
2 3 194
4 0 234 411 422
3 388 498 506
2 139 320
3 10 81 465
2 25 138
3 21 119 469
2 1 101
3 69 281 378
2 94 185
2 94 302
3 63 349 456
1 105
7 27 341 439 471 484 505 568
3 89 229 578
2 208 301
2 21 255
2 168 468
3 5 41 599
2 26 71
2 4 120
2 101 243
1 364
3 44 190 467
1 347
2 22 93
1 118
2 118 349
3 26 103 572
2 130 218
4 24 88 400 443
3 14 143 397
3 5 358 451
2 22 207
2 24 55
2 5 87
3 117 140 393
3 6 392 493
5 22 241 413 510 577
3 82 310 523
2 66 147
3 273 387 445
2 25 46
1 122
2 131 386
2 30 80
2 36 267
3 212 250 425
1 220
2 0 186
1 36
2 309 333
2 24 57
2 0 208
2 67 217
2 183 357
2 143 324
2 149 394
3 226 336 584
4 82 159 419 555
3 26 116 459
4 29 325 425 427
1 25
2 166 415
2 33 108
1 30
2 23 357
2 7 36
3 3 7 507
2 403 417
2 3 325
4 27 417 494 496
2 0 77
2 15 20
2 29 267
2 9 21
2 61 160
2 13 348
2 5 24
2 212 241
2 20 93
2 87 198
2 53 146
2 4 369
2 3 29
3 1 119 560
2 10 83
3 98 386 527
2 57 279
2 354 397
2 14 20
3 24 41 493
2 71 331
3 237 282 588
2 59 206
2 9 388
2 111 164
3 102 153 491
2 3 204
2 120 180
2 186 367
2 256 331
2 103 350
2 2 416
3 29 67 522
2 10 234
2 117 142
2 10 65
2 24 119
2 16 360
2 156 220
2 0 379
2 162 373
4 97 362 534 586
3 93 102 556
2 253 369
3 5 28 596
3 13 98 596
3 58 292 514
2 133 180
3 85 121 587
2 162 561
2 174 216
3 35 350 547
1 306
2 218 553
2 293 330
2 4 40
2 102 369
2 21 347
2 24 180
2 5 28
2 20 222
3 0 127 557
2 35 291
2 104 453
3 126 149 579
2 393 447
2 144 427
2 292 350
2 34 427
2 53 171
2 46 358
2 10 92
2 88 168
2 136 227
2 203 352
2 117 182
2 5 48
3 35 369 512
2 274 358
2 262 424
3 3 120 571
2 35 69
2 212 394
2 206 294
1 505
2 45 152
2 62 474
3 83 578 598
2 78 149
2 33 108
2 3 97
2 1 6
3 152 327 593
4 101 210 564 595
1 460
2 10 395
2 41 153
1 234
2 33 287
2 90 443
2 77 350
1 20
1 32
3 48 213 588
2 10 92
2 87 144
2 176 469
2 10 177
3 37 184 581
2 54 183
2 165 573
2 46 339
2 292 344
2 12 334
2 15 119
2 45 46
2 141 340
3 63 94 584
2 5 164
1 479
2 160 292
2 39 97
2 1 24
2 45 312
2 77 78
2 336 481
2 9 304
2 175 415
2 144 470
4 3 489 567 574
2 56 96
2 4 206
2 189 441
2 309 477
2 129 189
1 237
2 149 521
2 33 142
1 227
2 257 557
2 300 369
2 165 249
2 68 92
2 82 508
2 176 384
2 131 538
2 38 557
2 0 106
1 86
2 82 394
3 370 515 585
2 354 492
2 28 103
2 124 536
2 38 298
2 83 132
2 414 545
2 17 578
2 193 469
2 298 476
2 449 531
2 209 212
2 235 259
2 26 316
2 37 45
2 245 520
2 3 165
2 178 521
2 472 473
2 5 113
2 37 515
2 201 374
