1000
111 1 2 3 4 5 6 7 8 9 10 13 16 17 18 20 24 26 28 30 31 34 36 37 38 42 43 44 46 61 64 65 66 75 77 83 85 93 96 97 102 114 115 121 124 134 135 136 145 163 166 173 185 191 205 207 211 214 216 226 230 254 256 299 314 317 327 348 356 359 362 365 373 380 401 416 448 453 455 462 466 497 507 528 558 577 611 631 641 672 692 694 695 707 726 729 744 754 759 782 787 811 819 852 856 887 889 907 913 920 984 990
40 0 3 4 6 19 24 60 62 63 72 115 140 177 178 209 218 228 282 408 414 424 464 487 511 516 524 528 535 588 621 666 681 704 788 817 821 830 860 883 962
13 0 79 130 170 178 181 328 357 500 643 692 789 838
13 0 1 5 32 102 151 153 283 294 419 568 578 784
33 0 1 8 11 14 17 19 29 50 55 75 76 79 95 146 217 225 246 250 257 275 278 365 378 389 417 422 526 624 630 645 752 929
34 0 3 7 9 11 15 26 49 68 69 133 183 199 262 393 413 437 443 466 494 499 582 617 683 705 717 795 849 850 877 895 923 950 960
5 0 1 94 306 449
24 0 5 10 12 33 39 73 76 114 127 208 223 259 276 297 326 400 438 559 642 665 671 730 780
42 0 4 12 13 14 16 39 56 65 78 80 82 103 131 143 149 156 160 161 170 171 204 222 247 276 315 354 383 441 496 499 500 567 649 685 734 736 807 827 837 884 985
6 0 5 28 134 632 818
27 0 7 22 34 36 45 56 110 116 137 166 167 179 201 238 346 357 410 425 480 494 634 675 703 746 755 893
11 4 5 88 91 165 174 304 317 426 652 681
30 7 8 21 25 30 32 41 55 67 68 80 111 137 164 273 278 304 361 391 405 411 420 423 457 533 587 711 718 781 975
24 0 8 37 50 73 140 144 182 219 264 266 341 534 549 622 706 737 794 805 826 843 858 959 979
27 4 8 15 27 35 108 119 156 164 177 220 274 280 302 402 452 458 483 514 638 689 714 770 867 897 925 992
10 5 14 23 206 271 327 493 517 546 688
16 0 8 40 51 120 144 150 256 269 319 390 459 504 663 744 982
26 0 4 18 22 35 44 47 59 95 98 99 123 135 226 249 292 307 355 371 415 483 582 610 896 948 997
12 0 17 20 169 556 614 632 679 783 892 926 952
17 1 4 21 23 57 150 157 161 215 231 305 310 467 495 621 628 688
10 0 18 25 81 100 128 136 228 760 911
8 12 19 51 472 614 616 656 693
8 10 17 101 594 596 870 931 948
3 15 19 67
13 0 1 84 97 117 154 237 398 428 447 518 600 921
45 12 20 29 31 52 70 84 85 89 91 96 105 107 147 152 157 162 191 203 217 224 241 243 263 287 325 362 369 485 515 534 595 635 648 661 696 705 712 737 738 751 815 856 890 960
8 0 5 27 78 250 251 401 854
8 14 26 43 53 130 437 756 934
2 0 9
38 4 25 41 46 48 54 69 70 89 101 103 104 189 220 239 262 274 296 413 470 478 481 498 532 554 561 566 574 609 637 640 740 795 897 927 970 976 979
13 0 12 38 45 120 128 143 326 518 540 594 629 949
9 0 25 151 173 358 384 412 699 894
17 3 12 33 81 82 155 188 212 225 374 420 580 617 792 805 824 985
26 7 32 53 63 109 168 175 198 210 243 338 388 429 439 440 454 477 517 521 546 606 739 761 880 902 904
8 0 10 47 127 129 252 312 859
8 14 17 49 310 403 579 620 669
13 0 10 40 98 189 190 244 291 440 531 589 684 689
7 0 13 42 233 423 676 728
8 0 30 60 159 175 687 935 939
2 7 8
16 16 36 52 54 66 184 192 198 258 269 343 451 501 522 700 710
5 12 29 90 342 637
27 0 37 58 87 121 122 125 141 142 229 290 312 376 388 488 573 584 674 698 701 755 776 789 855 861 944 977
23 0 27 86 88 108 152 174 197 202 253 257 281 299 323 384 490 532 545 601 612 715 806 992
6 0 17 132 211 416 484
7 10 30 48 112 474 973 993
11 0 29 118 139 197 372 377 478 539 628 890
13 17 34 58 61 64 132 176 227 260 268 324 547 882
5 29 45 216 330 771
6 5 35 265 369 409 432
11 4 13 100 111 116 180 390 405 461 669 903
5 16 21 112 853 916
4 25 40 270 439
7 27 33 126 206 244 556 829
4 29 40 543 847
6 4 12 57 344 496 811
9 8 10 59 83 183 229 498 591 906
8 19 55 62 119 406 651 802 852
19 42 47 71 77 167 186 199 221 236 271 363 520 527 649 650 670 677 740 797
6 17 56 351 452 610 773
6 1 38 72 301 334 680
13 0 47 172 245 295 322 346 366 396 468 503 601 971
7 1 57 104 242 403 444 734
6 1 33 315 444 644 949
8 0 47 109 207 322 386 722 763
6 0 8 99 544 764 866
8 0 40 93 261 265 350 562 673
15 12 23 71 107 171 188 223 261 272 279 597 683 785 932 956
6 5 12 129 342 581 994
5 5 29 74 279 622
14 25 29 117 133 308 324 467 469 538 571 742 819 961 984
16 58 67 74 87 106 110 124 195 210 385 530 667 708 775 865 999
5 1 60 141 202 981
9 7 13 125 155 504 507 753 882 957
7 69 71 92 118 866 905 999
3 0 4 123
7 4 7 86 200 429 870 947
3 0 58 360
5 8 26 308 331 977
6 2 4 772 791 894 917
7 8 12 196 201 320 351 659
4 20 32 285 804
7 8 32 94 530 564 828 962
14 0 56 154 235 242 252 311 426 433 554 746 823 953 986
9 24 25 138 363 368 392 563 780 820
5 0 25 236 898 946
8 43 76 92 288 341 352 356 485
8 42 71 353 471 593 634 678 930
7 11 43 90 406 519 521 864
9 25 29 165 176 289 323 465 605 850
5 41 88 275 280 282
3 11 25 338
3 74 86 463
5 0 66 291 430 777
3 6 82 296
3 4 17 513
2 0 25
4 0 24 523 703
9 17 36 212 375 473 497 626 813 936
5 17 65 272 910 976
2 20 50
4 22 29 145 973
3 0 3 251
12 8 29 105 113 122 245 255 266 368 586 633 842
4 29 62 184 533
8 25 103 106 258 675 685 728 874
4 71 105 209 284
4 25 67 298 442
10 14 43 142 146 190 259 381 479 666 765
2 33 64
17 10 71 113 163 172 222 255 260 268 335 340 366 487 586 720 967 994
11 12 50 139 267 284 319 355 409 626 822 840
2 45 51
3 103 110 491
15 0 7 147 149 179 213 301 427 477 607 679 695 698 792 880
10 0 1 126 148 218 232 290 349 570 788
25 10 50 138 153 187 194 195 277 333 378 387 394 415 434 590 664 712 736 748 758 790 855 888 929 987
8 24 70 148 160 180 196 613 851
5 46 74 159 548 731
3 14 57 414
6 16 30 424 619 625 706
8 0 42 131 321 328 337 724 910
6 42 103 158 427 539 796
2 17 75
6 0 71 193 235 552 947
8 42 73 367 542 804 863 911 997
4 53 115 336 603
4 7 34 456 797
7 20 30 168 367 502 766 778
3 34 68 941
7 2 27 565 568 699 827 967
4 8 121 450 512
5 44 47 404 523 624
9 5 70 192 213 456 552 597 774 968
6 0 9 489 653 665 832
2 0 17
12 0 20 158 376 519 561 563 598 667 693 749 750
5 10 12 668 864 913
2 84 116
9 46 111 303 449 767 841 862 863 996
8 1 13 566 646 803 814 873 956
8 42 72 609 741 874 875 878 974
8 42 108 267 335 495 508 559 687
6 8 30 407 641 646 677
2 13 16
7 0 101 309 340 713 716 987
7 4 108 203 248 370 470 914
3 25 114 510
4 115 117 231 484
9 8 114 181 205 314 332 642 841 912
2 16 19
4 3 31 162 234
10 25 43 187 234 316 599 608 751 830 907
4 3 116 412 701
2 24 83
3 32 73 931
6 8 14 204 492 721 802
4 19 25 397 629
2 122 136
5 38 118 329 549 777
4 8 117 224 289
10 8 19 185 221 459 490 660 871 876 971
10 25 151 219 237 345 398 525 537 937 966
6 0 110 169 182 381 572
4 12 14 214 325
6 11 89 233 307 320 380
5 0 10 194 293 550
2 10 58
3 33 128 602
2 18 163
5 2 8 462 565 765
7 8 67 241 277 431 461 828
3 61 110 395
3 0 31 754
3 11 43 186
6 33 38 600 648 710 784
2 47 89
5 1 14 512 570 881
3 1 2 193
4 10 114 402 493
4 50 117 372 715
8 2 149 249 644 803 865 944 995
5 13 163 264 733 891
7 5 56 208 298 640 739 757
4 40 104 760 983
15 0 161 288 360 407 425 446 460 541 589 599 620 847 942 951
4 58 174 227 240
4 116 152 480 694
5 32 67 295 541 550
2 29 36
4 36 108 382 558
6 0 25 396 510 721 970
3 40 133 786
4 124 178 392 393
4 116 166 826 972
6 71 116 240 435 520 722
2 80 117
4 43 46 287 831
5 33 40 215 854 969
7 5 58 200 293 623 627 829
6 76 199 560 585 651 764
9 10 80 302 303 464 479 553 592 605
5 43 72 337 476 793
4 25 146 254 370
3 8 156 358
4 0 149 377 463
5 15 53 232 248 700
3 0 64 889
5 7 183 306 395 438
4 1 106 434 527
4 33 71 344 959
3 0 44 345
6 32 98 373 475 774 776
3 114 133 472
5 0 164 292 313 735
5 19 198 329 364 647
9 0 48 330 382 430 671 810 916 940
3 4 25 300
5 1 115 305 633 843
2 13 162
6 14 29 514 684 833 938
4 58 161 230 664
3 8 110 246
6 7 67 281 339 574 909
3 25 160 286
5 4 32 318 553 555
4 0 17 442 816
4 47 186 253 468
2 1 20
8 42 56 238 247 270 364 655 741
5 0 221 309 548 900
7 19 148 445 460 522 748 872
3 115 206 333
3 37 165 347
6 151 152 285 775 923 954
5 83 124 348 613 618
5 58 85 239 336 639
2 24 162
2 10 229
4 29 236 379 785
6 186 195 508 538 682 832
4 25 171 311 611
3 62 83 937
4 25 33 545 891
5 36 53 283 300 592
2 61 103
3 4 222 766
2 8 229
5 146 206 598 660 761
4 17 181 482 886
5 4 26 263 321 938
4 26 102 562 801
4 34 83 359 846
2 43 227
2 0 203
2 103 110
3 0 16 932
3 4 43 813
4 40 105 526 529
4 7 108 537 615
2 47 110
3 66 67 877
11 5 29 286 347 371 375 458 588 731 878 918
6 25 250 397 697 709 835
3 13 182 273
4 49 66 542 798
5 13 103 583 602 794
3 111 142 389
3 47 110 690
2 16 40
4 52 229 332 352
2 15 58
3 67 99 647
3 12 264 421
4 14 29 636 639
5 4 90 446 635 886
8 7 8 418 433 474 577 682 790
7 116 171 294 400 432 531 652
6 4 12 410 475 604 758
4 67 69 450 908
2 14 90
5 43 223 473 836 958
4 1 90 564 995
4 3 244 313 934
5 106 111 506 672 676
4 81 234 525 778
2 224 262
2 25 197
2 86 185
2 89 160
3 42 115 905
2 36 93
2 17 214
2 166 199
8 3 277 316 404 686 919 955 975
4 61 188 297 391
2 29 94
3 7 295 524
8 107 183 354 455 481 491 547 895
3 0 43 860
2 217 244
2 60 114
4 14 201 334 454
2 139 201
4 11 12 419 836
6 19 218 623 800 848 939
3 6 208 655
4 17 165 575 606
3 70 78 318
3 145 230 569
5 19 35 543 814 834
5 83 241 394 482 771
2 34 42
2 214 283
5 0 149 386 445 925
2 8 63
4 152 294 361 584
3 0 11 516
4 225 308 476 809
3 16 111 555
8 80 165 421 509 515 772 883 958
7 121 250 339 350 379 839 908
3 61 64 732
3 43 89 662
4 47 70 353 936
2 25 164
4 7 30 674 786
3 0 15 750
3 2 121 469
5 159 215 331 343 383
3 48 216 583
4 78 329 509 727
2 149 270
2 116 232
6 60 302 707 716 723 846
2 110 142
3 126 236 443
3 121 202 385
4 33 91 732 966
3 223 321 349
2 110 145
2 13 86
3 41 68 585
2 40 329
3 55 210 982
3 162 211 658
9 10 61 374 417 593 708 743 919 926
4 233 262 572 743
7 0 235 387 557 645 779 859
7 115 339 408 411 436 591 704
3 66 321 451
3 59 80 590
4 86 270 453 857
2 87 324
2 8 298
2 17 111
2 0 86
2 2 10
4 31 204 448 506
2 0 252
2 77 185
2 12 316
2 0 25
2 58 84
2 215 229
3 0 4 686
5 61 110 571 673 930
5 125 128 422 678 900
3 84 103 963
2 25 49
2 146 203
3 17 262 851
3 46 180 714
3 0 212 717
4 32 346 399 915
2 98 262
2 42 136
2 46 205
3 4 116 486
8 239 321 399 435 441 560 653 806
2 0 165
2 108 163
3 190 216 447
3 8 329 662
3 31 43 787
2 71 337
2 64 314
2 116 348
3 33 42 998
3 4 267 638
3 16 50 668
3 12 295 505
3 84 193 768
2 5 193
2 116 311
6 172 208 418 892 946 957
2 61 191
5 157 263 513 529 661
2 24 162
2 374 379
6 7 277 505 876 914 945
3 0 26 457
2 14 179
3 35 62 861
2 132 294
4 12 50 579 762
3 57 88 868
2 143 185
2 1 349
3 49 111 757
2 10 278
3 12 349 983
2 31 153
2 5 29
4 1 119 431 551
2 17 116
2 0 44
3 4 346 658
3 276 395 657
3 3 304 964
2 12 32
4 273 320 428 465
2 4 367
2 12 37
4 1 120 603 615
3 10 185 990
2 11 83
3 114 122 981
2 24 421
4 33 76 436 670
3 93 216 807
3 171 414 978
4 49 277 471 769
2 83 276
2 116 209
2 195 379
2 349 429
2 5 27
5 7 208 486 576 709
4 33 52 492 503
3 33 36 871
3 8 379 885
3 107 226 720
3 5 336 903
3 62 63 719
2 231 314
3 185 275 587
4 24 382 625 974
7 0 358 618 659 697 812 980
3 6 139 759
3 131 279 501
2 40 350
2 14 59
5 0 352 768 782 879
5 33 302 502 762 770
5 0 298 576 943 988
2 127 133
2 12 401
2 14 262
2 16 161
2 185 231
2 50 171
2 0 170
2 92 205
2 1 201
2 89 421
2 0 5
2 19 70
4 61 227 557 844
2 70 328
2 29 146
2 87 432
4 21 213 536 812
3 98 281 752
2 45 276
6 212 278 488 535 657 924
5 202 318 711 730 951
2 33 114
4 29 46 489 799
2 108 201
5 10 187 619 627 650
5 29 298 511 793 809
3 249 311 745
3 14 17 745
3 44 148 818
3 25 86 569
4 378 438 756 941
3 1 110 713
2 42 475
2 134 478
2 43 161
2 113 298
2 156 439
2 15 179
2 5 10
2 19 142
3 8 55 551
3 0 98 753
2 29 56
2 5 8
2 2 8
3 40 450 781
3 128 454 747
2 61 439
2 16 73
3 391 400 924
2 284 358
2 0 73
2 142 240
4 320 331 567 783
6 147 191 607 636 799 950
2 1 481
2 131 177
4 95 397 815 964
2 14 220
2 25 320
4 1 317 767 896
2 15 33
3 24 30 631
3 88 136 875
2 58 195
3 33 88 961
2 40 231
5 97 132 540 573 834
2 1 297
2 162 285
4 4 258 536 848
2 58 209
3 0 1 575
2 258 397
2 71 82
2 36 277
2 29 43
3 12 104 747
2 13 25
3 1 475 844
2 472 526
2 162 259
2 70 240
5 46 122 719 833 888
2 30 523
3 185 188 544
2 125 265
3 54 310 779
2 65 541
3 43 243 725
3 15 33 773
2 47 298
2 118 230
2 13 159
2 166 188
2 414 496
4 124 133 616 873
2 201 225
6 29 83 581 893 922 989
3 225 319 989
2 18 53
2 348 468
2 0 190
4 7 142 608 654
2 200 379
2 29 136
3 66 251 630
3 84 136 858
3 82 282 595
3 130 170 718
2 29 140
2 8 509
3 3 130 580
2 309 485
5 115 177 596 769 933
2 70 366
3 163 347 898
2 42 523
2 29 223
2 307 528
2 438 455
4 0 276 578 920
3 3 577 733
4 35 405 604 922
2 32 568
2 68 554
3 5 17 724
2 266 330
2 42 316
3 200 342 690
2 103 110
2 12 446
2 1 262
2 36 185
2 116 351
4 56 349 808 881
6 201 244 663 680 817 862
2 87 346
3 22 30 691
2 25 564
3 22 570 969
4 67 133 612 837
2 136 248
4 152 185 702 823
2 24 175
3 43 61 921
2 168 266
2 126 424
2 278 579
3 89 201 810
2 33 307
3 114 510 691
2 152 559
2 29 141
2 17 59
2 0 241
2 43 597
4 117 235 725 727
2 18 21
2 259 424
2 21 552
2 5 32
4 235 448 729 899
2 120 480
2 35 185
3 1 19 835
3 13 69 656
2 199 305
3 4 132 643
3 120 447 849
2 98 111
4 199 480 800 927
4 19 46 654 742
2 30 157
2 4 562
2 0 518
2 9 18
2 103 218
2 10 87
2 25 275
2 274 510
2 29 41
3 14 389 825
2 236 274
4 29 183 796 991
2 0 143
2 7 149
3 2 624 945
2 63 181
3 4 348 996
2 140 143
3 215 272 933
3 25 175 696
4 8 58 801 842
2 58 480
3 57 200 702
2 11 277
3 134 379 869
2 559 628
2 229 306
4 21 622 822 840
4 418 475 845 953
2 345 417
2 80 448
3 161 248 887
2 25 397
2 323 383
2 16 592
2 116 221
2 7 134
3 1 108 820
3 71 136 749
2 137 390
2 35 50
2 58 429
2 7 216
3 0 284 726
2 66 366
2 42 326
4 10 105 845 906
2 37 284
2 58 143
3 87 367 816
2 18 114
2 60 592
2 1 11
2 240 276
3 5 67 763
3 36 220 904
3 8 105 738
2 294 365
2 38 142
2 15 19
2 14 36
4 268 585 954 991
3 594 607 993
2 0 2
3 21 136 917
2 0 187
2 0 114
2 25 648
3 263 448 963
2 42 114
2 31 130
2 40 206
2 42 153
2 599 651
3 10 97 872
2 1 349
2 5 25
3 13 120 735
2 0 334
3 71 346 885
2 263 438
2 40 175
2 12 476
2 25 116
2 145 487
3 14 372 884
2 43 180
2 145 334
2 5 373
2 12 565
2 444 539
2 110 442
2 156 191
3 64 195 723
2 334 722
2 121 582
2 545 613
2 0 672
2 331 613
3 37 105 955
2 0 618
3 7 476 791
2 118 262
2 322 338
2 182 578
2 8 62
2 214 706
3 8 116 942
2 13 25
2 25 685
3 33 183 935
2 29 58
2 141 229
4 70 628 808 879
2 346 347
2 0 16
3 482 483 821
2 10 83
2 502 533
2 116 231
2 136 667
2 136 327
2 25 152
2 4 473
2 73 497
3 0 173 824
3 10 42 839
2 27 486
2 183 409
2 116 278
2 0 449
3 20 184 940
2 33 248
2 405 454
2 64 683
3 65 200 902
3 108 170 943
3 128 246 965
3 139 516 831
2 392 453
4 432 570 853 928
2 14 454
2 48 311
2 79 320
3 59 546 899
2 133 212
2 71 234
3 42 212 915
2 93 159
3 128 285 868
2 348 543
3 7 84 869
2 12 501
2 0 453
2 18 509
2 3 175
3 67 239 838
2 192 326
2 0 384
2 1 115
3 2 42 798
2 116 276
2 79 730
2 32 114
2 202 481
2 13 266
3 5 29 986
2 122 640
2 58 127
2 265 789
2 478 510
2 305 627
3 251 649 918
2 57 156
2 140 181
2 81 125
2 13 32
2 43 379
3 8 430 912
3 591 742 980
2 318 481
2 216 605
2 0 55
2 448 472
2 98 257
2 140 310
2 25 513
2 226 678
2 1 592
2 9 484
2 0 70
3 84 666 825
2 1 745
3 111 656 968
2 83 599
2 32 754
2 638 820
2 13 194
2 8 130
2 82 171
2 53 199
4 1 152 867 909
2 197 767
2 134 240
2 220 539
3 310 523 857
2 263 621
2 281 304
2 8 597
2 2 785
2 321 755
2 111 656
3 139 149 901
2 103 649
2 13 218
2 468 535
2 657 675
2 252 334
2 54 185
2 305 526
2 5 625
2 5 89
2 117 371
2 0 57
2 51 769
2 26 198
2 42 116
2 0 25
2 352 834
3 13 563 965
2 34 348
2 1 299
2 42 403
2 139 592
2 125 139
2 88 137
3 71 181 901
2 65 74
2 14 830
2 406 778
2 653 780
2 22 76
2 161 440
2 231 703
2 140 552
2 105 141
3 141 519 988
2 161 400
3 5 261 952
2 141 262
3 453 742 998
2 33 114
2 177 591
2 47 73
2 1 320
2 8 714
2 441 708
2 249 275
2 0 660
2 116 539
2 0 207
2 25 46
2 182 243
2 18 395
2 10 554
2 31 79
2 5 298
2 17 516
2 14 29
2 85 572
2 618 773
2 230 367
2 841 865
2 33 764
3 50 443 972
2 33 684
2 74 290
2 56 675
2 0 152
2 279 321
2 223 830
2 99 121
2 20 125
2 149 807
2 0 137
2 146 400
2 374 776
2 51 216
2 79 693
2 262 801
2 294 346
3 0 577 928
2 24 601
2 554 579
2 5 234
3 475 505 978
2 14 314
2 18 346
2 29 627
2 769 920
2 4 116
2 87 366
2 22 155
2 67 256
2 570 647
2 27 283
2 38 739
2 98 324
2 162 242
2 220 250
2 38 305
2 216 760
2 129 486
2 185 736
2 455 765
2 42 181
2 400 643
2 85 395
2 76 124
2 17 22
2 30 63
2 5 510
2 185 476
2 18 877
2 83 657
2 234 690
2 294 728
2 67 140
2 73 395
2 281 320
2 13 210
2 5 25
2 70 521
2 1 82
2 368 697
2 419 513
2 766 858
2 162 338
2 110 130
2 133 822
2 198 596
2 29 191
2 61 161
2 194 903
2 45 101
2 141 447
2 12 294
2 29 99
2 42 78
2 431 924
2 13 29
2 448 808
2 72 427
2 16 344
2 184 411
2 0 70
2 8 32
2 83 795
2 116 145
2 455 875
2 554 555
2 0 425
2 640 690
2 14 43
2 45 691
2 68 110
2 181 282
2 139 645
2 17 125
2 388 879
2 71 74
