100
25 1 2 3 4 5 6 7 8 9 10 14 16 18 19 23 25 35 36 38 45 49 63 73 79 88
12 0 3 4 6 42 48 54 69 72 73 93 98
2 0 42
4 0 1 5 15
6 0 1 8 10 13 23
6 0 3 7 43 53 97
5 0 1 28 59 67
5 0 5 9 47 58
5 0 4 24 29 41
4 0 7 16 32
7 0 4 18 34 60 65 95
1 21
10 13 14 27 30 39 45 52 80 94 97
7 4 12 17 19 29 53 57
3 0 12 64
3 3 24 44
3 0 9 92
2 13 26
2 0 10
5 0 13 33 37 94
1 22
5 11 22 41 44 89
7 74 20 21 31 32 35 84
3 0 4 34
7 8 74 15 77 28 90 98
3 0 51 96
2 17 54
1 12
3 6 24 57
3 8 13 30
3 12 29 31
4 22 30 48 55
5 9 22 62 69 99
2 75 19
2 10 23
4 0 22 46 51
3 0 84 87
2 19 67
3 0 62 86
2 12 71
3 50 60 61
5 8 21 52 68 90
3 1 2 46
2 5 47
4 15 76 21 56
3 0 12 71
2 35 42
3 7 43 59
3 1 31 66
2 0 75
1 40
3 25 35 63
2 12 41
3 5 13 65
3 1 77 26
2 31 70
2 44 58
2 13 28
3 7 72 56
3 6 83 47
4 10 78 81 40
2 40 93
2 32 38
3 0 51 92
2 14 70
3 10 53 91
1 48
3 6 37 88
1 41
3 1 32 86
2 55 64
3 82 39 45
2 1 58
3 0 1 78
2 24 22
2 33 49
1 44
3 54 24 80
2 73 60
1 0
2 12 77
1 60
2 71 85
1 59
3 22 36 87
1 82
2 38 69
2 36 84
2 0 67
1 21
2 24 41
1 65
2 16 63
2 1 61
2 12 19
1 10
1 25
2 5 12
2 1 24
1 32
