100
1 1
8 0 2 4 7 19 20 35 79
2 1 50
6 12 13 33 44 80 99
5 1 6 12 23 67
3 28 29 43
3 4 53 94
8 1 70 17 39 51 56 58 69
1 91
5 16 39 40 56 86
5 11 26 36 72 73
2 10 95
6 3 4 70 47 57 69
5 3 15 16 18 55
1 32
1 13
3 9 13 76
2 7 30
5 13 20 41 45 92
4 1 21 23 33
3 1 18 24
3 19 32 89
1 34
5 4 19 28 83 84
3 20 75 48
1 61
4 10 48 59 68
2 42 82
2 5 23
1 5
2 17 62
1 74
3 14 21 60
6 3 19 43 53 86 98
4 22 77 38 65
1 1
2 10 88
5 76 52 60 68 89
3 75 78 34
2 7 9
1 9
1 18
1 27
6 5 33 46 66 90 97
3 3 51 54
3 18 52 61
3 73 82 43
1 12
2 24 26
1 64
3 2 54 96
2 7 44
3 37 45 62
3 6 33 85
6 77 85 44 50 64 90
2 13 87
2 7 9
2 12 81
1 7
1 26
2 32 37
2 25 45
3 30 52 88
1 71
3 74 49 54
2 79 34
1 43
1 4
3 26 37 98
3 7 71 12
4 12 7 91 94
2 63 69
1 10
3 10 46 93
2 31 64
3 24 38 81
2 16 37
2 54 34
1 38
2 1 65
2 3 93
2 75 57
2 27 46
1 23
1 23
2 54 53
2 9 33
1 55
2 36 62
2 21 37
2 43 54
2 70 8
1 18
2 73 80
2 70 6
1 11
1 50
1 43
2 33 68
1 3
