1000
21 1 2 3 6 10 11 18 19 32 41 48 97 157 249 289 315 536 610 786 815 994
36 0 8 17 24 29 39 88 91 98 110 127 176 177 191 241 319 322 326 343 355 369 409 463 466 470 488 501 541 548 715 759 828 838 880 933 939
51 0 3 4 5 13 15 18 20 21 36 44 53 66 68 72 73 113 140 190 195 221 253 254 269 271 280 321 334 370 402 438 451 460 497 588 603 620 630 634 659 660 675 691 734 737 765 817 823 858 946 973
38 0 2 4 5 9 11 12 15 16 43 56 84 101 109 115 126 139 206 216 284 337 348 392 420 433 449 537 563 587 596 611 623 762 770 873 907 947 990
5 2 3 372 397 835
50 2 3 6 7 10 13 14 17 29 32 38 47 51 53 80 83 85 108 131 145 183 195 230 257 261 276 283 298 338 347 362 418 430 456 473 511 515 549 579 612 649 698 735 764 768 805 849 856 892 950
52 0 5 7 8 24 25 39 46 62 64 69 70 92 101 112 144 147 162 167 175 198 224 246 286 352 364 389 413 423 442 458 471 475 514 524 537 552 598 656 660 685 698 743 779 794 795 853 937 979 981 982 984
60 5 6 9 19 22 28 33 34 40 48 49 58 59 66 67 76 100 103 119 128 134 146 148 153 173 176 183 188 199 222 231 234 267 277 287 291 304 322 332 336 350 377 396 417 433 446 448 479 542 567 582 591 706 711 767 848 872 923 938 989
23 1 6 14 16 58 61 62 75 96 129 136 149 150 200 228 331 397 421 495 564 616 704 821
22 3 7 23 35 37 81 82 107 130 135 278 281 303 371 390 392 414 723 834 862 885 934
16 0 5 20 55 68 86 128 290 308 387 420 534 653 779 824 913
32 0 3 12 22 25 26 28 50 52 79 90 116 154 167 184 212 219 286 306 326 341 349 363 406 486 546 604 695 763 890 905 990
15 3 11 73 82 137 187 192 215 248 258 432 733 808 880 950
10 2 5 27 43 184 418 529 650 657 675
32 5 8 33 61 70 78 86 89 120 141 142 152 160 166 177 231 283 311 313 316 476 477 509 528 540 654 661 663 757 874 878 993
9 2 3 121 190 193 219 320 394 909
26 3 8 21 34 54 55 59 71 74 83 85 100 175 220 232 265 339 385 405 428 463 484 494 709 734 819
14 1 5 23 44 60 92 120 212 240 461 498 651 785 908
10 0 2 36 143 192 263 351 447 700 987
34 0 7 26 27 45 54 56 60 67 72 107 117 138 209 238 300 354 367 419 490 507 510 558 566 572 599 653 669 746 763 773 815 895 912
3 2 10 744
10 2 16 207 213 221 311 505 594 636 954
26 7 11 31 35 57 69 99 108 121 143 156 186 260 285 292 308 317 403 424 485 520 526 633 865 900 999
10 9 17 106 113 118 257 663 713 874 956
10 1 6 45 122 274 378 460 474 676 967
7 6 11 102 118 285 516 776
10 11 19 123 205 340 363 431 743 746 855
16 13 19 63 166 178 199 265 273 296 379 381 578 623 869 924 983
20 7 11 30 37 47 49 112 256 278 299 323 329 444 501 571 607 677 790 805 988
19 1 5 30 40 57 77 125 255 266 280 302 375 428 431 435 468 569 612 992
11 28 29 31 153 228 235 242 252 506 607 942
10 22 30 90 303 327 353 399 486 672 692
8 0 5 42 71 163 412 447 540
9 7 14 105 111 188 211 279 348 958
7 7 16 84 304 528 725 813
27 9 22 38 42 52 79 87 94 144 179 211 218 234 244 262 330 368 386 444 522 543 561 628 697 726 921 931
13 2 18 41 102 135 289 342 385 583 684 690 752 894
5 9 28 98 193 697
14 5 35 64 65 95 158 251 344 472 487 686 712 722 870
14 1 6 65 77 111 292 327 465 479 558 611 864 899 928
6 7 29 182 214 313 911
8 0 36 76 81 169 240 338 601
10 32 35 46 126 168 174 215 380 827 883
5 3 13 50 493 665
4 2 17 194 802
3 19 24 281
10 6 42 163 171 197 230 295 335 409 627
29 5 28 51 93 105 130 205 210 305 345 469 471 509 536 575 616 642 654 678 707 719 765 772 860 888 892 912 936 952
20 0 7 63 88 155 165 182 244 300 356 402 429 489 502 519 546 563 646 664 781
8 7 28 89 208 337 514 593 888
10 11 43 154 180 204 583 627 705 966 969
4 5 47 106 647
3 11 35 346
11 2 5 355 382 457 532 570 634 790 910 914
6 16 19 78 237 749 907
2 10 16
6 3 19 131 321 324 841
19 22 29 96 110 132 156 164 213 288 319 395 469 478 522 525 586 671 787 974
4 7 8 360 629
11 7 16 124 157 171 196 441 482 630 809 904
5 17 19 93 123 768
11 8 14 174 180 187 301 364 405 550 553 996
6 6 8 224 312 693 958
16 27 48 91 138 235 266 272 306 357 373 530 761 769 807 910 989
4 6 38 840 916
7 38 39 150 275 358 575 903
7 2 7 264 391 492 835 922
10 7 19 104 239 246 429 565 875 899 906
3 2 10 718
9 6 22 94 151 164 411 659 716 976
4 6 14 80 160
11 16 32 99 103 122 133 247 379 761 885 932
13 2 19 95 145 191 202 367 549 578 602 679 795 865
7 2 12 74 256 369 492 949
15 16 73 75 87 185 197 341 361 413 476 482 615 637 811 926
9 8 74 116 229 356 670 792 951 983
9 7 41 161 181 524 543 621 867 940
9 29 39 194 263 480 483 823 843 947
4 14 54 401 993
3 11 35 864
10 5 70 133 181 293 404 454 580 632 645
4 9 41 517 756
4 9 12 352 359
7 5 16 272 382 452 475 813
4 3 34 380 406
2 5 16
8 10 14 124 162 464 643 846 985
4 35 74 624 859
4 1 48 448 682
9 14 49 417 455 485 562 603 674 717
12 11 31 114 129 461 519 555 690 739 852 941 972
15 1 63 284 312 347 422 435 470 564 696 709 764 796 915 995
17 6 17 104 132 147 172 220 222 232 354 515 639 666 692 706 896 914
3 47 60 994
2 35 69
10 38 72 140 293 450 503 652 689 943 978
7 8 57 97 151 203 209 923
10 0 96 114 218 295 299 826 827 850 851
7 1 37 178 305 353 511 601
8 22 71 250 383 384 440 613 729
13 7 16 109 117 125 243 357 410 732 898 935 978 997
6 3 6 236 458 609 986
4 25 36 170 581
11 7 71 137 155 216 267 527 606 662 727 828
5 67 92 255 619 977
2 33 47
6 23 51 134 401 847 853
6 9 19 136 301 556 737
13 5 22 141 152 454 571 631 749 760 806 918 963 985
2 3 100
9 1 57 119 226 261 398 551 589 816
8 33 39 168 245 376 555 678 812
7 6 28 115 264 294 324 378
6 2 23 333 335 742 753
11 90 97 142 200 243 309 365 371 443 445 474
5 3 112 239 323 722
2 11 75
13 19 100 159 237 269 317 343 370 500 591 640 658 730
20 23 25 217 223 238 253 288 403 410 440 494 512 710 721 725 758 803 919 930 998
4 7 110 407 881
3 14 17 714
11 15 22 148 172 229 332 351 477 829 963 973
9 24 71 159 203 309 699 796 856 915
5 26 60 169 268 825
8 59 86 161 233 376 609 712 820
4 29 100 316 398
4 3 42 127 478
3 1 126 670
7 7 10 314 459 462 644 645
12 8 90 179 208 259 377 393 547 573 674 784 817
5 9 47 780 784 962
4 5 56 570 832
3 57 92 552
6 71 80 158 274 560 869
6 7 106 139 186 204 503
5 9 36 146 455 833
2 8 107
8 12 103 590 684 707 714 820 968
4 19 63 173 651
4 3 134 423 799
3 2 95 362
5 14 108 149 165 876
2 14 114
9 18 22 217 236 260 318 508 618 942
5 6 35 456 613 727
5 5 72 472 574 686
6 7 135 473 819 855 900
2 6 92
2 7 121
9 8 141 307 350 576 584 710 713 998
8 8 65 170 225 254 531 777 965
5 69 96 223 391 680
2 14 108
2 7 30
9 11 50 241 252 259 268 499 818 851
3 48 103 333
3 22 57 606
2 0 59
3 38 133 596
3 117 122 325
3 14 70 314
3 76 124 185
12 6 86 196 198 297 339 399 569 844 845 931 953
5 32 46 248 291 924
2 57 69
3 48 141 590
5 14 27 233 359 798
4 6 11 189 666
3 42 111 804
8 41 123 384 512 534 598 676 972
2 102 150
3 46 59 310
4 92 121 386 753
3 7 138 294
10 42 61 225 358 415 577 585 748 886 901
2 6 16
10 1 7 207 210 412 416 516 635 747 997
5 1 14 508 574 742
2 27 98
7 35 129 411 530 539 557 594
4 50 61 432 777
6 76 80 226 287 453 854
3 40 48 251
3 5 7 270
2 11 13
4 74 161 421 966
13 22 134 189 201 202 426 517 793 831 834 877 896 970
5 12 61 201 282 871
8 7 33 383 414 506 655 773 928
7 167 186 227 361 425 434 747
5 2 15 258 393 466
6 1 72 249 349 789 821
2 12 18
7 15 37 227 553 872 933 975
2 44 77
3 2 5 996
2 59 162
7 46 74 262 388 589 647 791
15 6 162 245 270 310 499 531 789 809 812 824 917 919 979 984
2 7 27
7 8 114 206 400 566 626 769
5 186 187 408 580 652
2 72 186
3 96 122 637
3 50 134 276
4 26 47 584 597
5 3 200 214 331 683
4 21 176 452 810
5 49 129 372 754 939
5 19 96 617 728 930
3 47 176 968
2 33 35
2 11 17
4 21 57 415 614
2 40 206
4 12 42 579 587
2 3 103
2 118 143
6 35 97 271 307 381 480
2 11 15
2 16 92
2 2 21
2 7 92
3 118 151 424
5 6 62 242 318 887
2 150 174
8 110 181 247 296 328 396 581 650
5 189 193 290 390 842
2 8 30
2 75 121
2 5 46
2 7 14
2 16 92
7 124 166 273 275 801 944 976
2 7 35
3 30 63 336
3 101 143 443
2 54 117
2 19 118
2 67 115
4 17 41 375 780
4 1 154 366 797
2 30 224
3 100 114 523
8 35 48 374 422 547 677 806 818
3 111 198 427
4 6 67 532 830
3 71 226 861
7 12 163 250 497 498 527 884
4 0 191 703 971
3 99 248 687
3 38 182 450
2 30 154
3 2 118 340
4 2 150 298 373
3 29 104 873
4 28 73 374 427
2 5 23
2 12 190
2 129 154
8 22 143 394 400 425 538 803 890
4 5 110 854 902
4 35 197 282 315
3 18 77 631
2 66 112
2 16 27
3 29 63 696
6 7 103 608 756 811 879
3 123 154 783
2 2 117
9 183 198 277 329 520 629 638 671 858
4 2 218 279 755
3 63 83 437
8 27 233 344 407 467 568 618 705
3 24 133 724
4 65 233 325 673
2 5 204
2 7 270
3 9 28 605
4 33 271 330 535
2 2 29
4 9 45 750 937
4 187 262 559 916
5 5 14 302 437 502
2 3 91
4 22 25 792 793
3 6 11 920
7 7 181 320 504 523 600 694
3 57 118 689
3 0 36 843
3 10 227 702
4 7 163 449 518
4 22 39 740 946
2 80 95
6 112 173 297 468 535 831
3 46 97 625
4 27 226 557 642
6 162 294 389 434 741 961
2 5 254
2 28 97
2 19 48
3 61 107 720
4 29 283 615 770
3 9 31 620
3 7 34 533
3 47 98 529
4 11 63 442 949
2 149 218
3 10 22 438
2 114 122
4 171 198 496 738
3 14 21 451
10 62 91 366 408 525 661 699 739 814 948
3 14 40 695
4 128 160 622 679
4 0 262 483 526
3 14 125 342
3 22 117 845
5 143 224 345 491 648
6 1 57 328 387 592 921
4 15 287 643 791
5 2 56 489 608 847
2 1 7
3 28 115 641
2 56 112
4 159 275 736 889
5 1 11 365 439 648
2 31 39
3 226 319 685
3 28 270 445
2 35 279
6 8 206 334 681 721 731
2 7 121
3 113 155 346
3 2 331 588
3 46 113 751
3 7 235 481
2 3 49
2 5 41
2 16 162
4 26 253 599 673
2 11 74
2 36 316
5 1 117 782 882 951
4 38 273 626 906
4 47 318 866 867
3 52 333 491
7 5 91 368 568 724 804 871
4 3 33 682 883
6 11 191 726 751 758 932
7 7 149 360 487 668 799 891
8 18 121 467 481 704 778 952 987
2 6 82
2 31 98
2 19 92
3 1 53 488
3 48 75 628
3 63 100 788
2 65 174
3 82 166 513
2 58 350
2 74 189
6 5 140 484 493 622 735
3 11 26 446
4 6 61 641 927
2 114 326
4 241 312 904 948
2 19 72
3 35 347 439
2 1 73
3 2 117 863
2 9 114
2 4 208
5 63 254 404 908 974
3 244 256 464
4 29 240 521 665
5 111 124 395 808 859
5 7 129 465 717 766
5 24 112 388 539 876
3 27 71 703
5 42 84 416 490 604
6 27 218 554 567 576 694
2 53 83
4 99 188 441 708
3 99 169 748
2 16 36
2 35 172
3 10 319 870
2 197 378
6 6 297 436 672 913 962
2 9 227
2 66 151
3 3 9 752
4 129 190 822 850
2 15 260
2 57 376
2 7 226
2 4 8
2 110 125
5 31 162 644 693 922
3 200 260 667
3 78 106 430
2 2 48
3 22 118 560
2 80 373
2 16 61
3 11 84 917
8 119 273 419 436 462 619 744 802
3 201 312 513
3 1 46 941
5 100 118 700 826 889
3 69 179 545
4 32 176 426 975
2 6 74
3 9 188 787
2 174 213
4 176 380 500 544
3 7 89 844
4 5 13 681 905
3 19 407 837
4 3 10 605 745
5 8 185 548 550 767
2 91 244
2 6 139
9 22 223 459 595 716 729 807 848 999
2 189 260
3 186 412 664
2 245 256
4 16 29 600 639
2 48 67
3 5 401 518
2 26 29
3 12 180 521
2 3 7
5 189 297 554 559 585
2 29 91
4 389 407 533 929
2 272 283
4 2 308 453 505
5 326 368 614 965 980
2 99 118
2 59 383
2 6 306
3 114 236 495
2 28 35
4 114 329 457 504
3 7 363 544
3 18 32 687
2 7 88
4 3 291 551 992
3 95 251 649
4 2 311 624 840
2 83 207
4 181 438 595 891
7 80 108 542 602 610 655 825
2 89 135
2 5 144
2 53 445
2 6 101
3 128 424 636
2 2 24
2 17 90
3 128 407 988
2 1 16
2 86 374
2 39 377
3 1 190 986
2 273 351
3 29 294 738
3 47 57 925
2 1 91
2 6 47
3 38 145 981
2 5 146
2 24 114
2 6 83
3 14 74 657
3 14 121 496
3 57 126 640
2 7 39
2 77 218
2 336 351
2 59 74
2 77 315
2 16 362
4 22 89 839 959
3 11 31 785
2 38 350
4 1 355 586 774
3 48 321 561
2 19 380
2 318 346
3 66 73 507
3 43 362 633
4 16 118 510 786
2 8 443
2 310 477
2 2 248
2 17 248
3 154 198 541
5 117 416 556 562 736
3 1 28 926
2 48 283
2 95 134
3 287 445 597
5 21 438 702 728 833
2 30 188
4 19 492 632 977
4 143 177 582 991
3 14 47 662
4 19 494 545 902
5 5 98 565 782 829
4 118 169 740 898
2 359 408
2 6 49
2 5 92
3 25 176 669
3 81 186 832
3 291 430 775
2 48 90
2 22 270
2 375 432
3 35 57 945
2 243 287
3 6 76 708
2 57 312
4 22 315 959 970
3 103 248 774
6 14 34 538 701 836 957
2 13 305
2 63 179
2 150 198
4 53 246 572 617
4 304 436 592 635
3 10 169 879
4 279 294 646 836
2 0 47
3 3 6 816
2 260 528
2 179 378
2 14 32
2 1 499
2 7 454
3 35 76 730
4 416 446 810 887
2 411 510
3 11 48 868
2 129 244
4 1 421 658 755
2 5 72
2 61 421
2 110 449
2 6 132
3 61 193 771
2 381 434
2 90 111
2 107 500
2 179 296
3 19 39 960
2 282 434
2 133 403
2 35 489
3 89 500 621
6 3 48 573 711 894 895
2 8 91
3 67 511 593
3 19 200 719
3 7 381 680
2 273 347
3 29 162 715
5 53 131 759 822 909
2 28 108
6 19 532 577 667 838 893
2 129 563
3 145 177 877
2 47 65
2 149 381
3 174 572 995
2 27 72
2 5 215
2 80 201
3 102 226 961
2 7 508
2 36 50
2 149 205
2 174 434
2 57 488
3 3 215 955
2 2 334
4 110 197 688 732
2 137 165
2 7 117
2 319 533
3 49 565 934
2 21 179
2 424 453
3 3 158 757
4 205 504 731 860
2 6 169
3 19 340 776
2 287 428
2 41 98
2 72 454
2 2 89
5 11 380 688 691 778
2 278 420
2 103 156
3 28 30 625
2 267 321
3 101 124 901
2 0 454
2 3 39
2 5 29
3 99 144 788
2 213 439
2 74 302
5 8 47 720 754 861
2 209 532
2 143 273
3 104 407 897
2 2 303
2 76 562
3 314 362 964
3 3 27 886
2 87 451
2 295 607
2 200 344
2 46 50
2 35 356
3 58 270 857
3 2 59 800
2 108 263
2 80 507
4 22 493 668 771
4 2 53 656 741
2 176 533
3 21 459 893
3 74 203 638
4 270 637 857 878
2 92 428
2 117 478
2 323 364
2 47 296
3 86 320 884
4 128 399 745 935
2 80 128
2 48 535
2 51 197
2 318 326
2 5 450
2 13 226
2 17 138
3 95 201 718
3 10 19 723
2 14 47
2 188 454
4 6 634 683 954
2 13 476
2 117 548
2 2 69
2 2 6
2 14 312
2 103 509
2 14 23
2 48 426
2 43 375
2 92 167
3 400 572 897
4 350 633 766 960
2 19 516
3 75 127 701
2 57 270
2 31 389
2 275 340
2 89 129
2 2 13
2 24 169
3 28 244 956
2 47 111
2 72 314
2 151 567
2 331 418
2 88 348
3 206 656 936
3 36 137 762
4 6 328 798 971
5 38 145 794 797 841
2 250 447
2 589 604
2 95 288
2 36 90
3 2 604 801
3 31 92 940
2 62 399
3 287 381 839
3 11 313 875
2 91 266
2 35 37
2 5 6
2 122 312
3 18 410 775
3 528 670 783
2 290 505
2 249 379
2 8 351
2 50 273
2 7 92
4 47 137 760 955
2 383 524
2 16 91
2 118 149
2 7 563
2 38 124
2 23 149
2 120 137
3 1 569 814
3 69 424 929
3 89 377 772
2 68 652
2 47 566
2 301 616
2 118 331
2 38 115
3 9 653 750
2 274 347
2 34 118
3 35 349 733
2 103 144
2 209 505
2 99 424
2 117 543
2 331 597
2 100 589
2 12 726
2 2 16
2 5 362
4 325 500 842 967
2 2 107
3 310 468 925
2 90 312
2 292 512
2 297 634
2 113 177
2 6 26
2 20 407
2 420 644
2 19 26
2 176 189
2 174 384
2 54 108
2 281 723
2 335 349
2 36 392
2 113 172
2 208 616
2 271 548
3 81 267 953
2 14 596
2 118 349
2 1 570
2 108 707
3 63 71 862
2 3 684
2 11 19
3 5 91 837
3 2 47 863
3 377 668 881
2 7 421
2 5 60
2 63 200
2 3 302
2 553 633
2 47 717
2 19 188
2 488 527
2 518 700
2 25 599
3 150 180 781
3 351 604 866
2 6 10
2 130 240
2 48 777
2 343 511
3 268 701 800
2 129 130
3 17 486 846
3 0 494 903
2 57 414
2 357 613
2 191 198
2 28 53
2 197 320
2 75 285
2 186 285
2 6 686
2 6 72
2 91 122
2 241 686
2 166 685
2 139 350
3 630 783 918
2 233 691
2 44 407
2 118 260
3 168 347 830
2 5 28
3 108 244 852
2 63 424
3 12 376 927
2 59 198
2 207 544
2 74 267
2 111 198
2 34 83
2 312 715
2 0 19
2 110 537
3 2 129 945
3 154 244 882
2 16 146
2 124 137
2 8 191
2 393 570
2 2 77
2 10 198
2 123 454
2 97 410
3 42 97 964
2 1 103
2 121 511
4 246 804 849 911
2 186 294
2 131 517
2 135 505
2 9 186
2 4 66
2 528 535
3 419 764 868
2 1 572
2 485 694
2 64 451
2 56 686
2 227 736
3 77 289 938
2 162 417
2 162 317
2 86 785
2 106 321
2 7 424
2 5 830
3 97 393 920
3 97 154 991
2 90 806
2 6 106
2 181 261
2 26 146
2 5 122
2 629 638
2 2 270
3 87 376 982
2 47 597
2 247 616
2 9 761
2 370 765
2 39 79
2 22 72
2 345 778
2 76 345
2 546 837
2 27 133
2 38 387
2 187 347
2 7 193
2 3 255
2 14 23
2 67 695
2 141 378
2 186 574
3 14 638 957
2 267 534
2 1 12
2 119 766
2 343 818
2 42 348
2 248 643
2 9 71
2 174 623
2 224 544
2 47 49
2 325 410
2 11 260
2 350 453
2 5 47
2 572 636
3 36 563 944
2 19 563
2 92 186
2 619 667
2 100 512
2 39 67
2 22 146
2 174 609
2 261 510
2 65 786
2 59 366
2 11 418
2 67 344
2 3 54
2 17 373
2 15 570
2 53 63
2 40 830
2 19 47
2 10 389
2 53 92
2 91 122
2 64 282
2 198 406
2 108 800
2 118 198
2 286 850
2 35 319
2 66 399
2 7 96
3 27 163 969
2 469 738
2 74 501
2 364 808
2 39 188
2 436 716
2 118 209
2 35 162
2 71 349
2 1 193
2 9 593
2 100 644
2 47 683
2 6 281
3 7 843 943
2 1 208
2 76 692
2 90 409
2 30 143
2 95 938
2 233 894
2 522 817
2 2 292
2 3 77
2 312 366
2 73 306
2 5 12
3 75 343 980
2 47 351
2 162 756
2 21 656
2 587 707
2 23 677
2 528 878
2 33 62
2 485 526
2 558 668
2 297 581
2 130 389
2 108 121
2 622 827
2 150 439
2 50 185
2 24 736
2 137 210
2 50 924
2 186 526
2 249 685
2 90 169
2 2 121
2 57 373
2 193 412
2 69 233
2 104 507
2 95 100
2 6 198
2 439 951
2 6 472
2 6 859
2 27 75
2 6 198
2 86 108
2 101 466
2 18 351
2 28 462
2 7 63
2 3 11
2 508 851
2 29 449
2 14 78
2 0 93
2 91 577
2 61 195
2 100 176
2 118 149
2 22 424
