1000
90 1 2 3 4 5 6 8 10 13 25 27 31 42 49 50 55 56 63 64 67 73 77 93 117 120 122 125 127 154 156 168 176 194 201 225 226 239 257 261 274 284 287 292 305 312 313 324 328 337 339 343 350 369 372 378 386 396 397 412 418 420 431 438 439 445 447 454 515 518 554 563 579 608 670 727 763 764 772 806 815 835 843 864 903 908 917 932 941 955 979
6 0 263 435 587 605 888
30 0 3 4 12 27 39 47 67 73 87 95 98 123 139 197 207 212 242 292 360 423 529 593 610 614 641 671 675 736 928
38 0 2 7 9 14 17 18 24 26 31 38 58 77 79 98 99 113 123 150 172 182 206 243 246 249 272 348 393 397 401 465 482 504 568 629 821 898 998
35 0 2 5 6 7 14 19 20 23 69 78 85 106 111 146 151 166 169 183 191 197 218 320 322 330 341 371 464 479 535 548 572 581 753 812
66 0 4 8 11 12 15 17 22 26 30 37 45 47 48 54 60 62 70 74 78 80 82 83 89 93 94 101 115 128 155 157 162 173 181 192 222 244 258 261 307 322 338 344 391 414 425 473 513 533 540 541 586 611 665 689 701 717 746 757 813 833 856 906 918 963 971
42 0 4 9 10 11 13 18 21 36 62 65 71 81 88 96 103 147 185 190 216 217 271 278 331 341 347 381 405 500 528 530 590 620 672 679 692 700 741 791 836 877 958
10 3 4 48 349 558 912 919 941 984 990
38 0 5 21 28 43 50 52 59 71 81 100 137 148 177 187 326 404 432 448 455 469 482 507 551 568 581 604 608 631 676 684 690 737 834 892 909 950 999
16 3 6 22 52 72 134 167 184 254 269 294 349 374 379 601 892
11 0 6 91 104 208 241 324 325 393 483 647
11 5 6 16 75 138 214 403 427 507 602 946
2 2 5
29 0 6 19 29 33 37 46 66 89 129 132 158 161 194 226 299 310 317 321 380 435 479 523 580 671 799 802 842 878
16 3 4 15 16 25 35 57 65 127 153 177 215 252 309 518 804
7 5 14 80 180 192 232 333
9 11 14 28 51 165 221 268 274 672
4 3 5 838 858
27 3 6 20 34 36 38 53 75 83 99 116 159 175 186 204 310 314 319 358 425 474 557 834 878 906 962 974
15 4 13 68 96 130 163 230 373 392 462 485 577 604 938 961
15 4 18 23 32 64 126 148 153 275 306 336 622 719 895 954
18 6 8 24 30 55 61 91 219 311 402 439 554 579 592 738 775 815 820
20 5 9 82 105 106 132 174 216 222 237 432 458 491 519 555 595 684 824 911 979
7 4 20 41 84 199 646 858
10 3 21 34 41 51 108 120 496 498 578
11 0 14 32 213 270 493 570 702 720 841 886
35 3 5 29 33 35 97 115 143 145 150 168 184 188 196 251 262 269 285 329 359 487 503 506 517 561 565 567 605 679 682 689 711 760 799 841
22 0 2 40 44 59 118 124 169 205 232 248 309 351 417 472 514 527 640 677 730 731 962
6 8 16 290 376 377 983
8 13 26 58 102 331 426 555 842
10 5 21 49 258 291 372 481 582 630 779
6 0 3 200 203 282 547
8 20 25 54 107 566 598 703 890
14 13 26 43 85 110 173 207 228 453 576 734 761 960 970
12 18 24 39 42 44 63 86 109 142 170 296 980
6 14 26 53 56 101 758
5 6 18 228 256 512
5 5 13 45 594 947
3 3 18 968
12 2 34 40 46 68 112 186 245 335 474 539 753
14 27 39 61 114 133 198 214 224 247 300 542 549 921 940
8 23 24 143 233 326 759 769 875
8 0 34 146 682 698 764 789 992
10 8 33 104 136 140 249 286 287 560 704
14 27 34 57 171 219 255 362 441 630 721 780 964 965 975
4 5 37 382 446
10 13 39 60 69 70 130 284 412 449 545
16 2 5 84 92 94 121 125 157 267 498 524 532 662 744 848 994
4 5 7 210 488
2 0 30
9 0 8 74 100 328 330 387 559 779
11 16 24 259 304 374 381 387 401 468 833 879
7 8 9 155 218 478 496 703
6 18 35 609 695 712 866
8 5 32 76 217 327 385 492 618
9 0 21 229 293 385 413 468 543 974
3 0 35 683
7 14 44 119 251 345 452 766
2 3 29
16 8 27 131 264 352 407 469 492 526 687 716 758 777 784 925 935
6 5 46 112 250 674 881
10 21 40 79 90 138 521 634 639 701 773
3 5 6 233
17 0 34 76 87 129 141 231 268 280 456 471 487 511 627 872 886 944
9 0 20 66 72 88 368 607 640 816
8 6 14 108 364 451 470 659 859
7 13 64 475 490 528 637 994
3 0 2 312
6 19 39 396 524 564 667
8 4 46 118 444 456 522 655 774
8 5 46 154 212 281 811 853 957
12 6 8 134 237 306 327 583 677 709 723 750 792
5 9 64 158 369 472
17 0 2 86 103 170 176 370 408 450 493 510 533 594 616 763 828 861
6 5 50 166 189 342 656
2 11 18
11 54 63 97 114 116 137 220 464 501 577 822
3 0 3 460
5 4 5 95 220 956
6 3 61 90 265 392 966
4 5 15 347 633
5 6 8 140 355 540
5 5 22 122 953 966
2 5 18
13 23 47 92 159 240 279 384 585 586 593 735 825 919
2 4 33
10 34 73 126 174 262 266 422 582 611 707
6 2 63 550 637 651 807
4 6 64 377 402
6 5 13 257 302 743 781
9 61 79 142 161 281 416 685 819 935
6 10 21 189 325 346 560
12 47 84 110 288 317 366 395 415 548 644 732 912
3 0 5 316
15 5 47 124 136 139 156 190 358 426 445 494 573 634 894 949
2 2 78
6 6 19 289 638 653 790
12 26 76 164 206 283 354 418 467 534 597 745 762
13 2 3 109 149 171 205 209 302 440 513 536 571 905
7 3 18 113 209 430 433 592
12 8 50 128 180 340 352 363 434 459 710 770 933
7 5 35 102 133 307 575 694
6 29 101 282 442 484 589
6 6 73 259 276 652 985
7 10 43 105 107 200 243 714
6 22 104 121 211 301 648
5 4 22 111 420 476
8 32 104 117 175 300 669 754 899
10 24 65 187 203 239 556 591 680 749 843
7 34 98 164 365 603 889 990
2 33 92
9 4 106 119 252 264 367 791 857 866
9 39 60 332 360 411 512 626 798 943
5 3 99 131 379 505
7 40 76 394 502 547 601 770
8 5 26 144 280 517 642 728 893
5 18 76 340 676 761
6 0 107 165 178 440 728
2 27 69
4 57 111 461 587
3 0 24 702
5 47 105 145 465 820
12 0 82 151 152 191 211 234 423 612 718 729 747
5 2 3 223 236 794
11 27 94 135 147 193 275 366 471 475 543 610
17 0 47 135 181 185 204 231 321 404 433 631 721 751 807 869 947 977
4 20 86 179 461
13 0 14 141 178 202 250 289 437 491 615 658 887 896
4 5 100 196 462
10 13 63 260 270 373 477 551 557 982 995
9 19 46 195 240 298 323 466 805 844
10 59 113 160 162 198 208 225 283 342 434
3 13 22 825
9 40 101 144 256 279 329 454 580 816
10 9 71 296 470 571 656 688 709 727 930
11 124 125 298 417 447 542 619 632 827 830 839
8 43 94 160 584 737 752 808 931
9 8 76 195 272 290 459 545 556 665
5 11 61 473 480 864
13 2 94 149 344 390 394 416 497 531 650 708 749 891
6 43 81 172 623 661 769
5 63 127 346 515 800
3 34 90 395
6 26 41 152 167 484 505
2 115 133
4 26 121 365 743
5 4 42 458 527 667
5 6 124 229 245 320
3 8 20 683
4 98 139 202 410
5 3 26 179 242 805
5 4 122 188 238 663
8 122 143 163 183 578 722 869 907
5 14 20 182 666 801
5 0 70 230 378 391
3 5 52 754
6 0 94 304 463 546 876
4 5 47 293 606
2 13 72
5 18 84 628 788 883
4 131 136 768 848
2 13 90
11 5 131 235 301 415 429 674 871 915 972 978
5 19 152 460 707 850
7 97 109 255 285 421 908 998
5 16 117 510 831 922
7 4 74 227 273 429 519 617
5 9 143 238 618 649
2 0 26
4 4 27 348 669
3 34 73 716
2 44 98
6 3 140 436 448 880 981
5 5 33 193 697 938
3 22 86 795
6 18 107 215 271 398 870
4 0 73 389 898
5 8 14 526 696 988
4 117 127 199 273
6 126 150 260 457 916 983
5 15 100 375 523 809
4 5 125 236 782
2 3 153
2 4 152
2 9 26
13 6 125 213 288 343 363 388 389 535 539 609 787 803
2 18 39
4 8 108 201 643
2 26 151
3 74 91 254
3 6 94 969
7 4 122 316 318 413 635 987
2 5 15
3 124 173 382
6 0 13 295 486 574 624
3 130 137 889
8 26 128 244 295 313 467 565 648
5 2 4 421 483 569
9 40 131 308 353 436 443 715 876 999
5 23 178 362 748 945
5 31 104 248 600 800
5 0 187 267 350 538
5 127 149 253 632 996
2 31 108
4 18 125 247 865
2 27 98
2 3 97
8 2 33 384 430 664 735 810 862
2 10 131
6 98 99 210 224 403 409
2 48 209
3 105 122 937
7 2 70 221 925 937 956 997
13 25 185 223 241 406 409 645 688 706 765 838 870 926
3 11 40 508
8 14 175 227 277 351 443 494 796
3 6 22 603
3 6 54 399
8 4 52 253 453 501 625 827 913
7 21 44 428 442 477 874 986
5 76 78 305 552 654
3 16 212 921
3 5 22 660
3 123 213 276
2 40 209
3 0 131 973
6 0 13 235 278 635 826
5 166 215 263 368 534
5 33 36 450 573 987
6 55 147 234 357 529 650
4 19 154 338 400
3 63 125 297
5 15 27 246 335 742
3 41 62 538
4 122 229 615 641
3 162 226 896
2 123 181
3 22 71 466
3 151 167 741
2 0 108
5 84 130 286 294 588
2 10 213
3 2 150 616
2 3 104
4 5 196 883 942
5 39 147 361 784 803
4 3 232 407 964
3 40 204 303
8 27 200 380 719 760 771 817 913
9 3 43 266 299 399 574 575 731 762
2 60 127
8 26 57 265 345 438 651 724 778
3 14 111 334
2 202 218
2 9 189
4 44 164 291 303
9 36 133 318 334 356 376 572 724 832
2 0 89
8 5 30 323 476 520 546 622 853
5 51 103 643 905 923
2 129 179
2 0 5
3 26 86 370
6 1 227 375 419 884 936
4 59 111 308 929
7 79 251 297 371 390 446 832
4 86 249 339 481
4 47 201 457 655
6 16 63 666 823 882 903
3 9 26 801
3 25 129 916
7 6 175 359 424 495 504 755
2 3 137
2 166 178
2 0 16
3 20 124 277
3 103 223 664
2 215 275
3 6 226 606
2 84 133
2 63 115
4 70 90 522 681
4 31 102 516 588
4 97 131 699 700
3 0 46 785
2 26 164
4 43 240 408 596
3 0 43 897
3 92 185 619
2 96 127
3 28 137 910
4 30 255 333 502
9 0 2 311 364 451 541 711 862 934
3 55 157 944
2 9 240
6 194 196 314 625 902 927
3 34 134 315
3 231 265 673
2 130 135
6 13 249 337 550 756 907
5 40 107 424 755 904
2 105 162
2 89 98
6 247 255 627 678 705 726
4 51 156 500 970
2 0 220
3 20 71 315
2 5 101
7 198 264 406 589 847 949 980
4 14 27 495 751
5 13 18 383 405 718
2 21 292
2 0 67
3 0 196 613
2 18 295
4 296 306 506 514
5 93 191 319 725 895
3 13 92 733
2 191 256
3 18 316 332
4 4 147 720 986
12 13 125 336 357 520 663 668 775 855 880 882 940
6 4 5 414 455 521 725
4 130 258 356 531
2 0 10
2 10 91
3 8 41 653
4 54 71 353 497
3 0 50 562
3 26 133 410
3 4 50 798
2 6 29
2 112 319
4 15 291 361 924
2 252 256
5 39 232 355 431 713
2 20 321
4 0 299 463 856
6 5 230 411 489 972 982
2 0 266
4 100 116 354 388
3 4 6 850
4 74 131 386 699
2 0 185
4 5 139 419 934
3 57 251 789
2 91 141
2 6 80
4 3 169 812 988
4 7 9 599 783
2 0 201
7 27 215 383 633 739 867 997
5 59 100 714 783 888
2 198 327
4 97 340 670 780
6 81 335 561 567 744 993
6 256 323 441 804 960 995
4 229 321 981 996
2 18 94
2 26 271
7 2 112 367 427 488 530 920
2 245 333
2 44 199
2 100 185
2 65 292
7 109 145 585 617 854 863 910
2 92 124
3 111 360 693
3 64 227 873
4 0 72 657 952
4 73 262 503 696
2 4 265
3 0 30 686
3 19 129 668
3 9 51 923
4 180 263 452 745
2 28 256
2 28 88
5 0 154 485 559 570
6 9 113 400 428 837 863
2 13 248
3 6 51 977
7 45 193 629 639 931 961 963
2 310 351
2 84 207
2 54 55
2 0 342
4 50 51 732 852
2 185 340
4 176 185 596 991
2 139 265
3 5 154 662
7 19 79 398 553 795 871 914
2 3 10
4 114 139 422 797
2 92 142
5 0 68 478 697 790
3 0 3 984
3 175 392 971
4 217 249 726 911
4 230 379 449 951
2 3 51
3 21 88 621
2 11 209
5 8 125 480 490 691
4 6 310 814 868
3 213 308 776
5 59 246 444 525 598
4 73 286 819 929
2 209 213
7 149 329 620 660 813 891 899
2 112 338
2 0 46
3 55 191 738
3 5 322 657
5 92 162 437 673 822
3 90 139 558
2 27 135
3 0 97 806
2 263 344
3 0 106 787
2 164 197
4 86 394 532 897
4 2 122 740 953
3 271 300 602
3 5 18 537
2 29 94
2 11 360
2 219 379
2 162 166
2 99 207
2 0 335
2 8 22
2 99 125
3 100 131 590
2 1 13
3 172 198 544
2 127 415
4 0 251 537 782
4 0 21 792 793
3 98 117 645
3 44 356 489
3 102 219 623
4 198 215 678 687
3 69 407 509
3 0 94 752
3 45 265 901
5 0 135 658 739 773
2 8 172
2 46 400
2 73 228
2 65 292
3 57 375 499
9 33 218 509 525 742 746 785 786 967
3 0 133 767
5 8 322 549 710 797
4 63 69 595 748
2 179 267
2 22 146
2 100 137
2 77 163
2 119 126
2 19 128
5 156 337 576 756 915
2 4 76
2 3 121
2 130 237
2 97 196
2 51 55
3 8 59 508
4 65 134 680 698
5 63 124 642 659 950
3 27 72 644
3 5 138 836
4 18 39 569 771
4 66 124 511 900
3 106 258 781
5 129 219 486 499 612
3 52 396 636
2 4 13
3 138 404 628
2 30 266
2 3 8
2 10 197
2 102 143
3 19 378 759
3 194 477 691
2 26 63
2 48 360
2 338 441
2 66 404
3 22 127 740
2 54 59
2 25 73
2 94 215
2 271 309
2 24 52
2 139 327
3 24 47 553
3 452 477 969
2 6 304
3 76 218 536
6 114 291 613 649 690 722
3 26 370 885
4 3 271 845 877
2 113 143
3 26 315 516
3 8 11 713
2 214 469
2 444 453
2 73 165
2 63 475
5 36 112 552 661 821
3 5 98 624
2 27 315
2 0 141
2 282 506
4 26 115 564 992
2 0 14
2 22 166
3 258 321 729
4 61 322 692 829
3 69 281 544
3 13 180 636
2 47 68
3 407 453 597
3 59 177 747
2 27 146
2 6 66
4 2 229 562 705
3 6 360 681
2 139 323
5 47 422 599 607 765
2 5 73
2 97 227
2 4 185
2 98 501
2 425 438
2 201 233
2 39 185
2 5 81
2 5 292
2 40 135
2 55 124
2 436 522
3 46 137 621
2 156 258
4 31 114 774 786
3 4 92 777
2 40 455
2 87 299
4 8 129 583 890
3 220 512 861
4 392 498 694 881
6 0 21 563 626 776 788
5 22 29 685 845 967
2 108 137
2 18 129
2 7 416
3 50 378 566
3 43 91 965
2 26 355
2 328 529
2 0 554
3 68 517 955
2 26 196
2 32 559
2 26 355
3 3 8 867
2 197 474
2 25 378
5 98 134 638 766 793
2 4 256
2 94 228
3 194 249 914
2 101 249
2 33 463
2 19 76
2 24 152
2 0 21
2 13 133
3 4 8 584
2 30 86
5 71 551 750 894 975
2 136 581
3 84 365 600
3 5 84 772
2 1 119
4 240 282 591 873
5 102 308 614 647 811
2 6 434
2 108 588
3 21 99 712
4 2 84 646 823
3 37 73 652
2 22 456
2 286 389
3 97 525 796
3 32 407 829
2 349 532
3 200 585 875
2 9 114
2 11 424
2 109 216
2 8 19
3 1 26 855
2 157 278
2 64 532
2 0 8
2 53 185
2 2 124
2 5 86
3 122 477 734
2 313 502
3 2 589 872
4 127 234 654 686
2 73 242
2 166 365
2 54 167
2 135 288
2 6 410
2 402 545
3 20 258 924
2 140 442
3 194 513 851
4 218 295 715 957
2 112 554
4 63 303 704 849
2 159 480
2 3 382
2 30 44
2 8 125
2 135 202
2 80 351
2 61 94
3 191 226 733
2 478 523
2 66 87
2 96 571
3 61 382 837
2 27 64
2 2 234
2 115 471
3 187 259 959
2 92 472
3 213 440 918
3 23 593 844
2 10 589
2 105 196
3 167 502 717
2 139 229
2 87 251
2 103 594
2 96 326
3 220 615 865
2 69 267
2 74 134
2 369 414
3 127 447 730
3 65 471 818
2 222 410
2 140 512
3 47 391 693
2 151 321
2 207 276
2 5 137
2 153 268
2 68 146
3 321 373 945
4 107 169 757 767
2 0 354
3 2 13 708
2 6 16
2 297 415
3 60 162 675
4 2 674 846 976
2 8 116
4 27 71 818 909
2 303 443
3 6 26 831
2 108 470
2 281 530
2 26 42
2 56 148
2 8 22
3 90 555 736
3 372 615 695
2 59 443
2 134 213
2 5 26
3 8 502 768
3 404 486 860
2 6 521
2 367 662
2 101 553
7 53 686 810 828 851 857 951
2 177 370
2 173 396
2 42 470
6 283 342 706 778 859 879
3 6 283 830
2 5 61
2 25 120
2 32 52
2 43 627
3 303 529 926
2 213 699
2 86 163
2 139 671
3 71 134 939
2 100 455
4 26 292 840 939
2 53 592
3 335 507 893
3 104 352 847
4 198 625 948 976
3 59 170 723
2 5 649
3 122 310 794
2 20 248
2 25 320
3 44 125 922
2 152 502
2 71 716
2 251 256
3 316 322 839
2 303 399
2 0 134
2 115 117
2 122 520
3 27 658 808
2 27 249
2 92 387
3 317 635 868
2 33 612
2 84 207
2 2 685
3 8 136 846
2 21 413
3 351 447 928
2 423 491
3 6 238 874
2 232 453
2 89 145
2 47 355
2 97 375
2 5 453
2 122 526
2 199 456
5 108 139 809 826 933
3 71 583 835
2 125 309
2 136 445
2 4 39
2 107 155
2 271 300
3 299 463 901
2 5 669
3 35 59 917
3 41 485 943
2 26 248
2 33 116
3 97 249 824
2 0 73
2 0 42
2 213 532
2 57 571
2 454 669
2 160 690
3 41 140 887
3 100 114 932
2 248 474
2 0 586
2 61 447
2 69 547
2 21 321
2 406 554
4 59 548 802 968
2 251 699
2 30 50
3 44 354 840
2 89 476
2 181 438
2 349 352
2 59 245
2 284 453
2 453 547
2 185 420
2 159 554
2 42 345
2 96 396
3 6 111 904
4 71 439 973 989
2 439 571
2 123 718
2 174 392
3 215 597 854
3 394 455 946
2 112 330
2 13 26
2 141 200
2 153 269
2 13 777
2 185 245
2 14 356
2 130 150
2 0 418
3 87 125 920
2 136 730
2 180 749
4 207 695 817 991
2 70 589
2 4 348
3 5 410 814
2 405 813
2 0 21
2 64 133
2 248 810
2 659 677
2 90 408
2 21 121
2 3 512
3 76 415 849
2 268 593
2 22 762
2 84 132
2 226 749
2 135 218
2 73 695
2 521 598
3 135 700 860
3 165 679 958
2 256 265
2 5 51
2 8 18
2 0 750
2 6 473
2 379 639
2 17 213
2 135 725
2 711 780
2 25 26
2 13 29
2 0 108
2 130 646
3 504 555 852
3 675 737 936
2 308 714
2 47 160
3 627 822 885
2 163 341
3 624 695 959
2 387 845
2 70 258
2 365 796
2 321 605
3 5 337 884
2 111 695
2 17 23
3 65 699 989
2 691 830
2 73 552
2 207 292
2 365 379
2 0 138
2 204 654
2 53 111
2 351 568
2 405 733
3 125 152 900
2 175 213
2 162 392
2 63 614
2 368 588
2 219 741
2 41 600
2 156 198
2 6 504
2 13 18
2 51 699
2 172 321
3 60 553 930
3 268 321 954
2 159 244
2 263 856
2 503 849
2 25 63
2 127 769
2 1 352
2 109 195
2 32 551
2 139 410
2 8 9
2 115 713
2 94 583
2 20 316
3 127 235 902
2 287 422
2 3 176
2 107 410
2 475 869
2 446 756
2 295 896
2 0 268
2 300 791
3 98 259 948
2 5 18
2 152 299
2 0 164
4 8 677 927 952
2 290 365
2 22 399
2 7 92
2 218 248
2 392 574
2 162 463
2 179 270
2 0 758
2 5 645
2 7 84
2 360 807
2 40 221
2 165 721
2 259 374
2 333 622
3 59 212 978
3 213 705 993
2 295 909
2 2 739
2 264 408
2 134 881
2 136 382
2 0 770
2 100 749
2 292 344
2 59 90
2 263 846
3 211 212 942
2 19 173
2 709 711
2 40 321
2 0 7
2 244 937
2 112 759
2 63 293
2 199 668
2 11 797
2 37 125
2 715 905
2 94 308
2 8 471
2 400 695
2 369 909
2 82 423
2 20 882
2 0 564
2 78 212
2 70 625
2 6 831
2 643 851
2 33 356
2 19 382
2 18 27
2 5 382
2 44 246
2 44 560
2 79 82
2 453 555
2 38 777
2 190 499
2 33 304
2 5 398
2 162 338
2 225 792
2 18 55
2 44 583
2 675 715
2 125 381
2 162 925
2 0 22
2 34 308
2 172 357
2 129 338
3 28 179 985
2 7 397
2 103 983
2 219 320
2 191 228
2 177 348
2 792 859
2 7 109
2 389 810
2 42 517
2 355 926
2 47 66
2 129 356
2 202 357
2 212 351
2 3 164
2 8 198
