200
16 1 2 3 5 6 13 15 17 26 30 46 63 88 112 124 148
12 0 4 7 8 14 17 34 38 45 52 66 76
12 0 7 9 12 32 35 40 41 70 92 93 131
7 0 10 28 51 105 152 188
9 1 11 48 56 61 79 85 139 188
2 0 39
7 0 23 31 47 53 63 177
6 1 2 13 27 46 68
5 1 9 19 59 133
5 2 8 12 18 51
6 3 16 26 29 71 104
4 4 40 132 180
2 2 9
4 0 7 18 162
10 1 37 52 61 64 78 85 122 158 168
8 0 21 22 28 43 73 77 164
4 10 87 144 173
3 0 1 65
5 9 13 25 134 138
5 8 20 22 30 57
5 129 19 21 23 75
4 15 20 29 42
10 15 19 27 58 71 80 144 174 194 197
4 6 130 20 32
1 81
5 18 33 69 102 140
3 0 10 102
7 7 22 44 78 96 113 170
10 3 15 83 97 106 151 161 172 175 190
8 125 10 21 34 36 50 145 171
5 0 19 33 47 143
2 6 117
4 2 23 43 111
6 25 30 37 42 120 179
5 1 29 36 84 195
1 2
4 29 34 53 150
10 127 14 33 137 55 66 86 98 167 169
5 1 128 135 58 189
3 5 65 159
3 2 11 41
4 2 40 44 83
4 21 33 139 121
2 15 32
2 27 41
1 1
4 0 7 108 147
5 6 133 30 82 115
3 4 135 157
1 178
1 29
2 3 9
3 1 14 74
2 6 36
2 107 198
2 37 80
2 4 140
2 19 161
2 22 38
2 8 68
1 101
2 4 14
1 79
5 0 6 136 89 116
2 14 89
3 17 39 77
2 1 37
1 190
6 7 59 72 110 118 176
2 25 103
5 2 142 114 120 181
5 10 22 109 115 199
2 127 68
3 15 166 76
1 52
3 20 99 175
4 1 73 106 194
3 15 65 168
5 14 27 146 84 96
2 4 62
4 22 55 87 90
2 24 189
1 47
3 28 41 91
2 34 78
2 4 14
2 37 155
4 16 80 94 121
2 0 158
4 142 63 64 191
4 143 149 163 80
2 83 184
3 2 162 199
2 2 125
2 87 99
1 98
2 27 78
3 28 159 187
4 37 148 174 95
2 75 94
1 122
3 60 167 113
2 25 26
2 163 69
2 10 141
3 3 153 117
5 126 28 138 76 111
3 54 179 108
2 46 107
1 71
3 149 151 68
3 32 106 123
4 0 147 165 171
3 27 101 119
5 126 70 166 123 196
4 47 71 116 119
3 153 63 115
2 31 105
1 68
2 113 115
3 128 33 70
3 42 152 87
3 14 100 186
2 111 114
1 0
4 93 29 154 182
3 114 106 137
2 37 72
2 38 120
1 20
2 23 141
2 2 172
3 11 150 196
2 8 47
1 18
3 38 48 170
1 63
3 126 37 176
3 18 106 182
2 4 42
2 25 56
2 130 104
3 70 89 160
4 30 90 156 185
2 16 22
1 29
1 78
3 46 112 164
2 0 98
2 110 90
2 132 36
2 28 110
2 3 121
2 105 116
1 125
1 86
1 143
2 48 192
4 14 88 183 192
3 39 97 184
2 142 193
2 28 57
2 13 92
2 103 90
3 15 147 178
1 112
2 73 114
2 37 101
2 14 77
2 37 180
2 27 135
2 29 112
3 131 28 177
1 16
3 22 98 183
2 28 75
2 137 68
2 6 172
2 49 164
3 33 107 185
2 11 169
1 70
2 125 138
2 158 174
2 159 91
3 143 179 186
2 185 122
1 97
2 3 4
3 38 81 193
3 28 67 198
1 89
2 157 158
2 160 189
2 22 76
1 34
2 132 114
1 22
2 54 190
2 71 92
