600
50 1 2 3 4 5 6 8 10 22 24 27 42 52 60 74 97 98 100 103 104 124 126 155 175 182 195 208 214 220 222 235 249 252 264 277 280 281 291 292 324 325 351 356 365 472 497 517 524 560 571
21 0 2 3 24 34 40 60 68 76 79 101 113 152 160 163 208 242 375 386 455 568
24 0 1 7 11 14 15 21 23 27 33 48 79 80 93 101 122 137 184 186 189 234 261 507 599
25 0 1 4 5 11 16 17 20 56 63 87 91 119 134 144 152 168 230 248 299 336 345 367 466 502
37 0 3 6 9 12 14 19 23 26 40 41 46 50 51 57 61 63 64 70 74 75 82 95 105 125 138 149 172 196 228 323 335 426 461 468 503 585
29 0 3 7 8 9 10 15 18 32 51 53 58 65 69 77 84 145 166 167 201 202 230 233 270 332 419 423 489 581
22 0 4 18 37 42 44 49 58 65 81 112 120 140 147 221 269 319 348 367 397 422 427
8 2 5 19 44 59 133 253 381
8 0 5 72 85 220 261 307 407
6 4 5 13 268 319 382
19 0 5 16 25 29 39 54 70 106 109 127 129 175 216 218 254 328 366 523
14 2 3 12 13 22 31 47 53 104 140 165 191 325 495
6 4 11 64 143 149 225
6 9 11 43 132 171 419
4 2 4 519 535
16 2 5 17 30 32 33 45 80 96 128 139 146 158 216 217 303
11 3 10 55 77 107 130 178 250 260 308 363
9 3 15 20 28 120 227 391 445 578
12 5 6 21 26 72 169 267 351 365 374 456 479
9 4 7 86 87 109 166 172 352 376
7 3 17 36 66 153 406 535
10 2 18 30 36 43 89 98 313 314 364
8 0 11 28 164 312 360 435 522
18 2 4 25 29 31 78 95 117 118 122 223 358 383 423 426 439 470 522
13 0 1 35 38 49 102 134 159 188 236 279 451 452
6 10 23 48 83 352 523
4 4 18 196 249
5 0 2 154 157 344
8 17 22 46 88 357 378 436 554
9 10 23 37 138 160 176 295 454 471
10 15 21 34 38 52 67 90 116 135 590
4 11 23 45 82
5 5 15 176 194 322
2 2 15
12 1 30 35 39 55 92 146 185 226 303 339 466
11 24 34 94 110 174 187 211 340 346 563 573
8 20 21 117 179 221 469 474 546
7 6 29 85 114 189 205 355
10 24 30 47 136 169 193 446 482 583 587
9 10 34 50 56 57 107 277 293 342
12 1 4 66 73 75 99 103 200 314 329 334 416
3 4 162 310
7 0 6 61 81 222 257 354
5 13 21 197 257 547
7 6 7 125 168 306 313 436
6 15 31 384 431 440 541
5 4 28 62 167 389
3 11 38 294
2 2 25
10 6 24 108 198 237 272 331 443 481 566
6 4 39 92 190 421 548
3 4 5 179
10 0 30 62 68 106 115 203 296 302 395
5 5 11 89 245 536
3 10 332 402
4 16 34 264 329
6 3 39 290 296 327 478
8 4 39 124 163 204 501 532 580
6 5 6 368 448 465 490
2 7 127
11 0 1 67 84 135 273 312 321 335 513 538
4 4 42 148 231
11 46 52 78 94 96 112 170 299 316 363 508
5 3 4 76 170 579
4 4 12 233 399
4 5 6 114 239
9 20 40 73 128 183 256 370 375 510
3 30 60 282
4 1 52 347 402
2 5 267
6 4 10 195 212 459 483
4 116 129 204 424
5 8 18 148 232 355
7 40 66 206 263 278 345 404
2 0 4
7 4 40 102 113 126 291 555
2 1 63
5 5 16 207 411 488
7 23 62 131 238 280 301 460
13 1 2 90 121 136 159 161 212 288 323 337 361 559
7 2 15 93 161 284 285 374
12 6 42 105 143 229 237 244 286 297 438 475 572
6 4 31 83 110 362 430
4 25 82 289 372
4 5 60 197 410
7 8 37 86 88 154 184 441
3 19 85 99
5 3 19 91 281 304
8 28 85 97 139 211 418 467 556
9 21 53 147 157 182 353 373 464 524
5 30 79 131 246 553
8 3 87 191 198 247 489 534 541
8 34 50 224 242 276 322 394 574
5 2 80 108 253 318
7 35 62 262 317 344 381 475
4 4 23 203 449
5 15 62 229 422 471
6 0 88 132 141 288 449
3 0 21 435
3 40 86 118
6 0 123 385 444 450 462
5 1 2 173 181 491
5 24 75 111 150 302
11 0 40 111 145 158 218 269 285 397 446 544
11 0 11 115 141 156 190 207 287 387 413 552
2 4 81
7 10 52 250 305 348 592 596
9 16 39 151 183 210 219 300 496 525
4 49 93 231 286
3 10 19 510
6 35 82 194 223 366 505
9 102 103 210 279 292 340 398 512 520
6 6 62 151 297 342 353
7 1 75 121 262 333 409 464
6 37 65 137 392 415 474
5 52 104 232 324 493
3 30 71 263
5 23 36 123 133 318
4 23 99 246 459
1 3
2 6 17
4 79 113 156 275
4 2 23 142 496
7 100 117 130 144 364 447 544
4 0 57 178 252
3 4 44 467
3 0 75 343
2 10 59
5 15 66 396 487 550
2 10 71
4 16 123 298 529
5 78 90 193 560 599
5 13 97 321 515 564
4 7 117 389 408
4 3 24 234 418
3 30 60 443
2 38 79
3 2 114 591
4 4 29 150 433
6 15 88 165 201 265 545
5 6 11 331 432 593
3 97 104 153
1 122
5 12 81 251 328 499
2 3 123
12 5 103 164 206 244 258 259 336 339 384 486 494
2 15 34
4 6 89 155 403
2 61 72
2 4 12
2 102 138
3 107 112 553
4 1 3 307 359
4 20 141 463 575
5 27 85 188 380 493
5 0 147 200 235 338
5 104 121 192 398 597
2 27 89
4 15 103 187 540
2 24 79
6 1 29 256 284 500 539
6 79 80 162 174 268 274
2 41 161
6 1 57 171 566 579 598
9 22 145 173 271 274 405 437 519 545
3 11 139 236
2 5 19
2 5 46
8 3 44 192 295 316 393 512 561
4 18 38 289 305
5 62 63 214 349 412
3 13 163 563
3 4 19 414
2 101 164
2 35 161
6 0 10 180 202 400 511
2 29 32
2 241 409
4 16 124 228 266
3 36 51 338
1 175
1 101
2 0 89
4 66 107 205 371
2 2 85
3 34 243 494
3 2 272 583
3 35 158 213
8 24 154 254 445 470 476 506 561
4 2 37 362 452
2 50 104
2 11 91
2 156 168
3 38 131 213
4 32 110 240 516
2 0 70
8 4 26 219 304 326 343 391 532
4 43 84 403 559
4 49 91 215 569
2 248 516
2 40 155
3 5 139 283
2 5 175
2 52 95
3 57 71 327
4 37 183 273 377
2 73 145
2 77 104
5 0 1 245 439 539
4 217 393 557 567
2 107 111
4 35 88 283 558
2 70 79
3 187 193 395
2 0 170
5 198 271 372 527 590
5 10 15 255 270 444
2 15 209
10 10 103 227 241 326 417 479 533 549 573
4 107 196 240 333
2 0 8
3 6 36 411
2 0 42
3 23 110 275
1 92
3 12 243 565
2 34 239
2 17 218
6 4 178 276 311 586 592
4 81 96 238 258
3 3 5 529
3 61 108 434
2 72 115
2 5 64
4 2 134 502 593
2 0 155
7 24 165 255 399 457 542 598
3 49 81 441
3 78 229 482
3 65 226 358
4 194 219 495 596
4 177 218 591 597
5 1 92 247 310 562
2 185 225
2 81 145
2 53 208
4 90 118 370 388
3 91 242 429
2 3 199
3 0 26 425
3 16 106 417
3 143 294 460
5 0 124 308 354 360
4 7 93 266 518
2 10 188
2 216 236
2 66 160
3 42 43 531
2 145 229
3 145 377 595
3 16 265 350
2 2 8
4 94 113 282 492
2 73 116
5 0 55 306 433 488
3 139 260 585
4 178 253 293 577
3 18 69 390
2 9 161
3 6 103 428
4 5 216 504 543
3 164 215 480
5 49 186 290 330 378
3 60 205 569
2 161 164
5 121 223 414 503 556
2 92 228
2 0 39
4 73 287 420 508
2 24 111
3 0 78 497
3 0 87 486
3 67 262 334
3 201 211 382
2 80 160
2 80 103
2 81 108
2 104 278
3 79 97 405
3 83 169 392
3 56 272 320
2 0 75
5 0 111 413 457 477
2 39 266
3 47 251 315
8 29 168 320 330 458 461 484 485
4 52 56 376 463
2 81 112
1 130
2 3 62
1 107
1 78
2 52 102
4 15 34 359 476
3 87 196 483
5 106 169 309 315 385
3 44 264 401
2 8 152
3 16 252 469
2 305 428
2 41 242
1 228
2 22 60
2 21 44
3 21 40 350
3 294 305 584
3 62 168 337
4 94 408 427 447
2 93 117
2 6 9
2 290 295
2 60 132
5 32 92 349 415 507
2 4 79
2 0 115
2 0 11
3 196 218 450
3 56 204 341
3 10 143 401
2 40 55
2 272 295
3 49 140 462
2 5 54
2 113 219
3 40 282 379
2 4 60
2 3 145
2 79 316
2 155 179
2 34 145
2 35 111
1 327
3 39 112 390
2 126 196
4 27 94 478 485
3 3 73 481
1 35
1 68
4 6 106 368 554
3 170 322 538
4 260 314 430 548
6 0 18 356 394 480 487
4 19 25 424 526
2 89 112
3 42 252 357
2 37 72
2 0 351
2 28 354
2 23 239
2 152 303
2 22 252
1 79
2 82 189
2 16 62
2 21 123
2 0 18
2 10 110
3 3 6 369
5 58 348 465 555 587
1 367
3 66 246 380
2 183 373
5 83 215 386 407 501
2 89 371
3 18 80 440
4 1 66 406 509
2 19 296
2 205 259
3 28 272 514
1 334
3 154 370 546
2 7 94
2 9 283
2 23 533
2 45 145
3 100 305 454
2 1 372
3 104 412 425
1 246
2 46 133
2 267 342
3 17 196 565
2 114 289
4 168 209 442 580
2 92 351
3 52 213 528
1 128
2 6 103
2 111 156
2 64 236
2 175 453
2 306 328
2 54 68
3 147 197 582
1 73
2 164 288
3 20 375 525
2 8 372
2 133 317
2 113 177
1 84
2 77 221
3 170 387 540
3 104 292 451
2 172 275
2 114 322
2 40 429
3 218 250 575
3 88 134 468
2 5 13
1 278
1 50
2 6 96
3 5 23 515
3 71 352 455
3 249 387 431
2 4 23
3 6 317 473
3 269 309 537
2 247 416
2 82 350
7 45 425 500 513 530 534 577
1 140
2 138 264
4 231 437 536 547
2 22 98
2 28 44
2 164 434
1 81
3 23 208 521
2 45 374
3 85 237 527
3 393 576 588
3 49 135 448
3 100 216 491
2 17 188
3 38 103 564
2 123 317
2 58 443
2 95 97
2 100 326
3 24 413 498
2 24 189
2 400 543
2 29 385
2 1 424
1 18
3 236 292 568
1 295
2 70 118
2 78 251
2 4 295
2 100 331
2 153 296
5 89 113 499 511 572
3 58 368 517
2 3 34
2 88 125
2 4 418
3 36 308 574
2 23 188
2 29 96
1 0
1 427
3 36 114 552
3 81 94 571
2 188 303
1 292
2 56 344
2 18 218
2 271 351
2 49 345
3 38 238 521
2 70 304
1 295
2 295 344
2 145 281
2 128 351
2 77 264
3 5 91 558
2 58 594
2 101 444
1 262
2 115 154
2 145 185
2 11 240
2 107 122
2 0 280
1 451
2 143 464
4 160 431 506 595
2 57 372
2 3 234
3 4 275 504
2 270 503
1 110
2 188 500
2 2 322
3 62 278 528
1 375
2 66 109
2 175 464
2 111 168
2 60 431
1 378
3 132 423 581
2 194 199
2 0 465
1 253
2 14 164
1 111
2 439 482
2 22 23
2 10 25
2 0 89
2 107 406
2 352 531
2 215 441
3 395 508 551
2 130 230
2 431 582
2 257 526
2 57 196
2 218 383
2 91 431
2 14 20
3 53 434 594
1 428
2 60 349
2 160 208
2 158 412
2 45 91
1 236
2 270 453
2 103 123
2 139 164
2 36 380
2 43 434
3 50 350 570
2 218 578
1 128
1 528
2 104 474
2 90 151
2 28 348
2 75 368
2 88 275
1 209
2 211 489
3 79 197 576
2 0 131
2 168 188
1 242
2 35 171
2 132 446
2 225 391
3 49 163 589
1 209
2 1 457
2 198 273
1 548
2 0 475
2 81 464
2 35 218
2 92 469
2 153 417
2 442 559
2 266 431
2 17 549
2 63 163
2 57 393
2 5 515
2 403 530
2 38 186
1 315
2 4 265
1 228
2 38 368
1 442
1 566
2 30 215
2 137 241
2 106 228
2 140 234
2 490 536
2 259 500
2 106 240
2 156 241
2 163 236
2 2 131
