1000
51 1 2 3 7 11 14 16 17 26 28 38 54 60 79 86 90 97 113 135 136 140 152 172 190 202 203 246 253 255 260 271 276 278 295 313 328 421 432 440 459 488 491 574 598 602 618 621 834 878 903 962
40 0 3 4 5 6 8 9 10 11 16 27 53 70 75 87 94 95 114 154 160 171 229 320 322 335 412 419 420 424 453 474 554 616 619 670 692 745 806 875 877
12 0 12 15 24 105 116 508 576 591 763 770 918
38 0 1 4 6 8 23 34 41 42 44 48 50 59 61 84 100 104 109 124 139 148 245 252 262 287 402 477 583 611 673 691 699 704 736 745 835 899 939
48 1 3 5 10 12 14 25 32 46 56 57 64 101 111 122 134 148 151 166 170 182 199 205 211 233 254 270 274 277 280 330 333 372 394 431 433 631 661 675 699 753 760 761 843 846 899 908 918
15 1 4 19 38 51 103 155 212 233 302 379 393 555 616 849
27 1 3 7 13 18 21 65 81 125 128 131 145 207 293 342 344 347 522 570 624 669 715 751 759 769 857 906
12 0 6 15 22 104 345 349 384 553 845 917 975
27 1 3 9 13 17 27 36 62 77 195 228 235 245 250 259 279 301 304 311 312 332 502 509 519 542 686 889
8 1 8 20 67 138 294 523 791
12 1 4 21 33 63 81 88 227 269 485 507 709
12 0 1 22 46 50 120 157 225 377 637 723 963
30 2 4 19 29 31 33 57 69 71 144 163 187 222 227 262 264 291 324 376 392 455 521 541 544 746 783 877 910 929 952
4 6 8 86 672
16 0 4 35 37 47 58 98 161 185 310 434 512 636 685 752 938
22 2 7 18 26 32 54 63 91 181 189 217 320 348 355 483 528 607 614 724 809 888 960
2 0 1
14 0 8 20 78 99 191 215 250 271 370 532 548 584 821
16 6 15 24 96 107 145 147 167 170 179 362 437 496 568 646 795
30 5 12 30 39 52 84 91 92 117 175 191 199 200 231 246 266 283 286 287 291 386 390 529 543 575 585 639 798 875 916
29 9 17 30 40 41 52 55 66 75 82 85 87 130 194 311 329 338 350 351 417 502 520 597 612 694 741 776 958 999
19 6 10 23 36 37 128 146 214 220 367 397 460 594 600 631 640 659 720 838
34 7 11 25 31 35 47 48 61 112 113 116 197 219 241 251 295 299 347 401 428 446 455 462 467 488 580 593 610 676 796 859 862 924 990
19 3 21 34 43 177 181 190 244 257 317 368 403 436 687 734 755 791 814 820
8 2 18 163 292 406 580 723 747
13 4 22 39 45 154 241 289 358 369 694 774 823 848
29 0 15 28 29 40 82 85 90 140 144 159 212 309 354 389 393 404 605 622 711 715 716 837 847 854 894 931 942 970
4 1 8 110 525
12 0 26 68 106 124 165 200 218 641 688 770 810
5 12 26 100 606 644
5 19 20 177 468 902
5 12 22 501 593 977
30 4 15 42 60 64 68 74 167 178 204 237 238 247 260 335 444 493 604 663 664 680 681 683 750 800 842 913 929 930 962
18 10 12 45 49 56 66 74 150 201 357 415 503 511 528 655 735 737 975
6 3 23 121 419 486 682
15 14 22 43 102 135 164 193 219 297 476 742 782 785 798 980
7 8 21 176 547 606 622 792
24 14 21 53 79 80 99 114 119 222 226 238 258 261 300 305 308 438 483 567 676 729 750 825 993
10 0 5 111 184 249 303 408 583 841 941
8 19 25 44 51 383 635 680 814
8 20 26 209 224 235 248 765 990
15 3 20 133 159 169 188 248 298 410 425 507 627 650 896 967
4 3 32 115 831
22 23 35 62 78 102 103 132 137 141 147 185 332 334 351 361 385 422 517 820 853 940 982
11 3 39 49 121 125 220 266 646 749 819 933
7 25 33 142 284 440 458 842
10 4 11 83 93 106 123 178 342 550 799
7 14 22 83 105 187 516 683
16 3 22 76 118 133 196 204 236 239 352 378 382 411 493 563 981
7 33 44 76 234 239 772 948
3 3 11 286
4 5 39 96 451
6 19 20 196 281 586 994
16 1 37 69 71 109 122 136 153 156 236 309 451 457 489 515 575
17 0 15 55 72 110 127 142 314 333 339 365 409 416 420 752 757 866
6 20 54 201 599 739 780
14 4 33 58 73 354 380 396 463 519 731 887 892 895 901
21 4 12 59 67 97 131 168 179 180 192 205 230 240 283 285 441 482 588 600 771 801
6 14 56 72 298 462 506
15 3 57 65 80 92 108 112 172 182 413 426 556 665 721 826
9 0 32 94 129 150 158 456 693 852
11 3 22 88 164 251 437 551 592 684 734 890
12 8 43 70 161 377 467 495 533 582 634 660 716
7 10 15 232 453 668 895 926
4 4 32 939 999
2 6 59
3 20 33 73
2 9 57
2 28 32
10 12 53 77 255 360 384 398 697 888 921
5 1 62 331 418 863
3 12 53 595
12 54 58 89 115 166 186 268 296 334 383 768 805
9 56 66 198 265 302 447 620 638 817
5 32 33 98 101 812
6 1 20 89 452 950 991
15 48 49 123 126 134 265 303 318 353 430 645 662 681 682 907
13 8 69 156 171 183 186 208 277 470 480 497 562 853
3 17 43 874
8 0 37 93 240 254 423 701 868
9 37 59 149 151 158 217 228 541 637
3 6 10 327
4 20 26 184 436
4 46 47 327 786
9 3 19 129 209 258 282 341 490 953
8 20 26 130 269 284 401 651 800
3 0 13 439
6 1 20 173 253 321 866
7 10 61 153 211 279 548 577
5 72 75 143 263 508
3 0 26 95
7 15 19 119 306 308 329 435
3 19 59 330
3 46 79 344
5 1 60 322 514 851
11 1 90 221 263 363 542 550 638 656 749 882
3 18 51 473
7 0 57 107 175 244 644 843
5 14 74 373 400 566
9 17 37 176 231 356 392 633 803 898
6 3 29 152 162 578 626
7 4 74 108 237 381 537 728
3 35 43 118
5 5 43 162 195 272
4 3 7 397 996
3 2 47 310
2 28 46
8 18 97 120 132 346 369 382 831
4 59 101 189 232
16 3 53 192 306 323 328 391 463 537 572 586 678 793 815 902 992
9 27 54 138 143 146 165 218 275 325
7 4 38 126 352 418 487 587
5 22 59 117 454 832
5 0 22 206 321 992
8 1 37 127 336 481 482 592 969
6 42 72 267 601 911 989
3 2 22 296
17 19 112 155 173 207 259 261 267 315 364 407 533 647 872 919 955 984
3 48 102 197
7 37 91 180 359 545 642 909
2 11 107
4 34 44 464 942
3 4 53 808
8 46 76 203 439 448 790 834 934
8 3 28 188 208 216 317 323 391
8 6 44 137 288 427 789 869 874
2 76 111
4 54 114 307 714
2 6 21
2 60 84
3 20 85 275
3 6 57 270
5 43 107 561 689 729
5 41 48 430 565 757
7 4 76 282 326 400 567 740
4 0 35 242 247
4 0 53 314 690
10 43 125 249 278 294 373 501 538 741 788
5 9 110 139 340 609
12 3 138 157 290 315 421 473 552 695 818 881 923
9 0 26 141 149 174 297 375 495 925
5 43 140 210 472 589
6 45 54 223 366 558 617
13 89 110 183 213 305 319 410 414 510 656 733 966 968
6 12 26 403 590 768 867
6 6 18 424 654 709 844
2 21 110
11 18 43 226 257 285 290 457 564 570 713 940
7 3 4 193 194 210 747 976
3 80 140 878
6 33 60 348 442 458 761
3 4 80 494
3 0 100 558
3 53 88 927
5 1 25 160 469 478
8 5 117 169 223 292 475 758 833
4 53 77 264 673
7 11 139 168 374 549 571 797
5 60 80 504 599 629
4 26 41 206 300
3 1 154 490
4 14 62 214 574
10 100 103 213 337 340 520 535 698 784 922
7 12 24 256 367 413 499 671
3 35 61 521
4 28 110 445 886
7 4 72 363 573 603 678 837
3 18 32 703
6 57 157 425 498 767 775
6 41 155 268 362 371 748
4 4 18 484 897
3 1 77 174
8 0 59 312 331 402 649 722 829
3 87 117 252
3 140 171 512
4 19 97 579 803
2 36 99
9 23 30 229 256 429 447 576 809 901
3 32 46 198
4 18 57 316 758
2 57 119
4 15 23 274 954
2 4 59
6 77 143 225 316 500 648
3 38 82 224
3 14 43 799
5 72 77 518 732 916
2 12 47
3 41 124 854
2 15 108
4 0 23 594 640
2 17 19
7 57 109 215 221 336 475 766
5 35 148 630 671 719
3 20 148 243
3 8 103 337
3 48 52 670
4 22 118 202 272
2 73 178
2 4 19
3 19 28 293
5 33 55 587 805 986
3 0 197 339
3 0 123 532
3 32 48 386
2 4 57
7 113 159 216 234 276 722 947
5 6 117 379 585 907
3 77 124 517
5 40 84 357 428 838
3 141 148 767
5 4 88 769 836 996
9 5 26 343 412 443 658 807 880 952
3 143 162 967
4 21 161 230 686
3 17 192 818
3 124 206 404
7 15 80 318 666 692 941 973
2 28 110
3 22 35 242
4 21 44 553 677
5 95 192 299 714 913
3 12 37 539
4 142 155 325 628
3 40 184 650
5 11 183 717 720 840
12 37 147 319 396 399 435 478 500 667 773 790 830
4 10 12 571 890
3 8 80 608
3 1 177 763
3 57 214 415
8 19 99 273 349 465 529 543 969
2 63 108
4 4 5 470 663
7 49 206 243 280 516 812 879
9 8 40 307 345 356 388 422 484 597
3 48 53 489
8 32 101 376 461 469 479 796 862
3 32 37 627
2 48 49
6 57 79 313 326 452 705
4 22 25 547 802
3 135 219 368
4 194 234 427 480
3 23 97 341
3 3 8 324
3 0 19 959
2 32 135
8 40 41 381 426 471 540 591 625
3 38 137 432
3 8 17 900
2 22 61
3 3 173 885
6 0 87 288 304 441 506
4 4 79 289 471
7 0 69 361 465 645 822 894
2 163 177
8 23 147 353 408 464 603 825 944
3 37 84 273
2 8 117
2 0 32
2 37 117
3 3 12 966
6 89 95 364 479 559 618
4 12 156 868 976
3 73 76 955
2 19 44
3 115 117 374
3 72 169 281
2 10 85
2 4 131
4 0 17 847 859
3 103 197 350
3 231 258 395
8 4 181 477 605 819 945 949 951
3 110 130 395
9 0 206 405 433 442 450 675 946 977
3 4 77 987
11 0 137 358 492 504 563 647 701 776 822 934
3 8 88 608
6 4 234 445 559 561 910
2 52 268
4 84 134 366 431
2 19 57
2 45 85
2 57 147
2 19 50
3 3 19 884
3 125 253 801
6 25 254 579 711 832 958
9 139 147 301 399 595 617 743 762 829
2 12 19
2 24 155
2 6 200
5 9 137 481 765 919
2 0 22
2 72 116
2 35 140
10 41 58 372 405 526 581 610 632 788 928
2 22 221
3 37 159 858
3 8 290 498
5 5 73 355 459 695
4 38 76 531 687
5 8 253 423 466 781
3 37 143 813
2 91 109
3 127 235 526
3 37 91 717
4 26 53 725 731
4 14 105 398 613
4 8 20 380 527
4 8 172 414 755
3 0 240 735
3 54 136 338
3 117 139 813
3 179 183 826
3 23 124 365
2 76 217
3 143 226 346
3 1 15 387
5 87 113 411 497 703
4 1 94 524 633
4 109 124 454 632
2 12 245
2 110 223
3 134 240 995
3 81 83 943
5 0 109 503 535 611
2 20 91
4 4 92 343 674
4 70 172 657 873
6 8 43 409 653 665 971
4 4 54 371 810
2 43 72
6 1 32 407 416 596 905
4 114 192 496 621
6 162 195 492 588 924 960
6 20 314 387 904 956 972
4 54 202 696 744
2 138 162
5 84 244 494 573 705
6 6 46 385 552 662 693
4 212 330 505 858
4 6 93 389 817
3 7 235 510
8 107 319 359 491 712 821 841 883
3 6 22 604
5 15 150 449 536 626
2 7 231
5 20 272 554 655 882
3 20 43 538
2 48 111
3 76 257 893
10 26 56 370 375 388 390 487 509 527 725
4 15 302 726 764
4 99 235 666 985
3 33 209 568
2 25 278
5 119 346 360 511 629
2 69 359
6 43 255 378 466 565 921
4 18 169 450 660
3 95 166 557
4 117 263 737 876
7 54 317 438 581 584 615 946
5 142 282 443 560 739
4 21 163 830 961
4 23 242 444 446
3 25 107 485
5 17 354 566 740 972
2 169 333
3 4 298 965
3 98 137 971
3 157 267 721
4 140 354 630 641
4 12 237 648 949
3 11 62 697
3 48 361 997
3 5 207 839
2 56 311
2 101 248
4 48 107 394 691
3 39 72 417
3 7 69 935
8 43 342 707 710 760 804 816 856
4 19 204 727 807
2 320 338
3 235 354 406
2 26 344
4 19 354 461 920
3 109 124 456
7 12 99 474 514 560 726 997
7 5 26 546 562 609 615 840
2 4 382
2 273 275
3 56 226 564
2 21 104
3 69 310 964
2 226 290
4 98 134 628 639
5 22 85 513 596 689
3 3 172 706
4 23 144 779 794
2 26 216
2 276 298
2 24 388
5 117 335 468 476 892
4 38 257 546 905
3 54 332 811
3 41 143 855
3 48 321 702
3 1 212 746
2 59 163
3 143 312 938
3 33 230 525
2 54 335
2 20 383
4 70 111 530 943
7 1 34 434 486 522 534 555
3 1 54 539
3 0 139 623
3 43 235 970
4 79 304 524 704
5 1 145 679 710 957
2 41 168
4 59 248 764 815
4 125 243 429 751
2 22 209
4 177 427 612 698
4 76 133 531 569
3 4 282 460
4 0 249 472 844
2 4 276
4 14 419 499 951
3 91 226 707
2 23 82
4 18 61 669 889
3 37 365 993
2 86 123
4 0 45 756 786
6 57 253 513 828 871 912
3 150 276 713
2 212 366
5 32 368 448 674 995
2 165 280
4 22 368 700 742
4 73 177 449 930
3 123 444 625
2 348 447
2 276 362
4 51 53 582 614
4 75 240 696 804
2 1 63
2 112 323
2 12 22
2 60 391
3 53 147 982
2 45 150
3 0 302 883
5 21 431 806 908 914
5 237 390 658 718 964
4 22 58 777 833
2 56 109
2 121 257
2 231 255
3 304 361 549
4 22 62 536 881
2 30 407
3 154 237 684
3 77 233 789
3 248 254 623
2 141 432
2 96 139
3 1 392 651
4 155 192 652 860
2 35 407
2 3 274
3 154 226 987
3 237 263 917
2 77 243
3 114 294 515
3 57 114 771
4 15 37 602 744
4 170 235 679 732
3 10 369 690
2 34 419
2 111 354
2 0 22
3 53 236 754
3 84 160 654
2 0 346
3 278 337 545
7 32 48 530 728 848 865 985
2 151 341
2 62 140
2 18 336
3 77 321 927
3 168 301 782
3 163 434 850
6 183 226 569 727 811 925
3 31 137 557
2 8 20
4 33 328 505 534
5 158 278 540 724 802
2 343 503
3 58 253 523
2 10 41
3 2 89 777
2 8 354
2 143 345
6 33 359 518 589 780 974
3 14 174 759
2 401 441
6 94 392 556 598 861 936
3 53 481 827
7 47 234 635 652 774 948 978
2 43 208
4 186 511 708 873
4 8 56 864 876
2 20 162
2 12 164
3 6 419 909
2 9 506
2 322 423
4 27 415 601 922
2 298 307
2 311 354
2 15 33
2 19 231
3 418 493 544
5 303 430 577 700 984
2 17 203
3 62 117 855
3 419 503 766
4 162 328 850 973
4 348 467 551 657
2 101 109
2 137 351
3 222 420 794
2 248 504
4 12 80 620 936
4 8 95 572 743
3 19 231 607
4 12 530 578 980
4 119 492 590 649
2 393 408
2 36 241
2 17 88
2 157 466
2 46 95
2 61 536
2 139 342
3 7 220 870
2 1 350
3 5 419 915
2 59 514
2 363 501
2 142 152
2 263 280
2 366 392
4 132 280 634 947
2 77 393
4 48 278 668 886
3 147 396 963
2 133 361
2 98 370
4 37 134 643 677
2 18 357
2 430 500
3 6 147 852
2 157 227
2 109 542
2 166 341
2 0 161
2 19 53
2 2 177
3 88 531 613
5 100 544 667 779 988
4 175 289 839 885
2 22 24
2 298 365
2 62 451
3 3 38 642
2 17 365
2 19 207
4 52 109 685 778
2 111 201
3 57 337 636
3 141 511 983
3 144 545 979
3 2 248 661
3 61 114 659
2 22 31
5 21 190 688 730 928
2 71 290
3 335 401 915
4 20 235 706 828
2 0 514
3 55 158 784
2 21 57
2 115 525
3 0 483 808
3 166 257 865
2 32 347
2 26 274
3 29 36 753
2 15 543
3 228 279 733
3 138 393 781
3 22 298 846
4 3 328 702 872
2 20 429
2 310 577
3 15 451 643
3 365 393 619
3 1 5 891
2 142 290
2 0 263
2 1 615
2 73 541
4 0 336 624 860
3 26 36 957
3 421 471 664
3 6 621 904
4 248 448 712 974
2 100 348
2 41 238
2 223 400
3 158 359 891
2 193 375
2 4 21
3 298 323 773
2 99 322
3 62 561 994
2 39 516
4 14 588 772 998
4 11 80 748 911
3 73 95 965
2 19 400
3 21 190 653
2 28 375
2 119 583
2 567 614
5 29 97 672 719 754
3 76 255 708
2 18 44
3 117 278 851
2 183 376
2 172 545
2 41 224
2 85 474
3 475 516 730
2 332 640
3 145 490 849
3 33 350 897
2 95 143
4 331 536 887 937
2 212 461
2 21 592
2 62 362
2 4 591
2 76 342
2 32 233
2 32 623
2 59 332
2 217 356
2 226 578
6 63 563 783 836 863 864
3 6 437 944
2 1 196
3 163 193 933
2 13 644
2 3 156
2 330 444
3 4 276 935
2 22 37
4 220 567 861 900
2 109 166
4 424 484 738 816
5 32 39 736 756 893
4 32 76 824 989
2 34 76
2 32 47
2 61 469
2 14 586
2 8 214
2 23 303
3 28 594 793
4 132 401 835 978
3 136 485 795
2 3 382
2 1 217
2 60 342
3 20 25 870
2 139 302
3 339 452 932
2 69 377
4 162 429 738 857
2 3 4
2 446 531
2 79 278
3 411 611 797
2 167 321
3 3 423 718
5 240 341 792 823 914
2 402 597
2 385 435
2 518 645
2 10 145
2 385 424
2 26 289
2 346 625
2 147 442
2 127 221
2 6 26
3 26 62 827
2 225 308
2 461 704
2 193 644
2 21 225
2 59 374
3 172 206 824
4 11 24 778 991
2 15 504
2 309 354
2 355 392
2 386 500
2 101 493
2 37 132
2 594 652
2 56 309
2 186 484
2 143 608
2 23 61
2 33 313
3 3 680 775
2 33 364
2 679 698
3 55 366 988
2 134 370
2 20 137
2 35 446
2 290 542
3 339 483 785
2 1 3
3 12 412 956
2 24 148
3 169 637 981
2 44 95
2 32 37
2 6 427
2 14 54
2 4 606
2 489 644
2 23 312
2 440 680
3 54 133 762
2 155 179
2 6 512
2 4 385
5 4 150 845 912 953
2 290 757
3 2 229 869
2 355 426
2 40 294
2 192 534
2 168 210
2 72 144
2 6 211
2 2 28
3 57 482 898
2 49 636
2 226 632
3 25 516 787
2 168 736
2 20 278
2 462 508
2 586 723
2 403 578
2 55 511
2 304 609
2 35 498
2 12 668
2 162 599
2 35 744
3 83 440 787
2 774 786
2 137 298
2 125 470
2 123 226
2 9 23
2 36 705
2 109 688
2 403 539
2 18 690
2 22 237
2 157 702
2 19 35
3 46 185 879
2 32 85
3 57 288 880
3 241 504 945
2 99 175
3 385 452 931
2 72 201
2 1 460
2 212 386
2 122 602
2 15 177
3 28 333 884
2 409 500
2 74 234
2 305 315
2 23 39
2 109 426
2 385 679
2 73 344
2 139 215
2 44 274
4 23 43 867 983
2 17 346
2 255 278
2 25 705
2 681 722
2 37 257
2 59 316
2 515 716
2 441 597
2 172 290
2 226 367
2 42 107
2 112 289
2 155 462
2 0 123
2 3 689
2 211 668
2 26 166
3 21 209 871
2 379 579
2 225 393
2 38 346
3 32 45 932
2 4 97
2 145 432
2 7 761
2 4 610
3 26 271 923
2 25 493
2 5 654
3 499 535 856
2 94 647
2 60 570
2 43 77
3 26 188 906
2 410 533
2 385 850
3 6 698 968
2 300 343
3 22 271 961
3 475 621 903
2 514 677
2 22 237
2 70 668
2 519 668
2 493 603
2 54 87
3 144 820 959
2 79 264
2 125 763
2 553 694
2 441 838
2 117 611
2 331 518
2 78 125
2 1 19
2 364 519
2 1 12
2 0 149
3 234 799 986
3 212 801 979
2 139 467
2 95 350
2 346 459
2 287 810
2 252 579
2 165 563
2 56 657
2 15 69
2 8 437
2 61 227
4 616 629 920 950
3 56 407 896
2 353 680
2 26 255
2 56 63
2 41 892
2 170 655
2 99 771
2 3 4
2 250 677
2 56 177
2 30 109
2 0 860
2 338 624
2 335 408
2 6 854
2 76 207
2 4 460
2 119 522
2 12 280
2 115 637
2 441 761
2 32 221
2 460 705
2 555 596
2 19 186
3 7 479 926
2 2 4
2 117 294
2 390 891
2 69 361
2 162 525
2 139 847
2 22 337
2 140 500
3 63 917 937
2 153 497
2 298 594
2 12 32
2 32 447
2 26 804
2 696 842
2 44 671
2 123 278
3 384 675 954
2 514 541
2 657 926
2 14 414
2 3 64
2 43 147
2 38 217
2 26 121
2 327 418
2 257 669
2 274 802
2 276 365
2 206 561
2 49 516
2 274 376
2 75 891
2 274 434
2 12 212
2 84 761
2 181 935
2 117 265
2 338 746
2 424 622
2 20 289
2 246 867
2 15 337
2 367 859
2 0 32
2 11 564
2 398 461
2 372 638
2 143 262
2 41 213
2 143 857
2 114 231
2 26 422
2 332 373
2 338 370
2 217 535
2 511 625
2 7 33
2 148 264
2 31 276
2 516 689
2 590 880
2 35 544
2 48 748
2 43 457
2 589 820
2 117 531
2 356 493
2 201 879
2 277 478
2 578 739
2 115 681
2 22 40
2 75 723
2 109 113
2 37 438
3 52 634 998
2 326 444
2 104 211
2 378 392
2 636 994
2 20 64
