200
15 1 2 3 7 11 12 21 33 54 56 70 82 92 142 147
18 0 3 4 5 6 8 9 11 31 36 42 48 60 63 76 116 146 184
5 0 10 19 132 173
16 0 1 4 6 8 18 30 34 39 43 46 55 83 88 160 188
12 1 3 5 10 20 24 32 53 65 77 85 188
7 1 4 14 61 71 77 146
11 1 3 7 13 16 58 100 102 139 148 172
4 0 6 17 103
7 1 3 9 12 38 131 133
5 1 8 15 91 176
9 2 4 14 23 32 35 83 90 193
2 0 1
4 0 8 15 72
7 6 19 45 58 59 65 130
13 5 10 22 27 39 41 86 88 90 111 112 184 190
6 9 12 22 36 104 131
5 6 18 26 141 180
16 7 20 23 25 29 30 34 69 73 79 92 94 102 120 177 183
6 3 16 28 107 168 176
2 2 13
7 4 17 27 60 79 108 182
6 0 56 71 95 105 187
3 14 15 124
2 10 17
10 4 33 78 81 119 144 155 157 170 189
7 17 28 44 54 73 93 127
7 16 31 48 50 75 167 170
2 14 20
7 18 25 44 52 59 110 198
2 17 157
4 3 17 37 49
6 1 26 35 46 95 122
7 4 10 66 68 86 87 117
3 0 24 62
4 3 17 158 168
5 10 31 38 82 113
5 1 15 40 121 192
3 30 53 150
4 8 35 67 85
3 3 14 129
3 36 57 132
2 14 50
4 1 74 153 185
2 3 64
3 25 28 49
4 13 52 101 108
3 3 31 68
1 57
5 1 26 51 98 197
3 30 44 69
5 137 26 41 66 106
2 48 164
4 28 138 45 167
2 4 37
4 0 25 80 81
3 3 89 179
4 0 21 93 109
5 40 47 97 153 196
6 6 13 151 116 161 181
7 13 28 139 75 87 89 122
5 1 20 63 125 128
2 5 126
3 33 143 149
3 1 60 129
2 43 174
2 4 13
2 32 50
2 38 190
7 32 46 72 74 98 126 171
4 17 49 70 84
3 0 69 99
6 5 21 154 118 178 193
3 12 68 179
3 17 25 80
5 42 68 164 94 189
5 26 59 97 128 175
1 1
3 4 5 155
5 24 123 125 177 183
2 17 20
3 54 73 107
2 24 54
4 0 35 150 187
3 3 10 196
2 69 104
3 4 38 199
2 14 32
2 32 59
2 3 14
3 55 59 169
2 10 14
1 9
2 0 17
2 25 56
2 17 74
3 21 31 166
2 145 113
3 57 75 101
4 147 48 68 130
1 70
2 6 110
4 45 163 97 106
3 6 17 144
1 7
4 15 152 84 185
5 21 166 109 112 133
4 149 50 101 134
4 18 80 119 120
2 20 45
2 56 105
3 28 162 100
2 14 178
4 14 105 123 191
3 35 96 195
2 124 127
1 160
5 1 58 156 162 194
1 32
1 71
2 24 107
3 17 159 107
1 36
3 31 59 198
5 154 165 78 112 195
2 22 114
3 60 158 78
2 61 68
2 25 114
3 60 75 199
3 39 151 63
2 13 98
2 8 15
2 2 40
2 8 105
1 106
1 142
2 140 159
1 50
1 52
2 6 59
2 136 145
1 16
2 0 135
2 62 174
2 24 102
2 140 96
3 1 5 186
3 0 98 148
2 6 147
3 62 106 186
2 37 82
2 58 129
1 104
2 42 57
2 71 123
2 24 77
1 116
2 24 29
2 34 125
2 136 120
3 3 115 165
1 58
2 116 110
1 101
2 51 74
2 160 123
2 105 95
2 26 52
2 18 34
1 89
2 24 26
1 68
1 6
1 2
2 143 64
1 75
2 9 18
2 17 78
2 71 111
2 55 72
1 16
1 58
1 20
2 17 78
2 1 14
2 42 104
4 146 149 191 192
2 21 82
2 4 3
2 24 74
2 14 67
2 186 112
2 36 186
2 10 71
1 116
2 113 123
2 57 83
1 48
2 28 122
2 85 128
