100
8 1 5 9 16 30 41 50 54
10 0 2 3 4 5 15 35 48 65 66
6 1 4 8 17 29 40
7 1 6 7 21 28 33 81
12 1 2 7 10 18 21 25 47 53 74 76 86
4 0 1 37 45
8 3 26 33 40 62 68 82 90
4 3 4 11 79
6 2 14 35 56 61 63
4 0 22 24 42
3 4 14 34
3 7 15 46
5 39 67 76 92 98
3 28 51 82
4 8 10 31 55
6 1 11 19 30 36 72
4 0 20 31 58
4 2 38 79 88
2 4 49
1 15
2 16 52
3 3 4 59
1 9
1 59
3 9 53 55
1 4
2 6 63
4 41 70 89 94
2 3 13
1 2
4 0 15 58 85
5 14 78 16 80 44
1 43
4 3 6 66 86
1 10
3 1 8 73
1 15
2 5 38
3 17 37 67
3 12 52 62
2 2 6
3 0 77 27
2 9 65
2 32 98
1 31
1 5
3 11 73 89
1 4
1 1
1 18
1 0
1 13
2 20 39
2 4 24
4 0 61 75 94
2 14 24
2 8 97
1 80
3 16 30 60
3 21 23 95
4 58 64 93 96
2 8 54
4 6 83 39 71
3 8 26 74
1 60
3 1 42 87
3 1 33 84
2 12 38
2 6 91
1 70
2 27 69
1 62
1 15
3 35 46 99
3 4 85 63
1 54
2 4 12
1 41
1 31
2 7 17
2 57 31
2 3 93
2 6 13
1 62
1 66
3 30 74 90
2 4 33
2 65 96
1 17
2 27 46
2 6 85
1 68
1 12
2 81 60
2 27 54
1 59
2 87 60
1 56
2 12 43
1 73
