1000
35 1 2 3 4 12 17 24 34 40 63 70 72 93 98 157 203 237 311 323 368 408 417 490 563 566 567 591 628 636 719 743 774 809 821 977
87 0 3 4 6 8 11 16 17 18 19 22 26 28 31 33 35 37 42 44 47 52 53 54 59 60 63 65 89 98 103 107 111 118 121 123 126 145 151 159 162 202 222 244 246 258 262 263 266 281 292 319 324 344 369 376 401 406 414 420 428 445 454 466 468 477 542 543 545 604 618 631 704 705 722 729 734 737 778 784 786 827 900 928 934 946 973 997
5 0 82 209 708 940
62 0 1 5 6 7 8 9 14 16 18 23 26 30 56 60 69 72 78 80 81 106 134 140 175 217 218 263 282 287 307 310 338 346 347 393 399 404 427 437 442 453 464 485 489 495 500 540 569 582 637 684 706 713 725 743 775 799 869 906 931 965 966
19 0 1 5 7 10 15 27 75 105 110 161 205 314 407 548 651 767 872 919
27 3 4 9 13 32 154 328 348 402 410 441 449 455 457 515 539 553 592 610 647 669 691 710 715 777 804 816
48 1 3 24 25 35 48 50 57 61 79 105 106 142 166 204 208 214 234 245 264 266 297 316 326 378 381 387 402 403 451 457 504 519 532 563 565 709 722 730 756 770 782 805 834 866 875 929 976
23 3 4 11 13 15 28 46 64 170 186 201 293 334 360 367 423 431 432 514 632 676 703 853
8 1 3 32 135 224 458 702 710
36 3 5 10 19 20 21 29 41 51 111 120 124 125 130 152 163 228 336 353 364 378 397 408 443 484 523 526 605 634 666 673 678 825 890 896 899
20 4 9 12 14 23 30 68 99 160 188 230 276 325 345 493 562 566 687 742 913
35 1 7 20 25 40 69 80 86 89 155 174 187 206 237 249 290 304 318 340 356 425 502 521 525 546 551 591 624 659 802 812 832 889 937 979
23 0 10 27 29 39 67 137 145 176 179 198 204 226 262 278 283 308 503 514 539 544 570 837
10 5 7 33 117 358 482 572 588 741 789
15 3 10 21 83 205 329 367 392 479 524 551 600 779 794 902
12 4 7 94 109 127 362 379 587 594 598 747 761
9 1 3 22 48 164 167 320 374 629
4 0 1 478 956
6 1 3 61 294 303 910
6 1 9 44 252 596 869
22 9 11 38 49 133 168 214 345 354 384 389 393 467 487 492 529 606 701 741 749 830 837
11 9 14 62 119 143 331 387 398 430 502 865
30 1 16 39 54 70 76 83 87 92 93 96 150 151 174 188 197 286 291 338 450 470 483 493 548 592 608 822 928 954 963
7 3 10 47 49 95 874 947
15 0 6 36 41 77 150 159 186 236 274 557 610 673 714 937
21 6 11 31 43 52 55 124 183 185 211 260 296 352 412 418 471 488 609 877 985 988
4 1 3 181 689
7 4 12 91 660 714 836 933
19 1 7 34 102 120 154 232 238 273 302 307 376 434 522 617 686 777 823 971
16 9 12 51 140 148 176 218 260 294 342 391 413 523 725 769 803
11 3 10 45 71 76 108 114 149 171 424 752
16 1 25 42 53 73 110 183 233 259 285 515 527 615 627 717 857
23 5 8 38 66 94 136 141 164 258 301 315 426 455 505 520 550 694 729 823 881 960 972 974
37 1 13 36 37 59 64 113 128 157 177 178 208 209 231 239 241 242 244 277 288 303 475 542 555 578 627 638 738 740 786 798 818 864 904 962 988 991
7 0 28 101 178 494 530 691
4 1 6 62 483
29 24 33 43 50 58 88 91 97 117 132 153 168 180 212 233 268 362 380 385 416 463 554 664 723 739 828 964 978 983
28 1 33 45 46 55 82 85 87 90 109 112 114 220 223 235 248 359 372 406 421 499 504 656 772 787 844 975 981
2 20 32
26 12 22 56 67 103 104 115 116 122 173 175 249 275 280 296 359 371 438 440 513 528 611 744 897 926 998
6 0 11 330 422 846 862
21 9 24 58 71 86 88 92 138 156 210 271 272 309 369 422 462 467 849 863 876 906
8 1 31 68 73 147 152 160 886
9 25 36 57 125 139 415 509 536 546
7 1 19 77 139 172 874 946
7 30 37 200 279 301 392 486
14 7 37 115 121 229 349 400 429 472 572 603 728 924 967
19 1 23 84 85 100 112 133 155 181 199 254 290 555 600 611 703 768 814 856
5 6 16 185 241 797
16 20 23 97 126 134 182 219 255 280 371 448 490 680 721 731 957
7 6 36 96 282 448 640 699
18 9 29 116 136 224 234 248 267 288 456 556 557 619 663 665 695 932 948
2 1 25
6 1 31 424 579 643 918
8 1 22 74 75 138 318 791 833
8 25 37 101 169 452 519 769 985
11 3 39 132 163 169 195 281 325 568 639 868
16 6 43 78 81 129 196 247 473 474 526 573 766 773 830 851 952
3 36 41 90
4 1 33 66 356
8 1 3 99 142 291 341 518 580
17 6 18 65 74 79 113 137 256 404 484 494 527 531 537 622 704 960
10 21 35 285 313 335 339 390 689 903 982
13 0 1 211 216 225 305 342 446 466 678 695 811 895
9 7 33 129 377 471 496 550 585 677
7 1 61 135 250 299 511 807
9 32 59 130 179 191 436 553 801 808
3 12 39 475
5 10 42 287 300 396
3 3 11 943
6 0 22 118 146 269 311
8 30 41 200 289 412 614 670 909
3 0 3 667
3 31 42 161
7 54 61 95 194 207 256 875
4 4 54 199 327
16 22 30 84 123 141 189 245 295 358 411 530 554 570 584 910 993
5 24 44 128 212 222
3 3 57 459
9 6 61 127 223 400 444 685 719 894
6 3 11 394 415 461 908
2 3 57
8 2 37 100 191 331 426 487 958
3 14 22 594
2 47 76
6 37 47 276 465 867 999
2 11 41
4 22 37 478 884
8 36 41 240 302 398 439 590 684
3 1 11 180
4 37 58 508 921
3 27 36 411
8 22 41 202 298 698 732 762 825
6 0 22 221 240 730 871
4 15 32 108 339
4 23 74 284 588
9 22 50 215 480 503 568 596 680 998
6 36 49 219 230 361 501
8 0 1 131 343 442 480 950 990
3 10 60 462
6 47 82 102 470 560 687
4 34 55 104 107
2 28 100
8 1 39 122 320 374 534 541 895
5 39 101 147 317 843
5 4 6 521 692 780
4 3 6 444 535
3 1 101 848
9 30 94 146 165 172 189 213 468 669
5 15 37 319 736 941
3 4 31 403
6 1 9 156 242 330 827
4 37 47 765 995
4 33 61 908 941
3 30 37 727
7 39 46 144 270 540 589 657
12 39 51 201 267 332 337 370 384 386 583 612 696
5 13 36 119 516 623
4 1 70 143 382
6 21 117 261 372 445 757
2 9 28
5 1 46 195 682 720
5 39 103 197 229 968
13 1 76 131 149 210 254 292 373 599 755 782 881 900
2 9 25
10 9 43 158 196 315 363 388 549 558 716
3 1 49 346
3 15 79 961
7 33 77 173 275 479 816 818
6 57 64 250 273 498 839
6 9 66 153 228 465 829
4 98 123 206 335
5 36 56 253 286 966
7 20 47 193 347 405 541 626
3 3 49 489
3 8 65 537
4 32 51 512 817
5 12 61 194 595 812
18 41 54 148 158 162 166 184 190 235 390 459 516 549 788 864 912 917 944
6 43 44 274 409 788 814
2 3 29
7 32 76 192 226 543 559 590
6 6 60 144 277 327 343
5 21 118 414 636 649
4 115 142 207 383
3 1 12 184
5 70 108 165 167 337
5 42 104 177 251 279
7 29 138 255 316 525 822 883
3 30 123 385
2 22 24
2 1 22
10 9 42 341 410 425 456 706 883 891 978
6 36 130 238 728 776 820
5 5 28 333 336 561
7 11 47 171 308 517 789 976
5 41 111 231 368 440
7 0 33 220 252 581 620 890
3 125 138 323
5 1 24 170 453 718
4 10 42 355 809
9 4 73 193 340 354 394 614 761 852
4 1 138 213 474
3 9 56 718
4 16 32 573 606
7 108 146 321 351 363 690 692
3 6 138 534
8 16 146 217 232 297 395 593 851
2 20 36
8 55 56 247 460 517 622 708 831
4 7 159 464 580
4 30 155 731 750
5 44 108 915 919 995
6 39 128 225 257 586 747
2 11 22
9 3 39 306 679 709 774 780 819 923
4 12 29 334 452
4 33 147 239 899
7 33 34 182 438 518 663 781
3 12 66 767
16 36 89 192 265 269 270 329 379 416 436 476 547 652 662 676 748
3 26 47 685
4 49 178 441 682
6 25 31 203 589 775 847
4 138 145 187 243
3 25 48 198
5 7 24 500 576 972
3 11 184 963
6 10 22 271 306 314 824
10 76 108 190 268 344 429 693 755 850 980
12 138 189 349 350 431 469 486 488 520 696 855 898
2 66 82
10 141 180 215 435 529 668 671 688 723 939
4 133 161 672 861
2 74 137
4 56 121 565 847
2 57 125
3 22 122 715
4 12 185 524 652
7 47 75 472 577 668 677 949
5 45 71 350 650 681
3 7 116 405
5 1 92 351 476 654
4 0 183 533 593
7 6 12 216 348 601 679 914
3 4 14 259
2 11 131
3 74 144 361
2 6 33
3 2 33 458
2 41 123
4 25 63 370 745
8 36 77 432 498 510 701 740 925
6 108 162 227 261 844 964
2 6 20
2 96 192
2 63 204
2 3 167
4 3 29 227 451
7 49 97 221 309 583 771 810
5 37 157 304 779 970
7 93 219 495 620 671 675 736
2 1 77
8 37 79 272 317 357 395 409 544
2 8 51
5 63 173 577 597 795
4 12 141 386 482
5 213 218 805 885 935
4 9 130 236 293
4 46 122 284 922
10 10 97 295 481 660 694 759 824 942 992
3 33 156 639
6 28 167 251 305 637 951
4 31 36 672 746
2 6 51
6 37 138 366 382 624 657
7 24 228 257 289 299 388 450
4 0 11 420 765
7 28 153 243 253 265 433 935
3 33 177 499
5 88 93 246 644 733
3 33 48 813
2 33 111
4 184 238 508 879
3 1 33 838
2 6 76
4 1 240 758 764
3 57 169 434
3 37 51 886
3 11 39 870
2 65 129
4 147 232 419 635
4 19 157 264 278
10 132 238 300 366 561 697 707 763 835 994
2 47 123
4 49 148 838 932
2 61 74
8 173 236 322 535 655 674 892 996
3 1 32 460
8 31 205 365 485 533 602 650 931
3 25 29 365
5 119 213 360 607 848
2 1 12
4 1 3 313 771
3 6 252 892
2 180 238
3 1 6 532
2 51 116
8 36 189 326 397 437 601 662 727
4 70 180 797 957
9 115 180 419 439 653 655 800 826 853
4 41 188 630 981
4 41 223 658 716
4 28 129 598 619
3 24 139 421
4 39 128 423 768
2 10 85
5 33 142 538 603 646
3 12 252 790
3 45 147 602
5 39 49 428 513 989
4 1 56 283 328
3 3 50 819
6 12 281 298 322 389 418
3 95 229 355
2 31 62
3 22 132 959
3 3 68 882
4 33 51 506 846
5 71 236 511 683 952
6 11 47 352 446 612 915
6 22 60 321 333 700 917
2 1 123
4 7 228 383 427
4 18 29 773 817
3 76 230 754
6 25 39 324 634 871 916
4 6 167 375 586
2 92 283
3 65 236 982
2 68 253
5 32 45 381 430 772
3 28 88 399
3 18 33 473
3 11 220 507
5 63 232 310 312 625
2 175 188
2 3 28
2 12 155
4 41 219 312 661
2 3 305
3 0 70 407
3 305 309 461
2 62 263
6 4 188 332 353 447 833
6 32 125 357 377 630 955
6 6 148 615 690 734 807
7 104 223 443 510 616 804 813
7 11 54 396 501 626 644 866
2 1 109
5 16 103 417 735 810
2 165 291
4 257 283 651 763
4 0 158 754 796
4 1 296 631 787
4 10 56 373 930
2 6 268
2 75 142
3 5 281 648
2 14 180
3 40 111 752
4 21 82 878 905
2 116 314
6 154 291 380 560 675 984
2 7 176
2 62 131
6 9 154 705 742 845 912
3 116 146 726
3 3 22 491
4 62 94 564 645
5 11 161 435 783 840
5 60 152 401 642 922
3 29 63 863
6 98 142 375 633 884 940
3 1 189 784
3 10 20 990
4 3 126 738 859
3 3 133 364
2 5 204
3 46 190 732
2 190 200
5 165 202 609 878 924
3 25 290 536
2 9 314
3 20 161 865
3 160 284 702
2 11 59
2 223 315
3 13 76 700
4 37 39 391 512
4 7 261 605 658
3 97 207 801
2 15 36
3 125 165 547
3 9 347 746
2 259 260
2 235 253
2 7 14
3 0 156 821
2 1 41
2 116 211
2 39 49
2 37 119
2 123 325
2 16 103
3 297 343 799
2 1 28
3 64 315 506
2 6 9
2 15 180
2 36 333
2 6 301
2 118 235
3 144 293 897
4 20 116 717 986
4 36 149 683 795
3 116 226 800
2 6 21
2 125 236
2 20 283
2 62 138
3 29 359 914
2 14 45
4 3 20 880 961
2 80 161
4 167 223 569 587
2 68 318
3 9 268 880
2 21 88
3 3 302 413
3 46 79 449
3 1 341 469
2 5 6
5 6 110 632 661 933
2 3 61
5 133 201 646 648 764
7 1 37 496 552 604 748 802
2 4 311
2 0 9
3 139 223 505
4 5 152 595 858
2 76 91
3 25 71 907
5 29 399 447 640 842
2 1 143
2 43 80
3 36 180 575
3 0 320 855
3 25 283 902
3 251 270 901
5 1 237 433 578 831
3 37 274 909
3 40 41 944
2 7 275
2 30 53
2 11 152
2 32 82
3 3 293 654
5 1 280 582 628 834
5 46 189 597 697 882
3 21 301 898
4 7 190 463 571
3 7 212 670
3 238 420 454
2 28 247
4 192 340 538 545
2 66 180
5 3 268 559 681 943
3 39 178 733
5 88 270 629 664 785
4 39 156 618 835
4 5 182 860 992
2 3 98
2 9 317
2 79 106
2 1 119
3 63 290 584
2 314 413
4 49 50 621 760
4 5 400 497 893
3 22 236 477
3 6 218 522
3 55 176 749
2 3 159
2 1 433
4 5 32 567 815
3 51 152 581
4 5 6 613 820
2 8 209
3 78 138 491
4 169 258 686 868
2 80 312
2 41 99
4 36 431 575 638
2 3 170
3 85 130 571
5 1 63 497 721 794
2 20 41
5 1 108 564 574 760
4 190 401 558 608
2 22 100
3 25 64 977
3 46 199 711
3 57 303 481
3 57 162 751
3 33 67 791
2 180 202
4 1 450 625 756
3 17 87 531
2 14 128
2 96 98
2 230 473
3 13 226 889
2 22 35
4 9 61 507 574
3 3 259 753
2 45 190
5 20 82 735 951 962
4 25 190 576 726
2 3 134
2 0 49
4 338 459 492 649
4 20 491 783 984
5 10 22 633 642 930
2 34 61
3 3 221 753
2 64 406
2 449 466
2 129 212
2 37 239
2 3 186
2 97 318
2 11 21
4 12 96 617 888
4 6 37 698 939
3 32 409 509
2 288 377
3 304 484 528
2 90 243
2 43 505
2 212 317
2 65 289
3 136 359 667
4 39 280 803 870
2 7 12
5 5 31 552 635 896
2 117 138
2 155 169
3 60 178 712
2 6 55
4 32 190 839 987
3 11 105 745
3 28 451 973
4 9 29 616 811
3 14 198 901
5 11 148 556 758 859
2 9 57
2 31 61
2 39 507
2 20 192
2 34 76
4 61 478 585 873
2 6 266
2 203 259
2 103 166
3 106 257 645
3 43 352 699
2 61 135
2 277 435
3 5 12 643
4 3 115 607 979
2 103 133
2 1 33
2 1 141
4 12 223 562 647
2 1 435
2 11 43
4 180 363 785 934
3 4 22 641
3 125 138 947
2 32 64
3 11 14 854
3 406 515 674
2 5 66
2 36 76
3 33 47 666
4 51 525 656 876
3 24 51 781
6 125 469 579 843 873 996
3 141 437 980
2 100 333
3 154 253 911
3 10 544 599
2 0 6
2 339 468
2 6 195
2 0 10
2 0 455
3 56 96 860
2 3 395
2 12 76
2 431 465
3 13 46 623
2 57 164
2 468 484
2 416 463
2 186 488
2 199 225
2 33 420
2 53 558
2 60 170
2 157 456
3 3 428 893
3 116 219 969
2 76 446
2 64 531
2 173 297
2 15 395
2 13 95
2 115 183
5 88 141 665 757 938
2 0 11
2 5 22
3 167 203 894
4 15 83 861 927
5 137 410 659 688 693
2 19 96
3 225 429 613
2 15 273
3 123 562 711
2 14 47
2 204 268
4 259 279 641 713
2 46 277
2 1 406
4 9 360 938 991
3 20 164 621
2 261 540
2 22 469
2 25 351
4 5 24 792 793
2 39 47
3 116 290 806
2 457 597
2 71 161
2 31 316
2 317 523
2 28 503
2 1 440
2 51 273
2 157 221
2 448 606
5 61 169 739 907 913
2 117 572
2 11 235
5 305 477 806 918 986
5 133 318 828 840 948
3 31 33 993
3 0 428 653
2 16 439
2 271 315
2 1 324
2 7 403
3 343 493 712
2 9 296
5 251 515 766 857 975
3 0 143 852
2 3 232
3 33 463 994
3 56 231 832
4 50 413 737 965
2 548 602
2 341 493
3 53 539 826
2 240 318
2 339 535
2 277 405
3 5 544 720
2 328 405
2 143 491
2 200 259
3 4 322 929
3 180 198 974
2 270 628
3 202 427 936
5 257 270 762 793 989
2 37 556
4 115 235 849 945
3 272 360 925
5 11 595 759 887 942
2 27 230
2 309 403
2 180 268
5 51 178 836 872 885
2 36 439
2 51 590
2 9 555
3 72 512 798
3 192 199 750
2 5 108
3 71 432 879
2 192 221
2 193 233
2 9 24
3 257 552 888
2 221 333
5 7 180 724 841 969
2 64 199
3 9 63 724
4 175 204 707 903
2 49 96
3 200 437 854
3 121 182 926
3 289 385 997
2 3 88
2 79 181
3 28 460 744
3 10 100 842
2 192 595
4 26 62 792 856
2 165 316
2 5 34
2 105 165
2 189 595
3 32 230 905
3 51 63 999
5 116 190 770 845 920
2 253 429
2 92 504
2 50 536
2 291 358
2 20 212
2 8 355
2 7 47
2 1 61
2 1 336
3 3 152 776
2 253 679
2 2 169
5 6 175 815 841 877
2 5 8
2 472 599
2 518 633
2 3 602
2 24 27
2 5 197
2 125 272
2 31 384
4 159 163 751 953
2 0 79
3 121 647 958
3 49 466 858
3 1 6 829
2 36 192
2 676 678
3 3 29 956
2 337 488
2 114 268
2 46 153
2 1 32
2 6 93
2 49 171
3 92 349 955
2 240 438
2 1 316
2 320 487
2 109 221
3 1 640 790
2 33 346
2 36 622
3 33 212 923
2 13 20
2 10 336
2 0 3
2 39 686
3 211 521 862
2 233 364
2 15 173
2 180 406
3 20 452 970
2 171 668
2 474 718
2 30 330
2 485 495
3 295 323 987
2 123 189
2 6 477
3 119 590 971
4 246 525 778 911
2 230 659
2 448 468
2 15 161
2 92 655
2 253 322
2 246 405
2 112 237
3 57 635 850
2 4 179
2 47 275
2 29 55
2 6 696
2 219 263
2 37 301
2 57 294
2 0 175
2 3 183
3 153 706 916
2 5 28
2 1 758
2 14 220
2 105 175
2 178 557
3 6 123 949
2 340 492
2 1 344
4 439 547 887 904
2 1 33
2 37 324
2 138 139
2 13 155
2 278 737
2 54 475
2 610 689
2 610 655
2 14 466
3 225 385 796
2 323 795
2 48 269
3 33 667 808
2 3 375
2 270 386
2 66 361
2 11 406
2 29 513
2 5 317
2 6 227
2 612 625
2 65 316
2 66 798
2 0 160
2 219 320
2 63 523
2 11 137
3 241 317 936
2 47 139
3 455 709 921
2 5 128
2 136 294
2 33 128
2 175 282
2 153 457
3 0 368 945
2 22 148
2 28 32
2 188 230
2 9 92
2 270 643
3 1 111 867
2 36 626
2 130 722
2 20 57
2 169 420
2 11 639
2 54 314
2 6 428
2 253 440
2 27 663
2 12 20
2 244 255
2 129 520
2 340 626
2 676 709
2 413 687
2 104 558
2 37 213
4 336 696 891 983
2 40 288
2 183 195
2 107 261
2 41 657
2 189 766
2 57 167
2 161 636
2 7 270
2 551 681
2 190 417
2 47 689
2 31 635
2 410 721
3 346 525 954
2 441 568
2 193 594
2 40 745
2 41 342
2 33 138
2 21 354
3 6 318 950
2 85 827
2 56 460
2 3 19
2 249 513
2 93 296
2 4 663
3 531 558 967
2 23 44
2 6 74
2 41 556
2 25 709
2 331 351
2 243 670
2 393 397
2 32 123
3 287 429 920
2 148 152
2 87 343
2 227 663
2 42 248
2 659 785
2 503 674
2 11 482
2 9 157
2 152 845
2 257 264
2 449 582
2 79 593
2 63 103
2 9 515
2 39 383
2 190 430
2 9 177
2 1 123
2 419 524
2 14 418
2 62 679
3 33 785 953
2 331 694
2 3 41
2 412 622
2 80 113
2 71 421
2 18 76
2 561 758
2 138 336
2 10 622
3 204 391 927
2 172 290
3 296 776 968
2 138 291
2 53 625
2 4 172
2 696 882
2 90 815
2 229 341
2 175 740
3 46 351 959
2 212 658
2 39 682
2 594 914
2 1 22
2 6 651
2 325 493
2 3 259
2 51 255
2 27 403
2 1 547
2 227 238
2 654 813
2 11 24
2 590 605
2 192 504
2 2 343
2 109 113
2 230 659
2 69 437
2 138 422
2 657 821
2 1 44
2 23 549
2 51 626
2 199 782
2 98 866
2 232 487
2 57 289
2 718 904
2 22 859
2 315 732
2 17 725
2 49 269
2 82 720
2 286 924
2 32 61
2 127 393
2 33 487
2 22 187
2 36 213
2 3 640
2 3 132
2 46 873
2 122 916
2 583 676
2 220 749
2 28 757
2 32 186
2 1 522
2 32 652
2 37 635
2 6 155
2 0 471
2 36 152
2 11 540
2 189 559
2 37 271
2 62 299
2 36 845
2 333 492
2 25 55
2 384 625
2 520 754
2 25 33
2 280 655
2 98 345
2 33 605
2 230 441
2 76 627
2 253 638
2 112 172
2 257 558
2 1 683
2 39 96
2 85 695
