200
11 1 2 3 9 13 35 40 42 60 102 147
26 0 2 3 4 5 8 12 13 14 16 19 20 23 27 30 32 42 45 48 51 80 117 118 138 141 162
17 0 1 4 5 6 10 12 18 28 30 71 95 119 130 137 154 190
9 0 1 7 11 17 37 69 103 189
12 1 2 24 29 88 116 135 158 171 176 182 184
3 1 2 74
9 2 7 14 15 22 26 48 58 187
10 3 6 9 10 18 34 43 92 108 155
6 1 15 97 101 104 196
5 0 7 17 21 93
4 2 7 69 167
1 3
9 1 2 16 24 61 62 105 111 148
2 0 1
3 1 6 84
6 6 8 25 108 114 163
7 1 12 21 27 35 40 41
4 3 9 178 191
4 2 7 47 63
11 1 20 31 60 76 79 96 125 131 146 170
9 1 19 38 72 77 81 109 117 195
15 127 9 129 16 28 45 46 49 50 52 94 109 120 122 199
3 6 39 59
5 1 34 57 58 186
4 4 12 64 79
3 15 94 159
11 6 132 50 74 81 89 96 123 142 153 192
7 1 16 36 37 104 169 175
4 2 21 67 150
3 4 53 166
4 1 2 43 107
4 19 53 112 124
3 1 82 98
2 66 173
5 7 23 95 99 115
6 0 16 51 56 90 102
2 27 184
3 3 27 68
2 20 92
5 22 78 100 121 154
6 0 16 73 78 158 183
2 16 199
2 0 1
2 7 30
1 155
5 1 21 52 105 111
2 21 57
4 18 56 65 70
3 1 6 59
2 130 21
6 21 26 140 89 106 114
4 1 35 55 113
3 21 45 193
5 29 31 82 91 179
1 133
2 51 152
4 35 47 62 106
3 23 46 83
4 6 23 107 123
4 22 48 76 122
7 0 19 136 143 72 84 187
1 12
3 12 56 71
3 18 159 164
1 24
3 47 180 197
1 33
2 135 28
1 37
3 3 10 86
3 47 75 87
2 2 62
5 20 60 101 167 194
3 40 143 161
2 5 26
3 70 171 185
3 19 150 59
3 20 110 113
5 39 40 151 160 80
3 19 24 174
2 1 78
3 20 26 186
2 32 53
2 149 57
4 14 60 88 93
5 134 99 110 165 177
2 69 190
2 139 70
3 4 84 188
2 26 50
1 35
2 142 53
2 7 38
3 9 84 168
4 127 21 25 118
2 2 34
3 19 26 126
2 8 140
1 32
2 34 85
1 39
2 8 72
2 0 35
2 3 175
6 8 27 145 151 115 182
2 12 45
3 50 56 157
2 30 58
2 7 15
2 20 21
2 77 85
2 12 45
2 31 126
2 51 77
4 15 50 156 198
2 34 104
2 4 191
3 1 20 138
5 1 137 147 94 176
2 2 133
2 21 160
2 39 148
4 21 141 59 177
3 26 136 58
1 31
2 19 169
2 96 112
2 94 21
1 179
1 21
4 2 49 139 196
1 19
1 26
3 119 54 197
1 85
2 4 67
2 123 60
2 2 118
2 1 117
2 130 87
3 97 50 172
2 1 122
2 26 91
2 73 60
2 172 198
2 104 192
1 19
2 0 118
2 12 121
4 83 166 181 195
2 28 76
2 78 104
1 55
3 26 178 185
2 2 39
2 7 44
1 114
1 106
2 4 40
2 25 63
2 78 120
1 73
2 1 168
2 15 194
1 63
1 85
3 29 149 180
2 10 72
2 162 93
2 27 125
2 19 173
2 4 75
2 140 144
2 33 170
1 79
2 27 103
2 4 118
2 85 122
2 17 153
2 128 53
2 65 166
1 149
2 4 104
1 40
2 4 36
2 153 75
2 23 81
2 6 60
1 88
1 3
2 2 86
2 17 116
2 26 145
1 52
2 72 163
2 20 149
2 8 130
2 133 65
2 144 114
2 21 41
