600
48 1 2 3 4 6 7 8 10 11 12 16 22 32 34 46 47 48 56 63 64 68 73 80 93 95 97 113 119 127 148 157 165 176 213 214 228 268 282 287 290 293 296 342 386 400 540 541 542
7 0 58 142 215 237 419 533
25 0 3 4 5 9 11 30 62 77 83 116 122 131 192 204 238 245 278 342 421 422 485 489 547 554
36 0 2 5 7 9 14 16 19 24 33 38 40 41 59 70 71 87 103 114 134 147 155 191 225 252 274 312 319 325 331 352 408 417 431 512 546
9 0 2 14 17 92 232 275 420 481
29 2 3 6 8 12 22 25 39 44 69 75 100 148 152 170 172 209 231 258 286 299 303 310 440 450 462 475 482 531
25 0 5 15 26 41 53 60 66 72 122 160 181 182 188 200 207 224 254 308 337 382 399 441 509 581
9 0 3 13 15 23 29 297 464 563
18 0 5 10 17 18 21 31 36 49 55 135 137 250 294 422 433 459 544
8 2 3 29 79 150 226 403 516
11 0 8 13 45 73 106 211 407 436 569 570
21 0 2 20 31 36 37 58 78 85 96 128 217 240 249 271 377 404 437 446 497 543
3 0 5 27
16 7 10 33 47 51 57 70 84 149 202 213 313 402 423 537 562
20 3 4 26 34 35 59 60 64 69 82 111 163 168 346 348 424 435 458 543 590
19 6 7 18 19 20 49 55 56 92 100 124 154 295 313 323 374 403 446 510
11 0 3 27 80 103 133 154 179 187 389 542
6 4 8 233 322 397 500
19 8 15 28 84 86 99 130 145 186 188 210 212 221 239 288 333 351 576 592
8 3 15 109 230 351 372 465 476
7 11 15 153 159 261 398 513
22 8 32 35 42 45 50 67 87 88 98 104 123 175 247 260 279 291 347 363 435 500 527
5 0 5 85 130 134
19 7 25 38 42 44 129 144 171 194 196 197 203 235 269 271 296 341 412 496
4 3 416 532 586
12 5 23 39 126 159 219 241 375 381 476 530 596
13 6 14 28 67 74 117 121 178 192 218 255 384 505
4 12 16 110 586
4 18 26 167 517
4 7 9 30 256
9 2 29 65 169 225 283 284 401 438
7 8 11 54 62 98 136 340
4 0 21 40 162
9 3 13 37 51 61 81 199 383 395
13 0 14 43 68 91 108 117 156 202 257 281 453 534
12 14 21 105 109 129 198 216 263 310 369 456 572
22 8 11 66 76 102 139 149 157 181 224 226 229 234 239 264 354 394 398 399 492 571 584
8 11 33 48 86 96 170 174 215
7 3 23 43 289 375 511 516
6 5 25 121 184 246 562
16 3 32 76 83 93 133 140 141 182 183 184 190 318 425 491 519
11 3 6 53 54 114 115 180 259 495 502 538
10 21 23 46 257 273 312 391 490 522 591
5 34 38 171 248 459
5 5 23 335 356 467
6 10 21 57 304 367 519
14 0 42 50 63 89 110 232 289 298 320 423 496 498 593
8 0 13 243 359 407 481 558 577
2 0 37
3 8 15 175
9 21 46 104 402 450 467 483 588 594
4 13 33 125 597
1 82
5 6 41 61 369 428
4 31 41 454 469
2 8 15
8 0 15 94 146 194 214 275 551
6 13 45 150 151 291 501
5 1 11 72 400 443
10 3 14 75 185 189 251 254 364 414 460
8 6 14 71 74 166 272 283 515
11 33 53 65 78 91 174 390 417 419 469 528
2 2 31
7 0 46 97 113 162 301 302
4 0 14 264 270
2 30 61
5 6 36 77 318 573
3 21 26 599
7 0 34 180 193 314 387 478
7 5 14 131 189 199 333 434
15 3 13 81 94 105 119 128 240 253 302 303 362 551 571 596
8 3 60 88 138 193 231 298 320
7 6 58 101 164 208 420 557
8 0 10 147 233 261 392 461 536
5 26 60 208 492 554
4 5 59 79 585
16 36 40 95 155 158 183 204 280 290 370 484 486 499 576 580 585
2 2 66
4 11 61 266 464
4 9 75 169 344
12 0 16 90 125 206 236 286 365 406 433 570 578
3 33 70 479
6 14 52 287 336 379 426
12 2 40 99 106 118 132 179 347 368 384 494 582
7 13 18 89 107 141 142 559
7 11 22 195 267 437 440 528
5 18 37 107 276 355
3 3 21 321
2 21 71
8 46 84 123 151 252 366 428 449
3 80 339 378
9 34 61 111 112 186 260 345 471 555
2 4 15
4 0 40 256 473
3 56 70 101
5 0 76 244 338 466
6 11 37 118 344 484 495
7 0 63 116 146 449 559 560
3 21 31 112
3 18 83 512
7 5 15 135 329 381 518 583
6 72 94 211 358 401 518
8 36 161 210 268 380 487 493 524
3 3 16 281
4 21 50 220 337
4 35 70 265 488
2 10 83
7 84 86 120 140 441 497 515
5 34 137 329 360 411
3 19 35 415
4 27 46 177 178
3 14 91 293
6 91 98 153 258 406 456
5 0 63 124 205 544
2 3 41
5 41 309 371 410 556
2 2 97
6 26 34 249 379 393 506
4 83 96 120 292
7 0 70 132 263 279 507 564
4 107 118 152 207
4 26 39 527 592
4 2 6 138 505
5 21 89 143 339 508
4 15 113 326 355
2 51 80
2 25 190
3 0 185 389
5 11 70 222 282 396
4 23 35 228 448
3 18 22 206
3 2 69 502
5 83 119 237 324 455
5 16 40 139 195 324
7 3 22 136 242 334 336 370
6 8 100 156 187 196 517
2 31 134
4 8 108 173 322
2 71 122
2 36 133
5 40 107 205 223 353
5 40 84 143 160 387
7 1 84 197 217 317 429 507
5 123 141 201 276 309
4 23 223 262 397
1 18
2 56 97
4 3 73 307 561
2 0 5
6 13 36 354 421 427 445
2 9 57
5 57 89 158 168 173
2 5 120
6 20 112 305 335 553 595
4 15 16 201 338
2 3 76
6 34 135 177 209 219 374
4 0 36 164 172
7 76 151 191 255 314 409 525
3 20 25 478
3 6 141 594
3 102 346 540
3 32 63 581
3 14 349 474
2 72 157
4 0 200 220 222
2 60 203
2 28 230
2 14 151
4 30 79 251 357
5 5 37 247 444 470
2 23 43
3 5 157 356
3 137 151 366
2 37 61
3 21 49 377
4 0 212 218 229
7 110 156 227 305 368 383 493
3 26 110 273
2 16 83
2 41 68
4 6 36 221 321
4 6 40 285 395
4 40 76 465 525
4 39 40 315 468
2 59 127
6 18 91 319 430 453 572
5 16 135 253 325 413
5 6 18 311 348 385
3 59 69 241
5 40 126 244 364 418
4 3 158 411 523
5 2 26 317 552 580
3 68 71 285
4 23 56 294 455
3 85 133 327
3 23 135 235
5 23 142 306 415 565
5 35 216 326 439 557
2 33 69
5 6 165 445 488 547
4 143 154 323 490
3 13 34 482
3 23 166 380
3 2 76 350
4 113 140 416 588
2 80 130
3 6 120 438
3 72 74 250
5 5 156 278 457 537
3 18 102 426
3 10 101 439
4 18 176 390 509
4 0 13 373 425
3 0 56 535
2 1 37
4 35 198 297 541
5 11 142 315 332 485
2 26 176
5 25 156 277 504 579
4 104 165 243 444
2 18 181
2 128 165
5 140 144 408 521 587
3 6 36 457
3 3 30 574
3 9 36 345
2 177 307
4 0 129 306 442
4 36 176 367 526
2 19 167
7 5 71 236 259 272 357 460
2 4 46
8 17 73 245 385 410 443 520 567
1 36
5 23 196 458 556 584
2 80 231
2 1 132
2 2 308
2 18 36
2 11 70
3 25 189 274
5 134 328 341 451 536
3 47 220 280
7 95 190 267 284 300 424 487
2 2 233
2 39 316
2 21 170
1 43
2 11 117
3 8 208 477
2 59 169
3 3 89 599
3 70 187 269
2 6 59
2 26 158
4 29 93 378 575
2 34 42
3 5 112 300
4 41 231 405 452
2 21 91
3 20 73 277
2 144 363
6 35 119 266 498 514 548
3 36 64 288
1 105
5 78 263 295 414 524
2 85 244
2 0 102
3 23 253 436
3 64 299 372
2 11 23
2 60 231
2 42 178
4 3 241 352 388
2 4 56
2 86 143
2 219 261
3 2 209 388
2 21 119
2 76 243
3 34 103 548
2 0 128
2 30 60
2 30 244
2 182 193
4 5 80 373 442
3 0 82 343
2 18 264
2 38 46
3 0 76 353
4 21 57 479 506
2 118 471
3 0 111 555
4 8 194 468 535
2 15 266
3 0 23 358
4 7 216 331 448
3 46 71 349
3 5 270 486
3 244 258 564
2 63 392
4 63 70 480 573
6 5 70 431 434 472 558
1 45
2 153 177
2 197 228
2 147 227
2 6 238
3 115 143 316
4 5 35 396 494
2 188 511
2 3 42
3 13 15 332
2 68 158
2 184 217
2 246 309
3 142 192 371
3 40 66 376
2 3 186
4 46 71 330 473
2 87 181
4 17 137 529 582
3 15 201 359
2 132 133
2 3 187
2 124 198
3 195 429 549
1 242
2 100 108
1 320
4 3 297 361 578
4 217 313 404 530
2 18 69
2 134 418
3 44 153 461
3 82 134 382
2 6 104
3 95 154 475
3 90 123 362
2 31 503
3 23 242 563
4 0 2 361 523
1 287
2 79 96
3 91 226 350
2 14 161
2 21 83
2 14 188
2 163 298
3 204 345 566
5 18 19 376 451 593
2 3 274
2 140 290
2 36 149
2 86 124
3 44 172 503
3 169 231 394
2 101 296
3 47 323 386
1 108
3 331 342 466
2 70 339
3 21 262 575
2 59 190
2 80 598
2 89 173
3 45 229 462
2 83 177
3 35 53 412
2 76 134
3 115 317 504
2 19 270
2 213 286
2 15 156
2 25 38
2 318 351
2 11 175
2 90 256
4 82 117 432 549
3 102 203 463
2 25 100
3 6 336 409
2 33 177
2 26 83
3 188 233 508
2 0 359
2 68 141
2 274 278
2 16 127
2 61 212
1 42
3 73 301 589
2 117 533
2 36 357
2 33 182
2 128 310
2 17 144
2 20 36
2 6 36
2 0 58
2 30 101
2 13 50
3 9 15 569
2 11 332
1 259
2 80 112
3 10 47 583
2 3 223
2 158 382
3 115 233 589
2 108 191
2 23 369
1 187
3 59 266 598
3 109 197 489
2 24 205
3 3 61 477
4 190 334 430 499
2 1 61
2 4 72
2 2 149
2 2 8
2 13 46
3 14 244 432
3 40 213 480
2 82 210
1 149
2 53 89
3 142 327 474
2 186 418
2 3 303
4 379 424 545 546
2 8 80
2 69 303
3 14 21 595
3 10 269 514
2 11 85
2 30 207
3 198 211 529
2 5 85
2 6 107
2 228 286
2 58 233
2 170 220
3 149 200 513
2 11 15
2 532 534
2 129 297
2 89 97
3 5 50 463
2 242 351
2 259 568
2 34 186
1 54
3 132 194 568
3 35 112 521
2 209 224
2 14 235
2 8 43
2 59 231
2 73 335
2 5 367
2 380 450
3 7 78 522
2 19 183
2 95 361
2 44 50
2 184 294
2 54 61
1 170
2 91 292
1 303
2 93 320
2 163 429
2 5 338
2 19 25
2 250 417
2 68 159
2 81 291
2 302 425
2 4 47
3 5 202 574
1 50
2 76 96
2 2 217
2 76 299
2 102 244
2 105 200
2 2 415
2 42 201
1 40
2 36 74
2 102 177
3 83 310 550
3 41 96 545
2 23 46
2 11 107
2 46 263
2 76 418
3 17 21 550
2 57 539
3 41 131 591
2 340 356
3 219 371 531
2 26 122
2 117 291
2 119 142
2 123 385
2 6 212
3 15 565 577
2 38 311
3 3 99 552
2 20 445
2 263 436
2 60 107
2 9 38
2 28 135
2 100 101
2 40 45
1 233
2 223 456
2 42 464
2 191 342
4 102 266 538 579
2 158 183
1 229
2 21 121
3 61 85 561
2 322 439
2 25 332
2 5 504
2 24 447
2 1 393
2 34 447
2 214 294
2 73 242
2 13 209
2 41 524
1 501
2 0 161
2 0 216
2 0 16
2 11 14
2 8 113
2 432 495
2 3 432
3 2 200 553
3 263 281 566
2 327 379
2 494 500
2 56 70
2 192 512
2 153 547
2 2 74
2 91 293
2 115 235
2 72 198
2 47 303
2 84 97
1 97
2 147 528
2 13 39
2 7 341
2 119 300
2 197 510
2 350 548
1 233
2 452 455
2 10 403
2 10 80
2 36 70
2 35 186
2 66 302
2 225 482
2 256 363
2 18 76
2 47 510
2 80 331
3 219 524 590
2 76 192
2 6 162
2 83 322
2 100 407
2 36 235
2 75 76
2 24 27
1 223
2 50 205
2 392 410
2 14 579
2 42 502
2 18 121
2 46 351
2 50 160
2 153 435
2 25 70
1 51
2 365 414
2 67 252
