100
11 1 2 3 4 7 9 21 24 49 87 96
8 0 2 30 38 48 72 76 80
17 0 1 5 7 8 16 17 26 31 37 42 50 59 62 66 81 98
6 0 6 12 19 22 75
4 0 11 14 46
8 2 13 22 28 34 45 84 87
4 3 8 41 76
6 0 2 20 31 41 96
5 2 71 6 18 90
5 0 20 29 37 56
3 12 16 36
2 4 39
3 3 10 66
5 5 73 30 36 53
4 4 18 27 94
1 26
2 2 10
5 2 21 27 47 93
3 8 14 88
2 3 78
2 7 9
4 0 17 45 95
4 3 5 25 51
2 81 92
3 0 77 61
3 22 54 94
6 2 70 15 33 60 64
7 14 74 17 42 43 47 91
4 5 77 69 88
2 9 35
4 1 13 49 67
3 2 7 63
1 60
1 26
2 5 62
1 29
2 10 13
7 2 9 74 39 57 68 69
1 1
2 11 37
1 43
2 6 7
2 2 27
3 27 79 40
1 50
3 5 21 51
1 4
3 17 27 90
3 1 52 97
3 0 30 54
3 2 44 58
3 22 45 52
3 48 51 98
1 13
2 25 49
2 83 68
1 9
5 85 37 89 95 67
1 50
2 2 99
2 26 32
1 24
2 2 34
1 31
1 26
1 91
3 2 12 78
2 30 57
3 82 37 55
3 75 28 37
1 26
2 8 89
2 1 85
1 13
2 37 27
3 3 69 79
2 1 6
2 24 28
2 19 66
3 75 43 92
1 1
2 2 23
1 68
1 55
2 5 86
2 72 57
1 84
2 0 5
2 18 28
2 71 57
2 8 47
2 27 65
2 23 79
1 17
2 14 25
2 21 57
2 0 7
1 48
2 2 52
1 59
