1000
64 1 2 3 5 7 8 14 26 33 34 36 41 46 51 69 75 77 81 83 88 93 101 104 122 136 147 152 157 176 189 196 211 229 230 258 262 265 276 351 357 359 364 367 398 399 420 437 568 569 619 641 653 655 744 766 775 785 808 823 874 892 900 908 990
36 0 3 4 6 11 16 23 24 43 45 48 52 53 54 139 146 154 177 203 205 214 215 274 310 314 366 489 603 604 608 656 767 769 772 825 968
36 0 5 9 29 40 65 105 115 148 153 155 165 200 222 253 262 308 347 349 360 371 418 431 563 633 635 674 709 747 761 804 848 886 967 974 980
54 0 1 4 6 8 12 17 19 29 31 32 34 37 38 42 61 64 73 84 88 117 119 153 162 223 233 243 247 248 249 263 267 290 316 318 319 324 371 384 407 409 429 438 468 583 649 698 758 773 797 809 867 895 950
46 1 3 7 11 16 17 19 21 51 67 107 109 112 169 178 185 195 211 213 226 232 303 318 333 352 380 509 524 529 552 559 573 575 632 637 664 670 681 703 763 765 780 789 844 901 958
29 0 2 9 10 15 21 44 49 58 89 93 96 111 165 166 219 242 246 289 328 335 486 578 601 677 702 715 892 959
37 1 3 12 18 22 25 30 63 67 99 102 116 183 283 331 345 391 414 419 442 453 456 467 503 528 599 644 699 727 739 742 765 793 865 943 974 993
49 0 4 13 14 27 35 36 38 49 55 64 65 94 110 138 143 181 193 219 220 283 296 358 390 400 401 439 444 538 544 557 559 570 574 599 625 638 689 708 709 754 764 819 854 870 885 952 988 991
9 0 3 46 58 144 241 281 569 909
48 2 5 10 28 41 53 54 79 80 102 103 106 201 220 228 230 239 253 260 277 281 301 310 312 333 356 364 373 391 475 476 489 515 529 540 545 578 591 609 671 673 684 691 792 793 843 954 978
37 5 9 13 15 22 50 80 83 99 120 128 222 228 250 261 275 301 304 329 338 355 359 377 382 428 437 447 462 490 532 551 617 770 870 935 953 969
12 1 4 26 42 57 87 90 238 388 432 516 737
18 3 6 20 96 164 192 213 257 419 457 464 517 582 601 727 805 812 993
23 7 10 28 114 164 180 307 325 474 509 544 651 725 739 768 799 800 833 857 861 887 912 995
9 0 7 37 131 140 286 483 722 856
56 5 10 20 23 24 25 31 33 40 47 48 59 70 77 85 87 105 121 122 128 132 157 162 180 190 203 210 239 269 316 327 343 363 376 382 394 433 480 506 511 541 587 595 615 639 711 741 790 809 812 851 858 912 925 939 955
15 1 4 18 56 66 72 79 94 199 308 328 345 545 630 827
6 3 4 35 82 91 636
22 6 16 39 44 50 56 76 100 126 143 148 221 277 298 306 353 498 502 562 652 876 888
5 3 4 137 539 831
9 12 15 57 78 137 313 329 389 461
3 4 5 452
10 6 10 121 321 646 673 715 944 957 982
19 1 15 59 86 168 174 226 288 324 336 350 368 494 527 546 626 663 784 839
4 1 15 208 535
10 6 15 27 97 124 138 158 186 221 790
20 0 11 32 75 126 141 183 206 210 314 370 372 389 406 436 441 516 749 758 832
8 7 25 30 45 182 346 685 860
7 9 13 43 171 654 666 983
18 2 3 39 86 150 167 170 326 479 494 571 615 670 683 731 743 817 820
12 6 27 71 133 326 335 449 492 647 661 676 746
2 3 15
14 3 26 61 74 117 173 271 352 355 397 445 472 679 787
12 0 15 186 218 374 532 567 624 639 657 849 868
21 0 3 81 85 95 244 290 363 392 462 465 583 589 635 647 706 713 750 776 842 898
14 7 17 62 103 142 179 185 188 206 280 430 933 941 997
3 0 7 824
5 3 14 317 383 457
14 3 7 201 256 263 346 362 405 537 582 597 745 806 984
8 18 29 118 127 279 401 508 622
19 2 15 47 52 70 71 89 184 250 311 393 453 576 580 637 643 760 898 972
7 0 9 135 198 278 642 643
4 3 11 659 741
14 1 28 55 74 92 136 145 167 204 307 353 479 575 985
12 5 18 62 76 78 90 190 266 292 798 808 835
8 1 27 354 426 571 650 717 933
9 0 8 60 127 293 431 449 861 913
12 15 40 60 232 372 373 402 621 694 749 763 841
4 1 15 675 802
9 5 7 155 214 272 284 385 514 873
14 10 18 68 73 97 338 421 463 534 576 613 684 880 987
11 0 4 82 130 158 217 436 521 565 602 789
9 1 40 69 271 305 530 641 772 816
5 1 9 129 351 530
6 1 9 159 234 832 867
9 7 43 68 100 192 330 534 723 948
10 16 18 113 255 259 396 520 634 783 786
3 11 20 72
13 5 8 66 109 257 270 332 356 480 646 700 748 856
12 15 23 119 134 161 224 245 265 385 448 487 726
18 46 47 98 115 156 191 194 202 236 464 590 619 703 722 752 769 890 896
5 3 32 179 395 585
16 35 44 63 91 108 116 311 461 590 604 614 777 800 857 979 980
2 6 62
12 3 7 124 163 172 342 395 422 497 568 657 660
12 2 7 216 291 337 441 471 497 577 680 863 977
8 16 58 144 245 264 460 465 961
5 4 6 698 773 930
8 50 55 151 285 340 510 659 842
4 0 52 237 640
6 15 40 134 171 581 814
16 30 40 95 125 139 198 278 295 481 801 827 845 878 942 960 998
4 16 57 84 367
4 3 50 107 332
3 32 43 543
3 0 26 320
5 18 44 199 200 565
8 0 15 288 300 429 440 570 632
4 20 44 161 508
7 9 16 120 500 726 782 947
9 9 10 110 160 187 309 434 913 994
15 0 34 142 188 196 217 224 297 415 452 512 616 620 623 909
24 17 51 92 104 108 131 135 141 170 175 207 231 383 390 422 427 595 629 680 712 724 806 811 887
9 0 10 149 251 376 548 642 757 778
5 3 72 132 172 678
4 15 34 895 899
2 23 29
5 11 15 268 322 645
7 0 3 182 244 344 398 717
11 5 40 236 247 343 394 519 683 880 960 986
9 11 44 243 302 440 459 491 621 754
9 17 62 98 101 235 238 378 513 890
7 43 82 248 252 591 596 747
3 0 5 455
18 7 16 145 178 194 269 276 379 381 485 488 507 589 613 708 719 723 966
3 34 71 286
3 5 12 748
5 25 50 315 535 963
3 60 91 160
6 6 10 123 173 448 564
11 18 55 106 159 189 495 594 876 965 989 997
4 0 91 734 822
14 6 9 112 113 123 156 272 273 287 349 369 403 553 883
9 9 35 111 140 348 379 418 512 889
12 0 82 233 256 258 299 445 505 523 611 629 826
4 2 15 166 490
11 9 100 114 125 152 187 259 788 954 972 984
3 4 73 369
7 62 82 130 523 662 801 847
3 4 58 610
3 7 80 628
9 5 103 154 240 306 336 484 531 792
3 4 102 168
6 56 102 118 147 406 526
7 13 106 458 504 831 872 951
2 2 60
4 6 62 537 580
4 3 32 218 295
2 39 113
2 3 59
5 10 79 163 628 638
7 15 22 652 660 759 927 956
11 0 15 129 268 285 303 380 411 424 755 877
9 99 102 223 231 291 344 366 388 540
2 25 64
7 71 106 146 255 386 693 988
5 18 26 169 554 574
5 39 46 150 423 884
3 10 15 133
12 53 122 212 216 322 340 414 466 551 681 699 866
6 51 108 229 309 450 779
3 14 82 886
3 15 84 923
5 30 128 241 274 906
2 59 70
6 41 82 149 151 177 935
2 0 43
5 19 20 444 564 720
2 7 25
4 1 71 548 620
3 14 103 204
3 26 82 701
3 35 81 282
7 7 18 176 299 443 612 930
6 8 66 240 491 539 873
5 43 94 486 593 669
3 1 125 225
4 0 113 260 458
7 2 18 197 237 305 323 875
6 83 135 399 671 834 914
4 29 127 690 802
3 68 135 184
4 0 106 208 304
7 2 3 195 209 325 407 662
4 1 111 420 967
9 2 49 181 209 249 252 472 668 697
5 60 102 174 342 737
11 0 15 287 413 558 610 667 795 807 866 928
3 25 51 193
3 54 100 961
6 80 98 484 543 553 864
5 59 78 205 215 434
2 3 15
3 64 120 687
7 12 13 175 408 618 634 685
3 2 5 294
2 5 105
3 29 43 750
4 23 112 341 384
3 4 126 979
4 29 82 606 916
2 28 70
5 64 84 413 542 893
3 32 99 907
3 23 156 225
3 82 164 297
8 0 143 234 428 456 475 511 803
2 1 135
5 4 94 334 518 630
6 35 61 358 661 704 970
4 13 15 207 404
2 7 155
5 27 88 470 538 884
3 6 26 202
5 40 151 212 261 676
11 4 35 197 275 292 320 542 557 714 781 869
6 25 33 400 549 627 903
2 80 106
4 35 81 625 921
3 0 100 821
8 15 44 191 254 293 435 513 554
3 60 190 330
7 12 55 300 397 536 899 977
5 7 158 282 378 862
2 60 94
3 4 153 555
6 0 81 550 597 889 955
2 148 185
2 41 71
3 16 76 586
2 2 76
3 9 38 902
3 60 183 467
4 1 15 321 405
6 43 140 246 348 365 417
2 1 161
2 26 35
2 82 180
4 24 152 242 525
5 153 155 460 701 934
4 15 26 478 841
4 0 4 501 824
5 129 184 918 926 942
7 4 12 273 279 517 705 719
3 1 49 478
7 1 161 498 514 626 667 953
9 65 129 227 270 476 550 600 852 922
3 51 81 432
3 33 117 227
2 5 7
3 7 9 849
5 18 25 298 957 966
3 2 10 609
7 3 123 360 416 504 732 915
4 59 81 264 370
3 146 174 560
6 4 23 339 377 839 897
3 216 218 235
4 9 10 451 483
3 0 130 455
2 0 9
6 82 123 296 607 679 716
2 4 47
4 3 104 803 826
10 54 176 254 331 387 435 482 592 813 855
3 91 227 956
3 60 89 874
5 69 148 920 945 986
4 11 91 675 781
11 9 15 251 337 368 520 546 592 664 825 981
3 111 144 929
3 8 133 284
4 5 208 602 669
4 3 90 375 648
3 34 88 294
3 59 66 919
5 5 204 266 618 663
2 3 89
2 3 92
6 3 155 446 527 633 678
2 10 40
5 83 239 697 761 894
5 92 155 386 442 533
2 2 9
4 190 234 381 500
2 56 125
4 38 104 424 525
3 12 58 334
6 0 104 267 374 433 655
3 56 106 421
3 9 147 686
8 10 184 289 357 410 415 644 686
5 0 2 757 868 910
7 3 38 443 466 474 690 746
3 66 224 392
3 0 59 674
6 44 246 315 430 493 786
4 3 258 805 888
2 87 122
3 15 94 603
8 58 216 280 302 573 738 936 996
2 32 52
2 49 102
5 102 213 473 622 872
2 1 133
3 10 185 323
3 0 94 840
2 9 18
3 41 71 566
4 39 213 423 470
4 35 270 313 319
2 8 9
2 142 193
6 6 7 347 541 585 900
4 49 241 403 502
3 68 122 438
2 14 95
2 102 157
4 23 77 561 939
2 5 261
5 3 34 410 425 891
4 65 123 417 473
2 44 185
3 46 190 605
4 165 244 608 881
3 71 117 738
2 7 231
6 81 175 567 672 740 864
6 18 221 446 503 522 840
3 104 143 704
3 77 192 365
8 9 10 317 361 495 507 843 860
5 90 270 341 408 702
3 4 122 339
4 10 152 427 471
5 52 148 312 354 454
5 18 111 404 411 412
5 13 43 362 688 745
2 2 16
2 80 130
3 1 9 756
2 40 62
2 9 305
2 20 280
3 1 26 327
3 97 266 949
5 3 15 402 672 797
4 37 301 759 943
4 3 4 682 816
3 3 280 906
4 75 185 556 560
3 22 203 396
8 87 129 350 584 587 783 863 923
5 148 275 393 416 836
4 3 23 361 952
2 13 153
3 29 30 846
3 15 314 563
4 5 16 650 755
2 10 20
3 55 191 728
3 6 234 547
3 58 73 658
3 4 9 987
3 178 257 771
2 5 30
3 23 111 928
2 65 239
3 10 50 454
2 226 303
4 68 129 649 814
2 168 302
3 64 156 375
6 15 89 612 718 823 964
2 88 123
4 6 16 499 836
4 27 38 732 917
2 2 283
3 103 204 654
2 2 102
5 23 322 387 653 688
2 0 53
4 4 32 594 648
2 18 43
3 45 305 451
2 10 32
3 9 58 588
3 0 261 631
3 7 179 973
4 0 10 412 932
2 2 223
4 301 324 736 896
4 38 307 584 838
2 15 34
3 0 9 782
3 204 300 487
3 1 123 830
4 0 72 447 968
4 23 239 729 798
3 102 107 481
2 26 224
2 2 3
4 26 47 640 691
6 9 47 439 598 743 937
3 33 258 561
4 243 342 450 505
3 15 83 721
2 10 226
7 91 193 524 533 579 733 807
3 94 103 885
3 4 122 593
2 94 254
2 10 15
3 37 82 605
2 3 168
2 49 59
3 125 252 409
2 234 350
4 11 123 426 774
2 20 26
2 7 82
4 6 9 760 918
4 34 264 522 607
5 40 323 510 611 666
2 15 89
3 61 64 636
2 56 321
2 32 192
4 0 88 815 829
4 0 149 485 753
3 7 186 751
2 7 39
2 47 316
3 102 284 751
2 180 306
9 38 203 459 526 579 600 707 847 945
2 26 113
2 3 153
3 164 302 623
2 3 386
4 261 290 767 829
2 122 306
2 306 359
3 157 172 506
3 6 129 501
3 81 261 810
2 223 323
6 204 291 531 810 894 929
3 2 103 425
3 6 12 624
3 0 154 482
4 50 259 556 631
2 64 82
5 127 279 562 572 712
4 122 256 499 811
2 290 418
3 45 388 536
3 82 304 469
2 10 176
4 3 77 519 958
2 35 266
2 2 46
2 11 217
2 15 258
4 80 161 616 725
2 190 234
8 26 51 468 469 547 566 777 804
3 0 10 521
3 3 285 710
4 7 373 682 778
4 77 90 488 820
4 26 65 645 837
3 6 252 859
3 143 263 493
2 7 137
3 32 104 558
3 249 298 891
4 10 367 835 992
2 59 99
3 30 46 730
3 130 375 572
2 228 354
6 21 81 463 492 731 828
2 6 40
2 305 338
2 93 229
2 6 176
4 12 37 714 784
3 114 147 656
3 90 405 791
4 66 209 927 983
4 20 62 477 978
2 10 34
4 50 452 730 834
3 12 60 795
2 34 66
5 129 263 477 744 875
2 6 202
3 3 436 496
4 427 436 617 762
4 182 279 586 813
2 65 304
2 32 155
2 273 291
4 13 263 577 837
3 9 176 934
2 9 216
3 461 466 515
2 210 214
2 29 43
2 15 58
2 71 369
4 234 420 817 822
3 14 228 668
2 111 160
2 94 399
2 5 145
2 59 365
3 94 440 828
4 1 9 528 549
2 10 105
3 90 144 496
2 30 452
2 266 443
2 23 29
2 100 301
3 468 491 975
4 64 65 734 853
3 18 215 764
2 345 424
2 79 254
3 211 414 693
2 18 284
3 6 298 770
2 114 223
7 104 375 596 721 776 821 971
3 15 413 694
2 94 301
3 39 78 940
3 4 13 555
3 68 393 627
3 15 176 518
3 81 103 794
2 91 190
2 49 215
2 9 477
3 11 26 779
4 12 213 677 687
2 178 511
3 89 429 862
2 56 239
3 51 437 716
2 298 392
2 104 108
3 4 378 787
2 208 256
2 113 405
2 23 249
2 6 489
3 4 9 922
3 52 53 651
2 111 417
3 10 33 614
2 252 378
3 50 55 552
2 24 97
2 192 426
2 38 116
5 7 182 692 705 735
4 19 144 588 859
3 9 123 598
3 15 283 944
3 172 185 962
2 74 160
5 7 13 665 696 938
2 9 16
3 23 239 879
2 331 436
2 83 139
2 186 489
3 196 216 818
2 10 129
2 4 534
3 102 160 911
2 126 190
2 195 509
3 320 421 689
4 7 185 581 692
3 157 445 905
3 4 7 713
2 225 320
2 288 374
2 18 423
2 2 327
2 99 137
2 51 76
3 278 436 658
2 33 297
2 0 64
4 0 8 959 975
4 7 77 796 951
4 29 45 796 924
2 423 450
2 4 270
3 7 126 775
2 4 43
2 40 50
2 65 474
2 5 9
2 378 405
2 40 116
3 70 557 992
2 12 38
4 3 34 665 917
2 322 362
3 61 283 903
3 199 470 833
2 15 322
2 356 539
2 34 94
2 60 62
2 9 92
3 234 239 982
3 145 380 996
2 100 352
2 15 82
3 92 505 606
2 38 196
2 373 540
2 6 7
2 216 405
3 5 12 695
3 51 242 799
2 1 269
2 1 62
2 293 383
3 170 596 707
3 231 392 700
2 1 294
3 9 222 904
2 109 157
2 104 393
2 143 343
4 50 94 910 949
4 62 532 711 756
2 15 29
3 81 434 950
2 10 469
2 164 246
2 0 60
2 81 139
2 47 90
2 39 273
2 81 408
3 33 419 753
2 7 188
2 23 215
2 186 510
2 110 120
4 82 104 785 855
3 16 178 969
2 357 421
2 4 77
2 2 249
3 56 164 919
2 2 34
2 17 395
3 4 40 878
3 7 120 696
2 15 33
2 69 372
2 0 52
2 41 83
3 40 41 914
2 6 261
2 87 441
4 22 58 846 883
3 30 34 706
2 243 352
3 3 340 736
3 45 328 869
2 13 530
2 18 121
2 0 350
2 28 348
2 0 258
2 1 458
2 33 64
2 332 566
2 42 68
2 64 121
2 30 179
3 108 153 771
2 23 246
2 4 239
2 544 583
4 28 393 794 815
2 157 215
2 155 483
4 145 242 733 904
3 4 29 729
2 9 149
2 297 316
4 9 22 742 990
6 2 265 695 740 830 851
2 48 238
3 30 184 710
2 5 517
2 84 249
2 32 231
2 65 82
2 4 129
3 318 439 735
4 29 89 941 973
3 9 50 720
2 27 164
2 260 261
3 163 517 728
2 307 350
3 7 556 976
2 150 263
3 9 372 718
2 538 557
2 125 501
2 47 506
2 601 674
2 544 638
2 155 251
3 3 67 931
2 6 129
2 58 607
2 141 209
2 5 302
2 4 60
2 179 299
2 213 538
4 34 647 768 852
2 405 606
2 7 94
2 2 7
3 438 676 724
4 15 614 845 965
3 82 423 907
2 34 559
3 185 457 854
2 5 22
2 231 521
4 45 88 818 881
2 343 691
2 94 213
2 137 684
2 376 505
2 14 60
2 55 94
2 82 710
3 13 434 882
3 59 79 871
2 6 12
2 330 687
3 368 670 925
3 449 463 791
2 29 452
4 223 346 871 905
3 378 669 752
2 101 497
2 538 682
2 361 649
2 11 156
2 270 295
2 6 13
2 297 674
2 15 42
2 6 673
2 29 373
2 0 466
2 38 307
2 30 263
2 2 92
2 58 96
2 26 47
2 34 167
2 400 403
2 60 733
3 399 624 762
3 7 90 774
2 122 328
2 310 614
2 83 262
2 3 26
2 121 317
4 40 391 780 897
2 2 251
2 469 753
3 4 47 766
2 7 498
2 4 6
2 0 763
2 1 410
3 13 706 901
2 1 60
2 10 503
2 334 662
3 1 52 932
2 3 67
2 388 754
3 0 574 844
2 34 505
2 62 436
3 83 439 788
2 130 516
3 4 760 971
3 185 238 850
2 79 364
2 56 322
2 23 457
2 0 629
4 56 266 850 962
2 32 524
3 106 778 936
2 4 51
2 15 25
2 459 730
3 9 111 853
2 6 9
2 512 666
2 157 464
3 570 571 920
2 3 316
2 44 368
2 13 602
2 13 62
2 71 108
2 48 150
2 176 233
3 2 436 819
2 12 267
2 38 82
3 157 378 947
2 0 44
3 3 15 858
2 415 417
2 82 424
2 12 15
2 234 470
2 70 340
2 398 666
2 52 318
2 29 482
2 550 717
4 7 804 915 963
2 29 440
2 189 505
3 101 482 848
2 0 343
3 36 211 838
2 1 239
2 104 233
2 16 71
3 452 488 879
3 398 410 877
2 366 674
2 19 114
3 26 54 911
2 13 586
2 149 463
2 44 447
2 323 345
3 441 474 946
2 362 824
2 23 226
2 276 298
2 47 210
2 34 68
3 9 301 865
2 4 775
3 71 711 882
2 326 646
2 108 405
2 2 822
2 33 220
2 781 786
2 15 674
2 216 706
2 497 792
2 7 714
2 234 629
3 14 58 924
2 13 62
3 15 809 893
2 442 539
2 27 301
2 13 46
3 193 519 999
2 65 322
2 160 297
2 6 843
3 129 157 926
2 3 54
3 33 262 908
2 185 650
2 7 10
2 726 732
2 114 273
2 49 144
2 0 236
2 148 466
2 18 100
2 122 829
4 71 637 916 989
2 546 828
2 50 89
2 294 717
2 725 845
2 102 646
2 127 182
3 7 379 994
2 2 131
2 13 82
2 18 267
2 103 196
3 60 91 902
2 290 446
2 0 5
2 172 858
2 251 417
2 3 85
2 60 361
3 226 760 946
2 34 40
2 85 192
2 0 283
3 4 768 995
2 201 890
4 186 585 970 976
3 609 669 999
2 558 732
2 133 319
2 173 712
2 0 868
2 8 81
2 262 613
3 553 832 931
4 13 15 937 940
3 46 80 964
2 149 643
2 223 819
3 170 878 921
2 346 583
2 212 391
2 245 634
2 237 796
2 188 916
3 216 529 991
3 132 322 948
3 571 856 938
2 15 729
2 212 866
2 121 460
2 157 336
2 240 417
3 67 143 981
2 698 911
2 359 772
2 35 45
2 209 475
2 10 135
2 270 788
2 373 912
2 544 924
2 15 288
2 508 912
2 35 683
2 71 212
2 6 317
2 22 541
2 237 405
2 837 897
2 79 807
2 55 923
2 315 613
2 3 616
3 114 570 998
2 7 324
2 10 215
2 9 106
2 15 196
2 121 235
2 22 221
2 4 429
2 5 569
2 71 89
2 66 159
2 542 786
2 97 819
2 343 913
3 100 711 985
2 94 221
2 2 154
2 1 367
2 10 630
2 179 903
2 505 780
2 40 106
2 358 683
2 2 6
2 496 569
2 689 903
2 65 192
2 9 461
2 62 169
2 2 62
2 239 930
2 22 592
2 28 460
2 38 106
2 43 965
2 89 237
2 50 333
2 7 125
2 100 878
2 0 673
2 7 922
2 447 581
2 6 12
2 80 885
2 13 901
2 270 593
2 35 100
2 71 951
2 862 904
