600
39 1 2 3 5 7 8 22 29 30 32 37 41 46 66 70 72 76 80 86 89 103 118 126 145 150 161 173 190 202 252 256 273 286 294 373 402 476 489 544
22 0 3 4 6 11 15 20 38 40 43 47 114 123 155 157 163 164 200 227 393 396 421
17 0 5 9 25 36 56 119 122 124 132 153 190 430 441 486 584 588
39 0 1 4 6 8 12 17 25 27 28 30 33 34 55 63 73 76 98 100 122 169 176 181 183 184 191 194 212 229 231 290 316 381 437 469 482 525 540 573
26 1 3 7 11 15 17 46 58 91 93 133 143 161 162 175 247 351 364 368 377 409 411 425 465 545 578
14 0 2 9 10 14 39 44 50 80 82 94 132 237 379
23 1 3 12 16 19 21 26 54 58 84 87 97 141 209 243 270 298 338 390 413 451 523 569
30 0 4 13 23 31 32 34 44 48 55 56 81 116 139 148 209 217 269 274 295 300 362 366 368 374 390 407 441 460 527
8 0 3 41 50 117 180 207 549
27 2 5 10 24 37 47 68 69 87 88 90 172 178 188 203 207 222 227 251 261 270 321 322 359 379 511 575
23 5 9 13 14 19 45 69 72 84 101 108 172 189 201 222 250 252 294 303 354 401 467 527
8 1 4 22 75 77 291 347 455
10 3 6 18 82 131 147 162 187 314 451
18 7 10 24 96 131 138 225 235 320 362 449 466 484 503 518 537 552 595
32 5 10 18 20 21 27 29 36 42 43 51 60 66 74 75 102 103 108 126 138 146 155 160 178 196 229 263 325 344 442 514 552
12 1 4 16 49 57 62 68 81 152 237 243 498
22 6 15 35 39 45 49 65 85 106 116 119 168 203 219 224 248 334 337 369 419 530 538
5 3 4 113 358 501
4 12 14 67 113
7 6 10 102 233 415 577 590
9 1 14 51 136 211 246 257 331 363
6 6 14 23 83 127 168
13 0 11 28 106 141 160 259 260 279 293 297 347 502
8 7 21 26 40 140 244 432 520
7 9 13 38 134 420 427 591
12 2 3 35 120 236 324 331 375 453 458 492 493
8 6 23 61 111 236 305 330 416
2 3 14
10 3 22 64 98 135 247 250 301 318 477
5 0 14 167 354 372
13 0 3 70 74 212 271 315 381 416 440 444 470 510
9 7 53 88 115 143 144 206 564 597
3 0 7 496
3 3 230 265
9 3 7 191 244 254 278 357 459 487
8 16 25 99 107 205 274 342 405
10 2 14 42 60 61 142 272 411 412 464
5 0 9 151 204 412
11 1 24 48 64 79 156 225 248 324 377 592
12 5 16 53 65 67 77 146 193 214 483 489 504
7 1 23 249 375 418 446 564
7 0 8 52 107 215 305 553
10 14 36 52 175 260 261 275 404 465 509
3 1 14 485
9 5 7 124 163 198 210 266 346 529
8 10 16 59 63 83 313 356 398
9 0 4 71 110 127 166 293 371 392
6 1 9 128 177 502 525
6 7 38 59 85 147 356
6 15 16 95 349 410 475
12 5 8 57 93 187 197 238 251 325 415 438 517
11 14 20 100 112 130 170 182 266 304 327 450
9 41 42 125 149 154 314 385 402 541
13 31 39 54 78 92 97 385 399 471 484 518 587 588
2 6 53
6 3 7 241 287 373 423
8 2 7 165 213 240 297 378 586
8 15 50 117 182 192 312 315 580
5 4 6 437 469 562
5 45 48 121 343 510
5 14 36 112 134 380
12 26 36 105 114 151 204 326 498 512 532 579 598
3 15 73 256
4 3 45 91 238
3 28 38 361
5 16 39 152 153 371
8 0 14 211 221 290 296 374 409
4 18 39 130 342
7 9 15 101 335 450 474 571
6 9 10 129 226 292 553
15 0 30 115 144 150 166 170 218 283 308 345 400 403 406 549
14 46 79 89 92 137 158 174 265 269 287 408 443 487 537
3 0 10 263
3 3 62 431
4 14 30 540 543
4 11 14 195 414
6 0 3 140 242 273 446
9 11 39 181 223 296 311 329 404 460
3 53 86 264
4 38 71 183 185
3 0 5 309
10 7 15 149 196 202 328 341 398 447 583
2 5 12
3 21 45 228
6 6 10 104 135 304 370
11 16 48 90 128 145 332 388 530 582 593 597
3 0 78 495
11 6 9 95 104 125 198 199 258 276 365 535
5 9 31 94 245 345
8 0 71 176 220 301 340 408 497
5 9 85 96 105 575
3 4 63 258
4 53 71 110 424
3 4 50 397
6 5 88 123 179 224 353
6 49 87 99 118 279 352
7 13 90 310 339 501 528 574
3 6 53 357
3 3 28 167
2 35 95
2 3 51
2 10 68
7 14 19 419 423 463 560 576
7 0 14 109 195 281 461 531
7 84 87 169 174 213 242 359
3 61 90 267
3 16 22 133
5 35 41 120 288 536
3 10 14 111
3 103 165 524
6 46 92 173 226 306 472
5 26 108 180 200 547
2 51 60
4 17 18 300 370
3 1 61 403
3 31 70 208
5 7 16 220 299 562
6 8 57 179 329 358 529
4 0 95 188 310
3 2 16 234
4 25 107 434 485
2 59 142
5 2 3 159 235 424
4 1 94 286 584
8 2 44 139 159 184 185 318 436
5 52 87 136 241 455
8 0 14 367 397 428 480 488 524
3 21 46 148
3 47 85 580
4 69 361 365 522
5 51 67 157 164 292
6 12 13 137 280 410 432
3 2 5 216
3 4 106 587
2 24 60
3 28 84 548
2 20 125
3 71 131 218
4 13 14 158 277
2 7 124
4 23 76 317 536
3 6 22 154
3 36 121 189
10 4 31 201 214 232 360 366 445 473 526
4 31 70 407 558
3 0 85 494
4 14 39 186 215
5 12 48 221 543 586
5 7 127 208 264 521
2 52 81
2 0 70
2 37 61
3 15 65 383
2 2 65
2 52 141
4 1 14 233 278
4 38 245 255 285
2 1 130
2 71 138
5 122 124 312 439 565
4 14 22 323 509
4 0 4 336 496
5 4 12 199 205 447
3 1 44 323
5 1 130 334 346 428
7 56 109 171 197 322 391 515
3 46 70 291
3 29 98 171
5 16 21 219 577 583
5 3 104 284 339 454
4 51 70 192 259
2 165 167
3 9 10 307
3 0 110 309
4 71 104 217 395
2 4 42
3 3 89 497
5 47 186 268 386 516
9 9 14 240 257 349 363 386 425 589
3 94 117 561
3 8 111 210
4 3 77 262 417
2 51 57
2 3 79
4 3 124 302 431
5 79 124 267 298 355
3 146 177 335
3 12 50 239
2 9 118
4 10 142 283 413
3 0 2 550
5 3 34 299 320 434
3 57 170 271
2 39 228
2 3 538
2 75 103
3 14 81 393
6 50 165 206 223 456 596
2 44 87
5 87 162 319 405 528
2 1 111
3 10 143 234
3 0 81 508
2 9 16
2 37 61
4 35 162 288 317
3 31 197 231
2 8 9
2 115 148
3 6 7 544
4 44 180 276 337
2 20 66
4 3 30 289 539
4 56 104 285 319
2 39 143
3 41 146 394
2 132 396
2 7 174
6 70 137 372 429 457 522
6 16 168 302 338 350 508
2 89 116
3 66 147 255
8 9 10 230 253 332 341 511 520
3 77 197 280
5 16 94 277 281 282
5 13 38 254 433 459
2 69 110
3 1 9 462
3 83 193 572
5 3 14 275 429 482
4 33 222 463 569
3 3 206 547
1 143
2 19 155
5 119 201 272 284 505
2 13 122
2 25 26
4 5 15 418 461
3 50 63 422
2 187 468
2 56 178
3 55 125 262
2 76 104
3 6 15 505
4 23 34 454 555
3 88 156 420
3 20 268 433
4 4 28 388 417
2 16 38
2 40 307
2 10 28
3 9 50 384
3 0 10 282
2 222 541
4 34 225 382 507
3 156 221 327
3 0 62 303
3 20 178 483
3 87 91 326
2 22 170
2 22 42
6 9 42 295 389 458 566
4 181 241 306 340
3 14 72 448
5 78 148 351 355 488
3 33 71 394
2 44 51
2 105 185
2 177 246
2 7 71
4 6 9 464 556
4 30 192 350 395
4 36 234 343 427
4 0 76 491 500
2 7 35
2 42 229
2 87 210
2 138 224
5 34 155 311 352 391
2 22 95
3 131 223 406
2 103 224
2 224 252
3 70 189 490
2 169 234
5 156 213 353 490 561
2 0 123
2 55 71
5 107 205 369 376 443
1 212
4 3 66 348 578
2 11 166
4 69 130 400 449
5 22 46 316 471 486
2 0 10
2 7 261
4 66 77 328 493
4 22 56 414 506
3 6 185 519
2 116 191
2 7 113
3 28 89 367
3 184 219 539
4 10 256 504 594
2 51 84
3 26 41 452
3 110 262 376
2 172 249
5 70 313 330 453 499
2 80 173
3 96 118 421
3 77 278 478
4 57 159 560 591
3 45 308 452
3 12 52 480
2 30 57
3 3 293 333
3 140 205 383
2 28 124
2 199 213
4 13 191 378 506
2 9 565
2 9 165
2 160 163
2 25 38
2 14 50
2 61 258
2 51 255
3 81 296 499
3 77 117 333
2 26 308
2 20 25
2 85 222
3 316 329 585
2 16 164
2 68 186
1 161
2 16 210
3 6 219 467
2 96 169
5 89 262 448 470 494
2 81 222
3 35 67 568
2 59 272
1 14
3 70 88 479
2 44 164
3 11 22 472
2 290 521
2 49 178
2 219 271
3 4 264 477
2 95 278
2 94 285
3 10 29 399
2 185 264
3 45 48 364
2 34 97
4 17 117 384 519
3 9 104 389
1 143
2 64 129
4 7 13 426 567
3 20 178 533
2 4 356
3 87 129 551
4 7 143 380 435
3 126 301 546
3 4 7 444
2 16 288
2 84 113
2 46 65
2 29 218
2 0 55
4 7 66 481 574
4 25 40 481 559
2 288 306
2 4 38
2 56 320
2 5 9
3 60 366 594
4 3 30 426 555
1 254
3 152 317 503
2 251 358
2 52 53
3 177 178 590
1 596
2 85 247
2 261 359
2 6 7
2 165 278
1 46
2 1 196
2 215 265
3 174 271 438
2 1 216
2 93 126
4 45 81 550 572
4 53 354 442 462
3 70 292 573
1 10
2 0 52
2 70 114
2 42 77
2 35 199
2 70 280
2 7 144
4 71 89 476 516
2 4 66
2 49 131
3 4 36 532
3 36 37 554
2 6 189
2 75 297
3 19 50 535
3 26 30 440
2 181 247
3 40 237 526
2 16 102
2 24 245
2 1 310
1 238
2 55 102
3 92 122 468
2 4 178
2 362 381
4 24 272 479 491
2 126 164
2 218 229
3 2 457 514
2 73 184
2 23 131
2 225 246
2 120 191
1 366
1 124
3 3 58 563
2 50 395
1 159
4 30 416 466 515
2 2 7
4 14 399 512 582
3 71 288 548
2 30 368
1 143
2 40 76
2 81 162
2 263 340
3 13 292 534
2 51 68
2 6 12
3 305 313 478
2 25 308
3 169 244 546
2 11 125
1 197
2 218 430
2 25 261
2 34 225
2 7 77
2 103 237
2 227 399
2 102 230
3 36 270 542
2 4 42
3 13 440 545
2 10 338
2 239 424
2 3 58
2 30 340
2 53 293
2 110 347
2 143 513
1 68
1 49
2 0 408
2 28 351
2 311 452
2 345 427
2 126 314
3 374 375 557
2 3 229
2 39 257
2 13 53
2 43 120
2 2 293
2 34 71
3 126 264 571
2 0 39
2 283 285
2 273 427
1 25
2 25 296
2 145 340
1 86
3 32 161 507
2 89 176
2 15 61
3 308 328 533
2 273 531
2 17 96
3 22 47 551
2 13 383
2 39 303
2 234 243
3 297 320 570
2 254 496
2 202 219
2 42 160
2 30 59
3 9 222 523
3 61 442 534
1 473
2 14 430
2 165 440
2 177 408
2 50 559
2 13 53
2 298 358
2 23 222
3 148 348 599
2 129 218
2 6 511
2 109 126
2 3 47
2 143 418
2 7 10
2 96 199
2 44 117
2 16 85
2 103 500
3 61 411 593
2 363 499
2 449 512
2 87 415
2 107 140
2 13 71
2 16 194
2 212 302
2 3 74
2 52 253
2 464 570
2 74 147
2 0 209
3 4 466 595
2 367 454
2 111 231
2 135 443
2 8 70
2 190 398
3 365 502 563
4 13 14 566 568
3 41 69 581
1 412
2 244 381
1 270
1 481
1 144
3 375 517 567
2 102 312
2 179 285
3 58 116 589
2 437 551
2 31 40
2 159 321
2 261 552
2 362 559
2 342 552
2 6 230
2 506 542
2 68 488
2 228 398
2 3 400
3 96 374 598
2 9 90
1 102
2 19 168
2 4 290
1 61
2 57 128
1 553
3 85 442 592
2 81 168
2 2 123
1 333
2 56 147
2 53 133
2 2 53
2 178 562
2 19 386
2 24 312
2 38 582
2 85 532
2 303 380
2 13 545
2 197 387
2 31 85
2 61 574
1 521
