1000
44 1 2 3 4 5 6 21 34 44 61 74 107 111 137 145 147 184 220 238 239 254 288 297 331 346 357 366 383 405 459 475 493 503 507 564 599 600 620 688 721 722 755 843 868
29 0 4 9 22 33 84 88 130 160 165 168 186 243 274 280 317 344 407 412 440 471 476 536 546 640 656 744 915 964
25 0 3 11 13 16 17 27 70 76 102 137 153 187 198 201 209 250 255 301 339 344 469 572 753 812
33 0 2 8 15 19 38 46 50 55 69 77 127 131 141 170 200 268 308 362 431 540 547 553 591 623 661 687 767 823 853 921 975 994
83 0 1 5 6 7 8 9 10 12 13 14 17 18 21 24 25 27 30 33 42 44 53 60 61 70 74 82 85 93 96 104 152 160 162 169 188 197 208 216 224 234 242 300 323 325 334 370 377 418 423 437 442 451 456 462 472 479 480 496 499 521 550 572 579 581 592 631 655 666 712 715 721 725 736 769 788 806 814 844 891 910 922 943
63 0 4 7 10 14 19 20 22 32 57 64 72 80 103 105 106 139 161 177 217 222 227 236 250 256 259 266 275 278 291 303 310 314 318 355 375 429 467 474 476 477 501 503 511 542 554 614 670 681 685 714 717 729 742 761 766 811 826 837 846 847 883 953
28 0 4 32 72 86 90 98 108 135 180 221 264 292 297 319 356 419 439 443 513 537 635 657 667 697 701 783 947
12 4 5 12 23 83 84 120 411 545 837 852 900
10 3 4 41 58 82 92 125 301 956 979
27 1 4 18 25 26 66 69 99 115 124 138 161 175 212 214 267 287 315 324 375 511 718 786 825 833 860 919
39 4 5 11 15 46 47 56 78 96 155 163 176 185 197 220 237 281 282 353 395 397 399 402 422 515 518 535 539 582 622 680 705 830 849 874 878 897 946 987
10 2 10 43 55 229 244 700 749 872 879
24 4 7 16 52 177 179 181 190 204 246 272 296 327 351 371 401 492 613 658 786 803 804 897 931
10 2 4 23 79 141 389 445 684 975 992
7 4 5 73 267 332 415 917
32 3 10 37 48 57 63 77 83 87 92 102 155 162 182 185 240 284 295 315 333 358 394 560 674 709 733 744 827 854 860 910 955
10 2 12 110 349 433 606 823 846 945 997
7 2 4 142 380 417 433 784
36 4 9 35 37 58 65 71 88 89 136 147 203 230 305 310 311 335 343 360 374 414 458 481 483 508 517 540 596 637 679 724 768 775 818 978 980
12 3 5 20 31 63 91 99 101 150 184 302 642
17 5 19 35 45 54 56 94 132 181 214 235 336 516 632 757 814 933
32 0 4 24 34 75 81 109 114 151 190 198 199 202 206 251 252 337 345 362 372 464 470 490 508 632 647 702 723 772 800 911 913
25 1 5 26 28 38 47 67 79 81 123 126 134 166 167 205 245 284 335 382 421 732 750 864 957 960
28 7 13 31 40 51 71 73 90 107 126 151 167 195 217 313 401 425 496 523 531 557 573 611 616 675 813 848 950
11 4 21 118 124 200 231 352 359 523 530 792
13 4 9 30 62 100 129 165 227 283 383 548 558 880
26 9 22 28 29 65 76 112 144 205 226 247 249 279 293 343 347 390 396 512 606 651 829 866 919 939 963
20 2 4 29 49 59 97 98 145 157 279 373 409 418 423 444 504 731 756 775 828
6 22 26 36 43 384 923
13 26 27 36 122 125 133 154 448 461 556 726 765 817
4 4 25 201 233
10 19 23 54 89 221 285 524 706 793 900
5 5 6 767 844 971
18 1 4 39 100 112 117 187 244 374 380 492 531 538 784 834 867 940 982
7 0 21 196 229 468 649 764
18 18 20 42 154 159 173 207 210 218 251 254 388 445 621 642 728 746 854
29 28 29 39 41 45 49 52 60 66 68 129 130 140 152 176 320 353 478 510 521 542 543 553 673 684 704 801 816 939
12 15 18 40 121 157 194 199 283 373 459 471 840
4 3 22 119 260
9 33 36 253 450 690 711 789 796 916
4 23 37 480 650
3 8 36 997
3 4 35 174
5 11 28 385 392 429
14 0 4 53 62 103 108 116 127 338 562 650 675 879 920
8 20 36 59 111 223 314 346 727
4 3 10 241 342
15 10 22 48 116 119 230 232 294 424 469 507 698 747 811 965
32 15 47 50 64 67 68 80 87 94 106 110 134 224 257 258 278 304 309 333 367 372 378 407 454 484 494 643 702 748 809 948 954
15 27 36 51 86 95 97 136 253 317 320 400 464 470 615 850
2 3 48
8 23 49 367 561 598 743 855 922
6 12 36 113 247 419 441
14 4 44 113 274 360 434 447 608 612 625 745 873 874 918
5 20 31 391 824 949
9 3 11 75 361 377 758 904 915 974
7 10 20 131 169 379 728 731
17 5 15 78 149 166 241 252 273 289 316 327 406 421 465 571 783 927
6 8 18 142 262 363 547
15 27 45 105 115 178 192 195 270 410 482 559 686 734 831 851
6 4 36 528 530 560 593
12 0 4 101 163 228 326 440 501 638 718 782 801
11 25 44 85 95 138 172 173 275 468 514 636
7 15 19 202 262 369 551 610
13 5 48 132 133 182 204 216 234 271 290 319 405 853
5 18 26 272 489 807
5 9 36 520 665 763
4 22 48 381 432
4 36 48 179 189
8 3 9 158 188 329 457 506 885
3 2 4 273
5 18 23 171 193 223
6 5 6 104 330 342 355
8 14 23 203 269 321 449 785 795
3 0 4 299
20 21 55 91 117 148 191 264 285 328 341 555 573 584 766 872 875 909 928 951 991
2 2 26
5 3 15 255 350 773
6 10 57 93 146 211 616
5 13 22 364 478 840
7 5 48 118 513 526 549 668
6 21 22 164 288 576 863
2 4 8
2 7 15
3 1 7 368
7 4 62 128 213 257 306 717
5 6 49 486 548 959
10 15 48 135 149 153 178 225 326 852 998
3 1 18 389
5 18 31 143 148 497
3 6 23 334
6 19 75 168 222 752 905
3 8 15 534
2 4 78
2 20 48
8 49 62 114 143 416 426 815 990
10 4 10 582 587 600 724 751 845 964 988
5 27 49 193 485 587
8 6 27 139 482 488 619 646 973
2 9 19
5 25 33 311 568 612
5 19 61 357 534 586
2 2 15
13 5 44 120 128 305 325 391 473 538 628 634 774 859
7 4 72 140 170 463 483 692
16 5 59 109 144 146 164 171 260 626 682 776 819 826 876 949 980
4 5 48 121 500
10 0 23 122 438 555 595 749 883 892 902
2 6 44
2 21 105
3 16 48 906
16 0 45 123 215 232 298 349 437 455 460 552 574 640 655 681 796
5 26 33 398 672 898
2 52 53
4 21 95 156 172
6 9 59 307 397 424 618
5 44 47 569 709 770
7 33 75 277 329 740 887 894
3 24 80 943
2 38 47
5 7 103 158 588 981
5 37 106 159 644 924
6 29 107 446 487 701 778
4 22 111 218 981
14 9 24 175 183 420 438 577 580 588 659 716 834 901 905
7 8 29 209 277 585 631 952
2 22 23
3 3 44 299
6 85 103 237 466 609 908
5 25 36 210 512 989
2 1 36
5 3 56 258 261 602
10 20 64 213 245 266 442 563 580 629 739
7 29 64 156 387 754 882 972
5 22 48 196 759 792
4 6 87 248 404
4 18 49 393 809
5 0 2 300 354 923
8 9 62 322 358 388 403 487 517
6 5 98 408 619 653 962
4 36 104 741 756
10 3 13 186 235 304 465 535 669 863 913
5 17 58 219 403 532
6 89 95 215 381 543 790
2 26 105
2 0 27
2 78 105
3 0 18 500
12 75 89 150 180 212 248 282 303 376 641 893 903
11 57 87 183 189 233 321 392 455 613 771 912
13 19 148 192 286 295 382 630 659 698 741 827 861 911
6 21 23 194 313 350 712
2 4 36
3 2 87 845
5 29 35 276 519 699
5 10 15 292 484 841
3 114 133 239
2 27 37
2 69 120
2 35 121
4 1 4 351 412
6 5 9 228 714 836 961
7 4 15 206 207 290 430 870
5 10 61 261 899 984
3 81 105 191
3 1 25 890
3 22 57 340
3 22 23 174
6 1 91 454 563 738 978
5 4 56 307 589 832
2 3 104
4 71 105 219 231
5 62 114 265 356 574
2 35 62
3 42 167 565
2 9 124
6 10 36 256 336 475 590
5 5 12 225 294 754
3 59 87 460
4 12 68 583 651
2 6 148
2 12 20
4 15 64 485 526
2 124 149
9 0 19 341 452 518 522 679 810 993
2 10 15
4 1 141 293 977
6 2 33 348 386 394 931
5 4 69 242 509 671
9 68 149 240 306 368 570 605 689 916
2 12 21
3 75 164 289
8 59 150 236 417 426 462 474 799
2 71 97
6 37 151 386 466 695 914
2 23 59
5 34 134 226 427 762
4 4 10 558 929
3 2 21 495
6 21 37 208 296 404 912
3 3 24 211
3 2 30 309
2 21 63
7 18 73 265 345 444 461 627
11 12 64 246 249 363 399 411 448 565 566 793
6 22 26 302 316 514 938
3 21 162 238
2 35 162
6 4 199 276 435 439 562
3 2 125 519
2 35 129
2 78 200
4 9 148 467 505
6 85 132 398 740 881 892
6 9 20 733 787 824 945
3 111 143 618
2 4 64
2 5 23
3 35 123 312
4 142 171 280 818
5 0 10 593 788 878
4 6 31 393 428
3 5 91 735
2 45 71
3 4 48 822
3 87 177 520
5 26 196 447 578 779
5 5 25 281 406 463
3 61 161 966
7 11 34 365 436 456 544 958
2 18 47
6 24 171 298 324 371 578
2 47 111
5 30 149 259 564 924
11 4 64 323 340 348 494 645 654 747 777 961
3 20 141 738
3 5 192 652
5 10 128 287 498 525
10 0 206 243 330 413 515 601 604 930 982
6 0 156 322 472 664 887
3 15 189 529
2 46 57
7 4 188 263 268 436 641 726
3 1 238 532
6 11 33 270 488 683 861
3 22 132 676
2 12 204
10 26 52 286 331 354 396 490 667 750 930
2 135 148
3 26 204 365
5 2 5 263 527 554
2 21 35
2 21 57
3 39 49 570
2 0 35
2 2 77
4 5 176 312 614
5 48 85 502 603 832
2 48 131
6 5 233 427 493 525 862
3 38 105 509
7 131 163 269 328 693 808 994
3 58 63 730
4 242 250 271 527
2 6 75
5 172 203 332 352 821
4 5 132 359 504
4 9 14 594 804
2 3 242
5 73 261 361 596 751
3 59 244 965
2 64 263
7 12 65 390 579 715 886 889
3 57 70 970
4 1 53 559 789
2 5 62
7 154 208 648 737 753 768 859
2 117 125
2 5 48
8 26 27 378 385 458 583 599 615
6 1 219 451 816 936 976
4 10 227 877 941
2 10 148
2 25 37
2 15 22
3 31 75 497
5 150 247 568 635 996
6 9 237 376 422 486 934
2 0 81
3 57 191 339
3 64 162 291
3 5 290 791
4 6 155 838 951
2 26 186
3 47 177 692
5 15 150 713 932 941
2 12 199
7 0 6 366 428 432 608 760
6 111 231 639 666 774 807
7 74 127 435 449 502 552 748
2 4 137
6 2 8 308 318 770 958
2 19 205
3 5 148 794
3 48 141 491
2 18 103
4 85 189 629 968
2 115 169
8 3 301 491 592 719 876 899 995
3 48 201 441
3 5 18 780
5 18 100 384 498 696
7 218 256 541 639 761 873 991
3 23 151 777
2 5 45
5 9 15 479 556 800
2 57 205
7 1 49 338 364 720 773 918
5 5 301 431 551 586
3 6 64 420
5 36 49 537 778 799
4 73 149 416 914
3 138 239 664
2 4 234
2 9 231
3 4 103 735
4 61 87 499 510
7 12 57 408 414 430 668 926
3 75 261 626
4 69 117 610 743
3 72 238 402
4 0 247 337 663
5 14 265 654 830 841
3 15 48 633
6 4 90 347 584 700 842
2 18 22
3 20 176 643
4 21 331 369 677
7 44 317 495 661 765 896 927
2 2 289
3 166 234 634
3 75 184 954
2 46 72
2 18 26
2 1 2
4 21 203 379 481
3 0 45 557
3 26 334 652
4 187 234 400 566
2 16 111
2 77 151
3 12 160 450
3 24 265 529
2 10 36
2 137 247
3 5 72 453
5 6 172 598 611 993
2 0 101
6 15 138 370 395 734 908
2 24 266
3 18 53 690
4 55 269 387 817
3 3 21 628
2 58 204
5 79 317 434 647 762
4 229 249 576 803
3 0 297 577
6 48 51 409 607 687 932
5 84 189 415 452 569
5 63 337 662 944 985
2 4 358
2 12 231
2 21 48
2 27 37
3 18 33 691
2 5 9
4 148 287 457 541
6 4 55 633 907 909 937
4 48 279 686 917
3 56 345 575
2 17 33
2 67 143
2 22 150
4 0 25 561 697
4 28 311 425 787
3 43 279 716
2 187 194
5 133 361 473 705 971
2 35 138
3 13 88 720
3 26 272 627
4 54 103 972 983
2 43 149
6 136 221 516 624 644 806
2 15 187
5 10 358 453 609 839
2 26 247
4 10 115 536 798
2 112 213
2 10 204
2 49 348
3 12 23 763
3 10 330 693
2 138 142
4 135 199 625 742
2 0 64
4 57 227 410 723
5 1 48 524 528 925
5 139 327 533 623 769
3 27 367 413
3 59 406 996
4 7 204 567 656
3 1 160 833
3 238 409 776
2 18 327
2 14 368
2 95 321
3 17 192 781
3 4 27 645
3 6 52 522
4 124 319 506 624
3 22 57 851
2 10 287
3 4 27 986
2 47 115
2 23 384
2 95 192
4 196 259 446 602
3 221 297 677
4 5 43 443 890
3 162 327 746
2 3 318
2 67 297
3 16 17 550
2 53 364
3 208 299 704
4 229 242 689 882
3 4 111 925
2 107 124
2 6 208
4 1 61 595 952
2 52 309
8 4 132 617 678 694 755 819 881
2 6 429
4 27 203 477 729
2 13 35
3 122 427 696
2 53 226
3 29 204 935
2 73 299
5 39 351 533 546 865
2 4 280
2 184 368
4 355 395 956 999
2 48 168
3 111 149 663
2 4 229
2 69 376
4 18 279 648 670
8 0 37 489 549 567 590 649 673
2 111 178
3 29 203 710
3 4 192 672
2 104 227
2 21 49
2 57 141
2 128 194
3 5 212 907
4 34 62 545 657
2 2 47
3 21 49 685
2 1 37
4 4 239 711 794
2 103 387
3 5 192 597
2 0 176
3 1 5 998
3 5 444 988
2 36 79
2 4 315
2 4 40
3 18 345 708
2 59 98
2 18 104
2 48 155
2 97 182
4 86 287 589 884
3 122 138 539
3 98 244 745
2 65 459
2 21 247
2 304 308
2 12 33
4 0 259 505 898
2 48 234
6 198 338 617 695 727 906
2 4 23
2 89 285
2 237 311
3 4 326 944
2 106 147
3 5 61 621
4 257 299 622 934
2 0 5
2 27 266
2 212 493
2 69 420
2 0 47
3 18 21 842
2 188 260
4 36 326 665 871
4 5 9 585 638
4 26 129 597 959
3 6 80 969
3 62 205 888
2 10 238
2 20 393
8 18 138 691 710 713 821 848 862
4 10 184 571 790
3 154 209 983
3 66 225 805
2 4 36
2 184 419
2 23 24
3 31 407 708
2 237 259
2 80 182
2 250 263
2 60 407
2 240 352
2 24 60
2 23 33
3 142 243 544
2 408 450
2 92 101
3 10 141 601
3 1 397 869
4 6 320 989 995
2 33 103
3 10 487 933
4 3 18 575 893
3 312 376 986
3 5 36 950
2 36 143
2 229 532
4 7 468 637 835
3 1 450 894
3 3 58 607
2 25 86
5 80 459 594 703 895
2 4 433
2 63 318
4 111 299 795 992
2 3 36
4 5 250 782 797
4 75 107 636 891
4 29 315 820 938
2 23 346
3 25 197 604
3 59 274 603
2 15 60
4 51 383 646 825
2 44 208
2 132 168
3 0 233 822
3 174 204 781
5 204 348 620 674 802
2 411 459
2 100 286
2 116 368
2 189 253
2 57 518
2 2 4
2 23 75
2 111 172
3 379 540 605
5 81 365 581 870 901
3 124 366 797
2 226 231
2 4 272
2 124 132
3 4 576 676
3 10 96 737
2 179 279
7 75 334 699 805 813 855 967
3 125 511 630
2 101 318
4 96 97 722 896
5 120 124 591 680 682
2 169 486
2 176 459
3 3 588 871
2 4 308
2 60 220
2 267 549
3 107 440 966
2 18 269
2 474 512
2 51 356
2 0 279
3 0 96 920
3 238 535 962
2 131 427
3 257 559 757
2 238 558
2 189 575
2 16 26
3 367 547 707
3 53 297 780
2 128 395
2 63 329
3 23 356 694
2 53 100
2 12 149
4 5 256 658 669
2 49 279
2 23 78
3 442 495 936
2 115 215
2 98 139
3 0 566 725
2 35 501
2 10 502
2 3 408
2 393 420
2 53 404
2 105 328
4 203 390 707 858
2 103 362
2 132 306
3 150 585 752
2 4 125
2 20 21
2 333 377
2 103 340
2 6 286
3 62 555 660
4 18 545 653 967
2 61 511
4 298 312 660 847
4 1 111 843 947
2 148 242
2 19 35
4 48 336 662 857
3 121 393 849
2 234 418
2 98 561
2 21 364
3 276 458 942
4 34 459 683 759
2 40 44
2 26 179
2 236 347
2 139 637
2 234 332
2 4 111
3 1 411 764
3 6 468 739
4 12 614 703 779
2 124 150
2 636 639
2 3 338
2 369 643
2 331 455
2 239 322
2 66 510
3 4 298 671
2 6 247
2 80 327
2 141 614
2 5 458
4 188 666 886 902
2 112 462
2 36 459
3 15 566 942
2 23 44
2 245 581
3 337 428 678
4 442 677 732 772
2 18 184
2 10 588
2 5 111
2 105 588
2 244 649
2 13 36
4 5 470 688 758
3 59 378 820
3 3 367 985
2 0 685
2 189 436
2 39 360
3 374 517 904
4 104 294 736 771
2 261 402
3 442 611 798
3 194 495 836
2 311 446
2 6 383
2 47 150
2 154 584
2 11 334
3 6 122 706
2 21 48
2 549 658
2 36 435
3 10 387 888
2 31 701
4 607 627 839 955
3 481 524 719
4 15 116 730 857
2 461 517
6 39 472 808 865 969 977
3 4 151 864
2 295 517
2 5 161
2 4 272
2 124 385
2 5 85
2 9 61
2 308 708
2 317 389
2 0 4
3 0 587 802
3 21 406 810
2 18 96
2 4 620
2 29 242
2 45 495
2 35 56
3 5 444 828
2 262 709
2 27 56
2 22 678
3 15 214 791
2 59 358
2 222 325
2 4 692
2 276 582
3 168 235 835
2 132 657
2 117 213
3 140 150 929
4 5 404 760 984
2 51 329
2 1 15
2 53 488
2 35 430
5 47 234 889 946 960
2 48 299
2 11 107
2 22 247
3 96 269 785
3 91 630 926
2 2 276
2 133 177
3 0 442 970
2 27 140
2 20 603
4 55 685 948 987
2 134 649
3 297 742 866
2 5 312
2 196 364
4 66 401 829 973
2 34 656
2 29 338
2 5 75
2 3 32
2 18 276
2 4 408
2 116 301
2 149 692
3 21 678 968
3 77 317 935
2 103 298
3 18 27 831
2 105 413
2 234 313
3 122 320 869
2 226 658
2 310 608
2 417 565
2 61 554
2 6 57
2 17 33
3 73 751 867
3 9 12 880
2 214 384
2 4 220
2 39 274
2 143 518
4 291 733 815 999
2 24 134
2 31 204
2 303 472
2 73 552
4 39 111 812 921
2 554 577
2 397 694
3 192 320 850
2 21 315
2 36 61
2 566 722
3 12 365 875
2 12 267
3 520 584 838
2 4 393
2 65 298
2 261 711
3 48 136 856
2 184 723
2 5 47
2 2 796
2 23 584
2 4 20
2 95 791
2 36 280
2 29 361
2 18 219
2 105 442
2 556 686
2 265 517
2 224 564
3 3 16 877
2 54 214
2 9 561
3 5 105 858
2 15 150
2 27 729
3 26 763 979
2 10 332
3 59 775 940
2 169 257
2 9 412
2 33 124
2 545 738
3 161 695 903
2 5 7
2 292 805
2 395 707
2 37 79
2 155 332
2 334 508
2 0 640
2 4 32
2 96 153
2 5 16
2 5 639
2 23 517
2 10 644
3 49 799 856
2 59 421
2 7 87
3 3 64 885
2 15 35
2 51 584
3 809 850 976
2 643 709
2 627 826
4 103 276 868 963
2 9 15
2 150 244
3 259 517 974
3 81 141 884
2 22 712
2 450 711
2 26 760
2 33 785
2 0 859
2 536 778
2 162 576
2 510 591
2 11 75
3 53 312 895
2 10 53
2 75 803
2 105 308
2 281 823
2 10 220
2 11 44
2 25 786
2 213 442
2 133 436
2 5 107
2 486 863
2 69 853
2 272 671
2 117 239
2 514 705
2 272 747
2 165 429
2 4 555
2 107 213
2 148 540
2 117 546
2 549 873
2 338 587
2 10 12
2 112 493
2 163 308
2 7 31
2 124 576
2 107 671
2 148 836
3 55 691 990
2 91 124
2 110 495
2 377 467
2 128 358
3 75 377 957
2 4 15
2 21 150
2 149 199
2 21 141
2 194 321
2 1 55
2 39 189
2 14 378
4 53 317 937 953
2 9 26
2 44 600
2 3 796
2 4 51
2 28 137
2 121 233
2 407 437
2 327 752
3 57 338 928
2 75 927
2 197 741
2 238 247
2 12 187
2 295 367
2 20 539
2 287 502
2 448 773
2 280 617
2 377 918
2 205 556
2 26 36
2 33 831
2 281 295
2 648 674
2 4 118
2 369 499
2 16 214
2 10 747
2 6 640
2 48 758
2 54 105
2 23 542
2 75 292
2 125 440
2 5 918
2 48 341
2 15 707
2 8 453
2 22 909
2 229 301
2 86 512
2 22 747
2 161 234
2 139 601
2 26 859
2 1 96
2 47 270
2 228 595
2 584 637
2 306 772
2 513 711
2 273 755
2 32 387
2 133 391
2 98 763
2 55 862
2 3 13
2 280 856
2 186 711
2 18 168
2 8 829
2 18 105
2 120 123
2 33 238
2 391 519
2 163 742
2 369 687
2 423 541
2 10 758
2 96 477
2 129 537
2 95 904
2 75 312
2 13 552
2 184 356
2 3 261
2 308 537
2 286 410
2 16 41
2 87 476
2 453 791
