200
11 1 2 3 4 5 6 15 23 71 75 118
8 0 4 16 22 42 72 81 189
9 0 3 10 11 13 19 52 61 86
12 0 2 8 12 29 62 87 113 132 143 151 196
21 0 1 5 6 7 8 9 11 13 14 15 19 22 25 55 92 102 111 117 161 174
13 0 4 7 9 16 32 35 46 88 94 120 150 177
10 0 4 35 40 44 68 84 95 155 156
5 4 5 17 39 184
4 3 4 30 86
6 4 5 10 12 106 198
4 2 9 29 69
5 2 4 17 38 196
11 3 9 26 31 39 41 55 59 91 96 194
5 2 4 50 103 110
12 4 126 24 30 33 34 42 43 63 101 122 136
10 0 4 23 37 61 65 74 119 121 173
7 1 5 18 38 56 164 195
12 7 11 128 21 28 34 36 44 56 141 142 180
5 16 20 33 104 183
6 2 4 20 27 108 111
5 18 19 47 53 115
8 127 17 43 68 82 157 170 184
6 1 4 128 130 101 103
3 0 15 69
8 14 25 53 54 66 75 148 165
3 4 24 58
5 12 32 41 91 99
6 19 28 40 45 119 121
5 17 27 134 99 137
7 3 10 37 102 167 185 189
6 8 14 132 50 77 97
5 12 133 77 100 140
5 5 26 59 64 83
5 14 18 80 123 175
2 14 17
5 6 5 90 93 94
3 17 63 79
5 15 29 82 89 188
3 11 16 179
2 7 12
2 6 27
3 12 26 52
2 1 14
4 14 21 51 125
3 6 17 92
3 27 51 199
4 5 144 168 177
2 20 156
1 139
3 126 96 107
5 13 129 30 67 107
2 43 45
2 2 41
2 20 24
1 24
6 4 12 65 66 83 112
3 16 17 58
2 78 95
3 25 135 56
2 12 32
2 110 172
3 2 15 124
1 3
4 14 36 145 78
6 135 32 73 97 115 170
3 15 55 71
2 24 55
2 50 81
3 6 21 105
6 10 131 23 98 114 117
1 85
5 0 65 72 90 109
3 1 129 71
1 64
1 15
2 0 24
2 79 89
3 30 31 163
3 57 63 176
4 36 136 166 76
3 33 161 104
2 1 67
3 21 37 125
2 32 55
1 6
3 147 70 175
4 2 8 87 88
3 3 162 86
4 5 133 86 113
3 37 144 76
2 35 71
3 12 26 146
2 4 44
1 35
3 5 35 116
4 6 137 141 57
3 12 49 106
2 30 64
1 69
6 26 28 138 151 108 191
2 31 197
3 14 22 153
6 4 29 146 187 188 193
2 13 22
3 18 145 80
2 68 174
5 9 139 178 96 116
2 49 50
3 19 99 109
3 71 168 108
3 13 60 169
3 4 19 149
2 55 165
2 3 88
2 152 69
3 20 64 192
2 94 106
2 4 69
2 0 123
2 15 27
2 5 187
3 15 27 150
2 14 159
2 33 118
2 61 186
2 43 82
7 14 49 153 160 176 180 182
2 21 159
2 22 17
3 72 50 131
1 22
2 129 69
3 3 30 138
2 88 31
1 28
3 64 58 169
2 14 79
2 28 95
3 132 99 158
2 48 106
1 31
3 17 95 154
1 17
1 3
2 46 89
4 63 104 158 181
2 102 91
1 85
1 24
1 111
3 5 121 167
3 3 99 197
1 114
3 126 101 185
2 141 171
1 6
3 6 47 157
2 21 156
4 138 145 178 194
3 127 122 162
1 126
2 4 80
2 159 87
1 77
1 16
2 24 112
1 79
3 29 150 198
2 46 109
2 135 110
2 21 64
1 154
1 60
1 15
2 4 105
2 33 85
2 126 78
3 5 46 181
2 158 106
1 38
2 126 17
2 145 177
1 126
1 18
2 7 21
3 29 153 199
1 124
2 102 120
3 37 102 195
2 1 29
1 193
1 99
1 115
2 102 190
2 12 158
2 16 188
2 3 11
2 151 100
2 9 167
2 45 185
