100
18 1 2 5 6 7 8 10 12 16 25 31 32 39 43 54 71 86 88
6 0 2 4 34 60 78
6 0 1 3 4 8 94
4 2 16 40 43
7 1 2 5 9 23 38 64
9 0 4 11 18 25 27 38 84 96
4 0 7 12 44
8 0 6 15 33 56 63 91 96
4 0 2 13 14
2 4 37
2 0 48
1 5
6 0 6 20 21 30 35
3 8 17 32
2 8 17
2 7 65
5 0 3 18 21 66
3 13 14 19
2 5 16
2 17 58
4 12 26 28 82
2 12 16
2 46 57
2 4 88
2 41 87
6 0 62 5 30 47 54
2 20 74
3 5 35 61
3 20 29 77
2 28 95
8 12 65 25 73 36 42 53 57
1 0
3 0 13 44
3 7 34 46
4 1 62 33 91
3 12 27 42
3 30 76 87
5 9 72 51 84 95
3 4 5 75
2 0 61
2 3 67
2 70 24
3 30 79 35
4 0 3 58 86
2 6 32
2 68 51
3 22 33 97
3 25 49 55
2 10 89
3 75 85 47
1 73
3 37 81 45
1 70
1 30
3 0 66 25
1 47
1 7
3 22 30 85
2 19 43
1 83
2 1 64
3 27 39 89
2 25 34
1 7
2 4 60
2 15 30
3 16 54 98
3 40 79 94
1 45
1 90
2 41 52
2 0 90
1 37
2 50 30
1 26
2 49 38
3 36 80 83
1 28
2 1 82
3 67 42 93
1 76
1 51
3 20 78 92
3 76 59 99
2 5 37
2 49 57
2 0 43
2 24 36
2 0 23
2 48 61
2 69 71
2 7 34
1 82
1 79
2 2 67
2 29 37
2 5 7
1 46
1 66
1 83
