600
55 1 2 3 4 5 6 8 11 12 13 18 20 21 25 28 30 31 38 41 42 50 51 59 60 70 72 74 82 102 109 113 126 133 144 151 153 158 175 190 195 218 254 261 287 294 312 317 331 333 389 447 477 507 524 530
9 0 36 54 62 86 115 213 261 296
41 0 3 4 5 6 8 9 10 14 16 19 22 24 25 39 60 77 84 105 106 110 112 127 167 170 199 239 246 281 305 311 347 363 408 421 438 460 517 520 522 528
15 0 2 7 10 19 20 101 233 250 329 349 387 541 567 581
11 0 2 7 23 29 33 89 133 150 153 342
13 0 2 12 30 58 81 124 155 156 171 421 461 550
25 0 2 14 17 24 34 43 47 73 136 159 177 210 217 236 332 353 374 384 418 435 459 468 522 529
10 3 4 50 83 86 152 198 203 218 356
12 0 2 9 26 46 48 148 215 288 383 396 425
9 2 8 17 27 32 35 39 220 550
10 2 3 11 48 85 118 147 191 306 442
14 0 10 15 27 53 113 118 125 188 191 304 351 430 501
23 0 5 13 16 38 67 75 120 141 165 166 207 221 222 291 345 359 365 396 474 498 513 585
38 0 12 15 18 23 46 54 63 64 80 88 91 92 97 102 114 131 138 150 152 162 168 180 200 214 229 290 295 298 342 367 408 419 546 575 578 587 595
9 2 6 21 32 68 117 231 470 500
16 11 13 26 87 93 114 124 127 137 146 161 262 437 478 535 569
11 2 12 56 65 112 148 185 233 427 465 515
11 6 9 57 122 179 198 205 225 273 340 436
13 0 13 29 40 77 94 222 323 343 373 465 579 586
10 2 3 41 96 147 169 204 252 313 545
22 0 3 34 36 37 42 43 57 69 103 104 151 244 256 263 276 296 346 483 504 510 521
13 0 14 22 33 40 104 172 174 243 255 322 398 497
2 2 21
9 4 13 35 61 67 74 149 173 535
3 2 6 228
5 0 2 480 487 553
7 8 15 76 158 190 193 326
9 9 11 28 62 75 116 270 573 583
5 0 27 45 204 469
7 4 18 78 163 207 252 323
4 0 5 81 585
4 0 230 354 414
15 9 14 103 108 123 200 242 327 361 416 434 451 454 463 475
3 4 21 473
4 6 20 107 505
8 9 23 47 123 287 404 481 576
16 1 20 44 52 59 144 212 226 318 328 361 424 430 474 584 594
9 20 45 52 155 208 257 412 477 534
8 0 12 49 66 70 96 266 568
10 2 9 55 98 165 226 266 314 375 476
9 18 21 44 79 267 367 368 404 549
3 0 19 334
8 0 20 92 105 184 201 264 333
5 6 20 85 116 543
9 36 40 73 130 138 164 176 234 380
4 28 37 223 231
5 8 13 101 129 369
10 6 35 82 95 119 143 199 310 467 562
8 8 10 84 135 182 311 315 428
3 38 56 91
19 0 7 51 53 61 71 72 88 99 108 163 176 186 206 290 376 386 451 520
12 0 50 66 90 111 137 313 318 387 440 489 571
3 36 37 58
2 11 50
3 1 13 358
3 39 89 587
4 16 49 245 590
4 17 20 121 515
5 5 52 209 321 420
7 0 36 65 80 299 352 370
13 0 2 69 83 117 149 164 232 312 370 417 486 529
3 23 50 95
4 1 27 203 267
8 13 64 196 284 301 325 335 377
2 13 63
9 16 59 129 154 156 300 305 353 480
5 38 51 304 372 463
2 12 23
9 14 119 122 128 214 268 315 415 492
7 20 60 140 178 274 310 557
7 0 38 107 169 272 288 446
3 50 168 388
3 0 50 502
5 6 44 76 258 467
6 0 23 106 128 281 284
5 12 27 90 299 518
12 26 73 78 143 209 237 238 303 307 316 362 375
5 2 18 100 110 479
5 29 76 79 97 453
4 40 78 469 494
8 13 59 98 381 394 433 435 505
6 5 30 134 300 447 528
4 0 47 141 483
8 7 60 177 270 382 399 418 548
6 2 48 160 208 461 558
2 10 43
6 1 7 227 241 246 407
6 15 100 179 216 253 570
5 13 50 278 326 588
5 4 55 134 166 366
6 51 75 94 99 162 320
3 13 49 202
7 13 42 159 206 277 380 509
5 15 140 160 213 489
4 18 90 249 275
6 47 61 111 154 193 308
3 19 38 109
5 13 78 115 240 285
4 39 80 125 485
4 50 90 197 279
4 77 87 145 392
2 3 46
2 0 13
5 20 32 120 136 280
7 20 21 187 236 253 297 406
4 2 42 142 503
4 2 74 264 286
4 34 70 395 448
6 32 50 135 339 549 558
3 0 96 235
3 2 77 220
6 51 95 131 205 400 536
3 2 16 393
7 0 11 132 215 247 294 338
6 13 15 121 194 329 340
2 1 97
9 27 43 240 275 307 456 493 527 592
6 14 60 126 180 268 532
2 10 11
6 47 68 173 212 265 276
2 12 103
3 57 114 139
5 17 68 235 269 490
3 32 35 197
6 5 15 244 282 526 551
7 11 98 181 330 410 458 573
2 0 117
5 2 15 277 314 548
8 68 74 130 145 378 415 449 457
4 46 65 256 395
5 44 128 378 560 577
4 13 111 157 343
6 113 183 211 316 369 402
3 0 4 202
3 81 89 161
4 48 108 139 302
6 6 103 174 189 254 446
10 15 51 167 195 239 245 248 286 394 565
4 13 44 227 400
2 121 135
8 69 93 146 278 309 393 437 538
4 12 82 317 324
4 105 217 224 303
7 47 76 241 260 282 390 427
4 0 36 221 402
3 100 128 398
4 15 140 344 493
7 10 19 232 441 476 482 561
4 8 16 228 514
4 23 60 360 519
6 4 13 157 192 348 443
5 0 20 178 229 417
2 7 13
4 0 4 345 555
4 65 95 188 291
4 5 37 453 472
4 5 65 502 591
3 131 150 186
7 0 26 216 262 339 385 523
7 6 92 183 293 355 436 499
4 84 93 219 521
3 15 134 335
6 13 90 170 184 192 238
3 29 50 574
5 44 60 337 385 513
3 12 39 450
2 12 89
7 2 137 187 242 344 499 576
4 13 71 283 390
3 19 70 401
4 2 162 338 546
2 5 533
4 21 377 409 434
6 23 119 412 440 456 589
3 21 136 237
4 0 182 341 591
2 44 50
2 6 83
4 69 151 201 243
2 17 87
3 13 117 292
5 125 196 211 351 445
7 48 175 248 251 322 539 599
8 132 159 269 455 478 536 552 562
3 42 162 295
3 16 194 564
2 50 157
2 104 167
3 11 154 372
4 136 257 501 577
2 0 26
3 10 11 452
4 150 162 525 568
5 26 95 210 272 459
3 114 185 234
4 0 137 330 365
4 63 181 224 356
3 99 123 443
8 7 17 293 308 331 346 379 406
3 2 47 251
3 13 32 511
8 42 178 259 347 357 382 389 491
3 91 133 403
5 7 62 403 485 584
4 19 28 364 598
3 17 111 405
5 50 92 219 271 526
2 12 29
5 37 84 383 484 597
3 58 76 411
3 6 193 358
3 132 181 464
7 36 119 280 341 373 438 539
2 1 93
3 13 68 593
3 8 113 488
3 87 158 552
3 6 142 223
5 0 7 230 321 524
2 160 206
2 9 110
4 12 144 250 471
3 12 18 359
4 45 217 355 540
3 142 196 519
3 17 274 466
2 36 39
4 86 138 289 384
2 24 148
3 13 151 349
2 31 218
4 14 45 392 433
2 60 147
2 3 16
3 44 194 306
5 109 122 319 320 336
2 6 104
3 76 174 409
4 76 162 350 582
3 2 137 508
4 97 116 273 557
2 86 143
2 32 167
4 21 178 379 541
3 20 124 255
3 56 137 531
3 2 86 517
5 113 271 302 350 439
4 137 182 249 258
2 94 248
3 3 221 265
4 182 199 319 495
2 19 29
3 87 104 547
2 0 136
3 21 244 537
2 20 129
2 37 189
3 73 248 495
2 201 432
1 143
2 0 1
3 15 158 279
2 20 360
2 42 106
4 119 250 289 466
2 38 39
3 40 62 458
2 68 117
2 122 183
2 27 83
5 206 247 292 452 516
2 70 193
5 17 240 283 336 581
2 69 225
2 94 116
3 20 119 580
2 92 127
6 88 140 362 405 419 445
2 99 262
2 103 212
6 2 74 334 337 490 506
2 124 143
3 168 273 551
4 63 74 371 518
2 97 391
2 106 137
3 0 35 556
4 8 70 348 357
4 227 265 325 491
4 13 50 566 595
3 12 154 564
2 180 271
3 159 198 423
3 0 113 376
3 13 184 309
3 1 20 462
1 104
3 13 401 540
2 59 75
3 65 81 559
2 63 572
2 135 247
2 76 142
5 11 66 364 413 425
3 2 65 560
2 10 234
2 76 116
2 95 198
2 140 295
3 47 69 391
5 2 48 352 374 569
4 0 60 371 574
4 19 51 420 429
3 39 127 363
3 48 68 411
4 76 132 516 543
3 0 141 531
2 36 51
2 235 251
2 90 235
2 58 218
2 21 182
2 18 29
1 141
2 63 289
4 26 88 426 561
3 32 422 496
1 36
2 3 114
3 125 195 537
2 0 198
1 6
2 0 42
2 41 281
3 63 161 432
4 235 273 542 563
2 164 281
2 113 170
2 108 158
2 17 114
3 175 212 590
3 4 13 525
2 18 131
2 146 167
2 12 153
2 20 198
3 2 201 498
4 150 288 471 527
3 3 229 570
3 238 247 444
2 11 181
2 59 311
2 6 65
1 31
3 159 223 429
2 7 196
2 201 288
3 54 210 397
2 12 222
2 149 263
3 32 36 424
4 76 278 426 482
4 2 314 422 473
3 204 304 439
4 12 195 388 566
1 89
3 13 40 399
3 40 488 542
2 46 132
2 59 60
3 284 312 544
2 66 188
2 18 212
4 6 311 386 479
3 39 76 472
2 50 294
2 63 172
4 128 130 414 506
4 198 243 464 567
2 44 92
2 80 523
5 83 201 444 470 556
2 8 208
3 6 227 449
2 158 164
3 50 374 442
2 3 51
2 71 365
2 0 201
3 143 168 530
2 285 310
3 100 231 504
3 112 140 410
3 80 137 586
3 107 129 512
3 8 12 510
1 358
2 21 145
2 83 367
2 111 138
2 169 298
2 132 144
4 202 203 475 579
2 35 40
2 205 278
3 104 198 416
1 86
2 2 13
3 172 237 450
2 125 393
2 209 315
2 37 173
1 304
3 31 378 571
2 68 128
3 32 406 457
3 60 151 462
2 6 83
2 13 278
2 58 313
4 2 5 508 545
2 327 363
1 293
2 36 361
2 8 304
3 326 362 448
2 16 143
1 48
2 313 355
2 11 36
1 514
2 259 335
2 80 231
3 32 172 538
2 6 80
2 17 159
2 15 140
3 2 212 547
2 247 364
2 51 173
1 147
2 10 386
2 150 197
2 350 382
3 181 278 486
2 70 136
2 0 81
2 107 426
2 128 384
2 165 409
2 32 50
2 191 271
2 78 155
1 32
3 183 484 496
2 116 173
2 128 416
3 125 267 468
2 6 193
2 2 492
3 5 84 487
3 296 417 596
3 32 66 512
3 211 379 565
2 16 18
2 225 265
3 47 73 554
3 6 458 533
2 28 79
2 14 382
2 221 348
2 155 375
3 33 363 594
2 12 36
2 32 403
2 39 147
3 0 37 494
2 15 183
2 77 374
2 25 65
1 35
3 147 362 583
2 20 82
2 208 455
2 98 203
4 60 445 554 580
2 25 461
2 215 368
3 51 93 511
2 122 281
2 201 289
3 68 460 559
2 116 146
2 79 477
2 251 258
3 327 455 592
1 21
3 12 347 582
2 159 167
2 14 575
2 11 189
2 72 156
1 105
2 20 392
3 34 80 507
2 281 378
3 0 505 598
2 239 421
2 92 555
2 20 396
2 200 489
2 395 463
2 12 164
2 148 431
2 16 57
2 271 316
3 2 246 593
2 75 284
2 149 224
2 2 50
2 20 160
3 2 6 544
3 158 381 563
4 0 218 553 589
2 192 342
2 124 206
2 116 348
3 2 81 534
2 6 60
3 0 390 532
2 245 317
2 117 530
2 171 468
2 37 528
2 15 23
2 111 183
2 255 330
2 140 434
2 182 212
2 223 298
2 3 243
2 336 368
2 43 316
2 371 522
2 19 421
2 13 170
2 253 438
2 83 127
2 40 108
3 5 9 597
2 124 283
2 183 216
2 25 524
2 467 486
2 153 509
2 287 382
2 69 240
2 84 108
2 300 492
2 130 305
3 147 326 578
2 47 183
2 336 523
2 185 291
2 137 464
2 290 365
2 3 379
2 38 192
2 15 311
2 87 349
2 51 414
1 301
2 27 125
2 163 312
2 13 500
2 35 167
2 130 189
2 13 561
2 18 403
2 276 486
2 3 273
2 238 498
2 27 482
2 36 203
2 12 30
2 18 394
2 13 55
1 88
2 173 524
2 56 341
2 156 175
2 116 496
2 214 517
2 36 473
2 13 290
1 462
2 208 550
2 204 507
1 182
