1000
52 1 2 3 5 8 9 10 13 18 23 25 32 37 50 63 68 78 143 147 160 169 173 201 212 228 233 258 264 283 302 305 334 346 357 376 378 398 424 519 520 546 573 581 630 638 687 807 835 837 861 862 979
44 0 3 4 6 19 20 36 41 47 53 54 56 66 71 103 119 125 141 145 148 151 159 160 170 191 193 206 258 279 290 296 316 323 355 364 467 517 544 584 590 689 765 810 896
6 0 137 295 371 669 848
28 0 1 4 9 12 18 61 65 84 114 155 223 224 266 297 384 389 438 538 546 668 729 769 797 799 804 834 972
51 1 3 5 6 7 10 25 29 43 46 47 49 51 62 68 79 89 99 112 124 132 143 146 147 200 215 227 235 251 268 352 365 376 400 413 428 434 465 492 495 526 541 564 603 609 696 724 728 794 801 811
41 0 4 11 16 24 35 44 45 82 98 105 113 134 162 264 281 328 357 358 364 416 421 456 468 482 499 511 553 559 561 567 586 596 663 678 689 697 760 856 970 992
32 1 4 7 28 31 40 42 44 65 102 161 183 186 243 263 290 318 403 484 502 504 511 513 540 604 640 817 867 888 901 938 982
34 4 6 8 14 16 17 48 50 57 88 90 108 109 116 156 184 187 207 208 230 234 274 326 390 404 408 439 499 558 598 614 825 893 952
32 0 7 11 12 15 31 52 78 102 186 197 288 309 359 360 368 406 407 420 443 568 573 578 587 608 678 734 742 743 750 869 889
7 0 3 26 69 214 367 794
40 0 4 13 14 15 21 22 24 39 72 83 110 118 150 172 178 185 237 238 245 246 259 289 300 309 310 335 382 415 421 426 457 477 491 704 745 787 836 877 887
10 5 8 33 176 325 340 344 520 635 802
7 3 8 158 330 379 403 688
21 0 10 17 20 40 53 94 100 104 121 319 463 478 489 618 727 771 789 906 918 932
4 7 10 64 970
12 8 10 30 54 74 86 516 741 780 955 957 981
10 5 7 90 111 198 289 417 442 718 982
20 7 13 19 27 28 42 67 95 107 165 215 358 438 550 645 684 713 751 768 813
19 0 3 21 22 38 39 41 45 59 122 236 288 313 329 497 796 812 891 976
18 1 17 37 60 109 266 323 331 336 372 467 472 512 571 677 706 739 764
8 1 13 23 287 396 435 456 989
20 10 18 30 43 131 140 163 244 293 328 410 524 529 537 545 798 846 855 909 993
20 10 18 59 61 77 103 175 220 221 252 269 284 307 519 743 820 824 884 935 973
29 0 20 27 29 34 49 51 62 69 92 93 96 114 177 181 218 254 412 446 556 669 686 703 732 770 800 919 932 988
15 5 10 32 67 87 374 381 424 496 557 623 748 771 971 990
26 0 4 26 35 46 81 107 153 171 196 231 256 265 311 345 414 435 493 533 549 625 746 766 773 877 978
14 9 25 71 74 75 132 273 304 360 615 668 711 725 762
27 17 23 79 87 91 96 129 159 233 275 319 338 355 402 464 552 623 632 636 662 738 834 892 913 915 933 939
11 6 17 137 144 179 239 460 773 808 815 876
6 4 23 34 156 247 557
19 15 21 76 94 117 119 130 148 240 244 265 440 480 487 551 579 597 714 891
13 6 8 38 56 58 158 162 280 423 476 525 696 837
10 0 24 33 36 92 279 418 453 722 984
14 11 32 48 63 64 113 128 203 294 334 664 865 910 938
3 23 29 522
9 5 25 57 70 184 261 382 547 594
12 1 32 85 182 187 232 286 451 589 710 860 871
4 0 19 77 218
3 18 31 674
2 10 18
27 6 13 72 80 91 93 195 199 209 243 246 261 302 387 455 461 466 473 475 480 535 571 856 885 919 958 974
10 1 18 110 176 221 308 339 672 730 941
4 6 17 130 488
13 4 21 55 277 291 305 331 432 551 677 740 902 905
14 5 6 52 97 128 154 166 226 296 306 379 606 814 994
8 5 18 60 629 630 698 707 850
5 4 25 55 163 282
6 1 4 98 354 617 816
7 7 33 76 324 624 666 868
6 4 23 134 446 829 890
13 0 7 86 126 168 181 268 373 430 448 494 729 770
9 4 23 58 88 99 307 634 645 863
11 8 44 121 257 431 576 664 687 746 782 923
6 1 13 391 740 755 801
15 1 15 66 70 95 146 151 157 192 445 458 579 595 715 851
9 43 46 75 89 127 157 192 578 880
5 1 31 191 697 699
2 7 35
10 31 51 129 138 141 301 469 507 657 758
2 18 22
10 19 45 73 149 425 461 527 589 670 959
5 3 22 416 506 659
2 4 23
2 0 33
6 14 33 80 205 314 610
6 3 6 101 317 444 715
4 1 54 190 819
3 17 24 612
5 0 4 245 521 876
12 9 23 167 239 248 267 272 327 336 394 399 548
10 35 54 82 179 237 272 342 434 508 851
4 1 26 73 166
7 10 40 85 140 503 513 844
4 60 71 346 672
3 15 26 343
16 26 55 81 120 138 178 204 216 298 353 386 605 651 665 824 892
5 30 48 381 408 428
15 22 37 112 127 193 254 343 393 427 464 621 629 640 657 786
6 0 8 270 393 591 778
10 4 27 97 111 165 250 283 422 619 879
3 40 64 858
8 25 75 124 231 275 295 602 904
14 5 70 83 123 136 194 262 419 455 576 609 701 734 945
6 10 82 84 122 327 529
2 3 83
6 36 72 101 173 710 924
6 15 50 108 250 615 975
16 24 27 115 136 168 172 311 449 466 598 653 658 680 775 777 810
4 7 51 190 256
12 4 55 106 117 206 226 271 433 590 593 806 960
4 7 16 104 621
13 27 40 100 126 139 153 174 208 291 330 385 471 930
2 23 32
6 23 40 116 253 257 796
8 13 30 213 234 263 389 721 968
3 17 54 776
11 23 27 149 207 217 285 294 312 349 553 928
5 44 79 757 761 861
11 5 47 135 145 152 189 248 324 402 736 883
3 4 51 139
13 13 91 105 106 118 142 198 322 397 457 507 510 793
18 65 85 120 133 144 175 214 299 500 673 685 720 737 763 875 915 953 987
6 6 8 123 142 189 212
4 1 22 271 963
12 13 90 164 287 293 308 370 474 485 525 639 822
4 5 100 133 371
5 89 100 216 591 826
3 17 25 479
4 7 86 606 805
5 7 19 760 833 936
4 10 41 171 197
3 16 79 394
11 4 77 115 154 368 437 528 676 761 859 911
12 5 33 131 135 169 182 300 345 512 572 912 951
6 3 23 204 260 374 426
2 87 112
6 7 93 125 152 180 737
9 30 89 150 174 517 619 788 853 963
7 10 100 280 315 593 809 923
6 1 30 433 778 880 926
2 75 101
4 13 52 202 886
5 18 83 616 767 849
3 82 102 199
13 4 81 155 188 303 370 375 536 554 556 682 812 937
2 1 116
4 50 91 942 949
5 55 77 219 269 452
4 33 44 731 940
5 27 58 229 601 821
5 30 42 284 560 916
4 21 113 195 960
5 4 26 583 899 933
6 101 105 167 170 270 545
4 5 49 205 441
10 98 113 352 410 540 611 732 802 934 947
6 82 87 164 361 577 873
3 2 28 227
3 58 75 514
5 91 99 238 458 470
3 21 72 255
7 1 58 177 292 332 418 864
4 100 102 650 855
2 0 4
2 28 101
6 1 98 253 310 607 733
4 4 54 230 900
7 0 4 242 624 691 800 904
3 1 30 498
8 60 96 282 298 388 448 632 656
2 10 117
10 1 54 249 286 306 361 386 709 839 881
6 98 116 161 241 397 929
6 25 91 185 399 487 992
6 44 112 180 411 483 847
5 3 124 335 569 666
2 7 29
4 54 55 252 555
7 12 31 224 312 350 483 565
8 1 27 344 350 351 526 616 844
10 0 1 242 276 285 601 758 860 873 994
2 6 152
4 5 31 325 447
4 21 46 538 878
10 104 136 183 194 348 663 667 806 830 995
4 17 79 501 611
2 44 71
7 69 133 223 260 754 878 930
11 50 87 201 228 415 530 585 599 717 854 964
13 0 113 304 337 501 518 523 661 662 749 865 888 917
3 1 133 489
7 25 110 236 373 728 895 908
3 10 87 655
4 0 85 518 536
4 91 117 276 469
5 22 101 488 603 661
3 11 41 831
5 23 141 213 459 508
3 10 75 316
2 28 70
8 116 154 200 273 351 471 779 784
7 23 50 209 313 314 532 793
3 36 113 315
8 6 164 383 405 462 533 695 843
4 7 35 211 219
5 10 153 301 420 441
4 6 8 225 577
9 7 36 188 202 220 225 419 866 969
5 124 187 210 398 755
7 98 102 454 558 803 816 852
5 66 88 196 210 436
8 1 56 217 321 392 521 845 925
5 54 55 356 387 766
5 1 77 874 902 961
4 82 164 318 928
6 40 131 203 338 568 840
5 25 190 523 637 738
6 8 110 251 380 899 918
4 16 100 628 843
9 40 123 211 222 401 565 633 768 850
3 4 180 369
3 0 168 788
3 121 187 575
3 33 195 922
3 75 114 747
6 64 134 490 544 820 889
5 1 89 281 404 443
2 7 96
13 7 91 349 395 396 575 683 720 772 841 962 964 967
3 40 181 759
3 188 190 547
8 184 199 320 321 337 377 405 563
6 0 102 229 262 326 647
5 94 177 247 599 641
13 9 101 235 259 341 347 452 462 613 651 688 767 903
4 4 17 339 439
2 75 106
3 96 191 222
6 23 37 550 791 809 869
7 127 184 240 277 430 711 726
5 22 187 562 857 908
6 22 41 232 278 581 920
3 199 217 356
3 3 167 241
5 3 158 249 475 691
8 186 187 320 333 409 468 626 744
4 44 89 482 626
3 4 137 392
3 0 168 665
2 129 212
2 7 146
4 25 81 267 804
3 36 221 939
6 0 27 342 481 539 595
3 7 94 986
2 4 214
4 18 171 303 649
3 10 70 363
2 10 139
2 28 69
5 30 219 255 617 954
3 152 223 879
2 147 160
3 6 40 667
5 21 30 322 594 708
2 10 68
2 10 40
6 29 213 329 515 627 774
3 69 98 317
7 151 224 400 465 491 574 842
2 79 86
3 4 197 534
10 22 157 278 377 477 542 660 751 775 927
3 93 145 782
4 23 77 299 660
5 140 240 807 910 940
3 25 88 274
2 52 93
6 0 1 588 759 894 943
3 10 214 973
3 114 167 539
2 35 40
5 82 212 341 369 673
3 6 94 574
2 0 5
2 25 30
6 3 19 391 700 722 829
2 69 231
3 4 50 406
3 22 127 450
6 78 133 297 384 412 417
7 89 103 353 700 818 854 886
3 69 70 646
6 26 180 693 944 969 997
3 7 256 885
2 27 81
2 160 174
8 43 219 383 496 543 785 921 984
4 221 252 494 841
5 1 32 375 459 484
2 31 118
7 5 206 429 582 638 699 916
7 46 149 292 411 447 492 897
2 0 79
2 22 130
5 96 160 440 479 718
3 36 151 332
6 20 104 463 628 631 893
3 8 18 811
2 10 16
2 1 6
7 43 91 380 422 524 653 659
4 141 282 486 870
4 21 104 572 868
4 33 96 401 460
4 2 81 701 781
3 1 44 693
2 3 270
7 75 149 340 354 498 679 682
5 101 254 445 862 943
4 10 113 608 832
5 58 185 365 436 449
4 0 40 531 769
2 124 236
7 26 169 333 366 509 644 654
5 0 43 427 429 991
2 44 151
4 22 51 363 563
7 41 104 347 362 541 564 907
4 8 10 522 597
4 10 145 566 756
6 25 87 366 372 542 646
2 96 158
4 18 181 444 978
5 64 181 642 752 946
4 118 182 819 921
2 1 178
2 65 248
5 6 194 409 503 708
2 13 27
3 211 225 741
3 191 211 567
6 100 244 390 437 516 714
3 1 19 976
4 48 98 359 535
4 11 162 407 750
2 7 212
3 69 83 348
2 5 21
2 18 247
4 12 91 395 451
2 19 43
6 141 286 432 549 649 906
4 225 304 735 792
4 0 33 454 604
2 10 155
2 19 69
4 169 211 476 749
4 27 195 474 945
4 41 215 442 702
2 11 298
2 214 262
5 70 233 671 692 894
3 74 77 388
3 11 159 478
2 25 113
4 0 73 636 934
6 214 308 423 797 881 882
4 164 327 719 866
5 96 208 367 620 831
2 158 159
2 159 180
3 4 135 362
6 75 271 681 725 849 950
4 47 298 500 502
3 1 27 986
2 192 222
3 0 5 995
3 5 17 859
2 8 324
2 8 26
2 136 151
4 308 352 726 813
4 237 307 683 754
2 1 5
5 4 301 481 648 944
2 304 311
3 9 349 989
3 8 112 378
4 200 262 385 681
2 104 124
2 2 105
2 19 311
4 50 171 414 497
3 24 114 832
2 124 279
5 0 4 425 552 739
3 211 252 679
3 0 368 846
3 12 44 580
2 197 291
5 24 76 453 692 776
4 10 35 431 654
2 183 277
3 3 270 506
6 91 369 490 566 864 931
3 75 151 537
2 40 192
3 149 343 999
3 3 94 534
5 7 322 504 756 783
5 53 266 493 644 817
3 191 227 605
3 77 78 795
4 69 111 792 924
3 208 330 744
3 20 208 998
2 100 152
5 0 188 580 585 822
2 69 153
2 4 249
3 199 294 931
2 27 98
3 6 12 643
3 7 206 587
2 183 211
6 8 268 569 584 830 981
4 8 325 798 990
3 7 76 953
4 225 318 413 686
2 21 135
6 154 282 583 588 735 898
3 23 270 977
2 4 409
3 25 373 485
2 10 168
2 5 61
3 16 270 966
2 32 141
2 82 187
4 8 185 527 745
2 5 10
2 79 291
4 31 347 473 531
4 0 24 561 991
3 60 376 472
2 10 114
7 77 305 560 592 685 690 887
4 4 76 631 774
2 281 305
4 50 219 555 716
3 52 382 713
4 43 332 470 789
2 89 119
2 4 70
5 20 25 450 704 914
2 190 301
2 112 322
3 3 17 625
2 7 215
3 30 285 486
3 134 185 827
2 16 339
2 8 206
4 65 313 670 840
5 54 299 505 562 898
2 23 49
2 162 282
3 50 149 833
3 87 301 707
5 269 435 652 790 803
2 36 330
3 127 214 779
3 32 381 936
3 189 334 996
3 40 82 607
3 5 20 979
3 10 100 968
5 54 139 532 633 702
2 177 279
3 28 294 828
2 40 60
4 183 214 554 780
4 13 287 614 757
5 27 77 515 857 914
4 4 249 648 872
2 40 87
3 1 19 509
3 5 225 559
2 58 174
3 139 432 753
3 91 180 706
2 19 425
3 40 423 495
3 104 338 652
4 40 224 712 839
2 31 337
2 10 252
2 13 344
2 107 285
3 30 40 592
2 233 365
2 5 226
6 154 158 510 514 753 907
5 6 279 602 748 870
2 104 414
2 292 440
2 30 153
3 42 175 684
3 13 170 784
5 205 385 586 600 703
2 10 249
3 4 282 680
3 25 391 883
2 50 278
3 4 473 643
4 24 277 676 717
4 18 373 639 972
5 148 298 505 528 965
3 5 7 958
3 101 354 998
3 165 169 548
3 6 354 656
3 72 318 762
2 6 390
5 445 498 543 863 959
4 61 384 570 724
2 58 100
2 70 177
2 304 467
3 100 483 941
3 5 6 752
4 19 113 620 705
4 6 72 530 613
3 138 483 852
2 247 464
5 15 322 570 731 808
3 1 117 600
2 169 173
3 0 22 814
2 0 11
2 68 191
3 34 309 974
2 169 196
3 21 291 612
3 31 104 950
2 4 159
2 60 420
2 112 498
2 21 83
2 168 513
2 302 423
3 181 458 698
2 25 183
2 251 389
3 40 324 582
3 124 173 818
2 21 386
2 3 163
3 233 260 641
3 6 135 627
3 4 308 954
3 252 311 674
2 277 505
4 1 205 637 675
6 21 133 610 961 962 988
2 0 3
3 35 210 901
3 69 501 695
3 25 332 647
2 17 218
3 30 43 838
2 27 376
4 5 96 622 825
5 124 462 721 736 805
2 157 430
2 23 124
2 24 29
2 7 189
2 5 468
2 130 427
2 5 424
2 220 445
2 211 307
2 4 308
3 158 199 795
3 310 385 942
2 5 321
6 8 195 618 694 838 875
2 155 406
4 506 516 635 705
3 19 40 634
2 113 293
3 0 8 671
2 249 263
3 202 208 912
3 52 82 985
3 136 186 712
2 8 55
4 30 54 596 727
2 379 398
2 0 221
2 281 535
2 132 411
2 1 406
2 168 398
2 5 490
2 8 404
2 258 411
2 36 60
3 1 89 993
2 78 106
3 427 480 622
2 89 118
2 35 244
3 54 233 977
2 5 579
2 30 309
2 7 87
2 168 213
3 490 517 723
2 129 160
2 81 484
2 4 175
3 6 334 858
2 75 392
2 44 108
2 145 455
2 8 300
4 4 82 783 791
2 64 545
2 135 165
3 67 524 694
2 214 513
3 7 463 777
3 26 86 781
2 122 159
2 47 240
2 13 568
6 79 117 719 730 742 763
2 349 512
2 77 90
3 553 592 929
4 24 27 642 787
3 48 147 826
2 25 438
2 225 226
2 247 540
4 198 287 655 845
3 45 77 786
2 0 45
2 287 428
3 27 149 709
4 199 458 658 675
3 51 571 900
2 11 570
2 27 346
2 196 544
3 0 281 650
2 104 497
3 6 77 952
2 213 539
2 314 623
2 403 495
2 304 391
3 17 51 903
3 272 311 895
2 212 549
3 365 465 747
2 236 332
2 142 638
2 75 214
2 450 474
2 87 291
2 304 382
2 172 628
2 149 502
2 58 77
4 87 633 842 956
2 61 291
4 252 254 847 948
2 169 175
2 27 169
2 5 164
2 33 52
2 75 228
2 48 155
3 164 243 951
2 3 26
3 2 23 884
2 60 444
4 342 573 690 948
2 41 73
3 101 262 790
2 38 542
2 544 633
2 112 496
2 19 43
2 5 8
2 298 377
2 87 492
3 353 369 980
2 124 298
2 208 363
2 17 488
2 101 427
2 23 409
2 0 52
2 12 214
2 1 5
2 427 671
2 147 224
2 342 381
2 273 296
2 568 612
2 183 548
3 4 31 764
2 5 56
2 45 532
2 56 281
3 266 271 965
2 82 295
2 339 458
4 23 490 716 815
4 10 435 723 853
2 512 570
2 19 471
3 45 449 955
3 244 318 733
2 151 632
4 36 85 821 828
2 26 219
3 475 577 905
2 17 431
2 30 322
2 54 65
2 430 703
2 168 496
3 16 285 987
2 348 619
2 101 208
2 94 554
2 32 266
4 600 704 772 911
3 4 506 799
2 26 353
3 219 362 983
2 13 579
2 4 171
2 3 50
2 41 619
2 128 516
2 23 135
2 145 708
2 8 82
2 333 411
2 98 554
3 101 116 848
2 27 196
2 19 376
4 43 53 897 946
3 15 320 785
3 8 619 935
2 8 22
2 225 395
2 10 420
2 25 52
2 204 648
3 24 484 765
2 169 337
2 8 325
3 17 252 966
3 314 511 975
2 470 483
2 167 363
3 53 188 835
3 310 390 913
2 97 463
2 58 160
2 209 258
3 5 109 949
4 97 112 937 996
2 26 503
2 101 619
2 19 696
3 1 748 827
2 25 192
2 122 214
2 17 199
2 3 302
2 23 50
3 13 24 925
2 208 723
2 25 28
2 247 428
3 87 252 871
2 95 381
2 87 614
2 78 119
2 180 452
4 15 462 985 997
2 295 615
2 52 253
3 390 609 836
2 180 489
2 277 741
2 77 629
2 10 623
2 117 201
2 13 432
2 450 673
2 218 609
2 333 394
3 100 181 823
2 4 9
2 393 565
2 18 93
3 3 347 882
2 21 407
2 3 724
2 23 147
2 4 53
2 11 135
3 189 450 874
2 3 231
3 108 554 823
2 89 164
2 0 255
2 28 516
2 118 218
2 1 87
2 4 288
2 18 124
2 17 362
2 44 519
2 28 703
2 47 189
2 6 391
2 271 536
2 66 315
2 22 205
4 129 710 872 927
2 104 398
2 793 805
2 22 75
2 7 553
2 106 624
2 441 765
2 460 710
2 49 266
2 164 406
2 176 349
2 300 374
2 109 448
3 3 27 967
2 0 755
2 10 783
2 0 31
3 551 568 999
2 151 475
2 195 444
2 208 278
2 249 658
2 183 198
3 72 159 922
2 191 628
2 21 378
2 154 660
2 2 737
2 122 353
2 45 199
3 54 70 917
2 189 514
2 117 704
2 168 271
2 21 142
2 5 40
2 220 464
2 80 604
3 112 358 971
3 36 160 909
3 0 97 890
3 0 299 920
3 51 505 867
2 141 385
3 33 169 956
2 187 348
2 6 863
2 48 293
2 8 218
2 292 484
2 36 775
2 465 821
2 136 160
2 193 803
2 101 568
2 28 68
2 10 25
2 163 167
2 79 241
2 55 119
3 151 347 896
2 347 797
2 98 493
2 22 669
2 40 274
2 121 271
2 10 427
2 6 169
2 8 205
2 49 861
2 18 30
2 27 75
2 7 287
2 258 342
2 171 646
2 1 881
3 282 740 926
2 411 445
2 132 197
2 146 634
2 6 547
2 43 193
3 214 645 947
2 81 147
2 43 712
2 13 332
2 308 483
2 171 220
2 21 860
2 33 255
2 112 723
3 113 575 983
2 27 756
2 435 464
2 27 101
2 130 281
2 169 851
2 13 197
2 23 40
2 221 862
2 277 315
2 203 844
2 52 118
2 85 394
2 191 771
2 119 897
2 252 821
2 96 194
2 152 622
2 91 167
3 385 401 957
2 13 23
2 27 132
2 135 346
2 22 742
2 109 453
2 124 761
2 6 33
2 27 232
2 128 255
2 41 510
2 126 566
2 258 299
2 273 365
2 82 338
2 314 740
2 135 903
2 660 671
2 126 760
2 353 525
2 113 667
2 7 640
2 101 408
2 240 541
2 15 707
2 658 865
2 15 931
2 40 499
2 60 505
2 89 131
2 193 545
2 208 545
2 103 117
2 168 208
2 498 700
2 417 751
2 208 834
2 94 457
2 187 273
2 5 14
2 24 859
2 3 497
2 22 259
2 40 522
3 86 752 980
2 18 323
2 412 595
2 25 313
2 0 456
2 681 975
2 15 406
2 6 16
2 726 912
2 32 277
2 576 780
2 234 355
2 101 718
2 23 545
2 20 367
2 24 407
2 305 424
2 5 153
2 21 590
2 44 160
2 164 357
2 454 761
2 273 780
2 396 500
2 388 838
