100
9 1 3 5 7 9 14 35 54 73
14 0 2 4 17 20 30 31 32 34 35 40 50 57 81
7 1 3 4 17 18 26 28
9 0 2 10 16 21 24 36 57 72
9 1 2 12 15 16 38 39 64 65
9 0 6 12 19 39 47 67 77 80
2 5 82
4 0 8 47 84
2 7 27
4 0 11 18 23
4 3 22 79 96
6 9 22 34 53 58 93
4 4 5 20 36
1 42
1 0
4 4 23 41 63
6 3 4 19 33 50 85
4 1 2 24 55
2 2 9
7 5 16 68 73 78 83 92
3 1 12 40
6 3 68 29 75 77 95
3 10 11 29
4 9 15 45 84
5 3 17 31 51 58
1 92
2 2 66
2 8 41
3 2 70 93
6 69 21 22 37 56 90
2 1 48
4 1 71 24 45
2 1 56
2 16 59
3 1 11 87
3 0 1 90
4 3 12 52 60
4 29 72 38 98
3 4 37 61
4 4 5 69 44
2 1 20
5 15 67 27 42 53
3 13 41 91
1 61
1 39
3 23 31 83
2 74 99
2 5 7
2 30 89
1 75
3 1 16 74
1 24
2 36 80
4 11 41 62 95
2 0 94
2 17 65
2 29 32
2 1 3
2 11 24
2 70 33
1 36
4 66 38 43 82
1 53
2 15 76
3 4 79 89
2 4 55
2 26 61
2 5 41
3 19 21 97
3 29 39 76
2 59 28
1 31
2 3 37
2 0 19
2 50 46
2 21 49
2 69 63
2 5 21
1 19
3 10 64 81
2 5 52
3 1 79 86
4 6 61 97 99
2 19 45
2 7 23
1 16
1 81
2 34 91
1 96
2 48 64
2 29 35
2 42 87
2 19 25
2 11 28
1 54
2 21 53
2 10 88
2 68 82
1 37
2 82 46
