600
36 1 2 3 5 8 9 10 13 18 23 25 31 47 57 60 67 119 129 136 158 169 182 185 200 222 247 264 360 379 384 415 446 515 528 529 589
27 0 3 4 6 19 20 35 38 44 50 51 53 62 99 116 121 128 129 137 152 163 200 215 230 358 389 482
2 0 114
20 0 1 4 9 12 18 56 59 73 95 124 178 179 204 273 300 354 360 463 584
36 1 3 5 6 7 10 25 28 40 43 44 46 48 60 68 78 93 104 119 172 181 195 252 258 264 291 297 317 332 334 347 356 373 400 462 500
21 0 4 11 16 24 34 41 42 71 86 94 111 130 211 311 342 366 376 387 525 595
17 1 4 7 27 30 37 39 41 59 89 146 215 339 340 342 343 397
22 4 6 8 14 16 17 45 47 77 79 125 147 164 165 207 237 274 370 394 404 509 545
20 0 7 11 12 15 30 49 67 89 155 225 255 283 286 379 383 399 464 471 542
4 0 3 171 260
27 0 4 13 14 15 21 22 24 63 72 92 98 139 142 148 187 191 219 225 268 285 289 324 468 494 516 535
7 5 8 32 141 236 243 501
5 3 8 127 238 266
15 0 10 17 20 37 50 82 87 90 101 231 315 487 496 553
3 7 10 58
8 8 10 29 51 75 344 577 578
5 5 7 79 156 302
16 7 13 19 26 27 39 83 133 172 300 363 444 457 472 485 504
13 0 3 21 22 36 38 42 102 186 228 336 544 587
7 1 17 55 204 239 261 466
8 1 13 23 214 278 298 311 593
10 10 18 29 40 131 190 359 524 556 596
10 10 18 56 66 140 176 196 205 223 507
18 0 20 26 28 33 46 48 81 84 95 145 197 305 368 452 486 561 592
12 5 10 31 76 263 267 335 369 407 487 583 594
17 0 4 34 43 70 122 138 198 226 246 298 362 408 483 488 535 588
16 17 23 68 76 80 84 108 128 185 231 281 316 365 407 413 558
10 6 17 114 118 143 188 313 488 505 534
6 4 23 33 125 192 369
12 15 21 82 97 99 109 190 325 329 364 393 544
10 6 8 36 53 54 127 130 210 287 323
4 0 24 32 35
10 11 31 45 57 58 94 107 160 216 429
3 23 28 346
7 5 25 61 147 202 268 361
7 1 31 74 184 308 454 532
3 18 30 436
21 6 13 63 69 80 81 154 157 166 202 272 314 318 321 322 325 353 525 540 561 585
9 1 18 92 141 176 224 242 434 571
4 6 17 109 330
10 4 21 52 208 222 239 295 364 467 551
9 5 6 49 85 107 123 180 266 597
7 5 18 55 410 450 453 522
5 4 25 52 131 212
5 1 4 86 253 506
4 7 32 235 431
6 4 23 111 305 512 543
11 0 7 75 105 135 145 262 293 333 463 486
6 4 23 54 77 223 530
8 8 41 101 199 294 382 429 446
6 1 13 275 467 475 500
12 1 15 61 83 121 126 153 304 312 392 458 523
9 40 43 65 78 106 126 153 383 537
3 1 30 152
6 30 48 108 116 220 478
7 19 42 64 120 288 314 432
2 3 22
2 0 32
6 14 32 69 162 229 401
5 3 6 88 303 458
5 0 4 191 345 534
8 34 51 71 143 187 245 297 523
2 1 64
5 10 37 74 343 519
4 55 62 247 434
10 52 70 100 142 161 173 217 271 398 430
8 22 93 106 197 277 290 316 410
3 0 8 277
5 4 26 85 133 194
3 37 58 526
4 25 65 104 552
9 5 61 72 103 113 203 382 400 464
4 10 71 73 102
2 3 72
4 35 63 88 454
4 15 47 194 586
13 24 26 96 113 135 139 226 306 318 394 440 489 491
4 7 48 151 198
10 4 52 91 97 163 180 296 389 391 503
3 7 16 90
11 26 37 87 105 115 122 165 238 270 320 568
3 23 37 199
5 13 29 170 273 582
3 17 51 490
11 23 26 120 164 174 213 216 227 249 366 567
5 41 68 477 480 528
7 5 44 112 150 235 281 539
8 13 80 91 98 117 156 234 498
13 59 74 100 110 118 140 171 218 338 435 445 481 576
6 6 8 103 117 150 169
7 13 79 132 214 224 328 416
3 78 87 173
4 10 38 138 155
9 4 66 96 123 299 348 438 480 527
8 5 32 112 136 219 246 378 557
6 3 23 161 201 263 289
2 76 93
3 29 78 495
4 10 87 210 391
5 1 29 296 537 565
2 65 88
4 13 49 159 541
3 18 72 484
3 71 89 157
7 4 70 124 149 368 442 570
2 47 80
5 52 66 175 205 309
2 32 41
5 26 54 183 396 508
4 29 39 371 559
4 88 134 137 359
4 5 46 162 301
5 86 94 252 402 501
3 71 76 132
3 2 27 181
3 80 312 319
4 1 54 240 531
4 87 89 423 524
2 27 88
5 0 4 189 448 552
5 55 84 212 217 426
4 1 51 193 271
6 25 80 148 279 329 595
6 41 93 144 284 327 521
4 3 104 377 431
2 7 28
4 51 52 196 367
7 12 30 179 227 250 327 374
6 1 26 250 251 347 519
7 0 1 189 213 396 478 597
3 5 30 236
4 21 43 354 536
4 90 113 146 503
3 17 68 402
5 110 178 201 536 568
9 47 76 158 182 285 349 395 460 581
7 0 94 221 241 428 470 560
2 1 110
7 25 92 186 262 462 547 555
3 10 76 425
4 22 88 330 428
3 11 38 513
3 10 65 230
2 27 61
5 123 206 251 320 492
7 23 47 166 228 229 351 498
5 6 132 269 282 518
4 7 34 168 175
5 10 122 220 286 301
3 104 167 475
6 86 89 310 370 502 506
2 77 167
8 1 53 174 233 276 345 520 564
5 51 52 254 272 483
3 37 160 517
4 8 92 195 550
4 16 87 409 518
9 37 103 168 177 280 374 412 485 522
3 0 135 495
2 101 381
3 32 154 563
3 65 95 469
6 58 111 331 358 507 542
3 1 78 211
2 7 84
8 7 80 249 278 381 443 580 581
3 37 145 479
3 149 151 361
8 147 157 232 233 241 265 282 372
6 0 89 183 203 237 421
4 82 192 395 417
7 9 88 244 248 309 403 484
3 4 17 242
2 65 91
3 84 152 177
6 106 147 208 293 455 461
6 22 38 184 209 384 562
3 157 174 254
2 3 134
5 3 127 193 322 448
2 41 78
3 4 114 276
3 0 135 430
2 108 169
2 35 176
6 0 26 245 326 355 392
2 18 138
3 10 61 257
1 27
2 119 129
3 21 29 234
2 10 60
2 28 170
4 121 179 317 380
2 68 75
3 4 155 352
10 22 126 209 265 324 357 427 472 489 566
4 23 66 218 427
3 25 77 207
2 49 81
6 0 1 388 479 546 572
3 95 134 355
2 34 37
4 71 169 244 435
4 3 19 275 512
3 22 106 307
3 144 573 598
3 7 198 540
4 40 175 269 335
3 176 196 333
2 30 98
6 5 163 292 385 415 559
5 43 120 284 332 548
2 84 129
6 20 90 315 409 411 545
2 1 6
4 32 84 280 313
7 65 120 243 253 337 439 442
5 88 197 304 529 572
4 10 94 399 514
4 54 148 258 306
3 136 259 424
4 0 40 290 292
4 22 48 257 372
7 38 90 248 256 356 373 554
4 8 10 346 393
6 25 76 259 261 357 420
2 84 127
4 18 145 303 588
5 58 145 418 473 574
2 1 142
2 13 26
1 168
3 152 168 376
5 87 190 274 299 344
4 45 86 255 353
4 11 130 283 471
2 7 169
3 12 80 308
2 19 40
4 116 295 362 553
4 136 168 323 470
4 38 172 302 451
2 11 217
2 171 203
5 61 185 433 449 546
2 25 94
3 0 64 413
4 171 224 287 538
5 84 165 260 405 513
2 127 128
2 128 144
3 4 112 256
4 44 217 338 339
2 153 177
2 8 235
4 224 252 461 504
3 187 223 443
5 4 220 326 422 573
2 221 226
3 9 249 593
2 19 226
3 47 138 336
3 24 95 514
5 0 4 288 365 466
3 168 196 439
2 12 41
3 24 449 490
4 10 34 294 424
2 146 208
5 80 331 375 531 569
2 65 121
2 37 153
3 3 82 352
5 7 234 340 476 493
2 50 204
3 152 181 398
3 66 67 499
3 20 165 599
1 122
3 157 216 569
2 26 86
2 146 168
3 8 236 594
6 123 212 386 388 465 549
2 10 135
3 8 148 468
4 30 248 321 350
2 55 264
2 10 95
6 66 222 371 390 445 447
2 4 411
2 211 222
4 47 175 367 459
3 49 268 457
4 40 240 319 496
2 78 99
2 4 61
3 20 25 307
2 93 234
3 3 17 408
3 111 148 510
2 16 242
4 59 228 432 517
4 51 218 341 549
2 23 46
3 76 220 453
4 205 298 497 502
2 35 238
3 106 171 492
1 150
3 5 20 589
5 51 115 351 412 451
3 27 216 511
2 37 55
4 13 214 404 477
2 26 66
4 4 193 422 533
2 37 76
3 115 295 474
2 80 144
3 37 287 334
3 37 179 456
2 30 241
2 10 196
3 29 37 390
2 185 258
4 123 127 474 554
1 90
2 29 122
3 39 140 444
4 162 270 387 452
3 4 212 440
2 47 209
3 4 321 419
4 24 208 438 460
4 18 262 416 584
3 217 341 348
3 88 253 599
3 6 253 426
2 6 274
3 304 337 530
3 5 6 473
4 6 63 349 403
2 15 234
2 60 152
3 33 225 585
2 4 128
2 93 337
2 135 343
1 287
3 145 312 450
2 195 273
3 37 235 385
2 3 131
3 185 201 417
2 4 224
3 196 226 436
4 1 162 414 437
6 21 110 401 579 580 592
2 0 3
2 34 167
3 25 240 421
1 17
2 29 40
2 26 264
4 5 84 406 509
2 126 293
2 23 104
2 24 28
2 7 150
2 109 290
2 168 223
2 4 224
3 127 157 499
1 270
2 5 233
1 124
1 94
3 0 8 433
1 193
3 159 165 557
2 49 71
2 8 52
2 0 176
2 211 353
1 284
2 5 331
2 200 284
3 1 78 596
3 290 325 406
2 78 98
2 51 185
2 29 225
2 7 76
2 135 170
2 108 129
2 6 526
2 65 276
2 8 219
3 4 71 493
2 58 359
2 112 133
2 171 343
3 7 315 491
1 249
2 366 390
4 24 26 418 494
2 25 300
4 156 214 425 520
2 42 66
2 214 291
3 157 312 437
2 26 247
1 358
3 0 211 423
2 90 336
2 170 355
2 229 407
1 334
2 226 547
2 169 362
3 258 317 469
2 117 415
2 221 268
2 139 409
2 120 339
4 196 197 521 575
2 136 140
2 32 49
2 65 182
2 45 124
2 55 303
4 245 379 447 575
2 38 64
3 88 203 497
2 36 357
2 358 412
2 93 335
2 217 265
2 76 332
1 590
2 104 217
2 165 257
2 17 330
2 88 290
2 0 49
2 290 433
2 119 179
2 245 267
2 42 351
2 242 312
4 23 331 459 505
3 42 306 577
4 35 74 508 511
1 175
1 322
2 17 294
2 51 59
2 293 452
2 135 335
3 175 256 591
2 4 138
2 3 47
2 8 71
1 284
2 19 264
4 40 50 548 574
2 10 286
2 161 422
2 136 241
2 8 236
2 17 196
3 229 342 586
2 319 327
3 50 149 515
2 274 558
2 85 315
2 54 129
2 166 200
3 85 93 570
1 88
2 1 510
2 25 153
2 102 171
2 17 157
2 23 47
3 13 24 564
2 25 27
3 76 196 532
2 83 267
2 76 404
2 144 309
3 274 400 516
2 10 407
2 97 158
2 13 295
2 307 435
2 87 145
2 277 374
2 4 50
2 11 112
2 150 307
2 78 132
2 17 256
2 27 452
2 44 150
2 22 162
4 108 454 533 566
2 7 366
2 301 482
2 313 454
2 46 204
2 141 249
2 219 263
2 0 475
2 10 493
2 154 303
2 146 156
3 63 128 563
2 152 409
2 123 427
2 42 157
3 51 61 560
2 21 117
2 5 37
2 69 397
2 93 583
3 0 85 543
3 0 218 562
2 48 341
2 116 270
2 35 489
2 317 508
2 27 60
2 10 25
2 131 134
2 52 99
1 248
1 86
2 37 207
1 101
2 8 162
2 46 528
2 18 29
2 7 214
2 200 245
2 138 420
3 212 467 565
2 284 304
1 155
1 40
2 70 119
2 13 240
2 224 327
1 138
1 21
3 94 381 591
2 26 476
2 109 211
2 136 523
2 23 37
2 176 529
2 160 519
2 152 487
2 99 548
2 196 508
1 84
2 80 134
3 270 280 578
2 104 480
1 38
2 200 218
2 206 258
2 229 467
2 427 433
1 88
2 15 453
2 15 569
1 359
2 165 359
2 135 165
1 82
2 24 527
2 3 336
2 37 346
3 75 473 590
1 18
2 25 228
2 0 311
2 441 586
2 461 557
2 23 359
2 20 260
2 24 283
2 5 122
2 21 389
2 41 129
1 206
2 278 338
