600
28 1 2 3 4 9 16 19 68 71 83 85 118 219 236 256 264 269 293 303 361 365 368 431 441 474 513 565 579
34 0 5 8 11 13 23 28 44 53 60 61 97 99 126 142 225 238 271 288 297 306 329 341 356 374 425 494 510 511 521 529 539 556 564
52 0 3 4 5 11 12 14 20 24 25 29 31 34 40 60 73 77 81 92 94 103 106 113 116 127 150 156 158 167 171 185 201 208 209 217 224 228 229 251 264 298 321 339 340 396 412 422 451 500 540 561 592
30 0 2 6 7 10 15 23 29 54 55 67 86 95 132 147 182 184 281 282 323 367 408 412 417 428 492 509 522 528 535
13 0 2 7 92 102 111 114 145 187 237 331 371 435
11 1 2 6 10 51 70 97 239 331 569 591
32 3 5 8 12 13 17 24 41 44 56 69 71 88 99 119 124 131 137 149 155 198 226 234 258 262 275 332 351 388 408 489 582
9 3 4 102 125 288 338 481 484 504
17 1 6 9 30 87 96 106 172 214 217 223 274 286 375 376 420 549
20 0 8 16 21 22 35 43 47 82 90 108 169 174 204 291 373 520 536 554 586
7 3 5 21 70 86 186 196
22 1 2 26 32 49 51 62 117 123 139 159 166 190 199 243 268 283 305 380 450 526 593
14 2 6 14 17 25 120 151 173 207 263 298 467 568 576
15 1 6 15 33 36 41 42 46 95 255 334 424 452 462 497
4 2 12 214 559
22 3 13 27 31 79 91 100 133 135 144 151 157 189 203 220 287 309 401 417 426 475 511
22 0 9 18 20 56 67 78 83 89 96 135 155 200 283 295 312 333 383 445 512 568 595
22 6 12 18 19 22 26 30 42 47 50 68 69 73 77 105 111 127 131 156 349 416 499
9 16 17 38 89 219 309 421 582 584
12 0 17 33 45 76 88 116 205 299 350 487 577
3 2 16 588
7 9 10 39 52 84 121 459
3 9 17 383
13 1 3 27 28 35 36 46 64 98 124 152 315 502
12 2 6 34 74 169 170 183 185 256 434 473 537
7 2 12 38 63 177 362 583
8 11 17 40 58 101 275 386 391
8 15 23 62 65 267 291 354 365
18 1 23 54 66 100 119 158 179 186 188 203 265 278 341 387 399 515 525
5 2 3 32 216 407
11 8 17 49 55 64 104 165 178 385 406 429
9 2 15 52 157 176 418 425 442 455
4 11 29 50 110
3 13 19 163
11 2 24 37 39 138 167 191 198 202 207 290
11 9 23 37 53 57 195 249 314 378 524 598
4 13 23 80 85
8 34 35 59 80 120 391 478 507
4 18 25 141 395
7 21 34 115 175 225 294 512
12 2 26 58 59 61 72 109 112 404 419 468 530
7 6 13 45 230 335 352 531
9 13 17 57 164 180 243 312 317 330
6 9 377 423 472 522 552
4 1 6 87 250
2 19 41
12 13 23 48 78 179 241 286 359 435 499 502 577
5 9 17 66 305 316
2 46 436
8 11 30 65 74 233 374 429 476
8 17 32 222 229 289 363 488 503
5 5 11 108 200 349
3 21 31 306
6 1 35 72 260 402 564
7 3 28 84 154 575 578 589
6 3 30 109 240 446 460
5 6 16 322 486 581
7 35 42 118 130 171 183 192
9 26 40 81 160 189 227 470 546 572
3 37 40 128
9 1 2 204 205 206 210 254 361 434
3 1 40 224
12 11 27 63 101 113 137 176 184 216 270 304 428
5 25 62 193 273 440
5 23 30 153 401 544
6 27 49 75 107 122 399
9 28 47 121 168 232 257 384 563 566
9 3 16 140 166 227 262 324 344 355
8 0 17 128 134 201 293 415 559
3 6 17 508
3 5 10 440
9 0 6 75 76 91 148 174 223 317
3 40 53 347
2 2 17
3 24 49 390
13 65 71 82 130 146 220 277 371 446 476 510 544 596
3 19 71 177
5 2 17 103 161 464
4 16 46 390 520
3 15 197 254
5 36 37 159 354 505
8 2 58 90 122 132 134 430 500
2 9 75
4 0 16 117 245
2 21 54
4 0 36 136 321
3 3 10 310
5 8 44 311 329 454
5 6 19 386 414 587
8 16 18 94 98 105 154 466 573
4 9 81 142 545
7 15 71 235 311 369 426 523
2 2 4
4 123 140 194 272
4 2 89 104 162
5 3 13 304 360 400
5 8 16 143 172 529
14 1 5 144 148 238 285 314 362 384 433 452 457 541 558
3 23 89 381
3 1 6 324
3 15 28 508
7 26 62 149 170 393 409 524
2 4 7
2 2 77
7 30 94 252 253 266 377 576
6 17 89 139 378 381 515
4 2 8 129 456
4 65 212 339 562
5 9 51 110 332 396
5 40 55 136 251 285
9 32 108 125 126 228 328 558 592 594
5 4 17 112 115 194
3 40 111 182
4 2 62 114 536
4 4 113 337 346
3 39 111 173
5 2 19 213 259 397
4 11 83 372 382
7 0 57 175 180 516 548 584
3 6 28 555
4 12 37 152 260
6 21 66 162 307 398 490
4 65 81 143 279
4 11 93 485 575
6 6 23 231 509 551 567
3 7 110 147
5 1 110 145 313 535
5 2 17 430 448 532
4 59 68 138 357
6 106 165 276 480 493 546
5 57 75 164 181 326
2 6 17
2 3 81
1 15
4 68 81 168 486
5 15 16 241 411 594
3 85 109 307
3 6 62 547
2 34 128
3 11 105 356
4 67 93 206 432
3 38 192 308
3 1 90 493
5 96 122 153 178 250
2 15 97
5 4 126 246 358 380
3 75 370 597
6 3 125 320 503 554 585
3 71 97 441
6 6 101 333 334 337 342
7 2 160 397 462 480 552 557
5 12 15 190 232 471
4 23 120 255 494
3 64 143 492
5 54 89 181 210 595
3 6 16 402
4 2 17 271 295
9 15 31 163 245 267 280 421 456 553
4 2 28 191 215
3 11 80 302
2 58 150
3 77 248 249
6 94 121 300 336 445 556
3 33 157 187
3 42 130 242
3 30 129 299
2 11 67
4 2 34 247 343
2 66 134
2 9 24
4 24 101 320 471
4 2 57 215 274
4 8 96 209 461
2 12 115
3 9 71 438
3 39 118 208
3 31 62 281
2 25 76
3 30 143 221
5 28 46 222 235 525
6 42 118 253 277 315 483
2 130 154
4 3 112 212 555
6 24 57 276 278 318 393
2 3 62
5 2 24 323 442 448
2 10 28
2 4 163
4 28 296 387 466
4 15 58 364 590
5 11 151 211 265 338
2 34 158
2 57 141
6 63 197 221 259 513 581
7 93 111 226 292 363 376 394
5 35 218 289 413 469
2 10 273
6 79 193 302 322 353 427
3 6 34 596
2 11 268
3 16 51 269
4 2 68 414 560
1 34
6 15 28 231 236 266 443
3 9 60 366
3 19 60 263
3 60 140 364
4 12 34 313 465
3 2 175 282
3 2 172 406
7 60 154 213 244 258 301 488
4 190 400 404 463
2 107 182
2 116 210
3 8 14 327
2 158 171
2 29 62
4 2 8 410 561
3 195 325 350
4 0 18 294 468
3 15 75 541
4 178 193 450 574
4 50 179 416 439
6 8 71 230 270 484 504
3 2 61 272
2 1 39
5 6 194 233 410 449
2 58 67
2 2 110
2 2 50
2 41 223
3 124 203 246
4 66 151 287 405
2 49 226
2 6 392
3 91 179 347
5 0 203 284 475 570
4 4 252 385 518
3 1 97 479
1 5
2 55 352
3 46 135 327
2 164 444
2 11 42
1 210
3 83 157 375
4 145 231 477 496
2 167 583
1 161
2 35 161
2 44 143
2 2 109
2 104 237
3 104 180 292
5 60 79 284 355 531
5 13 152 319 403 533
2 0 24
1 66
3 6 210 514
3 116 193 501
3 53 120 301
1 567
2 6 67
2 12 205
2 0 2
4 28 190 342 407
2 104 203
3 27 157 530
2 11 199
2 0 200
2 62 223
7 1 156 318 346 360 424 591
2 93 224
3 63 196 501
4 8 171 379 548
2 6 26
2 129 183
4 75 180 457 461
4 28 183 326 340
2 122 303
2 157 547
3 3 176 436
3 3 208 415
3 11 16 336
2 236 254
4 97 109 328 394
4 8 46 296 580
2 15 232
3 1 7 438
4 50 195 382 479
2 34 358
8 9 27 308 319 351 353 464 542
2 194 253
4 0 68 335 388
4 39 219 297 474
2 16 156
3 188 286 569
2 1 294
3 2 12 344
2 19 165
1 162
3 210 260 330
2 159 197
2 0 279
4 62 95 427 482
4 11 47 345 579
4 1 52 517 593
2 121 136
2 141 291
2 15 18
2 86 411
2 87 91
3 16 42 368
3 126 207 496
3 35 97 413
3 23 180 458
2 47 507
2 42 71
3 183 271 343
3 255 291 571
2 147 170
3 2 85 373
2 56 197
2 3 185
4 67 99 348 379
1 218
2 130 278
2 214 241
2 110 285
2 1 87
5 42 301 370 519 542
3 4 5 540
3 6 108 571
4 16 149 458 588
2 13 149
2 41 293
3 162 283 482
3 114 149 463
2 7 190
4 2 107 369 599
2 2 278
4 1 28 431 538
2 149 265
3 167 318 419
3 67 298 527
1 305
3 114 271 573
3 72 235 489
1 324
3 17 51 566
2 19 218
3 6 291 392
3 41 240 372
4 197 291 405 449
3 27 80 470
3 67 254 495
2 1 139
1 128
4 145 290 389 398
1 46
2 95 271
4 0 60 409 506
3 25 97 439
2 50 194
3 189 206 367
2 0 27
1 204
2 3 364
2 0 312
2 91 339
3 146 330 587
2 4 75
2 117 352
2 9 321
2 1 49
2 8 245
2 8 194
2 43 104
2 35 105
2 274 324
3 11 145 589
2 98 105
2 117 289
3 16 22 534
2 66 97
2 30 237
2 26 88
3 28 188 498
2 6 293
1 358
2 74 78
2 26 37
2 234 351
2 101 183
2 194 285
2 38 487
2 2 108
3 116 150 491
2 121 358
2 28 65
2 95 211
2 15 64
2 53 155
2 255 467
2 40 211
2 232 353
2 30 209
2 29 265
2 3 6
4 101 361 422 590
2 217 226
2 135 310
3 2 3 551
2 195 314
2 88 201
3 68 282 444
4 17 222 527 598
2 3 15
2 31 433
2 40 343
2 8 543
2 18 157
2 2 409
1 43
3 13 271 539
3 1 31 498
2 15 91
3 197 304 490
2 3 62
3 30 49 518
2 81 127
2 0 341
3 140 447 560
2 97 418
5 24 60 451 528 553
4 4 46 437 526
3 48 281 478
1 435
2 174 288
2 222 362
2 63 70
2 0 148
3 31 185 447
1 203
2 242 415
3 16 162 497
3 55 75 453
3 432 442 506
2 127 185
2 226 353
2 11 221
2 2 434
3 13 97 483
1 446
2 87 481
1 31
2 106 157
2 97 277
3 315 333 533
1 21
1 55
2 172 277
2 13 150
2 211 337
3 77 291 557
1 207
2 89 188
2 12 403
2 40 219
1 195
2 58 354
2 151 170
1 43
2 24 543
2 0 294
2 15 236
4 49 75 562 572
1 246
2 37 436
2 238 289
2 129 150
2 7 454
3 304 336 491
3 180 452 523
2 7 223
1 123
3 56 134 514
2 19 395
2 50 210
2 6 347
3 121 427 537
2 397 482
3 3 153 550
3 129 142 538
2 1 152
2 355 521
3 246 313 574
2 13 445
2 387 425
2 17 46
3 2 81 578
3 259 273 534
2 23 46
2 50 147
2 7 223
1 80
2 361 447
2 37 316
2 69 100
2 3 124
2 1 75
2 1 15
2 16 39
2 0 193
2 258 486
2 28 105
1 118
1 306
2 237 429
1 330
2 9 78
3 1 495 563
2 3 43
2 91 483
2 35 101
2 28 179
2 11 435
2 344 416
2 3 434
2 1 96
2 40 267
2 41 254
1 127
2 255 458
2 383 501
2 3 126
2 9 113
2 24 490
2 341 493
2 1 424
2 2 331
2 97 220
2 291 330
2 420 473
2 64 75
1 90
2 58 129
3 137 280 599
3 118 274 549
2 8 548
1 492
2 124 412
2 43 150
2 157 434
2 9 147
2 119 182
2 1 162
2 150 464
2 97 110
2 14 68
2 201 432
2 2 217
2 107 476
2 66 521
3 1 53 565
2 0 564
2 66 349
2 124 261
2 12 16
2 5 296
1 236
2 319 332
2 58 476
2 89 346
2 221 496
2 54 123
2 12 104
2 19 46
2 54 500
2 0 305
1 286
2 56 193
2 6 18
2 25 247
2 18 118
1 147
1 9
2 88 370
2 20 333
2 54 380
2 189 409
2 5 271
2 2 110
2 11 306
2 110 135
2 16 154
2 75 198
1 146
2 35 416
2 339 547
