100
9 1 2 5 6 10 19 30 31 47
15 0 4 5 7 8 9 10 22 26 55 67 71 76 77 80
15 0 3 11 17 20 21 22 37 39 43 51 65 81 82 95
9 2 4 11 12 19 28 37 78 97
7 1 3 7 17 61 64 99
7 0 1 12 13 15 36 51
2 0 50
5 1 4 16 31 77
2 1 91
4 1 25 33 65
5 0 1 21 57 69
7 2 3 15 20 58 73 93
5 3 5 24 28 63
1 5
4 67 23 38 79
3 5 11 42
4 7 43 72 93
7 2 4 32 53 56 72 98
3 68 55 61
4 0 3 26 40
2 2 11
4 2 10 27 53
9 1 2 25 29 34 49 79 86 92
4 66 14 27 54
3 12 69 32
4 9 22 60 75
7 1 19 29 48 86 90 96
3 21 23 80
3 3 12 71
3 22 26 85
3 0 70 34
3 0 7 59
4 17 24 50 74
2 9 40
4 22 30 44 48
1 52
6 5 68 39 49 52 54
2 2 3
2 14 90
2 2 36
4 19 33 41 97
2 40 42
3 15 41 94
2 2 16
1 34
1 64
1 62
1 0
3 26 34 81
2 22 36
3 66 6 32
2 2 5
3 78 35 36
2 17 21
2 23 36
2 1 18
1 17
1 10
3 11 88 59
5 31 74 89 58 60
2 25 59
2 4 18
2 46 98
1 12
2 4 45
2 2 9
2 50 23
2 1 14
2 18 36
3 10 24 84
1 30
2 1 28
4 16 17 95 96
1 11
2 32 59
1 25
1 1
3 1 7 83
3 3 52 87
2 14 22
2 1 27
3 2 48 89
1 2
1 77
1 69
1 29
2 22 26
1 78
1 58
4 81 59 91 99
2 26 38
2 8 89
1 22
2 11 16
1 42
2 2 72
2 26 72
2 3 40
2 17 62
2 4 89
