100
15 1 2 7 9 10 15 24 27 32 34 38 47 57 87 92
8 0 4 5 13 19 22 24 53
10 0 6 8 12 14 19 40 58 78 97
6 5 7 20 43 49 67
4 1 6 26 67
3 1 3 12
6 2 4 9 10 20 37
5 0 3 11 29 51
8 2 13 32 38 55 70 89 95
4 0 6 30 46
4 0 6 16 25
3 7 30 31
4 2 5 29 75
3 1 8 34
7 2 15 31 39 45 59 68
4 0 14 81 92
3 10 68 41
1 45
2 35 37
6 1 2 21 33 44 64
7 3 6 23 26 73 82 90
1 19
3 1 27 51
3 20 80 86
3 0 1 87
1 10
2 4 20
4 0 22 36 56
1 73
5 7 12 35 36 46
3 9 11 62
3 11 14 88
3 0 8 47
2 19 65
5 0 13 76 44 91
3 18 71 29
4 27 29 60 65
2 6 18
2 0 8
3 14 50 53
2 2 55
3 16 42 62
2 80 41
4 3 84 54 89
2 19 34
2 14 17
3 9 29 66
2 0 32
1 94
3 3 56 64
1 39
3 7 22 83
3 75 61 96
3 1 70 39
1 43
3 8 79 40
3 27 76 49
3 0 77 79
1 2
2 14 93
2 72 36
1 52
3 30 41 88
4 69 71 85 96
2 19 49
2 33 36
1 46
3 3 4 90
2 14 16
1 63
3 8 53 99
6 63 35 81 91 98 99
1 60
3 20 28 98
1 85
2 12 52
2 34 56
1 57
1 2
2 55 57
2 23 42
2 15 71
1 20
1 51
1 43
2 74 63
1 23
2 0 24
2 31 62
2 8 43
2 67 20
2 71 34
3 0 15 94
1 59
2 48 92
1 8
2 52 63
1 2
2 71 73
2 70 71
