600
52 1 2 3 4 5 11 17 19 21 22 23 25 35 40 41 45 47 49 53 55 56 67 75 83 92 99 120 122 124 129 148 155 167 189 190 218 221 225 228 290 293 298 305 328 339 350 368 484 524 529 542 586
18 0 3 4 6 15 21 27 51 100 154 170 187 273 274 336 358 463 503
13 0 6 31 39 72 111 116 146 175 284 316 332 596
18 0 1 5 37 38 44 57 63 128 141 144 209 289 352 371 502 511 578
28 0 1 8 9 29 30 32 42 48 56 86 98 119 123 128 136 189 255 268 345 348 357 382 469 473 496 506 568
39 0 3 7 10 14 19 28 34 42 44 50 59 61 70 73 74 81 83 100 131 142 158 168 174 188 202 206 224 243 261 336 418 420 421 430 493 553 555 575
21 1 2 7 9 11 12 24 43 50 85 107 143 178 182 216 282 342 360 384 507 594
27 5 6 8 12 16 40 47 52 54 57 62 65 88 91 105 154 185 197 213 217 245 275 295 423 480 499 504
20 4 7 10 62 71 72 89 125 180 192 226 238 275 276 300 345 360 461 495 554
13 4 6 18 25 28 82 85 101 171 176 179 198 269
21 5 8 13 17 23 43 45 84 122 141 159 173 193 243 271 401 417 536 548 554 594
18 0 6 13 15 16 24 26 33 96 98 129 146 149 164 172 204 323 577
13 6 7 14 52 58 59 60 79 473 490 505 572 597
7 10 11 93 162 207 289 405
11 5 12 29 155 240 278 433 447 508 546 569
9 1 11 20 22 118 287 308 317 515
5 7 11 46 107 125
11 0 10 18 64 77 78 97 208 341 384 492
11 9 17 26 33 66 69 112 217 308 340 402
9 0 5 30 49 53 222 415 446 485
2 15 37
8 0 1 104 188 210 260 288 383
10 0 15 34 74 111 335 454 512 513 538
11 0 10 32 36 68 106 134 196 229 439 442
6 6 11 94 198 379 523
7 0 9 27 41 95 248 362
12 11 18 76 78 91 97 109 214 313 389 526 573
8 1 25 172 177 193 334 397 471
13 5 9 31 63 69 80 96 135 150 195 225 437 557
17 4 14 38 65 70 76 79 117 121 124 221 232 251 252 285 414 561
10 4 19 36 48 156 205 215 234 237 408
4 2 28 315 344
4 4 23 242 444
3 11 18 157
9 5 22 35 64 156 230 310 321 365
2 0 34
10 23 30 138 161 259 280 319 349 365 366
8 3 20 58 117 186 258 304 401
10 3 29 51 80 90 115 256 272 325 354
5 2 87 153 292 437
5 0 7 211 280 449
4 0 25 555 585
11 4 5 46 103 110 116 127 183 281 326 515
14 6 10 54 89 201 257 386 393 409 438 443 458 510 535
5 3 5 110 561 571
7 0 10 66 126 180 323 576
5 16 42 279 425 460
6 0 7 158 329 455 570
9 4 30 82 92 157 250 254 422 574
2 0 19
7 5 6 135 207 213 490 595
6 1 38 81 223 241 446
7 7 12 68 102 164 407 545
9 0 19 55 86 94 113 201 402 439
4 7 43 138 552
15 0 53 60 171 177 178 194 320 343 344 418 457 472 479 531
5 0 4 209 296 347
4 3 7 90 338
11 12 37 61 93 105 140 227 239 324 527 595
10 5 12 165 212 231 411 471 493 560 564
6 12 55 137 307 474 483
6 5 58 75 161 195 216
6 7 8 73 133 388 552
14 3 28 67 99 113 142 147 232 255 295 297 364 422 518
9 17 34 71 151 182 186 302 389 586
7 7 29 118 242 248 346 543
9 18 45 88 108 163 222 394 462 569
8 0 63 84 240 307 392 419 590
8 23 52 136 151 194 219 262 590
4 18 28 77 436
5 5 29 203 467 500
10 8 64 134 139 162 192 199 452 558 597
6 2 8 303 313 331 533
6 5 62 131 457 533 589
6 5 22 179 205 294 348
5 0 61 95 140 456
4 26 29 249 269
3 17 69 212
6 17 26 114 200 370 530
2 12 29
7 28 38 87 148 220 270 581
4 5 51 270 373
5 9 48 327 414 503
2 0 5
3 10 67 153
7 6 9 112 147 220 260 325
2 4 53
5 39 80 190 230 579
4 7 66 101 324
4 8 43 203 337
7 38 57 109 130 166 404 470
4 7 26 229 432
8 0 48 132 223 228 283 475 488
3 13 58 108
5 24 53 123 292 386
5 25 75 175 215 563
7 11 28 115 132 208 367 441
3 17 26 176
2 4 11
3 0 63 380
7 1 5 114 210 276 481 567
2 9 88
11 52 106 130 137 224 264 385 403 430 459 545
6 42 174 294 330 399 583
3 21 297 405
5 7 58 247 266 507
4 23 102 133 513
3 6 16 236
2 66 93
3 26 90 317
5 42 44 166 263 564
9 2 22 139 191 244 265 375 406 435
3 18 85 121
4 53 63 126 464
2 78 100
4 38 96 145 353
4 2 42 349 387
2 29 37
5 15 65 310 314 484
5 4 322 435 525 588
5 0 144 149 520 550
3 29 112 235
5 0 10 299 489 570
3 4 94 160
3 0 29 333
5 8 16 409 429 461
3 45 113 168
2 42 231
11 3 4 184 227 274 302 378 388 478 505 526
4 0 11 560 583
8 90 102 143 226 235 298 355 359
3 5 73 272
3 92 96 330
5 62 106 160 187 485
3 23 71 321
7 28 50 159 181 258 265 311
7 4 68 199 296 318 356 452
6 60 102 233 266 527 592
8 36 54 218 335 358 366 374 381
6 71 111 197 286 516 521
3 58 75 152
4 3 10 368 582
3 5 63 320
3 6 130 251
2 3 120
2 115 204
3 2 11 191
3 63 85 181
5 0 80 351 424 580
4 11 120 462 466
1 28
6 64 68 173 290 382 406
4 140 328 363 581
2 39 84
3 1 7 306
10 0 14 184 202 214 245 249 253 312 331
6 30 34 233 236 268 433
3 33 48 541
4 5 47 278 333
2 10 135
2 123 133
5 36 61 165 252 355
6 13 71 273 305 369 487
1 66
5 11 52 364 376 509
2 59 161
3 90 110 267
3 0 206 398
3 5 126 256
2 301 346
3 1 287 376
3 9 55 339
3 11 27 500
4 10 151 183 395
4 5 103 237 504
3 2 95 431
5 9 97 312 356 544
5 27 55 200 246 354
6 6 55 247 309 456 587
2 9 74
5 8 45 263 529 599
3 135 147 185
5 6 64 271 391 508
2 42 173
3 128 155 434
3 7 181 501
3 37 64 540
9 1 133 327 337 410 443 479 541 568
3 5 21 373
3 0 4 448
4 0 87 196 377
2 111 146
2 8 71
2 10 27
2 55 68
3 28 61 477
6 23 190 219 264 277 592
4 7 139 261 281
3 9 24 259
3 71 136 284
2 78 177
7 43 53 299 380 419 423 450
3 5 155 429
2 70 89
8 11 145 311 434 469 474 476 486
2 30 74
8 5 167 234 239 301 351 378 549
5 13 50 267 369 536
3 17 96 338
6 3 56 238 241 253 578
3 21 100 596
2 40 453
2 59 77
4 7 50 246 539
3 26 155 448
3 30 95 519
5 6 61 283 326 537
5 7 18 262 372 556
4 0 138 293 441
2 68 196
3 80 85 521
3 0 29 391
2 19 66
2 51 92
3 5 102 286
3 0 28 288
2 8 130
3 58 128 244
3 0 92 400
2 23 91
3 34 87 571
4 59 127 334 559
2 29 63
2 137 156
2 30 206
3 121 130 291
3 107 156 591
3 30 174 425
3 8 209 277
3 58 206 316
4 14 67 417 514
3 51 209 458
2 32 65
3 5 10 412
3 111 227 300
6 7 155 254 363 454 495
2 177 213
2 105 178
2 25 65
3 76 155 279
2 48 306
3 29 143 574
5 29 161 257 547 562
3 155 209 396
2 48 245
5 4 63 535 542 566
5 38 168 315 343 551
3 43 252 480
2 37 135
5 36 198 377 519 547
5 21 85 282 415 549
2 5 197
3 68 217 540
3 110 180 400
2 102 196
2 111 135
2 105 137
2 166 207
2 4 156
4 9 76 375 385
2 80 81
2 10 182
3 38 131 303
4 1 162 420 464
5 1 128 352 440 512
2 7 8
2 8 100
6 196 238 332 416 543 550
5 14 158 359 427 524
2 46 249
4 36 40 428 468
2 42 197
2 6 260
2 92 216
2 2 199
4 29 362 460 598
4 139 224 329 379
2 15 170
2 21 225
4 3 13 371 381
6 0 151 342 412 427 432
1 235
3 39 94 532
3 0 218 463
2 74 103
2 7 63
4 56 136 319 548
2 63 104
5 0 130 370 532 567
2 122 201
5 8 244 347 357 398
3 169 206 475
3 64 128 304
2 72 272
4 37 302 392 517
3 0 162 438
3 154 250 424
2 60 67
2 15 18
2 178 416
5 34 118 361 445 528
2 135 204
2 155 176
2 26 72
1 118
2 31 256
3 2 239 340
2 15 109
4 136 393 491 551
2 36 296
2 55 142
2 34 134
1 119
4 11 45 367 525
3 58 88 426
3 38 85 562
3 42 216 582
3 82 187 350
2 0 152
3 47 286 341
2 103 132
3 72 155 395
2 2 277
2 124 158
5 27 231 465 501 588
3 22 138 496
5 1 5 403 481 520
2 89 187
3 57 208 436
2 0 171
2 18 316
2 17 329
2 6 290
2 55 256
3 31 55 573
3 4 8 431
4 65 169 447 486
3 56 300 472
4 4 74 387 440
3 36 116 477
2 0 327
3 148 206 534
2 3 274
2 115 372
2 38 177
2 130 161
3 136 176 517
3 4 300 444
2 1 138
2 130 278
3 6 8 510
2 310 587
2 25 285
3 152 245 394
4 63 164 453 556
2 34 36
2 36 138
4 96 323 390 451
2 0 141
2 162 207
2 78 298
3 3 289 476
2 217 353
2 81 188
1 138
2 111 269
2 164 170
2 190 259
2 128 206
2 24 286
2 99 201
2 138 289
2 4 151
1 21
3 6 17 488
2 102 269
2 43 94
2 116 348
4 62 128 494 514
3 26 64 426
3 367 404 575
2 182 221
2 67 304
3 43 318 492
2 66 363
3 173 331 546
1 253
2 27 491
2 167 300
1 103
2 228 263
2 10 37
2 18 53
3 102 336 598
2 90 390
2 13 104
4 111 151 411 522
1 52
2 30 558
2 43 125
3 187 421 572
2 59 406
2 243 290
1 522
2 29 82
2 19 260
2 277 309
2 10 240
2 5 55
2 67 201
2 5 273
2 5 410
2 48 63
2 7 201
4 148 306 459 593
2 46 237
2 324 389
2 278 290
1 280
3 125 202 468
2 5 102
2 175 345
2 91 290
3 14 156 483
2 184 204
2 111 119
4 69 338 470 511
2 28 39
3 43 305 502
2 23 53
2 274 348
2 96 218
1 23
2 43 187
4 32 357 466 563
1 310
2 19 51
3 14 346 591
2 189 214
1 40
3 201 518 565
1 367
3 71 136 489
2 211 364
2 22 245
1 47
2 75 178
2 55 73
2 43 241
2 102 424
2 46 285
3 8 125 482
2 66 149
2 1 293
2 113 273
1 334
2 149 444
1 70
3 280 429 498
3 4 204 497
2 90 436
2 27 59
2 55 347
2 4 12
2 60 204
2 92 301
2 204 371
2 195 349
1 128
2 55 187
2 7 257
2 100 336
1 461
2 60 433
4 0 118 530 537
2 19 133
2 204 346
1 162
3 92 384 528
2 122 452
2 12 50
2 318 397
2 17 393
2 5 59
1 388
2 8 245
3 4 335 579
1 469
1 468
1 7
3 70 172 585
3 185 334 565
2 3 438
2 1 82
2 7 174
2 12 128
1 4
2 6 105
2 14 182
1 164
2 43 360
2 3 436
2 22 274
2 22 106
2 240 388
2 15 42
1 139
2 304 356
3 63 450 544
2 215 259
2 120 336
4 139 220 593 599
2 406 413
1 24
2 0 278
2 119 323
2 26 128
2 58 137
2 310 488
2 0 180
2 78 484
1 55
2 292 298
2 72 73
1 351
2 43 255
2 10 207
2 216 484
1 22
1 213
2 186 262
2 157 187
2 0 255
2 65 277
2 176 518
2 52 102
2 14 395
2 252 259
2 10 296
2 206 260
2 120 277
3 256 318 584
2 54 62
1 5
3 8 10 577
2 5 41
2 217 364
1 28
2 71 408
1 231
2 59 129
2 29 44
2 252 325
2 95 444
2 59 110
2 450 501
1 255
3 100 298 576
2 4 187
2 14 66
2 47 122
2 44 230
2 12 410
2 26 344
2 48 251
2 5 390
2 45 567
2 11 554
2 3 209
2 87 496
1 148
2 80 152
2 141 326
3 103 129 584
2 551 583
2 41 500
2 0 64
2 178 361
2 119 334
1 73
2 67 68
2 236 447
2 137 196
2 424 521
2 6 10
2 50 58
2 2 210
2 12 71
2 285 403
2 180 521
