1000
23 1 2 4 5 6 12 15 17 41 60 114 148 152 180 289 369 380 591 597 712 821 875 883
29 0 3 8 16 29 30 50 60 111 112 133 135 139 213 219 233 316 319 399 403 453 459 538 565 618 644 795 847 958
62 0 3 4 5 7 8 9 11 13 14 19 20 22 48 51 53 65 67 68 77 87 98 112 117 120 138 140 141 169 177 214 263 274 298 300 309 315 328 339 345 402 435 442 471 519 537 544 564 577 594 606 609 621 630 662 729 734 765 779 853 861 869
30 1 2 39 56 61 65 71 80 145 159 163 205 210 261 276 285 296 324 336 343 366 391 453 493 585 672 686 703 790 922
33 0 2 6 7 9 14 38 47 64 69 88 94 102 127 129 155 185 234 240 347 361 461 522 541 592 648 688 725 874 876 898 931 939
38 0 2 10 17 25 33 42 45 57 62 67 84 85 110 135 154 160 178 198 226 232 335 346 422 443 509 622 700 706 764 769 804 864 872 916 956 973 976
16 0 4 31 46 157 194 239 256 297 391 482 560 665 685 855 935
58 2 4 11 20 21 30 44 53 54 61 93 113 127 130 134 143 171 195 208 247 267 292 304 319 325 334 341 344 364 387 426 428 446 476 478 489 532 578 580 600 652 657 690 719 721 749 850 857 860 867 870 900 908 909 924 949 979 987
35 1 2 10 13 16 19 21 23 37 57 64 79 113 130 132 164 218 221 229 302 320 357 358 481 551 582 586 659 699 721 743 822 862 885 971
13 2 4 23 26 51 126 153 173 292 353 387 495 860
35 5 8 12 27 34 36 37 38 41 70 72 90 94 119 138 146 148 149 176 247 258 273 290 296 311 328 343 549 567 599 601 619 624 753 757
12 2 7 128 194 274 316 341 714 742 773 838 905
31 0 10 15 18 22 39 42 43 45 106 165 202 220 235 392 438 441 478 479 507 535 555 557 689 734 760 839 866 884 923 937
3 2 8 282
21 2 4 18 28 35 43 44 76 79 103 123 189 249 250 363 442 577 628 863 895 959
18 0 12 58 84 93 117 125 151 167 215 232 330 332 503 633 744 766 984
21 1 8 54 96 111 191 327 347 405 425 485 507 516 523 596 654 765 768 780 814 820
15 0 5 24 27 31 32 47 76 88 156 223 338 385 797 973
20 12 14 25 40 105 110 137 142 154 161 275 295 317 326 339 359 403 500 877 996
16 2 8 24 29 50 190 203 244 278 558 574 618 628 718 932 984
12 2 7 28 74 381 384 398 407 494 692 747 927
7 7 8 49 213 378 801 940
10 2 12 86 91 171 408 480 484 510 735
10 8 9 26 46 430 579 635 649 733 889
6 17 19 136 156 317 740
6 5 18 158 205 417 896
4 9 23 477 994
18 10 17 33 34 78 126 129 204 251 373 416 506 584 647 770 807 849 885
22 14 20 49 69 72 75 114 169 268 287 295 337 401 434 464 467 612 681 699 724 890 948
13 1 19 35 56 97 158 160 216 483 659 695 756 903
12 1 7 55 62 134 137 236 368 523 768 832 997
6 6 17 32 63 379 593
24 17 31 36 59 73 99 150 191 198 206 278 286 329 351 366 367 433 436 517 662 729 785 812 826
7 5 27 233 668 676 955 982
3 10 27 475
6 14 29 40 48 122 791
8 10 32 66 119 125 352 363 810
7 8 10 52 87 92 575 633
6 4 10 195 335 421 534
6 3 12 132 381 481 673
9 18 35 89 98 100 166 252 788 961
8 0 10 96 234 375 413 543 752
6 5 12 143 497 598 879
4 12 14 116 941
23 7 14 52 58 78 83 115 121 122 136 170 280 285 336 360 412 435 452 495 697 790 897 926
5 5 12 243 294 827
5 6 23 464 552 557
15 4 17 55 82 91 131 142 164 242 279 310 423 441 483 621
3 2 35 350
3 21 28 258
4 1 19 73 905
2 2 9
17 37 44 90 100 118 223 255 279 362 598 608 623 657 687 731 824 891
12 2 7 181 216 304 418 429 445 630 648 772 806
11 7 16 86 99 139 200 261 367 410 527 980
18 30 47 59 75 81 101 107 187 236 241 245 291 350 393 619 847 929 954
8 3 29 68 95 193 445 638 936
13 5 8 104 155 182 201 264 281 484 492 519 582 741
8 15 44 63 284 331 431 531 767
7 32 55 80 297 305 394 595
7 0 1 123 161 177 269 873
6 3 7 71 77 83 462
3 5 30 66
5 31 58 176 355 644
6 4 8 70 215 418 639
3 2 3 265
5 36 62 109 286 904
15 2 5 81 115 140 175 184 219 287 308 356 458 540 844 878
6 2 56 184 241 353 887
6 4 28 199 200 673 722
18 10 64 89 162 170 175 181 246 289 322 377 390 414 499 650 674 953 954
4 3 61 101 794
6 10 28 74 105 614 675
11 32 50 108 162 199 266 386 708 743 773 976
9 20 72 82 147 151 299 599 836 886
8 28 55 230 293 645 704 910 925
5 14 17 342 437 550
2 2 61
9 27 44 260 310 362 454 653 844 845
14 8 14 150 168 197 209 212 333 449 569 613 669 763 919
11 3 59 144 146 271 430 456 551 636 874 923
24 55 67 85 92 120 147 174 183 221 253 294 314 372 424 502 529 587 604 617 625 902 915 988 999
15 47 74 102 149 173 186 202 243 346 416 440 463 494 691 745
2 44 61
4 5 15 106 556
3 5 81 305
6 22 54 333 396 533 856
3 2 37 795
19 4 17 95 97 107 145 179 211 225 254 300 376 406 508 563 566 825 864 991
7 40 70 133 436 594 963 975
3 10 52 329
5 22 47 246 267 277
3 37 81 805
7 7 15 284 472 738 969 994
10 4 10 103 166 196 264 501 521 664 684
3 56 88 222
7 16 41 104 318 330 511 837
16 29 88 124 159 197 225 231 235 273 298 314 415 427 451 778 888
4 2 40 393 485
2 32 54
14 40 52 168 203 212 242 302 361 383 400 595 637 728 906
19 55 71 108 109 116 118 128 224 248 399 413 576 597 682 716 760 786 917 970
6 4 82 187 251 311 469
2 14 94
7 57 96 178 538 636 683 813
3 18 72 283
3 12 84 552
8 55 88 144 209 511 516 585 593
7 73 101 163 189 386 588 775
9 66 101 188 231 355 368 376 482 965
3 5 18 475
5 1 16 238 365 803
4 1 2 182 913
5 7 8 410 567 914
4 0 28 933 951
12 44 67 167 250 263 356 405 617 638 660 679 871
3 43 101 269
6 2 15 260 470 525 934
5 52 101 270 432 781
7 10 36 121 124 455 761 975
3 2 81 487
3 44 119 408
5 35 44 739 797 888
4 14 60 131 190
6 97 119 288 460 690 901
10 15 36 214 320 409 546 611 726 793 815
7 9 27 153 201 404 698 805
2 4 7
4 11 101 651 682
6 4 27 210 224 458 762
7 7 8 491 536 629 707 726
4 47 123 411 935
6 8 39 262 309 637 649
3 1 89 207
5 7 30 321 693 869
8 1 5 349 448 486 581 607 613
6 24 44 141 262 380 389
4 18 30 429 722
4 2 10 447 536
4 1 54 661 666
3 2 67 452
3 2 136 157
6 18 47 172 288 520 643
6 7 42 532 592 912 932
3 80 107 752
3 3 88 186
6 10 80 152 174 497 709
3 74 81 365
7 0 10 220 237 352 439 655
4 10 82 192 701
8 32 79 185 472 611 798 843 957
3 15 74 655
2 0 146
7 9 126 306 313 337 395 515
5 5 18 465 709 960
13 4 57 172 211 615 678 695 803 833 854 894 938 988
5 17 24 217 863 909
11 6 141 230 370 477 642 646 660 930 990 998
6 25 29 165 248 620 687
7 3 97 179 226 307 383 602
10 5 29 204 207 237 371 720 789 826 858
5 18 60 461 572 670
2 70 73
5 3 108 377 815 827
7 8 47 255 275 338 385 663
3 12 158 586
6 40 94 193 560 732 868
3 15 115 245
8 79 100 188 291 440 450 802 942
3 2 28 222
2 44 70
3 7 22 762
10 142 155 228 240 271 325 689 742 786 840
4 9 82 180 522
6 81 146 626 708 748 759
3 67 70 875
5 10 63 217 656 920
4 2 60 471 829
4 5 104 283 744
7 88 159 183 192 535 981 992
2 0 173
2 53 70
7 57 112 227 257 451 725 881
5 81 179 252 710 818
2 67 68
5 4 150 467 518 548
7 82 145 228 259 479 503 509
3 55 102 545
12 109 168 244 256 272 307 398 459 460 488 771 993
3 14 108 334
5 19 123 711 816 950
3 16 32 526
6 149 179 208 589 622 652
9 56 166 196 229 272 318 542 831 919
7 6 11 206 227 249 265 942
4 7 38 239 694
8 94 193 277 290 301 423 568 624
8 79 97 218 312 331 564 693 755
3 5 32 883
6 69 73 322 415 754 931
5 54 69 505 580 780
8 57 126 351 579 616 796 911 922
8 12 82 266 308 727 769 852 877
5 19 100 694 702 858
4 27 160 540 600
8 3 25 257 412 541 575 603 746
3 32 194 702
6 133 160 450 550 719 812
4 7 192 670 840
3 79 107 960
3 3 129 882
4 88 155 276 422
3 79 100 925
2 1 21
7 2 125 303 444 561 639 737
10 15 64 270 348 396 514 677 819 872 882
4 29 53 764 830
2 156 176
3 8 197 254
6 1 67 732 735 776 969
3 12 148 937
2 8 81
3 95 169 943
7 17 52 327 375 696 801 977
5 101 129 554 818 921
3 88 97 379
3 5 159 967
2 182 194
4 172 186 238 736
4 8 193 730 813
6 75 157 259 714 777 828
2 97 109
2 5 15
9 1 33 303 344 404 620 792 871 893
4 4 41 419 691
6 12 97 313 321 437 566
4 30 55 342 947
7 148 160 323 357 473 499 851
5 111 228 517 542 820
5 6 195 253 374 713
3 4 172 301
3 55 68 895
2 47 100
7 45 82 524 706 728 799 938
3 19 188 345
3 55 167 448
2 70 91
4 7 10 324 513
4 101 158 282 834
5 14 194 268 426 671
8 14 115 390 420 531 559 733 996
6 27 102 443 663 787 819
6 40 183 505 553 609 810
11 81 239 280 293 382 392 470 474 608 739 990
2 88 218
4 52 164 323 359
4 6 188 754 967
3 182 205 910
9 10 49 354 370 402 432 446 449 539
4 186 230 774 962
6 78 117 395 414 455 642
5 3 54 306 656 927
3 132 136 401
2 2 115
2 57 94
5 65 194 417 498 843
5 73 202 371 717 755
4 7 91 281 584
2 28 249
3 60 116 835
3 118 215 668
2 80 172
3 188 193 986
10 10 97 487 512 591 632 645 705 711 788
3 2 11 508
5 18 164 710 908 983
4 3 211 364 972
6 91 196 425 604 697 993
5 19 32 373 650 890
7 47 52 374 629 751 898 964
3 44 253 866
7 57 267 486 616 643 675 771
6 13 248 421 491 492 590
4 105 178 433 524
3 58 93 978
5 3 44 299 388 480
3 32 66 825
3 28 67 666
2 124 142
6 0 70 332 369 411 978
3 10 196 521
3 55 168 431
3 7 9 606
5 75 253 583 713 831
3 45 81 394
3 18 28 878
4 3 10 605 817
3 6 59 312
2 2 97
4 74 285 409 886
3 2 88 899
2 196 240
5 8 100 326 447 605
4 214 233 349 924
6 7 53 502 529 759 763
2 59 85
3 153 261 406
2 159 188
11 67 202 315 457 462 474 501 544 634 720 893
3 2 132 974
3 47 78 528
4 10 102 766 891
5 197 297 340 490 500
2 153 235
5 81 97 457 667 972
7 2 308 340 465 631 634 939
9 1 11 514 548 578 603 851 892 998
4 18 24 466 635
4 96 193 654 964
4 1 7 389 539
5 8 125 348 526 692
4 134 235 512 865
2 70 199
2 237 255
3 3 247 913
2 7 172
4 18 302 358 434
4 16 223 679 777
4 2 10 454 756
2 32 90
7 15 96 384 397 731 746 828
3 58 197 884
4 15 289 683 928
3 79 86 623
2 7 189
2 5 38
2 3 44
2 28 153
3 17 164 372
4 2 18 360 496
2 312 315
5 7 11 424 880 933
3 76 236 681
3 3 10 354
2 7 233
2 2 244
2 5 82
3 4 16 715
3 215 320 468
2 135 303
3 48 55 466
2 32 201
3 36 148 911
3 9 68 518
3 258 343 737
2 63 109
3 67 115 757
4 8 237 581 747
3 8 326 770
4 18 255 632 944
10 44 339 378 400 456 515 537 569 793 892
4 4 100 504 700
3 52 78 943
3 14 36 513
4 7 276 573 676
2 111 147
3 3 32 961
2 32 54
9 30 109 382 463 545 571 573 853 856
2 0 289
4 157 258 473 800
4 160 266 510 680
4 81 338 688 809
2 27 278
3 239 279 952
2 41 223
2 88 109
5 70 163 388 783 963
4 21 360 555 563
6 31 225 498 576 588 664
6 0 136 407 533 583 808
2 20 39
2 253 368
3 100 159 785
3 20 330 444
4 17 164 427 527
6 73 108 543 631 641 855
2 7 9
5 285 377 493 704 794
5 136 319 570 665 701
3 70 250 572
3 3 6 707
5 12 253 397 640 717
4 55 98 490 802
3 59 294 476
5 153 260 439 601 677
3 86 215 496
2 330 392
2 20 188
2 1 101
3 100 360 724
3 28 262 534
6 2 258 658 784 841 981
3 1 18 783
3 126 233 918
3 16 115 946
6 88 306 438 504 525 920
3 20 380 610
5 22 121 559 946 948
4 125 299 798 837
4 54 113 419 829
3 131 289 989
2 44 205
2 41 101
4 70 260 547 807
3 97 199 528
2 27 82
4 25 265 420 703
3 53 64 488
4 234 410 468 661
2 250 417
4 38 282 428 912
3 5 211 879
2 47 196
2 81 341
2 16 277
3 7 249 841
2 97 385
2 7 421
4 53 137 965 983
2 23 80
2 58 291
2 118 258
3 32 283 906
2 28 326
2 2 44
5 32 89 469 782 970
4 76 235 612 806
3 12 406 824
2 148 395
3 82 168 651
4 12 47 489 565
3 2 14 796
3 5 251 672
2 214 384
2 53 56
3 7 258 571
2 138 302
5 135 245 549 678 696
2 79 258
2 168 207
2 97 182
3 44 140 896
3 1 3 846
2 78 328
2 119 260
2 80 360
3 308 314 799
7 67 129 587 698 811 823 917
3 1 188 779
2 124 188
2 4 161
3 61 308 738
2 82 368
3 28 46 667
3 154 315 838
2 317 350
2 28 185
4 348 419 574 907
2 102 436
2 117 253
3 2 177 774
3 93 150 556
2 237 370
3 253 308 979
3 34 110 712
4 7 394 945 997
3 26 157 934
2 7 12
2 12 186
3 22 285 918
4 8 39 530 554
3 6 109 562
3 29 47 520
2 22 57
3 16 98 506
2 135 281
2 120 273
3 188 418 625
2 7 441
3 312 393 626
3 130 282 674
2 57 282
2 3 388
8 20 82 561 718 758 775 784 809
3 9 44 705
2 339 396
3 42 146 570
2 265 379
4 70 237 936 986
2 18 312
2 94 308
2 81 304
3 15 186 985
2 361 406
2 200 252
2 27 485
3 12 16 589
4 88 274 553 876
5 5 186 547 562 842
2 22 371
2 96 107
2 273 321
3 247 363 915
2 215 316
2 153 360
3 16 107 530
2 32 238
4 185 353 607 789
3 2 57 941
3 142 483 684
2 94 290
5 4 173 602 817 889
2 16 30
2 243 283
2 117 406
3 191 320 653
3 54 385 715
2 310 415
4 81 304 627 808
2 481 516
4 58 250 568 776
2 7 143
2 86 380
3 38 401 590
4 12 179 647 658
3 130 138 669
3 2 360 800
4 1 104 610 615
2 258 319
3 67 204 791
2 4 205
4 193 238 546 750
2 41 386
2 2 308
3 187 368 944
2 125 542
3 414 509 835
2 185 316
3 10 448 928
3 76 207 767
5 8 80 558 646 772
2 46 106
2 252 508
2 224 481
2 12 378
2 84 472
3 12 46 995
2 19 551
2 250 408
3 6 166 880
2 214 494
2 482 509
2 88 378
2 2 197
2 1 441
2 88 235
3 10 113 823
3 196 531 865
4 79 360 750 753
2 389 497
2 368 446
3 161 390 685
2 364 368
2 19 468
2 37 205
2 101 379
3 2 14 745
2 7 316
2 23 201
2 7 200
3 135 357 680
2 8 57
2 293 380
5 27 267 640 741 870
2 3 107
2 8 165
2 81 458
2 108 379
2 192 507
4 282 534 627 859
2 0 273
5 4 143 641 845 904
4 31 107 596 782
2 2 89
2 59 100
2 16 593
2 0 101
2 42 52
3 10 74 962
2 7 204
2 10 395
2 159 522
2 205 316
4 81 277 614 873
2 296 302
3 2 292 736
2 135 518
3 52 253 686
4 2 252 940 945
3 407 538 857
3 125 150 921
2 28 437
3 79 135 727
2 72 604
2 155 538
2 201 281
3 81 115 671
3 1 19 982
2 10 55
2 158 233
2 2 47
6 5 192 833 900 966 991
2 52 333
2 10 196
2 81 488
2 174 490
2 529 590
2 14 19
2 130 279
2 2 53
2 315 386
2 273 359
2 15 37
4 308 315 792 816
2 23 317
4 80 104 881 901
3 100 132 899
3 56 115 804
2 64 214
2 392 584
4 386 592 748 850
2 157 260
2 142 281
3 1 63 821
2 75 273
2 157 551
5 27 535 930 949 989
2 4 53
2 23 132
2 70 278
3 128 440 730
2 7 192
3 78 526 887
3 16 318 929
3 148 151 778
2 176 261
2 7 52
2 402 535
2 8 29
2 115 157
2 139 419
3 2 32 830
2 164 251
2 94 379
2 6 389
2 139 287
2 314 464
3 33 270 781
3 79 536 950
3 161 208 848
2 249 617
2 3 443
2 39 69
4 70 491 751 907
2 72 281
3 33 364 849
2 215 395
2 155 448
3 115 327 758
2 371 581
2 28 342
2 101 128
2 104 332
2 94 520
2 6 572
4 3 608 723 861
2 52 158
2 4 372
2 12 172
2 7 124
3 82 234 987
2 20 320
3 134 197 952
4 195 203 716 787
2 29 155
3 223 448 740
2 44 277
2 126 458
4 8 28 749 957
3 5 361 956
3 149 389 723
2 203 206
2 3 417
3 75 388 980
2 273 495
2 5 243
2 130 391
2 73 174
3 146 154 761
2 183 275
2 190 273
2 0 475
2 239 293
2 11 230
2 347 527
2 101 694
2 266 392
3 19 494 867
2 7 207
2 160 308
2 7 8
2 69 137
2 686 701
2 28 400
3 4 182 999
2 125 130
2 202 613
3 100 243 846
2 2 32
3 229 651 814
3 52 330 839
2 166 219
2 23 250
3 2 12 992
2 22 219
2 228 606
2 214 354
2 93 462
2 122 253
2 24 696
2 57 584
2 11 172
2 8 73
2 15 178
2 82 577
2 205 330
3 20 357 852
3 174 641 903
2 7 699
2 542 569
2 279 674
2 41 144
3 10 569 862
2 199 256
3 197 266 822
2 29 328
2 10 356
2 494 679
3 174 304 968
2 12 101
2 119 709
3 129 171 902
2 79 304
2 5 216
2 2 16
3 15 311 968
2 58 550
2 16 30
2 5 202
3 27 358 966
2 188 281
2 53 551
2 11 73
2 259 471
2 108 494
2 219 531
2 230 327
2 97 655
2 2 459
2 16 200
3 118 668 971
2 436 593
2 377 403
2 402 494
2 32 383
2 101 172
2 251 694
2 40 273
2 160 518
2 3 44
2 35 540
3 233 634 854
2 125 360
2 71 388
2 1 87
2 201 442
2 17 122
2 150 409
2 243 457
3 370 537 811
2 21 223
2 168 393
2 111 155
3 5 638 834
2 92 126
2 53 437
2 27 414
2 380 529
2 372 494
2 36 252
3 458 800 859
3 32 207 832
3 104 229 848
2 16 730
2 125 163
2 190 634
3 296 522 836
2 183 224
2 215 251
2 16 238
4 0 644 842 953
2 8 755
2 458 567
2 52 438
3 88 286 868
2 32 160
2 45 163
2 230 330
2 177 410
2 216 662
2 193 293
2 30 812
2 155 622
2 248 804
2 269 547
2 74 817
2 96 409
2 11 465
2 12 731
2 172 208
2 402 426
2 509 821
2 150 265
2 67 78
2 78 592
2 453 728
2 1 55
2 670 813
2 27 676
2 7 641
2 237 316
2 202 747
2 2 368
2 155 792
2 6 386
3 86 368 947
2 7 610
2 160 203
3 590 811 959
2 7 9
2 2 686
3 8 753 916
3 14 156 974
2 5 88
3 321 568 894
3 12 280 914
2 7 718
3 166 825 897
3 2 134 985
3 7 584 926
2 115 233
2 5 215
2 60 604
2 4 80
2 0 175
2 4 508
2 18 202
2 67 295
2 42 422
2 341 560
3 182 636 995
2 210 215
3 0 198 955
2 12 331
2 8 27
2 74 299
2 68 653
2 97 122
2 23 522
2 28 278
2 52 311
2 316 360
2 233 308
2 155 865
2 14 241
2 25 452
2 44 868
3 4 279 951
2 300 637
2 7 622
2 124 636
2 81 762
2 29 748
2 66 592
2 11 50
2 100 433
2 468 674
2 7 275
2 7 156
2 75 257
2 201 352
2 143 421
2 112 324
2 113 866
2 81 513
2 5 862
2 101 458
2 404 480
2 79 193
2 176 406
3 224 611 958
2 3 201
2 12 80
2 7 303
2 75 212
2 44 870
2 20 261
2 332 549
2 55 654
2 157 647
2 4 199
2 19 143
2 114 341
2 117 477
2 6 131
2 56 499
2 12 220
2 155 243
2 4 315
2 21 609
3 43 519 977
2 168 194
2 222 362
2 359 545
2 476 609
2 405 408
2 236 856
2 28 408
2 7 647
2 190 669
2 114 898
2 374 693
2 70 821
2 55 70
2 33 883
2 5 700
2 150 699
2 1 921
2 14 859
2 154 209
2 40 366
2 259 599
2 89 377
2 279 318
2 109 429
2 622 770
2 226 256
2 759 766
2 93 219
2 101 436
2 8 781
2 276 314
2 5 17
2 309 863
2 89 119
2 5 73
2 223 941
2 284 289
2 7 474
2 54 704
2 179 402
2 33 618
2 275 429
2 15 19
2 503 869
2 272 499
2 7 691
2 81 155
2 411 647
2 157 253
2 88 622
2 179 734
2 188 277
2 26 93
2 557 881
2 18 250
2 30 476
2 157 316
2 81 725
