200
16 1 2 3 4 6 9 32 34 49 56 79 90 165 177 192 193
12 0 2 3 6 7 13 19 36 61 106 151 178
4 0 1 29 120
15 0 1 4 8 10 13 17 19 30 36 37 42 47 78 92
3 0 3 5
3 4 14 15
13 0 1 7 12 20 22 24 26 43 50 53 97 166
26 1 125 6 8 11 15 16 23 28 29 35 39 40 43 49 50 52 57 64 67 70 85 87 95 137 156
9 3 7 21 30 33 89 98 112 195
6 0 18 45 58 71 126
10 3 11 12 42 65 72 80 88 123 170
6 7 10 16 75 86 158
3 6 10 162
11 1 3 18 34 41 54 60 104 121 140 151
4 5 31 92 150
9 125 7 5 17 58 69 82 83 141
5 7 11 74 100 184
5 3 15 27 38 84
5 9 13 28 37 41
6 1 3 131 60 124 173
3 6 25 31
7 8 25 73 146 158 171 185
6 6 46 66 74 102 193
4 7 32 82 118
5 6 48 101 115 160
2 20 21
5 6 33 51 139 172
2 17 149
3 7 18 52
5 2 128 7 57 169
3 3 8 177
2 14 20
2 0 23
7 8 26 38 40 69 102 144
3 0 13 103
7 7 127 55 91 108 119 146
4 1 3 44 99
3 3 18 138
4 129 17 33 121
2 7 155
6 130 7 126 33 113 183
5 13 18 142 175 190
4 3 10 47 94
3 6 7 171
6 138 143 36 62 77 90
2 9 111
2 22 54
3 3 42 107
5 24 99 105 160 194
4 0 7 141 81
3 6 7 119
2 26 110
3 7 28 93
5 6 78 105 122 187
4 13 136 46 83
2 35 185
2 0 153
2 7 29
2 9 15
2 76 180
2 13 19
2 1 81
4 44 148 68 114
1 124
2 7 117
3 10 145 68
2 22 161
3 7 79 196
3 154 62 65
2 15 33
1 7
3 9 153 189
4 130 10 181 190
3 21 164 165
2 16 22
2 11 86
1 59
3 44 147 118
2 3 53
7 0 142 156 67 98 117 180
2 10 93
3 139 49 61
2 15 23
3 15 54 168
4 17 163 170 189
2 7 168
2 11 75
2 7 108
2 10 132
1 8
2 0 44
2 35 97
4 3 14 132 164
3 52 80 95
3 42 115 187
6 7 137 155 159 93 112
1 107
3 129 6 91
2 8 79
4 36 48 152 162
1 16
1 24
2 22 33
1 34
1 13
2 48 53
2 1 114
3 47 96 111
2 35 87
2 135 144
3 51 157 116
3 135 45 107
2 8 95
2 40 166
2 62 106
2 24 94
1 110
2 64 79
2 23 77
3 35 50 188
1 2
2 13 38
1 53
1 10
3 19 134 63
3 15 7 184
2 9 40
2 35 197
2 29 145
3 38 97 149
2 40 72
1 19
3 92 88 188
1 172
1 124
2 111 109
1 54
2 7 95
2 44 37
2 26 81
2 13 148
2 15 49
4 79 41 169 174
1 44
2 33 109
2 128 65
2 21 35
2 77 167
3 140 62 182
3 129 27 179
1 14
4 1 13 161 186
1 99
4 71 56 178 181
1 68
3 39 95 191
4 7 79 194 198
1 110
3 11 21 176
2 95 199
2 24 48
2 151 66
3 12 99 174
1 84
2 92 73
2 0 73
2 6 113
1 147
2 85 83
2 29 142
2 10 84
2 21 43
2 133 26
1 19
2 142 162
2 41 195
1 158
2 0 30
2 1 153
1 149
2 59 79
2 153 72
2 148 196
1 40
2 125 16
2 21 55
1 151
3 53 94 197
2 132 119
2 71 84
2 41 72
1 155
1 0
2 0 22
2 48 156
2 8 175
2 67 182
2 127 187
1 156
1 159
